74.73	63.24	1	1
3.98	94.78	442.31	11
45.35	28.9	260.29	12
23.29	46.13	51.62	16
17.74	18.66	107.68	14
85.27	56.82	241.88	9
41.46	45.05	184.15	24
61.5	10.35	496.67	21
17.7	26.58	200.81	15
18.69	96.68	182.51	6
56.25	97.13	353.69	14
19.33	38.08	434.08	20
40.66	89.59	201.78	6
16.65	18.55	334.98	23
77.38	26.32	172.16	11
98.28	60.3	470.33	18
58.97	1.46	95.31	2
34.92	34.95	227.78	21
43.26	26.31	352.14	17
74.31	27.98	339.85	1
72.5	30.49	341.79	24
99.05	4.7	93.45	11
89.53	13.08	406.47	8
46.73	22.23	179.76	6
74.14	96.13	403.82	9
42.22	6.72	429.56	18
9.44	3.38	212.46	1
17.8	99.9	89.33	20
74.38	75.96	67.59	2
36.98	35.6	319.54	18
2.79	45.27	413.19	22
78.73	40.59	154.22	9
24.83	25.39	100.19	20
29.63	41.43	69.89	7
44.41	62.76	77.31	16
61.38	54.78	415.05	6
92.28	51.01	432.66	3
89.59	43.38	171.13	20
52.21	44.41	317.33	12
19.08	29.17	302.36	21
54.44	73.32	332.76	5
7.46	14.33	487.01	4
69.33	85.44	309.08	17
55.88	23.01	130.17	5
86.04	89.52	427.17	2
71.4	70.41	476.21	10
28.01	94.35	489.93	18
35.71	63.36	391.22	23
24.39	28.87	230.18	16
86.99	60.89	103.4	8
1.35	20.04	156.85	8
38.38	68.44	183.22	0
48.61	10.94	67.01	6
9.99	74.43	180.71	18
66.16	26.68	369.96	13
76.44	93.03	86.62	11
12.36	17.3	64.68	0
95.86	42.62	403.61	20
25.08	14.21	107.13	3
83.44	28.37	168.42	15
41.35	54.11	322.23	24
93.12	62.69	481.38	5
71.92	49.96	441.15	11
26.59	8.46	273.38	21
78.84	94.22	379.45	1
34.86	24.58	363.49	1
95.6	13.91	86.47	6
29.89	28.78	303.89	9
44.41	56.56	234.61	8
60.52	41.2	234.11	1
49.19	7.94	329.28	13
54.42	28.53	125.28	12
19.68	44.57	232.17	21
36.43	28.23	135.76	3
54.43	66.02	100.17	16
10.69	12.89	137.38	13
96.9	27.57	467.22	1
10.05	12.76	378.15	12
64.9	99.6	206.83	20
38.81	87.45	232.35	7
15.67	18.46	334.29	9
65.04	70.5	259.59	23
76.04	24.79	279.47	5
4.22	10.97	456.6	20
82.09	1.53	244.17	14
50.41	87.75	489.42	20
92.67	40.52	440.23	11
5.64	51.26	498.99	15
66.5	91.96	350.62	13
40.16	84.65	179.2	17
84.13	10.39	289.4	1
90.58	48.46	369.07	7
30.36	60.79	338.69	12
31.96	77.75	161.04	18
88.01	27.42	414.41	12
97.28	4.79	338.98	24
68.82	79.43	293.19	8
36.43	90.96	485.77	10
79.13	3.7	207.17	22
41.15	34.23	371.28	9
91.15	27.95	150.68	7
84.26	33.23	457.79	10
63.21	84.53	354.09	7
22.39	21.57	57.29	7
13.99	93.62	99.11	18
53.25	4.85	362.92	21
65.98	8.91	139.43	12
5.58	49.39	270.96	15
20.88	75.46	434.17	9
60.23	88.46	436.65	16
96.86	45	252.71	11
86.4	27.07	335.75	9
12.28	34.41	65.68	10
71.82	10.42	423.37	22
28.7	49.83	471.56	4
74.98	90.87	409.22	20
48.42	18.51	378.77	13
69.87	10.07	113.81	12
7.93	5.18	475.95	8
7.57	83.09	364.88	6
66.07	69	266.52	17
38.34	6.1	373.7	23
16.96	57.69	98.46	9
51.52	75.73	65.34	11
85.64	0.9	241.51	5
56.97	11.02	457.08	3
13.8	76.45	487.16	20
97.36	64.13	466.64	3
38.01	56.37	361.52	6
27.48	7.72	444.2	8
70.18	14.29	261.81	24
8.83	82.89	385.64	9
65.85	56.68	199.91	18
59.87	92.33	298.38	20
69.32	29.06	476.69	13
71.94	2.59	445.99	15
50.04	23.47	262.48	19
59.8	52.99	116.1	21
38.56	46.16	172.5	10
55.8	69.84	207.36	17
4.63	18.15	275.11	22
84.83	88.7	454.96	15
18.96	72.88	402.54	13
61.27	5.38	166.47	17
4.95	47.4	491.8	6
21.93	26.47	271.12	18
27.69	9.99	297.21	9
49.57	48.18	346.81	20
20.02	65.18	166.6	8
47.91	26.4	102.83	13
20.33	63.58	163.01	7
10.17	46.13	288.41	24
40.43	96.77	367.28	7
61.54	1.74	237.92	10
44.96	4.81	135.59	4
21.95	88.94	313.26	12
10.55	52.33	372.5	14
91.57	51.95	459.77	24
97.36	55.93	223.37	0
10.58	84.86	134.17	15
88.99	63.22	404.44	8
89	20.55	127.68	3
38.58	40.77	499.06	3
50.75	2.17	239.22	18
98.82	8.32	497.61	12
95.97	11	255.74	19
12.67	64.95	54.62	13
85.66	19.16	224.96	10
11.55	85.59	289.77	12
8.61	80.55	107.11	6
5.23	19.85	154.22	1
45.23	16.23	309.54	11
17.64	24.04	264.1	10
78.26	69.84	79.27	9
35.04	27.64	449.35	6
57.56	79.52	480.29	6
42.75	23.07	360.53	8
23.49	0.4	243.34	9
82.96	79.03	86.53	5
14.61	62.24	256.6	18
44.06	23.53	257.16	11
39.44	64.62	252.98	15
41.27	65.75	477.06	20
40.49	88.83	110.92	14
24.55	92.55	411.81	15
48.6	78.55	277.93	16
25.14	31.44	367.34	9
61.81	99.44	185.62	18
91.99	5.22	241.36	8
17.87	70.32	232.09	7
92.42	90.99	352.79	17
9.91	77.16	238.55	21
20.18	79.2	114.1	1
19.8	50.9	290.34	5
16.23	70.32	159.13	3
1.51	46.89	302.44	0
58.8	18.19	203.47	19
50.67	95.1	265.4	6
55.78	35.16	69	12
45.16	74.09	88.23	12
77.06	36.84	115.09	19
