Data for Vehicle routing problem with drones - Author: Huyen Do Thi Ngoc
Number of depots: 2
Number of cities: 100
Number of trucks: 2
Number of drones: 8
Area: 100 100 50
Customer maximum demand: 500
Max capacity of truck: 200
Max energy of truck: 5000
Max capacity of drone: 2
Max energy of drone: 50
1 57.81 54.46 3.48
2 3.54 31.54 9.32
1 6.07 93.13 3.63 125.92 10 42 2
2 20.92 79.53 18.15 374.86 12 17 2
3 43.67 24.79 28.73 226.43 21 40 1
4 34.64 64.34 30.08 407.15 7 48 2
5 49.81 0.40 10.93 156.05 20 34 2
6 98.32 35.64 49.91 470.82 8 19 2
7 28.87 18.39 31.85 425.36 10 45 1
8 97.53 3.17 26.46 104.49 11 34 1
9 88.55 31.05 10.32 95.15 15 40 2
10 23.54 95.54 33.70 412.24 8 38 1
11 11.14 68.66 9.99 200.45 16 24 1
12 92.50 74.35 31.18 478.21 7 31 1
13 59.31 13.34 1.54 139.21 2 33 2
14 56.02 16.30 25.83 165.92 1 24 1
15 79.68 80.42 25.55 59.23 17 42 2
16 32.35 73.51 42.45 366.74 18 25 1
17 78.03 42.54 41.91 260.90 7 18 1
18 0.22 59.52 40.85 94.40 0 10 2
19 79.78 62.64 15.25 163.30 4 30 1
20 93.80 9.14 47.60 272.96 21 42 2
21 61.26 79.13 33.04 90.20 12 40 2
22 60.72 14.52 46.65 466.23 0 10 1
23 16.57 83.34 48.99 54.05 13 44 1
24 84.02 46.03 23.18 444.95 0 23 1
25 29.51 64.24 9.92 370.81 16 43 2
26 59.09 42.76 34.75 172.92 7 8 1
27 6.42 9.99 37.81 304.57 7 34 2
28 85.99 73.82 16.08 318.75 1 48 2
29 91.60 14.86 31.46 462.83 18 21 1
30 12.76 19.01 18.56 389.86 16 44 1
31 45.40 6.31 13.99 467.34 15 42 2
32 73.65 36.42 29.63 239.64 15 42 2
33 16.92 47.75 20.05 338.36 2 12 1
34 17.23 76.83 34.29 225.35 19 26 2
35 88.91 25.71 43.13 338.87 21 27 1
36 59.44 81.12 49.62 131.79 11 25 1
37 63.67 50.62 24.07 68.09 2 37 1
38 7.07 98.32 3.96 354.65 12 15 2
39 42.03 63.44 28.29 474.15 19 36 1
40 88.80 24.57 18.61 478.23 20 20 2
41 13.95 95.14 14.28 383.88 9 30 2
42 19.03 80.57 34.59 370.87 14 26 2
43 24.86 58.85 31.13 332.48 7 39 2
44 96.47 22.35 12.27 301.56 3 36 2
45 75.03 78.81 32.41 125.38 8 26 2
46 36.59 98.18 11.29 472.33 14 25 2
47 14.69 97.02 24.24 494.89 5 44 2
48 61.11 55.85 1.68 317.53 9 44 1
49 61.82 30.00 3.89 163.41 7 27 2
50 34.04 54.45 20.93 350.86 3 40 2
51 6.19 14.00 42.75 250.33 12 28 2
52 11.65 81.62 9.79 388.22 21 33 1
53 82.37 9.54 7.48 305.39 17 21 2
54 21.28 10.42 29.14 175.92 2 38 1
55 41.21 45.23 34.70 343.55 10 36 2
56 31.19 33.73 3.72 451.47 19 39 2
57 97.98 40.26 30.54 465.93 6 31 2
58 49.03 92.30 23.08 117.55 15 34 2
59 37.33 37.14 7.97 145.94 12 20 1
60 76.07 58.58 13.58 464.97 21 27 2
61 14.98 91.31 23.86 186.30 7 31 1
62 62.84 95.89 6.66 461.97 12 13 1
63 10.12 63.52 38.83 164.92 7 13 2
64 98.23 41.03 7.60 181.64 16 36 1
65 1.42 95.32 48.16 260.82 3 43 1
66 2.47 71.81 21.43 79.93 1 27 2
67 56.70 38.12 27.75 205.95 16 20 1
68 94.65 80.62 8.84 308.86 22 26 1
69 95.48 53.43 31.46 378.39 24 42 1
70 82.34 62.18 41.04 121.96 19 28 2
71 46.62 67.04 40.80 295.23 10 47 2
72 63.02 11.32 1.02 189.35 24 46 1
73 84.11 22.71 49.27 488.56 10 47 1
74 53.89 95.56 9.20 431.96 8 45 2
75 97.06 57.29 27.04 234.64 0 30 2
76 46.66 55.19 26.42 124.02 2 18 2
77 4.49 35.87 33.74 338.33 18 41 1
78 9.19 81.62 45.59 178.71 20 31 1
79 18.86 75.11 42.08 210.50 11 32 2
80 25.46 52.53 26.28 377.75 9 45 2
81 41.99 0.45 10.42 136.41 21 24 2
82 71.90 40.22 0.23 458.43 0 35 2
83 9.14 6.67 30.62 461.13 22 26 1
84 16.78 28.18 49.68 444.65 16 41 2
85 81.94 95.25 11.08 101.23 16 47 2
86 21.84 48.68 42.29 432.63 21 47 2
87 66.33 65.74 31.24 189.75 20 24 1
88 43.26 82.45 44.55 277.65 10 22 1
89 36.12 14.77 20.95 245.61 21 38 2
90 85.13 49.01 23.84 175.06 6 8 2
91 59.23 21.00 27.55 98.06 8 22 2
92 10.60 99.32 28.38 464.87 21 43 2
93 27.90 51.54 26.43 244.71 4 22 2
94 96.16 52.28 36.32 314.49 6 25 1
95 55.68 16.96 45.84 173.09 2 45 2
96 40.86 20.23 36.96 458.43 5 40 2
97 39.41 45.27 36.94 235.70 8 27 1
98 50.43 62.81 17.61 136.04 6 27 1
99 76.01 53.82 25.23 136.00 19 30 2
100 22.86 76.74 33.37 384.68 19 22 2
1 186.78 4967.63 1
2 162.85 3226.05 2
1 1.19 43.84 1
2 1.81 29.68 1
3 1.61 49.05 2
4 1.77 47.94 2
5 1.58 36.59 2
6 1.65 38.90 2
7 1.21 37.27 1
8 1.78 49.04 1
