Data for Vehicle routing problem with drones - Author: Huyen Do Thi Ngoc
Number of depots: 4
Number of cities: 300
Number of trucks: 9
Number of drones: 11
Area: 100 100 50
Customer maximum demand: 500
Max capacity of truck: 200
Max energy of truck: 5000
Max capacity of drone: 2
Max energy of drone: 50
1 8.43 95.35 25.60
2 45.30 63.85 10.85
3 44.14 4.55 31.22
4 82.25 57.76 30.73
1 20.90 60.72 18.07 321.07 11 32 1
2 6.27 18.63 31.70 240.51 3 25 1
3 65.30 47.32 40.75 415.52 20 44 4
4 87.44 28.29 33.78 360.96 10 29 3
5 49.49 19.53 25.03 153.15 4 9 2
6 93.42 4.97 8.98 371.61 5 17 3
7 29.43 50.75 38.21 50.63 10 33 3
8 32.26 89.89 47.95 60.64 16 26 3
9 88.30 13.16 6.33 310.34 19 29 3
10 4.21 25.27 13.75 227.19 22 46 2
11 58.91 2.53 34.25 393.70 11 32 1
12 18.30 80.64 7.52 280.59 15 39 3
13 79.36 23.49 34.32 253.16 23 35 3
14 25.53 7.88 44.71 463.67 14 21 1
15 75.48 52.63 49.38 411.53 12 37 2
16 36.31 4.65 16.92 83.07 20 31 2
17 26.69 27.60 43.69 451.50 10 46 3
18 4.46 20.24 22.40 293.27 1 23 4
19 22.68 74.71 38.56 358.64 15 32 1
20 75.50 79.65 46.08 60.05 5 42 4
21 89.98 40.20 4.04 223.41 6 25 4
22 93.98 1.30 4.29 164.61 24 28 1
23 34.43 55.12 20.69 84.40 18 35 3
24 51.37 52.19 0.56 151.32 6 28 1
25 42.25 16.77 2.69 474.38 8 16 2
26 18.24 27.93 23.63 240.51 12 30 2
27 71.28 0.53 34.86 115.66 11 13 2
28 85.54 22.45 33.62 350.43 24 43 2
29 76.72 68.50 45.82 124.04 7 23 2
30 5.52 98.73 29.26 355.02 22 32 2
31 66.55 40.48 16.32 462.06 20 36 2
32 55.07 39.88 24.92 429.71 24 43 2
33 97.09 46.50 37.61 84.49 14 39 3
34 13.60 19.22 49.58 271.75 15 47 4
35 54.38 2.48 47.16 77.16 11 43 3
36 94.53 94.89 28.05 134.51 12 27 4
37 87.21 67.93 45.26 281.50 5 9 3
38 28.98 5.40 25.14 366.17 20 43 1
39 96.27 90.16 37.81 208.09 15 16 1
40 36.24 17.02 2.38 93.87 4 7 1
41 41.42 70.21 9.47 401.67 10 23 1
42 46.39 48.05 17.94 276.01 7 34 1
43 0.45 19.63 42.99 338.91 22 44 1
44 9.95 96.57 27.45 376.99 12 47 1
45 16.46 42.69 29.13 259.05 16 39 1
46 62.47 92.00 7.97 102.95 8 29 1
47 18.66 97.21 14.01 108.37 9 30 1
48 50.46 25.87 29.17 257.06 3 31 1
49 60.06 21.72 1.32 243.75 21 22 1
50 36.90 13.08 37.20 422.19 23 45 4
51 39.09 67.91 38.01 159.86 22 37 1
52 24.61 79.95 22.81 495.44 16 31 4
53 90.97 81.60 25.91 433.23 6 32 1
54 94.71 80.97 27.68 255.84 11 31 1
55 70.57 99.68 5.93 222.64 16 27 4
56 78.96 85.74 37.55 94.03 4 24 1
57 27.27 63.06 41.79 203.07 20 44 4
58 69.03 21.18 16.01 361.68 24 36 3
59 38.07 11.35 15.88 326.74 22 46 1
60 62.66 40.51 40.64 51.46 3 15 1
61 76.39 32.59 46.52 461.82 3 25 2
62 38.94 62.55 43.92 51.93 23 42 4
63 54.82 2.07 11.44 280.31 1 38 3
64 49.78 58.82 38.86 114.27 4 27 2
65 14.36 85.84 41.55 402.82 10 42 2
66 31.97 51.93 33.23 431.26 7 9 4
67 90.44 21.78 12.19 306.96 17 18 1
68 46.35 83.92 47.51 313.17 10 13 4
69 1.67 10.59 22.74 302.46 17 25 3
70 37.76 61.72 40.21 126.96 7 29 2
71 36.09 48.79 32.54 247.92 4 40 3
72 47.60 67.06 38.44 377.54 16 48 3
73 8.90 98.04 2.05 226.55 11 14 4
74 4.65 47.47 46.53 208.73 0 27 2
75 71.58 92.86 20.91 142.54 22 28 1
76 90.93 11.74 40.56 392.81 7 29 2
77 95.89 42.75 23.71 163.37 11 38 4
78 22.15 48.05 27.29 241.24 4 28 2
79 88.13 90.60 47.33 115.68 4 17 1
80 52.51 61.45 39.67 488.72 24 41 1
81 79.61 96.33 39.17 114.89 16 37 4
82 90.57 60.53 49.15 245.98 12 30 4
83 33.01 9.16 30.85 322.81 16 41 4
84 97.05 64.05 0.78 225.00 3 28 4
85 33.29 30.71 43.42 495.50 16 21 4
86 61.65 99.53 16.99 185.11 24 27 2
87 27.90 45.29 39.42 246.26 17 18 3
88 20.78 53.93 45.53 456.74 5 9 4
89 83.82 5.68 43.22 307.60 18 23 4
90 51.54 21.85 33.44 391.95 21 21 4
91 62.09 72.80 15.08 125.50 11 19 3
92 46.61 26.10 31.90 307.62 17 21 2
93 11.86 73.34 27.82 364.99 3 12 1
94 11.61 45.79 41.38 74.95 24 35 3
95 93.58 11.07 35.54 266.95 16 19 4
96 48.95 23.08 35.61 453.98 18 48 2
97 4.71 94.07 48.29 316.80 24 38 2
98 69.67 31.89 34.86 498.63 6 17 1
99 40.85 83.77 16.42 468.46 11 22 2
100 86.58 8.98 45.74 288.93 19 27 3
101 90.68 0.89 16.71 95.34 20 35 1
102 40.49 68.25 18.83 386.08 13 37 4
103 5.44 30.07 17.72 488.00 5 16 3
104 37.52 31.08 26.30 225.37 18 45 4
105 76.24 68.20 36.14 483.94 12 15 3
106 88.86 8.71 21.18 90.04 22 22 4
107 41.90 30.70 20.20 344.13 22 37 2
108 98.24 97.47 40.58 360.36 15 23 2
109 19.49 96.85 26.81 142.80 5 20 4
110 26.66 25.27 44.38 125.05 15 24 1
111 85.35 57.71 32.02 153.54 2 28 2
112 13.70 29.25 4.81 258.19 15 47 1
113 63.19 64.43 23.76 465.94 12 23 1
114 53.92 18.23 19.20 390.50 2 35 1
115 56.06 68.28 48.23 84.91 6 23 1
116 2.88 18.33 23.69 300.52 21 39 2
117 7.43 40.15 25.75 418.24 18 41 3
118 43.50 77.53 16.76 479.32 17 48 2
119 11.28 18.64 32.23 263.49 5 40 1
120 86.69 82.89 5.30 54.68 11 34 4
121 56.87 87.05 3.47 454.60 19 40 3
122 6.31 88.03 30.99 334.13 14 45 4
123 99.27 36.44 16.39 91.37 17 40 3
124 10.50 80.95 3.11 70.50 16 30 1
125 59.33 57.97 45.82 379.57 15 30 4
126 30.69 89.55 46.81 280.69 19 42 3
127 0.87 75.79 45.73 65.26 11 43 4
128 90.26 31.49 16.52 423.62 24 31 3
129 69.47 3.82 42.86 314.07 3 31 4
130 26.20 38.40 4.98 215.61 21 44 4
131 34.25 57.15 32.71 444.48 2 28 1
132 67.75 7.91 40.35 227.20 19 20 2
133 20.37 0.46 35.10 246.30 7 7 1
134 11.09 61.51 11.32 274.78 16 23 2
135 71.58 37.95 38.93 78.97 2 2 2
136 74.82 29.53 9.07 346.61 15 30 2
137 65.01 83.16 31.12 230.86 23 45 2
138 51.94 71.43 24.94 433.97 14 16 1
139 51.79 58.67 19.74 110.11 2 26 2
140 23.89 38.13 17.87 450.70 23 37 3
141 91.20 92.78 30.80 266.34 9 33 3
142 11.81 77.09 38.57 94.28 15 29 4
143 7.72 45.28 38.50 286.48 16 20 4
144 82.41 67.87 2.91 185.50 12 37 1
145 17.10 25.06 48.45 63.38 24 28 1
146 11.57 58.71 16.91 178.96 12 28 2
147 76.77 96.16 0.76 360.76 13 26 1
148 55.39 16.16 10.46 451.11 0 14 4
149 71.55 86.04 23.59 293.92 12 42 3
150 72.38 0.35 1.79 371.69 15 48 4
151 81.22 55.56 48.90 293.52 19 47 3
152 83.55 38.69 12.08 155.74 2 29 2
153 0.40 84.77 1.59 139.36 6 34 3
154 59.84 22.79 37.32 137.88 8 10 3
155 20.28 95.10 42.50 185.60 4 17 3
156 44.20 80.92 8.82 104.97 18 48 3
157 75.53 12.65 13.56 123.25 21 38 1
158 47.02 9.20 22.09 416.52 0 44 3
159 37.71 68.87 7.83 449.20 19 42 4
160 75.16 43.47 45.95 183.32 11 38 1
161 64.17 2.00 39.33 291.17 4 16 2
162 48.48 83.85 4.47 172.24 1 4 3
163 89.06 53.24 19.41 492.24 16 19 3
164 47.66 74.33 3.04 176.54 15 28 4
165 50.00 0.10 49.97 443.53 2 26 1
166 99.64 37.60 25.21 355.53 10 23 1
167 16.27 90.65 39.95 133.91 18 29 4
168 89.39 22.59 46.59 386.70 7 40 1
169 63.64 91.44 29.48 371.18 10 40 2
170 90.86 33.99 22.13 109.41 12 37 1
171 6.08 83.67 30.78 77.21 2 14 1
172 84.49 84.15 22.94 345.44 3 16 3
173 72.42 27.08 17.42 248.35 15 46 3
174 44.72 22.57 17.71 471.20 1 40 2
175 58.75 66.43 14.25 432.37 24 38 3
176 81.03 61.38 13.00 346.14 12 20 4
177 10.59 64.34 42.75 336.20 11 39 4
178 74.78 54.70 22.51 168.63 2 10 4
179 78.03 28.67 0.25 196.00 13 32 1
180 37.14 49.18 45.20 492.19 1 6 3
181 88.13 51.30 21.27 422.46 13 23 3
182 73.34 40.38 8.20 114.87 21 23 3
183 20.60 21.75 32.49 106.64 6 29 4
184 56.67 87.62 13.08 217.77 23 39 3
185 59.61 41.89 43.59 250.73 2 33 1
186 53.25 16.22 15.57 472.58 2 46 4
187 92.21 14.27 24.29 479.06 4 26 2
188 94.11 43.89 10.03 223.81 21 48 3
189 13.82 81.37 34.64 306.89 6 25 2
190 73.50 26.87 19.10 186.22 5 25 4
191 98.67 98.62 5.53 92.13 8 19 2
192 95.61 54.02 24.71 234.41 20 20 3
193 76.17 49.32 38.48 54.32 13 25 3
194 20.70 62.36 30.31 360.88 8 34 4
195 66.53 57.55 42.91 151.52 22 25 3
196 89.08 86.97 21.82 253.75 18 46 2
197 93.68 28.57 46.60 475.04 17 28 3
198 89.78 5.44 8.40 470.26 4 26 2
199 24.94 64.26 19.13 397.63 24 24 4
200 97.69 96.17 5.92 60.58 19 30 2
201 42.75 74.92 40.20 363.27 17 37 3
202 84.82 95.13 15.53 474.99 5 39 2
203 75.16 51.22 21.41 233.11 15 34 4
204 29.10 56.06 39.95 225.11 3 34 3
205 45.35 69.75 14.10 378.43 21 32 3
206 56.94 32.23 31.62 81.80 12 43 3
207 50.05 16.03 8.34 219.59 8 38 3
208 87.19 87.08 12.65 382.29 14 39 2
209 22.67 22.99 41.09 68.81 18 45 1
210 95.65 72.60 22.96 362.95 23 41 3
211 40.17 62.49 35.21 148.08 7 46 3
212 85.76 66.11 20.93 318.39 11 47 3
213 9.15 88.06 43.18 320.31 1 26 3
214 93.93 60.28 9.58 222.38 0 34 4
215 77.82 40.01 49.92 380.71 23 25 3
216 21.97 36.95 24.33 496.93 21 33 4
217 72.76 79.77 17.02 68.88 2 26 3
218 36.42 34.19 4.01 429.94 4 7 2
219 67.85 15.38 48.00 436.36 20 45 2
220 13.11 37.72 13.11 239.76 2 47 1
221 2.94 93.70 21.61 410.83 16 24 1
222 62.59 36.41 28.46 441.52 17 36 3
223 66.33 1.41 40.60 371.60 21 48 4
224 68.66 49.93 41.40 205.73 6 47 1
225 6.22 64.01 43.47 431.08 0 17 4
226 67.72 0.59 2.01 369.59 4 33 2
227 81.46 51.02 28.10 425.26 18 22 2
228 1.11 79.09 3.18 408.36 19 36 1
229 74.80 26.10 28.64 274.08 8 39 1
230 98.54 89.79 29.00 448.26 17 31 2
231 14.84 79.70 32.91 263.53 7 28 2
232 72.81 1.45 27.52 175.01 5 27 3
233 80.31 31.44 4.56 96.66 17 42 1
234 10.22 69.59 33.45 371.16 4 37 4
235 65.15 97.39 31.54 270.44 6 39 4
236 56.70 19.05 25.69 394.16 14 16 1
237 47.10 43.65 1.81 285.02 11 14 4
238 46.10 75.21 44.86 384.77 10 38 4
239 78.68 32.71 48.96 122.33 16 23 4
240 76.49 54.19 14.72 186.84 6 26 1
241 70.76 21.12 48.14 406.27 11 27 1
242 59.55 37.75 9.53 244.95 20 34 2
243 88.46 90.73 33.26 208.75 8 42 2
244 65.46 20.09 2.61 475.44 2 28 3
245 37.12 10.30 19.16 317.76 19 21 1
246 57.73 58.54 22.33 89.81 14 39 3
247 84.17 65.44 5.70 361.49 2 39 2
248 43.42 17.18 30.54 461.34 18 34 4
249 91.01 42.54 30.09 159.44 21 26 3
250 35.59 49.98 28.27 271.26 4 31 4
251 25.41 40.84 31.85 161.58 14 34 2
252 82.73 44.51 37.26 408.99 15 28 4
253 65.20 30.75 6.75 475.89 12 40 4
254 69.69 96.97 3.85 472.57 16 25 2
255 59.20 37.68 33.46 346.35 0 6 4
256 91.28 73.29 34.72 300.26 1 40 3
257 72.65 92.38 29.36 316.22 4 25 3
258 47.62 78.53 32.44 216.77 14 29 2
259 91.48 4.27 1.44 257.91 10 12 3
260 61.09 0.82 22.97 367.24 12 45 1
261 82.77 14.29 23.04 287.77 16 26 4
262 22.80 88.66 4.48 98.60 1 34 2
263 96.56 71.76 24.35 269.48 5 37 4
264 22.96 50.19 31.52 152.21 9 38 2
265 96.69 43.00 39.73 468.14 9 30 3
266 73.93 34.13 24.20 480.57 1 24 1
267 78.71 21.78 10.17 337.57 8 11 2
268 6.48 70.35 6.20 161.41 6 33 4
269 95.45 87.76 11.23 474.68 10 38 1
270 73.40 67.63 2.69 162.13 18 34 4
271 95.65 0.88 33.37 295.03 6 19 2
272 23.59 59.74 46.87 69.34 24 42 4
273 21.54 79.99 45.15 410.19 3 27 2
274 7.91 3.41 12.51 244.42 8 44 3
275 22.96 36.55 40.94 395.39 12 29 4
276 69.74 93.45 2.51 312.82 5 30 1
277 62.46 69.14 26.90 454.11 23 31 2
278 79.80 20.44 9.96 372.43 10 11 4
279 66.82 0.45 22.66 222.17 8 27 1
280 85.94 65.49 28.04 364.61 19 28 2
281 30.49 83.34 20.02 114.81 19 36 1
282 23.55 93.26 48.01 411.70 21 44 1
283 47.60 65.25 24.00 130.58 3 35 1
284 89.23 35.94 27.71 295.25 13 48 4
285 44.79 80.68 2.96 424.07 6 22 1
286 72.25 58.87 12.01 266.39 15 21 3
287 28.77 73.60 19.92 67.72 22 31 4
288 6.21 62.48 37.10 94.21 11 23 3
289 47.30 47.93 42.95 310.61 23 31 2
290 20.10 80.58 39.27 373.17 9 39 2
291 76.32 60.16 16.93 128.04 1 30 2
292 88.49 80.33 17.03 235.76 15 37 4
293 6.81 49.85 6.48 488.96 10 31 4
294 16.97 71.23 36.85 62.00 0 12 4
295 89.37 34.97 36.10 447.01 23 29 2
296 29.95 31.24 34.50 271.91 24 27 3
297 26.29 58.12 28.14 108.16 9 47 3
298 95.43 33.36 34.73 317.29 22 40 2
299 95.26 81.94 1.15 368.41 2 10 4
300 80.12 51.80 6.34 209.17 12 28 3
1 128.67 3481.25 1
2 102.51 3126.03 2
3 109.25 3370.44 3
4 192.06 4992.89 4
5 136.07 3742.53 3
6 111.52 4800.44 3
7 176.15 4611.59 1
8 126.71 4227.51 2
9 182.33 3679.04 4
1 1.17 27.63 3
2 1.18 29.06 7
3 1.79 35.82 8
4 1.73 37.48 9
5 1.11 38.63 5
6 1.39 43.90 7
7 2.00 29.95 7
8 1.15 46.38 8
9 1.38 37.47 3
10 1.92 43.24 2
11 1.62 39.45 3
