Data for Vehicle routing problem with drones - Author: Huyen Do Thi Ngoc
Number of depots: 3
Number of cities: 400
Number of trucks: 5
Number of drones: 10
Area: 100 100 50
Customer maximum demand: 500
Max capacity of truck: 200
Max energy of truck: 5000
Max capacity of drone: 2
Max energy of drone: 50
1 45.47 18.42 46.44
2 17.62 26.04 4.50
3 80.86 89.72 11.10
1 62.23 35.78 13.15 84.99 16 24 2
2 80.98 77.14 7.07 253.25 1 12 2
3 59.07 9.05 9.86 135.43 19 27 2
4 35.55 88.98 26.81 398.73 20 34 2
5 64.35 3.37 8.66 386.95 19 34 1
6 22.21 75.03 49.48 111.71 17 46 2
7 51.87 14.25 28.39 73.45 12 28 2
8 44.22 41.05 34.60 223.65 12 20 2
9 91.21 25.09 44.16 114.64 17 21 1
10 86.49 44.42 40.43 458.11 4 27 3
11 15.37 49.17 44.04 61.15 8 22 3
12 50.88 43.30 21.29 230.51 8 18 1
13 82.36 53.62 0.20 99.69 20 25 1
14 29.07 30.55 21.68 351.86 11 23 3
15 89.31 57.46 37.74 300.30 15 26 2
16 7.88 59.61 12.12 241.53 2 6 2
17 32.87 88.87 38.84 140.65 12 40 3
18 48.01 86.79 18.49 315.23 14 29 2
19 25.34 96.06 16.10 375.53 19 28 2
20 12.76 9.41 12.29 458.26 18 29 3
21 49.94 4.50 20.97 106.05 8 39 2
22 12.61 62.61 28.05 314.03 17 35 2
23 79.80 70.07 20.50 416.89 3 25 3
24 6.46 0.36 9.45 205.46 4 43 1
25 52.52 91.68 34.58 187.64 9 16 3
26 45.78 13.02 38.00 346.30 24 39 2
27 8.26 38.39 6.18 323.55 13 17 3
28 32.87 35.28 33.91 432.58 6 10 2
29 37.07 24.12 19.92 352.08 12 16 1
30 36.08 86.86 2.53 306.37 17 26 2
31 3.24 82.08 49.34 334.23 14 26 1
32 96.44 61.49 26.72 230.73 16 25 2
33 56.00 16.98 40.83 225.83 24 27 2
34 92.10 26.88 30.35 422.58 7 12 3
35 34.28 72.95 43.67 294.37 15 33 1
36 97.02 33.17 37.51 84.04 16 20 1
37 8.01 78.68 30.37 262.93 22 42 2
38 48.35 65.53 39.85 263.52 14 22 1
39 53.72 41.44 33.54 67.85 13 48 3
40 93.29 30.17 27.33 139.97 1 6 1
41 48.64 69.46 26.80 299.59 0 26 2
42 96.54 75.57 32.07 83.00 15 21 3
43 40.91 26.67 46.95 163.90 23 23 3
44 3.35 81.31 21.19 382.32 6 32 2
45 39.26 76.51 24.21 466.15 1 40 3
46 16.72 48.32 49.25 377.32 23 36 1
47 54.54 17.78 38.96 94.58 21 25 1
48 11.18 75.00 25.82 390.52 5 47 2
49 77.14 41.82 18.39 143.10 13 35 1
50 74.38 85.52 7.48 253.33 12 13 1
51 69.56 39.88 36.89 191.27 3 3 2
52 81.44 94.47 39.17 143.37 6 42 3
53 48.65 0.05 8.21 67.94 18 41 3
54 68.25 40.23 10.78 322.42 21 39 3
55 79.17 74.27 38.40 498.31 11 48 3
56 58.58 63.07 9.88 286.39 0 33 3
57 42.73 70.07 3.42 137.48 2 22 1
58 2.37 26.73 29.09 437.73 16 22 2
59 75.06 59.93 25.41 346.68 9 16 2
60 22.06 38.26 32.89 456.51 11 21 2
61 62.76 67.58 34.31 117.47 1 40 3
62 82.78 6.02 4.36 373.06 16 30 2
63 15.18 5.93 21.02 52.84 20 34 1
64 12.26 46.23 39.25 324.22 20 23 1
65 89.82 10.40 20.79 430.60 24 38 3
66 98.74 16.80 35.50 171.87 19 30 3
67 35.06 78.05 9.90 482.82 22 39 3
68 78.93 70.25 29.61 497.12 4 17 1
69 6.28 73.60 35.98 305.66 19 38 3
70 37.15 33.63 16.45 389.71 0 19 2
71 66.94 82.49 11.48 112.02 3 3 1
72 72.87 23.57 8.57 121.08 18 23 2
73 71.06 12.40 40.41 377.01 18 19 2
74 20.15 24.99 11.18 208.33 18 18 1
75 66.89 36.64 4.23 149.98 8 33 1
76 55.79 1.67 24.63 446.69 13 38 1
77 42.50 12.20 24.33 186.49 24 39 1
78 12.33 29.81 8.24 335.31 10 40 2
79 96.79 75.25 5.17 395.11 14 35 2
80 95.62 84.18 25.07 423.63 17 29 3
81 59.45 38.43 39.16 421.22 21 41 1
82 49.02 94.68 44.79 88.03 4 45 1
83 90.19 48.88 46.85 275.11 24 43 1
84 38.94 24.24 32.99 297.91 15 37 2
85 17.86 11.99 23.06 431.75 16 23 3
86 10.18 67.52 37.13 385.26 0 36 1
87 7.34 35.46 39.20 341.22 4 30 2
88 68.69 36.08 12.54 489.81 1 16 3
89 67.63 74.50 14.62 391.20 3 26 3
90 5.67 13.32 4.86 232.97 6 28 3
91 85.73 91.38 27.86 50.97 1 15 1
92 61.64 73.14 8.05 64.47 21 37 1
93 14.43 79.45 9.49 153.98 16 48 1
94 19.73 54.12 40.75 489.80 18 27 3
95 70.83 50.96 1.45 386.49 17 20 1
96 26.91 13.44 33.81 83.96 1 39 1
97 63.88 57.12 48.89 150.39 22 34 1
98 42.65 30.06 23.64 89.90 5 14 3
99 58.22 68.52 29.55 204.09 22 30 3
100 96.56 29.21 32.95 463.50 5 22 2
101 37.59 65.56 6.03 225.65 7 8 3
102 47.99 85.52 33.03 215.13 7 33 3
103 67.89 49.29 20.19 223.87 12 23 1
104 24.46 39.24 22.21 474.39 2 22 3
105 85.87 56.78 41.27 218.91 8 23 1
106 42.40 60.38 47.58 296.02 15 34 3
107 50.74 9.64 37.29 64.80 16 36 3
108 57.24 31.46 47.00 312.05 8 22 2
109 49.98 13.62 28.03 101.12 20 30 1
110 94.63 79.15 20.87 460.68 17 18 2
111 51.09 66.01 1.02 112.91 15 24 2
112 65.52 34.98 24.95 63.44 2 4 1
113 27.04 94.62 34.65 391.64 0 40 3
114 60.01 14.07 19.20 317.31 1 46 1
115 60.76 64.33 22.23 305.82 8 21 1
116 50.47 16.42 43.32 210.43 13 18 2
117 28.14 17.28 8.49 171.70 17 32 1
118 5.65 3.05 20.15 433.34 11 22 3
119 62.47 80.88 44.55 497.29 23 26 2
120 76.81 68.67 15.04 179.91 21 42 3
121 75.58 44.57 44.08 397.03 17 46 3
122 19.43 17.87 28.01 463.46 13 30 1
123 2.63 96.51 40.47 497.91 0 11 2
124 42.48 14.54 0.02 428.58 14 29 2
125 11.59 82.15 11.07 335.83 11 44 1
126 97.05 47.50 9.31 466.51 16 36 2
127 83.80 0.55 40.30 77.95 9 23 3
128 87.38 5.18 5.09 388.45 1 10 2
129 39.38 97.13 28.69 162.15 16 37 1
130 39.53 22.97 38.83 366.69 3 34 2
131 76.93 7.17 27.87 117.94 22 29 3
132 50.71 21.09 35.38 238.10 2 4 3
133 48.44 32.95 12.12 320.19 9 13 2
134 89.46 46.46 14.30 183.57 24 30 3
135 93.79 70.75 14.23 136.23 8 20 3
136 69.59 43.19 9.55 64.11 21 21 1
137 63.35 96.61 29.92 415.29 17 35 2
138 97.84 49.90 39.57 208.20 6 10 2
139 49.64 50.95 12.03 437.08 2 2 3
140 51.72 58.69 49.19 176.96 12 20 2
141 0.13 5.38 8.35 51.91 19 37 2
142 7.18 53.92 4.54 418.58 1 23 3
143 95.93 28.12 46.96 83.97 1 37 3
144 81.13 57.72 40.63 423.67 9 20 1
145 1.13 69.03 46.02 282.66 18 44 1
146 63.19 57.85 31.96 76.12 17 32 1
147 42.28 21.33 0.01 135.01 12 39 1
148 56.92 64.28 40.84 392.93 14 41 3
149 33.99 52.85 34.05 339.06 23 29 2
150 82.37 70.81 12.56 203.37 22 40 2
151 82.75 37.11 1.28 410.16 22 41 1
152 20.12 27.91 45.54 351.03 23 33 3
153 70.09 59.73 28.99 404.07 19 20 1
154 41.13 45.85 14.91 215.55 12 39 2
155 32.68 79.51 31.97 280.73 24 31 2
156 67.97 2.74 10.21 296.13 14 31 2
157 92.23 74.55 28.43 170.96 22 37 2
158 27.17 68.21 21.55 152.78 1 1 1
159 83.66 51.27 44.73 415.67 7 36 1
160 84.55 71.03 18.08 322.33 11 32 2
161 56.56 57.19 10.00 148.40 9 29 2
162 2.76 2.76 38.83 180.92 12 22 3
163 53.08 13.81 14.60 314.28 0 18 1
164 40.48 74.54 31.31 448.08 4 23 3
165 68.83 91.91 21.90 464.65 14 23 3
166 48.72 65.81 2.09 283.54 12 15 1
167 38.96 62.35 8.49 72.81 0 24 3
168 53.69 39.42 12.53 191.65 20 48 2
169 54.90 57.50 44.27 208.32 23 36 2
170 21.53 66.68 24.44 124.21 11 30 1
171 99.18 85.71 1.32 215.08 13 44 1
172 26.85 40.84 0.14 154.87 1 28 1
173 14.84 72.21 4.32 177.19 12 26 3
174 88.87 43.70 36.42 419.24 20 25 1
175 78.06 54.80 8.44 115.15 22 45 1
176 3.75 93.93 17.57 53.55 6 10 1
177 20.24 86.57 12.42 76.72 0 17 1
178 42.67 89.15 0.83 422.84 6 42 3
179 20.89 81.09 0.40 140.48 3 35 1
180 2.84 79.00 30.17 462.13 23 34 1
181 33.99 29.28 10.19 380.69 21 44 1
182 82.61 87.40 22.04 329.63 2 20 1
183 81.05 54.21 32.28 247.02 12 24 3
184 12.73 91.64 34.27 120.19 0 11 1
185 34.96 47.88 33.36 363.69 21 29 3
186 61.43 29.78 2.98 487.21 12 45 1
187 56.56 51.54 17.83 360.46 3 26 1
188 27.86 17.40 13.64 171.18 8 40 2
189 90.02 32.50 3.97 137.86 24 43 3
190 37.77 39.62 8.41 114.09 6 7 2
191 73.19 73.56 16.46 151.89 16 16 1
192 93.02 93.23 32.92 371.04 21 48 3
193 23.85 20.71 49.20 298.81 9 48 1
194 64.51 35.77 25.45 270.96 18 25 2
195 7.07 71.00 44.88 384.88 10 10 1
196 39.10 6.87 0.78 161.23 19 25 2
197 86.00 32.32 29.13 109.44 24 43 3
198 56.06 93.61 8.96 243.25 22 22 2
199 88.69 3.09 5.71 481.34 10 41 1
200 91.48 57.73 5.24 324.54 23 33 3
201 3.07 49.65 5.61 219.79 11 39 1
202 32.18 31.90 21.79 400.41 2 15 2
203 82.63 0.99 28.85 55.04 18 19 3
204 46.23 8.48 9.81 152.76 0 34 1
205 83.62 26.30 14.03 288.85 11 35 2
206 93.54 95.93 0.60 177.08 0 9 1
207 12.39 85.06 0.96 208.68 15 36 2
208 94.47 66.32 5.59 219.43 18 46 1
209 10.72 50.00 27.98 130.91 24 27 3
210 46.67 14.51 19.59 497.00 24 46 2
211 57.68 22.16 33.14 438.33 1 46 1
212 46.49 0.37 44.58 123.47 17 41 2
213 90.97 79.26 8.17 393.90 10 39 1
214 64.20 83.22 12.33 132.91 8 47 2
215 51.14 86.35 20.52 358.05 10 34 3
216 51.04 53.98 4.53 203.01 20 25 2
217 93.14 47.94 4.62 85.47 15 43 2
218 21.86 84.70 5.05 127.13 12 37 1
219 38.05 57.41 3.88 205.48 18 24 2
220 67.59 58.03 7.65 218.23 21 32 3
221 53.07 60.70 27.12 305.10 0 44 2
222 52.75 54.86 4.82 241.42 24 27 1
223 5.11 12.31 4.09 441.48 13 17 2
224 15.37 41.85 4.62 167.57 4 24 2
225 95.08 14.66 34.44 176.46 3 18 1
226 35.38 14.06 25.00 92.49 12 38 2
227 22.79 9.88 31.88 387.17 5 41 3
228 27.50 59.24 32.89 166.25 4 34 1
229 15.74 99.57 25.75 280.04 10 35 2
230 98.02 2.83 38.63 342.26 2 14 3
231 13.40 36.47 12.29 397.19 17 37 2
232 33.35 89.35 45.66 267.75 3 47 2
233 21.20 84.56 5.25 344.02 24 47 1
234 64.98 84.37 40.60 58.50 19 39 3
235 82.78 0.78 25.63 216.03 14 17 2
236 65.51 35.02 39.70 199.01 3 33 2
237 15.62 32.47 33.32 391.60 13 28 2
238 4.69 39.60 22.75 296.17 6 19 3
239 2.61 16.63 12.65 210.22 10 18 3
240 77.52 65.58 15.88 293.27 5 47 1
241 86.25 64.63 49.24 407.54 23 46 1
242 20.27 92.94 47.10 331.11 22 43 2
243 11.56 77.18 43.21 208.90 7 47 1
244 60.44 40.29 32.24 139.49 24 24 3
245 71.14 80.26 34.20 76.99 1 19 3
246 24.39 58.27 37.29 367.35 4 40 3
247 29.00 87.29 26.19 394.33 8 30 3
248 56.64 66.93 10.68 323.40 3 28 3
249 8.15 63.54 27.13 398.11 6 31 3
250 45.29 67.63 8.54 214.73 3 7 1
251 88.83 75.11 34.01 50.71 3 21 1
252 83.12 87.67 45.86 123.57 4 11 3
253 77.13 50.13 17.30 238.01 10 30 1
254 66.74 14.02 13.05 99.27 6 26 3
255 66.25 40.87 40.75 292.26 17 40 3
256 87.49 5.46 24.58 103.41 10 13 2
257 5.00 33.63 39.65 381.33 2 28 2
258 72.46 20.20 7.68 93.23 10 22 2
259 7.45 89.52 7.78 406.27 24 36 3
260 17.74 53.99 13.19 173.25 7 7 2
261 11.93 81.83 39.99 158.37 0 19 3
262 45.56 29.12 31.91 200.31 9 34 2
263 0.65 94.65 16.99 498.00 12 39 3
264 46.94 36.21 13.35 498.15 13 26 2
265 47.29 25.89 30.34 163.11 10 31 1
266 27.63 66.42 33.48 439.56 23 39 1
267 37.82 47.27 26.22 62.57 9 29 1
268 51.65 94.09 16.51 374.13 0 11 3
269 5.18 66.71 46.54 441.88 4 42 3
270 98.81 13.57 20.03 397.85 6 36 3
271 72.68 20.66 32.38 90.49 18 37 2
272 37.35 27.75 10.32 73.96 13 36 2
273 51.42 98.55 44.55 429.52 7 34 1
274 15.91 21.40 30.95 140.56 7 27 2
275 3.67 89.01 31.21 434.32 13 45 3
276 56.81 92.89 33.28 63.96 15 30 3
277 18.08 44.46 28.59 414.31 10 43 3
278 3.64 11.42 23.49 269.03 18 24 2
279 35.84 85.31 40.34 73.95 17 36 1
280 8.61 99.14 1.51 406.30 5 38 1
281 60.49 17.09 4.21 232.29 17 39 1
282 45.09 74.68 4.32 327.31 18 39 3
283 47.76 50.36 43.72 135.83 0 33 2
284 88.80 46.71 32.14 245.02 13 37 1
285 92.16 97.83 46.08 296.35 8 10 2
286 79.40 32.63 49.06 220.34 22 44 3
287 81.02 71.19 18.93 262.99 20 32 2
288 73.95 91.29 28.57 162.80 22 42 1
289 35.42 29.45 18.42 357.81 6 41 1
290 40.50 16.36 19.65 90.75 14 31 1
291 58.17 77.01 2.55 376.66 2 8 1
292 91.48 7.66 5.83 464.14 2 18 3
293 97.80 3.65 35.27 198.70 16 48 1
294 84.60 68.20 47.20 306.58 14 14 2
295 37.49 76.59 5.69 112.30 14 27 2
296 48.50 56.28 21.71 208.86 2 8 1
297 35.73 32.36 43.68 201.21 10 44 2
298 97.94 47.91 23.70 241.99 6 47 3
299 65.82 64.25 26.34 178.37 16 27 2
300 97.18 90.60 5.45 458.59 8 14 3
301 47.30 14.11 23.34 192.22 17 18 3
302 71.57 84.38 36.13 295.99 22 33 1
303 66.08 41.42 45.33 60.03 22 40 2
304 35.29 94.93 26.33 316.09 16 18 1
305 98.41 92.15 17.32 424.12 17 31 2
306 21.89 47.47 45.24 175.13 14 40 3
307 1.70 93.92 45.44 358.96 13 24 1
308 79.56 14.67 40.40 116.79 13 46 2
309 23.53 67.44 35.05 291.20 24 45 3
310 63.82 15.54 42.32 277.89 10 18 3
311 59.60 76.84 23.17 430.29 8 20 3
312 38.79 12.35 21.15 348.88 23 39 3
313 93.40 55.77 14.69 380.34 4 39 1
314 24.15 72.15 4.59 329.14 8 14 1
315 60.18 75.90 31.06 277.72 9 29 2
316 47.73 33.65 48.26 176.69 14 27 1
317 85.57 5.94 19.94 202.23 1 45 2
318 24.55 79.63 21.79 86.71 19 47 3
319 6.82 50.68 27.87 73.37 1 33 2
320 46.81 72.67 3.75 224.74 7 35 2
321 12.59 80.79 48.48 456.16 14 40 2
322 42.36 44.69 29.60 268.15 15 31 3
323 75.57 30.50 33.71 93.94 7 38 1
324 34.47 78.40 23.29 369.14 6 8 3
325 2.83 67.96 40.89 349.13 22 23 3
326 28.19 90.18 27.10 428.13 11 30 1
327 17.07 78.17 17.38 323.86 15 36 1
328 76.72 23.78 0.20 214.14 8 12 3
329 77.54 79.82 43.54 332.96 5 18 3
330 36.16 24.05 44.16 275.61 11 37 1
331 20.11 30.48 45.18 390.29 19 38 2
332 62.71 86.67 24.29 330.07 16 21 2
333 84.21 35.91 11.54 141.73 17 32 3
334 99.55 41.28 45.26 62.46 19 29 1
335 62.57 70.87 46.71 187.66 8 18 2
336 30.59 74.69 13.28 142.67 10 32 3
337 22.38 14.75 39.87 238.85 15 44 1
338 53.45 28.98 17.37 85.09 22 28 2
339 97.60 90.60 17.48 177.34 19 45 2
340 18.68 54.01 44.41 420.66 4 12 2
341 49.85 48.40 16.90 259.60 4 27 1
342 62.65 86.08 36.96 50.02 11 43 2
343 36.36 27.76 45.97 386.36 23 44 3
344 38.86 89.55 42.95 344.59 20 38 2
345 11.22 21.79 35.82 439.10 23 25 3
346 19.35 96.04 46.58 231.11 24 36 3
347 42.80 76.92 4.85 174.71 7 21 1
348 7.68 62.08 16.97 153.39 7 31 3
349 8.47 53.59 37.92 454.85 16 32 2
350 83.32 15.94 27.28 170.35 7 24 1
351 2.06 9.54 14.77 301.50 21 40 1
352 5.23 80.42 21.40 328.81 0 33 1
353 14.57 16.94 33.44 277.25 15 17 2
354 27.88 49.87 7.11 457.48 20 28 3
355 24.85 86.22 18.53 410.72 11 30 1
356 28.25 56.18 25.21 346.55 22 30 3
357 40.43 99.96 26.94 178.21 5 38 3
358 41.43 13.27 24.26 411.50 3 8 1
359 75.64 42.95 17.02 278.45 23 43 3
360 54.87 24.76 35.27 119.71 0 37 2
361 25.12 2.67 36.52 135.01 15 34 3
362 43.24 71.11 1.15 280.22 16 33 2
363 52.68 81.71 4.33 100.83 19 30 1
364 6.19 19.89 16.96 246.59 6 43 1
365 80.06 53.59 44.40 320.90 2 17 1
366 82.29 59.86 43.23 286.45 3 26 1
367 26.50 81.13 46.40 367.53 4 12 2
368 92.78 50.90 18.31 351.66 1 8 1
369 69.99 9.33 3.39 182.04 0 33 2
370 52.21 18.07 12.91 373.63 12 34 1
371 93.77 50.16 31.93 315.83 24 27 2
372 63.16 0.06 37.16 366.18 19 30 1
373 82.08 33.37 43.20 452.27 20 30 1
374 30.28 81.74 41.70 98.31 2 34 2
375 50.59 86.88 17.69 90.31 15 25 1
376 3.12 74.68 18.61 223.82 4 32 1
377 46.71 71.58 6.97 182.86 23 40 1
378 11.70 32.45 40.23 470.38 7 21 1
379 28.15 67.59 27.98 421.49 6 22 2
380 18.76 3.78 11.30 66.71 23 27 1
381 42.77 77.35 34.68 410.71 23 27 3
382 47.60 22.97 21.80 52.33 19 29 3
383 70.60 78.72 49.77 218.48 0 26 2
384 59.82 63.93 5.77 217.41 22 44 1
385 43.69 19.29 35.60 68.74 22 45 1
386 55.87 3.59 25.09 387.32 5 10 3
387 9.40 56.76 42.24 199.00 21 38 2
388 78.05 72.24 3.36 454.35 22 23 1
389 46.81 17.19 24.28 67.94 9 20 2
390 86.63 40.58 15.83 104.07 18 46 1
391 91.14 19.75 31.73 483.97 24 24 3
392 9.93 5.17 36.48 75.87 22 41 1
393 2.14 36.54 14.75 373.88 5 27 3
394 26.19 81.32 11.60 94.76 5 36 3
395 76.10 55.35 24.05 474.25 22 24 3
396 81.99 64.75 22.22 494.80 19 35 2
397 98.63 99.36 16.32 276.58 15 38 3
398 84.36 56.26 7.02 51.49 19 47 3
399 44.66 20.34 30.36 291.51 15 26 2
400 44.31 48.86 24.59 306.15 5 22 1
1 136.23 4839.76 1
2 139.65 3912.99 2
3 124.66 3083.76 3
4 113.16 4196.79 2
5 115.42 3256.86 3
1 1.72 43.89 5
2 1.36 38.08 5
3 1.11 29.60 1
4 1.98 30.07 2
5 1.62 26.72 3
6 1.35 31.54 4
7 1.36 35.41 2
8 1.18 33.57 4
9 1.89 47.44 3
10 1.80 38.74 4
