Data for Vehicle routing problem with drones - Author: Huyen Do Thi Ngoc
Number of depots: 4
Number of cities: 200
Number of trucks: 6
Number of drones: 7
Area: 100 100 50
Customer maximum demand: 500
Max capacity of truck: 200
Max energy of truck: 5000
Max capacity of drone: 2
Max energy of drone: 50
1 15.29 63.15 46.25
2 40.09 23.66 25.75
3 29.28 61.11 27.11
4 12.42 68.67 26.44
1 25.10 97.71 0.23 447.45 15 43 3
2 68.44 98.58 34.33 262.71 21 30 2
3 68.94 62.87 44.64 389.05 14 41 4
4 22.03 40.99 47.78 388.96 4 39 3
5 21.92 54.58 38.75 251.22 19 41 3
6 57.02 55.44 20.56 139.03 5 43 3
7 59.64 64.50 3.60 206.59 4 4 2
8 93.46 61.03 16.76 302.80 21 40 3
9 46.92 2.69 17.96 352.26 4 9 2
10 29.61 93.28 7.55 249.96 15 32 1
11 6.91 79.53 24.48 479.05 19 35 4
12 49.54 84.77 11.69 431.77 0 45 1
13 21.00 49.01 15.52 214.29 23 37 2
14 63.93 71.44 19.23 378.85 24 39 4
15 47.17 38.46 45.79 471.37 19 29 1
16 89.52 0.71 21.50 486.94 18 42 4
17 52.72 96.29 1.20 166.97 4 6 3
18 7.92 37.30 31.75 452.77 13 13 2
19 4.96 45.27 15.90 292.17 13 18 3
20 5.38 75.51 17.39 281.54 17 40 3
21 5.71 15.30 43.69 309.56 12 18 4
22 24.96 90.31 8.85 388.48 10 25 3
23 10.82 58.66 25.56 70.80 18 19 3
24 86.18 79.69 14.53 438.52 15 48 4
25 38.31 73.27 6.66 389.62 20 34 2
26 81.08 22.59 10.61 270.74 8 35 1
27 9.82 88.07 37.03 271.43 2 2 3
28 38.85 66.67 34.01 156.45 10 42 3
29 55.98 54.53 36.29 204.25 3 27 1
30 52.98 38.39 29.44 419.21 10 20 1
31 46.56 80.57 18.98 381.18 15 25 1
32 71.22 63.60 19.24 432.42 4 15 4
33 2.85 52.36 14.45 159.35 6 16 3
34 61.80 70.82 5.27 374.88 18 24 1
35 83.01 37.60 11.42 164.53 18 30 3
36 50.19 50.11 37.18 407.68 0 37 1
37 94.41 29.39 20.59 415.67 9 14 3
38 55.88 3.46 42.12 69.08 8 9 4
39 35.84 62.06 49.88 141.89 19 28 1
40 18.47 27.52 20.96 205.92 8 28 2
41 91.68 78.04 13.01 434.29 14 43 4
42 53.59 22.07 24.91 201.64 1 14 4
43 97.96 20.46 11.91 457.23 0 7 1
44 14.55 19.24 30.83 241.42 16 47 3
45 82.41 51.48 34.17 409.17 15 37 2
46 24.96 5.38 28.59 217.81 21 25 4
47 51.41 28.71 29.00 51.47 12 16 3
48 48.65 50.84 35.52 375.10 5 12 2
49 64.47 39.35 46.67 173.41 11 16 2
50 99.96 48.96 46.60 240.06 24 38 4
51 33.09 4.76 4.29 410.48 4 18 4
52 43.73 70.34 33.72 396.50 5 18 3
53 87.95 40.80 34.11 382.50 7 33 2
54 38.32 5.37 24.71 494.38 16 26 4
55 36.96 33.81 3.64 104.33 14 34 3
56 34.82 65.05 41.32 420.60 10 45 2
57 25.43 34.33 19.33 380.98 16 18 2
58 80.86 60.23 18.40 485.77 7 35 4
59 13.42 7.32 27.82 369.76 15 31 1
60 71.25 54.13 34.53 350.38 2 45 2
61 43.35 72.71 25.84 89.95 1 4 1
62 44.86 84.15 15.61 200.59 17 28 2
63 91.74 77.97 3.54 112.30 0 34 1
64 52.52 12.33 46.23 222.03 2 36 2
65 87.84 2.08 15.66 302.16 19 33 2
66 9.46 32.13 17.55 84.84 16 44 2
67 84.32 62.85 27.14 233.96 2 26 1
68 13.15 15.37 15.38 233.81 15 18 4
69 94.25 78.03 34.77 223.76 22 32 3
70 56.76 51.59 10.06 305.04 19 38 3
71 26.31 89.85 26.85 200.09 9 45 2
72 72.18 3.49 32.59 116.95 12 31 1
73 10.50 51.10 14.22 205.00 21 34 4
74 53.34 23.96 5.18 405.27 6 14 1
75 9.29 62.00 8.58 359.14 18 47 4
76 66.94 79.86 25.84 354.23 7 36 3
77 61.07 4.47 15.20 322.07 22 26 2
78 71.32 60.21 36.00 249.00 23 48 1
79 13.59 95.20 47.41 246.36 0 31 2
80 17.31 40.50 27.05 319.30 23 29 2
81 73.33 51.54 4.35 465.05 22 34 2
82 76.19 8.20 16.91 160.35 20 35 3
83 75.59 76.03 25.30 140.82 11 46 1
84 82.92 27.47 38.22 307.36 8 8 4
85 72.80 83.48 1.53 200.97 15 31 3
86 24.79 29.28 49.76 246.68 4 45 3
87 91.89 36.85 15.68 378.68 8 31 4
88 7.24 98.32 15.81 499.73 17 39 1
89 88.47 24.40 7.08 340.06 12 34 3
90 97.09 80.10 46.08 387.54 2 41 3
91 91.47 3.56 36.74 267.91 4 32 1
92 40.40 92.49 2.43 345.96 14 35 3
93 51.20 61.06 18.40 178.14 17 29 1
94 57.56 33.51 44.44 86.41 11 13 1
95 13.31 57.40 37.73 314.68 13 15 3
96 89.14 32.96 13.41 249.73 1 16 3
97 18.02 80.03 6.71 462.24 12 43 4
98 87.48 60.90 40.31 368.65 15 25 1
99 54.37 51.30 47.70 113.73 2 17 3
100 29.35 78.99 24.90 159.81 24 25 3
101 70.17 89.51 35.50 166.17 18 33 2
102 16.51 27.09 19.78 422.03 12 17 4
103 94.09 4.90 6.09 463.09 1 3 1
104 95.08 1.65 24.76 283.84 15 15 1
105 22.16 68.34 30.73 443.07 5 9 4
106 59.08 32.04 38.34 364.73 23 26 3
107 65.98 65.15 49.35 134.06 22 39 2
108 3.92 37.79 9.53 294.38 11 44 3
109 43.28 12.15 45.68 266.58 8 16 1
110 28.36 18.28 43.66 115.55 20 24 3
111 84.75 38.87 23.65 132.41 20 41 2
112 97.71 35.26 23.58 112.66 4 17 3
113 47.21 37.83 16.26 369.26 11 41 4
114 55.13 43.92 16.40 198.69 4 23 2
115 78.07 4.61 31.81 276.43 16 37 1
116 9.40 70.56 45.12 58.80 5 16 4
117 26.05 57.01 29.71 441.64 9 38 2
118 44.25 77.43 22.32 384.74 3 38 3
119 91.70 95.85 32.99 54.93 8 29 1
120 47.00 20.08 20.45 58.29 10 34 2
121 60.68 3.58 48.10 220.23 4 24 1
122 74.27 95.61 49.48 353.52 3 33 2
123 61.31 22.32 47.80 220.67 17 33 1
124 7.72 44.04 17.00 263.76 12 36 4
125 62.74 34.20 37.44 476.38 18 24 3
126 20.70 26.40 40.46 419.48 3 22 3
127 32.69 17.24 29.54 258.96 21 34 3
128 80.22 25.40 19.53 51.71 12 47 4
129 92.77 15.38 43.59 117.80 11 16 4
130 88.76 76.76 30.93 362.95 21 31 2
131 7.08 14.32 38.95 301.15 6 33 2
132 55.83 40.52 25.02 151.42 24 33 3
133 26.91 11.54 25.32 400.50 12 46 3
134 32.89 93.40 46.69 159.97 13 44 2
135 59.95 62.82 49.69 234.60 2 23 2
136 57.10 20.21 33.21 472.50 8 24 1
137 34.35 8.02 21.61 465.19 21 21 2
138 80.57 43.06 15.13 459.85 7 42 2
139 63.27 53.91 41.76 387.17 24 44 2
140 41.50 13.63 17.88 286.05 4 16 2
141 62.64 13.86 15.85 168.39 16 27 2
142 90.56 14.08 12.10 380.50 2 21 2
143 55.53 73.22 26.02 454.25 9 24 3
144 72.62 82.13 22.86 435.67 11 33 4
145 72.28 32.61 2.64 276.96 18 47 3
146 1.76 26.01 4.38 417.94 4 20 4
147 79.24 24.19 41.75 401.49 24 40 3
148 60.86 29.71 12.64 369.04 3 12 1
149 99.64 68.75 34.21 227.43 24 26 3
150 68.91 90.24 37.40 487.11 8 24 4
151 53.46 68.50 14.66 483.32 8 22 3
152 27.31 36.15 46.12 384.05 23 43 1
153 28.81 95.02 49.66 384.25 12 15 1
154 62.19 10.14 35.08 280.95 6 29 4
155 30.88 75.83 17.45 310.92 6 31 3
156 47.15 18.41 35.34 490.69 2 7 2
157 41.55 77.90 32.27 276.43 6 43 1
158 53.36 78.22 12.30 139.76 8 36 1
159 18.04 5.43 32.69 450.21 18 38 2
160 6.15 59.25 1.30 230.51 10 18 1
161 86.42 61.18 34.29 206.15 15 46 4
162 74.12 28.94 19.06 99.24 8 21 1
163 87.25 94.83 17.31 63.26 15 16 1
164 86.49 23.08 0.24 476.49 2 42 2
165 71.30 20.42 14.13 176.64 18 19 2
166 81.20 69.85 35.46 210.00 9 29 2
167 54.47 32.34 46.72 295.08 12 47 4
168 30.78 89.94 18.79 473.31 13 16 4
169 63.00 36.40 36.50 137.49 13 24 2
170 25.93 87.54 45.73 200.80 15 32 1
171 80.62 44.11 27.97 420.83 17 40 4
172 41.11 27.82 16.76 444.38 24 37 3
173 31.72 37.56 7.23 358.16 23 30 4
174 59.87 75.05 20.33 131.32 4 33 3
175 31.87 7.23 3.14 350.87 11 41 2
176 82.56 43.84 41.50 113.72 23 41 1
177 70.64 1.16 0.37 240.49 4 41 4
178 87.56 76.75 9.21 341.93 24 26 3
179 56.58 68.14 45.76 274.63 6 42 1
180 40.66 87.60 5.42 315.26 20 37 3
181 59.91 99.05 37.77 361.97 10 27 2
182 29.93 76.43 41.21 451.50 23 29 3
183 81.84 1.24 27.37 404.14 8 29 2
184 59.87 72.80 4.91 156.47 3 31 4
185 28.49 99.30 40.78 67.69 3 9 1
186 29.15 59.06 25.34 340.29 16 24 3
187 11.24 55.07 13.41 50.36 16 26 1
188 35.07 69.99 1.34 430.03 0 18 2
189 45.92 79.68 36.36 176.72 18 42 1
190 69.72 86.23 7.25 79.73 6 17 1
191 79.01 53.22 22.45 80.62 19 33 1
192 6.71 29.19 45.39 217.76 17 47 2
193 87.04 5.84 31.15 444.31 1 10 2
194 99.73 33.27 47.79 182.90 0 3 3
195 44.06 87.70 24.26 291.36 24 27 4
196 1.98 2.01 24.61 99.80 21 48 1
197 97.16 76.65 28.79 61.97 2 35 2
198 68.26 2.12 47.79 357.53 21 37 3
199 69.76 94.65 21.70 249.56 3 8 4
200 65.45 59.86 20.17 418.00 16 39 2
1 159.09 4039.72 1
2 135.89 2969.14 2
3 178.24 4786.93 3
4 126.34 4438.21 4
5 134.03 4513.77 3
6 147.33 2583.14 4
1 1.94 36.27 2
2 1.61 41.92 5
3 1.60 27.23 5
4 1.65 29.67 1
5 1.76 26.72 6
6 1.09 38.44 1
7 1.49 47.85 1
