Data for Vehicle routing problem with drones - Author: Huyen Do Thi Ngoc
Number of depots: 1
Number of cities: 100
Number of trucks: 3
Number of drones: 5
Area: 100 100 50
Customer maximum demand: 500
Max capacity of truck: 200
Max energy of truck: 5000
Max capacity of drone: 2
Max energy of drone: 50
1 68.29 86.16 27.84
1 7.09 70.19 30.91 285.10 13 22 1
2 10.31 61.93 39.52 333.38 21 47 1
3 63.68 0.36 3.82 310.16 2 41 1
4 52.54 76.75 16.53 354.07 7 29 1
5 21.35 72.48 9.97 322.01 11 20 1
6 80.50 85.22 37.56 219.05 5 6 1
7 80.93 85.34 31.79 164.08 22 39 1
8 88.10 69.10 13.83 421.05 19 22 1
9 75.75 87.65 37.56 493.77 1 4 1
10 19.27 0.82 47.58 387.37 10 23 1
11 77.54 12.82 21.84 125.05 17 27 1
12 61.85 68.72 39.13 476.94 0 28 1
13 73.94 27.51 37.86 53.53 16 43 1
14 32.88 38.04 18.50 320.16 19 41 1
15 73.55 57.27 4.70 476.15 9 40 1
16 64.36 30.76 43.26 222.49 3 9 1
17 69.78 96.24 46.80 410.67 22 31 1
18 45.74 92.73 36.25 352.74 19 27 1
19 51.88 53.36 17.11 410.18 23 28 1
20 9.31 19.09 38.83 306.44 8 45 1
21 8.77 5.00 13.99 145.16 18 21 1
22 94.45 35.59 40.90 314.82 11 24 1
23 88.29 53.49 14.41 367.24 24 40 1
24 25.19 34.61 16.95 435.62 13 19 1
25 9.50 92.11 11.43 409.27 6 15 1
26 5.31 73.44 35.46 463.36 19 35 1
27 39.18 42.04 15.06 428.98 5 26 1
28 20.38 53.18 8.32 185.91 19 19 1
29 24.68 42.62 20.50 95.96 5 47 1
30 46.93 86.43 19.43 147.86 7 20 1
31 4.68 85.25 16.49 167.80 7 39 1
32 8.69 25.52 42.60 304.67 16 24 1
33 73.72 81.51 0.12 302.21 7 27 1
34 27.27 25.82 36.61 161.06 16 36 1
35 10.88 93.69 21.69 422.40 12 48 1
36 82.44 33.13 35.18 146.38 9 29 1
37 36.49 74.02 35.62 465.36 22 38 1
38 78.40 15.57 39.44 102.30 21 27 1
39 27.39 70.33 20.54 112.42 14 15 1
40 70.77 13.71 28.62 337.90 24 30 1
41 4.62 98.30 11.46 137.36 11 25 1
42 91.34 28.26 44.41 255.75 18 26 1
43 84.69 69.30 48.61 498.60 8 43 1
44 10.70 51.53 5.19 89.94 21 38 1
45 77.71 22.68 38.59 294.44 6 23 1
46 66.71 75.11 33.37 273.67 23 41 1
47 45.89 62.44 11.84 210.37 5 23 1
48 64.79 62.79 34.91 101.95 23 28 1
49 99.20 9.98 18.58 262.11 3 39 1
50 58.59 77.17 5.29 381.86 23 38 1
51 21.38 82.03 14.27 208.27 8 34 1
52 89.49 51.10 28.72 350.50 0 6 1
53 7.57 47.47 4.84 309.91 11 27 1
54 8.43 18.08 11.71 51.17 10 16 1
55 35.62 63.15 29.05 251.63 19 21 1
56 86.44 19.40 36.08 51.58 12 13 1
57 90.97 49.61 46.53 139.74 2 14 1
58 84.62 66.87 49.71 456.14 22 33 1
59 39.06 35.64 32.77 203.39 14 18 1
60 58.22 35.11 14.91 316.56 6 40 1
61 62.39 32.13 18.44 375.95 13 23 1
62 1.62 29.60 15.02 138.80 6 42 1
63 12.74 50.97 34.57 280.22 1 40 1
64 74.81 58.15 29.07 467.96 7 41 1
65 29.34 8.06 14.63 324.64 3 40 1
66 62.55 94.58 40.34 182.89 24 45 1
67 5.73 86.93 15.42 96.31 4 45 1
68 5.66 45.42 7.61 396.07 3 48 1
69 72.51 5.05 25.99 362.26 16 25 1
70 72.46 33.86 49.07 359.94 5 34 1
71 19.71 40.30 24.34 463.97 6 41 1
72 38.17 85.84 9.01 323.30 5 11 1
73 7.40 50.15 7.36 331.18 13 35 1
74 44.36 43.22 26.67 61.68 2 15 1
75 0.56 81.30 47.46 345.17 21 28 1
76 61.66 52.65 37.86 207.97 10 30 1
77 62.45 89.91 26.54 484.58 22 39 1
78 70.32 99.50 39.26 443.45 19 42 1
79 65.22 41.73 47.91 118.93 3 45 1
80 24.70 87.19 3.52 154.86 9 41 1
81 95.93 1.95 25.95 360.20 20 41 1
82 61.67 47.01 12.34 360.35 22 31 1
83 3.14 70.67 47.90 430.65 15 25 1
84 94.18 25.53 14.38 289.80 7 37 1
85 54.92 10.58 37.26 346.24 13 41 1
86 26.34 45.79 6.43 368.36 16 40 1
87 34.39 40.85 8.73 324.71 4 28 1
88 50.13 81.77 5.86 114.87 20 46 1
89 72.94 49.10 25.06 279.87 8 31 1
90 15.01 42.55 49.83 127.46 11 35 1
91 15.56 84.27 33.44 401.79 11 37 1
92 48.72 31.07 0.39 361.95 19 45 1
93 80.59 9.26 37.24 439.35 23 34 1
94 93.10 59.31 43.56 141.39 22 40 1
95 21.18 43.12 1.81 76.28 17 36 1
96 89.45 51.27 42.49 89.73 5 28 1
97 69.26 32.60 3.22 410.38 20 33 1
98 69.49 3.98 37.96 376.74 21 43 1
99 71.49 67.24 10.87 89.12 23 45 1
100 35.41 58.07 16.13 465.47 7 25 1
1 139.15 3301.64 1
2 145.49 3452.20 1
3 111.11 3770.61 1
1 1.04 47.29 1
2 1.01 25.18 2
3 1.55 37.72 3
4 2.00 41.89 2
5 1.50 33.72 1
