Data for Vehicle routing problem with drones - Author: Huyen Do Thi Ngoc
Number of depots: 4
Number of cities: 200
Number of trucks: 6
Number of drones: 10
Area: 100 100 50
Customer maximum demand: 500
Max capacity of truck: 200
Max energy of truck: 5000
Max capacity of drone: 2
Max energy of drone: 50
1 74.90 74.73 34.95
2 74.03 93.19 29.05
3 26.73 37.89 44.08
4 88.33 17.03 9.02
1 57.25 6.11 27.21 211.38 1 34 2
2 78.29 80.46 15.20 259.19 8 18 3
3 33.64 96.27 28.53 60.39 11 46 2
4 65.15 30.99 7.46 222.87 1 40 2
5 41.67 61.40 37.09 52.04 1 36 1
6 38.25 30.15 14.84 324.46 22 23 2
7 34.56 43.33 33.49 101.51 0 38 1
8 47.78 7.62 18.95 79.78 4 30 1
9 19.12 15.39 16.86 201.36 20 25 1
10 82.54 38.12 24.92 402.54 8 17 1
11 11.68 84.85 23.31 355.43 20 30 1
12 87.23 42.84 41.58 132.71 20 40 4
13 60.55 2.43 6.87 168.35 9 33 1
14 99.60 31.51 35.03 377.99 5 33 1
15 98.29 78.14 4.97 356.91 12 34 2
16 16.87 46.83 42.05 165.54 10 23 2
17 44.46 17.76 38.40 215.31 20 37 3
18 27.62 62.39 46.22 254.81 0 19 2
19 99.20 28.21 37.29 240.22 24 44 3
20 5.67 20.13 31.68 257.03 7 38 3
21 2.42 55.97 3.62 165.49 23 25 4
22 50.00 11.40 0.50 270.72 22 37 3
23 63.27 0.14 6.09 257.46 10 35 1
24 20.57 14.36 5.32 278.78 12 46 1
25 54.66 43.45 12.91 160.88 24 39 1
26 20.39 4.57 1.08 76.73 6 23 4
27 9.26 56.19 26.92 492.25 9 13 4
28 89.00 19.68 35.44 346.37 1 2 1
29 16.48 85.98 24.52 375.16 1 36 4
30 20.44 50.25 37.73 353.59 17 23 1
31 45.89 35.69 10.74 421.46 7 40 3
32 80.13 1.86 24.76 440.00 22 39 3
33 87.12 32.32 44.26 269.46 6 29 1
34 23.62 48.73 1.02 286.04 18 34 2
35 36.73 33.31 29.08 378.76 3 44 1
36 36.85 91.31 33.90 320.56 6 48 1
37 30.26 1.71 21.99 202.93 18 31 2
38 68.03 49.17 19.61 208.92 3 11 3
39 41.43 6.98 36.24 229.31 23 36 2
40 60.17 58.88 43.97 163.70 19 32 1
41 40.52 47.69 11.93 228.73 19 34 1
42 62.67 48.75 1.16 487.99 10 30 1
43 2.80 34.30 31.76 284.08 10 12 3
44 49.04 93.97 30.32 314.90 6 7 4
45 66.83 25.43 44.17 410.54 8 12 4
46 39.51 24.67 4.90 54.85 4 26 2
47 97.61 86.39 7.32 137.84 21 43 4
48 57.59 98.80 48.76 119.31 11 20 4
49 15.68 86.87 45.51 255.80 8 45 1
50 34.85 63.24 41.37 283.10 17 43 1
51 74.17 86.16 32.12 93.56 5 42 2
52 87.76 56.07 12.74 149.20 20 46 4
53 90.24 98.87 14.23 240.23 17 28 3
54 45.66 24.33 32.44 389.63 18 33 2
55 53.48 46.56 0.94 269.45 7 26 1
56 68.20 72.65 33.99 496.13 16 42 1
57 65.18 80.08 26.03 146.27 0 13 1
58 10.26 20.32 45.60 398.20 18 39 3
59 41.77 39.25 15.64 201.07 18 31 2
60 60.09 97.17 17.57 292.94 23 26 4
61 1.62 41.05 30.75 497.64 7 18 1
62 90.91 45.87 1.66 459.17 17 30 4
63 75.47 67.23 40.00 269.48 7 25 2
64 9.24 48.07 19.30 227.90 12 18 3
65 34.61 58.76 17.94 89.36 21 32 3
66 20.20 3.32 43.64 332.98 14 33 4
67 58.20 90.96 43.25 453.95 15 32 3
68 15.90 64.79 31.20 253.90 4 22 1
69 10.58 86.89 8.68 313.11 18 21 1
70 88.38 10.07 20.50 207.43 13 27 3
71 41.66 67.27 42.60 98.79 13 19 3
72 53.72 84.68 27.48 428.51 12 38 4
73 24.64 29.76 13.77 156.35 24 37 3
74 15.29 95.85 17.45 236.86 24 27 2
75 88.48 88.15 14.11 296.29 23 23 1
76 73.43 15.24 7.70 113.90 10 32 3
77 75.44 14.75 42.22 414.92 21 27 4
78 99.60 15.65 8.36 451.01 19 45 4
79 95.71 14.52 28.72 446.71 4 4 2
80 65.63 68.11 31.48 345.37 5 41 4
81 56.86 76.56 27.96 216.72 2 43 4
82 68.99 69.51 34.22 244.11 16 22 1
83 33.68 32.82 12.16 467.59 15 18 2
84 67.10 64.49 34.40 104.82 21 44 3
85 1.60 98.42 32.27 188.86 12 27 2
86 35.66 90.51 42.37 377.32 6 48 2
87 52.87 13.64 23.87 296.84 8 33 4
88 33.97 1.68 16.84 428.98 23 37 2
89 1.67 94.06 0.57 143.40 13 37 4
90 94.67 16.96 45.61 133.97 21 39 2
91 1.25 51.38 8.28 67.85 20 43 4
92 86.24 47.55 24.97 196.89 8 23 1
93 53.78 41.81 39.17 222.44 22 23 1
94 36.12 75.08 2.60 333.66 3 47 4
95 65.21 81.02 4.44 358.21 4 21 2
96 78.43 69.52 15.04 280.15 10 16 3
97 44.73 45.35 45.40 472.28 18 31 2
98 2.95 27.85 2.46 378.47 23 48 3
99 27.96 53.83 44.60 211.10 5 36 4
100 28.80 48.52 34.46 398.84 20 42 3
101 1.32 10.67 29.47 431.02 7 43 3
102 53.85 7.43 32.89 204.33 10 11 1
103 2.64 96.89 11.60 68.91 12 21 2
104 94.42 78.66 34.93 422.65 21 22 4
105 58.91 73.61 11.80 199.68 20 24 2
106 0.27 9.24 15.91 188.43 7 27 2
107 5.90 93.74 26.49 198.19 9 31 2
108 7.84 88.46 21.26 261.22 12 31 2
109 23.57 45.81 8.71 297.19 16 43 3
110 12.93 60.10 18.92 380.67 2 44 1
111 0.14 92.31 45.29 406.26 16 38 2
112 32.11 95.00 44.30 247.38 5 13 1
113 63.90 64.63 16.68 426.99 1 48 4
114 82.96 83.64 49.18 371.17 10 37 2
115 78.66 7.81 2.57 242.44 14 37 3
116 1.17 20.68 31.32 432.38 11 47 2
117 50.77 71.08 13.02 281.54 23 39 2
118 42.78 53.02 43.18 79.33 12 33 1
119 50.26 39.64 36.56 279.27 6 36 3
120 83.91 91.23 48.90 375.83 6 9 3
121 0.59 92.75 5.13 130.66 19 43 1
122 79.91 73.42 19.12 181.91 23 23 4
123 19.58 17.82 26.93 477.67 11 17 4
124 44.11 78.57 48.24 445.21 16 18 1
125 66.56 16.04 20.66 99.82 15 20 2
126 13.53 13.59 40.84 410.65 20 48 3
127 16.19 72.41 49.71 259.75 14 35 3
128 52.89 25.73 33.48 385.60 10 46 4
129 85.66 51.41 14.75 174.43 7 30 1
130 59.03 5.69 28.69 438.65 15 30 2
131 78.37 42.37 34.69 73.02 15 41 4
132 31.57 20.49 11.84 277.29 2 48 3
133 53.72 6.61 22.82 222.94 24 31 4
134 88.89 84.32 8.19 217.00 17 48 3
135 23.11 56.04 37.88 72.32 9 37 3
136 50.42 97.49 45.05 453.65 16 39 1
137 91.50 75.35 12.24 334.27 20 42 4
138 6.29 7.80 48.98 146.17 12 31 4
139 45.10 66.33 39.89 388.63 18 30 4
140 72.75 7.73 6.24 211.48 9 37 3
141 66.40 53.21 37.62 61.85 4 14 2
142 10.38 76.98 21.47 231.46 8 11 4
143 36.52 0.55 12.61 338.18 0 32 2
144 66.85 89.83 6.63 68.56 21 43 1
145 91.93 77.89 45.41 300.21 10 12 3
146 96.42 10.90 1.76 321.70 21 34 4
147 82.03 87.29 47.75 153.97 19 22 3
148 41.81 2.59 3.22 266.07 16 36 3
149 81.34 93.54 34.05 101.11 3 31 1
150 18.89 39.47 29.57 489.02 21 23 2
151 30.33 48.87 19.44 155.09 17 46 4
152 34.33 90.61 9.13 460.24 13 33 2
153 2.44 65.12 14.17 422.64 5 19 3
154 64.71 85.39 44.33 479.77 2 7 4
155 46.27 10.18 13.16 260.29 9 20 3
156 93.20 60.46 14.98 281.87 22 43 4
157 80.20 18.01 40.86 196.31 22 41 2
158 88.43 76.26 38.96 331.63 7 38 1
159 81.51 73.34 47.33 232.76 18 21 4
160 39.12 61.48 39.66 202.42 11 17 2
161 6.40 65.68 40.22 132.20 5 37 3
162 52.41 79.96 10.72 91.40 11 37 4
163 54.67 72.05 37.29 138.65 2 35 3
164 96.14 5.04 5.55 184.08 11 46 4
165 35.84 39.49 14.36 70.17 17 41 1
166 76.00 63.10 41.94 155.04 10 47 3
167 33.16 89.51 13.62 151.47 22 29 2
168 44.64 50.54 10.58 114.79 11 31 4
169 45.06 50.59 42.98 55.45 12 19 1
170 94.58 44.39 17.46 120.29 15 32 2
171 82.21 1.42 48.28 248.06 11 35 3
172 43.25 5.07 22.52 252.59 11 28 3
173 13.81 63.86 20.20 208.51 24 25 4
174 86.00 17.40 43.70 380.10 15 19 4
175 95.35 26.28 44.70 243.51 23 37 1
176 59.18 38.58 7.92 72.66 14 21 3
177 89.31 12.71 4.20 208.33 14 35 4
178 39.98 4.39 41.49 476.53 19 31 2
179 71.74 95.70 49.62 308.71 11 32 1
180 84.45 62.12 27.04 206.18 21 41 2
181 31.79 0.32 10.05 175.73 24 35 4
182 99.71 12.73 48.63 388.13 24 32 4
183 77.29 74.96 25.46 491.82 7 33 4
184 98.51 45.51 23.73 173.93 10 12 1
185 26.14 5.88 23.60 313.79 0 39 2
186 88.14 28.20 5.27 236.34 5 30 4
187 18.52 62.28 38.76 314.15 0 21 4
188 36.41 32.94 29.17 296.04 20 48 3
189 76.71 33.56 2.16 276.65 6 8 3
190 92.00 23.77 2.79 394.82 13 27 3
191 60.76 60.42 8.62 372.30 11 46 1
192 53.68 50.63 0.01 275.22 23 29 2
193 47.56 59.06 11.57 55.16 14 35 2
194 13.81 94.78 30.32 283.74 16 45 2
195 62.51 54.20 31.42 480.64 0 1 2
196 58.85 22.14 34.07 125.22 3 8 2
197 99.75 15.72 8.65 269.03 8 41 1
198 35.78 89.71 4.30 329.37 19 19 1
199 25.17 99.71 0.10 342.23 20 22 3
200 81.64 64.85 38.02 251.95 1 14 3
1 138.15 3172.16 1
2 197.63 3216.20 2
3 183.40 3616.59 3
4 116.53 2944.33 4
5 198.75 2941.73 1
6 121.25 3864.36 3
1 1.75 31.41 5
2 1.92 28.65 3
3 1.19 36.62 5
4 1.20 37.65 3
5 1.54 36.98 6
6 1.98 34.93 4
7 1.75 37.00 5
8 1.51 49.65 4
9 1.06 39.72 4
10 1.15 36.29 3
