Data for Vehicle routing problem with drones - Author: Huyen Do Thi Ngoc
Number of depots: 2
Number of cities: 200
Number of trucks: 2
Number of drones: 3
Area: 100 100 50
Customer maximum demand: 500
Max capacity of truck: 200
Max energy of truck: 5000
Max capacity of drone: 2
Max energy of drone: 50
1 4.30 1.71 18.42
2 78.32 61.03 38.49
1 73.84 69.71 44.32 232.89 5 35 1
2 22.71 48.25 6.29 92.69 19 36 1
3 27.56 36.30 43.20 63.11 23 36 2
4 45.76 19.90 6.59 139.09 1 17 1
5 28.98 61.85 23.48 276.47 21 31 1
6 28.06 53.25 14.33 231.90 6 28 2
7 20.71 83.98 10.43 424.21 9 10 2
8 36.32 20.53 6.55 117.57 16 36 2
9 46.93 12.29 18.59 190.02 3 19 2
10 15.70 92.08 27.44 308.72 13 48 2
11 8.77 47.32 20.20 104.82 22 33 1
12 23.95 44.93 47.18 336.64 21 48 1
13 87.73 46.79 16.43 177.95 6 9 1
14 80.18 56.29 29.87 482.41 9 36 1
15 26.02 44.28 48.77 107.23 5 26 2
16 29.22 38.47 46.02 83.74 3 17 1
17 85.93 90.37 25.51 399.75 2 19 1
18 63.90 71.17 6.58 134.73 1 39 1
19 7.96 47.69 46.10 452.96 8 14 1
20 1.96 14.89 15.85 463.63 7 27 1
21 9.76 8.25 33.91 109.17 6 31 1
22 8.30 15.04 1.28 394.40 9 34 2
23 98.22 74.08 12.47 491.78 22 38 1
24 10.72 50.79 14.91 180.51 7 39 2
25 47.04 84.54 34.27 352.68 21 38 2
26 61.79 32.04 16.55 91.06 5 43 2
27 52.22 31.22 8.22 334.99 0 30 1
28 2.44 36.51 13.30 180.90 23 23 2
29 46.04 46.41 22.97 464.01 3 33 2
30 75.27 0.16 23.02 222.60 7 39 1
31 30.06 34.28 10.60 114.71 6 45 1
32 48.33 28.46 32.11 275.87 19 35 2
33 76.79 51.45 18.67 244.87 23 36 2
34 34.30 0.69 24.35 244.52 12 37 2
35 75.01 27.90 47.32 298.38 20 23 1
36 75.49 35.27 2.33 487.95 5 9 1
37 45.29 53.87 20.78 176.91 11 19 1
38 46.16 33.66 8.77 294.54 8 43 2
39 27.61 2.59 26.49 218.74 20 25 1
40 4.43 69.66 11.21 108.83 20 42 1
41 15.98 37.77 9.86 420.58 14 28 1
42 54.84 89.00 37.95 242.81 5 47 2
43 71.04 87.58 40.71 457.12 9 39 1
44 5.76 98.82 16.79 171.56 9 28 2
45 75.62 52.33 29.87 364.31 4 35 1
46 75.44 64.83 44.40 215.33 22 47 2
47 31.43 59.31 8.09 200.27 22 28 2
48 61.56 33.15 1.98 380.29 7 37 1
49 12.45 25.20 36.36 84.78 2 32 1
50 8.34 51.91 8.62 465.09 23 46 1
51 0.06 65.59 25.38 82.71 24 33 1
52 24.61 67.65 46.84 411.70 21 31 2
53 45.71 0.27 6.63 204.23 2 17 1
54 78.12 64.69 27.90 163.24 5 40 1
55 49.04 88.72 32.94 185.32 3 28 2
56 2.38 76.14 8.45 196.81 11 27 1
57 41.29 74.33 1.19 349.20 3 5 2
58 22.71 4.37 8.92 441.63 17 43 2
59 45.46 32.39 6.13 116.93 4 32 2
60 36.24 67.52 43.64 420.89 1 17 1
61 96.16 83.34 30.19 421.42 14 19 1
62 45.91 10.01 15.31 408.72 11 24 2
63 93.70 24.34 20.66 190.46 24 39 1
64 68.57 97.21 0.60 340.20 19 43 2
65 84.50 86.02 21.78 396.10 22 34 1
66 10.80 30.33 1.99 173.43 12 37 1
67 90.56 35.85 21.89 253.58 23 35 1
68 27.01 70.45 29.71 484.85 7 9 1
69 21.79 53.72 19.87 75.15 23 41 2
70 72.60 53.47 16.52 458.80 4 34 1
71 42.49 53.05 34.27 199.96 9 42 2
72 70.58 23.77 12.98 250.05 5 5 2
73 30.04 40.21 18.27 240.52 21 36 1
74 52.82 16.77 13.47 377.24 1 47 2
75 53.01 47.29 29.87 387.49 16 21 1
76 59.79 95.66 33.48 226.71 9 37 1
77 5.16 38.17 36.79 171.97 0 5 2
78 94.02 69.26 34.24 319.84 19 24 2
79 82.02 34.91 2.32 285.05 21 23 1
80 11.62 93.64 14.68 73.07 16 39 2
81 34.86 57.82 26.04 278.27 3 34 1
82 84.51 1.87 12.09 499.83 13 42 2
83 3.25 93.89 22.90 465.10 7 48 1
84 23.39 68.66 42.72 74.15 19 24 1
85 24.85 80.44 48.54 411.94 14 25 1
86 47.17 82.11 21.06 242.20 21 42 1
87 62.06 26.27 46.03 431.89 3 17 1
88 70.47 18.90 47.07 440.28 8 47 1
89 68.98 4.87 19.47 293.18 13 33 2
90 30.11 46.84 27.97 308.04 18 25 1
91 88.57 70.46 24.68 297.88 7 42 1
92 54.28 92.05 47.46 430.48 8 27 2
93 62.37 69.62 39.93 168.93 11 17 1
94 85.60 78.96 4.36 157.29 12 43 2
95 44.77 75.90 0.57 222.49 13 32 2
96 11.73 31.91 43.62 369.18 13 16 1
97 81.07 84.87 43.13 462.73 12 15 2
98 96.48 9.49 1.28 345.87 14 38 2
99 9.91 57.34 16.92 381.93 13 15 1
100 50.39 27.24 5.70 333.81 6 10 1
101 50.80 33.97 5.71 305.05 0 17 2
102 67.77 62.62 5.38 279.43 2 4 2
103 16.41 12.02 44.45 226.44 7 19 2
104 89.56 83.37 26.98 427.45 14 43 1
105 82.24 19.11 27.65 71.99 14 14 1
106 80.18 94.56 27.81 153.33 23 25 2
107 63.66 92.50 21.30 471.69 19 34 1
108 82.86 80.52 13.39 261.77 20 26 1
109 0.82 42.94 12.74 235.09 1 34 2
110 9.62 28.25 7.81 243.18 8 9 1
111 98.61 29.50 32.94 353.24 23 44 2
112 69.13 5.90 4.16 240.26 22 35 1
113 76.34 25.08 28.93 386.90 3 31 2
114 20.68 71.86 3.41 237.98 9 23 2
115 31.91 6.88 13.47 143.93 6 32 2
116 37.63 56.97 48.37 207.13 7 19 1
117 88.09 86.53 34.19 256.52 6 15 2
118 28.69 64.79 24.85 144.90 18 25 1
119 76.87 58.19 26.83 376.44 23 24 1
120 86.58 32.54 38.27 85.79 24 29 2
121 43.97 92.25 34.17 182.30 6 11 1
122 20.85 60.00 48.58 408.40 17 19 1
123 36.94 15.40 13.73 87.24 21 43 2
124 24.33 54.33 10.95 213.80 6 23 1
125 1.40 64.66 17.16 214.44 4 4 1
126 32.31 14.48 33.15 392.65 1 45 2
127 78.76 47.66 19.77 82.54 4 28 1
128 58.19 64.26 29.77 88.68 22 27 1
129 92.72 58.35 41.22 50.97 12 45 2
130 27.63 56.84 20.63 282.36 17 47 2
131 3.07 52.92 1.45 273.70 8 43 1
132 11.03 95.62 48.96 379.41 19 33 2
133 28.49 52.12 18.83 292.10 22 30 2
134 85.08 62.85 9.27 158.91 4 17 1
135 65.19 57.83 35.80 62.66 2 13 2
136 29.74 22.99 7.09 334.05 5 18 1
137 13.91 18.08 41.88 486.18 5 44 1
138 58.57 7.04 20.65 304.77 3 33 1
139 4.28 78.84 8.22 275.93 24 26 1
140 1.97 81.26 17.09 316.18 13 42 2
141 30.63 26.57 10.03 355.49 20 25 1
142 88.83 18.65 47.16 345.43 14 29 2
143 6.56 49.00 8.42 491.40 3 44 1
144 63.07 87.96 4.08 231.24 23 35 2
145 47.81 38.47 20.12 480.85 2 36 2
146 78.60 76.44 27.43 67.98 0 24 1
147 65.24 55.63 26.28 221.61 22 40 2
148 69.80 31.65 15.53 484.85 4 13 2
149 29.46 31.41 19.89 265.25 19 42 1
150 79.66 52.11 28.04 442.98 13 20 1
151 86.70 23.37 27.13 102.22 24 34 2
152 71.50 93.92 16.50 228.36 23 28 1
153 56.35 90.99 42.30 119.11 16 24 1
154 3.37 98.89 5.21 400.85 17 39 2
155 72.76 13.39 37.95 105.31 21 33 1
156 50.04 54.19 32.13 404.62 5 19 2
157 18.30 79.98 28.04 497.35 21 30 2
158 82.71 23.84 25.01 329.29 3 27 2
159 16.71 54.98 43.44 458.23 11 12 1
160 3.33 28.96 2.13 462.04 23 39 1
161 46.60 45.10 46.22 97.82 24 31 2
162 81.56 71.49 24.30 226.15 16 44 1
163 5.10 28.40 25.63 416.18 2 26 1
164 33.16 8.71 42.40 243.01 10 48 2
165 68.42 98.27 9.81 307.26 2 21 2
166 8.16 42.64 18.93 273.39 5 25 2
167 16.61 88.41 40.23 201.59 13 19 1
168 44.49 88.11 37.35 68.43 5 45 2
169 69.81 36.54 9.16 276.58 10 30 2
170 71.61 30.88 20.96 123.94 23 33 2
171 1.24 93.31 23.12 245.56 24 40 1
172 99.55 58.15 35.66 491.73 8 15 1
173 89.29 71.59 48.63 496.26 11 18 2
174 74.76 41.10 44.76 164.25 7 46 2
175 27.02 24.49 11.86 354.67 2 25 2
176 4.49 86.16 20.94 195.29 20 21 1
177 18.65 39.61 1.90 287.07 14 26 2
178 96.50 7.45 39.89 371.19 24 36 1
179 14.22 56.88 21.40 283.63 10 32 1
180 94.60 19.47 17.27 447.16 1 31 1
181 85.17 62.92 49.60 235.95 12 17 2
182 27.68 41.70 48.37 96.33 18 26 2
183 42.49 82.34 5.75 380.76 19 28 1
184 56.46 70.17 13.95 466.76 9 25 1
185 68.79 33.80 7.96 460.03 16 24 1
186 17.02 53.35 8.74 74.99 13 48 1
187 54.26 77.90 36.33 332.67 23 30 1
188 36.96 91.03 20.10 295.44 13 46 1
189 35.67 14.25 0.70 496.66 12 43 1
190 69.92 56.67 49.65 261.12 21 33 1
191 71.64 76.08 0.19 143.31 21 27 2
192 40.90 78.75 40.48 411.05 7 30 2
193 4.14 15.25 43.30 348.18 9 20 1
194 20.30 38.25 45.12 214.57 3 35 2
195 48.51 30.32 3.20 219.71 16 22 1
196 84.74 88.33 0.98 274.09 5 31 1
197 56.29 59.04 26.04 224.04 11 36 1
198 48.01 69.45 17.90 58.88 9 24 1
199 70.02 65.17 32.54 415.00 22 41 1
200 78.79 15.20 30.80 440.55 24 29 2
1 168.86 4245.53 1
2 157.80 2553.77 2
1 1.88 41.72 1
2 1.13 26.07 1
3 1.49 26.74 2
