Data for Vehicle routing problem with drones - Author: Huyen Do Thi Ngoc
Number of depots: 5
Number of cities: 500
Number of trucks: 10
Number of drones: 10
Area: 100 100 50
Customer maximum demand: 500
Max capacity of truck: 200
Max energy of truck: 5000
Max capacity of drone: 2
Max energy of drone: 50
1 11.27 91.13 6.05
2 37.65 98.00 38.88
3 60.80 76.85 48.64
4 17.17 77.85 43.81
5 66.87 98.78 0.43
1 75.58 38.56 34.06 118.94 1 23 5
2 39.54 88.89 15.68 146.63 19 48 2
3 86.16 51.20 25.02 464.21 4 19 2
4 41.33 81.90 4.90 200.81 12 17 4
5 93.22 65.88 18.65 419.39 18 29 1
6 72.05 61.26 3.76 104.76 16 37 5
7 60.59 47.66 15.82 243.52 24 37 2
8 36.60 75.81 31.37 215.79 17 40 5
9 42.70 99.64 14.10 207.92 11 28 1
10 2.15 67.98 34.44 92.69 21 27 1
11 61.16 5.96 28.36 295.76 16 32 4
12 80.44 89.90 19.36 226.46 19 31 4
13 57.76 56.49 19.40 318.68 15 26 1
14 18.52 55.16 18.70 66.21 24 29 4
15 69.96 76.98 29.29 302.54 21 37 1
16 38.91 50.07 13.92 452.57 21 44 3
17 42.77 11.51 4.73 173.33 24 44 3
18 73.72 35.66 8.26 101.40 21 33 2
19 66.45 77.39 6.93 111.31 6 45 3
20 36.98 15.55 47.24 141.61 21 29 1
21 91.85 88.16 1.54 67.11 14 34 5
22 94.41 15.69 19.22 67.10 16 47 2
23 4.66 92.19 30.99 445.26 4 37 5
24 35.69 7.88 17.06 125.90 12 43 3
25 42.87 71.40 36.69 221.62 7 14 2
26 66.39 7.35 8.97 378.99 16 40 1
27 38.16 54.96 44.63 95.59 3 15 5
28 45.32 94.50 45.82 475.48 9 15 3
29 7.83 88.75 11.31 254.60 1 39 1
30 88.12 61.37 21.22 72.72 5 21 3
31 98.86 1.72 36.33 439.13 2 9 5
32 79.04 4.72 23.60 353.29 21 28 4
33 51.11 62.32 43.31 50.84 19 44 4
34 37.24 32.45 39.18 102.80 7 21 3
35 40.85 91.90 35.47 277.87 17 46 3
36 89.33 18.24 18.20 366.17 18 30 3
37 40.97 98.44 12.64 415.81 11 36 1
38 66.64 40.57 42.94 224.59 9 24 3
39 97.91 39.66 13.13 388.42 20 40 5
40 46.29 38.71 14.24 496.45 17 39 2
41 15.46 79.96 24.42 418.65 6 42 1
42 6.89 77.47 39.94 343.08 16 47 3
43 96.41 41.78 45.69 380.48 7 36 4
44 42.11 89.32 26.21 241.22 19 22 5
45 86.38 41.77 17.76 484.26 16 41 1
46 78.33 81.70 7.49 445.75 21 28 2
47 37.20 56.30 47.36 444.49 24 31 5
48 20.79 35.84 29.26 191.59 8 23 1
49 35.03 72.31 5.97 300.56 11 13 1
50 25.56 47.78 31.17 120.75 13 48 1
51 40.73 92.51 16.65 60.71 7 46 1
52 72.06 0.79 29.34 406.27 24 35 3
53 99.24 84.70 31.39 230.27 10 46 1
54 70.64 9.46 15.62 479.15 15 42 2
55 90.07 50.11 19.79 248.71 2 23 5
56 18.36 27.07 15.59 332.53 21 23 4
57 18.57 37.42 18.70 64.45 22 28 4
58 35.59 92.07 30.87 373.91 1 26 1
59 89.41 84.33 4.96 177.26 16 21 4
60 26.24 98.38 0.65 298.55 7 8 4
61 56.46 3.48 45.20 472.68 7 20 3
62 32.17 17.09 1.12 473.92 10 30 1
63 33.58 17.79 11.23 155.94 3 13 2
64 19.11 19.74 33.08 344.38 6 12 5
65 84.49 4.01 32.82 271.41 6 38 2
66 18.26 46.12 0.90 217.40 4 17 3
67 56.53 17.51 42.17 472.33 4 41 4
68 63.65 98.67 30.64 101.41 13 24 2
69 41.10 64.52 11.38 131.23 7 23 3
70 61.68 45.76 22.83 172.92 15 36 3
71 99.27 57.64 26.24 168.97 14 47 2
72 27.52 24.61 2.39 106.49 23 36 2
73 42.65 81.88 30.75 471.71 1 29 4
74 11.13 92.84 39.50 302.31 9 24 4
75 10.33 56.30 35.10 91.18 23 30 5
76 29.62 87.76 43.20 483.10 20 20 1
77 26.79 33.12 35.37 52.84 22 43 1
78 93.82 2.86 4.00 122.51 11 19 4
79 51.11 98.53 48.59 397.91 10 13 2
80 61.18 33.19 31.01 379.50 13 24 5
81 78.09 0.75 31.62 282.55 20 32 1
82 71.72 12.44 42.36 335.70 9 40 2
83 1.72 97.49 7.48 167.08 1 42 2
84 57.32 11.83 35.42 211.35 5 21 2
85 46.09 10.70 31.23 182.76 13 17 2
86 98.93 55.37 42.65 199.93 20 31 2
87 65.35 77.30 7.05 283.96 2 37 5
88 27.90 64.51 14.47 197.77 10 24 2
89 83.06 21.19 38.83 232.95 10 42 4
90 31.02 54.64 18.47 281.73 0 24 3
91 84.97 69.62 16.00 320.05 20 37 3
92 92.53 79.85 35.91 208.03 16 28 5
93 72.81 90.24 24.57 483.23 5 10 2
94 53.07 57.22 20.27 432.72 22 29 5
95 25.06 4.77 11.33 354.03 22 41 2
96 5.00 73.56 42.19 385.27 15 35 5
97 60.40 43.17 19.71 444.52 8 45 2
98 53.84 14.15 20.34 284.05 3 24 4
99 93.72 28.03 30.41 310.58 21 30 2
100 35.76 84.15 36.20 227.27 22 25 2
101 18.34 46.01 10.17 192.98 14 14 2
102 85.72 15.20 42.18 462.26 15 33 2
103 62.14 50.67 28.02 267.75 15 25 3
104 40.36 65.13 39.10 434.20 9 10 5
105 64.46 81.02 33.17 284.72 20 27 2
106 11.04 44.53 44.72 384.41 19 48 2
107 16.95 2.83 19.19 426.87 13 37 2
108 30.70 66.13 18.69 66.63 12 43 1
109 78.47 64.81 2.67 215.77 7 8 1
110 92.96 13.30 8.24 236.80 18 33 3
111 59.12 65.79 30.80 94.28 12 20 4
112 51.30 55.52 29.77 96.07 11 16 5
113 63.71 82.62 40.90 338.50 20 44 2
114 1.57 10.72 4.33 192.66 20 38 5
115 21.37 67.23 11.79 185.59 14 19 1
116 19.81 99.52 47.20 208.20 7 16 4
117 34.40 12.97 29.01 488.07 0 3 1
118 62.46 19.21 24.90 86.99 24 36 3
119 45.57 13.66 38.12 167.28 22 30 4
120 33.20 23.50 36.93 161.40 8 9 3
121 36.66 13.38 33.83 169.24 14 20 3
122 22.70 99.92 5.75 347.44 18 32 4
123 77.64 75.85 27.26 218.51 4 9 5
124 83.06 78.90 9.64 171.25 3 34 2
125 41.18 6.84 0.83 262.10 12 24 4
126 41.84 92.37 10.83 202.47 21 39 4
127 48.05 23.15 35.84 478.50 3 7 2
128 45.48 63.49 48.96 347.94 3 34 2
129 72.59 88.53 8.15 476.99 17 18 2
130 16.98 12.72 47.36 356.13 3 14 5
131 7.34 62.66 15.11 183.82 23 29 5
132 78.89 44.33 0.68 174.15 24 37 4
133 27.18 27.10 46.91 378.92 5 14 4
134 16.17 60.36 39.50 125.41 5 41 5
135 23.27 39.73 32.73 299.08 1 11 5
136 64.95 34.68 19.55 295.80 23 26 1
137 88.64 68.64 38.72 374.45 14 48 4
138 26.43 15.03 42.64 202.56 4 15 3
139 78.35 49.90 49.20 122.52 7 12 5
140 70.38 43.18 46.44 60.78 11 25 4
141 91.21 9.65 26.58 301.79 11 47 1
142 81.62 71.64 13.55 402.44 7 9 2
143 38.80 12.93 39.37 224.62 13 13 5
144 59.60 18.00 7.04 446.98 15 36 3
145 33.51 8.09 39.78 275.88 24 33 1
146 98.06 26.09 24.67 179.12 24 30 4
147 49.41 38.01 11.96 456.27 12 39 1
148 5.28 41.84 24.64 426.73 14 34 2
149 27.64 86.70 24.42 148.95 24 24 5
150 1.64 7.58 11.10 295.52 1 16 2
151 94.31 25.02 16.79 464.90 10 11 5
152 11.03 6.65 26.34 99.37 20 37 3
153 86.25 89.06 4.48 61.06 23 28 3
154 43.86 85.89 22.74 132.67 1 48 1
155 22.18 15.69 8.09 283.28 19 31 2
156 76.58 9.65 12.58 173.13 22 25 1
157 27.90 27.89 41.92 125.69 6 8 1
158 88.64 44.72 19.69 348.27 3 16 4
159 39.02 2.02 30.83 361.77 15 16 1
160 13.41 35.54 20.44 347.11 18 18 3
161 41.18 66.70 2.85 300.52 8 48 3
162 62.56 48.96 1.59 314.64 4 18 3
163 46.26 4.95 4.78 490.70 19 21 1
164 76.09 19.02 3.19 271.49 4 44 5
165 48.88 17.17 14.99 224.53 12 46 2
166 4.00 56.47 3.83 469.08 6 11 4
167 35.76 57.62 24.39 119.29 0 33 1
168 80.20 74.36 30.81 259.02 12 36 3
169 87.28 54.08 35.56 244.71 8 48 4
170 13.04 74.20 37.04 400.00 2 5 4
171 35.92 50.51 26.32 410.77 8 47 2
172 25.03 7.40 20.06 461.59 16 46 1
173 49.20 68.45 35.95 400.81 0 37 4
174 74.44 67.18 40.99 441.47 16 29 4
175 99.47 89.88 41.65 77.42 20 20 5
176 79.09 61.11 31.50 380.30 7 41 1
177 35.02 9.28 38.61 138.39 3 27 4
178 27.23 25.22 2.42 324.41 5 22 3
179 59.32 79.74 12.34 117.30 1 19 5
180 30.48 57.46 41.83 384.06 6 48 5
181 19.15 4.29 30.88 144.06 12 31 3
182 34.38 58.70 11.20 320.81 19 41 3
183 68.58 78.09 46.76 345.92 0 6 1
184 79.53 68.91 25.19 71.89 5 44 3
185 95.69 94.80 7.84 265.05 19 34 3
186 41.11 8.89 48.45 397.09 16 39 1
187 1.30 93.58 19.13 229.77 0 45 1
188 49.18 37.95 10.44 170.68 17 36 3
189 80.66 11.96 6.19 87.69 24 35 5
190 30.02 80.29 43.67 215.60 0 13 2
191 68.70 66.76 48.15 97.27 17 32 5
192 27.21 9.20 34.86 300.17 20 37 2
193 2.37 80.61 25.78 237.34 9 31 3
194 44.48 28.69 24.21 102.24 1 24 2
195 61.82 64.70 42.40 420.63 4 41 3
196 21.04 51.47 11.60 346.03 20 31 3
197 28.94 26.04 34.99 329.05 9 18 2
198 4.39 2.60 11.31 88.69 21 30 4
199 60.24 48.00 4.18 213.72 23 45 2
200 41.88 72.21 14.06 426.52 22 23 2
201 17.39 88.89 29.07 328.63 7 31 1
202 3.67 26.29 7.11 278.53 3 6 3
203 46.59 12.79 38.77 77.99 23 38 1
204 85.77 7.92 5.09 449.26 11 39 2
205 2.83 68.71 12.00 253.98 3 36 4
206 0.16 53.90 27.21 472.07 13 36 3
207 95.13 14.42 40.34 359.37 3 13 3
208 98.00 64.89 17.81 289.10 17 19 5
209 68.55 96.14 39.64 296.14 16 39 2
210 30.87 22.24 15.96 402.11 19 30 5
211 91.79 35.39 4.98 140.48 3 10 1
212 95.68 34.66 49.25 71.05 1 20 2
213 32.62 71.47 7.97 59.31 2 48 1
214 45.48 34.80 26.71 436.84 22 32 3
215 45.42 33.35 38.56 150.74 18 31 3
216 21.89 68.73 18.11 79.12 16 22 5
217 47.31 18.97 9.69 220.33 6 34 4
218 17.42 17.43 11.98 269.56 10 19 5
219 9.40 60.22 47.58 322.07 6 23 2
220 86.76 18.05 9.21 302.85 15 17 2
221 34.82 56.12 17.94 361.54 21 39 2
222 88.93 13.59 31.78 429.15 17 35 2
223 87.11 72.36 31.80 449.34 19 45 5
224 96.22 24.13 23.40 215.99 23 35 3
225 32.55 84.19 30.41 301.16 10 40 3
226 94.53 20.40 24.79 360.36 6 24 5
227 92.47 69.35 39.24 143.95 10 23 2
228 85.87 20.09 43.64 177.44 0 3 4
229 34.22 67.38 37.92 329.86 1 18 2
230 79.47 13.65 20.20 247.53 20 35 3
231 59.11 72.50 42.11 228.95 17 19 4
232 93.87 87.03 46.64 207.75 13 21 1
233 87.88 90.73 48.61 344.86 22 22 4
234 56.46 2.33 32.58 62.22 12 19 1
235 47.51 60.03 12.00 465.52 22 22 5
236 59.81 17.89 3.20 452.45 1 15 5
237 90.60 66.92 44.09 307.67 9 13 5
238 25.50 12.36 20.18 224.98 7 31 2
239 39.36 96.80 5.93 396.23 10 31 5
240 1.79 64.65 12.97 237.04 15 21 3
241 53.76 92.92 40.70 487.17 9 13 5
242 31.32 64.10 29.47 168.43 14 31 1
243 44.26 26.04 11.11 386.52 6 19 5
244 36.35 80.14 45.46 253.29 8 19 3
245 94.38 29.06 24.15 177.41 17 39 5
246 39.86 37.02 35.92 434.53 19 42 5
247 8.61 16.86 37.14 435.08 9 23 2
248 69.12 4.64 6.87 353.55 10 18 1
249 46.91 98.30 14.42 94.16 9 12 3
250 15.68 44.09 24.18 219.53 22 23 2
251 86.40 47.72 23.44 296.97 0 36 5
252 59.42 89.37 3.30 56.39 12 28 5
253 49.31 81.92 1.34 204.55 15 19 4
254 43.56 8.88 14.83 272.53 21 34 3
255 3.36 84.70 39.08 58.21 16 35 5
256 13.63 12.12 33.51 158.58 12 15 5
257 82.37 93.28 1.97 132.05 21 35 1
258 23.07 25.76 39.68 205.66 3 9 3
259 89.88 63.76 38.02 477.03 24 37 2
260 7.71 42.25 26.21 59.01 13 43 3
261 91.56 59.69 29.58 485.80 21 29 3
262 53.96 8.14 33.92 181.63 23 31 4
263 38.64 40.54 24.94 217.96 24 28 3
264 84.42 49.95 17.17 332.66 1 16 3
265 99.03 84.35 14.77 281.68 20 21 5
266 33.92 61.81 18.18 413.13 2 44 3
267 92.23 61.40 49.09 245.60 5 31 5
268 7.70 22.01 36.10 472.68 18 32 3
269 8.07 41.25 0.59 301.88 19 35 3
270 25.92 0.66 45.28 393.08 5 24 4
271 21.67 46.75 8.37 102.37 21 24 5
272 82.94 66.88 43.55 76.43 18 31 2
273 58.02 55.54 43.63 352.60 6 20 4
274 62.56 42.03 3.55 189.60 18 28 1
275 37.45 70.35 33.81 489.15 6 35 5
276 61.43 48.56 36.87 88.87 5 7 1
277 62.46 31.07 36.89 86.23 2 45 1
278 10.71 6.71 25.03 138.69 16 42 2
279 25.58 47.05 6.55 320.09 21 24 4
280 23.37 94.54 37.03 96.09 3 6 1
281 52.75 78.45 42.90 143.51 6 48 5
282 2.93 48.35 6.84 81.94 19 31 2
283 39.14 3.15 11.59 55.01 5 20 5
284 35.79 47.98 4.33 211.05 18 19 3
285 55.31 88.82 3.41 301.67 19 21 5
286 44.75 91.13 2.58 399.50 12 48 5
287 16.48 45.70 26.53 436.65 9 16 5
288 58.48 17.08 29.76 494.34 2 5 1
289 55.82 22.11 45.08 164.34 8 25 2
290 8.87 8.81 30.67 190.81 21 21 1
291 10.04 42.06 18.32 349.39 22 23 2
292 61.22 12.45 32.94 403.79 19 41 3
293 94.69 82.44 9.63 414.82 5 39 5
294 99.39 19.38 21.51 377.90 10 29 4
295 13.97 98.19 44.88 243.44 24 28 3
296 71.20 51.21 19.16 311.95 22 44 5
297 76.38 99.72 46.55 143.21 23 48 1
298 69.91 69.41 21.18 114.72 6 28 4
299 51.64 0.09 41.28 409.03 18 47 2
300 47.31 66.53 47.24 310.16 12 29 3
301 80.22 78.26 18.65 131.06 12 24 4
302 33.63 12.42 22.37 313.37 5 30 3
303 83.20 0.39 36.38 270.62 23 24 3
304 48.21 67.17 27.48 406.56 5 46 1
305 36.41 43.47 22.06 472.15 24 24 2
306 73.37 45.00 3.35 265.07 12 39 3
307 94.42 8.65 17.09 348.18 24 45 2
308 58.26 43.71 25.46 72.52 10 21 1
309 44.54 92.59 41.63 316.16 4 8 2
310 80.22 58.98 27.24 167.75 13 16 2
311 75.90 52.15 13.19 57.77 3 16 3
312 52.67 99.53 5.19 376.55 1 27 1
313 35.15 76.31 33.69 93.22 15 37 5
314 69.23 74.98 24.57 477.16 15 26 1
315 46.36 14.87 24.22 115.19 3 17 1
316 57.43 95.56 11.84 161.92 3 17 5
317 76.53 89.59 13.32 450.47 19 47 1
318 24.31 5.03 20.03 192.50 7 21 1
319 35.79 98.85 2.79 431.45 14 45 2
320 11.89 87.16 14.09 102.99 20 42 4
321 97.55 77.88 37.48 475.18 13 19 4
322 54.02 43.03 42.59 284.88 7 30 5
323 94.86 30.30 36.30 371.06 17 36 4
324 77.87 49.57 18.74 134.81 2 37 2
325 45.15 71.59 46.42 481.82 2 2 1
326 10.43 32.90 45.28 385.35 11 27 5
327 32.20 54.60 23.66 90.28 14 18 5
328 70.25 69.55 11.12 434.60 10 47 1
329 15.88 82.24 2.98 166.79 7 22 2
330 17.90 63.83 11.72 412.45 19 38 5
331 26.93 90.43 47.25 456.35 16 32 4
332 95.54 86.07 45.22 116.78 13 21 1
333 88.87 14.40 37.72 201.37 3 29 2
334 33.32 18.73 22.05 307.08 19 29 3
335 99.81 50.66 32.13 393.26 15 25 5
336 49.01 73.72 48.42 342.92 7 38 5
337 18.18 6.94 5.46 132.68 13 15 5
338 50.68 3.33 13.22 424.40 24 44 5
339 3.25 71.59 29.69 138.75 11 17 2
340 18.15 29.70 43.06 210.24 2 19 2
341 87.24 3.09 18.49 398.00 18 34 2
342 94.77 39.53 42.77 77.07 7 47 2
343 53.05 86.89 1.73 255.74 1 21 2
344 50.29 65.69 3.53 243.69 11 48 5
345 62.00 37.73 49.48 227.12 6 41 4
346 10.72 10.70 36.70 263.28 7 15 1
347 51.69 96.63 42.84 465.06 24 48 2
348 17.13 84.46 21.50 463.40 7 39 3
349 3.30 92.62 6.93 393.39 13 17 4
350 92.13 95.32 6.48 488.81 4 15 1
351 83.45 36.81 37.25 463.52 12 37 5
352 96.42 45.95 15.79 103.37 3 13 1
353 42.09 11.49 14.00 433.99 6 48 2
354 91.32 38.70 2.42 292.08 20 33 5
355 78.40 58.58 0.24 143.38 13 18 2
356 50.33 57.18 22.75 66.24 6 9 5
357 15.64 91.92 5.59 481.87 18 33 3
358 43.19 60.28 49.60 318.93 12 46 1
359 40.60 81.84 5.59 397.33 16 28 1
360 78.56 74.31 20.88 182.77 12 27 5
361 4.23 59.51 48.76 169.66 3 28 1
362 43.63 58.32 1.76 360.40 9 40 5
363 75.19 14.26 2.97 453.45 14 38 4
364 89.78 91.18 42.72 157.05 17 36 2
365 13.99 92.55 37.04 429.79 10 39 2
366 77.51 54.11 37.76 215.85 4 36 2
367 68.00 48.82 18.19 154.99 14 28 3
368 29.19 32.39 21.16 244.25 0 23 5
369 57.78 96.98 40.50 424.33 5 40 1
370 52.77 31.05 24.63 223.60 23 40 2
371 46.11 46.24 24.47 341.22 17 43 1
372 80.26 66.45 43.70 227.00 22 44 3
373 36.23 7.21 23.47 476.33 17 41 1
374 44.24 42.68 21.73 358.95 15 25 5
375 8.32 24.37 10.59 163.63 5 27 1
376 39.95 78.98 26.87 133.98 11 38 2
377 23.11 44.39 9.80 164.83 2 25 5
378 87.39 12.03 7.39 201.54 20 42 5
379 12.78 4.22 41.46 421.29 3 39 4
380 17.63 38.14 1.90 447.05 0 11 3
381 38.69 72.27 22.72 77.11 14 48 4
382 84.83 5.66 24.59 141.68 1 45 1
383 34.91 74.98 7.12 463.67 22 37 2
384 23.30 27.78 45.90 200.40 4 7 5
385 54.11 47.49 38.43 422.89 21 32 2
386 5.14 37.19 20.34 80.22 12 23 1
387 8.39 25.11 30.89 295.30 14 44 3
388 63.46 91.12 46.96 347.14 0 18 3
389 24.99 37.91 22.58 297.56 4 24 2
390 65.34 56.06 4.00 277.83 18 21 5
391 34.68 40.07 26.74 59.25 6 37 3
392 14.30 82.43 21.05 487.72 23 33 3
393 75.16 28.28 21.52 329.69 16 32 3
394 97.07 99.52 13.63 54.54 19 22 5
395 3.57 7.34 8.00 204.17 16 19 2
396 59.72 9.30 33.05 464.68 16 41 4
397 6.09 64.21 36.19 92.97 6 38 3
398 29.38 96.52 32.74 114.88 5 8 5
399 9.66 38.45 14.96 254.49 23 38 5
400 32.80 73.48 10.93 192.11 1 39 5
401 75.01 48.28 30.36 351.42 23 44 3
402 19.45 99.43 35.71 204.05 10 40 2
403 18.28 57.11 14.86 399.32 12 45 3
404 85.99 81.54 22.03 393.29 1 38 2
405 54.27 17.72 36.15 456.45 12 23 2
406 72.46 98.94 18.26 321.34 8 11 4
407 21.89 57.60 0.22 249.10 8 30 5
408 50.21 55.79 47.04 493.78 21 34 2
409 64.12 30.20 37.68 204.16 20 44 2
410 64.19 80.84 21.40 249.50 16 45 2
411 25.05 71.07 24.29 437.34 1 48 1
412 64.45 39.80 33.38 221.88 18 26 1
413 56.82 34.88 6.80 443.58 21 41 5
414 45.40 51.73 20.17 496.88 19 48 4
415 35.20 73.20 32.98 158.91 10 30 1
416 44.12 58.75 45.05 257.86 9 17 3
417 11.54 19.74 1.58 288.26 0 16 1
418 43.14 34.34 22.87 128.31 11 25 4
419 34.96 15.78 14.17 381.40 17 19 1
420 79.20 78.78 1.82 368.73 5 7 4
421 29.35 55.81 26.43 480.72 10 21 5
422 98.36 35.87 6.97 69.17 6 9 4
423 96.36 64.85 45.56 449.58 8 15 3
424 93.18 67.56 16.12 315.83 12 25 2
425 88.84 85.47 8.69 435.51 16 46 3
426 59.56 29.94 20.13 480.88 8 9 5
427 52.47 83.58 23.44 262.94 17 19 4
428 62.12 12.76 21.26 443.58 9 23 5
429 4.28 29.43 16.38 378.86 17 39 1
430 41.91 19.11 36.03 320.63 24 33 5
431 90.16 56.22 30.30 336.54 5 10 4
432 15.37 72.47 29.01 160.82 9 46 3
433 65.59 64.67 46.52 481.01 1 40 5
434 38.12 28.28 22.35 308.13 21 29 1
435 45.95 18.00 49.05 100.19 5 30 5
436 11.40 55.31 6.61 135.14 13 45 4
437 69.88 86.95 5.65 168.24 17 34 1
438 11.67 31.55 19.18 243.25 20 43 4
439 67.10 68.91 37.55 472.61 16 21 3
440 23.13 15.57 12.84 487.48 23 41 4
441 80.78 22.42 21.25 389.91 7 38 3
442 85.02 89.37 42.92 463.02 13 28 4
443 49.46 61.99 26.77 412.50 21 38 3
444 12.56 37.92 20.42 452.42 9 34 3
445 29.41 52.46 14.28 118.96 13 27 2
446 47.75 25.65 48.43 483.38 10 13 3
447 17.67 46.59 13.92 245.92 10 46 2
448 82.11 95.30 32.29 326.57 1 33 5
449 58.25 20.27 20.71 363.93 9 48 4
450 67.35 89.59 1.69 104.43 4 25 2
451 41.72 55.77 38.46 484.53 17 33 2
452 6.21 7.37 25.85 64.29 4 23 3
453 84.58 69.41 32.47 267.44 9 9 2
454 22.90 65.49 43.44 426.24 20 34 3
455 4.37 23.64 29.73 274.25 4 10 5
456 94.46 72.87 16.47 186.25 18 42 3
457 56.86 75.09 0.33 326.39 6 45 2
458 56.29 76.69 20.60 125.72 21 35 4
459 91.50 56.75 46.99 110.73 4 23 4
460 86.25 58.36 29.99 488.55 15 43 1
461 93.17 23.93 39.84 222.27 11 40 2
462 57.12 11.68 39.69 432.24 2 36 2
463 12.34 39.70 14.62 182.33 12 34 1
464 89.35 74.22 4.84 95.02 6 27 3
465 88.21 22.16 22.82 443.48 8 42 2
466 93.15 93.53 47.32 184.78 2 47 4
467 52.20 43.62 47.61 218.40 23 31 3
468 49.55 31.95 22.82 466.53 24 42 2
469 3.57 50.84 38.14 239.32 17 21 4
470 34.80 29.72 46.04 252.38 9 40 5
471 76.95 68.91 4.38 189.34 22 36 4
472 61.01 67.73 2.97 328.79 22 40 3
473 95.57 39.84 6.44 220.22 24 33 4
474 74.13 39.51 2.72 383.05 14 14 1
475 35.97 29.12 3.10 192.17 18 38 1
476 85.04 7.59 11.54 262.33 16 23 2
477 16.53 72.03 33.43 82.45 17 24 3
478 51.22 70.56 5.26 463.35 17 31 1
479 17.70 71.77 29.22 253.82 4 21 3
480 22.16 56.85 45.87 370.45 24 45 3
481 27.44 12.10 46.27 354.44 0 14 5
482 98.94 37.94 12.04 333.44 23 33 4
483 40.01 72.74 42.10 378.40 19 29 1
484 53.09 7.00 14.53 414.69 19 29 5
485 20.09 45.00 49.59 151.86 12 17 5
486 9.12 55.34 5.08 164.90 6 44 4
487 1.96 27.20 33.85 496.97 21 45 4
488 16.80 80.14 12.62 76.68 23 27 2
489 33.21 32.16 5.84 56.11 15 30 3
490 20.52 43.04 15.52 485.18 11 24 3
491 84.67 94.10 3.73 439.91 21 22 4
492 60.48 23.02 17.35 227.15 20 45 3
493 90.14 76.01 20.30 294.47 19 45 4
494 1.11 60.03 27.30 325.13 4 34 4
495 65.02 83.72 19.78 97.44 14 34 5
496 67.90 4.10 39.65 455.23 2 32 4
497 43.41 14.34 23.07 98.11 1 22 5
498 89.64 22.00 0.87 490.19 11 30 4
499 75.57 66.80 22.53 328.28 8 16 3
500 51.78 78.62 42.28 235.23 22 28 5
1 135.63 4448.96 1
2 104.24 4143.53 2
3 148.37 4947.94 3
4 135.66 4916.85 4
5 151.22 2881.05 5
6 160.98 3108.94 2
7 161.03 3484.09 2
8 181.39 4569.58 4
9 151.22 4116.59 4
10 149.89 3473.98 2
1 1.10 29.84 1
2 1.91 39.17 6
3 1.69 45.82 7
4 1.45 47.60 3
5 1.86 26.78 10
6 1.91 27.16 5
7 1.97 32.77 7
8 1.13 36.56 3
9 1.59 34.29 3
10 1.34 35.08 1
