Data for Vehicle routing problem with drones - Author: Huyen Do Thi Ngoc
Number of depots: 1
Number of cities: 300
Number of trucks: 3
Number of drones: 12
Area: 100 100 50
Customer maximum demand: 500
Max capacity of truck: 200
Max energy of truck: 5000
Max capacity of drone: 2
Max energy of drone: 50
1 12.56 69.95 11.98
1 15.23 5.57 24.26 479.01 18 19 1
2 96.31 49.60 39.76 60.99 24 30 1
3 27.32 91.78 13.04 406.12 6 17 1
4 23.47 27.20 8.56 485.35 18 43 1
5 13.70 66.25 48.67 116.03 1 41 1
6 75.73 7.45 9.85 138.26 17 46 1
7 54.10 87.68 48.94 346.57 15 47 1
8 73.85 21.98 8.72 334.75 6 19 1
9 93.34 75.37 37.51 494.01 0 35 1
10 76.53 34.97 29.88 67.15 4 18 1
11 77.79 53.47 40.20 466.69 2 39 1
12 64.99 9.80 15.36 194.27 5 19 1
13 4.02 80.37 2.72 410.83 15 40 1
14 71.03 64.68 9.77 109.53 1 35 1
15 19.38 74.22 13.21 407.40 0 29 1
16 83.44 94.51 4.39 209.58 22 37 1
17 24.52 15.41 9.60 195.94 5 43 1
18 24.36 61.09 47.29 493.66 12 26 1
19 93.43 92.13 2.10 400.97 12 26 1
20 96.07 62.57 48.82 451.64 9 18 1
21 12.62 35.34 34.58 414.12 12 23 1
22 99.97 21.87 40.94 279.98 20 45 1
23 49.41 69.55 47.77 173.27 20 29 1
24 31.65 96.75 35.90 72.54 24 26 1
25 62.72 50.81 37.18 276.30 22 40 1
26 9.03 15.24 36.23 124.91 0 10 1
27 89.32 16.83 31.09 76.88 21 48 1
28 19.45 2.30 16.70 401.58 12 47 1
29 14.81 36.18 26.39 169.46 24 44 1
30 66.39 54.63 39.36 69.47 7 39 1
31 58.79 31.43 4.32 268.96 7 26 1
32 25.21 46.69 23.20 176.00 7 42 1
33 26.37 38.89 10.06 180.47 18 42 1
34 39.84 31.07 5.65 63.69 15 33 1
35 32.99 84.11 23.51 226.48 14 20 1
36 92.43 46.76 42.61 276.61 1 6 1
37 36.95 63.88 4.33 173.95 24 39 1
38 50.39 34.98 4.61 124.60 5 46 1
39 2.27 69.96 13.05 250.76 15 42 1
40 75.15 32.96 22.90 332.86 23 27 1
41 82.84 29.97 9.99 481.71 16 28 1
42 34.96 88.00 11.74 315.85 11 47 1
43 91.90 15.27 33.14 205.40 20 30 1
44 84.89 19.88 17.44 74.94 17 26 1
45 57.20 59.56 44.24 453.01 0 44 1
46 63.63 28.85 20.82 68.85 6 30 1
47 39.85 16.44 3.38 464.20 5 36 1
48 23.54 12.95 38.66 69.49 17 26 1
49 50.59 65.09 20.65 412.15 22 38 1
50 23.62 87.40 19.63 364.30 13 18 1
51 41.97 81.03 29.74 106.59 2 27 1
52 91.51 63.47 25.93 218.05 8 38 1
53 38.58 57.81 16.08 196.65 6 43 1
54 22.31 91.87 23.18 365.08 1 25 1
55 94.50 37.34 38.73 461.55 16 40 1
56 58.55 11.37 16.05 202.28 6 36 1
57 90.15 10.54 46.77 373.73 14 43 1
58 7.52 23.39 47.17 147.76 20 37 1
59 70.32 60.31 9.99 358.24 1 10 1
60 42.76 56.84 12.90 192.83 7 24 1
61 5.07 61.64 38.69 491.01 24 38 1
62 11.50 90.32 11.96 202.69 12 47 1
63 34.90 12.80 15.62 376.99 19 39 1
64 83.93 48.51 11.67 341.24 18 46 1
65 6.56 57.91 40.21 163.40 17 44 1
66 52.87 5.47 41.62 415.31 17 36 1
67 76.64 85.99 20.69 470.94 23 31 1
68 28.67 28.35 48.39 64.11 21 48 1
69 49.41 42.88 27.44 148.25 6 30 1
70 88.17 58.96 39.10 487.88 10 10 1
71 39.77 26.35 38.51 319.26 23 43 1
72 17.79 97.02 42.22 128.46 7 24 1
73 49.37 69.75 33.78 468.65 23 46 1
74 91.69 90.89 6.85 401.34 17 46 1
75 85.29 8.84 8.33 276.14 8 19 1
76 68.53 62.55 48.39 430.56 9 12 1
77 95.65 38.67 36.56 336.99 20 27 1
78 36.51 80.56 26.34 163.55 4 16 1
79 15.06 62.19 16.12 175.37 24 40 1
80 33.22 98.51 9.39 206.01 21 23 1
81 58.73 56.43 29.74 366.22 11 43 1
82 26.78 20.34 44.80 225.61 7 15 1
83 80.10 24.74 14.12 83.74 0 23 1
84 58.65 18.50 42.12 240.60 20 44 1
85 3.99 54.38 22.05 475.08 13 37 1
86 7.63 60.32 33.29 165.42 6 22 1
87 74.53 45.55 7.50 54.05 16 16 1
88 41.14 17.66 1.96 175.21 15 17 1
89 51.46 4.76 23.46 226.71 19 32 1
90 31.44 79.58 27.01 105.09 15 17 1
91 42.08 78.10 11.06 242.42 2 19 1
92 71.89 38.97 43.13 422.35 0 40 1
93 49.47 58.87 37.42 489.77 15 28 1
94 1.20 19.04 47.09 89.05 3 3 1
95 91.63 35.84 49.28 294.70 22 43 1
96 87.62 75.13 2.08 298.37 23 37 1
97 37.93 62.85 15.38 63.74 20 23 1
98 97.68 17.18 31.26 246.24 5 34 1
99 58.33 71.88 39.48 385.95 9 44 1
100 74.19 62.98 46.53 288.11 15 37 1
101 92.78 29.53 0.21 428.93 2 47 1
102 29.73 71.54 16.93 62.43 14 41 1
103 78.18 4.73 4.96 418.80 2 8 1
104 0.19 4.72 42.94 53.86 4 38 1
105 43.20 99.83 16.95 196.52 13 15 1
106 42.85 23.40 47.42 311.55 13 26 1
107 23.64 29.22 23.57 437.51 10 14 1
108 68.88 76.08 45.76 76.02 2 38 1
109 49.23 41.39 23.75 202.87 8 15 1
110 82.37 62.56 32.37 158.26 24 34 1
111 45.99 68.60 40.64 437.12 24 32 1
112 22.08 19.29 13.71 424.66 17 33 1
113 73.26 17.79 12.33 72.09 5 5 1
114 34.62 3.95 39.15 392.09 22 27 1
115 70.61 54.07 9.34 459.26 11 17 1
116 40.96 40.21 44.44 130.70 11 37 1
117 90.51 13.36 0.79 295.93 6 18 1
118 21.68 77.03 28.07 65.88 15 38 1
119 54.41 89.30 0.85 285.56 4 32 1
120 43.21 3.64 43.38 83.25 9 19 1
121 54.06 98.74 42.79 426.62 19 43 1
122 30.20 56.91 36.55 284.04 24 40 1
123 97.61 83.04 2.80 139.25 9 42 1
124 71.43 83.41 49.43 338.25 21 46 1
125 17.87 94.71 23.78 242.32 19 29 1
126 35.59 46.26 1.52 245.47 3 29 1
127 73.61 40.29 28.65 155.30 18 21 1
128 98.43 41.04 48.69 447.25 11 44 1
129 94.68 3.55 40.11 206.82 16 29 1
130 92.24 60.76 41.94 348.40 7 36 1
131 78.52 0.44 48.82 156.45 20 38 1
132 43.20 87.03 34.73 82.75 5 45 1
133 57.76 33.78 45.30 127.23 23 42 1
134 18.26 55.89 41.54 363.50 24 44 1
135 70.86 31.65 41.93 415.01 9 24 1
136 22.57 22.00 44.53 467.92 1 25 1
137 93.98 27.03 30.27 458.68 2 16 1
138 69.13 55.25 45.29 89.71 24 24 1
139 15.35 75.60 2.92 330.52 21 38 1
140 34.99 87.10 20.15 402.55 22 34 1
141 53.22 23.37 24.48 321.78 14 48 1
142 79.33 63.94 15.95 464.71 19 38 1
143 4.69 80.90 43.97 329.89 0 8 1
144 9.79 49.81 19.42 216.73 16 16 1
145 84.88 39.87 20.52 258.92 6 15 1
146 40.76 73.21 11.76 106.14 20 29 1
147 40.74 68.84 31.14 61.97 23 36 1
148 28.12 32.13 7.43 166.67 12 22 1
149 18.83 70.82 12.30 446.85 24 34 1
150 65.97 67.36 3.39 410.90 12 40 1
151 16.50 78.98 47.93 425.81 5 8 1
152 97.26 1.14 20.48 209.24 12 32 1
153 85.39 14.32 48.11 459.67 21 43 1
154 55.23 66.84 30.73 433.62 23 40 1
155 54.33 31.63 28.21 470.29 24 38 1
156 7.62 69.42 17.22 413.49 18 48 1
157 24.87 38.21 27.36 181.56 21 38 1
158 51.13 7.70 36.69 427.59 5 42 1
159 7.02 38.17 37.61 228.34 13 23 1
160 68.10 71.88 27.09 423.42 15 24 1
161 23.72 29.03 0.97 129.21 12 21 1
162 37.71 70.18 14.40 190.87 11 44 1
163 2.42 1.06 49.61 96.38 23 38 1
164 2.79 88.92 3.13 204.61 0 35 1
165 24.40 6.84 15.71 375.64 17 23 1
166 1.66 1.84 21.50 172.50 19 21 1
167 44.20 82.32 22.42 335.25 7 18 1
168 98.94 8.01 30.32 320.77 22 36 1
169 42.51 17.10 17.14 152.19 16 46 1
170 8.60 22.36 2.37 466.82 24 27 1
171 28.35 57.42 18.24 152.17 13 32 1
172 69.47 18.90 25.51 246.04 14 28 1
173 16.56 36.80 27.52 236.76 3 37 1
174 81.00 15.59 36.28 327.11 19 20 1
175 58.33 61.05 10.71 157.41 12 20 1
176 32.47 66.03 25.86 121.75 20 34 1
177 83.11 71.42 38.96 64.27 14 39 1
178 26.18 14.26 32.71 368.60 10 11 1
179 55.62 17.96 37.22 451.13 24 33 1
180 6.25 29.36 5.12 267.39 14 40 1
181 97.98 81.07 42.95 212.59 13 47 1
182 39.83 89.37 16.58 353.80 21 31 1
183 64.27 89.43 45.60 460.61 10 44 1
184 16.57 61.89 12.78 285.87 14 44 1
185 98.29 11.52 3.59 251.07 8 22 1
186 47.44 85.94 23.39 81.04 10 30 1
187 2.18 71.17 36.17 480.37 21 25 1
188 29.01 40.80 17.15 340.89 5 7 1
189 18.65 62.06 31.32 360.19 1 48 1
190 22.26 6.48 36.72 175.01 9 12 1
191 96.26 86.70 45.76 165.58 4 32 1
192 97.75 81.97 21.37 131.19 15 20 1
193 75.76 98.89 6.50 429.29 4 14 1
194 51.08 23.23 32.54 327.88 2 28 1
195 44.38 48.84 43.34 447.48 13 48 1
196 26.41 76.74 25.30 354.07 7 25 1
197 77.64 9.26 5.38 400.14 16 48 1
198 99.72 6.84 37.25 75.19 11 40 1
199 64.86 15.07 7.10 303.02 16 43 1
200 37.88 98.85 44.15 64.59 15 26 1
201 91.03 23.12 11.43 258.25 0 32 1
202 76.41 27.65 44.48 170.43 19 30 1
203 76.54 67.34 32.21 374.82 22 39 1
204 74.63 82.50 21.98 90.69 3 25 1
205 6.75 11.17 44.38 291.47 4 24 1
206 41.12 13.52 6.43 202.58 1 4 1
207 48.14 59.30 4.02 276.80 14 25 1
208 19.02 40.39 0.57 484.99 13 39 1
209 63.39 87.50 8.81 105.60 2 46 1
210 63.67 86.44 23.46 364.37 3 40 1
211 16.28 3.93 48.52 499.42 17 29 1
212 47.37 18.92 11.88 271.95 4 46 1
213 36.62 90.44 10.25 408.81 15 18 1
214 68.98 11.75 41.30 78.20 3 12 1
215 73.04 88.30 42.77 470.43 6 33 1
216 20.74 55.70 35.84 462.02 7 48 1
217 23.22 97.23 0.36 326.24 21 28 1
218 93.43 25.76 48.96 126.63 16 18 1
219 84.96 88.03 14.06 366.83 2 14 1
220 5.52 34.88 49.08 277.18 11 42 1
221 59.51 94.81 14.67 100.10 5 12 1
222 66.70 61.30 18.82 369.51 3 41 1
223 82.48 34.83 44.26 58.69 12 31 1
224 81.37 97.12 18.24 467.82 12 23 1
225 7.60 75.84 7.93 60.29 11 23 1
226 55.40 35.72 40.82 71.37 17 36 1
227 44.33 38.33 42.77 236.13 11 19 1
228 26.28 0.05 43.98 369.28 16 35 1
229 47.00 34.24 0.45 177.68 21 37 1
230 79.86 46.58 7.79 67.20 9 36 1
231 40.16 20.57 21.09 344.36 2 42 1
232 20.15 97.24 22.99 464.20 10 43 1
233 25.05 0.54 34.34 433.50 1 35 1
234 18.97 77.62 16.62 210.88 0 48 1
235 55.29 29.30 13.13 165.00 8 14 1
236 58.13 76.51 46.18 477.84 22 22 1
237 35.01 85.54 45.77 221.52 22 41 1
238 40.54 41.49 29.87 319.04 19 36 1
239 72.02 56.49 46.64 120.94 19 44 1
240 18.71 78.42 25.02 423.71 11 35 1
241 49.90 21.76 17.80 364.05 8 43 1
242 27.78 95.61 9.27 89.50 20 34 1
243 85.96 80.14 35.45 267.49 14 39 1
244 45.73 33.55 29.44 274.14 24 40 1
245 51.39 85.54 22.60 468.88 12 20 1
246 67.95 37.44 12.17 485.89 5 10 1
247 30.34 72.86 6.70 140.21 23 32 1
248 38.28 36.38 25.59 211.79 0 8 1
249 66.73 73.16 27.42 147.61 21 41 1
250 87.31 9.22 12.55 309.63 15 22 1
251 44.21 77.35 36.53 293.27 10 38 1
252 46.31 27.20 12.34 406.34 14 46 1
253 66.49 39.12 41.82 378.19 24 28 1
254 30.74 54.85 6.22 275.74 13 32 1
255 21.13 99.23 34.60 120.16 7 31 1
256 38.64 73.38 32.97 173.00 10 17 1
257 69.52 88.33 18.48 433.82 13 13 1
258 9.87 25.39 47.24 120.56 11 17 1
259 58.27 82.31 17.92 184.36 4 36 1
260 14.40 39.38 43.84 349.88 2 37 1
261 43.27 76.63 47.95 198.19 19 29 1
262 42.30 22.39 33.64 473.04 15 45 1
263 10.90 18.53 3.54 138.44 11 19 1
264 29.16 23.60 28.50 169.68 10 10 1
265 37.98 71.37 27.21 398.66 22 35 1
266 25.69 46.23 45.84 490.77 3 18 1
267 22.40 55.26 34.04 291.73 17 42 1
268 13.83 91.17 9.88 67.69 8 40 1
269 14.74 63.16 14.94 278.38 20 32 1
270 70.28 16.73 25.35 227.18 24 43 1
271 34.39 28.06 40.92 240.28 15 40 1
272 23.81 83.97 14.58 54.36 5 12 1
273 39.95 82.80 41.76 373.36 7 26 1
274 57.89 82.03 38.26 316.92 13 37 1
275 30.04 56.70 4.84 391.09 12 16 1
276 75.11 72.02 38.09 410.60 14 21 1
277 26.37 36.25 7.08 262.46 22 44 1
278 78.80 38.91 29.18 310.48 3 37 1
279 50.20 78.50 16.89 354.57 20 20 1
280 36.80 28.71 12.96 113.40 20 32 1
281 67.13 93.54 0.78 195.98 1 36 1
282 23.89 36.31 0.75 312.30 22 24 1
283 2.07 23.05 15.51 61.35 14 14 1
284 55.59 11.76 26.69 291.80 0 46 1
285 48.56 41.40 34.62 271.05 20 27 1
286 98.51 52.97 9.41 327.65 1 45 1
287 17.25 17.17 23.91 224.61 3 13 1
288 7.68 83.77 17.58 167.93 15 38 1
289 65.93 18.07 38.22 134.78 5 25 1
290 44.45 67.11 20.36 125.66 7 25 1
291 97.97 3.44 28.04 270.35 7 46 1
292 54.23 49.76 36.85 499.40 2 19 1
293 27.19 90.32 41.05 346.13 15 38 1
294 86.19 54.63 27.07 243.67 5 25 1
295 74.78 6.67 43.31 329.35 7 29 1
296 77.28 72.21 7.27 315.31 8 19 1
297 92.75 15.25 39.94 198.04 17 26 1
298 55.50 60.24 18.51 447.43 4 7 1
299 73.18 18.25 43.45 405.40 1 37 1
300 53.96 5.03 34.20 112.38 22 25 1
1 153.85 3206.84 1
2 148.06 4390.09 1
3 177.58 4557.46 1
1 1.27 43.31 2
2 1.58 32.21 3
3 1.78 45.58 2
4 1.76 41.98 3
5 1.64 32.90 2
6 1.85 44.71 3
7 1.18 37.54 2
8 1.85 40.63 2
9 1.71 40.32 3
10 1.69 42.53 1
11 1.28 30.53 2
12 1.68 41.05 2
