Data for Vehicle routing problem with drones - Author: Huyen Do Thi Ngoc
Number of depots: 1
Number of cities: 300
Number of trucks: 5
Number of drones: 7
Area: 100 100 50
Customer maximum demand: 500
Max capacity of truck: 200
Max energy of truck: 5000
Max capacity of drone: 2
Max energy of drone: 50
1 33.86 66.98 12.61
1 22.79 42.91 20.92 54.43 8 43 1
2 6.63 78.24 4.82 391.19 21 38 1
3 59.61 16.58 49.26 101.32 8 18 1
4 62.43 18.30 5.18 179.91 5 47 1
5 73.81 71.45 8.93 208.94 23 39 1
6 92.96 31.32 21.26 327.03 19 43 1
7 33.73 74.92 1.85 147.58 20 44 1
8 4.62 13.48 31.30 140.66 21 25 1
9 65.68 58.87 21.76 235.74 18 42 1
10 63.79 64.28 26.84 471.27 18 32 1
11 61.98 60.30 27.53 487.43 1 1 1
12 90.77 99.25 37.65 258.56 12 22 1
13 86.52 75.53 17.49 67.38 2 15 1
14 99.26 70.13 39.01 420.16 21 35 1
15 53.84 59.89 15.12 140.11 12 43 1
16 73.52 34.69 8.19 61.56 21 31 1
17 4.73 7.32 10.79 152.72 7 37 1
18 71.25 8.04 32.50 488.00 24 40 1
19 54.73 68.75 15.50 438.48 12 14 1
20 97.82 76.60 4.42 61.11 10 43 1
21 29.24 30.07 2.71 313.00 23 42 1
22 35.34 49.41 47.32 476.93 23 36 1
23 0.27 82.56 26.75 94.47 4 36 1
24 94.22 66.24 28.24 285.22 15 18 1
25 27.24 90.93 42.13 129.68 12 15 1
26 18.48 32.85 21.43 121.78 16 32 1
27 15.90 36.29 5.19 375.39 15 24 1
28 23.75 91.73 21.48 168.25 14 19 1
29 82.18 91.85 26.01 112.55 2 30 1
30 10.13 84.38 12.38 154.26 13 42 1
31 14.83 50.19 16.70 61.21 20 24 1
32 32.89 22.63 28.89 300.17 20 33 1
33 87.59 84.55 29.67 362.60 8 33 1
34 82.65 23.15 19.19 382.67 24 39 1
35 34.09 50.45 9.07 450.25 22 25 1
36 80.04 76.35 8.30 305.48 8 45 1
37 59.76 91.51 22.08 496.51 1 20 1
38 12.58 99.76 48.98 163.69 19 48 1
39 94.32 5.00 49.33 183.90 2 11 1
40 41.46 4.62 24.88 477.99 19 25 1
41 81.47 38.58 9.99 147.04 19 29 1
42 0.32 54.17 46.35 53.48 4 13 1
43 68.31 6.60 48.57 396.77 1 12 1
44 44.61 82.05 30.54 451.61 11 40 1
45 18.48 21.26 34.01 96.04 10 47 1
46 70.71 50.59 13.46 150.19 10 44 1
47 86.05 5.95 47.45 198.21 14 26 1
48 6.48 24.17 36.87 353.75 21 34 1
49 7.09 48.82 27.34 121.93 11 14 1
50 71.08 21.37 3.63 302.52 9 19 1
51 59.62 31.57 48.62 68.82 13 18 1
52 83.58 17.75 28.69 474.33 21 37 1
53 1.50 11.83 12.69 489.18 10 32 1
54 29.61 74.89 11.32 388.77 10 48 1
55 88.75 29.93 7.79 465.36 1 19 1
56 38.49 81.94 25.62 372.77 19 45 1
57 1.14 2.54 42.07 281.11 21 40 1
58 61.11 1.42 4.84 463.55 2 18 1
59 29.61 37.16 24.24 350.57 1 19 1
60 23.21 50.74 14.74 251.12 9 14 1
61 13.35 42.84 37.46 76.64 18 41 1
62 50.52 56.34 28.59 325.82 5 19 1
63 65.37 96.46 40.14 359.27 14 17 1
64 89.51 24.67 25.88 115.07 15 36 1
65 96.47 55.31 27.61 409.52 11 32 1
66 9.79 49.17 6.49 88.52 5 41 1
67 71.61 13.22 41.21 279.04 10 13 1
68 15.26 53.57 44.16 173.29 3 44 1
69 86.52 72.12 31.14 289.98 19 46 1
70 60.80 45.12 35.11 278.99 4 19 1
71 89.22 50.13 26.89 239.37 19 22 1
72 19.56 92.45 31.62 477.50 8 44 1
73 62.49 14.23 3.05 321.30 2 35 1
74 41.41 92.78 37.10 135.85 22 29 1
75 46.16 27.41 31.47 242.79 14 26 1
76 30.59 39.42 19.34 250.70 19 40 1
77 74.25 40.39 44.01 202.16 17 26 1
78 62.28 60.30 16.62 167.66 2 35 1
79 27.51 7.65 11.13 486.41 12 14 1
80 97.71 67.41 29.13 295.49 16 34 1
81 45.58 73.91 43.86 269.39 9 25 1
82 44.61 84.52 47.00 185.81 2 26 1
83 97.76 41.09 8.54 379.86 18 27 1
84 51.29 38.68 25.04 173.60 16 48 1
85 17.76 93.89 46.40 68.78 15 37 1
86 65.37 8.72 3.79 182.81 7 18 1
87 54.60 71.47 7.14 68.17 3 17 1
88 19.49 91.37 30.64 374.60 14 47 1
89 1.73 27.77 4.78 287.25 17 18 1
90 28.02 42.40 43.06 283.38 3 46 1
91 65.56 12.20 1.55 348.42 15 17 1
92 9.58 85.69 35.38 472.16 4 22 1
93 55.93 63.02 45.09 399.29 15 29 1
94 26.17 62.53 42.72 493.95 23 24 1
95 34.37 78.17 15.85 419.49 12 18 1
96 89.78 92.74 19.56 482.59 15 24 1
97 15.29 79.00 45.41 144.17 13 29 1
98 96.27 10.73 9.77 177.68 22 35 1
99 37.84 79.37 48.04 74.79 12 28 1
100 5.04 34.23 31.90 85.04 7 28 1
101 99.55 98.80 22.80 438.85 23 31 1
102 92.30 48.49 31.97 303.59 5 39 1
103 65.69 4.77 48.67 370.12 2 37 1
104 43.83 46.90 30.28 489.19 7 35 1
105 37.41 38.92 11.35 387.09 12 45 1
106 79.13 53.15 14.07 411.00 9 23 1
107 85.32 53.19 41.72 121.05 5 44 1
108 85.48 75.30 9.20 466.25 6 12 1
109 90.97 19.78 18.98 151.33 12 12 1
110 42.61 15.74 27.53 100.13 19 26 1
111 49.17 80.14 13.68 382.74 12 48 1
112 44.17 84.65 31.37 497.12 0 9 1
113 10.25 90.14 41.15 276.35 12 29 1
114 63.94 85.12 33.41 400.62 16 41 1
115 39.27 83.99 0.29 107.60 3 43 1
116 46.56 54.26 16.34 191.05 4 13 1
117 73.23 86.80 0.83 141.00 2 10 1
118 53.62 68.43 34.40 237.18 21 37 1
119 30.38 72.45 9.14 289.47 9 25 1
120 33.21 22.04 26.65 488.33 15 16 1
121 65.38 43.05 41.44 420.73 20 46 1
122 66.87 78.97 45.68 343.42 22 46 1
123 43.05 33.99 25.08 401.65 15 45 1
124 73.13 88.39 48.03 416.83 19 48 1
125 25.95 7.23 1.91 491.68 23 34 1
126 36.88 37.19 2.97 351.60 24 39 1
127 70.75 59.10 45.43 327.75 14 38 1
128 15.26 66.53 9.34 381.50 17 41 1
129 0.94 0.75 11.96 327.90 4 46 1
130 82.98 93.80 37.25 471.52 6 22 1
131 41.37 92.21 37.43 117.40 8 40 1
132 58.61 50.26 24.74 493.33 16 21 1
133 90.97 25.99 38.68 472.25 24 45 1
134 6.03 58.53 47.99 476.16 12 48 1
135 62.20 0.29 31.86 386.38 9 23 1
136 60.98 90.72 28.66 464.25 15 44 1
137 6.42 43.20 44.36 450.66 6 14 1
138 68.30 93.24 10.92 434.04 19 43 1
139 34.56 11.36 10.58 431.52 24 44 1
140 93.44 69.93 33.37 437.91 13 16 1
141 1.71 17.00 35.64 209.37 2 21 1
142 76.35 54.28 37.62 349.37 7 14 1
143 9.13 80.82 27.99 85.91 12 29 1
144 41.15 13.90 40.96 98.54 2 28 1
145 41.57 74.50 2.82 486.96 9 26 1
146 92.69 4.58 13.72 453.44 7 46 1
147 35.13 17.39 20.15 69.23 19 26 1
148 7.53 34.31 19.27 123.46 0 21 1
149 58.57 93.39 43.57 437.65 17 47 1
150 58.81 8.50 31.29 467.10 19 28 1
151 24.65 37.83 40.46 96.79 20 45 1
152 55.01 92.82 5.16 100.65 24 32 1
153 94.00 47.81 25.46 433.13 19 25 1
154 34.04 86.09 44.03 475.55 1 27 1
155 29.22 98.33 29.16 202.77 16 26 1
156 5.08 65.98 42.83 110.12 15 39 1
157 17.54 4.11 28.90 188.27 7 20 1
158 48.78 38.24 6.58 437.74 5 46 1
159 56.09 6.77 32.13 284.91 11 42 1
160 29.38 8.62 32.39 76.27 2 11 1
161 27.87 63.87 24.42 313.98 2 5 1
162 36.39 21.06 49.72 157.16 20 44 1
163 95.61 80.62 13.22 426.71 14 29 1
164 85.46 42.62 49.96 240.45 10 44 1
165 45.27 36.98 13.01 143.50 18 29 1
166 26.34 81.47 34.29 441.55 12 36 1
167 13.67 32.70 34.24 243.40 22 37 1
168 33.95 43.96 41.46 114.26 16 45 1
169 32.89 52.84 32.59 254.68 12 20 1
170 10.46 72.64 28.67 262.86 5 7 1
171 56.14 50.06 40.60 202.29 1 24 1
172 46.13 43.47 36.15 223.17 21 42 1
173 44.88 44.48 33.44 134.24 14 36 1
174 62.95 45.93 26.90 236.27 6 43 1
175 18.90 52.38 48.28 380.21 1 44 1
176 61.70 23.46 10.40 55.16 5 43 1
177 13.03 31.38 38.47 199.79 4 35 1
178 10.93 73.23 33.71 488.26 16 29 1
179 83.87 87.08 40.63 157.81 3 9 1
180 81.35 25.42 13.02 473.40 11 38 1
181 62.71 35.06 21.02 115.59 2 18 1
182 0.33 89.71 24.38 300.76 6 21 1
183 59.40 48.59 4.83 210.33 9 42 1
184 24.42 88.19 37.76 461.03 21 22 1
185 22.40 26.95 17.22 246.55 22 26 1
186 13.77 96.31 25.13 291.62 2 25 1
187 96.40 97.60 15.68 382.97 21 32 1
188 95.27 19.06 45.91 330.92 14 29 1
189 76.60 88.44 30.85 423.35 4 7 1
190 11.16 15.52 48.85 371.59 6 36 1
191 30.23 17.30 15.35 438.15 23 26 1
192 75.22 23.63 2.60 258.03 21 37 1
193 55.44 45.31 11.79 321.74 7 35 1
194 10.69 75.54 6.34 316.72 7 20 1
195 95.78 23.82 44.86 489.74 11 32 1
196 53.56 40.67 19.31 78.22 23 30 1
197 9.90 44.16 1.11 360.90 16 46 1
198 4.74 97.08 19.74 430.05 8 14 1
199 74.00 74.68 29.26 405.82 7 10 1
200 35.99 72.85 5.61 286.12 6 31 1
201 80.96 84.48 22.69 410.21 7 33 1
202 71.88 58.57 5.27 151.52 2 35 1
203 89.73 52.56 29.01 290.74 9 24 1
204 84.04 67.68 5.79 437.64 4 25 1
205 43.28 86.20 38.00 164.89 2 26 1
206 44.89 58.33 35.01 75.79 18 31 1
207 65.89 4.68 42.99 75.01 8 47 1
208 54.86 69.57 9.50 339.11 11 31 1
209 16.74 32.13 13.79 392.22 1 14 1
210 59.02 99.87 14.65 209.75 5 36 1
211 7.02 61.32 29.97 446.17 7 41 1
212 39.22 7.17 46.59 268.41 15 31 1
213 2.28 96.50 34.82 332.42 12 18 1
214 4.31 28.57 29.35 152.40 7 22 1
215 19.88 20.58 20.45 106.37 1 21 1
216 11.36 49.45 22.53 447.22 4 44 1
217 6.81 52.52 14.02 364.80 21 35 1
218 91.52 70.93 12.47 416.86 12 43 1
219 34.37 97.48 10.11 89.03 12 28 1
220 46.31 50.95 27.34 428.20 4 9 1
221 83.81 46.99 32.35 100.34 18 43 1
222 93.60 25.46 39.31 111.79 10 46 1
223 37.92 89.32 41.52 174.74 14 20 1
224 13.73 47.27 25.33 450.27 10 42 1
225 0.44 34.58 31.05 306.31 13 45 1
226 32.99 20.76 42.76 341.00 22 35 1
227 9.27 5.20 12.17 456.01 9 25 1
228 10.34 91.02 31.04 67.99 21 31 1
229 48.76 88.99 49.67 365.57 19 23 1
230 71.75 90.82 30.37 447.52 0 39 1
231 80.70 98.00 22.30 468.55 3 42 1
232 5.75 83.21 17.80 174.19 16 26 1
233 94.43 23.53 22.55 96.33 2 2 1
234 39.23 9.51 11.49 498.14 24 26 1
235 91.69 38.34 40.35 309.04 2 4 1
236 46.36 16.30 22.04 188.99 19 42 1
237 2.33 39.26 42.88 132.38 5 43 1
238 41.95 14.75 44.69 81.48 12 41 1
239 16.74 13.57 3.15 363.57 23 24 1
240 92.19 35.32 30.91 321.05 15 20 1
241 40.28 79.53 18.35 378.65 3 37 1
242 12.88 93.88 3.32 469.52 13 21 1
243 8.30 36.05 31.90 198.11 12 12 1
244 3.35 52.39 4.86 347.20 5 20 1
245 85.59 30.84 46.65 91.76 20 36 1
246 50.94 22.35 3.91 292.90 2 48 1
247 73.90 45.37 27.72 196.09 0 15 1
248 82.38 47.75 9.99 482.75 16 31 1
249 41.95 88.58 16.54 220.62 12 43 1
250 13.25 9.08 16.80 185.40 16 18 1
251 36.84 27.03 2.62 381.73 10 32 1
252 95.79 64.57 25.09 443.59 9 34 1
253 30.80 96.46 15.97 308.40 20 28 1
254 45.98 57.55 5.79 109.14 16 35 1
255 2.73 63.63 44.06 202.18 2 33 1
256 81.78 93.67 41.04 459.04 19 28 1
257 71.37 32.25 29.83 342.91 7 37 1
258 21.72 69.89 20.74 444.36 18 28 1
259 29.24 18.41 26.94 118.80 10 35 1
260 26.31 90.67 26.27 418.18 8 30 1
261 86.52 7.90 18.95 264.94 15 33 1
262 42.24 71.29 14.59 413.41 22 34 1
263 35.28 35.82 38.96 185.72 9 11 1
264 37.35 98.34 29.62 463.23 4 39 1
265 99.12 86.00 25.77 128.34 1 2 1
266 21.13 80.26 29.01 261.00 23 25 1
267 68.61 53.00 0.48 178.09 4 15 1
268 69.48 15.65 11.62 308.68 9 27 1
269 43.82 6.32 25.30 401.93 14 14 1
270 16.66 48.78 46.36 295.50 8 39 1
271 17.16 5.94 4.80 310.70 19 35 1
272 14.87 20.40 10.05 91.81 4 46 1
273 47.34 39.07 33.19 248.58 6 38 1
274 39.47 20.64 39.68 334.24 18 38 1
275 20.59 16.99 8.62 186.93 1 41 1
276 27.47 30.74 43.30 160.23 20 35 1
277 59.20 94.74 21.81 420.03 22 36 1
278 51.24 67.37 17.54 338.54 18 42 1
279 70.24 54.00 42.03 127.94 4 37 1
280 63.77 45.34 25.18 209.51 4 10 1
281 31.67 61.61 37.51 219.12 1 36 1
282 24.61 25.98 30.49 415.00 21 41 1
283 77.44 58.56 19.49 112.09 7 25 1
284 22.89 20.59 3.62 498.25 24 37 1
285 77.72 41.38 21.06 464.01 17 20 1
286 56.82 48.24 30.75 205.35 23 24 1
287 92.70 74.13 41.54 149.07 22 35 1
288 74.78 80.07 38.79 276.48 1 16 1
289 34.36 53.51 29.07 59.34 0 9 1
290 4.64 17.89 20.07 265.37 8 28 1
291 18.23 66.67 37.05 302.37 18 20 1
292 77.01 78.77 3.96 239.33 1 28 1
293 52.46 51.35 46.04 386.10 7 29 1
294 74.14 71.87 7.59 174.87 18 24 1
295 27.67 62.80 11.25 168.83 16 25 1
296 22.34 83.88 14.78 394.39 11 24 1
297 58.65 94.91 27.23 379.44 3 42 1
298 32.46 98.07 27.64 270.39 13 27 1
299 79.36 11.74 45.12 227.66 19 41 1
300 67.40 42.20 1.89 138.54 12 34 1
1 134.24 4327.02 1
2 184.67 4072.36 1
3 175.49 2566.81 1
4 110.11 2814.56 1
5 199.69 3007.29 1
1 1.31 29.23 2
2 1.23 42.73 4
3 1.80 43.69 4
4 1.29 28.30 3
5 1.56 42.13 2
6 1.99 28.76 5
7 1.16 42.70 4
