Data for Vehicle routing problem with drones - Author: Huyen Do Thi Ngoc
Number of depots: 2
Number of cities: 300
Number of trucks: 6
Number of drones: 14
Area: 100 100 50
Customer maximum demand: 500
Max capacity of truck: 200
Max energy of truck: 5000
Max capacity of drone: 2
Max energy of drone: 50
1 89.68 55.95 4.17
2 54.98 63.02 20.09
1 3.57 57.58 3.00 224.20 0 25 1
2 62.71 64.84 8.80 153.84 14 34 1
3 25.38 57.70 43.15 493.63 6 38 2
4 28.94 69.44 4.73 134.41 20 38 1
5 19.13 82.80 47.05 495.06 2 36 1
6 29.80 77.42 38.19 181.65 17 30 2
7 39.34 28.15 40.86 336.69 18 28 2
8 0.51 53.78 10.33 113.53 15 24 2
9 44.84 41.15 49.31 343.74 14 37 2
10 46.71 75.99 30.22 275.35 23 48 1
11 90.80 48.04 37.61 230.44 19 21 2
12 27.86 67.08 33.34 97.61 0 6 2
13 37.16 22.91 41.17 173.18 8 27 1
14 36.83 26.68 9.79 450.03 2 38 1
15 55.30 55.89 16.24 62.32 12 34 2
16 79.34 9.95 46.10 473.38 24 45 2
17 46.55 26.14 2.51 313.57 24 32 1
18 8.04 75.27 44.82 464.08 24 36 1
19 15.57 29.61 24.23 371.15 2 45 2
20 13.32 14.08 33.13 173.41 21 38 2
21 26.74 26.22 31.86 92.02 7 23 2
22 18.01 82.17 23.43 454.46 8 46 2
23 26.45 0.76 33.49 477.38 0 47 2
24 33.30 66.22 48.59 366.70 6 41 1
25 78.48 37.30 17.74 476.94 22 40 2
26 91.21 63.20 40.17 318.67 13 23 2
27 95.52 22.72 33.85 493.94 3 41 2
28 73.05 35.18 43.06 150.08 7 39 2
29 41.61 14.62 2.30 266.50 21 38 2
30 33.07 97.24 26.36 259.27 22 29 2
31 79.85 53.28 29.75 148.22 6 45 2
32 5.22 30.44 40.02 144.53 2 8 2
33 40.35 63.09 42.04 158.35 1 14 1
34 95.92 21.63 33.91 478.35 17 41 1
35 15.28 9.21 10.83 331.55 9 42 1
36 79.56 8.26 23.55 223.37 2 17 1
37 15.81 62.72 0.03 373.29 3 22 1
38 76.94 54.80 44.35 355.85 1 33 2
39 99.03 78.74 12.88 462.23 15 27 1
40 16.75 99.41 6.40 281.06 0 14 2
41 34.84 6.76 0.15 169.91 23 35 1
42 55.14 31.78 38.87 334.46 7 35 1
43 14.86 90.05 47.06 365.46 5 6 1
44 46.77 18.55 46.64 409.51 1 42 2
45 27.76 8.29 37.69 276.44 14 18 2
46 94.89 74.88 3.73 373.61 22 41 2
47 76.50 9.93 23.26 367.24 3 19 1
48 58.76 80.65 14.96 465.74 9 10 1
49 7.08 0.75 0.22 464.34 1 46 2
50 15.41 22.51 48.50 439.50 15 32 1
51 73.49 0.08 24.32 491.70 20 31 1
52 56.43 36.62 46.95 226.18 10 27 2
53 85.00 72.81 48.72 105.51 7 19 1
54 18.54 87.59 7.41 333.65 21 28 2
55 11.85 17.73 37.54 95.49 16 48 1
56 54.64 85.35 20.94 121.13 24 40 1
57 86.80 55.73 5.43 432.30 1 42 2
58 84.91 90.45 26.92 141.49 17 45 2
59 4.04 80.61 41.38 254.66 2 34 1
60 22.33 98.76 19.63 319.09 2 41 2
61 93.12 94.88 48.02 362.33 2 48 2
62 54.39 28.91 36.23 151.68 22 39 1
63 20.16 62.20 39.22 214.86 8 25 2
64 44.18 41.99 49.24 438.28 7 9 2
65 99.57 87.29 49.28 86.83 0 17 1
66 27.62 86.10 35.09 320.81 8 8 2
67 1.12 6.43 21.20 201.85 14 36 2
68 71.78 0.44 7.48 105.90 20 28 2
69 45.07 84.59 35.39 227.03 9 19 1
70 92.96 84.02 8.85 139.40 7 45 1
71 83.59 1.60 20.88 407.27 15 23 1
72 95.34 22.18 16.96 163.41 9 13 1
73 61.40 50.55 23.67 329.19 21 35 1
74 50.23 45.44 5.22 381.23 18 41 2
75 52.75 45.24 42.59 91.77 21 39 1
76 18.79 33.53 45.61 400.18 12 31 1
77 24.45 90.31 14.04 223.56 9 22 1
78 77.91 17.01 12.93 184.82 7 15 1
79 13.91 70.72 1.11 363.41 4 14 2
80 34.34 92.63 22.43 241.18 9 19 2
81 29.68 46.18 11.53 399.97 24 35 2
82 79.38 79.99 0.82 335.08 6 33 2
83 36.47 54.88 25.75 265.49 18 37 1
84 82.77 50.25 15.42 369.42 22 23 1
85 85.04 95.87 40.54 172.25 23 28 1
86 55.92 13.95 29.52 249.24 18 39 1
87 51.26 72.82 48.86 180.35 17 39 2
88 86.46 54.14 13.29 402.89 12 33 2
89 77.92 54.02 16.27 467.71 1 37 1
90 78.04 53.31 11.97 223.40 5 47 2
91 93.43 95.54 7.16 304.05 12 32 2
92 20.05 1.93 12.51 377.91 2 31 2
93 42.07 61.66 14.04 194.16 18 30 1
94 41.91 51.26 31.49 239.83 21 23 2
95 74.12 30.38 45.48 363.75 21 34 1
96 74.23 14.65 11.95 67.06 8 8 2
97 10.74 21.48 34.29 186.29 1 11 2
98 78.44 28.79 5.87 281.05 3 42 2
99 83.29 90.45 20.75 101.54 3 35 2
100 61.30 82.55 8.57 219.89 15 15 2
101 74.68 5.72 32.59 212.06 19 26 1
102 16.62 94.50 36.32 298.21 24 44 2
103 65.49 63.14 34.09 382.59 0 8 2
104 71.61 7.19 42.98 118.54 15 44 1
105 85.05 58.23 29.06 254.05 16 17 1
106 57.38 66.83 9.89 466.50 3 30 1
107 99.90 82.74 44.31 262.40 15 37 2
108 38.43 78.14 18.77 498.19 3 4 2
109 55.59 93.27 35.32 154.61 1 1 2
110 37.32 42.30 18.96 221.14 20 46 1
111 49.90 14.59 4.79 288.92 4 9 2
112 40.68 0.20 25.15 54.92 14 19 1
113 49.31 8.07 49.89 428.67 24 40 2
114 53.85 20.57 27.79 475.33 15 20 1
115 30.22 38.22 11.96 96.96 21 28 1
116 79.00 59.20 26.50 467.25 9 40 2
117 61.45 71.64 4.39 417.63 7 9 1
118 60.57 27.45 18.51 464.23 3 4 1
119 45.85 54.71 15.70 223.47 5 41 2
120 88.34 84.51 11.16 478.10 24 45 2
121 20.85 95.14 16.14 145.80 13 23 2
122 39.62 68.81 36.06 152.93 2 38 2
123 62.01 85.74 33.07 486.31 10 16 2
124 85.95 34.94 17.18 455.16 17 38 1
125 34.88 68.77 3.36 172.44 12 24 2
126 45.57 42.55 15.87 96.53 24 28 2
127 75.52 53.93 26.16 161.93 18 18 2
128 84.78 69.89 26.52 154.34 19 21 1
129 34.38 3.71 43.24 55.20 8 47 1
130 61.75 0.80 2.02 233.77 17 32 2
131 65.56 51.86 18.70 173.03 9 25 2
132 48.85 70.86 10.66 463.06 13 40 1
133 61.00 36.51 18.24 124.60 11 42 1
134 54.52 87.45 39.15 481.74 16 28 2
135 37.48 94.62 43.66 241.58 1 9 1
136 18.69 88.13 21.71 82.00 9 43 1
137 44.33 82.10 13.36 354.51 1 26 2
138 31.15 33.23 32.98 96.88 3 11 2
139 41.47 98.29 6.94 81.66 7 11 2
140 16.70 89.11 8.51 81.19 1 5 1
141 2.82 15.03 30.73 366.89 5 44 2
142 13.57 77.22 25.12 436.48 8 27 1
143 0.87 34.32 8.35 58.85 14 45 2
144 38.19 66.23 43.42 150.56 10 20 2
145 65.29 1.10 10.19 329.89 6 30 2
146 75.89 62.80 27.72 392.77 23 43 1
147 11.65 69.02 31.55 386.77 11 40 2
148 47.85 33.40 0.99 188.13 2 48 1
149 45.78 67.66 40.99 410.24 7 31 1
150 78.02 12.13 20.08 323.46 9 23 2
151 77.36 82.24 46.39 243.41 19 30 1
152 54.46 35.37 24.07 98.14 16 38 2
153 96.20 51.15 30.45 473.46 0 15 1
154 56.81 0.41 47.42 270.07 11 33 1
155 81.98 52.33 9.44 298.19 13 41 2
156 28.19 75.60 6.09 209.93 3 31 2
157 38.72 66.64 3.32 56.74 4 39 2
158 18.07 86.19 36.92 153.36 17 34 1
159 85.28 4.97 26.78 122.35 18 35 2
160 51.28 59.19 32.41 57.23 10 25 2
161 89.87 10.75 31.01 103.30 8 38 1
162 52.25 28.33 32.46 127.05 2 10 1
163 72.79 48.06 44.28 88.62 5 45 2
164 10.82 4.95 20.22 360.88 20 36 2
165 3.97 27.93 2.76 224.92 7 45 1
166 22.80 53.82 7.25 367.40 15 43 1
167 79.38 33.32 3.27 327.48 10 45 1
168 34.17 48.63 31.65 102.48 22 47 1
169 22.59 13.37 11.57 209.23 14 40 1
170 68.46 67.36 17.91 379.08 3 36 2
171 14.66 78.89 28.06 368.85 10 38 2
172 40.04 12.31 32.85 455.19 23 34 2
173 47.09 69.71 10.72 230.38 1 15 1
174 55.85 29.39 19.57 190.34 24 24 2
175 84.21 72.32 30.51 213.35 19 45 2
176 56.03 88.08 28.88 216.87 7 14 2
177 83.03 70.92 12.41 53.70 4 27 1
178 87.31 6.23 47.26 140.11 7 39 1
179 93.65 38.36 26.21 354.54 12 36 1
180 34.51 50.32 14.14 125.84 21 32 1
181 98.32 58.38 5.58 453.62 6 48 1
182 77.08 2.86 48.91 134.66 4 46 2
183 66.38 27.42 38.02 170.59 8 43 2
184 64.98 8.58 5.27 433.13 2 46 1
185 45.08 60.50 12.57 205.48 23 39 2
186 4.45 54.84 9.75 145.52 11 47 2
187 71.96 66.59 27.29 485.18 8 23 1
188 13.00 38.36 3.61 470.10 2 21 2
189 46.75 98.09 11.11 187.33 3 44 2
190 55.96 15.71 41.79 459.74 23 24 2
191 52.50 96.34 23.99 380.69 6 33 1
192 10.05 0.14 31.97 276.81 17 37 1
193 28.61 36.90 0.63 156.16 8 35 2
194 55.50 78.67 42.86 182.96 13 23 2
195 81.52 80.55 5.28 369.23 24 37 1
196 16.52 10.95 36.63 380.50 12 18 1
197 33.67 17.13 20.12 215.42 19 46 2
198 73.64 92.40 9.87 421.10 7 17 2
199 88.27 98.49 22.36 63.45 17 25 1
200 43.72 74.34 20.67 50.91 1 36 1
201 3.75 41.97 13.48 237.47 23 35 1
202 33.38 86.14 36.72 140.07 8 39 2
203 22.54 17.65 4.40 278.29 14 40 1
204 44.04 72.69 0.45 312.34 6 35 1
205 31.59 20.35 39.07 457.10 4 15 2
206 0.04 33.01 17.52 157.51 12 27 1
207 56.70 16.90 22.71 279.43 1 23 2
208 11.22 85.09 22.95 293.36 1 18 2
209 78.48 5.14 28.50 375.80 3 28 1
210 18.58 84.36 15.91 314.81 3 40 1
211 39.18 5.04 0.86 316.79 16 34 2
212 32.70 16.19 31.87 442.20 18 23 2
213 67.36 10.96 15.79 440.00 6 45 2
214 19.75 27.26 14.05 247.92 20 42 1
215 46.81 40.24 2.98 288.04 11 41 1
216 60.74 75.92 15.01 470.31 12 24 2
217 39.08 38.54 32.16 405.88 11 48 1
218 89.18 13.26 24.67 464.00 0 46 1
219 4.16 29.02 36.61 360.92 10 37 2
220 18.49 75.00 47.24 378.09 7 11 2
221 57.79 63.87 19.64 243.48 14 31 2
222 49.72 55.60 15.95 230.17 17 46 2
223 54.38 65.35 2.34 373.20 19 40 1
224 13.04 26.90 49.49 80.31 18 27 2
225 22.81 30.29 10.61 233.42 16 39 2
226 81.96 19.37 4.69 485.76 13 24 1
227 74.05 4.99 49.04 423.71 23 40 1
228 49.32 76.65 4.35 158.27 7 10 1
229 14.08 90.93 14.34 486.72 1 18 1
230 66.07 62.50 15.29 327.40 14 34 1
231 79.03 41.34 47.65 325.31 5 16 2
232 38.18 43.24 10.21 468.14 17 23 1
233 44.38 15.50 22.50 65.48 15 34 2
234 84.33 33.24 20.56 443.13 18 45 1
235 81.45 82.64 49.57 101.10 19 27 2
236 6.17 32.13 26.24 484.62 9 21 1
237 29.53 22.18 20.50 434.50 12 23 1
238 41.64 81.80 28.15 57.89 21 22 2
239 20.49 85.38 17.78 170.38 17 36 1
240 9.93 19.97 35.71 168.03 4 27 2
241 25.84 98.43 25.17 471.38 22 32 1
242 33.58 28.36 30.49 396.91 11 47 2
243 32.21 7.70 37.33 350.94 4 12 1
244 92.26 17.93 46.35 78.46 6 19 1
245 10.58 89.64 30.97 485.99 3 26 1
246 79.28 54.97 31.87 496.84 8 33 2
247 97.82 66.09 16.99 477.47 9 13 2
248 89.60 3.67 13.35 296.75 10 19 1
249 42.99 46.86 0.35 74.78 3 10 2
250 21.46 13.25 0.85 201.49 11 26 1
251 55.57 29.19 44.20 395.25 6 9 2
252 17.83 21.36 44.77 140.04 13 13 1
253 21.56 16.89 25.59 76.80 14 20 2
254 74.27 25.02 14.39 175.48 18 37 1
255 97.77 26.77 31.65 360.53 24 42 2
256 91.35 51.48 17.31 324.14 7 38 2
257 63.51 52.42 48.56 282.21 13 31 1
258 67.44 43.34 35.69 216.30 0 30 1
259 7.76 47.83 47.79 54.88 23 25 1
260 9.47 65.10 18.22 83.96 8 9 2
261 74.54 84.93 25.21 325.36 6 8 1
262 38.35 86.01 41.18 104.68 18 40 1
263 61.08 21.88 19.04 493.02 22 38 2
264 66.15 4.44 30.20 347.13 24 34 2
265 88.98 14.12 2.47 281.64 18 24 2
266 44.04 79.06 34.93 420.20 12 33 2
267 5.95 74.91 29.35 372.34 23 28 1
268 6.15 32.49 46.26 239.42 1 37 1
269 16.04 98.69 37.69 359.16 3 33 1
270 55.17 75.07 28.52 427.50 18 21 1
271 2.65 46.70 13.71 92.42 11 14 1
272 76.42 43.01 10.46 66.95 3 37 1
273 47.24 69.90 13.65 61.33 10 36 1
274 73.18 87.52 18.57 274.23 4 6 1
275 52.82 93.00 32.47 340.31 15 25 2
276 45.64 43.31 24.21 327.06 1 28 1
277 28.70 39.45 34.62 89.39 1 18 2
278 84.79 98.00 43.44 385.49 21 41 2
279 37.86 27.32 32.28 459.96 12 48 1
280 94.03 22.10 26.65 362.74 6 36 1
281 49.58 75.73 10.98 368.30 13 19 2
282 96.74 2.75 43.31 308.55 3 6 2
283 43.35 78.04 35.46 236.09 4 23 2
284 62.80 40.32 19.63 150.71 13 40 1
285 53.13 90.05 27.38 253.98 13 42 1
286 67.42 87.14 9.45 484.88 11 21 1
287 6.31 1.77 33.09 128.59 3 37 2
288 97.90 87.00 22.49 472.35 10 48 2
289 24.74 53.74 28.02 124.64 8 17 1
290 76.38 7.02 30.16 147.88 7 10 1
291 29.13 79.73 8.73 264.89 7 43 1
292 91.79 47.00 4.46 95.09 4 48 2
293 3.47 21.49 7.87 418.81 0 39 1
294 63.90 60.67 49.09 187.48 15 28 1
295 54.99 95.25 8.15 268.41 17 25 1
296 40.81 61.93 26.67 336.53 6 13 2
297 59.03 82.66 38.43 80.34 24 37 1
298 75.73 67.65 39.87 380.04 20 21 1
299 12.70 93.49 28.34 146.31 3 35 1
300 78.25 67.70 39.78 124.06 11 15 2
1 126.90 4338.81 1
2 126.29 3549.70 2
3 110.21 2519.77 1
4 185.22 4691.65 2
5 142.68 4720.30 1
6 198.04 4922.85 1
1 1.72 39.99 5
2 1.77 49.76 6
3 1.15 38.63 5
4 1.45 49.48 5
5 1.34 28.22 3
6 1.17 25.94 5
7 1.67 40.54 5
8 1.16 44.67 6
9 1.53 46.18 5
10 2.00 25.01 4
11 1.36 37.31 3
12 1.16 43.08 1
13 1.72 32.54 3
14 1.53 48.67 5
