Data for Vehicle routing problem with drones - Author: Huyen Do Thi Ngoc
Number of depots: 4
Number of cities: 400
Number of trucks: 5
Number of drones: 5
Area: 100 100 50
Customer maximum demand: 500
Max capacity of truck: 200
Max energy of truck: 5000
Max capacity of drone: 2
Max energy of drone: 50
1 79.27 27.28 46.47
2 65.06 51.93 45.16
3 30.61 48.88 13.76
4 43.29 17.36 17.05
1 44.03 19.16 28.19 178.30 3 26 3
2 7.33 61.40 4.81 109.96 21 31 4
3 26.64 43.02 13.66 197.39 13 33 1
4 97.92 70.80 45.07 447.47 1 2 4
5 31.23 47.59 26.78 497.81 6 47 3
6 78.12 78.27 42.35 163.34 20 24 1
7 75.07 18.23 44.92 77.99 20 46 3
8 98.56 65.32 40.27 62.66 24 39 4
9 69.89 40.76 8.05 493.76 11 33 1
10 14.64 53.29 9.27 432.35 8 44 4
11 11.25 65.44 3.87 61.09 5 30 1
12 73.88 38.79 4.44 266.09 19 46 1
13 66.66 98.49 35.96 401.06 4 35 1
14 21.63 58.41 45.78 292.43 7 13 1
15 70.24 80.01 29.24 118.15 19 38 2
16 90.44 49.54 48.16 291.52 2 15 4
17 52.07 39.43 5.29 280.15 0 19 2
18 31.15 55.43 45.80 134.17 10 28 1
19 89.30 56.80 30.47 257.53 6 21 4
20 37.33 42.45 6.36 257.77 10 18 3
21 66.50 76.02 9.40 435.36 2 40 2
22 85.14 14.15 5.59 379.64 19 42 4
23 58.63 40.27 49.99 474.70 17 34 4
24 31.40 82.01 42.69 448.72 20 29 1
25 41.05 31.81 11.12 136.59 3 43 1
26 14.86 86.67 23.07 118.73 18 24 4
27 99.68 12.82 21.13 223.11 2 24 1
28 23.55 89.47 12.69 107.36 15 36 4
29 77.90 59.46 11.06 354.36 1 14 3
30 12.90 6.24 6.40 87.20 20 41 3
31 21.10 43.37 34.33 305.74 16 48 2
32 33.63 1.00 19.33 140.04 13 39 4
33 0.87 6.37 32.98 137.64 4 31 2
34 6.67 82.94 15.49 73.35 8 9 4
35 45.13 21.19 1.13 409.95 11 28 2
36 62.76 45.55 26.72 306.13 6 18 3
37 74.59 65.74 49.52 196.97 15 24 1
38 55.72 39.30 15.20 359.57 4 44 2
39 33.44 75.85 28.31 443.63 17 39 1
40 92.95 48.06 12.79 70.96 12 48 1
41 10.79 14.68 31.30 338.72 4 36 2
42 7.23 59.36 20.03 427.53 24 37 2
43 72.62 23.23 45.24 264.98 11 38 3
44 46.85 82.67 16.25 118.25 12 13 2
45 19.11 77.84 42.97 309.06 6 9 2
46 72.68 99.51 46.63 373.47 23 44 1
47 12.32 24.88 23.26 321.13 0 4 3
48 24.82 31.56 19.13 258.13 24 27 1
49 90.05 96.62 4.66 93.34 24 47 1
50 64.12 4.88 40.39 496.06 3 42 1
51 53.91 74.27 43.62 132.50 14 43 4
52 53.97 38.20 44.62 329.60 5 45 2
53 88.47 91.19 24.18 407.53 12 26 4
54 2.04 40.57 34.77 305.83 10 45 1
55 69.06 62.59 45.24 360.84 22 30 2
56 4.96 3.51 18.86 366.52 16 35 3
57 30.60 93.54 25.21 350.49 18 25 1
58 61.81 26.85 3.70 345.99 22 44 4
59 64.08 77.26 42.05 237.79 22 46 2
60 17.51 4.61 2.29 305.57 23 29 4
61 72.83 82.39 23.37 333.21 5 9 4
62 93.48 95.68 0.68 425.14 6 23 1
63 93.54 37.02 40.87 173.38 5 42 3
64 6.96 72.47 15.45 250.26 23 38 2
65 14.15 15.20 29.06 84.18 4 6 3
66 8.51 14.60 33.52 171.07 22 48 3
67 76.62 64.89 31.45 263.30 12 41 4
68 94.44 0.92 8.72 98.86 8 26 3
69 85.32 61.16 17.54 301.51 18 18 4
70 73.10 32.46 20.01 62.82 20 48 1
71 24.38 11.52 30.16 151.84 13 30 3
72 7.03 23.43 49.06 423.87 22 42 4
73 37.11 20.46 36.28 315.50 4 31 1
74 11.78 58.10 39.18 457.30 6 18 1
75 21.10 30.46 19.02 423.79 16 21 3
76 38.89 10.04 9.06 489.04 8 16 1
77 42.18 80.07 22.91 234.76 13 25 3
78 83.88 41.59 34.24 458.90 5 9 3
79 61.01 44.15 24.50 163.37 24 24 3
80 33.46 89.04 45.96 210.15 18 24 3
81 11.84 94.10 9.70 492.97 3 28 2
82 62.58 9.08 11.11 237.22 12 34 3
83 26.42 28.12 23.95 455.05 12 27 3
84 19.37 17.96 23.86 115.27 0 2 2
85 3.10 82.72 19.66 391.85 11 35 4
86 3.14 21.50 12.61 119.12 15 16 2
87 82.02 27.43 43.65 152.24 22 48 3
88 35.87 10.84 2.26 300.30 23 39 3
89 64.13 36.07 35.60 313.33 13 26 4
90 21.43 74.06 3.22 129.51 6 22 1
91 72.12 59.81 5.53 402.17 4 35 3
92 1.54 74.28 15.78 166.30 11 15 1
93 41.74 9.51 3.41 178.28 8 17 2
94 27.21 49.14 0.29 73.88 23 29 4
95 5.61 99.15 5.02 482.60 2 16 2
96 56.14 64.83 29.58 226.27 14 23 3
97 50.84 25.02 40.82 462.37 21 35 3
98 58.72 99.05 34.79 246.80 14 23 2
99 9.88 24.53 12.04 221.95 21 29 1
100 58.68 35.57 1.18 155.41 12 24 1
101 61.95 15.91 27.90 71.12 11 23 2
102 72.62 25.99 12.80 321.87 14 14 4
103 43.22 92.32 36.51 86.13 4 25 1
104 17.81 73.69 20.80 481.66 19 47 1
105 34.27 69.45 7.05 229.71 11 46 2
106 11.16 36.62 42.31 128.31 23 28 2
107 1.91 98.20 0.13 308.36 3 22 4
108 15.79 70.71 1.13 428.80 2 30 1
109 39.99 73.38 17.28 358.95 6 40 3
110 40.15 82.63 44.74 365.75 1 41 4
111 47.78 28.14 17.80 52.20 18 20 3
112 76.17 95.50 41.20 314.39 13 13 3
113 99.02 5.77 1.72 218.07 0 38 2
114 48.09 29.89 27.29 329.69 14 18 2
115 35.61 39.21 2.30 403.99 2 10 4
116 12.81 37.31 34.48 430.33 7 22 3
117 76.66 90.30 6.51 272.60 13 22 1
118 47.09 73.52 21.81 129.36 24 28 3
119 68.91 27.78 22.90 347.32 15 40 1
120 27.91 14.62 43.57 487.41 24 38 4
121 67.66 85.36 39.23 399.63 13 25 1
122 68.14 87.89 6.16 117.69 3 43 2
123 17.10 38.45 43.91 388.01 13 44 3
124 40.67 55.66 20.71 465.30 16 45 2
125 94.90 15.86 17.28 444.29 18 30 2
126 60.55 13.92 33.53 62.24 16 42 3
127 74.72 17.38 3.52 495.85 22 36 4
128 83.94 50.00 49.65 86.69 8 47 1
129 45.53 35.47 2.72 465.73 11 39 2
130 16.03 56.57 34.43 202.46 3 14 4
131 70.19 75.40 16.80 356.55 8 38 3
132 0.07 78.55 17.20 427.44 2 16 4
133 85.89 59.86 0.84 204.57 22 28 2
134 76.17 76.08 28.28 487.22 17 19 2
135 90.10 23.34 49.95 456.16 23 40 1
136 73.72 80.28 31.02 442.17 16 47 1
137 80.68 28.08 27.70 281.35 21 40 1
138 47.21 63.63 42.90 366.53 5 20 2
139 25.01 46.68 3.05 249.94 11 41 3
140 3.20 72.34 42.83 102.00 2 2 3
141 70.34 38.48 1.22 276.21 3 20 2
142 35.16 65.12 19.67 352.65 4 15 1
143 32.01 95.38 38.93 394.38 12 34 3
144 30.33 24.08 48.59 312.03 23 47 1
145 52.06 43.04 14.21 113.14 1 41 3
146 92.70 56.75 9.27 325.95 8 39 1
147 96.50 68.75 40.06 88.57 20 41 1
148 44.83 98.60 13.60 380.67 22 25 2
149 79.38 45.15 42.76 264.19 22 30 4
150 28.19 31.56 22.47 87.43 6 43 1
151 82.17 67.57 31.94 154.43 3 24 4
152 64.91 89.83 45.19 103.46 18 22 4
153 49.10 60.51 8.86 74.14 19 35 2
154 95.04 36.37 35.95 71.21 10 21 1
155 37.28 67.29 49.82 158.73 24 48 4
156 12.95 24.20 17.46 477.99 21 22 1
157 38.40 16.03 12.67 474.44 4 35 4
158 16.48 2.25 21.40 334.75 4 8 1
159 41.26 98.34 11.59 190.08 18 47 4
160 89.08 26.75 44.83 248.87 1 39 3
161 96.32 2.13 40.68 452.15 13 42 1
162 90.26 82.99 18.56 473.41 16 31 1
163 72.98 78.70 16.99 272.53 12 43 1
164 30.07 26.57 37.55 326.98 23 44 4
165 14.06 34.42 31.45 412.74 19 47 2
166 2.18 16.07 45.39 459.44 15 33 2
167 9.22 12.14 27.88 168.78 4 44 4
168 69.99 49.22 44.13 497.14 12 41 1
169 33.90 9.60 44.09 64.72 21 45 2
170 68.31 6.60 25.23 261.51 11 23 2
171 29.28 4.04 4.94 274.30 8 24 4
172 74.09 51.37 8.32 243.95 20 48 2
173 44.25 80.99 7.80 354.90 18 27 3
174 58.29 40.52 36.96 485.82 15 41 2
175 94.64 34.80 9.65 494.97 6 9 2
176 44.24 44.48 10.45 99.97 19 41 2
177 44.90 20.39 20.89 115.62 19 44 2
178 75.31 12.60 7.60 126.44 20 23 1
179 50.11 47.82 7.16 50.61 18 33 3
180 95.02 13.79 26.10 94.88 2 42 1
181 59.93 9.72 35.43 256.35 18 43 3
182 33.94 50.27 44.43 430.50 7 12 3
183 63.96 67.73 9.50 253.01 5 44 3
184 62.77 11.83 34.66 121.32 16 24 4
185 30.66 83.61 21.49 149.86 0 14 1
186 33.38 40.01 18.78 213.71 21 28 3
187 51.15 89.79 10.38 216.08 0 31 3
188 2.92 0.33 8.54 60.27 13 34 2
189 4.27 91.74 31.31 334.94 0 36 2
190 58.25 49.77 7.73 414.69 6 9 2
191 91.99 85.96 6.53 180.79 11 16 1
192 22.27 91.50 2.00 193.55 13 24 2
193 87.49 23.85 3.57 307.23 3 32 2
194 34.19 34.09 38.65 266.83 7 36 3
195 6.63 83.52 38.68 66.85 3 47 2
196 47.51 88.22 46.97 84.29 7 31 1
197 53.57 53.96 44.81 50.04 18 20 2
198 40.27 36.20 43.64 475.33 11 40 3
199 47.27 81.41 17.39 315.70 12 18 3
200 0.33 60.16 24.35 165.85 9 35 1
201 44.94 63.37 0.40 388.20 5 42 1
202 4.19 95.98 38.91 289.39 1 48 2
203 89.92 73.11 48.46 217.47 20 20 4
204 54.91 69.22 7.71 253.25 4 30 3
205 27.36 19.58 39.59 99.38 23 30 4
206 39.39 29.22 4.11 310.88 21 45 1
207 0.83 23.93 47.82 454.40 12 30 4
208 22.94 51.81 1.34 381.89 8 34 3
209 46.63 38.08 0.07 221.08 14 22 2
210 42.44 27.28 5.37 386.48 15 24 2
211 10.54 17.08 7.60 93.43 0 11 2
212 26.51 52.91 36.33 86.85 5 46 3
213 49.07 72.38 31.17 154.48 16 16 2
214 48.07 50.58 11.61 51.71 18 27 1
215 67.78 25.07 14.42 150.38 9 25 1
216 51.37 20.87 20.48 442.77 21 41 2
217 8.33 5.54 38.06 312.21 11 12 4
218 75.82 37.49 10.14 61.14 11 46 4
219 10.88 2.73 2.14 260.06 0 45 2
220 99.49 55.37 34.09 222.74 15 41 1
221 67.45 73.84 4.36 52.43 14 22 2
222 69.46 8.12 40.60 238.25 18 41 1
223 62.49 4.70 29.04 315.84 6 39 2
224 22.47 1.74 34.86 117.42 9 33 2
225 12.54 35.59 20.77 373.43 10 32 4
226 28.19 6.35 20.51 204.12 10 10 1
227 4.23 44.58 10.20 244.45 23 40 3
228 10.64 70.43 28.65 349.96 24 43 3
229 81.47 89.39 4.20 123.26 8 9 4
230 76.70 45.25 42.58 294.07 22 23 2
231 47.38 15.16 44.11 355.10 16 35 1
232 8.82 73.98 25.82 76.09 17 47 3
233 10.07 66.27 46.96 409.71 6 36 1
234 80.45 24.51 48.20 406.11 23 36 3
235 78.19 12.00 28.56 302.22 3 30 2
236 53.69 67.76 8.21 142.39 2 18 4
237 28.57 81.73 19.16 224.38 5 20 2
238 80.70 64.80 21.38 238.25 0 44 3
239 99.06 49.35 33.98 446.36 11 46 1
240 2.49 46.03 32.45 301.47 17 18 3
241 35.42 91.71 46.27 454.36 16 21 1
242 29.46 87.76 13.00 474.00 23 40 1
243 23.73 87.82 20.45 339.96 8 8 2
244 47.96 61.05 45.47 492.04 7 22 2
245 76.45 19.48 20.61 321.93 5 20 3
246 65.24 27.44 26.04 253.55 4 44 1
247 10.52 61.09 6.35 156.09 7 33 4
248 84.46 71.86 38.56 252.00 17 31 2
249 25.57 50.85 3.18 488.12 8 37 2
250 45.97 6.30 18.11 318.55 0 3 3
251 60.78 11.90 38.45 379.44 11 46 4
252 5.11 37.46 42.17 54.90 10 26 4
253 2.11 14.65 9.32 436.34 24 37 2
254 10.39 5.34 46.72 453.94 4 40 4
255 19.71 61.26 7.04 170.18 4 9 2
256 54.18 99.96 35.62 326.41 13 13 1
257 71.39 54.17 28.13 298.96 8 30 2
258 79.09 22.01 21.60 216.19 8 26 2
259 33.43 48.73 13.37 435.49 19 28 3
260 76.93 49.08 4.01 455.54 16 44 4
261 52.90 51.46 38.30 264.74 16 44 3
262 41.23 66.72 14.34 391.71 2 42 4
263 78.88 40.60 7.19 325.89 12 27 3
264 33.10 19.76 8.64 298.49 8 45 4
265 17.41 76.00 17.37 131.87 23 27 3
266 13.52 87.34 45.55 345.58 15 38 3
267 50.37 5.34 41.77 307.53 23 42 1
268 20.58 48.87 39.98 466.37 22 41 2
269 58.38 25.77 16.02 397.66 13 23 4
270 99.54 87.86 1.73 476.62 4 21 3
271 59.90 85.39 45.08 478.78 6 6 4
272 47.93 72.82 30.71 247.20 10 22 3
273 82.87 7.16 18.29 326.81 19 36 3
274 13.87 88.67 28.77 424.65 0 18 3
275 16.98 53.00 21.96 342.82 24 35 3
276 92.24 35.94 44.79 146.19 9 34 1
277 41.09 91.25 21.99 340.04 20 30 4
278 86.19 66.21 19.58 148.41 5 26 3
279 29.17 86.13 21.35 439.61 24 24 4
280 86.31 85.39 43.48 445.12 21 32 4
281 15.00 89.82 20.22 82.38 12 22 2
282 73.09 41.26 37.79 63.52 22 41 4
283 64.48 56.75 30.98 228.17 23 27 1
284 33.54 96.51 43.27 389.89 20 25 1
285 41.81 43.22 36.32 210.68 2 34 2
286 65.76 24.18 18.65 363.77 6 25 1
287 71.32 93.71 33.51 79.98 22 42 4
288 92.14 37.93 17.02 210.82 16 39 1
289 11.66 83.56 47.31 57.40 19 46 3
290 49.05 97.78 12.88 491.46 8 39 3
291 27.09 66.95 15.89 190.58 0 41 2
292 68.52 97.61 32.42 298.89 0 11 2
293 44.30 77.32 17.74 142.00 5 35 2
294 29.05 72.05 44.87 76.30 12 12 1
295 93.19 47.27 42.56 332.94 3 23 4
296 66.37 75.91 34.04 417.65 7 37 1
297 0.86 67.16 25.27 400.50 18 28 4
298 12.15 95.78 27.84 264.27 2 19 1
299 52.27 24.75 23.48 453.14 4 16 4
300 93.38 0.50 32.71 120.98 10 15 4
301 6.01 17.78 13.54 399.79 21 48 4
302 94.22 4.38 12.76 217.71 1 27 4
303 73.00 65.11 20.98 55.78 18 26 3
304 92.30 31.91 40.19 413.70 11 32 1
305 94.37 99.74 8.51 351.20 18 21 4
306 79.68 86.35 44.90 492.50 24 42 2
307 23.53 29.28 17.15 297.48 11 46 3
308 19.48 50.81 13.45 87.69 12 48 1
309 65.87 80.28 8.95 451.49 3 33 1
310 14.07 83.33 30.06 189.96 17 30 3
311 69.72 17.96 35.81 229.37 12 21 2
312 15.54 56.08 33.61 93.68 8 45 3
313 55.87 92.52 29.89 144.20 17 35 3
314 12.88 54.43 20.99 238.99 6 21 4
315 68.68 12.44 44.85 497.28 24 24 3
316 43.60 57.59 3.56 85.94 15 32 4
317 74.97 84.94 4.23 159.86 23 47 1
318 20.67 74.97 3.67 252.72 12 18 4
319 11.36 31.24 0.19 390.95 2 2 3
320 25.34 71.14 46.24 367.23 21 46 2
321 7.64 94.76 30.39 289.31 20 30 3
322 79.16 63.01 10.57 379.46 8 29 1
323 24.88 13.10 43.26 325.24 21 46 2
324 78.33 63.91 14.14 414.63 16 42 3
325 0.87 77.81 31.93 339.22 12 32 4
326 95.02 11.59 15.75 312.94 17 34 3
327 28.83 27.13 3.63 150.93 18 31 4
328 19.31 93.60 46.09 443.34 4 30 4
329 30.71 91.46 21.73 173.58 12 27 4
330 45.45 62.90 49.19 238.60 1 48 1
331 12.05 14.31 6.84 156.17 20 31 2
332 54.90 88.31 23.23 407.77 5 35 1
333 36.93 25.39 9.67 214.22 23 47 4
334 68.61 21.94 28.28 189.49 13 30 2
335 72.88 97.17 28.21 444.07 12 14 1
336 35.07 31.48 49.10 218.75 14 22 4
337 67.60 73.02 37.58 407.56 13 38 1
338 57.94 30.98 47.23 125.43 9 21 2
339 87.18 79.58 14.77 232.54 0 28 4
340 35.46 55.79 8.78 482.59 11 18 1
341 33.66 88.78 38.74 140.03 6 22 2
342 16.13 8.57 17.04 198.11 3 48 1
343 79.43 82.52 43.03 280.08 16 23 2
344 39.36 2.86 7.72 138.00 0 37 1
345 31.16 9.38 46.50 361.00 3 27 4
346 2.38 78.08 11.92 382.43 9 23 1
347 17.54 32.64 6.01 377.50 3 21 2
348 7.23 36.91 17.04 220.00 18 31 3
349 44.24 13.76 13.47 458.41 9 42 1
350 70.78 47.01 41.18 63.38 9 12 1
351 48.66 10.48 49.23 182.11 4 24 2
352 26.24 55.29 3.41 326.04 9 30 4
353 6.04 71.70 7.07 174.32 23 47 3
354 47.02 52.50 14.29 203.12 7 23 4
355 71.00 78.92 18.38 456.70 17 37 4
356 29.84 58.91 29.53 185.55 8 25 1
357 42.81 19.31 29.40 124.53 21 28 4
358 68.85 49.89 37.06 167.29 8 25 2
359 8.33 52.77 26.59 361.81 20 33 4
360 5.98 53.60 24.62 182.12 10 29 4
361 30.34 27.24 13.50 300.93 20 27 4
362 78.29 55.00 34.77 57.71 19 45 3
363 63.12 14.36 43.87 371.97 19 47 4
364 64.31 66.92 43.55 412.69 0 39 4
365 3.02 89.87 42.84 486.57 3 9 3
366 40.88 84.24 34.17 215.65 9 43 1
367 32.20 97.94 0.28 354.00 24 34 2
368 99.41 36.20 22.93 315.18 16 17 1
369 91.23 75.10 6.82 378.59 7 27 1
370 64.19 72.77 31.97 124.32 14 30 2
371 86.27 55.10 38.95 59.26 24 34 1
372 16.94 96.73 40.75 264.50 20 35 1
373 43.15 19.88 43.80 160.53 19 39 2
374 8.81 78.24 17.57 205.95 17 29 1
375 19.14 83.96 49.08 111.32 22 28 3
376 94.47 65.88 49.40 192.62 8 25 1
377 49.29 56.90 39.36 374.61 23 26 3
378 8.30 52.57 5.31 122.97 17 21 4
379 14.14 65.12 42.31 332.84 4 7 4
380 29.77 51.60 31.14 85.99 9 38 1
381 48.32 51.00 31.18 322.90 17 17 3
382 69.85 11.56 5.45 201.90 12 12 1
383 91.88 48.02 8.17 374.87 18 31 3
384 84.73 61.83 39.48 364.34 7 26 2
385 53.03 96.21 29.19 66.42 17 35 1
386 6.18 21.71 20.78 395.07 14 14 2
387 73.76 4.26 49.49 299.67 9 33 1
388 90.27 36.08 11.47 300.76 11 33 4
389 88.55 93.99 46.59 226.87 10 35 3
390 72.72 8.30 24.59 238.85 21 34 1
391 71.11 45.08 20.44 239.90 0 14 4
392 50.98 13.20 40.72 139.69 24 32 4
393 26.46 53.13 0.48 367.93 16 19 2
394 31.54 86.38 35.18 465.60 11 26 3
395 65.41 82.78 14.25 194.60 24 35 2
396 34.96 25.20 38.83 420.42 12 29 2
397 57.14 61.16 25.73 464.59 6 36 2
398 28.48 19.88 38.23 276.33 7 42 3
399 18.22 1.37 2.15 404.68 21 32 3
400 81.57 45.94 43.84 230.20 19 43 3
1 182.64 2639.86 1
2 103.58 2922.13 2
3 123.86 4189.58 3
4 113.11 3266.42 4
5 173.63 3874.80 3
1 1.25 45.89 4
2 1.47 31.28 3
3 1.29 36.59 2
4 1.68 44.70 1
5 1.34 47.70 2
