Data for Vehicle routing problem with drones - Author: Huyen Do Thi Ngoc
Number of depots: 1
Number of cities: 100
Number of trucks: 5
Number of drones: 13
Area: 100 100 50
Customer maximum demand: 500
Max capacity of truck: 200
Max energy of truck: 5000
Max capacity of drone: 2
Max energy of drone: 50
1 4.88 42.86 43.52
1 23.44 41.96 25.07 229.40 6 19 1
2 32.92 25.59 1.91 91.70 13 33 1
3 78.67 13.46 38.16 456.90 5 10 1
4 4.24 16.51 22.00 355.78 24 45 1
5 96.25 33.63 11.70 244.35 9 28 1
6 10.80 93.78 29.17 118.69 16 36 1
7 32.63 11.31 45.13 55.07 23 30 1
8 55.94 47.95 30.11 68.92 21 30 1
9 71.97 66.68 7.48 240.27 0 1 1
10 0.59 33.34 11.37 103.37 6 36 1
11 22.47 49.67 34.99 97.35 6 10 1
12 17.53 7.64 6.29 451.27 7 47 1
13 69.54 40.62 26.38 188.72 0 34 1
14 8.63 83.54 29.22 249.30 16 31 1
15 99.08 56.90 8.66 300.10 18 48 1
16 64.54 29.67 16.01 280.45 11 36 1
17 69.49 22.68 6.22 350.32 0 34 1
18 97.81 59.63 40.97 441.46 14 23 1
19 78.57 4.93 21.47 262.47 23 37 1
20 7.11 43.80 6.42 108.29 21 26 1
21 3.14 70.98 40.38 237.66 23 24 1
22 18.45 81.23 35.25 297.50 14 15 1
23 22.04 20.70 9.28 234.97 6 8 1
24 16.67 20.68 43.59 114.82 12 45 1
25 98.68 18.72 43.51 350.24 24 37 1
26 72.54 19.54 48.70 116.63 17 36 1
27 93.40 3.47 16.63 247.29 21 42 1
28 97.47 22.94 36.91 216.97 18 42 1
29 20.73 4.24 34.10 416.01 11 40 1
30 21.57 18.62 37.19 179.69 9 9 1
31 39.75 42.10 23.86 204.58 4 43 1
32 59.51 66.44 25.78 109.53 2 14 1
33 30.82 12.90 30.96 282.71 23 24 1
34 48.31 42.69 48.05 167.95 24 28 1
35 50.29 65.54 7.50 251.89 8 20 1
36 0.49 83.73 8.86 363.15 2 39 1
37 63.88 1.95 15.70 436.61 16 46 1
38 46.63 73.65 16.31 67.01 21 35 1
39 64.72 70.86 36.25 369.72 16 30 1
40 68.61 88.78 49.99 106.47 7 9 1
41 87.38 47.19 11.09 172.50 17 48 1
42 99.29 60.59 22.80 151.61 1 39 1
43 68.03 89.12 35.72 267.30 6 6 1
44 43.51 8.17 21.54 229.37 16 41 1
45 84.85 91.99 5.03 260.09 14 37 1
46 45.83 16.31 14.26 438.76 18 39 1
47 77.98 50.29 5.52 199.01 7 9 1
48 49.87 5.90 30.49 241.25 12 14 1
49 39.58 97.71 34.57 58.42 5 27 1
50 8.13 95.74 6.43 357.02 13 18 1
51 77.38 55.97 6.18 58.43 11 30 1
52 58.44 0.81 36.36 462.83 10 13 1
53 90.19 83.59 40.51 406.08 12 29 1
54 12.23 51.76 1.20 436.85 7 30 1
55 21.17 11.04 43.21 369.76 24 41 1
56 79.44 87.21 16.08 485.90 12 42 1
57 83.78 59.22 3.67 348.51 22 37 1
58 35.81 52.74 22.32 216.07 8 12 1
59 64.57 66.69 27.26 299.24 2 41 1
60 25.86 56.43 45.84 148.38 14 25 1
61 95.53 72.63 6.80 320.44 12 36 1
62 2.83 37.52 4.69 264.86 13 42 1
63 12.34 64.61 33.18 445.50 21 47 1
64 63.03 4.03 45.90 68.16 21 33 1
65 62.54 44.36 16.08 277.87 10 16 1
66 27.26 97.06 47.24 422.03 9 33 1
67 25.38 77.18 39.56 272.08 22 42 1
68 36.59 47.22 0.55 332.47 5 34 1
69 67.26 95.94 49.29 244.04 21 34 1
70 51.54 55.18 21.02 341.71 3 34 1
71 93.56 14.05 28.56 96.75 13 17 1
72 48.76 64.86 23.97 276.14 17 27 1
73 67.18 21.36 32.13 221.92 19 28 1
74 18.40 84.65 44.79 126.75 21 33 1
75 20.57 59.88 38.69 432.68 3 20 1
76 16.96 29.53 13.50 159.33 24 47 1
77 75.42 39.65 0.16 234.03 9 27 1
78 68.34 52.02 36.41 160.30 16 30 1
79 68.17 9.27 2.57 254.39 11 21 1
80 67.77 72.36 45.33 66.96 4 42 1
81 66.54 48.41 1.38 291.95 0 26 1
82 77.41 49.49 46.69 207.14 21 25 1
83 44.03 84.72 37.60 320.59 7 36 1
84 79.69 21.87 26.54 237.04 16 31 1
85 69.81 68.73 5.71 142.06 22 31 1
86 98.10 25.86 33.14 233.50 7 24 1
87 93.25 57.59 2.68 381.34 21 21 1
88 87.42 47.20 41.55 399.32 0 27 1
89 5.89 11.05 12.57 159.77 21 45 1
90 50.05 75.80 17.58 422.17 14 39 1
91 83.28 34.29 0.44 215.36 14 48 1
92 74.69 18.79 32.36 259.66 11 47 1
93 28.48 56.58 13.91 494.67 12 12 1
94 46.39 17.95 22.67 157.76 1 36 1
95 84.64 94.53 17.49 167.12 23 39 1
96 75.08 17.98 43.55 194.46 7 35 1
97 10.97 38.69 46.03 205.52 24 38 1
98 50.26 40.82 5.54 483.56 18 38 1
99 53.28 29.89 40.45 86.14 21 29 1
100 82.11 93.34 29.74 352.20 9 46 1
1 137.78 3812.50 1
2 171.04 3933.89 1
3 172.33 4954.28 1
4 102.39 4103.48 1
5 176.65 4196.48 1
1 1.95 46.07 1
2 1.72 27.87 4
3 1.05 34.09 1
4 1.23 40.46 2
5 1.85 26.84 3
6 1.85 27.46 5
7 1.25 29.19 5
8 1.53 28.88 3
9 1.03 46.38 1
10 1.77 37.03 3
11 1.06 40.37 5
12 1.83 43.54 1
13 1.03 36.46 2
