Data for Vehicle routing problem with drones - Author: Huyen Do Thi Ngoc
Number of depots: 3
Number of cities: 100
Number of trucks: 7
Number of drones: 13
Area: 100 100 50
Customer maximum demand: 500
Max capacity of truck: 200
Max energy of truck: 5000
Max capacity of drone: 2
Max energy of drone: 50
1 52.58 41.58 12.94
2 24.16 23.17 12.31
3 23.21 7.48 7.65
1 53.00 35.88 31.89 499.43 19 39 2
2 73.27 90.23 21.88 194.54 22 40 3
3 59.15 45.98 41.84 360.73 3 12 2
4 43.49 84.41 0.84 300.01 1 9 2
5 72.66 66.29 41.65 184.21 0 16 1
6 70.69 79.11 0.64 350.64 2 30 1
7 0.92 33.29 3.95 65.62 23 39 1
8 89.62 18.47 27.93 248.31 20 44 2
9 63.60 46.69 12.98 481.13 13 23 3
10 21.64 91.65 31.46 391.38 15 40 2
11 81.12 52.56 32.65 184.38 10 19 2
12 24.40 89.13 39.54 493.44 24 40 2
13 6.82 73.35 36.15 111.98 23 35 3
14 79.69 60.25 11.68 225.92 1 8 2
15 83.30 44.93 2.93 352.08 5 33 3
16 1.93 13.09 10.85 318.25 4 40 2
17 26.04 45.60 17.78 183.08 22 25 1
18 17.66 49.45 29.66 242.06 10 15 1
19 54.49 12.13 34.34 117.65 6 17 2
20 33.38 4.43 26.52 302.94 18 20 1
21 66.35 47.65 43.90 118.21 0 37 2
22 92.13 89.57 49.59 198.06 12 44 3
23 32.43 10.25 23.98 54.91 19 29 3
24 19.87 43.06 31.83 454.88 5 23 3
25 3.61 96.27 44.04 96.32 11 43 3
26 12.19 42.50 28.90 225.23 12 34 3
27 87.34 42.27 29.54 52.89 10 23 3
28 3.99 58.87 38.50 57.07 22 36 2
29 63.19 60.21 7.43 399.45 3 8 3
30 37.99 64.54 4.78 362.45 9 32 2
31 12.92 20.47 41.77 377.07 8 30 1
32 58.87 92.10 19.82 484.33 16 25 3
33 40.82 98.20 29.85 271.51 24 31 3
34 94.34 54.46 12.32 419.52 13 25 2
35 11.95 47.06 2.99 398.40 1 33 3
36 62.07 92.20 31.97 437.32 10 39 3
37 42.89 53.37 6.78 157.85 1 40 3
38 92.10 4.49 28.12 448.93 16 33 3
39 51.28 16.88 37.60 258.54 2 26 1
40 85.34 46.55 5.70 287.83 19 43 3
41 24.93 39.81 15.96 233.59 24 27 2
42 3.89 44.48 48.76 269.82 4 15 1
43 31.63 93.79 0.18 259.42 6 17 3
44 39.30 45.89 23.44 195.63 8 46 1
45 16.90 9.05 27.20 380.13 8 25 1
46 43.09 33.26 35.11 473.04 19 43 2
47 43.20 68.02 6.42 276.27 12 31 1
48 83.33 35.47 45.53 461.58 6 32 1
49 2.58 97.08 3.01 208.71 9 43 2
50 2.51 19.01 47.53 253.45 0 31 3
51 91.87 82.03 32.45 494.31 19 28 2
52 96.57 55.52 23.63 103.13 7 8 1
53 63.50 70.44 24.37 208.09 13 38 3
54 24.20 40.49 27.87 108.63 3 7 2
55 26.82 68.83 29.04 367.13 13 22 2
56 19.90 29.72 24.17 448.14 12 37 3
57 87.11 40.64 8.32 129.23 12 43 3
58 27.92 63.95 35.65 352.30 8 8 1
59 7.51 78.55 25.78 451.94 10 43 1
60 78.74 66.06 40.96 383.11 12 45 3
61 92.34 25.93 22.23 162.43 20 46 1
62 90.68 34.29 14.36 419.58 14 31 1
63 66.72 1.16 4.70 165.45 17 42 2
64 85.34 16.74 31.25 383.12 9 30 1
65 31.14 48.27 10.41 159.08 9 33 1
66 9.34 83.70 45.87 389.35 10 22 1
67 67.28 20.20 44.40 137.38 7 11 3
68 85.17 12.38 35.50 140.56 17 39 1
69 83.99 56.09 26.56 336.78 8 33 1
70 85.96 61.43 41.09 59.63 21 24 3
71 50.60 57.33 22.31 133.31 13 25 1
72 47.19 34.01 33.53 87.32 20 33 3
73 42.85 87.18 17.33 351.43 10 39 1
74 32.95 96.37 36.04 383.59 14 21 2
75 42.38 19.05 36.16 498.52 20 34 2
76 15.70 98.63 19.14 499.84 7 28 2
77 69.48 37.69 29.07 117.85 17 46 1
78 68.78 82.11 41.27 404.28 23 47 3
79 94.67 31.92 38.87 340.41 4 46 1
80 27.49 28.49 45.74 129.55 12 12 2
81 21.40 99.99 9.75 421.10 8 17 2
82 93.93 81.26 44.61 399.76 19 24 2
83 13.01 51.94 37.96 372.44 13 26 1
84 82.56 83.02 27.25 170.79 23 43 3
85 69.94 27.35 49.44 221.72 13 21 3
86 16.99 11.22 40.32 62.47 11 25 2
87 73.46 77.03 13.89 467.28 20 25 1
88 74.91 51.84 0.26 129.33 12 23 2
89 14.53 10.21 46.15 375.74 16 20 1
90 19.00 29.06 37.55 375.61 21 48 3
91 92.13 64.02 45.09 230.90 18 18 3
92 44.08 72.27 45.91 251.74 13 14 3
93 85.04 97.84 14.59 297.20 20 30 2
94 86.08 53.27 10.80 441.08 19 21 3
95 54.57 43.94 26.32 495.03 16 26 1
96 30.92 38.77 10.93 102.26 11 14 2
97 66.99 33.34 0.29 350.38 5 37 1
98 52.84 62.56 33.11 281.02 22 44 3
99 69.18 95.94 34.36 291.75 0 15 1
100 13.99 78.64 37.63 484.61 19 38 3
1 107.77 3862.98 1
2 182.43 3520.89 2
3 187.52 4831.83 3
4 155.32 3666.51 3
5 108.29 4989.49 3
6 136.26 4087.00 2
7 177.06 2628.24 3
1 1.63 30.26 6
2 1.57 37.59 4
3 1.19 38.45 4
4 1.94 29.55 6
5 1.16 25.89 1
6 1.45 32.49 5
7 1.14 39.30 1
8 1.30 40.74 1
9 1.12 43.10 3
10 1.68 30.22 7
11 1.55 44.27 5
12 1.25 29.87 3
13 1.96 31.83 2
