Data for Vehicle routing problem with drones - Author: Huyen Do Thi Ngoc
Number of depots: 1
Number of cities: 500
Number of trucks: 2
Number of drones: 8
Area: 100 100 50
Customer maximum demand: 500
Max capacity of truck: 200
Max energy of truck: 5000
Max capacity of drone: 2
Max energy of drone: 50
1 1.78 53.46 48.14
1 79.76 30.34 14.19 79.31 19 27 1
2 24.48 73.23 22.76 302.59 15 44 1
3 12.22 95.40 25.49 359.16 9 34 1
4 86.23 29.48 48.06 445.26 14 18 1
5 21.73 57.77 27.86 116.95 21 21 1
6 30.18 92.52 25.91 233.06 15 37 1
7 98.55 20.69 48.71 58.58 22 31 1
8 11.50 85.89 41.16 444.63 7 36 1
9 42.69 9.65 3.42 87.27 17 42 1
10 57.42 14.91 36.11 349.98 2 9 1
11 78.25 61.33 20.61 134.46 21 23 1
12 82.28 61.63 20.90 318.40 11 15 1
13 41.67 45.35 41.54 406.02 12 13 1
14 40.71 34.18 11.70 423.88 15 36 1
15 67.10 1.10 12.70 286.22 15 31 1
16 80.93 30.61 41.68 105.15 10 10 1
17 11.07 9.78 24.89 261.21 9 11 1
18 84.14 78.83 45.32 312.87 12 44 1
19 97.56 52.33 30.98 480.19 3 48 1
20 54.19 8.99 17.64 261.45 11 33 1
21 86.08 94.55 45.70 417.58 24 26 1
22 38.15 50.77 10.18 234.66 0 31 1
23 57.74 96.70 46.20 403.41 4 30 1
24 98.47 63.72 12.52 436.28 17 47 1
25 86.44 48.66 38.77 294.63 7 17 1
26 27.67 38.69 47.37 320.42 18 21 1
27 38.57 53.45 26.70 382.45 18 28 1
28 24.68 89.38 22.91 401.16 24 34 1
29 97.25 92.72 43.16 63.23 9 36 1
30 33.95 92.53 47.37 461.94 14 23 1
31 81.26 15.85 11.78 260.92 7 40 1
32 5.70 58.36 6.13 433.22 6 23 1
33 10.25 70.06 24.28 58.42 15 21 1
34 66.62 91.88 33.02 59.40 5 26 1
35 61.26 3.77 36.48 373.61 15 43 1
36 31.90 56.57 4.47 478.10 20 27 1
37 79.07 40.48 45.85 293.23 14 45 1
38 90.77 96.82 48.67 174.18 12 19 1
39 10.35 39.17 25.49 364.77 4 38 1
40 98.38 12.44 28.57 162.90 12 45 1
41 91.32 57.54 25.98 150.87 11 36 1
42 47.09 31.09 31.04 114.12 2 17 1
43 64.09 71.47 25.01 350.70 21 48 1
44 1.12 22.21 10.51 170.84 19 28 1
45 59.83 44.91 16.32 174.81 15 44 1
46 95.66 64.19 29.73 422.90 20 32 1
47 73.08 90.98 23.46 207.25 3 3 1
48 32.18 87.66 36.93 181.06 16 33 1
49 99.98 85.65 49.18 487.79 0 14 1
50 31.93 95.69 37.95 284.31 6 11 1
51 40.17 57.00 14.92 194.38 10 16 1
52 32.30 54.14 13.42 79.41 17 23 1
53 33.21 80.96 26.83 156.36 14 16 1
54 26.11 18.18 33.92 424.29 14 14 1
55 68.54 30.58 23.12 434.95 2 31 1
56 97.34 52.78 18.63 173.54 12 39 1
57 69.73 54.82 9.63 264.01 16 16 1
58 81.08 99.46 5.12 138.97 11 28 1
59 59.34 57.41 35.19 53.11 24 26 1
60 90.06 62.21 40.25 121.63 12 39 1
61 19.92 6.42 47.48 463.57 9 22 1
62 65.50 87.02 45.93 100.66 9 32 1
63 44.03 88.81 26.89 52.24 24 41 1
64 75.73 32.66 19.37 277.15 5 8 1
65 16.95 14.32 5.61 123.81 4 24 1
66 95.73 38.91 43.58 452.41 23 28 1
67 59.40 58.43 26.35 460.37 2 48 1
68 39.77 11.74 21.97 237.60 20 46 1
69 33.02 1.83 10.43 225.63 7 13 1
70 89.13 10.44 24.08 369.38 24 33 1
71 73.43 58.42 48.95 236.27 1 13 1
72 53.57 65.49 8.94 333.82 1 39 1
73 10.43 56.88 25.21 172.47 12 48 1
74 97.39 35.41 2.09 469.33 13 26 1
75 82.85 44.89 32.34 420.44 13 39 1
76 21.54 95.68 19.86 354.22 7 36 1
77 34.42 65.16 21.15 358.34 18 41 1
78 23.25 68.50 36.51 377.74 15 30 1
79 28.79 21.81 20.50 455.09 5 19 1
80 42.94 43.31 42.61 342.67 21 27 1
81 80.01 85.17 32.81 62.88 3 24 1
82 53.15 66.33 30.65 305.58 4 15 1
83 16.78 47.82 6.26 371.13 6 35 1
84 50.68 62.17 39.45 148.36 19 27 1
85 28.88 83.74 17.22 187.24 8 42 1
86 28.47 28.08 47.13 90.71 12 36 1
87 90.07 72.87 30.47 252.75 15 15 1
88 99.19 47.16 0.52 499.21 7 42 1
89 38.84 64.67 12.28 427.97 1 3 1
90 24.01 59.29 29.40 215.65 7 21 1
91 46.38 12.36 11.01 117.69 4 45 1
92 51.90 19.31 1.61 387.93 10 26 1
93 90.08 53.82 6.55 67.09 5 36 1
94 67.59 99.65 14.51 458.16 17 40 1
95 29.64 56.42 9.62 126.53 21 29 1
96 18.20 42.59 14.94 360.71 21 25 1
97 9.58 33.37 48.52 142.68 9 31 1
98 36.44 78.20 31.46 327.60 8 24 1
99 71.93 58.27 42.80 252.34 17 22 1
100 19.58 43.17 46.53 272.78 20 32 1
101 4.11 33.60 21.58 486.21 0 43 1
102 10.86 17.80 12.51 370.46 3 48 1
103 44.84 13.46 40.79 207.92 8 35 1
104 63.17 26.12 18.79 51.85 12 12 1
105 38.78 59.58 6.11 329.94 1 7 1
106 58.73 62.62 4.01 220.79 7 11 1
107 7.80 82.56 48.51 210.54 22 22 1
108 76.45 39.15 46.90 241.31 8 8 1
109 9.46 42.30 30.34 156.92 24 48 1
110 16.44 11.79 30.39 225.68 9 9 1
111 45.48 79.01 25.37 428.42 8 30 1
112 68.38 10.53 13.09 125.39 8 10 1
113 86.91 98.93 10.78 102.07 21 22 1
114 45.28 25.91 49.16 493.36 14 16 1
115 38.78 32.58 12.47 228.19 13 21 1
116 14.29 65.94 23.58 151.73 18 34 1
117 90.76 21.56 46.31 496.86 15 28 1
118 77.66 43.83 4.71 93.00 16 35 1
119 7.45 63.60 22.05 219.79 22 26 1
120 79.94 9.56 24.84 341.81 9 16 1
121 19.61 58.72 15.01 201.77 15 20 1
122 67.42 97.06 26.58 488.54 14 16 1
123 54.31 55.31 20.64 260.42 6 47 1
124 77.71 74.25 41.91 85.53 7 43 1
125 54.32 62.84 37.89 454.81 9 22 1
126 54.60 39.32 4.46 416.78 11 34 1
127 38.31 21.59 27.16 175.23 8 46 1
128 11.48 91.03 33.26 245.54 22 23 1
129 46.29 19.75 47.94 418.60 12 12 1
130 31.82 8.03 5.81 302.32 17 21 1
131 26.01 1.66 9.45 445.42 23 25 1
132 32.02 44.35 3.45 124.03 5 30 1
133 1.41 43.27 19.32 54.38 23 24 1
134 39.32 15.09 4.80 213.70 0 46 1
135 39.77 95.04 22.33 313.73 10 22 1
136 64.30 98.27 44.31 322.98 1 28 1
137 27.68 7.02 46.81 423.75 5 6 1
138 95.32 88.73 43.99 54.68 2 26 1
139 42.35 45.56 20.53 159.49 17 17 1
140 33.00 88.61 25.81 225.26 0 29 1
141 22.20 2.26 19.07 145.18 14 30 1
142 72.19 61.56 4.95 357.59 19 41 1
143 36.33 50.48 21.40 295.49 5 27 1
144 38.34 37.84 2.15 443.24 18 33 1
145 10.85 79.75 5.31 263.24 19 21 1
146 22.75 37.64 31.77 314.30 13 45 1
147 18.65 54.42 34.01 131.70 24 43 1
148 68.67 86.14 39.73 392.19 16 18 1
149 47.36 53.07 16.16 423.11 5 12 1
150 17.91 23.54 22.56 191.62 7 47 1
151 88.98 61.94 34.28 154.94 17 28 1
152 54.38 52.81 39.06 123.04 0 3 1
153 17.22 93.31 39.11 213.27 23 39 1
154 81.13 67.67 33.04 204.26 6 22 1
155 58.25 30.35 41.83 365.33 8 23 1
156 0.93 6.70 26.49 73.31 18 20 1
157 24.61 48.66 24.00 490.76 15 40 1
158 54.67 25.99 42.47 478.17 0 44 1
159 72.42 57.55 40.99 82.82 5 48 1
160 88.03 48.51 34.69 344.53 1 36 1
161 63.92 0.32 40.08 425.35 18 36 1
162 91.67 28.20 37.66 77.90 18 27 1
163 2.81 50.24 27.36 364.08 17 44 1
164 49.94 25.04 3.43 402.83 18 45 1
165 70.23 83.57 7.27 398.11 8 23 1
166 67.19 56.18 1.31 491.17 14 26 1
167 88.42 26.72 4.76 303.29 22 36 1
168 88.05 23.26 34.70 478.82 14 34 1
169 44.12 60.77 37.27 246.08 1 14 1
170 39.34 33.91 22.98 263.84 14 39 1
171 93.20 80.45 37.76 84.46 15 21 1
172 90.77 30.08 3.81 448.25 10 10 1
173 97.89 94.60 43.53 375.76 18 39 1
174 35.02 3.71 1.49 142.35 1 29 1
175 92.45 54.19 26.75 495.33 11 32 1
176 60.60 20.55 35.76 456.63 12 33 1
177 66.42 97.85 45.13 461.27 2 8 1
178 27.24 67.92 16.40 93.54 7 44 1
179 83.07 52.10 45.15 182.90 2 27 1
180 60.53 11.59 34.63 276.89 21 31 1
181 74.34 88.95 1.39 257.44 23 24 1
182 37.25 68.02 34.04 387.54 11 39 1
183 60.46 98.15 44.85 379.49 18 32 1
184 84.09 21.88 16.75 173.96 1 43 1
185 54.29 91.96 38.45 181.60 0 41 1
186 42.62 60.84 23.74 61.35 12 18 1
187 46.92 59.10 30.78 440.78 6 38 1
188 56.65 78.69 10.13 453.95 24 30 1
189 62.32 45.23 30.73 342.55 24 33 1
190 16.97 46.57 6.77 139.34 5 28 1
191 33.88 8.96 5.05 290.22 23 44 1
192 78.18 47.47 22.13 481.91 20 24 1
193 71.34 95.07 15.00 94.42 18 43 1
194 97.14 4.69 35.77 372.37 22 40 1
195 50.88 77.78 17.52 201.11 14 22 1
196 23.42 71.70 34.40 441.58 17 21 1
197 29.08 77.67 8.28 487.79 6 48 1
198 76.98 40.55 37.76 54.25 19 25 1
199 78.62 18.19 32.54 357.97 20 26 1
200 29.56 60.68 44.75 223.04 18 27 1
201 62.51 89.98 5.05 367.86 3 20 1
202 16.80 75.71 30.16 76.59 16 30 1
203 79.02 70.21 9.48 483.85 21 33 1
204 56.28 73.02 18.72 128.14 6 22 1
205 45.42 36.40 34.11 139.04 10 46 1
206 57.79 23.27 30.29 424.02 9 29 1
207 30.00 79.84 37.17 74.07 10 41 1
208 60.83 67.82 22.21 291.07 10 35 1
209 52.08 61.82 11.46 338.15 23 44 1
210 14.96 4.91 26.95 402.19 20 24 1
211 54.37 21.36 42.87 97.69 16 19 1
212 83.33 23.90 4.98 273.66 17 18 1
213 92.93 96.79 20.07 424.03 7 17 1
214 1.63 57.49 46.06 157.61 10 20 1
215 92.39 80.54 46.44 315.74 12 26 1
216 82.61 73.33 1.65 275.45 19 48 1
217 42.49 94.67 44.69 89.67 21 24 1
218 49.82 8.28 18.93 349.05 12 44 1
219 24.61 19.39 47.49 242.67 16 32 1
220 38.93 60.33 15.90 305.22 11 34 1
221 4.15 10.13 23.90 58.95 20 28 1
222 15.95 23.23 37.68 331.73 12 41 1
223 98.90 76.18 41.67 425.22 21 36 1
224 41.98 23.62 46.14 228.72 12 22 1
225 92.51 30.49 34.95 318.06 0 30 1
226 12.14 54.25 20.76 279.71 6 19 1
227 84.37 12.34 2.91 426.32 17 42 1
228 15.82 83.08 7.04 258.27 15 45 1
229 71.06 54.02 46.29 292.67 4 7 1
230 83.83 52.49 47.22 403.30 3 16 1
231 88.11 69.64 38.23 371.34 19 46 1
232 41.99 83.90 0.26 87.40 6 46 1
233 28.63 28.83 36.06 313.18 7 38 1
234 31.23 60.93 18.66 291.84 18 23 1
235 38.99 37.86 26.72 129.47 17 35 1
236 54.39 78.24 9.15 65.84 15 17 1
237 12.33 36.35 8.57 149.57 8 17 1
238 99.39 25.01 36.39 131.74 5 29 1
239 89.59 11.29 14.22 138.11 11 45 1
240 72.16 18.38 39.74 452.27 21 41 1
241 93.60 47.36 8.83 105.51 7 19 1
242 29.94 4.40 10.56 326.46 13 20 1
243 13.43 93.37 25.73 185.93 8 30 1
244 44.09 55.05 0.83 301.55 5 34 1
245 44.61 0.12 38.37 241.67 14 48 1
246 77.90 4.31 10.73 330.26 19 25 1
247 85.60 72.89 45.92 306.07 2 45 1
248 65.71 18.75 22.39 312.27 22 39 1
249 74.28 66.24 26.98 296.21 10 44 1
250 72.47 55.81 17.63 402.89 20 23 1
251 63.47 58.51 34.35 377.29 16 16 1
252 79.36 41.79 20.25 137.14 16 19 1
253 29.31 30.51 5.80 361.38 13 25 1
254 49.56 86.87 19.92 61.24 2 20 1
255 16.49 32.40 46.66 342.93 5 32 1
256 22.28 16.34 12.27 286.54 3 15 1
257 7.39 59.90 10.32 67.87 11 12 1
258 74.14 34.82 22.81 55.90 16 23 1
259 94.19 71.13 37.86 123.09 7 40 1
260 18.45 46.87 29.95 386.13 1 44 1
261 20.30 83.53 27.35 331.76 18 43 1
262 14.69 32.91 35.59 476.76 9 46 1
263 33.41 69.65 26.54 188.73 19 40 1
264 66.46 34.75 29.35 338.89 23 44 1
265 37.78 39.91 15.24 117.84 15 47 1
266 67.83 96.03 11.31 409.20 14 34 1
267 33.15 71.79 32.01 441.14 14 38 1
268 25.61 37.96 2.29 427.98 13 44 1
269 84.00 37.34 18.10 166.76 19 33 1
270 52.07 35.19 7.49 264.08 8 17 1
271 24.86 34.65 36.80 219.86 19 20 1
272 3.03 89.85 48.29 470.51 15 37 1
273 79.97 4.21 4.24 405.43 11 25 1
274 59.08 44.81 46.34 436.66 19 48 1
275 57.12 6.18 37.03 207.29 13 42 1
276 72.73 72.98 43.64 459.26 22 26 1
277 17.11 77.82 3.42 323.97 13 38 1
278 96.77 29.77 49.72 80.59 6 41 1
279 56.24 43.24 11.20 107.56 8 34 1
280 95.89 28.96 47.41 75.82 12 31 1
281 72.79 3.95 11.67 72.19 20 41 1
282 10.67 7.81 44.54 247.89 9 43 1
283 30.18 52.26 10.37 105.83 20 30 1
284 49.56 26.72 33.67 51.52 4 11 1
285 89.54 61.29 49.85 297.34 14 33 1
286 37.87 90.98 47.13 146.59 10 18 1
287 76.67 8.03 22.58 413.12 5 32 1
288 82.23 33.48 5.63 253.24 8 34 1
289 41.91 16.12 4.09 165.65 13 36 1
290 45.47 0.04 8.35 460.11 4 17 1
291 77.58 93.60 22.59 147.43 10 23 1
292 27.98 51.38 39.80 395.35 17 17 1
293 84.63 62.58 49.81 361.27 0 36 1
294 20.09 66.48 4.42 375.68 12 26 1
295 6.62 43.35 16.09 320.42 4 21 1
296 43.03 90.80 32.69 339.66 15 36 1
297 80.32 51.44 48.65 444.42 7 28 1
298 19.12 34.00 37.07 231.47 3 43 1
299 36.58 19.57 23.93 348.94 13 32 1
300 63.44 47.02 9.27 220.63 5 39 1
301 43.23 47.95 17.28 258.38 0 31 1
302 68.93 19.22 17.74 236.50 21 33 1
303 52.84 55.48 10.02 386.07 0 47 1
304 87.25 38.13 37.32 344.45 7 34 1
305 48.26 54.00 10.00 71.83 5 45 1
306 73.95 59.83 39.70 54.73 16 20 1
307 99.70 4.67 40.33 145.62 8 28 1
308 19.02 61.67 46.66 428.68 19 40 1
309 71.85 9.00 26.57 130.66 7 38 1
310 87.36 97.39 21.96 280.48 20 42 1
311 68.29 48.39 23.74 63.95 19 24 1
312 97.59 89.03 32.10 262.16 1 24 1
313 55.29 82.72 18.80 273.39 18 22 1
314 85.09 37.21 29.38 192.69 4 16 1
315 32.11 75.23 1.50 212.67 3 47 1
316 99.48 89.14 42.06 141.44 14 42 1
317 20.47 67.27 44.20 88.07 5 21 1
318 39.21 79.39 15.05 408.85 24 43 1
319 68.39 82.90 2.87 486.19 12 37 1
320 18.67 66.35 6.01 494.71 15 34 1
321 67.70 54.93 11.03 218.27 3 11 1
322 94.81 88.63 31.73 318.12 23 39 1
323 47.66 35.02 17.92 436.50 4 14 1
324 27.52 1.24 27.66 366.93 6 9 1
325 96.90 94.07 0.70 84.77 6 17 1
326 70.39 48.83 45.61 347.53 17 48 1
327 26.06 59.20 22.23 65.74 14 43 1
328 16.56 32.44 14.15 477.76 10 10 1
329 33.17 62.62 47.75 416.15 18 26 1
330 50.62 56.08 18.33 253.11 22 33 1
331 59.69 80.42 10.31 161.49 20 35 1
332 54.78 38.04 38.78 140.76 4 46 1
333 16.36 10.70 5.42 413.64 1 16 1
334 50.23 11.60 2.33 327.79 8 17 1
335 80.44 47.07 33.87 129.69 10 22 1
336 20.42 3.03 35.43 320.92 4 47 1
337 82.56 83.64 44.27 151.22 15 25 1
338 89.95 13.65 16.10 477.07 4 38 1
339 64.03 83.72 25.47 357.90 19 39 1
340 51.95 11.76 40.15 135.66 22 35 1
341 14.15 20.59 49.83 360.10 4 43 1
342 86.08 41.17 47.36 200.35 21 23 1
343 93.16 33.21 35.12 421.20 22 33 1
344 81.84 28.87 2.63 373.76 3 3 1
345 8.11 0.14 37.18 260.79 6 42 1
346 4.68 64.64 17.47 410.11 17 36 1
347 27.62 89.20 22.56 61.40 23 26 1
348 94.98 5.12 34.39 143.05 12 17 1
349 90.19 21.33 26.63 308.35 2 9 1
350 75.67 63.34 10.28 407.30 4 46 1
351 63.85 22.08 37.77 71.31 19 26 1
352 2.03 99.90 34.33 295.91 14 27 1
353 58.70 36.21 32.08 308.22 19 27 1
354 15.00 69.73 24.38 241.61 17 18 1
355 33.34 75.47 42.49 122.40 6 41 1
356 15.56 50.24 13.45 71.06 24 38 1
357 6.09 80.68 24.97 474.02 10 15 1
358 24.96 20.44 0.06 55.05 4 22 1
359 27.41 56.23 12.13 265.27 24 47 1
360 39.78 29.97 20.27 334.75 19 41 1
361 78.49 48.42 1.69 484.86 6 22 1
362 36.82 91.71 11.24 206.66 8 26 1
363 7.01 0.63 28.27 188.36 23 29 1
364 88.62 69.95 20.10 118.12 4 44 1
365 81.36 67.57 3.30 418.14 14 20 1
366 56.20 82.28 18.71 124.57 13 38 1
367 70.55 13.70 47.54 269.48 9 32 1
368 96.79 41.99 46.32 257.61 20 39 1
369 94.67 26.16 48.98 484.39 19 20 1
370 56.56 43.61 23.46 159.45 24 25 1
371 51.27 31.60 27.79 118.68 12 32 1
372 55.94 53.38 29.08 286.81 0 12 1
373 75.75 99.85 5.37 342.80 24 47 1
374 62.40 90.91 38.92 298.83 23 39 1
375 66.05 0.05 42.17 298.00 13 18 1
376 23.34 8.40 35.69 65.33 15 40 1
377 53.92 23.77 43.14 270.15 21 27 1
378 27.97 37.50 6.38 90.68 16 34 1
379 67.56 21.02 45.58 161.65 1 17 1
380 33.02 31.22 19.41 363.20 14 25 1
381 99.16 35.75 3.54 160.85 12 39 1
382 50.94 38.45 2.48 441.34 22 36 1
383 53.05 11.56 34.65 302.12 3 34 1
384 27.37 73.48 2.86 169.70 19 23 1
385 28.02 72.06 9.85 212.57 10 12 1
386 48.56 10.47 21.21 481.63 8 28 1
387 89.34 79.98 15.61 280.18 2 28 1
388 71.61 48.23 6.97 292.37 7 20 1
389 88.37 63.91 7.34 107.79 7 16 1
390 50.26 49.83 35.81 244.21 16 34 1
391 65.41 98.58 42.75 136.24 20 23 1
392 53.10 19.39 2.26 67.52 21 23 1
393 14.67 23.70 1.55 170.68 22 31 1
394 61.53 10.10 23.04 86.01 2 22 1
395 60.34 34.70 27.55 405.91 17 39 1
396 67.26 92.65 44.12 444.97 5 28 1
397 17.32 27.03 31.03 214.95 15 39 1
398 7.82 51.61 41.09 160.52 1 26 1
399 62.60 85.94 41.65 328.75 6 20 1
400 6.61 88.25 26.80 239.16 4 31 1
401 93.77 83.84 7.68 104.12 8 31 1
402 9.79 39.19 23.16 335.15 14 31 1
403 96.22 69.82 36.43 82.26 2 32 1
404 16.22 99.25 42.12 398.98 7 33 1
405 74.50 75.97 1.33 101.87 7 30 1
406 53.95 26.53 12.21 411.51 10 10 1
407 51.15 2.05 1.50 469.94 3 47 1
408 19.21 54.03 7.08 350.91 23 28 1
409 34.51 76.54 17.83 339.98 15 26 1
410 90.02 37.63 4.78 96.49 14 45 1
411 80.86 33.14 32.29 394.88 3 34 1
412 17.98 26.28 5.36 474.40 6 22 1
413 7.73 86.50 43.57 186.25 11 11 1
414 61.24 92.21 10.17 419.18 17 27 1
415 49.19 69.15 41.35 145.38 0 48 1
416 90.66 47.22 46.47 446.86 18 47 1
417 56.50 44.77 6.04 173.31 5 11 1
418 54.91 56.48 41.01 440.83 7 19 1
419 6.17 97.84 35.25 65.32 4 14 1
420 7.84 2.54 10.91 276.11 13 22 1
421 33.43 23.31 36.59 389.12 18 25 1
422 69.64 1.84 6.09 362.68 19 46 1
423 36.17 3.75 43.51 444.08 17 18 1
424 13.75 10.93 35.22 160.25 4 15 1
425 13.47 57.15 47.47 291.94 23 31 1
426 77.79 56.89 48.78 194.13 21 29 1
427 80.68 59.83 14.52 87.77 8 19 1
428 34.52 49.25 25.37 76.54 14 40 1
429 14.35 58.78 37.30 318.92 19 38 1
430 80.54 67.74 46.08 450.80 22 23 1
431 79.37 93.20 26.97 353.85 12 40 1
432 1.08 60.43 2.08 466.40 23 36 1
433 10.14 27.35 47.10 94.69 13 41 1
434 71.78 99.63 3.43 464.56 21 41 1
435 76.08 54.45 28.83 480.92 23 27 1
436 6.26 3.63 31.63 495.92 17 41 1
437 78.81 76.28 28.86 77.36 23 25 1
438 12.15 49.41 29.00 460.07 4 14 1
439 66.56 94.33 21.79 491.78 21 32 1
440 16.96 95.03 44.71 219.49 19 19 1
441 48.24 10.49 44.23 165.06 2 46 1
442 98.60 71.03 19.60 176.38 19 30 1
443 71.54 78.42 34.92 228.31 11 48 1
444 91.05 36.80 35.83 178.49 24 46 1
445 21.18 24.78 2.10 467.92 6 24 1
446 47.83 80.20 40.01 236.28 7 24 1
447 77.95 58.66 31.98 270.65 2 12 1
448 85.98 70.48 41.11 309.75 7 45 1
449 56.52 21.09 13.39 394.83 5 32 1
450 82.57 19.08 43.79 496.20 4 28 1
451 55.16 77.61 25.10 194.74 22 22 1
452 67.99 52.17 17.40 402.75 6 44 1
453 42.33 57.55 10.04 235.07 12 44 1
454 83.67 64.58 49.66 142.75 20 45 1
455 14.08 61.24 20.13 330.80 13 46 1
456 27.57 4.48 32.99 407.48 10 23 1
457 27.65 37.68 48.00 167.52 6 32 1
458 30.54 44.30 18.20 205.05 13 48 1
459 61.40 89.08 27.13 62.16 16 17 1
460 44.41 69.71 34.73 387.79 5 18 1
461 53.33 50.10 46.27 382.42 24 48 1
462 67.63 41.46 20.94 241.96 22 44 1
463 49.48 31.43 39.92 460.51 1 1 1
464 57.08 55.88 42.26 141.11 6 21 1
465 22.04 6.60 5.09 142.64 12 29 1
466 13.02 50.77 16.64 81.86 20 28 1
467 17.80 41.46 38.65 74.55 14 32 1
468 28.99 3.76 15.62 78.63 18 29 1
469 12.44 0.28 24.28 470.34 20 24 1
470 35.00 30.72 26.52 73.77 9 31 1
471 90.26 70.58 47.90 223.18 0 21 1
472 86.40 25.89 9.41 220.69 20 43 1
473 90.89 23.96 42.80 488.19 15 22 1
474 14.99 29.16 37.71 248.03 3 47 1
475 52.37 38.91 38.17 284.44 4 43 1
476 43.77 5.77 12.19 261.42 7 10 1
477 92.30 87.34 12.78 345.51 13 24 1
478 11.63 16.04 15.98 198.38 17 31 1
479 30.83 18.90 1.47 380.65 0 17 1
480 97.56 92.96 13.99 341.02 5 25 1
481 7.24 61.69 19.10 312.49 3 36 1
482 61.21 99.29 49.10 406.28 23 40 1
483 70.56 51.76 33.43 397.72 23 43 1
484 15.78 48.26 4.43 481.82 19 39 1
485 61.45 28.43 1.36 221.61 8 16 1
486 62.07 56.28 13.38 104.03 9 35 1
487 70.62 5.33 39.37 371.04 21 27 1
488 30.67 29.16 22.54 313.98 1 16 1
489 68.89 49.41 36.50 75.15 16 33 1
490 91.34 83.83 26.21 458.08 15 43 1
491 40.24 22.06 27.70 157.49 16 40 1
492 29.66 73.58 22.71 203.60 14 26 1
493 95.82 19.09 28.88 213.19 9 30 1
494 25.64 17.39 1.35 67.73 24 24 1
495 75.68 8.43 44.56 106.89 5 36 1
496 90.24 2.04 37.06 415.00 4 35 1
497 77.05 31.67 4.36 223.04 14 35 1
498 50.42 84.92 33.44 129.08 20 45 1
499 85.01 35.62 35.64 371.96 3 47 1
500 10.89 12.99 7.10 339.63 7 38 1
1 184.38 2865.42 1
2 178.17 4034.88 1
1 1.79 32.91 2
2 1.48 42.74 2
3 1.41 36.13 1
4 1.51 48.31 2
5 1.65 48.16 1
6 1.55 32.49 2
7 1.59 39.83 2
8 1.43 49.31 2
