Data for Vehicle routing problem with drones - Author: Huyen Do Thi Ngoc
Number of depots: 1
Number of cities: 200
Number of trucks: 2
Number of drones: 8
Area: 100 100 50
Customer maximum demand: 500
Max capacity of truck: 200
Max energy of truck: 5000
Max capacity of drone: 2
Max energy of drone: 50
1 36.06 5.91 38.87
1 16.26 4.72 20.69 193.98 21 35 1
2 88.13 66.43 20.88 450.17 22 40 1
3 41.96 11.65 38.54 161.19 13 18 1
4 91.78 35.56 14.30 145.41 22 27 1
5 96.73 73.23 39.94 194.75 21 39 1
6 54.04 96.49 46.98 168.84 14 22 1
7 96.66 11.07 6.36 56.37 21 28 1
8 38.89 78.74 20.45 186.40 23 34 1
9 3.88 13.01 27.87 144.76 10 40 1
10 1.36 85.99 33.51 257.54 20 23 1
11 15.29 55.09 24.40 441.76 12 30 1
12 38.07 19.96 28.74 115.40 6 22 1
13 57.49 72.98 28.67 491.20 16 29 1
14 43.44 42.06 15.55 448.83 3 23 1
15 63.35 24.25 0.52 411.01 17 30 1
16 14.57 64.88 15.03 320.34 2 48 1
17 19.60 21.56 12.57 319.80 4 42 1
18 96.55 40.19 5.97 274.46 22 33 1
19 3.93 72.97 45.80 165.16 2 19 1
20 38.08 82.26 47.51 377.01 8 38 1
21 95.36 42.19 7.08 324.03 6 19 1
22 78.84 63.25 24.43 285.90 8 40 1
23 50.78 92.88 23.82 360.50 9 29 1
24 41.52 63.18 2.22 494.45 4 44 1
25 59.64 38.11 44.34 304.43 1 40 1
26 98.34 72.81 23.64 387.95 17 42 1
27 77.19 35.43 20.88 247.14 8 46 1
28 8.13 65.37 49.20 459.09 7 18 1
29 9.10 86.49 4.29 447.41 20 33 1
30 56.49 50.71 9.23 103.40 6 16 1
31 4.98 46.78 23.88 498.36 17 19 1
32 55.21 53.58 5.59 175.62 2 37 1
33 66.58 45.43 26.75 486.95 3 19 1
34 13.66 0.52 23.31 283.25 13 13 1
35 30.99 56.56 11.39 187.52 6 43 1
36 55.07 46.31 28.15 110.65 4 48 1
37 39.23 26.78 43.52 410.49 0 44 1
38 55.03 97.63 37.36 55.62 24 47 1
39 60.81 7.65 19.07 58.52 1 2 1
40 37.06 39.84 41.75 455.50 16 25 1
41 59.20 3.81 9.02 170.01 24 27 1
42 17.43 0.08 47.53 414.67 10 23 1
43 10.43 89.03 8.64 413.61 12 18 1
44 25.22 44.64 31.16 313.36 1 45 1
45 51.80 13.32 2.55 212.46 0 37 1
46 35.47 65.50 6.63 172.85 4 21 1
47 31.04 51.80 33.98 86.16 18 43 1
48 34.62 18.49 28.93 366.59 1 47 1
49 38.91 7.10 12.48 437.88 1 14 1
50 15.37 43.08 42.44 161.51 18 23 1
51 46.39 73.77 46.89 370.65 4 41 1
52 33.97 85.05 24.70 352.14 4 45 1
53 9.39 14.07 6.83 259.83 12 20 1
54 98.04 43.93 10.94 242.38 23 25 1
55 0.01 32.90 17.25 202.54 18 35 1
56 39.22 17.09 33.71 483.84 7 24 1
57 11.19 12.68 24.39 165.79 13 30 1
58 15.57 47.24 13.34 407.72 7 33 1
59 14.63 40.54 23.23 192.50 9 25 1
60 43.53 80.53 0.32 298.48 18 18 1
61 75.26 24.03 33.49 377.32 15 21 1
62 66.76 67.91 33.44 168.23 22 28 1
63 25.93 26.79 35.11 370.77 8 31 1
64 19.45 70.87 2.72 400.14 11 15 1
65 28.64 56.98 46.77 425.59 7 32 1
66 94.13 57.13 18.53 144.41 6 39 1
67 74.66 50.36 13.85 433.95 3 6 1
68 69.98 23.59 19.12 390.66 15 25 1
69 24.38 53.22 30.39 302.22 12 33 1
70 2.02 38.71 15.02 147.92 3 15 1
71 96.53 92.51 21.30 237.64 7 35 1
72 79.17 58.41 22.88 158.57 16 31 1
73 57.83 22.97 30.27 120.56 19 25 1
74 77.49 70.50 26.58 446.29 14 47 1
75 59.81 21.35 49.09 409.55 11 32 1
76 47.17 66.34 0.23 98.47 10 38 1
77 45.78 35.66 7.06 192.35 16 38 1
78 25.68 25.99 37.33 434.45 22 34 1
79 45.17 80.87 31.72 112.72 17 42 1
80 14.04 49.28 28.65 374.37 10 42 1
81 29.86 36.36 33.06 114.25 7 28 1
82 49.77 67.24 3.45 198.51 23 30 1
83 28.91 32.18 8.68 59.00 23 40 1
84 38.97 58.14 5.74 389.05 10 10 1
85 74.77 38.18 31.06 370.92 18 24 1
86 94.08 26.48 38.28 299.87 7 25 1
87 60.49 70.07 31.59 247.38 3 48 1
88 93.85 18.54 4.23 345.50 15 21 1
89 16.01 66.95 39.76 402.48 10 21 1
90 1.55 6.43 8.21 120.47 4 35 1
91 94.61 24.22 2.76 229.94 10 44 1
92 29.02 87.35 32.65 311.00 2 46 1
93 76.43 92.18 36.08 263.81 17 39 1
94 98.93 81.23 48.73 460.83 4 36 1
95 64.82 93.12 48.38 189.69 24 44 1
96 85.32 98.74 1.68 199.81 11 35 1
97 1.15 95.49 1.78 243.58 18 33 1
98 1.66 27.24 26.39 298.72 13 39 1
99 6.70 79.78 29.01 256.23 24 27 1
100 28.63 12.61 25.53 143.70 22 33 1
101 41.71 4.94 49.83 484.45 23 46 1
102 72.39 13.43 28.74 467.69 13 30 1
103 51.81 28.90 6.67 479.17 19 27 1
104 30.35 5.21 30.43 245.94 13 30 1
105 51.01 90.12 23.15 77.79 15 26 1
106 31.77 34.13 1.01 388.78 21 27 1
107 9.64 71.47 46.56 348.28 19 43 1
108 28.89 52.59 43.22 226.71 6 36 1
109 62.63 6.42 28.60 103.68 7 40 1
110 95.35 97.34 36.28 227.47 24 28 1
111 29.72 57.15 6.12 486.97 8 45 1
112 94.26 33.22 9.59 136.06 12 25 1
113 73.29 97.51 39.53 190.11 13 22 1
114 18.31 69.50 28.87 118.27 6 12 1
115 16.77 79.85 16.19 358.93 5 32 1
116 98.41 47.63 11.25 361.08 11 23 1
117 63.94 36.17 48.85 365.69 3 38 1
118 47.81 25.63 2.91 417.44 24 36 1
119 3.34 33.15 48.74 379.95 2 33 1
120 83.33 58.92 14.79 459.42 19 43 1
121 93.73 64.26 14.56 333.28 16 38 1
122 96.77 3.03 37.69 188.24 0 20 1
123 94.24 66.50 3.05 453.50 24 43 1
124 32.92 90.72 22.12 168.18 6 12 1
125 38.28 4.78 28.24 424.77 18 19 1
126 14.50 0.92 48.91 429.54 23 47 1
127 23.83 65.53 2.14 215.45 14 17 1
128 72.95 0.84 45.22 101.82 6 14 1
129 87.48 67.31 33.55 124.49 15 37 1
130 72.94 7.61 27.96 174.05 14 39 1
131 80.89 28.48 29.69 65.00 9 23 1
132 65.62 63.45 5.49 299.16 15 43 1
133 25.09 5.99 14.97 223.33 4 45 1
134 22.71 74.80 12.23 427.26 23 38 1
135 18.11 48.95 44.22 276.20 7 27 1
136 60.52 47.51 21.18 152.07 10 29 1
137 40.69 19.42 49.36 247.90 16 26 1
138 10.84 91.58 24.80 293.85 4 13 1
139 86.75 72.51 25.30 219.69 13 33 1
140 88.00 46.04 1.62 146.48 16 41 1
141 41.23 92.27 3.82 172.56 3 41 1
142 70.05 3.09 48.42 158.43 15 43 1
143 88.77 83.74 49.78 440.62 2 32 1
144 59.19 40.93 30.14 451.44 5 34 1
145 18.31 35.38 9.20 402.87 6 24 1
146 10.90 20.69 44.51 62.35 4 10 1
147 46.03 52.89 5.57 451.20 22 23 1
148 54.35 40.18 2.35 325.45 23 42 1
149 89.88 50.45 3.08 444.85 20 25 1
150 53.86 12.67 49.13 236.61 12 46 1
151 30.37 73.06 19.39 334.82 22 41 1
152 85.54 11.49 44.90 383.11 6 43 1
153 86.40 42.38 46.39 237.63 11 13 1
154 65.64 99.65 43.79 250.35 9 34 1
155 96.30 88.41 20.15 426.38 4 19 1
156 78.33 24.81 21.01 238.39 8 24 1
157 43.14 8.04 36.43 257.91 9 28 1
158 4.60 90.05 40.21 153.78 0 14 1
159 7.13 13.89 0.89 350.30 14 24 1
160 86.02 97.39 6.18 159.69 2 22 1
161 89.38 79.60 1.56 292.63 12 48 1
162 86.04 83.77 10.80 246.52 2 37 1
163 82.91 87.08 47.23 267.14 24 48 1
164 81.54 39.10 20.83 405.74 14 34 1
165 3.56 24.62 49.06 190.32 16 34 1
166 0.85 32.95 44.82 158.69 21 48 1
167 20.56 94.16 38.50 255.64 7 21 1
168 81.28 98.42 19.13 122.75 2 35 1
169 51.71 75.70 14.81 111.98 22 40 1
170 35.80 58.32 13.88 492.51 0 29 1
171 73.04 32.72 33.33 439.24 24 31 1
172 48.01 44.97 27.70 465.58 23 25 1
173 64.53 43.61 23.35 259.34 6 48 1
174 14.23 3.14 29.97 109.83 1 1 1
175 26.11 57.67 34.51 324.03 16 38 1
176 11.48 60.30 10.46 106.66 16 35 1
177 41.01 1.33 49.09 218.07 10 33 1
178 78.08 69.45 27.38 407.67 23 33 1
179 34.61 49.52 9.23 61.16 24 48 1
180 63.25 51.28 9.21 165.79 3 40 1
181 52.92 15.58 29.64 380.48 14 29 1
182 61.41 30.21 40.24 308.44 5 45 1
183 54.01 46.48 19.34 348.87 24 40 1
184 98.29 12.47 1.60 145.17 15 27 1
185 64.56 28.71 10.55 329.76 11 22 1
186 94.04 67.46 8.90 441.55 11 18 1
187 60.33 39.13 4.34 263.20 9 17 1
188 74.17 65.64 5.65 430.43 3 8 1
189 72.37 66.29 41.71 220.11 21 37 1
190 94.95 20.76 40.43 324.88 16 46 1
191 92.77 9.30 34.29 94.56 24 37 1
192 17.20 18.25 24.73 203.55 6 20 1
193 79.32 73.50 40.19 369.83 13 36 1
194 99.88 78.46 47.68 474.77 7 28 1
195 65.42 5.68 22.34 204.57 5 36 1
196 80.09 60.79 24.04 395.81 20 41 1
197 60.31 43.36 20.13 337.98 3 30 1
198 94.51 36.72 20.38 134.47 12 29 1
199 88.47 43.32 14.09 440.57 15 29 1
200 65.04 99.59 32.09 147.61 19 26 1
1 172.68 3578.80 1
2 108.58 3359.12 1
1 1.56 25.94 2
2 1.21 36.04 2
3 1.17 39.05 1
4 1.99 47.49 1
5 1.54 29.03 2
6 1.12 41.72 1
7 1.45 49.08 2
8 1.62 41.65 2
