Data for Vehicle routing problem with drones - Author: Huyen Do Thi Ngoc
Number of depots: 3
Number of cities: 200
Number of trucks: 7
Number of drones: 15
Area: 100 100 50
Customer maximum demand: 500
Max capacity of truck: 200
Max energy of truck: 5000
Max capacity of drone: 2
Max energy of drone: 50
1 38.46 48.41 26.18
2 44.00 35.56 36.47
3 0.63 91.99 24.23
1 36.37 85.49 35.94 300.14 0 27 2
2 25.36 12.91 17.27 165.07 1 39 1
3 97.08 54.74 36.67 315.79 2 16 2
4 85.39 62.33 40.71 275.56 19 40 2
5 65.76 85.00 41.49 283.46 3 36 2
6 4.30 28.54 10.34 352.70 13 17 2
7 28.54 18.12 33.36 334.82 3 29 2
8 99.43 73.64 34.57 401.55 6 40 1
9 2.33 36.68 32.21 208.78 15 32 2
10 87.81 41.00 26.02 346.79 2 5 3
11 30.06 56.34 22.89 492.26 24 46 2
12 26.40 3.26 17.99 339.06 23 29 3
13 75.59 72.55 0.99 53.13 18 44 2
14 36.17 5.25 24.21 439.72 1 28 1
15 14.60 86.58 13.82 396.11 7 26 3
16 5.46 35.06 26.27 332.79 9 27 2
17 83.23 11.21 17.41 337.33 1 31 1
18 32.39 44.49 3.40 119.50 1 33 2
19 30.69 82.18 38.81 128.74 23 41 3
20 8.78 5.68 45.28 64.43 14 24 1
21 27.19 51.67 24.96 274.32 23 32 1
22 32.23 48.95 25.25 340.83 4 29 3
23 47.97 79.23 30.87 321.33 20 39 1
24 56.97 72.27 47.98 489.12 23 25 2
25 67.15 56.83 43.39 193.45 9 48 1
26 70.58 36.68 4.08 486.41 10 40 2
27 36.56 96.58 17.75 169.34 3 30 2
28 32.15 35.58 28.48 225.99 10 16 1
29 40.76 76.11 19.38 238.15 7 32 2
30 48.42 63.62 27.23 233.86 6 10 3
31 52.12 4.67 2.71 486.39 16 46 2
32 24.53 71.03 29.55 389.92 4 36 1
33 51.75 43.35 33.04 134.85 9 43 3
34 41.73 24.57 16.33 247.26 14 15 1
35 5.76 74.76 17.89 376.05 21 45 3
36 41.69 74.72 10.06 335.86 8 42 2
37 28.49 81.40 27.96 220.93 22 47 2
38 64.81 34.26 34.02 123.03 16 18 3
39 15.04 17.79 44.93 434.45 20 30 1
40 65.89 81.23 2.77 100.31 9 19 2
41 57.41 75.32 33.72 169.73 21 25 2
42 19.26 96.92 0.72 92.30 7 8 1
43 40.06 12.16 40.13 108.45 14 21 1
44 6.69 19.33 7.86 70.86 6 6 1
45 12.53 24.32 43.95 142.79 19 37 1
46 73.70 51.22 14.51 392.90 6 21 2
47 63.36 73.31 46.81 101.42 5 12 2
48 40.55 42.57 23.73 342.44 17 27 3
49 59.33 24.05 48.84 335.41 18 19 2
50 59.32 26.41 2.52 253.51 5 18 1
51 60.44 14.64 5.02 320.54 22 43 2
52 4.50 64.42 28.18 281.94 20 46 3
53 86.60 39.71 14.70 441.90 15 20 1
54 30.38 34.75 11.23 263.00 0 34 3
55 90.69 29.40 41.12 430.94 6 39 1
56 21.31 88.73 44.61 392.41 11 34 2
57 9.36 61.70 27.06 136.44 3 12 3
58 11.88 93.38 44.65 423.29 2 3 1
59 48.21 64.59 22.15 392.96 8 41 1
60 41.85 37.49 23.59 183.95 5 48 3
61 32.97 17.42 3.90 472.64 17 33 1
62 76.11 2.35 33.56 265.63 16 46 2
63 90.30 38.30 42.73 60.26 1 24 3
64 76.47 9.14 28.92 447.44 2 33 2
65 23.94 33.07 21.73 251.82 18 43 3
66 57.95 24.25 11.41 234.48 6 8 2
67 61.27 10.11 1.84 257.35 7 16 2
68 74.64 46.69 27.42 210.82 7 8 1
69 90.88 60.04 11.61 383.19 20 25 1
70 22.22 2.66 14.39 74.40 10 25 2
71 42.10 50.41 12.62 274.45 12 43 2
72 65.99 99.09 9.69 63.78 21 46 2
73 26.09 44.23 9.58 130.86 20 42 2
74 5.96 51.00 40.99 63.89 10 11 2
75 70.37 80.41 6.30 443.91 13 27 1
76 52.12 13.63 37.14 489.46 0 1 1
77 30.52 6.66 4.76 194.39 9 15 1
78 53.14 28.91 40.45 152.78 1 23 3
79 62.42 45.34 19.12 346.70 14 37 3
80 47.06 86.18 36.32 424.71 13 35 1
81 5.34 97.76 35.79 371.92 21 23 1
82 50.22 90.69 42.48 290.16 18 18 3
83 31.87 86.14 12.27 323.57 17 27 2
84 73.48 33.66 24.48 66.82 19 25 3
85 61.00 54.43 41.11 111.98 12 27 1
86 20.71 41.97 41.57 467.94 12 25 2
87 94.92 26.83 33.29 399.04 3 41 2
88 97.95 64.29 43.25 342.96 0 34 1
89 37.67 19.17 7.37 323.47 1 40 3
90 30.66 41.22 48.96 90.31 3 14 3
91 72.80 92.34 17.80 178.90 18 37 1
92 31.31 24.90 25.68 422.86 19 34 1
93 81.10 24.28 18.42 403.63 9 38 3
94 87.85 48.92 37.73 169.59 18 32 2
95 31.86 23.77 29.61 251.03 19 20 1
96 33.31 49.23 28.00 433.10 9 13 1
97 64.06 66.31 26.09 446.06 16 35 3
98 26.27 67.06 45.10 233.52 13 38 2
99 75.18 87.23 3.76 468.63 4 46 1
100 69.48 41.56 10.79 82.11 21 23 2
101 11.69 76.14 20.76 103.95 13 30 2
102 16.30 56.29 6.31 184.34 18 39 3
103 44.32 84.98 12.03 82.35 17 47 3
104 95.45 70.33 38.96 468.62 4 17 3
105 63.14 83.70 38.50 434.28 21 30 2
106 29.61 51.02 44.03 235.34 9 31 2
107 26.19 87.92 28.78 457.19 7 11 3
108 26.03 16.65 32.64 175.48 13 20 3
109 85.83 91.44 42.06 205.12 7 31 3
110 27.92 71.14 9.85 252.92 3 21 1
111 6.24 28.92 17.09 465.27 6 25 3
112 1.59 95.55 48.95 484.64 6 20 2
113 89.06 2.29 28.78 405.59 7 27 2
114 57.61 72.86 0.72 387.88 16 40 2
115 77.80 38.93 40.78 135.69 0 0 3
116 94.72 3.48 26.09 435.56 16 25 2
117 13.66 36.75 21.27 449.05 10 10 1
118 61.13 63.31 40.31 62.91 20 39 3
119 51.15 83.04 41.09 356.65 23 33 2
120 19.70 85.06 46.91 173.63 2 39 3
121 21.60 4.20 2.89 176.52 2 2 3
122 47.29 44.19 6.93 230.35 8 31 1
123 84.17 30.34 1.12 451.18 22 40 3
124 79.08 29.52 38.43 143.78 2 41 1
125 31.17 96.47 23.04 480.11 19 34 1
126 33.57 36.08 42.15 332.22 18 44 3
127 71.04 48.71 27.17 171.92 15 29 2
128 0.41 88.35 30.68 451.31 24 42 2
129 24.88 52.81 27.34 269.54 9 11 1
130 11.40 58.44 17.30 72.12 24 25 1
131 38.26 24.69 35.90 243.48 13 34 1
132 68.94 24.92 29.40 125.76 12 32 2
133 40.72 71.56 48.16 120.68 9 11 2
134 17.70 73.74 14.11 63.98 21 44 3
135 83.95 12.73 44.10 202.12 9 40 3
136 66.09 43.32 30.83 109.23 14 32 3
137 33.23 70.34 15.34 58.45 4 35 2
138 29.00 27.48 43.77 191.99 9 25 1
139 95.20 20.95 13.62 281.70 3 4 2
140 20.20 94.29 45.14 496.97 7 42 1
141 94.58 61.97 37.59 141.74 7 13 3
142 49.89 52.31 12.55 230.05 5 33 2
143 13.56 99.44 11.12 226.91 9 23 3
144 13.42 83.19 44.45 163.57 16 22 1
145 42.30 75.73 3.97 165.86 10 15 2
146 84.73 70.26 17.91 240.39 4 15 1
147 92.92 85.45 49.14 441.55 22 38 2
148 53.88 7.69 49.75 358.75 21 32 2
149 21.99 6.80 1.36 352.56 4 5 1
150 73.30 65.31 36.53 120.99 24 38 3
151 58.65 53.55 21.89 165.20 16 28 2
152 21.33 64.02 10.05 430.61 23 26 3
153 60.49 65.03 29.05 267.32 20 24 2
154 18.65 89.78 3.37 320.78 17 28 1
155 33.94 16.22 39.81 418.56 15 44 3
156 90.04 95.79 24.72 114.93 15 35 3
157 25.31 72.83 23.13 62.59 9 33 1
158 50.57 65.82 29.27 244.56 8 25 3
159 97.89 26.50 44.63 143.61 15 16 3
160 29.74 4.84 32.24 80.61 15 17 1
161 51.31 88.61 10.80 156.03 14 44 3
162 96.48 76.00 36.41 399.91 20 47 2
163 16.28 1.40 1.11 351.71 0 42 3
164 96.09 12.92 41.70 176.99 14 34 2
165 88.39 35.59 6.33 307.32 17 22 3
166 77.46 76.55 40.43 423.86 16 25 3
167 47.58 29.62 1.86 307.31 5 13 2
168 68.22 62.29 0.90 153.55 14 17 2
169 20.61 13.02 11.77 147.91 21 37 1
170 27.06 99.63 29.75 111.88 9 19 2
171 6.63 83.62 5.30 332.16 21 45 1
172 85.90 83.01 5.62 177.07 20 28 3
173 13.55 71.91 8.09 334.54 0 24 3
174 32.18 84.35 15.69 80.04 17 43 3
175 33.82 35.00 22.27 490.00 17 28 1
176 59.50 4.20 39.55 423.39 8 16 2
177 93.39 85.39 49.34 373.99 24 29 3
178 73.77 73.86 30.68 443.02 16 39 1
179 25.12 7.97 48.20 419.88 7 20 3
180 56.05 20.99 17.84 80.27 19 35 3
181 27.90 38.05 29.09 85.82 21 26 2
182 36.96 94.09 20.64 462.50 10 32 1
183 77.43 37.12 16.82 52.80 22 45 1
184 15.64 93.63 48.19 81.75 5 48 2
185 57.75 70.80 13.05 424.01 9 47 1
186 62.48 40.30 5.13 447.69 13 41 2
187 60.68 67.91 21.77 361.56 11 12 2
188 51.11 67.42 41.56 395.32 7 16 2
189 0.76 47.30 10.87 163.91 24 42 1
190 81.63 87.74 38.79 243.27 4 9 3
191 44.77 38.18 34.30 116.85 20 21 1
192 67.67 19.70 35.50 319.39 22 31 2
193 13.14 29.94 6.54 325.46 9 48 3
194 57.83 37.65 6.28 413.42 11 29 3
195 95.20 71.35 42.76 434.70 0 37 1
196 90.46 22.22 13.02 363.51 2 25 1
197 61.90 49.84 29.88 314.03 22 28 1
198 24.08 61.14 24.33 54.88 17 23 2
199 4.46 85.25 23.25 253.14 13 27 1
200 50.61 32.23 18.71 455.58 20 22 1
1 122.67 2628.90 1
2 162.71 4569.21 2
3 132.67 3860.20 3
4 145.94 4125.85 3
5 158.36 3378.38 2
6 158.03 3675.30 3
7 157.86 4354.84 1
1 1.73 38.37 3
2 1.30 38.45 7
3 1.69 29.52 5
4 1.38 42.32 5
5 1.05 43.56 5
6 1.83 37.86 2
7 1.36 28.13 1
8 1.15 43.77 6
9 1.26 41.72 5
10 1.12 43.73 5
11 1.31 41.19 6
12 1.15 48.47 4
13 1.57 35.81 6
14 1.16 31.42 1
15 1.13 32.64 3
