Data for Vehicle routing problem with drones - Author: Huyen Do Thi Ngoc
Number of depots: 2
Number of cities: 500
Number of trucks: 3
Number of drones: 10
Area: 100 100 50
Customer maximum demand: 500
Max capacity of truck: 200
Max energy of truck: 5000
Max capacity of drone: 2
Max energy of drone: 50
1 63.77 6.48 0.98
2 12.56 30.41 17.86
1 61.17 99.69 8.40 141.01 16 18 2
2 91.65 47.63 35.31 411.26 14 45 2
3 62.78 80.66 33.91 394.82 24 42 2
4 61.84 82.45 3.92 486.84 22 41 2
5 99.07 9.55 9.71 268.29 18 20 1
6 97.88 88.67 47.27 151.45 20 30 1
7 73.93 7.95 14.09 167.94 10 39 1
8 91.48 20.87 37.32 52.76 4 18 2
9 7.71 53.61 36.58 402.74 3 45 1
10 45.27 64.50 23.83 372.02 16 42 2
11 58.23 92.17 6.97 350.66 9 24 2
12 13.88 30.14 1.97 242.67 10 32 2
13 18.74 77.30 22.13 164.33 22 46 1
14 84.96 1.80 37.03 390.39 1 31 1
15 56.88 74.82 1.61 179.26 3 32 2
16 1.44 3.41 25.63 224.28 0 3 2
17 79.54 12.75 9.27 283.75 5 9 2
18 72.39 46.42 24.77 138.14 11 14 2
19 76.76 41.53 49.67 450.90 1 45 1
20 82.96 44.99 26.60 57.56 14 39 1
21 92.90 18.79 46.45 401.23 4 39 1
22 30.14 2.60 46.85 133.74 22 42 2
23 4.74 46.26 3.09 212.12 1 6 1
24 55.51 50.96 12.16 492.72 1 7 1
25 96.47 58.08 24.06 288.23 23 39 2
26 61.67 55.81 8.37 121.35 20 26 1
27 57.18 49.44 12.38 87.49 22 48 1
28 25.09 25.71 45.80 458.58 18 41 2
29 92.76 92.56 36.48 272.81 8 28 2
30 4.02 37.77 46.61 193.69 17 20 2
31 25.97 39.63 33.12 373.01 3 11 2
32 61.77 48.36 18.94 332.75 16 22 1
33 8.26 3.37 6.82 61.71 13 25 2
34 65.72 37.87 48.40 242.02 12 34 2
35 51.03 0.24 20.52 168.98 22 40 2
36 37.38 31.80 43.51 265.86 6 14 2
37 51.91 93.53 7.73 100.49 17 27 1
38 94.61 15.44 9.78 274.90 12 40 2
39 37.82 30.08 13.71 324.13 22 26 1
40 57.77 35.81 3.64 242.35 15 25 1
41 99.73 80.82 32.55 465.52 6 36 2
42 95.37 33.32 30.51 201.06 0 2 1
43 63.75 87.00 21.03 195.15 23 36 1
44 17.20 52.14 48.70 51.66 22 36 2
45 14.11 55.52 30.80 432.33 12 46 1
46 43.34 78.77 26.31 496.04 7 24 2
47 36.53 73.74 26.37 179.84 16 32 2
48 70.62 32.54 28.00 113.95 20 36 1
49 65.06 9.84 4.10 445.07 15 30 1
50 69.72 55.49 33.80 255.21 4 4 1
51 51.65 15.95 37.77 73.30 10 39 2
52 63.70 71.60 1.62 64.13 19 29 1
53 92.46 25.28 36.00 58.43 13 48 1
54 59.67 13.37 39.11 185.85 15 37 2
55 9.40 42.20 12.12 113.56 19 24 2
56 96.53 79.35 4.23 131.69 14 36 1
57 61.84 41.84 18.17 481.39 18 21 2
58 2.80 12.55 47.71 388.35 1 16 1
59 16.63 41.66 23.17 384.02 13 28 1
60 80.85 63.43 22.20 176.30 11 43 2
61 95.88 65.64 0.31 481.71 6 46 1
62 8.85 39.13 9.25 425.08 13 40 1
63 79.60 12.90 20.96 397.68 3 31 1
64 29.69 29.43 5.54 366.46 17 42 1
65 39.58 93.66 6.04 99.45 15 26 2
66 32.91 70.39 15.84 316.83 15 42 1
67 78.03 28.43 42.23 162.40 6 23 1
68 39.10 94.95 19.58 60.49 8 9 1
69 92.52 30.36 11.44 371.26 1 12 2
70 62.59 59.49 39.99 262.23 23 30 2
71 67.05 81.38 12.84 86.91 16 17 1
72 0.27 84.22 39.02 323.78 14 21 1
73 56.35 44.20 30.13 221.96 21 45 2
74 93.25 76.47 35.17 133.35 3 23 1
75 13.32 76.48 28.33 120.05 16 36 1
76 24.06 10.88 20.67 367.06 2 2 2
77 47.95 34.11 39.61 217.80 16 29 2
78 89.39 78.62 8.59 182.64 18 33 1
79 58.52 99.39 15.37 290.18 6 31 1
80 20.38 13.84 45.45 303.05 14 17 2
81 40.93 60.47 36.71 446.48 24 32 1
82 81.18 90.01 47.99 97.42 5 40 1
83 96.08 70.14 42.43 126.57 4 39 2
84 90.63 61.81 21.69 418.84 22 31 2
85 8.32 19.98 42.16 351.22 0 38 2
86 50.39 69.41 43.30 417.57 21 30 2
87 35.34 77.92 5.54 276.47 17 23 1
88 34.89 31.82 14.76 233.98 11 26 2
89 40.07 20.58 18.37 133.24 23 43 1
90 79.12 16.57 5.80 216.55 22 25 2
91 11.48 37.31 42.40 143.22 17 48 1
92 66.29 28.13 43.57 163.42 24 33 1
93 24.23 30.10 14.51 112.75 13 24 1
94 20.63 98.92 42.11 208.02 11 21 1
95 0.49 21.16 37.14 288.18 23 29 2
96 73.04 91.12 0.39 199.14 19 19 1
97 39.46 57.66 44.45 370.52 19 25 2
98 78.50 73.64 20.16 119.80 2 32 2
99 36.06 11.56 37.10 175.44 16 42 1
100 27.01 70.57 36.93 402.37 23 41 1
101 13.29 73.16 44.33 108.20 6 26 1
102 66.14 53.71 45.22 340.15 14 25 1
103 43.94 20.57 15.22 354.37 22 46 2
104 68.32 17.77 47.74 98.94 18 44 1
105 14.53 60.46 19.22 335.96 2 18 1
106 71.67 15.08 22.25 362.38 20 30 1
107 93.52 30.33 38.67 179.64 14 21 2
108 93.68 83.64 16.27 75.83 5 26 1
109 12.53 47.57 48.97 113.23 3 5 2
110 5.03 19.49 4.21 312.69 3 15 2
111 73.00 94.25 2.80 253.42 16 40 2
112 49.98 17.12 20.44 373.30 20 29 1
113 32.78 34.26 49.84 153.16 21 47 2
114 78.70 42.15 21.66 246.13 24 39 2
115 48.06 16.95 34.84 394.19 5 47 2
116 53.92 74.05 22.13 474.66 0 29 1
117 88.74 85.72 15.93 88.50 13 14 2
118 93.40 38.43 18.46 130.14 4 23 2
119 43.25 59.87 41.22 113.94 5 29 1
120 97.22 40.80 5.12 418.89 14 42 2
121 98.82 63.48 4.23 378.98 13 16 2
122 55.83 79.19 8.99 378.31 5 38 1
123 50.68 44.07 31.52 253.40 17 29 2
124 23.75 42.19 14.35 382.46 3 5 2
125 77.29 14.15 42.98 173.96 3 40 2
126 30.19 37.90 9.62 393.24 19 38 2
127 36.11 2.48 31.62 300.04 24 29 2
128 47.61 25.62 23.00 472.06 7 38 1
129 55.02 70.06 28.71 472.84 19 21 1
130 40.88 54.44 14.15 379.36 15 15 1
131 80.86 60.07 29.12 73.62 18 28 1
132 3.08 59.13 11.14 265.60 22 37 1
133 10.29 30.63 2.77 96.66 2 24 2
134 88.20 83.19 19.92 437.81 6 16 2
135 30.55 88.97 36.63 160.65 10 35 2
136 46.16 27.84 44.41 119.92 21 37 1
137 51.83 49.48 20.30 283.95 7 32 2
138 91.38 76.93 13.78 160.18 5 37 2
139 70.44 13.40 1.25 105.88 12 30 2
140 54.59 91.37 19.49 309.73 19 31 1
141 25.52 49.34 13.29 488.79 17 19 2
142 4.30 41.64 45.39 54.23 11 42 2
143 22.88 10.72 43.15 163.28 2 23 2
144 13.96 59.38 45.87 98.52 6 35 1
145 17.48 66.65 25.30 288.69 4 7 2
146 76.80 79.10 12.98 416.46 22 23 1
147 17.50 27.12 40.65 368.94 21 22 1
148 85.77 82.99 21.73 372.26 22 37 1
149 62.68 67.70 31.27 442.14 17 41 2
150 57.50 0.02 21.90 332.02 19 38 2
151 96.90 44.14 46.87 215.15 1 4 1
152 90.57 8.42 37.68 67.21 8 30 1
153 8.82 81.31 20.23 146.31 5 26 2
154 5.73 94.59 38.34 95.26 4 19 2
155 52.57 22.98 23.38 422.59 7 40 2
156 54.69 33.49 46.94 97.56 7 20 1
157 92.51 17.83 44.89 185.10 13 32 2
158 99.60 32.12 27.00 463.82 0 38 1
159 12.57 32.15 8.51 120.70 6 26 1
160 59.71 98.97 0.94 159.35 20 25 2
161 82.07 87.78 49.53 250.15 20 46 1
162 21.49 3.37 39.67 386.57 1 14 2
163 99.92 15.31 27.57 289.73 0 10 1
164 57.16 88.80 37.16 192.52 22 25 1
165 18.89 19.70 22.98 388.72 14 18 2
166 29.56 22.92 41.94 359.75 10 37 2
167 77.21 70.20 30.99 71.06 21 42 2
168 80.79 65.29 48.34 105.14 24 26 2
169 89.74 31.47 48.86 426.34 13 30 1
170 15.61 12.65 49.94 304.37 3 28 2
171 38.01 85.23 34.85 97.83 11 43 2
172 18.20 43.83 43.06 259.83 4 40 1
173 42.58 74.22 23.63 172.48 22 37 1
174 36.22 18.43 47.56 421.34 2 28 2
175 58.14 71.71 29.00 386.58 4 15 2
176 41.52 5.45 22.80 109.50 6 12 2
177 87.47 88.81 17.12 334.38 17 21 2
178 93.92 37.09 7.62 493.68 2 18 2
179 33.14 24.53 24.11 209.73 17 38 2
180 81.22 73.90 18.54 67.01 17 45 1
181 58.57 88.13 43.81 299.66 4 29 1
182 28.08 53.70 11.95 340.54 5 43 1
183 97.42 27.05 37.00 480.23 13 16 1
184 92.08 91.46 43.82 193.41 11 23 2
185 80.06 24.22 41.38 146.45 15 21 2
186 26.43 95.41 19.11 440.62 5 20 1
187 29.07 0.96 44.70 241.42 2 2 2
188 87.97 35.29 0.61 82.70 21 30 1
189 67.70 46.21 16.48 148.17 22 36 1
190 20.46 82.04 14.44 137.63 23 33 1
191 28.45 16.05 36.20 418.17 11 22 1
192 88.13 18.19 44.77 186.67 8 36 1
193 13.85 42.01 3.02 60.69 18 41 2
194 17.66 99.23 6.01 293.51 19 47 2
195 2.93 29.71 27.69 280.17 5 43 1
196 17.69 60.77 23.11 317.34 2 45 2
197 15.05 38.85 44.82 142.72 21 48 1
198 98.19 73.57 21.05 189.70 3 28 2
199 5.65 55.72 27.34 107.40 20 24 2
200 62.21 75.01 40.19 108.62 6 6 2
201 14.50 53.12 23.95 127.61 16 17 2
202 76.97 39.12 2.16 372.41 9 24 1
203 64.26 30.05 4.02 267.69 18 47 2
204 32.86 41.85 25.80 247.35 16 47 2
205 25.69 17.66 26.66 418.78 19 41 1
206 61.99 60.62 21.16 401.16 5 18 1
207 75.18 67.03 43.83 99.47 17 29 2
208 3.22 84.14 48.54 416.84 9 35 1
209 5.79 0.02 25.13 377.68 1 13 2
210 13.85 61.58 3.25 358.34 21 32 1
211 13.06 62.92 48.46 483.11 14 45 2
212 10.76 21.22 32.68 51.47 6 12 2
213 36.96 99.20 32.09 62.54 15 20 1
214 9.84 6.76 0.27 352.29 5 6 1
215 27.08 89.60 19.93 471.13 4 26 1
216 95.58 67.16 27.81 344.80 11 13 1
217 48.42 39.58 5.63 239.92 12 25 1
218 29.31 15.97 23.71 392.58 19 28 1
219 82.69 85.68 14.29 228.03 22 46 2
220 35.45 69.29 35.75 88.03 20 33 1
221 15.12 65.31 17.30 56.94 18 38 2
222 96.03 41.45 0.45 77.92 23 39 1
223 92.41 81.14 37.19 343.73 0 30 2
224 29.50 11.46 48.04 314.52 8 42 2
225 35.80 0.42 35.23 143.20 9 29 1
226 89.82 27.02 2.65 298.16 0 47 1
227 39.76 56.67 9.07 246.50 17 33 1
228 93.42 2.38 15.77 190.90 8 19 2
229 98.54 68.39 10.27 491.75 18 39 1
230 86.85 85.86 11.12 439.49 10 11 2
231 85.95 89.69 30.94 477.16 15 15 1
232 55.22 88.61 10.35 360.93 12 32 2
233 62.20 38.14 22.52 197.97 1 11 2
234 80.28 98.43 17.41 345.24 9 31 2
235 80.62 85.73 41.84 423.54 8 43 2
236 47.60 49.29 8.41 180.16 24 27 1
237 44.21 39.37 37.78 328.88 11 46 2
238 50.78 41.20 25.87 63.35 9 22 2
239 52.61 76.65 1.36 99.32 11 27 2
240 16.86 21.22 37.66 213.19 22 46 1
241 18.83 3.96 34.08 217.40 1 11 1
242 95.79 75.37 3.32 190.20 19 39 2
243 77.72 20.49 14.42 197.98 22 24 1
244 11.23 17.55 14.99 174.25 22 42 2
245 5.72 67.86 28.99 391.20 0 6 2
246 24.24 82.89 34.22 51.38 0 36 1
247 83.62 88.15 42.70 473.73 14 16 1
248 31.10 77.92 18.19 65.44 3 38 1
249 18.24 0.25 44.99 180.64 12 32 2
250 66.94 7.49 46.75 353.44 23 47 2
251 43.10 19.67 26.50 363.57 2 43 2
252 41.37 94.26 25.63 293.87 9 9 2
253 35.37 56.35 22.56 413.33 15 32 2
254 29.43 54.81 44.43 134.87 8 34 1
255 48.97 17.44 4.57 60.25 2 15 1
256 27.47 70.25 22.21 196.26 4 23 1
257 1.43 2.73 31.50 397.42 0 41 2
258 8.82 85.62 35.09 52.75 5 13 2
259 17.44 79.08 25.43 271.80 12 22 1
260 20.94 93.43 36.50 88.71 2 27 2
261 40.60 34.23 30.10 121.22 4 10 1
262 90.21 99.51 48.79 346.27 9 45 2
263 27.00 71.16 4.84 410.28 13 46 2
264 68.57 23.42 21.51 368.79 0 41 1
265 2.41 56.52 18.81 479.34 0 2 2
266 99.34 64.45 43.65 443.57 20 28 1
267 47.62 16.96 11.28 209.69 18 40 1
268 95.72 47.59 12.86 134.90 23 24 1
269 38.69 13.69 25.27 403.76 19 23 2
270 89.87 67.64 25.39 254.64 0 23 1
271 38.62 27.09 38.69 269.65 14 38 2
272 55.31 79.74 39.65 246.60 5 38 1
273 67.77 70.91 14.25 324.41 6 41 1
274 66.35 95.47 21.51 268.80 6 24 1
275 18.38 57.10 29.34 340.64 1 4 2
276 54.80 15.56 2.54 136.18 3 32 1
277 43.15 52.47 30.42 219.44 21 31 2
278 54.22 59.61 33.89 230.90 24 40 2
279 77.59 67.14 22.10 96.19 6 20 1
280 10.76 40.08 3.17 118.55 4 43 2
281 92.43 37.55 35.09 197.23 12 13 2
282 29.05 13.44 21.60 85.87 15 35 1
283 10.41 82.60 29.78 108.04 2 30 2
284 53.72 61.91 3.26 203.14 6 11 1
285 30.44 69.89 4.85 160.47 20 24 2
286 22.18 56.72 18.87 152.92 14 28 1
287 88.98 91.59 33.39 208.23 22 31 1
288 8.63 79.24 24.26 271.35 8 40 2
289 93.79 18.78 36.12 431.94 17 37 2
290 60.73 90.53 33.49 313.98 24 47 2
291 78.75 45.34 1.12 221.01 4 15 1
292 89.64 15.76 24.42 194.04 9 45 2
293 2.44 80.14 24.49 222.33 11 43 2
294 71.15 16.24 16.60 146.11 18 19 2
295 78.09 62.74 10.17 167.69 12 21 1
296 4.53 0.10 13.71 91.19 22 23 2
297 63.13 86.02 15.81 125.69 21 36 1
298 60.25 34.83 26.86 200.39 23 38 1
299 72.69 3.65 32.79 397.87 11 25 2
300 73.76 29.23 14.24 70.82 1 30 1
301 19.49 64.80 18.91 76.55 0 35 2
302 62.28 31.13 38.34 370.46 6 42 2
303 95.40 5.81 28.54 443.34 7 28 1
304 58.48 40.09 29.15 478.34 21 48 1
305 55.66 65.28 32.99 398.14 2 39 2
306 47.24 55.15 4.86 377.29 24 25 2
307 8.32 92.91 9.61 415.82 21 45 2
308 46.22 17.60 29.13 321.56 7 35 2
309 78.57 33.98 14.51 444.79 22 32 2
310 80.02 18.48 28.13 196.08 19 19 1
311 69.76 57.38 36.41 73.95 21 43 1
312 86.67 58.49 26.05 127.10 1 35 1
313 1.89 88.46 39.39 183.78 15 29 1
314 3.79 2.50 37.76 185.06 21 34 1
315 65.91 93.14 45.14 213.16 2 18 1
316 88.98 10.20 25.30 477.78 9 37 1
317 64.09 5.71 16.41 442.69 11 30 1
318 60.35 96.98 28.82 190.21 22 24 2
319 83.10 2.28 43.30 149.24 24 36 2
320 87.28 58.06 12.21 371.56 2 21 1
321 38.49 80.50 43.00 354.75 3 33 1
322 78.78 31.98 19.81 490.79 6 25 2
323 33.47 86.85 33.98 334.83 9 35 1
324 97.82 9.90 36.82 448.41 24 36 2
325 1.67 63.62 39.18 394.96 6 28 2
326 55.60 84.94 19.03 50.60 19 45 2
327 19.87 68.77 5.04 264.55 24 33 2
328 3.36 80.34 14.17 420.33 16 30 1
329 86.66 70.96 1.91 438.85 3 33 1
330 89.55 73.51 17.71 390.40 1 33 2
331 39.02 0.41 16.81 148.34 9 17 2
332 21.20 71.80 11.09 283.86 6 21 1
333 11.11 92.69 41.69 447.10 16 23 1
334 29.40 94.22 32.45 454.94 6 42 2
335 55.49 62.60 16.53 127.79 20 30 2
336 73.45 64.28 47.46 221.67 18 18 1
337 66.59 23.40 39.98 291.55 20 37 2
338 36.84 12.91 1.10 220.15 7 45 1
339 47.82 5.23 48.72 455.21 19 24 2
340 13.14 49.93 36.14 286.61 16 45 2
341 27.26 44.90 49.58 351.15 2 37 2
342 55.08 44.31 38.40 257.51 4 35 2
343 97.13 66.46 25.16 325.32 2 30 2
344 55.96 90.54 1.08 372.88 3 45 1
345 54.57 81.06 2.75 293.76 15 25 2
346 73.44 96.15 8.85 186.56 6 47 1
347 86.22 44.46 9.92 419.84 16 39 2
348 79.58 6.06 34.66 215.93 0 47 2
349 41.46 53.78 5.86 482.38 14 20 2
350 65.09 4.22 10.07 317.68 13 32 2
351 62.52 74.83 32.65 333.64 3 36 1
352 36.42 42.32 41.35 234.56 24 38 1
353 65.86 5.93 34.22 471.48 19 23 1
354 81.45 81.18 34.76 243.59 14 33 2
355 26.58 48.79 22.95 166.57 7 19 1
356 12.49 48.63 1.10 405.73 10 48 2
357 14.21 50.28 41.04 305.96 13 34 2
358 70.30 17.76 31.85 465.10 4 30 1
359 76.59 53.58 48.48 192.46 12 21 2
360 44.79 92.02 22.51 477.56 11 47 2
361 79.59 22.27 39.05 132.34 16 48 2
362 28.22 52.06 21.23 340.23 9 25 1
363 4.64 12.14 27.08 356.11 0 4 2
364 44.36 44.67 17.00 244.30 3 26 1
365 0.27 71.92 13.39 243.32 10 12 2
366 82.25 50.90 12.12 302.70 10 20 1
367 71.78 34.04 49.55 120.11 10 11 2
368 94.04 27.76 10.75 211.88 16 29 2
369 45.48 53.29 43.07 55.19 7 46 1
370 29.50 47.73 26.21 495.18 5 26 1
371 99.63 46.46 45.19 131.61 12 32 1
372 12.42 50.48 32.83 278.36 15 21 2
373 85.31 25.80 40.77 324.28 0 43 2
374 14.21 25.70 4.75 67.20 19 19 2
375 81.35 12.52 39.47 191.13 9 31 1
376 48.95 46.51 1.25 136.47 7 10 1
377 23.16 0.48 8.43 82.52 11 25 2
378 91.42 18.12 25.77 223.73 15 36 2
379 51.83 40.54 41.02 158.19 22 44 2
380 97.94 99.32 26.59 424.49 15 25 1
381 0.48 57.48 11.32 324.31 4 46 2
382 31.70 37.75 36.26 291.80 23 44 1
383 11.72 71.85 36.41 222.89 19 48 2
384 63.94 7.55 6.64 54.74 6 10 2
385 38.84 59.54 8.48 174.30 7 48 2
386 56.84 83.79 44.62 198.51 8 12 2
387 3.63 69.97 18.96 203.26 18 31 2
388 5.69 27.65 41.57 138.45 10 47 2
389 34.94 66.29 24.27 302.54 12 27 2
390 19.64 39.75 2.46 76.31 7 44 1
391 8.22 43.17 11.39 238.56 6 44 2
392 98.68 72.83 16.42 381.04 12 27 1
393 81.20 51.52 38.99 473.08 15 31 1
394 94.39 14.49 2.05 68.17 2 44 1
395 14.56 22.38 25.49 368.59 7 28 2
396 4.80 25.00 49.75 102.09 4 43 1
397 92.57 30.25 31.59 392.57 22 38 2
398 52.24 41.55 17.42 282.11 15 47 1
399 51.95 79.81 49.30 93.90 24 38 2
400 35.47 72.04 26.61 312.43 3 6 2
401 2.40 61.69 12.30 330.45 8 27 2
402 38.62 10.81 17.09 212.37 6 14 1
403 30.53 14.79 35.53 431.24 21 47 1
404 64.77 97.98 1.82 271.62 3 33 2
405 53.34 34.36 22.10 462.80 13 28 1
406 30.44 70.45 14.06 153.25 14 40 2
407 54.60 5.64 3.54 393.23 5 30 2
408 70.93 28.65 0.11 364.66 12 19 2
409 98.20 85.59 20.54 455.56 21 37 1
410 70.16 63.62 2.49 163.75 3 11 2
411 58.86 59.34 7.32 258.51 4 8 1
412 28.13 11.29 13.61 104.18 11 34 2
413 83.73 12.01 29.51 52.72 20 44 2
414 41.94 27.18 9.40 364.26 11 23 1
415 72.65 47.11 34.33 199.76 3 34 1
416 75.76 73.90 17.63 168.61 18 27 1
417 65.79 95.56 37.15 351.61 0 41 1
418 92.08 93.95 20.87 118.84 12 30 2
419 44.30 28.50 40.37 113.17 22 44 2
420 52.85 26.47 18.22 252.64 2 26 2
421 95.24 49.70 46.02 52.73 9 40 2
422 65.85 61.91 21.62 320.86 16 33 2
423 77.84 90.63 24.14 137.56 13 40 1
424 6.32 93.76 13.11 399.94 22 47 2
425 42.36 1.86 22.38 406.38 11 21 1
426 32.35 98.72 34.24 356.93 8 46 2
427 97.94 41.05 9.73 208.44 24 35 2
428 2.95 83.44 35.09 456.80 23 37 2
429 73.11 6.72 29.23 388.06 7 35 2
430 45.97 12.90 14.48 309.43 17 19 2
431 2.94 10.18 24.48 239.22 24 26 2
432 64.13 55.74 1.05 81.52 16 35 2
433 5.64 23.25 36.22 318.77 19 44 2
434 30.88 42.34 46.10 268.49 23 44 1
435 63.72 57.17 44.18 449.80 13 13 2
436 7.64 45.60 32.26 419.27 18 33 2
437 6.68 93.60 21.32 269.90 9 17 1
438 27.52 73.21 7.41 310.45 2 47 2
439 19.42 76.31 3.53 216.38 15 46 2
440 60.96 58.10 31.27 216.04 8 29 2
441 99.64 41.35 26.14 69.40 19 23 2
442 47.04 62.78 13.25 70.04 14 39 1
443 24.85 98.47 39.34 476.35 19 19 2
444 28.36 5.57 24.57 132.73 2 18 1
445 88.05 84.52 0.55 217.03 9 45 2
446 79.63 86.27 43.95 275.08 2 21 1
447 47.75 29.60 25.25 231.26 18 19 1
448 32.59 85.49 7.87 185.65 19 44 1
449 78.42 3.41 22.04 372.98 9 35 1
450 96.58 78.06 45.22 497.41 12 23 2
451 51.59 53.43 20.96 462.05 23 48 1
452 20.22 27.52 19.55 163.13 21 46 1
453 48.49 45.06 4.33 177.81 22 23 1
454 16.42 22.01 21.00 416.61 5 31 1
455 55.48 46.78 15.33 294.43 4 41 2
456 54.34 20.31 12.57 478.30 18 35 1
457 58.40 0.15 14.29 355.78 9 47 2
458 67.95 12.73 11.10 154.97 0 36 2
459 88.78 89.88 17.76 366.79 21 39 1
460 94.95 79.05 16.72 393.34 5 21 2
461 9.99 23.01 27.74 105.24 22 26 2
462 85.17 42.21 12.24 270.39 9 40 2
463 78.36 65.72 11.02 171.80 10 29 1
464 84.06 51.15 4.05 148.33 20 23 2
465 64.30 3.26 41.39 315.07 13 48 2
466 20.53 66.86 20.42 156.48 12 43 1
467 16.39 83.29 45.37 412.58 9 35 1
468 36.91 43.35 17.16 236.11 13 24 2
469 76.23 40.66 16.66 66.48 20 47 2
470 60.90 20.67 38.27 62.06 22 38 1
471 21.38 25.00 32.33 83.94 17 44 1
472 53.81 12.16 36.77 281.73 21 45 1
473 76.34 66.39 36.33 236.29 23 39 2
474 11.84 7.74 13.61 112.24 9 41 2
475 17.83 59.81 47.91 147.23 21 36 1
476 97.86 86.72 8.79 290.99 14 22 2
477 83.60 54.13 20.92 409.56 0 29 2
478 6.44 46.21 28.21 460.74 1 11 2
479 79.41 6.48 48.01 315.43 4 17 1
480 73.77 0.19 24.94 363.45 20 47 1
481 61.95 23.61 32.94 464.44 5 40 1
482 26.44 11.57 13.48 339.28 13 35 2
483 64.31 39.04 48.21 446.49 10 26 1
484 7.59 80.91 3.01 421.82 13 48 2
485 25.27 66.73 14.53 227.56 8 33 2
486 62.13 66.60 4.07 259.11 15 28 1
487 99.16 26.65 31.60 161.31 10 41 2
488 14.28 44.24 35.43 129.54 18 40 1
489 58.06 77.26 38.96 110.45 13 36 1
490 11.97 14.63 37.92 197.92 5 24 2
491 67.17 50.11 20.34 189.17 7 35 1
492 38.73 64.69 26.04 78.75 5 30 2
493 91.91 33.80 16.56 279.24 21 48 1
494 5.65 38.29 15.98 485.72 6 42 2
495 1.80 5.70 15.21 400.33 5 35 1
496 50.82 2.85 14.58 53.93 24 30 2
497 31.62 52.36 49.63 395.24 1 7 2
498 51.21 44.55 21.64 457.62 19 23 2
499 55.23 97.18 40.32 105.48 17 44 1
500 6.65 22.88 46.47 199.42 17 26 1
1 111.20 4369.44 1
2 149.93 2532.47 2
3 158.77 3587.15 1
1 1.52 42.14 3
2 1.95 32.03 3
3 1.21 27.20 1
4 1.57 39.35 3
5 1.87 37.17 3
6 1.48 39.89 3
7 1.18 29.23 1
8 1.49 47.52 3
9 1.60 46.02 3
10 1.82 42.68 2
