Data for Vehicle routing problem with drones - Author: Huyen Do Thi Ngoc
Number of depots: 1
Number of cities: 400
Number of trucks: 2
Number of drones: 7
Area: 100 100 50
Customer maximum demand: 500
Max capacity of truck: 200
Max energy of truck: 5000
Max capacity of drone: 2
Max energy of drone: 50
1 6.68 28.56 4.07
1 40.90 22.15 25.34 439.86 22 24 1
2 45.23 68.80 38.61 361.14 23 42 1
3 68.64 68.76 18.90 210.21 13 29 1
4 97.55 35.54 22.07 135.41 22 25 1
5 85.00 14.13 33.96 405.32 2 32 1
6 30.12 56.34 36.94 439.99 1 33 1
7 20.05 10.72 33.02 459.46 4 17 1
8 0.32 0.59 12.37 492.59 0 38 1
9 69.93 6.18 22.57 323.03 7 41 1
10 32.94 45.64 44.39 53.53 23 34 1
11 59.20 88.31 40.57 137.89 23 33 1
12 13.57 79.30 47.49 215.13 22 46 1
13 24.82 10.42 19.83 380.08 21 39 1
14 39.36 14.39 44.07 382.05 13 31 1
15 71.83 99.21 39.21 187.62 22 39 1
16 11.04 23.33 31.22 301.22 8 41 1
17 11.12 81.77 27.44 427.00 10 25 1
18 12.44 27.06 10.61 84.74 23 28 1
19 79.25 74.39 39.99 278.09 4 39 1
20 23.90 47.46 39.89 350.37 11 48 1
21 6.03 37.56 15.40 309.47 19 44 1
22 67.65 57.94 18.12 137.89 8 33 1
23 7.93 19.78 10.98 121.43 21 30 1
24 31.62 19.79 18.91 61.53 19 44 1
25 39.94 87.40 46.36 364.39 21 41 1
26 36.27 75.82 31.76 86.07 7 38 1
27 68.31 33.29 48.77 101.72 18 37 1
28 9.08 55.58 43.68 229.57 5 13 1
29 0.07 52.44 24.31 340.49 1 41 1
30 45.57 33.96 8.15 176.48 24 42 1
31 19.56 96.70 3.44 429.57 4 5 1
32 53.23 83.74 41.23 278.83 18 37 1
33 39.07 66.48 41.02 379.43 19 24 1
34 79.02 70.53 12.79 112.79 7 24 1
35 22.29 89.22 26.99 256.11 17 18 1
36 95.22 8.10 0.92 198.69 9 41 1
37 55.62 17.68 32.79 386.63 13 33 1
38 1.69 62.15 6.74 327.00 22 22 1
39 25.18 67.10 40.25 236.65 6 37 1
40 70.27 46.64 2.59 431.65 12 28 1
41 97.90 48.89 15.58 321.71 0 35 1
42 60.52 47.92 28.78 373.26 23 41 1
43 44.99 66.08 34.76 200.44 7 35 1
44 93.59 80.13 45.77 236.36 17 40 1
45 94.96 25.96 20.25 126.88 6 29 1
46 80.75 54.84 5.05 153.16 2 15 1
47 48.40 51.80 20.20 448.24 0 12 1
48 49.73 76.30 9.83 392.38 2 40 1
49 19.10 39.86 22.48 165.95 6 37 1
50 43.37 75.78 4.77 301.22 8 25 1
51 77.72 42.38 5.59 204.91 14 29 1
52 46.99 38.83 7.82 125.93 7 16 1
53 59.12 42.02 2.10 247.59 15 20 1
54 89.07 32.52 21.30 400.59 7 43 1
55 16.01 9.28 33.86 255.18 21 32 1
56 69.56 83.48 17.74 196.38 21 33 1
57 18.28 10.53 48.12 426.98 23 48 1
58 43.12 66.97 37.83 50.41 3 40 1
59 45.85 7.69 27.92 177.71 4 11 1
60 15.66 76.17 13.79 298.32 13 38 1
61 40.64 80.03 49.97 144.89 8 10 1
62 62.94 61.85 11.95 410.24 11 34 1
63 93.61 87.47 43.08 138.93 24 39 1
64 86.47 9.01 34.70 471.54 7 46 1
65 54.85 40.99 30.49 102.58 1 15 1
66 65.32 4.62 37.29 381.91 16 37 1
67 10.56 12.83 20.64 193.55 15 23 1
68 95.71 80.33 27.78 248.05 17 31 1
69 45.28 21.62 8.12 272.17 18 34 1
70 85.88 73.14 44.73 489.97 10 33 1
71 78.36 5.88 23.04 118.93 21 43 1
72 30.23 13.84 34.89 477.72 24 33 1
73 17.57 42.28 1.18 233.30 21 47 1
74 5.70 70.62 14.28 446.91 24 30 1
75 71.25 12.00 43.95 364.90 8 41 1
76 22.14 95.34 34.67 143.24 19 33 1
77 36.03 6.91 48.21 197.90 17 33 1
78 8.41 18.87 1.97 487.68 13 20 1
79 67.15 98.13 15.37 211.86 2 47 1
80 9.93 78.21 7.33 380.53 7 16 1
81 94.59 2.73 41.13 384.67 9 15 1
82 25.04 34.19 30.70 171.20 2 45 1
83 4.55 91.54 33.36 416.06 24 45 1
84 12.74 36.69 7.25 431.75 7 44 1
85 49.01 97.13 40.29 234.38 18 28 1
86 71.91 31.37 16.28 311.10 6 11 1
87 73.37 30.10 41.94 436.04 23 32 1
88 61.84 40.63 9.64 328.85 24 25 1
89 78.68 62.24 14.72 246.12 17 40 1
90 19.93 35.12 26.67 484.30 1 47 1
91 47.76 10.47 26.91 67.54 21 48 1
92 44.92 83.22 39.07 62.66 11 44 1
93 59.84 68.95 38.68 216.86 0 38 1
94 83.73 18.97 28.44 94.94 22 25 1
95 8.92 15.54 29.67 66.17 19 24 1
96 44.80 35.59 24.59 485.41 22 45 1
97 51.49 62.56 41.57 452.19 11 44 1
98 90.11 46.95 31.32 259.54 16 46 1
99 77.89 16.21 14.83 275.17 10 14 1
100 79.19 67.14 17.52 147.09 13 13 1
101 27.75 83.52 0.16 157.09 21 36 1
102 55.71 65.00 16.73 319.97 14 21 1
103 79.49 10.23 44.54 332.31 13 16 1
104 84.76 91.25 11.28 96.73 19 34 1
105 76.52 77.07 19.65 274.46 23 38 1
106 37.92 13.14 9.35 385.34 3 32 1
107 18.44 26.97 31.33 443.39 5 10 1
108 91.97 86.07 32.97 418.80 9 31 1
109 29.69 55.38 48.88 92.69 19 22 1
110 81.93 40.11 23.85 419.91 20 41 1
111 89.79 56.82 10.13 466.66 4 35 1
112 22.40 87.24 26.49 86.36 7 12 1
113 92.21 80.79 12.50 138.31 4 19 1
114 25.97 5.61 48.07 237.60 23 26 1
115 6.42 0.13 11.00 314.58 12 13 1
116 43.57 3.92 29.09 269.87 14 26 1
117 26.05 59.06 35.77 455.00 6 10 1
118 96.57 60.89 15.15 498.46 22 30 1
119 34.51 6.84 16.60 287.81 21 28 1
120 43.88 36.38 41.77 319.55 1 37 1
121 79.75 94.14 0.40 290.34 24 45 1
122 52.11 3.91 2.92 312.48 17 45 1
123 5.88 95.34 18.40 495.19 21 44 1
124 35.58 59.58 13.71 472.97 13 33 1
125 14.45 42.63 26.52 237.63 10 41 1
126 18.27 55.62 26.99 149.08 21 47 1
127 63.26 53.00 21.52 420.05 0 9 1
128 81.48 18.42 38.60 224.69 3 15 1
129 9.20 43.94 32.24 179.59 10 38 1
130 24.29 74.37 42.23 343.91 22 45 1
131 31.56 6.35 29.79 81.98 8 16 1
132 11.14 95.24 46.42 258.99 5 12 1
133 53.27 53.39 6.71 124.15 15 21 1
134 44.19 58.38 43.28 429.96 7 43 1
135 68.04 94.42 22.84 499.37 7 42 1
136 1.55 30.71 38.30 102.41 18 18 1
137 10.44 70.53 48.35 142.01 21 34 1
138 73.76 61.59 49.77 204.95 11 39 1
139 17.42 96.08 19.09 165.64 17 44 1
140 30.80 87.42 19.15 415.77 11 30 1
141 10.06 21.33 14.26 362.87 1 12 1
142 6.10 77.11 2.86 76.82 11 24 1
143 44.91 60.26 27.00 242.47 10 40 1
144 14.10 45.85 25.36 401.88 18 25 1
145 19.34 79.97 29.71 355.84 12 20 1
146 9.21 16.64 44.86 78.18 5 32 1
147 60.66 99.68 35.83 476.42 15 37 1
148 19.68 33.29 8.28 359.01 3 15 1
149 26.46 21.05 4.96 230.65 24 34 1
150 0.83 14.67 11.98 375.14 1 37 1
151 32.94 44.38 14.58 124.91 6 22 1
152 39.81 5.84 34.71 50.25 12 19 1
153 19.07 58.35 36.91 279.85 19 40 1
154 34.13 38.50 46.31 216.83 10 25 1
155 49.98 27.28 48.94 141.73 14 48 1
156 95.83 19.85 17.89 235.58 0 20 1
157 87.38 83.29 33.22 245.42 9 22 1
158 70.76 91.59 49.15 395.47 8 21 1
159 49.73 82.10 36.58 364.66 24 31 1
160 5.47 50.38 16.96 479.03 20 34 1
161 49.07 43.68 46.08 215.76 0 38 1
162 17.39 81.20 28.76 485.82 6 42 1
163 25.37 91.01 10.95 263.56 19 26 1
164 1.94 63.35 2.63 416.61 14 36 1
165 23.70 9.78 26.71 280.35 19 48 1
166 69.89 71.31 13.90 141.74 20 25 1
167 1.61 58.65 18.48 106.61 1 14 1
168 4.32 95.09 47.55 81.34 3 14 1
169 16.01 67.12 10.36 298.65 5 19 1
170 53.84 18.27 5.55 405.72 14 41 1
171 43.47 59.40 24.17 444.54 22 48 1
172 97.74 64.51 28.02 240.36 1 20 1
173 65.32 63.98 11.48 482.71 11 46 1
174 54.15 47.04 5.16 345.98 24 28 1
175 74.58 56.08 31.71 61.79 7 15 1
176 83.21 76.91 1.28 421.60 5 27 1
177 72.76 98.90 48.46 217.72 22 46 1
178 18.60 44.52 47.45 466.75 22 32 1
179 95.57 45.44 31.40 179.18 24 35 1
180 40.95 1.43 49.71 229.90 13 16 1
181 3.18 76.08 23.59 468.45 4 26 1
182 17.79 25.64 5.96 166.41 12 33 1
183 44.06 9.40 32.57 83.04 14 17 1
184 51.94 55.80 12.05 337.11 15 42 1
185 65.03 11.41 26.62 129.17 22 35 1
186 41.92 83.66 48.17 318.31 23 23 1
187 15.40 80.01 1.93 283.84 5 9 1
188 19.37 8.55 31.96 310.94 16 27 1
189 16.48 77.74 4.86 112.45 22 26 1
190 63.94 6.67 3.35 124.67 13 31 1
191 69.51 24.16 48.98 389.28 8 40 1
192 15.16 14.28 32.59 69.28 21 30 1
193 21.24 68.69 23.98 390.21 10 42 1
194 2.76 73.15 29.86 154.65 21 21 1
195 20.90 64.28 25.38 460.47 4 41 1
196 47.89 87.19 18.07 368.60 8 43 1
197 35.98 86.79 33.78 296.42 23 24 1
198 42.68 11.56 29.23 364.88 4 16 1
199 29.23 94.81 42.71 161.01 24 42 1
200 60.90 36.09 12.67 379.03 4 23 1
201 68.58 28.25 40.00 376.91 21 38 1
202 6.70 28.14 43.84 235.18 13 32 1
203 88.46 48.44 4.46 221.49 10 30 1
204 43.70 5.69 17.20 468.76 23 38 1
205 24.58 74.24 5.07 59.94 7 20 1
206 80.82 2.86 21.38 333.41 18 44 1
207 70.66 87.18 13.04 87.56 2 9 1
208 21.38 64.76 26.42 401.36 2 20 1
209 41.48 73.53 16.76 179.34 6 15 1
210 97.58 70.13 37.60 92.59 12 26 1
211 12.88 7.15 24.49 167.43 12 30 1
212 77.64 98.36 37.11 87.77 21 38 1
213 31.49 59.26 3.30 496.33 16 27 1
214 70.56 19.01 19.20 465.19 9 21 1
215 64.28 98.24 23.55 451.75 17 32 1
216 25.88 77.85 9.98 132.33 5 22 1
217 11.68 9.41 45.36 392.41 17 46 1
218 67.29 21.15 40.08 309.93 12 20 1
219 49.77 65.19 7.42 215.41 24 37 1
220 39.54 94.23 2.10 168.48 7 27 1
221 7.77 83.16 8.40 446.89 24 24 1
222 70.73 43.59 10.51 218.58 16 45 1
223 9.36 12.51 38.49 143.59 18 28 1
224 44.59 40.27 35.52 303.59 14 34 1
225 48.86 68.59 32.63 193.39 9 22 1
226 41.24 52.27 36.60 445.61 21 28 1
227 84.67 95.72 9.82 220.38 17 32 1
228 64.33 43.07 44.10 306.69 24 37 1
229 89.51 66.19 32.10 156.60 11 47 1
230 89.08 64.81 18.64 321.84 1 3 1
231 35.74 98.64 9.46 174.56 3 16 1
232 86.14 15.87 32.45 378.70 10 45 1
233 54.83 49.60 20.93 436.39 9 30 1
234 29.87 79.48 49.68 79.81 10 15 1
235 56.69 75.14 1.20 201.08 24 29 1
236 92.06 78.61 29.68 474.11 19 22 1
237 6.80 29.08 47.83 448.34 17 25 1
238 2.70 52.62 31.78 465.31 14 46 1
239 62.02 95.14 10.09 485.51 3 8 1
240 76.58 67.96 17.49 99.49 17 37 1
241 57.46 54.28 19.73 396.55 17 24 1
242 36.57 29.86 39.75 196.95 21 41 1
243 52.64 85.72 25.59 332.60 0 0 1
244 22.71 92.58 5.90 260.36 15 30 1
245 21.77 89.79 36.16 499.65 19 19 1
246 75.86 62.02 34.29 130.78 20 35 1
247 64.96 67.51 47.77 419.85 22 32 1
248 62.82 97.22 43.65 414.49 17 32 1
249 88.21 84.47 46.44 423.90 8 10 1
250 39.90 68.23 8.88 103.70 16 42 1
251 5.41 98.32 0.36 275.25 14 37 1
252 35.38 67.10 32.59 296.42 5 36 1
253 9.74 19.40 18.48 284.89 7 14 1
254 94.98 81.05 24.80 472.87 22 34 1
255 39.13 61.40 46.96 419.18 4 36 1
256 83.80 77.27 45.59 310.59 19 28 1
257 9.62 23.88 29.99 487.40 20 48 1
258 48.76 87.73 10.81 342.78 8 25 1
259 9.19 78.30 6.18 83.91 15 22 1
260 67.58 4.68 22.39 351.33 11 32 1
261 75.01 51.60 35.67 152.30 16 42 1
262 54.74 83.61 5.32 109.12 5 38 1
263 60.84 78.19 26.34 285.29 8 12 1
264 21.21 0.44 47.66 318.91 13 17 1
265 60.22 30.31 9.93 292.64 24 47 1
266 71.49 3.41 22.79 398.12 20 32 1
267 47.11 8.70 34.02 168.35 23 26 1
268 57.01 48.62 13.82 217.86 17 42 1
269 99.85 88.53 37.76 252.07 17 39 1
270 30.51 30.42 6.41 497.52 5 45 1
271 96.64 39.76 32.74 349.57 5 46 1
272 20.16 67.65 38.01 306.78 1 14 1
273 65.62 85.01 3.15 497.52 17 44 1
274 69.05 69.85 46.64 357.77 17 42 1
275 43.83 98.78 46.33 112.03 11 35 1
276 15.92 49.27 31.11 139.48 9 14 1
277 87.31 57.19 25.39 405.64 24 43 1
278 88.47 88.98 29.36 152.80 3 8 1
279 59.49 34.88 46.59 139.07 15 16 1
280 94.05 93.57 49.49 304.85 1 20 1
281 83.53 75.97 19.93 344.56 10 34 1
282 89.27 94.66 33.48 52.20 10 27 1
283 5.47 94.48 30.97 421.31 10 11 1
284 64.13 63.65 13.33 413.18 4 7 1
285 95.29 77.96 29.82 98.96 21 22 1
286 93.42 71.45 6.95 413.28 15 47 1
287 57.88 67.16 17.12 411.56 14 21 1
288 91.03 41.45 1.40 137.16 15 40 1
289 63.86 2.74 34.50 257.16 2 26 1
290 96.32 32.30 32.97 470.68 7 44 1
291 33.95 61.39 43.56 464.01 4 16 1
292 88.84 2.31 26.60 205.44 9 46 1
293 62.97 46.27 8.38 246.97 20 28 1
294 35.95 13.93 2.96 161.32 5 33 1
295 39.89 9.26 18.54 140.04 16 47 1
296 32.75 9.55 13.06 216.03 21 37 1
297 4.84 74.72 42.25 70.86 3 24 1
298 98.69 29.37 40.44 231.29 7 26 1
299 50.81 73.06 28.14 347.35 20 26 1
300 73.97 33.43 32.14 208.66 20 36 1
301 62.75 96.81 43.28 50.22 24 32 1
302 39.74 84.10 16.15 413.13 11 30 1
303 83.07 26.86 1.84 477.84 7 21 1
304 17.40 8.86 23.58 216.17 21 33 1
305 81.84 53.61 37.01 349.29 16 32 1
306 44.46 28.61 32.82 403.93 19 42 1
307 94.86 36.06 40.65 437.28 6 9 1
308 3.44 4.49 10.34 129.04 0 34 1
309 7.28 79.93 7.65 177.60 15 30 1
310 95.87 51.88 4.27 212.34 7 26 1
311 33.71 50.85 19.32 189.95 14 39 1
312 56.38 5.87 19.27 283.94 18 33 1
313 42.43 31.15 14.80 80.17 5 7 1
314 22.85 68.30 6.59 299.38 10 28 1
315 66.42 8.80 41.83 490.08 2 5 1
316 47.50 30.29 26.17 203.90 17 29 1
317 21.58 82.17 15.53 230.34 0 31 1
318 45.59 39.20 23.11 266.20 22 38 1
319 72.74 13.21 12.60 299.71 8 34 1
320 2.63 20.32 0.82 163.00 2 41 1
321 24.06 78.40 11.54 179.84 24 42 1
322 69.67 0.64 36.47 136.70 10 43 1
323 91.99 64.67 13.34 256.19 3 47 1
324 33.51 80.18 45.66 118.70 15 18 1
325 98.91 35.93 26.80 256.26 3 7 1
326 39.56 91.27 23.78 184.76 6 40 1
327 22.42 59.85 36.41 376.42 16 25 1
328 0.27 19.51 19.32 85.78 22 34 1
329 18.47 36.13 43.16 83.29 15 33 1
330 53.67 14.55 49.82 486.28 4 43 1
331 29.44 66.07 7.57 426.47 3 12 1
332 63.98 16.41 12.75 267.48 3 18 1
333 26.17 6.87 5.24 123.44 12 14 1
334 10.73 51.94 44.10 479.79 10 28 1
335 82.64 96.30 26.08 419.06 4 24 1
336 59.01 27.64 39.57 416.21 11 43 1
337 45.90 21.70 20.12 69.53 4 33 1
338 7.05 26.11 10.93 467.29 21 28 1
339 96.95 16.34 44.86 115.89 3 27 1
340 25.00 26.88 18.76 486.50 4 46 1
341 61.74 50.49 4.75 401.59 0 28 1
342 88.51 8.40 31.60 438.24 24 34 1
343 99.72 13.76 15.16 118.80 11 38 1
344 1.50 68.38 12.33 245.59 21 23 1
345 40.66 64.87 0.61 256.16 7 22 1
346 8.95 64.09 28.55 443.91 19 19 1
347 62.59 8.47 38.61 349.20 18 23 1
348 28.72 15.04 21.70 475.83 18 39 1
349 92.87 75.74 44.31 359.17 23 23 1
350 51.01 66.85 37.05 470.63 1 6 1
351 74.48 56.50 8.64 386.14 12 36 1
352 86.65 81.58 15.76 428.37 8 38 1
353 87.16 41.88 26.38 336.82 17 24 1
354 58.24 84.20 34.50 418.74 5 18 1
355 99.55 7.79 2.87 223.63 15 40 1
356 33.86 96.38 46.32 108.99 13 30 1
357 46.15 90.34 15.33 85.70 16 38 1
358 54.43 6.44 12.63 293.98 3 27 1
359 69.03 18.06 3.08 298.46 10 32 1
360 51.05 44.27 11.71 218.57 10 40 1
361 22.30 88.60 11.99 381.47 12 46 1
362 54.38 58.09 37.03 265.86 3 45 1
363 3.03 97.89 10.37 116.06 2 45 1
364 19.31 77.13 38.19 112.16 10 13 1
365 30.23 72.04 5.63 434.33 18 36 1
366 46.88 80.90 34.13 266.57 7 10 1
367 3.93 67.81 18.10 172.67 22 43 1
368 31.26 26.88 22.25 356.57 12 48 1
369 30.08 3.37 17.71 470.79 13 19 1
370 84.32 8.63 17.81 381.36 4 20 1
371 84.97 4.92 23.07 145.67 1 7 1
372 42.94 24.63 28.52 187.63 2 8 1
373 72.53 45.85 33.72 326.55 19 24 1
374 95.45 5.12 16.21 380.54 7 20 1
375 71.51 9.61 33.95 478.77 11 15 1
376 40.90 7.35 25.97 482.66 16 17 1
377 76.24 12.80 4.27 462.49 13 17 1
378 77.23 99.30 28.49 166.56 16 44 1
379 59.05 94.17 20.17 386.44 5 11 1
380 85.29 49.10 3.06 489.28 21 46 1
381 24.07 41.90 32.64 295.51 22 25 1
382 34.74 86.70 24.19 384.86 7 42 1
383 19.64 1.41 30.04 315.63 5 23 1
384 5.91 67.28 17.85 265.58 18 43 1
385 84.80 65.50 23.09 487.02 0 1 1
386 72.69 65.98 3.64 147.93 15 17 1
387 90.76 70.54 40.83 323.31 12 18 1
388 36.54 9.06 39.94 277.64 2 44 1
389 89.19 5.89 43.17 188.75 23 38 1
390 88.88 80.87 45.80 249.67 5 20 1
391 3.09 17.41 43.83 228.71 8 30 1
392 33.60 78.08 39.22 91.96 6 14 1
393 45.06 79.95 12.04 107.23 2 43 1
394 76.80 23.33 19.07 290.86 6 16 1
395 18.18 64.59 0.84 259.46 9 42 1
396 51.44 49.13 49.00 341.78 2 28 1
397 70.75 99.77 41.51 318.51 3 47 1
398 61.25 70.69 33.24 59.54 12 40 1
399 5.67 21.24 3.67 474.62 13 41 1
400 75.16 37.21 8.66 467.83 14 16 1
1 169.67 4202.09 1
2 148.28 3969.38 1
1 1.46 39.23 2
2 1.84 49.31 2
3 1.97 48.29 1
4 1.63 47.15 2
5 1.66 36.57 2
6 1.30 31.48 2
7 1.96 39.40 2
