Data for Vehicle routing problem with drones - Author: Huyen Do Thi Ngoc
Number of depots: 2
Number of cities: 500
Number of trucks: 7
Number of drones: 14
Area: 100 100 50
Customer maximum demand: 500
Max capacity of truck: 200
Max energy of truck: 5000
Max capacity of drone: 2
Max energy of drone: 50
1 56.62 31.85 32.69
2 9.65 67.32 42.19
1 60.76 74.58 27.76 375.31 11 40 2
2 46.81 20.36 23.02 311.76 23 28 2
3 16.39 61.41 32.38 161.89 8 26 2
4 21.85 6.92 17.84 431.69 23 25 1
5 96.56 89.47 33.90 326.13 3 44 2
6 61.15 75.16 38.07 396.47 22 44 2
7 5.22 91.91 28.55 65.90 20 37 1
8 21.46 97.94 4.13 324.05 1 5 1
9 66.91 73.53 8.01 133.44 2 11 1
10 4.34 28.85 40.83 424.83 4 19 2
11 63.09 46.67 20.96 438.80 1 16 2
12 6.87 10.62 5.03 427.28 0 40 2
13 26.60 11.33 12.78 251.74 5 46 2
14 18.26 19.34 22.23 181.84 8 23 2
15 15.44 75.86 33.73 427.13 17 19 1
16 89.80 35.68 12.12 167.30 11 31 1
17 49.69 96.14 26.74 458.70 7 44 2
18 72.62 81.99 23.91 312.14 14 27 2
19 29.88 97.67 34.50 299.51 23 36 1
20 55.72 93.03 2.61 99.35 14 31 2
21 98.61 6.83 9.94 496.64 23 40 2
22 88.00 77.50 18.16 305.44 13 23 1
23 16.16 63.40 21.89 320.99 3 13 2
24 15.58 92.43 2.46 444.94 16 24 1
25 80.92 0.54 4.08 378.97 22 27 2
26 65.03 70.75 9.67 354.65 13 31 1
27 89.37 30.06 24.20 289.06 24 44 1
28 40.79 74.22 28.99 102.50 19 39 1
29 80.68 1.27 34.34 126.32 18 40 1
30 8.63 17.40 11.21 336.35 4 39 2
31 21.25 17.33 39.01 82.71 0 30 1
32 71.50 94.13 21.57 369.49 10 19 1
33 32.71 47.77 2.69 374.67 11 30 1
34 77.61 54.21 8.15 411.17 8 46 2
35 72.38 16.26 34.20 244.45 0 25 1
36 25.96 80.89 15.16 464.27 18 41 2
37 28.23 6.92 7.35 437.87 9 25 1
38 44.94 31.35 3.15 411.26 15 36 2
39 71.27 99.20 23.79 476.78 13 23 2
40 39.73 0.38 8.15 275.28 10 21 1
41 45.49 26.65 42.94 63.37 2 43 2
42 75.27 73.98 46.05 348.72 3 18 2
43 69.90 13.87 24.28 166.27 5 34 1
44 97.31 7.98 43.95 184.59 9 23 1
45 99.15 74.88 40.20 61.03 23 33 2
46 0.78 47.57 22.03 444.93 19 38 2
47 79.73 82.28 46.38 261.89 24 44 1
48 44.85 81.26 16.23 432.89 20 26 2
49 81.86 38.38 9.01 373.34 8 47 2
50 96.43 44.48 15.97 141.02 12 36 1
51 8.19 23.46 48.24 162.32 2 26 1
52 2.94 46.74 45.97 479.34 16 27 2
53 90.25 44.00 0.70 203.86 4 20 2
54 22.95 42.26 17.90 397.85 4 45 1
55 26.74 73.53 12.41 128.39 12 47 2
56 17.76 25.24 43.75 53.97 13 46 1
57 62.54 33.74 41.05 378.05 0 27 2
58 22.11 52.66 4.06 327.23 4 42 2
59 69.82 87.36 39.00 273.06 17 37 1
60 31.74 14.76 32.38 213.45 7 19 2
61 13.43 41.26 8.19 75.98 15 24 1
62 86.89 68.05 7.29 374.28 14 15 1
63 38.79 78.68 19.11 305.58 10 43 1
64 16.80 78.30 39.74 103.20 2 19 2
65 72.88 9.49 14.90 403.89 24 37 1
66 56.47 13.11 34.22 390.63 18 22 1
67 36.88 20.83 26.01 440.21 6 44 1
68 78.98 93.36 36.88 319.84 19 43 2
69 39.85 0.82 1.63 317.10 5 9 1
70 81.06 15.62 28.49 419.34 16 47 1
71 0.33 93.03 25.66 250.68 8 27 1
72 49.37 21.26 40.34 332.83 1 31 1
73 42.78 66.43 44.93 122.46 10 32 1
74 35.78 56.84 39.22 59.96 7 12 2
75 86.21 97.60 12.39 287.07 20 45 2
76 96.70 76.75 49.89 376.14 16 40 1
77 80.63 97.21 13.14 90.90 10 46 1
78 58.07 39.20 35.71 405.98 19 29 2
79 0.88 71.43 16.63 147.44 20 32 1
80 14.75 17.86 40.64 315.62 2 20 1
81 50.06 83.35 20.72 309.39 24 38 2
82 85.87 9.94 46.32 366.56 4 18 1
83 89.44 68.96 21.10 257.74 17 33 2
84 74.16 22.31 2.62 103.56 17 42 1
85 75.31 70.53 14.87 321.30 24 44 2
86 63.34 77.59 16.72 82.08 6 38 2
87 75.48 61.20 39.19 419.21 11 33 2
88 42.34 1.72 48.61 93.60 11 46 2
89 83.09 74.75 18.07 264.90 8 9 1
90 29.05 19.31 46.22 84.26 6 24 1
91 67.30 18.76 30.13 476.28 21 30 2
92 46.05 74.43 38.12 187.72 19 48 2
93 91.93 70.65 49.18 454.99 2 45 2
94 8.17 13.62 12.49 369.84 17 46 2
95 18.83 47.75 28.76 322.29 3 17 2
96 45.08 56.68 28.13 75.26 7 30 1
97 23.67 91.35 7.65 200.85 24 24 2
98 89.46 8.14 16.80 428.42 23 39 1
99 61.94 68.54 16.24 278.69 17 23 2
100 97.56 72.11 38.76 292.75 4 31 1
101 94.35 18.04 8.07 333.16 3 29 2
102 95.10 13.17 49.92 115.25 7 26 1
103 86.55 41.03 35.26 479.61 10 13 2
104 29.92 70.43 25.11 206.08 20 42 2
105 54.34 85.32 42.03 419.84 21 37 2
106 20.51 73.34 30.55 311.12 10 12 1
107 7.16 42.45 11.14 396.77 24 41 2
108 3.12 81.16 30.34 136.15 17 45 1
109 47.45 62.43 39.59 307.69 18 31 2
110 37.39 88.89 41.32 83.29 3 19 1
111 67.44 22.92 2.37 458.13 15 36 1
112 59.20 73.56 9.70 107.66 3 41 2
113 46.50 51.71 43.54 281.08 14 38 1
114 29.89 69.00 29.21 453.57 9 40 1
115 42.58 62.26 19.12 218.42 17 21 1
116 48.50 94.45 37.10 128.88 5 24 2
117 81.95 89.75 18.50 86.12 18 32 2
118 21.17 57.76 1.55 128.13 18 19 2
119 91.03 85.46 46.86 447.33 3 7 2
120 81.36 53.50 25.87 102.21 11 15 1
121 6.33 21.69 10.83 442.91 17 21 1
122 48.16 58.56 19.34 260.25 16 33 1
123 68.90 50.84 36.94 325.89 5 22 2
124 51.12 87.19 17.71 235.51 1 27 2
125 96.91 31.96 0.65 161.54 7 29 1
126 95.26 32.47 28.13 433.86 11 48 1
127 27.28 10.07 12.95 287.76 21 48 2
128 71.75 98.57 15.72 320.09 11 35 1
129 76.55 51.46 14.09 258.34 20 48 1
130 33.26 28.53 44.89 87.25 9 21 2
131 83.53 37.59 27.12 209.46 21 48 2
132 87.20 1.58 18.75 393.49 5 48 1
133 84.87 22.73 1.17 327.77 15 42 2
134 68.52 86.82 11.93 377.30 3 40 2
135 90.86 86.58 11.30 294.56 2 42 2
136 21.56 47.51 8.71 460.12 23 32 1
137 21.59 64.55 22.89 145.71 13 17 2
138 79.77 22.85 25.92 287.31 23 45 1
139 1.22 97.43 6.30 159.59 4 37 1
140 16.31 20.77 5.47 460.15 15 20 1
141 68.67 10.89 3.81 240.28 8 30 2
142 60.77 63.01 34.70 343.80 20 38 1
143 22.53 64.63 47.65 369.63 3 12 2
144 43.52 50.07 44.23 154.47 3 45 1
145 75.31 98.36 10.47 265.06 16 48 2
146 73.06 75.04 2.85 69.25 15 32 2
147 25.81 88.41 14.46 433.27 20 46 2
148 44.65 13.68 45.58 156.44 17 38 2
149 27.89 87.91 24.76 113.32 17 35 1
150 6.46 25.20 38.25 60.94 10 41 2
151 66.96 96.93 24.99 354.76 2 24 1
152 21.58 11.51 31.81 173.76 22 26 2
153 91.61 34.47 16.93 85.86 0 4 1
154 6.40 30.45 44.23 230.55 24 37 2
155 64.28 76.90 33.29 86.76 11 36 1
156 35.10 28.47 14.88 251.80 14 18 2
157 52.71 59.37 11.81 270.79 18 39 1
158 80.42 91.90 41.79 232.34 15 20 1
159 59.34 8.97 32.63 391.59 12 40 1
160 21.61 1.67 29.10 435.19 1 48 2
161 7.51 11.03 33.12 402.34 0 20 2
162 68.31 30.12 33.55 458.24 23 30 2
163 5.81 71.40 32.05 196.61 0 48 2
164 52.27 91.36 2.05 259.29 22 29 1
165 51.84 44.04 29.83 361.72 11 42 1
166 43.75 72.78 12.26 431.12 15 43 2
167 95.81 58.04 20.38 460.99 20 37 1
168 71.24 21.84 44.24 290.43 14 43 1
169 89.24 54.20 49.30 274.87 5 14 1
170 96.26 41.89 44.24 436.08 22 43 1
171 57.09 3.27 17.91 278.95 10 12 1
172 20.28 87.44 2.02 204.86 22 42 2
173 82.69 79.73 37.81 463.48 18 37 1
174 87.76 4.28 31.57 380.13 18 46 1
175 44.42 50.31 16.07 385.04 1 44 2
176 60.23 21.07 45.53 378.97 17 18 1
177 20.53 2.49 24.36 407.32 3 18 1
178 88.01 18.08 49.01 498.24 1 7 2
179 35.09 99.65 8.97 394.98 9 28 2
180 64.87 27.04 23.51 134.16 15 20 1
181 29.59 11.55 39.31 117.24 1 6 1
182 7.21 56.47 10.93 244.03 6 34 1
183 74.14 36.18 28.30 337.78 17 20 1
184 28.75 60.72 44.82 442.53 0 1 2
185 92.90 37.63 47.74 190.92 23 26 2
186 32.97 28.04 19.14 381.79 17 41 1
187 46.99 89.78 38.93 293.24 15 20 2
188 93.39 39.80 47.71 269.32 6 42 1
189 14.52 63.95 46.55 322.22 22 37 1
190 96.06 46.73 45.12 472.15 24 36 2
191 29.80 65.08 42.28 75.29 11 44 2
192 57.92 39.14 27.70 242.99 24 25 1
193 30.89 8.37 8.56 153.34 7 48 1
194 27.92 22.79 31.59 197.28 11 34 1
195 44.93 17.48 16.78 444.55 18 27 2
196 55.77 97.05 6.00 398.53 9 18 1
197 75.42 17.13 47.99 279.05 8 31 1
198 99.13 48.09 35.77 446.97 0 13 1
199 28.94 29.60 6.68 353.12 13 44 1
200 38.03 89.24 48.17 82.18 11 36 2
201 86.59 61.54 28.76 177.18 16 35 2
202 77.25 0.81 16.03 162.43 17 35 2
203 14.08 98.58 36.88 277.07 8 30 1
204 68.42 68.66 18.70 379.60 1 29 1
205 72.67 3.32 2.92 324.51 3 5 1
206 20.02 66.79 8.23 63.98 11 17 2
207 41.32 30.66 27.90 193.66 24 28 1
208 2.31 97.96 31.45 86.80 12 42 1
209 54.33 35.80 18.53 391.41 14 46 1
210 11.80 59.83 24.50 263.78 18 46 1
211 84.33 75.76 39.38 128.75 0 34 1
212 21.88 43.88 40.96 287.28 3 46 2
213 42.12 93.95 33.55 426.69 18 41 2
214 10.45 58.72 14.63 267.33 15 35 2
215 39.49 27.44 10.94 387.33 24 32 2
216 36.59 66.31 19.07 286.87 1 6 1
217 8.97 24.72 34.00 334.48 5 32 1
218 97.01 43.50 7.27 379.46 9 25 2
219 59.92 21.24 8.86 55.81 10 19 2
220 59.82 2.50 2.92 403.16 8 40 1
221 23.87 80.31 21.98 359.73 12 27 1
222 1.29 42.95 14.48 295.14 15 23 1
223 91.69 13.37 16.52 279.68 5 38 1
224 39.82 30.95 5.20 251.15 13 40 2
225 84.90 11.98 14.58 432.44 15 43 1
226 9.22 85.81 30.80 231.69 19 45 2
227 58.93 74.27 24.38 110.23 3 12 2
228 58.10 71.75 17.06 236.25 15 25 2
229 58.00 21.43 46.22 387.28 12 27 1
230 86.58 71.98 28.46 256.39 19 40 2
231 63.59 88.75 36.21 150.10 18 45 1
232 10.38 2.31 9.56 471.53 20 33 1
233 37.62 77.19 16.37 201.41 18 45 1
234 57.58 51.85 38.28 117.19 24 42 2
235 91.87 1.68 0.01 279.42 22 32 1
236 17.42 47.48 18.34 406.48 1 17 2
237 98.80 98.37 26.82 302.89 10 37 1
238 84.09 75.69 12.04 117.93 23 34 1
239 51.34 47.81 41.98 344.33 16 36 1
240 10.56 95.62 4.06 266.13 2 25 1
241 62.71 30.65 46.65 469.21 20 36 1
242 94.43 8.44 5.35 443.07 16 23 2
243 66.72 89.39 18.37 238.73 5 46 2
244 9.80 3.27 3.47 251.11 2 12 1
245 25.86 56.92 49.63 439.79 4 33 2
246 22.49 11.16 14.31 349.30 4 27 1
247 41.75 92.61 6.86 387.91 15 47 1
248 55.86 30.86 42.79 355.04 19 33 1
249 9.45 84.24 21.23 272.93 0 12 1
250 69.24 96.61 29.70 361.80 16 18 2
251 93.61 34.02 17.10 381.53 7 26 2
252 81.08 87.42 47.75 89.90 6 48 2
253 92.31 31.40 44.44 101.27 10 41 1
254 21.23 66.39 10.41 51.99 20 25 2
255 50.62 24.53 46.73 247.27 24 32 1
256 48.66 32.21 34.80 385.67 18 47 1
257 62.62 25.32 8.16 320.37 11 36 1
258 88.18 35.02 29.59 283.28 16 22 1
259 68.66 90.36 41.64 291.85 21 44 1
260 59.18 35.17 19.71 171.14 23 45 1
261 86.77 97.40 27.28 295.89 20 21 2
262 35.10 86.23 36.58 335.59 4 26 2
263 26.92 24.53 36.47 150.66 0 2 1
264 54.27 95.07 18.92 390.06 3 17 1
265 64.94 79.76 27.25 127.57 23 39 1
266 41.00 48.52 21.18 152.74 2 5 2
267 84.65 14.35 33.23 94.63 6 6 1
268 55.81 6.86 43.31 447.50 24 48 2
269 24.60 11.85 21.09 390.89 4 28 2
270 56.78 40.50 29.48 187.35 23 38 2
271 56.45 12.68 9.90 419.18 22 44 1
272 42.00 11.79 41.79 162.71 11 23 1
273 57.09 56.62 12.00 348.71 13 17 2
274 51.96 28.12 25.34 278.53 22 28 2
275 46.35 38.12 5.41 129.37 2 38 1
276 72.88 24.95 43.20 407.94 12 12 1
277 61.31 35.51 48.61 118.08 3 42 1
278 57.07 34.30 18.99 92.31 4 14 2
279 48.33 39.02 15.66 440.73 13 29 2
280 40.63 17.59 46.55 310.42 24 42 1
281 39.15 19.79 49.08 328.42 20 43 1
282 84.23 46.38 43.05 358.78 20 32 1
283 42.73 51.01 13.20 99.81 15 45 2
284 96.66 62.46 22.86 391.94 20 43 2
285 90.58 88.17 11.16 340.25 0 4 2
286 52.04 30.99 29.99 81.94 8 32 1
287 71.82 7.85 23.77 353.89 18 48 1
288 67.81 46.45 22.55 197.72 18 26 2
289 23.45 58.06 49.69 409.44 5 8 1
290 52.58 55.87 8.72 266.35 8 32 1
291 56.42 40.23 12.22 206.17 7 42 2
292 72.83 89.94 43.42 352.61 21 32 1
293 91.73 12.46 31.11 257.50 9 21 2
294 82.31 7.34 39.36 95.19 1 10 2
295 95.10 55.98 18.42 155.84 13 43 2
296 58.04 22.81 47.37 475.77 13 48 2
297 99.31 12.23 27.69 97.30 11 46 2
298 79.88 30.73 28.47 278.38 0 29 2
299 21.96 83.73 23.84 270.68 24 29 2
300 73.20 61.23 33.52 324.44 19 23 1
301 33.99 88.67 48.02 442.34 20 40 1
302 18.31 49.11 31.17 417.95 18 19 1
303 65.44 81.81 0.72 160.80 5 43 2
304 60.90 78.80 6.76 93.98 0 17 1
305 85.05 5.57 20.27 229.25 24 24 1
306 34.35 26.03 6.06 225.16 20 45 2
307 66.95 35.00 35.18 484.45 8 45 1
308 36.50 65.72 36.81 336.24 2 18 2
309 49.29 9.09 11.14 397.99 12 36 1
310 30.62 81.36 34.72 334.38 23 47 1
311 62.91 28.15 37.13 285.63 2 24 1
312 28.10 52.84 8.64 373.17 13 28 2
313 38.66 5.66 1.98 248.25 18 41 2
314 19.93 53.83 12.76 297.43 15 31 1
315 5.00 40.75 12.43 264.39 3 24 1
316 71.08 42.56 36.81 443.05 16 37 2
317 70.19 20.78 15.34 320.66 24 40 2
318 77.94 96.60 48.87 395.94 9 25 2
319 37.72 36.67 4.50 201.17 18 18 1
320 48.85 52.34 30.85 472.12 10 45 1
321 50.32 59.99 9.14 485.10 0 7 2
322 6.52 70.66 11.38 294.46 2 22 2
323 57.65 75.77 48.46 70.32 6 26 1
324 44.46 77.33 16.57 185.47 16 19 2
325 38.75 39.17 31.90 261.66 17 43 2
326 16.56 83.82 20.15 409.43 5 17 1
327 59.14 65.79 19.94 471.25 23 26 2
328 33.76 36.74 20.73 435.50 21 39 2
329 46.03 65.37 31.82 130.07 2 41 1
330 53.64 31.36 31.78 142.67 0 39 1
331 76.70 63.21 19.05 480.14 24 46 1
332 83.55 32.53 47.76 335.98 22 29 1
333 16.34 95.67 17.22 166.41 5 38 2
334 10.50 63.74 28.79 218.08 5 38 2
335 93.35 50.05 4.25 84.54 3 36 2
336 12.58 69.02 24.69 258.57 6 17 2
337 60.56 2.43 35.64 134.18 21 47 1
338 28.64 17.06 19.16 324.93 7 33 1
339 60.46 42.63 8.75 161.97 20 20 2
340 96.26 62.81 40.09 250.76 6 43 2
341 27.16 4.43 40.49 95.94 2 4 2
342 16.73 92.59 43.63 202.73 22 44 2
343 62.54 0.62 20.76 99.88 15 21 1
344 77.73 12.79 6.04 224.66 11 31 1
345 34.18 87.20 20.44 457.11 2 32 2
346 35.55 23.24 49.98 453.76 21 25 1
347 50.42 13.13 19.63 465.53 10 13 2
348 73.26 75.41 13.90 160.60 9 15 1
349 35.44 51.49 37.06 125.30 0 35 2
350 33.42 33.64 25.11 437.51 12 21 1
351 41.86 26.04 32.38 385.78 17 21 2
352 9.10 62.82 26.39 347.39 6 10 2
353 73.22 94.71 3.68 464.07 22 35 2
354 76.31 67.41 38.73 128.48 22 30 1
355 62.22 56.94 38.48 450.36 3 23 2
356 44.17 37.05 12.03 128.86 22 47 1
357 9.54 55.45 38.23 237.45 15 26 1
358 47.31 58.37 15.21 333.13 11 39 1
359 13.75 55.33 13.08 485.08 24 44 1
360 90.46 73.11 7.53 255.01 20 42 2
361 50.24 87.30 14.11 177.20 4 20 1
362 33.71 56.59 9.74 210.83 13 30 2
363 8.61 8.34 18.52 255.37 15 28 1
364 95.15 46.28 34.29 98.16 22 47 2
365 99.88 30.20 38.46 191.42 16 42 1
366 71.93 19.88 12.55 85.57 21 35 1
367 62.07 12.05 10.56 368.95 15 30 1
368 21.54 34.04 29.80 229.03 11 19 2
369 67.35 29.48 28.26 378.11 21 35 1
370 3.72 92.50 31.42 52.91 7 22 1
371 93.45 56.03 2.54 150.90 11 21 2
372 57.88 21.68 9.11 257.79 10 14 1
373 76.63 46.16 12.22 327.73 6 9 2
374 22.69 90.00 39.40 125.58 11 17 2
375 63.12 60.01 33.79 56.84 20 36 1
376 71.86 89.35 5.75 179.80 18 33 2
377 15.78 77.46 33.85 246.09 4 28 2
378 30.22 58.46 0.18 471.26 22 31 2
379 67.32 81.34 5.91 231.63 0 25 1
380 51.84 10.00 32.31 222.04 23 28 2
381 32.72 69.51 22.51 264.11 22 33 1
382 87.35 63.65 28.08 347.72 4 17 2
383 19.41 86.01 13.05 162.22 0 13 1
384 65.44 33.10 10.53 380.32 6 6 1
385 9.01 69.76 48.32 493.13 7 43 2
386 56.46 58.77 45.20 150.66 7 14 2
387 79.84 71.11 48.84 430.14 8 11 1
388 53.47 83.29 2.76 88.14 20 46 2
389 75.74 17.73 44.91 454.56 20 37 2
390 75.92 26.03 26.38 239.98 24 34 1
391 74.71 83.56 0.02 352.85 1 14 2
392 98.50 33.87 19.64 66.70 14 31 1
393 96.11 65.60 41.49 337.53 1 32 1
394 94.04 73.21 4.17 157.71 16 33 1
395 80.76 77.95 19.57 403.69 4 32 2
396 9.57 36.67 44.36 83.53 16 18 1
397 47.41 9.63 5.36 82.38 14 26 2
398 60.61 4.17 46.67 466.77 18 44 2
399 38.92 1.08 41.79 191.07 15 48 2
400 79.77 30.37 31.49 252.02 6 43 1
401 98.65 70.56 16.94 82.15 7 26 1
402 98.80 33.14 4.25 365.08 12 31 2
403 26.15 47.90 10.54 235.20 12 32 1
404 98.74 3.09 7.98 141.60 7 37 2
405 95.55 54.50 33.77 336.77 8 44 2
406 79.09 37.96 30.71 276.00 16 40 2
407 3.66 33.01 21.87 94.61 10 19 2
408 78.91 49.81 2.86 492.96 5 19 1
409 57.66 91.77 13.70 348.92 13 19 2
410 44.92 43.68 14.00 250.17 14 40 1
411 13.60 35.82 18.87 433.13 24 48 1
412 14.62 85.51 14.09 396.12 1 10 2
413 28.53 55.11 49.38 177.82 22 41 1
414 95.78 20.82 1.65 206.90 4 11 1
415 5.42 37.86 12.51 303.65 22 23 1
416 89.30 80.30 21.22 327.20 16 46 1
417 65.71 44.15 35.96 494.21 7 9 1
418 40.36 12.61 20.92 365.64 15 48 1
419 41.08 47.36 10.97 342.78 13 40 1
420 59.75 95.83 24.86 375.00 14 26 2
421 17.98 14.46 18.21 437.97 10 14 1
422 55.54 43.20 30.91 67.87 21 45 1
423 70.36 58.48 36.23 229.99 9 13 1
424 71.77 29.75 18.69 311.95 16 28 1
425 50.22 68.78 46.32 386.43 19 24 2
426 45.06 17.12 49.46 383.78 7 45 2
427 61.71 2.86 42.04 73.89 5 37 1
428 52.18 76.37 8.33 158.14 8 13 2
429 65.02 38.78 46.21 65.74 7 14 2
430 52.55 51.47 22.81 111.14 23 23 1
431 0.53 29.83 27.24 453.28 10 39 1
432 68.68 9.23 5.55 354.46 5 46 1
433 88.27 90.27 9.83 182.93 1 16 1
434 22.35 40.41 16.16 160.68 8 15 1
435 62.06 42.26 13.83 156.56 1 30 1
436 86.50 52.28 3.82 73.23 17 25 2
437 38.79 69.64 45.92 346.88 0 20 2
438 31.17 38.86 2.45 191.83 13 18 2
439 21.39 72.04 37.16 332.15 15 32 1
440 98.46 58.63 14.26 402.84 23 48 2
441 27.30 51.45 2.75 437.53 8 46 1
442 57.48 18.68 48.00 484.40 15 22 1
443 20.33 88.57 30.66 435.15 4 28 1
444 16.42 19.00 25.76 478.52 15 37 2
445 77.67 23.15 44.64 263.02 5 35 1
446 11.83 92.62 31.41 487.59 23 46 1
447 96.51 44.10 18.93 185.09 4 13 1
448 70.73 46.85 4.28 472.94 7 25 1
449 41.44 84.85 44.88 183.73 24 35 1
450 2.70 48.42 27.66 312.81 6 22 1
451 69.83 57.36 43.71 123.32 5 29 2
452 43.24 33.70 29.43 112.00 12 13 2
453 12.53 18.00 2.00 211.81 20 42 2
454 92.76 97.41 46.51 184.16 8 44 2
455 85.60 8.28 17.39 228.22 10 40 1
456 36.24 71.15 0.16 52.48 13 17 2
457 11.43 51.31 5.24 301.87 3 30 2
458 65.91 21.40 33.52 356.54 17 46 2
459 50.73 23.99 20.49 281.28 24 40 1
460 65.33 84.08 0.13 378.69 19 29 2
461 21.52 23.52 6.78 249.36 12 44 1
462 56.68 33.56 2.75 318.96 11 25 2
463 5.54 64.68 30.36 394.30 6 10 1
464 10.99 49.93 33.16 151.55 15 48 1
465 69.71 2.26 32.73 157.82 22 30 2
466 37.66 35.51 26.99 168.73 9 43 2
467 77.95 18.05 31.85 295.62 2 25 1
468 67.37 42.25 43.24 189.89 6 21 2
469 29.84 20.61 28.99 93.35 24 24 2
470 52.40 7.94 29.29 238.52 10 18 2
471 33.19 44.68 24.60 263.08 17 33 2
472 38.15 98.22 41.11 77.48 18 47 1
473 90.84 37.36 9.59 423.65 21 31 2
474 86.25 66.47 32.95 237.37 8 19 2
475 50.13 78.66 13.86 76.49 24 36 2
476 80.99 42.84 7.76 248.66 19 45 2
477 43.85 32.97 24.20 191.76 3 42 1
478 96.76 97.10 19.58 280.59 21 35 2
479 8.02 90.91 22.25 468.86 21 40 2
480 46.49 56.27 12.14 358.00 3 47 1
481 26.91 71.44 6.90 141.37 13 32 2
482 32.18 54.96 44.85 381.93 20 39 2
483 55.21 84.27 39.34 67.72 21 36 2
484 20.70 16.15 20.46 122.55 20 34 1
485 74.68 67.22 46.94 127.26 7 31 1
486 51.39 87.59 44.95 337.25 23 27 1
487 74.62 85.25 1.92 256.91 2 19 2
488 68.53 91.82 4.27 409.38 12 22 1
489 61.75 62.56 35.41 382.53 19 30 2
490 50.01 30.29 3.99 115.50 5 6 2
491 73.25 85.24 14.86 408.80 9 40 2
492 39.87 33.07 26.33 490.10 11 23 1
493 29.95 73.72 7.47 390.88 6 43 2
494 22.70 41.52 25.70 319.40 16 28 1
495 93.61 31.79 41.70 57.30 12 19 1
496 55.89 60.62 22.67 144.62 16 28 1
497 86.84 26.64 1.58 98.35 6 42 1
498 97.41 31.72 6.48 283.12 7 34 2
499 13.43 42.97 11.26 233.03 15 29 1
500 75.47 9.01 33.89 156.21 7 35 1
1 125.80 4204.10 1
2 116.21 4731.35 2
3 174.81 4288.30 2
4 160.70 4573.24 2
5 186.37 3245.14 1
6 171.83 4538.10 2
7 114.91 3308.93 2
1 1.04 35.05 2
2 1.41 47.27 5
3 1.53 31.38 2
4 1.02 35.75 5
5 1.62 33.70 1
6 1.40 47.23 7
7 1.52 30.79 7
8 1.15 46.23 4
9 1.78 47.50 2
10 1.29 40.66 3
11 1.41 29.44 5
12 1.87 32.25 4
13 1.82 33.94 1
14 1.69 26.13 4
