Data for Vehicle routing problem with drones - Author: Huyen Do Thi Ngoc
Number of depots: 5
Number of cities: 500
Number of trucks: 7
Number of drones: 14
Area: 100 100 50
Customer maximum demand: 500
Max capacity of truck: 200
Max energy of truck: 5000
Max capacity of drone: 2
Max energy of drone: 50
1 63.36 64.90 24.76
2 32.36 18.81 39.34
3 76.60 65.25 47.50
4 37.48 88.75 5.08
5 36.71 90.38 4.95
1 84.02 46.13 12.96 257.37 7 22 3
2 18.44 32.52 16.98 355.65 6 43 3
3 42.77 59.65 24.83 461.55 15 46 1
4 50.92 91.09 49.72 203.84 8 38 1
5 32.78 74.76 11.59 84.18 11 13 1
6 56.12 63.80 4.93 379.32 8 20 3
7 91.08 2.72 29.97 316.26 1 17 5
8 80.62 17.35 3.88 430.99 2 20 4
9 93.22 42.89 15.62 339.51 22 38 3
10 25.51 83.48 46.39 81.83 20 27 1
11 99.19 9.58 35.23 241.26 4 31 2
12 64.68 66.59 23.40 134.49 12 24 4
13 41.26 39.50 36.57 61.86 3 33 3
14 6.31 80.44 46.64 416.38 2 11 4
15 83.36 53.63 44.44 479.41 15 48 1
16 24.70 10.83 49.27 429.98 22 48 1
17 6.54 56.82 41.72 289.48 14 44 1
18 51.72 63.55 1.32 337.90 9 9 3
19 66.16 18.90 41.81 173.25 9 16 4
20 87.06 82.25 11.00 264.97 24 27 1
21 21.16 5.39 34.37 383.94 13 19 5
22 65.41 1.00 29.63 197.94 16 45 1
23 25.04 34.45 14.89 358.45 6 40 3
24 55.19 0.09 17.14 228.08 1 36 2
25 97.11 62.12 48.55 51.18 4 19 5
26 74.40 62.79 0.69 133.63 12 28 1
27 10.93 33.79 46.60 253.01 11 29 3
28 40.96 27.23 15.91 434.57 0 4 2
29 58.79 96.44 1.94 152.51 17 19 1
30 63.96 71.79 8.94 320.18 3 17 1
31 37.71 67.06 29.99 233.83 21 26 5
32 73.20 36.18 8.09 357.26 16 41 1
33 91.66 93.68 44.11 222.02 0 4 1
34 79.61 8.15 38.49 63.64 12 25 2
35 97.59 44.17 20.61 376.12 21 46 3
36 67.01 46.09 40.96 280.93 15 28 1
37 18.52 51.50 29.02 283.85 23 44 3
38 16.95 37.54 38.68 56.11 6 34 2
39 7.20 43.05 20.78 53.64 14 19 4
40 63.84 81.80 7.22 414.43 17 25 3
41 79.20 2.71 34.17 415.99 8 40 1
42 91.81 28.99 0.10 415.84 18 32 5
43 72.54 70.54 47.51 131.23 12 48 4
44 91.06 33.85 46.20 308.84 4 19 4
45 10.18 70.65 13.08 337.90 4 6 3
46 90.71 7.18 3.57 136.82 23 39 2
47 59.24 95.50 17.50 140.90 18 41 2
48 53.01 74.78 10.75 174.35 12 22 5
49 56.34 19.25 48.00 74.13 2 41 4
50 78.03 31.39 45.00 393.76 20 35 4
51 72.95 17.07 7.14 242.79 16 21 4
52 21.01 22.96 18.05 463.81 12 32 4
53 31.68 93.24 47.09 213.74 16 16 2
54 22.44 46.81 46.46 466.60 7 7 2
55 24.08 27.17 11.13 253.06 5 21 5
56 26.36 69.84 23.45 155.40 22 44 2
57 25.30 45.18 27.62 291.18 16 19 3
58 58.80 7.10 12.45 212.29 17 42 2
59 31.73 19.60 43.46 300.23 0 13 5
60 81.33 7.66 23.37 266.35 3 8 5
61 66.58 13.01 38.32 69.82 10 36 2
62 62.21 70.82 26.58 110.26 1 42 5
63 90.71 59.17 19.31 156.66 0 18 3
64 15.64 70.55 23.31 72.43 9 21 2
65 4.25 17.90 24.29 256.90 8 30 2
66 86.31 54.78 41.73 136.92 15 27 4
67 97.80 60.61 18.64 422.86 9 14 4
68 69.82 24.27 31.59 460.55 10 44 5
69 48.54 47.25 21.84 269.92 13 46 2
70 49.82 75.23 38.87 87.66 0 47 3
71 95.75 44.39 17.35 412.59 0 21 3
72 44.17 94.94 38.08 234.46 15 19 1
73 93.54 42.96 17.10 445.65 17 34 4
74 52.77 84.46 7.86 405.91 0 5 2
75 59.17 72.22 45.94 270.85 22 29 3
76 58.12 74.81 8.63 387.88 2 4 5
77 39.50 20.20 32.60 113.59 2 2 3
78 84.78 71.82 37.05 225.48 18 19 4
79 37.00 95.46 15.49 280.19 18 20 4
80 26.77 64.86 40.45 246.23 9 17 3
81 87.15 1.92 9.44 473.12 10 20 2
82 56.68 39.80 29.35 387.93 22 46 2
83 51.70 58.97 45.03 499.56 6 31 3
84 78.94 89.33 20.76 361.42 20 32 3
85 52.42 34.07 27.05 431.24 11 16 5
86 11.64 88.78 17.45 254.89 6 42 4
87 75.45 86.65 49.18 150.85 11 22 4
88 36.09 95.91 6.52 400.59 12 31 5
89 35.28 43.29 33.29 186.12 8 30 5
90 63.98 4.21 0.59 264.98 16 30 5
91 22.84 4.93 39.47 206.16 9 38 4
92 42.19 13.31 22.53 77.27 5 16 1
93 75.98 77.40 14.36 367.94 11 36 4
94 9.78 74.50 17.45 224.19 10 22 1
95 95.86 76.01 39.18 354.01 4 18 4
96 96.80 96.83 17.09 203.69 15 18 5
97 94.38 27.72 9.57 313.88 2 4 5
98 64.08 20.61 21.62 420.44 9 21 3
99 91.04 40.17 40.85 377.75 0 24 5
100 3.17 95.76 24.07 257.75 9 20 1
101 46.85 59.78 43.97 98.02 4 21 4
102 34.99 59.63 36.62 341.32 2 24 2
103 66.05 4.19 48.70 184.51 18 42 1
104 20.92 69.47 36.01 58.95 4 11 4
105 35.03 11.02 38.87 463.28 23 39 5
106 85.22 22.54 2.07 137.80 8 14 2
107 86.92 57.70 10.59 312.50 3 28 2
108 40.76 11.52 15.95 191.28 19 35 5
109 65.54 76.14 31.54 303.46 21 36 5
110 11.49 50.02 42.96 490.62 10 46 5
111 64.75 67.16 22.78 89.01 2 48 4
112 91.83 36.91 29.73 462.61 23 36 1
113 64.52 52.22 8.91 278.82 17 38 1
114 73.33 26.43 12.22 483.79 7 13 4
115 94.06 31.48 17.47 170.47 6 40 1
116 92.97 39.21 27.71 348.08 14 28 2
117 88.10 22.77 49.88 176.21 4 4 1
118 1.71 57.16 14.93 348.80 12 26 2
119 35.42 46.05 14.42 230.39 13 43 2
120 59.55 63.56 16.44 74.06 0 48 3
121 4.34 85.71 30.89 448.67 3 28 3
122 52.72 13.16 31.26 325.85 22 34 3
123 5.85 4.65 30.91 474.20 9 43 3
124 71.25 5.84 7.95 432.21 15 38 5
125 95.18 88.03 26.53 294.54 13 31 5
126 26.04 50.15 47.56 330.38 23 31 4
127 29.90 86.50 11.71 199.83 10 35 3
128 30.13 8.54 1.17 498.75 8 30 5
129 33.84 70.89 20.92 211.74 20 27 5
130 40.89 19.76 42.69 457.55 9 47 4
131 17.61 4.05 9.78 250.52 17 44 2
132 1.91 34.38 41.50 496.54 10 13 4
133 87.18 23.57 9.85 205.30 5 15 4
134 25.12 53.79 27.57 361.46 13 47 4
135 7.85 22.04 45.51 82.01 5 6 1
136 50.20 14.93 14.28 341.32 15 19 5
137 37.42 85.54 25.63 139.02 13 20 5
138 31.58 6.40 1.70 204.78 18 36 2
139 11.91 41.80 7.42 185.54 11 31 3
140 78.18 67.17 5.00 473.85 21 25 4
141 95.53 75.33 3.21 373.14 23 39 5
142 56.06 67.18 39.79 415.07 5 33 5
143 92.40 5.70 36.02 116.17 2 19 3
144 39.19 58.62 47.58 143.12 3 31 3
145 33.52 26.40 20.62 101.24 17 21 5
146 27.10 90.17 31.44 211.97 7 43 3
147 17.85 81.43 6.81 123.67 18 32 4
148 99.66 24.06 16.45 405.75 14 19 3
149 98.64 68.33 26.02 154.56 24 32 3
150 31.76 49.17 48.71 375.45 9 31 3
151 5.88 24.97 9.38 258.40 24 44 3
152 97.72 28.95 9.37 190.35 15 31 5
153 12.43 9.67 12.25 128.55 22 44 5
154 28.39 49.74 22.68 492.91 7 21 5
155 26.55 42.37 5.14 289.93 5 39 5
156 15.52 97.44 16.55 203.99 3 14 2
157 99.05 74.55 43.95 381.86 16 17 3
158 37.66 84.68 20.70 58.73 15 17 1
159 60.14 89.61 27.94 417.63 19 42 4
160 71.69 59.73 25.59 428.01 17 27 2
161 64.07 15.56 42.06 291.35 2 40 1
162 87.19 8.52 41.54 318.11 16 26 4
163 85.15 16.93 5.24 496.44 10 30 3
164 95.77 34.55 45.58 111.07 6 44 2
165 38.84 48.43 46.65 312.44 6 13 3
166 34.13 78.12 7.14 368.69 18 46 4
167 77.07 80.38 9.05 430.27 9 48 5
168 79.09 71.84 47.88 166.28 23 26 4
169 32.49 76.42 43.26 229.76 6 34 2
170 8.94 43.40 25.60 270.29 3 21 5
171 39.79 76.20 19.53 451.59 7 44 5
172 95.44 54.99 44.17 271.84 22 40 3
173 19.10 13.37 36.11 141.08 21 48 5
174 19.69 9.63 3.61 444.00 2 15 3
175 64.94 38.95 26.48 360.77 24 46 1
176 1.90 41.79 47.63 275.38 7 15 5
177 40.73 22.23 13.76 391.37 8 27 3
178 74.04 5.53 10.54 424.92 18 27 5
179 42.45 87.77 20.34 236.94 12 38 2
180 54.48 45.09 32.44 459.58 19 24 2
181 95.37 82.22 33.77 300.18 20 20 4
182 11.97 30.60 18.27 61.19 19 26 2
183 25.89 92.35 14.12 181.45 2 44 3
184 46.29 27.12 39.51 175.69 6 15 1
185 98.19 3.99 21.39 110.33 5 35 5
186 44.38 88.07 38.73 409.23 14 26 1
187 90.52 82.50 0.73 498.10 15 46 4
188 46.20 56.71 8.68 152.43 20 48 1
189 71.81 16.26 12.10 374.28 11 41 1
190 75.74 69.39 32.88 131.14 20 42 5
191 18.26 49.53 34.75 233.17 0 40 4
192 67.37 3.42 1.78 335.28 0 22 2
193 63.67 42.36 17.68 250.26 6 46 3
194 61.09 35.38 11.07 358.49 7 33 1
195 76.00 16.82 22.31 257.81 14 22 4
196 45.53 61.07 18.02 407.29 15 27 1
197 45.95 48.33 13.18 363.88 23 41 3
198 92.91 89.82 18.51 54.86 10 24 2
199 98.27 72.07 45.60 421.99 19 47 5
200 66.04 9.93 35.87 353.58 10 42 4
201 32.60 13.00 41.14 425.52 4 26 3
202 74.96 74.81 8.42 121.49 5 47 4
203 14.06 41.75 1.42 218.01 19 19 1
204 21.63 6.94 20.15 269.66 9 24 2
205 92.49 71.67 31.73 414.70 2 24 3
206 27.47 50.24 25.20 168.61 23 44 5
207 27.96 91.98 43.46 461.40 14 46 4
208 74.92 62.09 28.33 186.80 20 41 5
209 14.97 97.56 22.80 167.65 2 11 1
210 38.64 20.27 40.94 445.25 0 8 1
211 23.16 70.67 3.27 280.78 10 25 4
212 43.80 69.24 27.07 169.62 11 35 3
213 44.01 46.21 42.81 373.54 12 12 2
214 54.33 80.11 39.22 326.13 2 34 3
215 38.95 83.57 29.00 488.45 16 36 4
216 12.30 67.15 22.31 432.97 8 34 2
217 39.31 49.23 31.56 448.19 5 31 1
218 66.09 69.34 29.32 162.42 23 45 4
219 67.33 24.33 24.60 90.21 0 45 2
220 86.96 11.06 29.02 74.71 4 7 2
221 28.75 33.99 21.76 327.75 21 42 1
222 98.84 6.84 15.68 337.98 5 27 1
223 62.55 26.66 40.66 444.67 6 19 1
224 52.98 48.94 24.37 384.02 5 48 3
225 69.63 10.05 16.64 159.96 3 21 4
226 67.95 11.80 14.19 271.93 13 44 5
227 33.25 89.41 47.89 340.07 13 45 2
228 12.98 65.33 9.03 227.23 19 41 1
229 2.70 11.26 37.71 478.76 11 16 2
230 43.96 47.34 0.61 82.54 1 12 3
231 71.74 54.90 43.67 270.01 21 45 5
232 2.26 68.04 31.09 418.02 15 22 5
233 63.70 44.06 17.04 491.26 6 19 4
234 39.48 48.25 29.57 451.54 23 34 1
235 43.12 10.27 19.81 301.48 2 16 4
236 41.08 34.32 48.70 432.90 19 40 4
237 53.81 84.75 23.28 229.81 10 11 2
238 58.13 45.11 18.21 269.31 5 23 1
239 48.34 59.35 48.31 446.63 3 35 4
240 70.37 4.07 29.99 228.71 2 24 5
241 62.09 52.64 24.89 411.35 17 22 2
242 25.68 21.29 32.05 448.05 0 5 2
243 40.42 58.48 16.45 442.38 11 25 4
244 0.45 22.85 35.53 428.95 4 15 5
245 80.79 99.05 8.40 121.60 12 45 3
246 42.47 59.92 31.99 157.99 24 31 3
247 58.25 15.15 10.32 198.67 0 12 2
248 38.56 19.34 13.10 65.28 17 32 3
249 24.22 70.19 41.46 336.20 20 34 3
250 67.05 71.39 39.43 384.30 24 42 4
251 20.62 28.44 2.30 134.47 22 24 4
252 30.33 53.34 31.68 322.42 12 30 3
253 85.33 80.37 10.67 296.88 20 40 4
254 28.81 23.49 22.00 284.92 15 37 4
255 5.15 69.58 13.13 122.80 9 16 1
256 16.74 55.97 41.61 363.39 20 47 4
257 67.64 88.04 11.41 388.46 18 21 3
258 70.88 66.76 30.07 82.38 6 10 2
259 1.91 75.69 15.75 126.08 4 30 2
260 0.11 13.82 1.08 432.64 14 15 5
261 24.55 52.99 24.04 57.04 3 17 5
262 35.30 84.29 9.76 139.87 12 33 3
263 73.30 74.90 48.92 190.76 21 45 4
264 39.64 91.88 5.49 496.99 11 30 3
265 49.23 12.62 26.02 261.41 24 36 2
266 49.46 78.90 48.87 316.29 9 44 2
267 74.02 82.02 1.34 228.35 19 39 3
268 93.31 93.51 23.66 298.70 7 21 2
269 9.55 83.37 46.50 350.45 21 23 3
270 32.77 90.42 14.16 119.40 11 28 1
271 68.07 69.02 42.76 69.30 21 47 3
272 29.45 28.35 5.63 415.89 14 23 2
273 40.63 55.38 8.50 440.34 11 39 1
274 49.98 35.98 41.24 413.77 13 42 2
275 55.22 90.28 10.25 299.31 14 34 5
276 49.77 3.53 6.84 108.05 18 32 2
277 63.51 5.99 11.23 386.78 12 31 4
278 91.04 61.04 17.66 329.85 13 45 3
279 72.67 9.98 19.29 256.15 15 17 2
280 10.13 57.71 33.47 166.86 9 14 3
281 94.03 19.94 38.68 105.41 3 24 4
282 53.67 32.02 9.49 255.18 17 44 5
283 63.64 70.07 41.66 124.90 14 16 1
284 58.29 77.75 19.57 117.35 8 23 3
285 93.03 98.54 13.01 217.51 16 36 1
286 28.11 2.83 16.70 171.83 2 43 3
287 14.55 81.08 22.70 324.36 2 27 2
288 76.77 98.78 11.74 210.95 14 30 4
289 43.58 31.97 26.09 489.67 23 45 3
290 51.22 37.16 16.13 281.04 17 31 1
291 55.84 52.69 18.44 256.21 5 5 5
292 13.87 12.59 38.85 325.44 24 29 1
293 59.83 93.66 34.84 478.96 18 29 4
294 64.88 54.84 9.74 53.18 3 48 5
295 28.06 38.24 12.87 351.45 9 23 4
296 55.88 44.85 41.51 166.42 11 24 2
297 96.84 90.93 25.47 327.91 8 41 2
298 14.16 13.02 1.60 456.34 14 27 4
299 85.20 79.52 32.20 313.31 23 46 5
300 14.66 49.98 25.03 160.22 13 20 3
301 26.54 50.94 42.91 158.86 5 8 3
302 96.89 12.78 19.48 430.62 5 29 5
303 80.26 16.17 22.88 495.08 3 42 3
304 99.35 3.09 32.25 359.28 11 27 4
305 48.06 90.21 14.21 457.02 1 38 1
306 29.10 70.34 20.26 491.19 19 21 4
307 35.54 14.11 26.68 116.85 23 46 5
308 73.33 86.94 28.43 499.49 3 32 5
309 27.22 89.66 46.53 457.36 9 15 1
310 76.72 4.56 17.96 270.58 7 32 5
311 91.85 78.87 17.22 211.20 7 20 1
312 1.47 53.43 12.65 122.34 17 47 2
313 14.85 58.16 8.29 82.30 23 46 2
314 73.39 53.85 42.70 391.19 2 42 5
315 13.50 61.28 20.76 473.75 12 22 1
316 28.70 83.63 42.71 359.00 16 37 3
317 91.52 57.49 27.63 314.04 1 20 2
318 72.28 91.93 10.34 475.55 13 14 2
319 4.57 5.66 34.25 433.12 19 26 1
320 8.01 67.46 47.08 466.60 18 40 3
321 10.94 4.67 8.21 421.29 8 36 3
322 38.76 48.12 41.03 398.11 10 24 3
323 38.11 84.23 0.39 477.37 16 27 3
324 17.46 0.64 27.73 89.10 23 38 1
325 82.09 83.61 18.86 205.69 16 40 4
326 26.30 19.62 47.51 361.03 1 6 5
327 91.96 85.23 32.27 191.60 9 47 1
328 50.91 51.96 12.07 178.97 14 36 5
329 15.29 42.86 47.41 454.08 14 37 4
330 8.65 7.71 12.87 89.76 4 12 5
331 38.85 3.80 11.59 199.27 17 42 4
332 42.93 92.75 4.53 99.71 1 24 5
333 51.00 81.81 25.92 157.68 18 43 4
334 25.60 99.65 18.94 387.54 8 18 2
335 51.71 39.57 0.57 58.47 8 40 2
336 84.35 79.46 6.07 331.07 16 16 3
337 39.98 78.31 11.01 160.28 16 31 5
338 64.87 32.29 18.31 355.51 6 40 2
339 12.29 71.57 25.57 134.75 14 34 2
340 3.92 30.69 32.13 457.38 4 21 3
341 13.03 66.64 18.52 407.40 17 17 5
342 65.72 63.27 9.26 445.76 2 47 4
343 16.80 43.76 42.04 429.91 0 44 2
344 50.78 5.00 10.01 223.91 8 11 2
345 88.63 72.17 42.69 114.21 11 41 4
346 65.52 97.18 42.21 162.84 1 7 1
347 48.69 13.62 27.34 106.47 14 20 2
348 62.15 50.71 27.23 99.25 9 13 5
349 40.24 64.68 44.53 240.50 23 39 1
350 64.19 31.07 32.72 364.44 8 11 2
351 52.61 75.73 9.06 378.10 5 12 1
352 25.94 2.59 37.69 75.67 12 47 5
353 76.68 95.97 23.45 482.91 11 45 2
354 64.36 33.65 41.30 470.10 16 44 3
355 63.57 10.59 32.78 408.16 4 18 1
356 49.78 17.27 22.73 190.68 7 33 4
357 65.13 39.10 10.26 133.13 5 28 4
358 95.69 59.45 29.52 79.70 9 44 3
359 23.95 33.04 27.25 50.02 14 42 4
360 8.72 89.96 26.98 345.81 19 29 3
361 64.85 3.58 5.08 145.81 8 33 2
362 75.96 63.35 34.17 391.38 19 22 2
363 88.73 16.39 28.85 398.89 6 34 5
364 5.05 80.08 45.41 67.94 0 22 5
365 22.39 63.71 35.45 345.29 6 14 4
366 23.77 47.44 31.83 257.87 4 42 1
367 53.27 25.98 9.06 201.76 13 39 1
368 96.12 67.91 24.71 386.84 24 31 3
369 70.78 8.63 19.57 59.93 22 24 1
370 95.64 69.45 15.49 74.51 22 42 1
371 7.86 4.40 34.09 372.19 23 44 1
372 86.72 60.63 19.76 141.62 17 28 3
373 33.09 18.62 10.31 394.33 2 34 2
374 16.22 33.38 40.50 293.15 0 27 3
375 10.09 14.84 11.36 171.54 20 47 4
376 89.61 86.43 21.64 159.09 1 12 3
377 75.03 98.82 8.65 481.60 18 42 3
378 69.32 28.40 19.38 403.25 15 15 1
379 86.52 97.99 8.66 479.64 8 36 4
380 1.54 32.54 8.27 170.65 23 44 4
381 93.46 27.13 42.51 191.13 13 13 3
382 91.51 90.17 11.78 456.52 14 32 5
383 90.36 3.77 39.29 90.19 13 42 3
384 95.65 10.19 31.20 419.48 11 28 4
385 5.36 66.96 1.48 399.74 18 25 2
386 36.49 97.38 26.51 339.20 10 31 3
387 64.17 35.26 44.36 481.73 9 34 4
388 62.73 2.57 26.35 467.12 22 31 1
389 85.11 55.87 7.33 61.21 24 41 4
390 73.99 14.19 20.37 353.43 7 40 3
391 9.13 28.31 36.98 375.25 6 32 5
392 86.14 23.55 34.79 57.56 12 47 3
393 37.02 73.55 15.26 215.69 1 14 2
394 14.36 54.62 4.56 205.90 19 25 2
395 83.19 35.91 12.92 418.61 6 14 2
396 16.53 22.55 16.80 121.70 5 11 4
397 92.29 47.13 47.51 128.25 0 21 4
398 18.74 94.32 26.39 408.79 13 47 2
399 79.40 39.98 10.83 460.48 18 39 5
400 45.68 62.10 28.07 409.36 0 4 5
401 89.05 93.59 18.91 391.33 14 24 5
402 85.97 38.53 10.22 228.53 18 18 3
403 43.76 59.02 46.28 289.13 9 45 2
404 5.60 42.75 45.79 282.99 8 24 1
405 42.53 94.09 28.89 403.82 13 48 5
406 25.39 85.98 26.48 65.85 21 36 5
407 21.52 92.15 14.51 211.83 8 24 3
408 84.47 23.50 30.94 145.71 11 11 5
409 51.66 89.35 41.56 50.21 21 47 5
410 27.34 37.31 17.80 248.82 8 33 5
411 66.72 20.79 37.32 319.66 20 35 4
412 72.71 26.41 33.19 482.68 23 44 3
413 86.33 62.16 34.17 77.85 3 48 3
414 4.21 85.08 34.04 214.52 8 26 4
415 41.59 91.87 18.09 358.89 2 6 4
416 3.21 76.27 13.64 330.08 22 47 3
417 85.71 38.95 14.40 216.36 4 6 4
418 24.10 64.25 23.45 282.66 10 40 3
419 61.17 82.72 22.56 341.39 11 28 1
420 46.16 7.65 12.84 308.32 4 22 3
421 70.09 41.02 36.52 117.38 18 24 5
422 87.59 12.51 1.36 78.10 20 29 3
423 60.21 26.98 13.72 50.86 17 41 5
424 80.45 59.42 22.55 454.94 5 10 5
425 26.01 26.97 8.45 60.76 15 37 2
426 61.92 39.25 31.60 93.74 11 37 1
427 58.82 94.85 0.85 434.15 13 18 3
428 84.70 22.69 19.07 350.32 6 28 4
429 65.28 51.19 31.91 185.02 5 36 2
430 70.24 16.67 0.16 122.41 7 19 2
431 96.90 54.82 48.59 125.04 4 37 5
432 53.41 37.88 42.67 203.13 21 30 2
433 70.86 99.08 15.97 134.24 13 41 1
434 94.52 73.52 39.85 281.97 5 39 4
435 22.41 27.97 23.80 170.52 9 24 2
436 59.42 84.24 29.79 349.75 5 45 2
437 53.63 14.47 43.75 202.85 9 13 5
438 89.15 27.01 17.56 307.40 17 48 5
439 26.20 15.38 32.87 133.24 11 18 5
440 82.27 38.94 6.31 176.79 5 21 5
441 10.81 36.91 35.38 178.13 0 17 5
442 41.28 59.52 4.08 213.35 17 38 1
443 65.12 66.03 31.84 238.46 9 35 2
444 49.31 4.06 48.24 407.21 21 33 2
445 5.14 9.48 34.68 264.10 9 11 3
446 40.84 60.99 40.32 227.70 14 46 1
447 4.67 95.48 33.07 314.49 10 21 5
448 7.79 89.98 29.52 188.87 18 48 5
449 92.73 27.48 45.37 229.59 20 46 5
450 81.25 23.34 1.30 207.95 10 45 3
451 19.74 20.71 21.05 361.34 10 22 5
452 67.93 0.32 29.15 123.70 12 32 5
453 95.13 61.36 10.19 90.06 23 43 4
454 8.73 35.88 38.65 480.93 12 41 2
455 78.89 49.39 7.34 377.82 14 28 1
456 72.02 81.58 13.12 313.40 4 30 5
457 96.15 19.33 32.12 102.16 11 39 3
458 80.43 7.79 9.32 206.78 5 16 2
459 56.83 43.10 31.78 182.59 9 13 1
460 48.19 3.86 33.20 321.40 18 23 3
461 82.71 9.87 7.56 388.06 20 26 5
462 34.50 77.24 14.49 265.47 19 22 3
463 37.82 32.77 18.81 200.86 24 27 3
464 79.18 73.79 4.87 299.99 15 41 4
465 79.99 18.16 28.99 377.35 10 33 1
466 51.39 5.43 17.15 169.98 5 17 5
467 83.34 89.10 25.39 55.10 17 18 3
468 95.09 57.46 40.45 236.26 17 31 2
469 25.75 36.71 18.64 492.74 24 26 4
470 69.76 90.57 38.25 231.70 19 30 3
471 23.60 12.36 16.83 372.67 3 24 3
472 6.53 41.35 40.41 207.97 23 28 3
473 53.77 19.51 21.69 319.40 6 6 2
474 52.68 43.50 2.58 117.69 20 36 2
475 42.25 54.65 43.16 211.38 24 26 2
476 79.57 45.10 4.92 226.93 5 36 3
477 7.62 74.53 28.78 51.53 22 46 2
478 48.07 93.01 43.58 391.31 2 27 5
479 50.08 54.95 1.42 472.39 19 44 2
480 0.88 67.65 32.66 367.35 16 19 1
481 23.83 8.52 46.01 62.02 6 31 5
482 17.24 52.09 9.68 117.82 16 35 3
483 7.18 74.37 20.13 111.68 6 46 2
484 45.83 87.87 11.00 454.96 8 23 1
485 75.60 27.50 19.37 60.00 12 14 3
486 95.02 13.67 35.80 390.08 13 37 5
487 63.02 92.99 16.65 158.56 17 32 4
488 48.52 53.20 23.04 146.93 5 15 4
489 71.92 0.29 38.58 141.53 10 39 1
490 11.56 82.98 7.16 403.39 0 21 5
491 76.55 17.18 12.14 258.95 6 31 5
492 48.83 24.06 29.81 59.75 17 18 3
493 17.70 40.20 29.99 132.04 3 23 5
494 62.90 13.12 42.35 64.64 20 36 4
495 10.10 90.87 11.11 255.64 13 41 4
496 38.16 36.59 27.13 303.58 20 45 1
497 61.86 12.86 12.47 83.78 3 6 2
498 7.09 60.28 44.90 437.48 4 7 2
499 50.66 28.17 16.45 125.97 12 25 4
500 66.10 69.83 49.68 268.78 1 26 5
1 199.77 4828.96 1
2 119.38 4405.58 2
3 102.85 4677.03 3
4 179.09 3217.99 4
5 127.95 4702.20 5
6 129.91 2908.96 5
7 102.25 4236.22 1
1 1.38 33.55 3
2 1.20 40.81 2
3 1.59 41.51 4
4 1.37 25.84 2
5 1.25 43.47 4
6 1.79 49.64 3
7 1.07 34.64 2
8 1.69 49.83 3
9 1.92 29.56 1
10 1.72 45.54 4
11 1.18 37.16 3
12 1.08 28.68 7
13 1.71 49.78 7
14 1.03 43.88 4
