Data for Vehicle routing problem with drones - Author: Huyen Do Thi Ngoc
Number of depots: 3
Number of cities: 500
Number of trucks: 5
Number of drones: 11
Area: 100 100 50
Customer maximum demand: 500
Max capacity of truck: 200
Max energy of truck: 5000
Max capacity of drone: 2
Max energy of drone: 50
1 20.33 1.09 13.25
2 25.03 29.54 39.52
3 22.08 92.19 28.06
1 27.87 0.48 21.72 472.37 16 37 2
2 54.23 13.34 2.46 286.11 10 29 2
3 4.45 69.11 33.49 443.27 3 11 3
4 26.41 28.80 24.16 372.53 20 40 1
5 51.34 83.12 30.45 470.88 12 32 1
6 94.05 8.49 25.75 298.48 10 23 2
7 8.88 81.33 25.28 166.02 6 10 3
8 34.62 42.48 43.28 144.34 19 48 2
9 14.91 40.77 44.59 482.53 2 11 3
10 44.53 79.91 10.94 480.23 1 39 1
11 84.20 33.98 35.57 234.65 8 18 1
12 8.56 61.85 0.57 240.94 18 32 2
13 95.81 1.51 30.09 292.73 24 37 1
14 1.59 31.21 42.62 194.12 1 36 1
15 65.08 90.74 34.92 378.22 20 22 1
16 71.42 42.21 31.77 160.75 10 48 2
17 4.13 92.71 41.71 492.92 18 43 2
18 24.90 70.69 7.81 272.60 15 38 1
19 36.32 24.76 24.31 398.38 4 8 3
20 25.11 49.14 37.26 456.20 19 21 2
21 97.21 1.76 41.64 84.71 19 35 2
22 12.81 80.00 21.46 333.98 14 20 1
23 22.51 6.02 16.62 499.20 10 30 2
24 8.15 74.09 9.34 389.32 19 35 1
25 36.12 7.73 12.07 305.63 14 31 1
26 5.71 90.80 39.93 473.49 18 20 1
27 28.53 94.18 0.12 183.99 0 4 1
28 65.80 46.35 13.84 285.95 15 42 2
29 49.85 77.88 43.98 290.82 0 9 1
30 63.47 85.15 9.42 428.85 2 16 2
31 28.01 93.14 13.73 386.26 10 44 3
32 31.52 58.66 32.20 50.53 24 41 2
33 15.56 98.76 3.60 316.20 7 13 1
34 94.29 72.38 5.03 327.50 21 42 2
35 48.88 18.97 19.85 157.92 0 44 3
36 50.95 72.74 16.41 333.70 8 16 2
37 87.40 2.31 2.90 398.20 16 40 2
38 51.33 38.09 10.90 61.25 23 47 2
39 80.35 94.18 41.77 369.04 23 38 1
40 62.45 29.51 47.61 493.70 0 10 2
41 30.37 55.83 33.60 304.67 23 28 3
42 56.45 84.98 29.48 87.59 16 48 2
43 50.60 85.20 16.82 204.79 22 30 2
44 76.80 24.64 39.85 84.56 7 33 1
45 56.18 3.33 5.49 80.03 12 38 1
46 8.77 60.29 39.61 126.87 23 41 3
47 4.38 81.48 26.32 144.41 24 34 1
48 79.62 87.86 31.78 434.33 1 13 3
49 11.54 17.65 2.37 259.74 5 9 3
50 30.99 30.15 1.86 137.99 11 22 1
51 93.51 70.42 32.40 448.85 1 6 2
52 1.99 47.09 28.41 237.51 16 44 3
53 77.83 83.45 2.01 177.87 20 28 2
54 7.56 6.05 1.74 493.45 22 24 3
55 59.61 74.70 2.02 278.28 17 36 1
56 20.57 97.54 44.92 387.35 18 27 2
57 35.03 57.10 39.23 55.14 0 29 2
58 86.66 97.93 10.39 277.85 22 34 1
59 78.71 57.93 22.47 78.65 19 33 2
60 8.17 8.08 47.47 206.20 20 40 3
61 90.64 26.13 37.59 102.10 22 27 2
62 23.81 18.02 24.08 194.11 8 9 2
63 30.70 30.22 25.83 178.63 11 16 1
64 83.57 13.17 48.99 465.80 2 24 1
65 78.41 50.88 16.34 349.57 21 28 2
66 89.91 47.19 45.27 394.23 13 34 3
67 86.40 98.57 47.41 193.42 20 37 1
68 65.68 34.00 46.74 208.04 6 22 2
69 16.64 67.96 42.71 195.75 1 43 1
70 74.44 76.22 43.00 150.97 24 28 2
71 90.06 97.30 6.88 349.78 23 29 1
72 51.61 8.59 1.24 294.32 14 29 3
73 99.54 14.96 46.67 377.03 13 28 3
74 99.64 22.00 46.50 382.68 10 27 3
75 79.91 55.88 44.06 217.56 19 30 3
76 25.43 18.69 43.11 92.91 1 8 2
77 72.34 28.50 16.57 153.38 7 12 3
78 30.92 75.56 4.06 459.96 9 21 1
79 68.11 0.79 40.34 85.41 23 46 2
80 65.00 61.92 31.36 121.18 18 45 2
81 96.26 68.16 45.71 95.85 10 28 2
82 34.46 37.49 26.78 312.68 4 36 1
83 57.62 38.88 5.91 215.00 16 48 1
84 81.05 97.76 32.43 488.14 19 45 3
85 6.54 28.57 0.44 407.87 11 20 2
86 26.11 93.46 9.56 182.45 8 25 2
87 22.45 60.93 2.50 97.34 4 12 2
88 85.30 93.76 47.41 342.68 15 17 3
89 46.87 0.81 46.00 140.07 11 19 1
90 23.91 30.65 11.36 208.35 1 27 2
91 62.98 14.78 22.05 219.86 5 14 1
92 54.01 26.51 39.13 439.88 2 45 1
93 38.89 69.03 7.77 326.89 13 34 3
94 95.08 75.06 48.23 348.10 22 43 3
95 17.74 12.33 34.57 366.59 6 19 1
96 61.53 3.36 41.72 165.79 13 26 2
97 67.05 82.56 49.66 120.92 22 32 3
98 0.54 70.22 20.19 252.53 8 32 2
99 3.06 83.21 2.08 180.84 2 31 1
100 86.56 23.55 7.22 342.77 0 48 2
101 89.88 62.78 35.36 488.00 8 41 2
102 64.93 21.07 38.19 247.92 24 33 2
103 44.25 53.04 1.71 133.93 23 37 1
104 74.31 19.05 20.28 445.55 6 6 3
105 50.18 82.62 32.25 318.61 24 32 3
106 36.98 37.56 2.21 166.60 21 25 2
107 85.15 83.90 0.57 314.94 15 40 3
108 81.75 35.58 10.42 331.02 21 42 1
109 61.84 69.02 39.64 120.94 16 48 2
110 68.98 23.10 12.39 321.63 20 42 1
111 76.98 91.71 3.05 220.42 1 36 3
112 47.00 76.95 40.00 334.49 22 26 3
113 45.58 67.11 0.74 416.63 16 21 2
114 52.12 73.22 7.92 346.34 10 27 3
115 29.87 32.89 45.01 238.31 6 15 1
116 4.23 21.64 22.35 239.38 6 31 1
117 94.78 70.58 11.90 164.06 12 29 1
118 46.59 92.30 34.85 476.69 0 39 2
119 70.05 7.66 4.92 455.40 1 3 2
120 96.86 25.68 27.89 442.04 12 28 1
121 44.94 26.34 15.19 453.96 10 35 1
122 26.03 64.29 5.67 378.40 10 15 3
123 1.75 59.71 17.21 95.73 14 19 1
124 57.18 57.12 39.86 141.59 6 24 3
125 8.10 59.43 35.42 147.12 17 31 2
126 40.62 56.52 47.83 423.84 2 18 2
127 96.53 58.51 8.31 346.00 6 13 2
128 49.89 76.95 27.15 201.12 19 35 2
129 0.55 67.70 20.27 426.80 0 48 1
130 34.05 26.77 31.85 387.06 24 30 2
131 52.26 59.60 14.01 491.47 16 26 1
132 19.09 53.44 11.19 485.86 5 6 1
133 39.44 82.54 40.03 115.28 23 26 3
134 64.32 41.46 33.50 159.26 10 28 3
135 79.62 8.43 45.56 325.73 5 33 3
136 58.72 12.40 47.02 56.17 24 39 3
137 64.76 11.42 48.08 217.91 14 19 1
138 65.58 65.61 36.47 402.68 24 26 1
139 1.56 1.57 17.17 162.48 1 29 2
140 41.90 50.11 28.11 423.71 8 27 1
141 72.99 90.59 7.38 499.56 5 28 2
142 78.60 10.84 40.39 81.51 20 34 1
143 42.23 56.01 32.87 133.15 22 26 3
144 77.30 83.39 26.33 233.91 20 38 1
145 58.03 35.65 46.06 82.51 13 26 1
146 49.43 85.24 31.43 212.95 22 31 2
147 2.68 29.72 16.13 216.96 9 36 3
148 28.16 11.04 23.04 302.81 14 29 1
149 41.04 69.18 40.51 140.45 5 45 3
150 94.53 19.28 42.81 267.68 8 29 2
151 13.94 49.32 3.57 236.94 16 29 3
152 19.94 33.36 18.74 367.98 23 31 2
153 13.11 23.71 15.50 267.67 5 24 2
154 55.73 28.26 6.09 164.04 10 33 1
155 31.69 2.39 27.12 191.09 2 16 1
156 57.23 6.97 12.70 450.68 4 45 1
157 3.91 27.63 1.48 285.03 9 44 3
158 3.42 73.07 41.72 70.69 8 39 1
159 66.92 5.48 22.42 76.70 22 25 3
160 37.59 92.10 35.37 346.25 13 44 2
161 23.32 64.88 18.87 108.65 2 21 3
162 95.54 93.32 21.05 226.05 14 16 3
163 33.94 48.59 45.28 311.09 0 41 3
164 79.79 97.80 1.36 401.62 1 39 1
165 95.24 83.78 38.11 219.19 4 39 2
166 70.03 5.15 18.00 227.29 8 41 3
167 84.50 73.67 45.57 305.71 17 35 3
168 92.89 37.19 45.63 356.06 18 29 1
169 50.29 26.99 35.54 70.65 13 30 2
170 36.19 50.25 29.86 283.18 21 43 1
171 94.02 52.43 18.52 229.55 9 9 3
172 74.10 19.90 31.20 496.34 1 30 2
173 82.96 78.29 15.07 134.48 3 28 3
174 82.46 37.59 39.63 471.94 19 36 2
175 95.95 4.50 13.02 278.34 16 19 3
176 72.09 90.89 5.51 99.49 23 35 3
177 18.16 30.98 17.32 57.12 3 16 2
178 50.15 36.49 26.07 425.13 10 16 2
179 36.21 28.43 42.66 176.85 1 29 2
180 76.55 55.17 41.88 448.94 18 39 2
181 36.02 22.01 37.76 112.50 2 22 1
182 51.02 47.29 49.09 177.05 6 16 3
183 67.67 67.35 25.72 74.15 24 47 3
184 34.47 96.15 13.96 156.55 23 46 1
185 13.05 11.06 32.15 257.60 4 28 2
186 2.31 40.23 34.16 142.22 17 31 3
187 8.77 8.67 14.11 181.44 3 28 3
188 58.08 69.85 43.07 80.70 22 47 1
189 1.47 39.51 21.24 318.26 14 45 1
190 12.79 88.63 48.11 271.13 6 21 2
191 79.76 98.14 11.83 476.45 3 19 2
192 83.15 92.68 47.39 200.30 18 30 1
193 92.41 91.96 34.56 419.37 22 33 2
194 59.78 15.79 33.74 336.74 13 21 3
195 83.91 70.71 19.98 140.09 12 24 2
196 72.11 67.73 0.41 487.01 12 25 3
197 86.47 84.83 10.10 362.24 10 10 2
198 34.70 84.54 48.39 349.77 5 41 2
199 51.85 29.64 4.68 470.58 2 40 1
200 12.28 18.05 14.68 391.34 13 19 3
201 38.98 54.83 30.05 271.54 22 38 2
202 1.60 88.16 26.56 63.76 0 12 1
203 2.51 14.98 40.91 129.70 24 24 3
204 72.55 75.38 35.37 97.25 3 20 2
205 31.05 77.90 16.03 52.99 12 45 2
206 54.44 86.06 2.68 157.72 4 48 1
207 24.09 7.79 14.16 398.12 5 31 3
208 50.64 21.07 21.62 374.03 21 31 1
209 74.41 21.37 6.33 421.61 9 39 1
210 5.88 11.83 6.42 260.86 5 29 2
211 27.04 9.47 22.41 66.40 24 35 3
212 30.67 11.02 49.18 466.61 12 19 1
213 4.59 63.89 42.53 86.48 17 40 3
214 9.65 69.82 41.58 212.57 7 26 3
215 9.14 69.01 10.83 139.65 3 29 1
216 94.83 58.49 22.15 336.67 11 33 1
217 37.05 51.41 44.27 412.70 10 39 2
218 89.76 58.35 38.75 385.10 4 9 2
219 48.77 84.94 28.76 328.44 7 15 1
220 77.89 22.74 22.45 334.32 8 14 3
221 30.03 73.56 8.76 247.66 18 26 3
222 8.84 84.83 25.49 426.76 16 45 2
223 86.60 8.02 18.16 358.83 5 43 2
224 70.26 47.50 18.90 368.68 20 48 2
225 21.85 21.08 18.35 423.18 23 24 2
226 44.42 95.78 35.85 471.62 5 9 2
227 53.21 72.07 32.71 436.73 2 3 2
228 38.63 63.94 36.13 435.85 21 35 1
229 34.64 96.80 13.99 92.26 19 36 3
230 29.46 7.20 47.33 118.38 1 26 2
231 79.30 30.67 2.41 85.39 12 25 1
232 13.05 9.89 28.75 281.61 14 38 1
233 32.98 60.73 32.25 128.73 10 29 1
234 16.48 58.56 8.57 333.67 10 25 3
235 88.84 66.79 28.37 218.29 16 18 2
236 27.14 95.05 8.45 356.60 1 42 2
237 78.63 87.61 8.83 195.27 4 25 1
238 38.26 60.77 30.73 149.00 16 33 3
239 67.37 54.51 30.26 406.75 22 46 2
240 36.84 58.69 39.13 483.08 17 46 2
241 55.27 53.94 23.00 479.65 17 31 1
242 50.07 34.31 38.94 274.64 11 23 1
243 32.47 72.07 28.37 331.55 22 44 3
244 62.14 41.49 43.18 315.85 2 33 3
245 73.21 52.59 8.57 458.66 4 42 2
246 74.06 85.31 7.52 255.23 9 27 2
247 71.60 9.01 16.55 377.55 13 37 2
248 24.90 65.07 35.74 445.64 8 24 3
249 14.20 93.79 3.04 158.00 18 47 3
250 85.95 90.17 47.11 128.99 19 41 1
251 6.42 44.43 48.04 235.51 3 14 1
252 27.07 47.04 32.65 142.34 17 30 1
253 55.88 76.24 27.95 196.54 24 37 1
254 39.86 39.36 6.94 319.75 9 41 1
255 92.92 79.11 33.33 361.58 6 28 3
256 83.77 33.59 46.90 419.80 12 23 1
257 97.90 56.45 40.68 140.09 3 34 2
258 35.56 49.48 8.06 436.76 12 41 1
259 62.26 96.82 27.41 351.89 17 45 3
260 15.58 31.75 14.05 67.88 18 35 3
261 87.02 96.31 46.25 89.03 13 21 1
262 18.86 67.82 49.10 125.31 23 29 1
263 14.16 69.59 28.45 355.57 9 20 2
264 44.55 13.03 19.49 88.50 17 46 3
265 56.57 85.48 37.86 429.64 4 4 3
266 15.97 6.38 14.53 375.69 19 33 2
267 54.24 42.22 19.10 116.02 1 17 2
268 42.22 61.49 47.23 212.59 4 9 2
269 20.47 80.25 32.82 342.77 15 16 2
270 3.39 7.39 35.39 300.58 3 11 2
271 55.42 38.89 1.59 98.55 16 41 2
272 24.62 93.96 33.26 395.58 10 16 2
273 77.85 81.73 21.92 120.91 6 6 2
274 33.12 69.88 2.22 414.20 5 44 2
275 90.26 88.60 16.53 251.82 14 16 3
276 18.75 72.80 0.35 467.82 6 31 3
277 12.66 53.48 9.33 375.52 24 29 2
278 69.03 35.01 35.42 479.39 6 12 1
279 12.01 41.30 21.87 150.37 23 24 3
280 26.08 16.37 5.86 103.75 7 37 1
281 49.06 99.23 14.49 458.32 4 34 3
282 85.01 93.22 41.55 316.12 11 40 2
283 29.44 65.15 16.45 492.61 4 36 1
284 33.41 11.45 30.49 298.76 5 36 2
285 87.64 74.32 47.48 439.12 0 42 1
286 78.37 12.70 23.53 97.70 13 33 3
287 48.04 73.29 14.66 296.06 24 36 2
288 65.01 18.09 13.24 214.46 18 29 1
289 90.51 86.75 4.22 310.81 2 33 3
290 54.93 22.22 12.24 460.18 10 12 2
291 66.96 86.91 7.42 107.51 17 30 2
292 81.63 99.97 32.44 256.34 5 20 2
293 73.00 33.82 19.67 139.39 6 27 3
294 33.20 89.54 45.23 53.73 12 18 1
295 22.75 95.02 3.41 176.28 8 26 1
296 2.09 13.61 43.68 285.73 22 30 3
297 44.18 32.55 49.98 169.29 2 9 1
298 50.10 42.57 19.19 410.34 15 40 3
299 49.85 9.36 21.44 213.22 24 44 1
300 35.87 16.62 29.59 55.76 19 39 2
301 95.22 22.55 3.02 400.98 10 17 2
302 68.40 26.58 10.32 96.34 3 28 1
303 20.68 13.61 27.68 316.17 18 44 1
304 69.64 55.26 2.03 98.21 5 33 2
305 99.46 18.73 10.60 250.13 11 46 3
306 94.04 43.14 5.01 262.13 8 27 3
307 21.78 26.06 27.49 59.83 19 38 2
308 70.75 30.20 2.43 403.77 15 22 3
309 93.82 66.93 14.54 451.07 7 15 1
310 97.41 83.08 7.13 102.35 9 10 1
311 28.94 16.57 15.89 167.06 17 33 1
312 99.40 93.45 7.82 70.86 4 31 2
313 43.51 26.91 22.52 396.52 9 15 3
314 7.99 80.26 6.08 206.62 2 37 1
315 95.55 34.92 30.38 59.99 0 6 2
316 94.84 6.65 28.14 283.03 23 46 2
317 11.60 87.44 23.95 412.06 23 24 1
318 62.68 74.40 32.52 85.56 1 47 2
319 99.81 15.90 11.31 424.91 15 46 1
320 93.33 84.18 0.23 364.49 4 13 1
321 0.39 59.94 36.07 183.44 13 36 1
322 1.53 60.15 0.05 345.46 22 29 2
323 34.77 98.32 37.60 59.71 22 26 1
324 66.87 72.15 38.71 479.99 8 33 2
325 52.51 72.21 41.37 241.22 15 27 1
326 45.55 87.62 41.31 110.31 10 40 2
327 35.28 37.75 46.64 194.18 22 47 2
328 42.10 97.42 8.32 241.44 23 26 1
329 48.69 34.77 39.54 194.16 22 39 2
330 30.62 95.40 10.96 259.56 7 31 3
331 20.35 64.28 11.41 105.45 4 46 3
332 7.60 40.94 40.40 117.42 16 30 1
333 4.62 99.26 19.02 240.44 23 39 1
334 94.52 55.00 22.73 193.28 19 21 3
335 83.17 79.72 8.05 167.08 6 31 1
336 9.93 30.80 48.61 132.90 0 18 3
337 87.88 17.51 25.44 86.08 2 45 1
338 32.55 99.02 26.13 416.58 21 24 3
339 80.43 60.02 43.06 455.95 17 19 3
340 1.33 80.02 37.69 147.90 7 46 3
341 40.50 39.92 37.97 353.77 6 32 2
342 42.68 38.38 45.19 397.61 4 48 2
343 16.30 62.22 35.36 102.91 7 24 1
344 57.65 37.96 12.35 180.61 7 34 3
345 33.17 66.20 12.37 128.39 22 43 3
346 82.87 10.93 11.45 276.29 17 45 1
347 43.21 43.18 21.21 398.64 5 46 2
348 92.51 15.66 45.26 468.26 10 28 2
349 69.50 25.96 49.87 92.15 19 23 1
350 39.57 34.92 47.43 72.12 23 48 3
351 21.96 25.71 2.44 260.08 17 47 1
352 36.00 22.21 8.41 101.36 16 26 2
353 60.52 44.88 33.40 375.89 5 21 2
354 30.31 1.06 11.50 297.24 3 25 1
355 1.15 61.34 45.12 254.93 21 47 2
356 56.82 32.56 10.36 123.09 10 37 2
357 31.23 94.36 48.20 452.66 0 40 3
358 75.75 24.24 6.80 148.03 18 31 2
359 96.36 52.94 32.18 164.06 10 38 3
360 91.73 27.87 12.40 448.15 17 21 1
361 92.40 11.54 31.24 187.31 19 19 2
362 13.95 99.03 33.18 349.65 15 27 3
363 55.65 73.34 29.14 266.09 9 27 2
364 19.02 28.59 41.58 284.50 19 34 3
365 64.87 82.59 33.98 191.31 19 21 1
366 19.89 88.89 15.72 114.67 6 44 2
367 83.67 24.68 19.99 385.83 10 48 3
368 1.22 97.33 29.22 331.97 8 32 3
369 78.20 44.44 26.39 325.08 19 30 2
370 0.59 53.17 23.23 381.00 6 20 1
371 98.01 23.81 17.43 302.98 11 24 1
372 62.07 74.07 47.32 436.17 9 9 1
373 3.17 94.74 33.38 295.19 7 33 2
374 53.78 4.14 34.07 461.15 20 28 1
375 60.78 33.02 1.98 322.87 6 35 2
376 94.55 67.11 39.49 238.66 7 32 3
377 24.76 27.37 6.32 284.65 18 29 3
378 66.49 30.33 48.66 220.16 3 35 2
379 65.31 43.61 10.32 272.50 19 27 2
380 40.25 16.82 26.83 211.59 4 33 1
381 32.44 96.36 1.98 323.15 17 43 2
382 62.10 85.61 0.97 239.99 1 36 3
383 47.52 18.21 49.14 151.19 20 45 2
384 92.02 29.26 5.01 381.31 9 21 3
385 53.38 26.84 10.21 412.88 1 17 2
386 19.71 38.93 0.02 202.14 22 35 1
387 29.68 44.76 44.00 475.38 20 32 2
388 23.83 34.72 27.41 457.07 4 7 2
389 87.72 34.86 46.62 185.12 6 20 2
390 22.00 64.47 8.88 409.05 15 17 3
391 27.36 15.53 13.90 71.17 9 30 2
392 48.50 85.45 5.31 394.28 17 42 1
393 12.60 79.52 10.34 103.66 15 26 2
394 0.92 47.88 49.75 357.12 21 42 3
395 27.02 60.01 39.23 376.86 8 11 1
396 97.59 9.36 15.25 222.12 2 19 2
397 72.43 83.89 35.77 272.85 14 24 2
398 54.77 4.89 28.65 334.49 21 45 2
399 10.04 69.34 17.56 57.62 8 40 1
400 84.90 84.48 9.04 353.56 12 39 2
401 70.06 84.59 40.27 472.83 21 38 1
402 23.55 91.32 25.73 67.54 16 20 2
403 86.91 82.66 28.68 363.28 5 43 3
404 90.47 35.67 18.06 72.15 24 35 1
405 83.80 6.87 44.99 401.65 4 19 2
406 90.37 10.89 18.39 202.29 5 31 1
407 49.88 19.88 6.17 159.79 1 39 3
408 19.52 3.75 18.59 372.53 4 6 2
409 88.28 75.14 48.59 444.39 16 21 1
410 36.97 6.66 20.68 497.29 8 30 2
411 50.42 45.74 24.87 369.64 20 31 2
412 22.71 45.18 13.70 108.79 20 25 3
413 64.73 36.95 36.02 414.80 4 9 1
414 76.65 36.59 47.16 295.58 6 39 1
415 25.92 95.98 36.67 96.92 8 16 2
416 86.84 91.59 4.43 282.35 5 47 3
417 20.88 41.79 38.54 146.55 23 24 3
418 87.70 14.72 24.64 265.26 5 26 3
419 16.43 51.14 30.24 451.29 9 24 1
420 65.75 66.64 19.42 210.04 15 32 2
421 34.49 42.70 46.50 218.85 14 24 2
422 94.72 79.85 1.53 206.28 20 28 3
423 74.41 53.41 23.50 392.90 24 26 3
424 27.97 62.82 0.20 276.47 1 25 1
425 21.58 84.51 2.85 141.09 6 15 2
426 75.33 86.54 25.94 379.33 20 22 2
427 37.03 91.23 39.09 238.35 0 26 3
428 32.55 75.15 11.39 333.28 12 19 3
429 40.77 50.56 16.15 102.05 19 30 3
430 6.45 5.12 18.25 249.50 3 29 2
431 42.19 5.06 47.93 482.02 19 45 2
432 19.97 83.38 21.20 73.43 15 29 3
433 82.65 23.83 34.94 416.42 13 42 3
434 66.69 17.38 26.32 229.32 23 26 2
435 91.13 46.13 23.80 492.50 11 36 1
436 98.90 56.89 29.26 304.50 16 25 1
437 47.42 12.22 2.90 335.97 18 39 3
438 67.90 36.59 49.71 327.47 16 48 2
439 39.58 19.50 2.27 328.83 16 17 3
440 93.53 68.80 35.29 489.33 18 39 1
441 36.27 53.76 3.32 496.22 14 40 1
442 79.78 96.87 8.58 148.73 3 32 3
443 45.52 72.75 12.41 232.01 12 35 1
444 54.68 98.76 32.87 372.82 9 33 2
445 32.29 73.77 42.45 487.35 4 37 1
446 32.94 35.61 29.41 395.74 20 29 1
447 55.85 32.15 24.46 332.11 8 46 3
448 5.43 30.16 15.88 180.84 22 22 3
449 14.54 17.01 42.22 225.04 7 33 1
450 10.37 40.17 34.62 330.19 5 18 2
451 75.90 53.21 8.20 147.83 23 26 3
452 22.92 77.22 28.07 256.76 0 37 2
453 83.52 81.16 11.02 344.83 4 18 2
454 47.80 79.83 37.69 253.54 11 16 2
455 72.91 43.28 28.31 365.57 7 31 2
456 65.13 86.73 25.80 56.80 17 47 2
457 47.20 74.75 28.82 183.71 6 43 2
458 63.90 40.91 42.85 222.79 10 44 1
459 79.86 43.11 10.87 200.18 12 44 1
460 38.58 82.52 13.61 231.01 10 40 3
461 39.73 0.77 46.98 213.44 12 27 2
462 98.01 6.09 16.12 491.67 15 33 3
463 80.59 60.66 23.10 315.54 18 36 3
464 5.53 0.32 35.03 278.86 6 44 1
465 11.89 49.12 1.74 499.01 7 40 1
466 24.41 51.49 46.82 223.48 15 37 1
467 1.34 2.21 8.09 394.89 2 17 1
468 19.10 76.70 6.83 294.48 16 22 3
469 72.36 71.63 35.17 166.06 19 41 1
470 98.44 9.49 46.30 338.29 8 17 2
471 50.51 4.70 26.50 84.75 19 29 3
472 28.20 1.07 12.07 466.06 9 28 3
473 54.44 4.52 17.41 193.14 24 47 2
474 84.06 70.29 43.46 479.65 1 34 2
475 53.85 86.41 35.68 380.89 23 38 1
476 96.35 11.16 29.81 164.43 8 9 2
477 36.04 31.30 34.22 259.37 17 38 1
478 94.09 67.09 0.59 183.51 4 22 2
479 91.81 27.03 43.15 461.12 0 40 3
480 45.54 58.73 27.77 251.34 3 23 1
481 42.92 79.64 15.98 488.32 9 48 3
482 81.90 43.11 28.83 188.95 24 31 2
483 74.47 96.28 42.17 101.43 9 14 3
484 6.16 93.24 46.51 247.79 7 26 2
485 56.46 38.10 25.14 94.73 19 29 1
486 14.63 85.84 10.41 82.69 0 20 2
487 65.52 49.34 14.69 309.36 12 15 1
488 88.36 57.17 29.75 167.04 24 31 2
489 73.96 45.84 12.52 214.95 11 28 2
490 52.77 71.48 33.72 184.65 22 44 3
491 91.81 53.80 15.62 262.46 3 33 3
492 5.19 12.37 25.21 368.26 17 37 3
493 14.52 46.44 40.86 396.87 22 47 2
494 88.33 11.34 9.79 362.85 11 18 2
495 11.31 3.90 17.14 205.68 2 24 3
496 44.10 75.09 14.70 472.01 19 35 2
497 37.17 24.66 18.23 269.06 14 28 2
498 17.78 81.83 27.80 97.71 22 37 2
499 43.74 3.14 11.11 354.40 0 46 1
500 29.48 4.38 40.59 392.83 16 46 1
1 176.96 3295.46 1
2 133.15 2799.65 2
3 176.81 4584.82 3
4 171.31 3203.00 1
5 178.86 3605.37 1
1 1.71 48.18 1
2 1.22 48.76 4
3 1.77 45.54 5
4 1.39 28.65 3
5 1.27 29.45 5
6 1.93 47.00 3
7 1.79 27.88 4
8 1.99 45.24 2
9 1.71 27.90 1
10 1.42 46.09 2
11 1.32 43.55 5
