Data for Vehicle routing problem with drones - Author: Huyen Do Thi Ngoc
Number of depots: 2
Number of cities: 100
Number of trucks: 2
Number of drones: 6
Area: 100 100 50
Customer maximum demand: 500
Max capacity of truck: 200
Max energy of truck: 5000
Max capacity of drone: 2
Max energy of drone: 50
1 19.46 47.74 41.30
2 62.62 95.79 28.70
1 40.06 87.21 26.51 142.17 17 44 2
2 93.78 49.28 3.80 306.47 16 48 1
3 73.44 20.38 6.75 144.56 23 38 1
4 9.25 36.25 5.73 391.71 5 39 1
5 16.10 62.15 3.40 376.58 12 36 2
6 78.43 95.20 19.48 406.35 19 47 1
7 2.38 3.02 13.38 413.36 8 28 2
8 81.19 39.45 38.95 257.34 3 36 1
9 15.72 19.01 3.44 131.27 4 10 1
10 98.77 56.64 34.59 92.00 5 11 1
11 87.54 99.70 35.71 361.08 20 40 1
12 45.59 48.77 41.62 436.02 7 27 1
13 70.04 97.45 45.60 272.89 4 37 2
14 0.39 77.32 2.12 209.31 5 39 2
15 44.02 29.77 44.01 302.83 5 7 2
16 49.64 13.80 12.69 425.62 17 38 1
17 30.00 6.47 23.91 375.54 12 18 1
18 61.01 33.14 26.27 480.65 22 41 2
19 60.89 22.73 32.96 343.75 4 10 2
20 3.39 31.05 12.16 390.83 24 30 1
21 57.15 0.56 33.62 477.07 2 15 2
22 42.66 49.34 9.69 147.31 18 46 1
23 96.46 79.34 11.46 433.20 22 47 2
24 85.59 24.39 40.51 93.49 19 39 2
25 81.18 97.23 16.56 63.54 1 13 2
26 81.22 46.11 36.59 101.77 7 19 2
27 42.40 48.11 49.37 379.80 24 45 1
28 11.81 88.26 30.42 132.25 3 10 1
29 5.98 8.96 38.04 160.90 10 30 1
30 30.12 7.41 11.15 270.30 6 21 1
31 94.57 0.68 22.15 497.04 13 27 2
32 29.87 52.95 5.09 99.15 22 34 1
33 74.76 41.94 1.16 468.54 16 20 2
34 0.67 91.01 2.25 86.33 9 32 1
35 85.91 92.97 41.99 137.67 12 40 2
36 26.64 95.26 46.07 382.12 8 10 1
37 7.97 95.31 41.29 278.82 17 22 2
38 13.96 77.72 11.79 170.86 23 30 2
39 9.73 13.57 48.45 129.42 2 27 2
40 85.82 5.70 8.50 419.34 23 23 2
41 91.09 23.64 25.76 448.88 3 30 2
42 42.58 75.61 3.83 233.65 0 21 1
43 95.05 79.48 38.44 203.99 4 6 1
44 73.95 75.55 16.38 189.61 21 35 1
45 1.66 93.31 20.56 304.12 0 28 2
46 37.51 91.62 14.89 395.75 24 43 2
47 61.18 74.15 35.11 254.91 8 21 2
48 66.67 23.72 41.93 419.91 2 48 2
49 76.05 82.92 24.82 207.23 4 32 1
50 10.30 65.52 40.62 172.97 18 25 2
51 73.77 8.44 3.38 394.26 15 28 1
52 99.86 40.26 46.79 209.44 2 17 1
53 62.30 40.15 43.07 448.47 16 33 2
54 71.76 83.98 24.46 189.02 17 25 1
55 36.50 36.32 3.27 386.58 3 30 2
56 3.67 78.61 12.45 150.15 17 26 1
57 82.26 79.89 45.72 57.29 18 20 1
58 22.23 24.81 14.70 291.89 22 31 2
59 12.11 70.00 5.51 422.84 2 40 2
60 76.71 19.55 20.06 474.33 9 24 1
61 21.01 22.40 4.50 178.92 6 26 2
62 59.38 13.37 2.00 494.78 6 41 2
63 77.61 88.57 17.92 454.58 19 33 1
64 86.59 3.86 47.76 458.91 21 30 2
65 74.53 87.27 32.87 418.85 21 34 2
66 62.83 25.16 6.64 220.42 17 38 1
67 39.91 38.37 36.10 381.65 16 37 1
68 58.19 25.36 2.85 121.33 20 39 1
69 84.67 67.41 34.89 270.28 15 35 1
70 1.72 87.07 47.18 331.45 11 15 2
71 98.96 78.32 49.20 247.04 18 27 2
72 3.99 10.07 29.22 456.48 1 36 2
73 50.10 4.01 15.59 259.36 14 23 1
74 77.03 12.38 6.68 393.76 6 6 1
75 85.13 74.26 25.76 214.92 22 37 1
76 56.62 97.61 34.64 226.83 3 7 1
77 83.41 15.48 9.11 164.41 4 38 2
78 28.29 1.79 34.90 131.57 6 25 1
79 84.88 58.34 28.16 329.83 4 11 1
80 56.19 91.30 27.02 462.63 0 6 2
81 22.93 73.08 36.63 70.04 20 24 1
82 43.17 44.00 24.46 102.75 18 37 1
83 30.05 98.40 6.91 254.78 4 46 2
84 8.84 9.29 3.69 147.92 16 42 1
85 95.88 87.56 16.56 427.03 15 36 2
86 3.95 25.94 26.86 471.43 21 39 2
87 16.60 86.47 27.36 198.50 2 21 1
88 13.42 38.96 15.13 231.72 20 30 2
89 53.40 71.32 40.16 138.26 23 33 1
90 70.56 58.79 30.22 343.70 5 18 1
91 93.78 49.11 15.98 320.83 10 13 1
92 80.45 0.41 21.26 442.19 7 8 2
93 5.81 69.51 10.36 55.38 8 21 2
94 3.63 32.43 40.93 221.23 20 41 1
95 2.85 15.56 48.88 126.85 2 6 2
96 80.24 65.79 39.69 93.24 16 28 1
97 74.12 78.25 20.80 466.50 6 6 2
98 61.34 30.48 14.31 122.49 20 37 1
99 97.14 58.36 9.58 62.39 10 18 2
100 83.22 0.03 16.35 468.32 22 43 2
1 105.24 4542.27 1
2 174.65 4929.59 2
1 1.86 30.00 1
2 1.72 29.43 2
3 1.43 39.69 2
4 1.99 33.73 1
5 1.16 37.53 1
6 1.11 45.01 1
