Data for Vehicle routing problem with drones - Author: Huyen Do Thi Ngoc
Number of depots: 5
Number of cities: 300
Number of trucks: 5
Number of drones: 8
Area: 100 100 50
Customer maximum demand: 500
Max capacity of truck: 200
Max energy of truck: 5000
Max capacity of drone: 2
Max energy of drone: 50
1 59.14 71.02 35.48
2 40.91 42.15 5.84
3 33.96 22.11 38.13
4 12.21 23.79 2.06
5 49.26 90.29 15.93
1 60.66 93.66 41.18 107.84 10 19 2
2 48.27 73.44 32.12 338.56 23 32 1
3 94.09 39.50 38.46 73.57 5 44 4
4 36.01 86.22 48.05 483.68 10 18 2
5 37.27 11.20 35.32 391.18 17 41 3
6 76.48 88.90 2.94 465.04 21 38 1
7 38.93 11.59 29.74 312.22 24 47 3
8 10.76 61.33 9.93 64.82 14 30 2
9 74.50 71.57 35.21 140.18 1 34 4
10 36.96 7.49 33.22 442.17 23 35 2
11 98.74 72.31 22.68 274.90 9 20 1
12 85.41 33.69 47.68 466.66 13 24 2
13 15.47 41.17 14.32 79.20 15 32 4
14 89.13 97.91 10.59 63.20 23 35 2
15 32.98 46.98 21.19 103.90 4 39 4
16 88.66 47.23 7.05 171.37 4 35 5
17 35.02 44.20 7.80 359.57 19 24 4
18 21.09 62.19 6.84 103.78 9 41 2
19 94.40 72.64 25.80 398.71 8 28 5
20 99.25 67.74 11.62 423.39 21 44 3
21 0.33 3.88 24.56 249.87 22 46 4
22 5.28 19.97 21.19 271.68 21 26 2
23 77.28 25.74 45.93 381.67 18 40 1
24 96.19 97.59 0.98 424.50 9 37 1
25 55.88 9.95 19.04 108.73 16 39 2
26 55.29 1.18 34.38 385.52 13 34 2
27 43.05 15.87 5.58 273.75 17 29 1
28 77.30 8.11 24.80 489.47 23 28 1
29 17.69 74.27 7.53 438.86 20 33 2
30 88.39 46.28 3.18 385.55 7 28 4
31 82.89 4.22 1.37 50.04 0 13 2
32 37.82 85.46 5.95 421.54 18 25 1
33 89.89 25.18 47.52 144.23 1 37 5
34 24.03 14.46 3.64 205.02 14 41 1
35 9.01 12.13 32.72 241.14 24 27 1
36 0.35 87.42 4.89 108.15 11 17 5
37 30.93 41.43 12.20 126.45 16 32 2
38 82.83 68.73 11.34 379.70 2 18 5
39 25.44 56.84 19.04 127.01 1 37 4
40 73.22 41.66 41.24 196.52 19 25 4
41 72.61 7.69 41.72 344.76 19 40 3
42 1.24 70.59 41.91 377.17 12 47 1
43 12.17 90.46 9.94 350.56 5 23 2
44 33.37 83.19 0.07 302.24 20 40 5
45 39.06 18.60 1.71 149.91 7 24 3
46 61.25 19.40 31.84 254.41 16 43 4
47 42.58 60.25 40.22 51.46 8 15 1
48 55.18 22.27 37.91 375.08 13 41 4
49 31.56 75.19 14.41 293.86 20 36 1
50 84.33 21.07 20.57 248.17 17 23 4
51 9.09 79.43 45.81 447.58 15 45 3
52 26.71 62.15 43.12 233.47 17 48 2
53 59.96 41.33 33.33 466.90 0 2 1
54 88.73 57.43 0.24 450.26 0 25 4
55 59.76 33.78 36.38 385.96 16 16 2
56 50.54 1.99 45.53 361.66 9 36 5
57 93.74 55.72 43.52 157.26 8 39 5
58 53.35 76.19 15.72 125.49 2 27 3
59 94.68 26.79 24.55 292.14 9 41 5
60 44.24 12.31 46.07 252.30 14 15 5
61 97.67 91.72 3.39 131.61 23 25 5
62 7.23 77.24 2.80 370.68 22 26 2
63 78.84 78.09 17.07 177.52 19 42 3
64 86.45 74.78 2.69 363.85 13 13 2
65 16.56 39.32 7.23 61.87 23 45 1
66 39.97 42.38 9.33 217.39 15 40 5
67 46.34 90.20 6.39 233.20 24 48 1
68 78.01 65.86 0.25 335.70 10 16 5
69 6.39 87.89 41.20 385.93 22 39 2
70 16.87 96.23 1.45 66.87 17 43 4
71 84.36 58.15 21.00 481.50 3 11 5
72 67.66 35.86 16.11 377.30 0 26 5
73 40.43 58.69 4.03 50.87 18 25 4
74 0.08 88.14 11.42 482.98 17 45 5
75 50.98 1.38 5.73 352.21 22 22 2
76 6.27 76.41 1.82 113.84 2 13 1
77 97.31 98.15 27.49 178.55 16 41 4
78 51.04 32.48 44.39 251.67 3 43 2
79 66.90 95.48 32.23 392.33 19 26 3
80 54.95 65.99 44.83 244.92 24 47 3
81 81.91 76.03 5.69 452.73 19 22 4
82 81.04 63.18 22.53 197.95 10 40 4
83 65.08 55.95 15.18 482.46 7 23 2
84 49.41 26.23 21.56 134.98 8 47 1
85 29.65 25.16 12.44 202.53 11 18 5
86 9.55 58.50 22.97 139.46 4 39 1
87 94.78 69.28 29.38 83.10 13 43 3
88 3.14 6.57 18.04 88.69 0 0 4
89 31.02 67.49 1.74 168.97 3 48 5
90 39.24 78.57 16.86 202.57 8 15 2
91 73.20 65.70 45.29 417.18 0 34 2
92 27.63 48.40 18.05 400.96 16 33 1
93 57.07 39.22 5.07 361.76 15 29 5
94 90.05 38.13 41.92 276.71 8 32 2
95 0.12 91.17 27.42 87.18 4 11 2
96 68.02 10.75 25.31 220.21 5 30 4
97 81.24 53.32 13.77 338.53 23 29 5
98 1.77 58.60 27.72 292.71 7 46 5
99 59.50 46.94 45.19 133.21 17 43 2
100 25.47 10.75 46.52 194.30 2 22 3
101 80.20 36.63 21.34 342.53 18 31 3
102 52.04 37.23 40.46 408.59 12 30 2
103 15.89 37.75 47.81 87.88 7 12 1
104 4.54 77.83 43.59 470.92 9 47 5
105 81.32 3.09 25.27 391.99 17 47 3
106 34.70 48.41 42.59 222.11 13 42 3
107 83.11 50.03 42.73 386.43 2 47 4
108 44.03 77.99 29.80 311.57 12 23 1
109 35.60 52.98 2.32 365.30 1 27 4
110 69.15 44.16 35.51 281.77 8 32 2
111 78.49 46.32 18.68 131.51 22 43 4
112 56.78 32.53 27.89 447.22 6 37 1
113 90.79 35.80 46.23 488.03 11 32 1
114 69.87 14.77 49.25 436.70 22 28 1
115 1.30 46.37 35.18 423.88 4 20 2
116 41.23 21.99 8.24 450.90 0 27 1
117 92.35 40.92 35.78 304.28 15 17 5
118 2.61 91.88 34.86 238.90 1 44 3
119 14.20 71.45 38.62 151.05 19 42 1
120 57.46 35.19 16.92 236.68 17 32 5
121 75.35 37.36 43.81 222.41 16 42 5
122 4.82 50.19 19.08 139.71 8 10 5
123 88.53 42.24 15.84 294.20 18 31 2
124 34.62 44.10 38.74 339.58 24 44 1
125 10.83 37.92 24.52 151.65 24 33 2
126 27.12 21.49 46.65 267.53 22 24 4
127 94.19 58.98 33.67 64.31 22 24 1
128 23.43 12.53 26.34 261.16 17 23 5
129 10.85 59.68 20.71 348.34 4 13 1
130 88.94 94.55 13.97 436.46 15 24 2
131 71.95 72.31 1.67 426.52 20 33 2
132 40.50 3.36 25.37 389.88 14 39 4
133 10.29 44.48 42.82 67.60 7 32 2
134 97.35 31.72 6.31 59.93 6 35 4
135 91.87 85.83 4.16 65.15 13 47 1
136 0.53 31.71 24.55 295.24 2 10 1
137 21.30 20.40 2.85 322.80 15 22 2
138 6.94 45.45 3.35 68.22 8 12 3
139 67.33 70.31 48.29 474.61 9 47 4
140 60.50 25.88 15.85 459.85 12 34 5
141 17.86 97.77 5.48 363.19 12 14 5
142 37.16 54.60 25.48 422.38 11 39 1
143 24.01 39.92 0.51 402.63 13 14 1
144 65.56 78.48 39.53 216.74 0 32 2
145 9.94 22.41 19.47 212.29 2 29 5
146 34.08 35.23 26.10 461.85 8 15 3
147 6.26 89.98 29.52 321.28 0 18 2
148 32.42 31.55 43.99 366.88 4 11 1
149 3.48 44.03 15.93 307.58 17 21 3
150 84.09 42.52 5.02 430.03 19 25 3
151 84.26 67.46 17.67 187.46 24 36 2
152 82.82 5.78 5.26 280.87 3 21 3
153 7.44 92.92 18.10 294.82 0 25 1
154 29.08 68.26 38.75 449.13 13 28 5
155 19.27 73.24 33.61 148.96 19 24 4
156 60.77 24.85 21.14 384.20 21 45 1
157 45.81 30.36 34.65 122.57 18 48 1
158 87.72 84.56 20.33 481.14 20 33 2
159 92.20 51.44 6.25 242.44 2 11 4
160 61.35 94.44 15.69 241.10 18 37 4
161 15.88 21.75 30.13 148.93 12 26 2
162 99.81 66.49 28.22 59.19 19 22 1
163 16.92 95.18 32.64 232.99 6 42 1
164 78.39 41.25 6.91 132.75 11 21 4
165 63.64 12.65 32.45 144.54 6 25 1
166 11.09 67.95 37.72 206.24 23 32 5
167 40.12 92.74 11.21 119.53 13 21 4
168 27.51 27.38 40.80 381.29 18 46 3
169 60.30 9.26 10.56 62.50 11 44 3
170 43.63 23.26 47.54 423.66 18 20 1
171 87.88 20.91 16.59 196.01 7 28 3
172 19.05 64.04 18.68 299.96 3 47 2
173 10.74 2.79 23.20 443.93 18 41 3
174 76.38 68.42 37.08 216.80 24 33 2
175 48.27 78.69 30.95 224.37 3 10 1
176 6.76 25.88 31.37 303.12 9 32 5
177 43.92 59.37 23.50 50.74 24 31 1
178 0.79 90.39 43.04 495.14 8 34 1
179 95.84 3.30 29.55 444.31 19 40 5
180 94.33 83.65 18.05 161.54 7 24 4
181 94.85 79.40 21.34 407.11 6 43 3
182 68.81 78.98 3.47 258.08 18 48 4
183 79.93 94.48 14.46 430.52 2 18 4
184 53.14 48.45 48.44 491.90 3 40 1
185 16.87 35.45 16.07 286.67 20 48 2
186 57.80 71.48 49.17 472.91 0 17 2
187 40.48 89.15 48.55 215.58 1 21 5
188 45.82 0.70 43.37 204.50 14 34 4
189 51.09 3.74 17.02 187.90 17 19 4
190 61.56 15.42 3.19 284.50 4 48 1
191 74.29 12.77 20.79 216.80 17 31 5
192 80.74 85.95 18.83 406.89 3 48 3
193 40.39 64.86 15.68 106.95 2 9 2
194 53.15 92.80 32.16 111.20 0 41 4
195 22.29 42.34 7.91 77.07 17 37 5
196 47.57 91.73 27.13 258.99 19 34 1
197 2.31 58.87 15.55 441.00 19 43 5
198 57.88 50.19 28.74 377.26 16 20 4
199 48.24 52.71 36.62 132.70 6 30 5
200 19.36 4.40 30.81 240.08 17 25 4
201 48.26 74.01 40.78 482.80 16 18 3
202 80.95 21.52 21.31 186.13 14 14 3
203 46.97 33.67 48.72 148.86 24 48 2
204 17.79 24.26 17.33 56.53 21 43 4
205 35.43 56.87 35.55 470.21 14 25 5
206 8.07 75.86 10.56 197.91 16 23 1
207 54.89 17.35 44.39 419.74 12 27 3
208 27.28 3.36 7.76 373.31 12 45 1
209 0.28 52.65 10.01 143.66 24 46 3
210 22.48 56.59 0.79 373.43 17 17 4
211 41.06 90.90 47.31 170.01 4 17 2
212 0.12 76.99 37.53 254.77 13 37 5
213 59.30 87.21 12.83 186.06 7 38 4
214 17.50 59.32 49.39 191.03 5 11 5
215 17.11 97.91 1.00 425.69 13 39 3
216 12.67 29.78 0.44 371.71 22 31 4
217 28.86 86.24 30.40 74.41 13 37 5
218 45.29 29.38 22.67 324.20 6 16 5
219 41.66 33.07 37.29 120.04 23 27 3
220 54.36 17.74 31.43 272.70 7 15 1
221 33.11 82.64 16.48 462.45 5 29 5
222 45.97 21.03 46.21 400.76 22 39 1
223 32.23 34.18 27.28 480.62 17 48 1
224 29.10 91.07 34.66 282.87 2 2 4
225 24.94 67.08 15.75 387.62 2 35 3
226 50.65 90.20 15.96 327.28 1 13 3
227 20.18 2.86 10.09 351.21 2 44 4
228 15.46 31.65 43.43 163.74 22 34 4
229 28.23 23.64 49.82 162.78 2 2 1
230 27.27 17.63 45.59 308.99 1 29 1
231 6.26 96.93 47.76 63.54 15 15 3
232 91.50 17.93 24.41 170.57 23 33 5
233 75.00 53.51 25.43 77.97 15 22 4
234 1.82 12.01 48.17 367.93 16 40 2
235 68.75 63.57 9.10 113.41 4 42 4
236 24.29 35.26 2.48 423.41 7 40 1
237 83.31 65.45 21.77 371.38 7 13 5
238 71.57 69.33 20.32 447.04 4 18 2
239 86.49 22.52 3.91 122.86 5 20 4
240 76.32 3.21 46.44 362.81 17 27 2
241 74.52 74.26 14.86 204.68 15 25 3
242 9.71 81.74 43.24 412.01 12 34 2
243 13.73 28.88 15.27 486.17 16 27 4
244 32.77 63.76 45.42 268.92 21 21 2
245 12.07 3.31 2.67 262.06 1 6 2
246 21.69 25.08 30.42 296.52 18 23 5
247 87.13 35.85 41.28 141.58 12 45 4
248 39.66 58.90 3.91 136.86 19 22 5
249 37.64 20.02 42.03 354.45 24 27 4
250 97.84 77.20 39.62 201.69 6 26 4
251 25.36 79.74 12.62 458.26 23 33 5
252 14.51 58.27 45.67 325.36 14 41 2
253 12.89 61.84 24.67 396.69 15 25 4
254 34.26 56.82 2.72 373.89 5 18 5
255 63.82 38.10 41.34 370.59 24 48 1
256 62.45 88.43 4.00 54.86 20 42 3
257 99.41 68.99 37.03 241.07 12 13 5
258 96.95 39.85 9.63 132.61 22 22 5
259 95.86 84.53 3.25 412.87 1 7 3
260 92.48 33.51 26.75 177.75 10 43 3
261 95.00 61.54 9.50 281.14 19 22 3
262 91.13 21.00 43.94 490.80 9 39 2
263 60.24 51.92 46.85 184.03 13 44 4
264 57.70 15.84 27.78 339.36 23 28 5
265 35.35 99.67 48.52 245.57 15 18 5
266 25.50 7.40 32.54 292.66 6 45 5
267 60.09 49.25 39.68 274.38 21 42 2
268 1.54 34.77 38.29 277.04 17 45 1
269 43.58 90.93 22.11 396.60 20 36 3
270 11.13 21.36 32.83 445.81 6 6 5
271 11.09 14.20 35.37 437.98 4 22 3
272 80.66 59.33 22.73 222.18 4 17 5
273 81.26 11.34 26.23 399.59 3 6 2
274 28.87 70.73 26.57 393.82 13 15 1
275 49.52 41.36 35.61 308.45 1 3 5
276 54.49 12.07 47.89 486.73 21 39 1
277 71.86 43.72 5.43 387.54 21 22 5
278 24.75 8.92 38.52 227.35 24 36 4
279 64.70 13.65 1.73 238.98 21 38 5
280 64.23 71.35 43.20 108.32 9 26 1
281 90.83 69.09 19.69 493.24 13 27 4
282 23.78 15.31 48.19 404.13 8 37 4
283 16.44 47.54 8.59 267.09 15 37 5
284 4.43 86.60 10.27 488.78 20 48 5
285 51.60 13.32 48.44 203.30 18 28 2
286 94.42 11.26 44.94 189.99 4 25 2
287 31.92 26.22 1.90 97.11 14 24 4
288 42.47 11.56 21.02 397.25 5 18 2
289 61.68 42.20 43.75 156.09 12 48 3
290 22.42 49.74 17.69 50.54 24 29 1
291 22.84 2.64 29.99 414.25 6 46 4
292 80.89 71.30 6.50 376.55 4 40 3
293 94.89 58.16 11.78 75.65 15 15 5
294 29.07 24.59 0.31 189.64 23 45 2
295 55.34 29.07 6.12 322.01 19 35 2
296 21.66 63.66 24.04 493.39 6 44 4
297 20.15 93.20 20.67 322.22 10 26 5
298 12.71 79.70 19.42 133.95 10 43 4
299 94.22 61.95 7.65 227.08 1 23 2
300 35.82 50.77 35.94 337.28 20 48 2
1 130.76 4720.97 1
2 104.18 2655.88 2
3 119.99 2814.37 3
4 111.21 4192.38 4
5 184.37 3622.36 5
1 1.11 42.76 3
2 1.95 34.54 3
3 1.67 32.40 3
4 1.33 30.47 3
5 1.41 33.86 5
6 1.44 44.76 4
7 1.03 36.52 5
8 1.54 43.68 1
