Data for Vehicle routing problem with drones - Author: Huyen Do Thi Ngoc
Number of depots: 4
Number of cities: 100
Number of trucks: 9
Number of drones: 15
Area: 100 100 50
Customer maximum demand: 500
Max capacity of truck: 200
Max energy of truck: 5000
Max capacity of drone: 2
Max energy of drone: 50
1 99.26 62.33 6.17
2 84.26 25.51 29.94
3 96.95 14.51 8.11
4 3.75 9.50 9.02
1 58.31 13.35 48.61 89.56 17 20 3
2 98.81 27.07 7.89 455.30 7 47 2
3 77.24 94.22 10.03 414.25 23 38 4
4 20.75 54.09 17.92 326.01 10 22 1
5 32.59 56.42 21.93 430.42 23 41 4
6 9.67 14.70 15.88 173.62 5 37 2
7 23.83 56.52 47.84 138.21 22 24 3
8 60.91 46.13 44.43 486.22 12 18 4
9 16.02 5.29 24.60 145.06 21 42 3
10 15.72 83.04 42.27 125.81 23 46 3
11 4.71 30.04 37.48 259.31 16 23 3
12 20.77 73.85 18.25 201.35 13 26 3
13 17.75 53.13 23.77 73.06 2 44 3
14 23.34 16.64 28.31 284.09 22 24 2
15 21.49 65.84 11.93 408.40 14 44 3
16 19.51 58.65 32.90 55.38 24 37 1
17 40.94 39.00 20.84 178.29 21 41 4
18 96.54 8.89 3.99 457.18 14 17 3
19 90.12 86.38 15.07 74.70 1 29 4
20 5.27 55.69 3.19 75.06 16 46 4
21 16.38 99.66 5.74 380.08 23 46 1
22 77.75 80.06 18.83 341.14 5 48 2
23 20.49 9.34 26.17 183.84 13 25 4
24 83.52 23.46 0.40 137.57 19 37 1
25 5.17 40.48 49.77 82.43 23 43 1
26 14.13 41.50 41.03 130.09 22 33 4
27 76.02 64.21 30.61 290.64 10 47 1
28 93.01 14.98 38.67 272.94 1 14 2
29 88.42 29.42 18.63 433.94 12 18 1
30 22.44 35.47 26.49 308.67 23 47 3
31 15.72 59.62 34.94 204.79 2 40 3
32 97.71 26.83 7.26 403.31 16 46 1
33 44.87 21.26 13.91 200.08 10 24 4
34 66.93 54.45 31.09 118.37 2 7 2
35 28.33 61.55 1.81 81.15 17 27 1
36 85.63 49.92 20.51 403.99 8 11 2
37 72.08 63.88 45.18 476.23 22 26 2
38 11.06 92.16 42.20 302.23 17 31 1
39 62.39 88.09 39.36 78.15 24 46 4
40 77.40 51.48 29.37 267.28 10 35 4
41 47.58 49.23 12.86 405.86 23 32 1
42 8.74 20.10 40.24 312.81 6 47 2
43 15.44 25.86 44.62 279.59 4 4 4
44 78.04 39.59 44.43 384.77 9 21 4
45 35.09 82.70 46.98 233.67 18 32 4
46 51.33 62.66 25.21 243.86 10 48 2
47 86.31 48.08 20.56 106.24 9 24 4
48 24.59 59.13 23.70 349.71 2 27 1
49 63.85 83.83 34.72 367.83 13 24 2
50 37.25 3.72 40.15 479.24 14 39 1
51 9.88 69.12 16.95 346.10 10 46 3
52 6.91 72.22 17.56 455.74 17 41 4
53 85.16 3.88 1.37 458.58 22 38 2
54 91.22 39.31 27.27 170.85 9 27 3
55 59.46 98.67 33.59 180.17 12 17 3
56 96.20 22.33 7.27 263.16 9 16 1
57 41.56 45.06 0.10 242.34 23 31 3
58 78.58 71.98 15.12 400.13 11 23 1
59 21.81 68.92 48.72 90.53 17 25 2
60 66.77 75.24 15.47 432.33 9 28 1
61 20.13 1.41 47.78 102.42 13 41 1
62 79.83 51.80 18.96 336.81 22 37 4
63 36.96 33.44 9.34 90.28 11 33 2
64 87.77 23.13 44.68 73.25 0 34 1
65 24.66 30.11 26.44 209.02 17 45 1
66 74.43 89.67 0.70 295.43 23 47 4
67 28.32 91.26 40.64 226.69 17 17 1
68 90.38 55.33 30.41 66.26 5 8 2
69 12.26 21.79 19.66 135.31 9 34 4
70 87.35 86.21 26.73 437.72 19 25 3
71 46.98 12.25 34.70 473.24 19 47 1
72 22.87 18.30 12.89 65.96 3 13 3
73 98.18 90.66 47.75 73.30 0 6 4
74 72.25 50.92 32.57 219.23 12 38 1
75 87.98 32.53 25.01 135.72 9 22 2
76 90.74 27.70 27.64 417.58 0 46 1
77 95.16 14.44 26.05 62.02 23 43 4
78 59.01 17.13 19.42 232.29 2 17 2
79 98.53 37.81 47.23 65.64 14 33 1
80 35.94 37.17 48.79 209.36 16 28 1
81 59.21 54.64 18.43 112.55 24 31 1
82 74.32 7.70 6.46 60.97 2 29 2
83 36.41 38.58 39.88 326.85 20 32 2
84 75.27 64.22 10.40 132.80 5 21 4
85 27.13 27.04 40.38 447.80 4 23 3
86 87.99 60.87 35.66 173.08 11 11 2
87 1.25 24.00 48.31 145.70 24 42 4
88 41.70 84.76 29.97 212.18 2 8 1
89 62.88 77.66 5.98 286.68 5 25 2
90 67.26 51.21 42.78 316.70 7 33 4
91 92.23 87.11 4.78 373.47 10 21 4
92 91.78 7.38 41.82 94.60 15 46 2
93 70.30 64.77 34.19 342.59 13 27 1
94 94.09 49.80 13.78 458.35 7 30 3
95 12.35 25.79 33.44 266.06 11 22 4
96 51.28 98.27 36.79 254.98 20 21 4
97 20.01 35.51 38.81 478.34 3 10 2
98 42.89 46.89 15.84 226.32 2 27 4
99 72.57 48.66 10.58 250.54 6 8 4
100 96.45 85.59 8.90 473.00 5 7 3
1 159.73 4092.09 1
2 197.75 4223.95 2
3 184.45 4109.75 3
4 161.54 4496.48 4
5 107.16 4930.27 2
6 129.04 3115.85 2
7 170.28 3551.99 1
8 185.05 3369.47 4
9 194.29 2784.96 3
1 1.04 39.40 1
2 1.31 25.48 7
3 1.56 25.49 2
4 1.27 47.67 4
5 1.48 33.43 3
6 1.48 26.06 6
7 1.37 25.45 2
8 1.93 27.23 3
9 1.51 39.53 5
10 1.22 40.69 8
11 2.00 44.49 6
12 1.88 33.20 8
13 1.69 27.31 5
14 1.88 35.70 4
15 1.85 47.63 1
