Data for Vehicle routing problem with drones - Author: Huyen Do Thi Ngoc
Number of depots: 3
Number of cities: 500
Number of trucks: 7
Number of drones: 14
Area: 100 100 50
Customer maximum demand: 500
Max capacity of truck: 200
Max energy of truck: 5000
Max capacity of drone: 2
Max energy of drone: 50
1 77.25 46.58 10.21
2 40.54 10.07 19.48
3 49.00 30.37 39.30
1 0.83 19.95 12.02 456.40 23 48 3
2 34.59 50.03 36.58 250.09 4 39 1
3 23.11 98.06 6.78 119.47 12 44 3
4 68.14 60.97 17.23 387.25 8 44 3
5 92.07 3.33 30.80 487.04 16 31 2
6 29.25 94.28 28.61 220.60 2 12 1
7 95.14 76.03 47.47 416.92 19 28 3
8 94.74 94.43 39.00 164.84 19 37 1
9 23.51 56.69 32.48 331.23 16 28 2
10 32.02 33.11 27.05 368.33 16 31 3
11 34.63 71.68 2.03 448.18 16 22 3
12 68.54 17.81 16.26 52.62 9 33 1
13 68.21 29.43 44.82 206.17 2 22 2
14 51.40 52.46 20.00 431.37 1 42 1
15 15.59 5.57 43.63 211.96 15 22 3
16 99.76 7.80 39.25 494.20 17 31 3
17 6.35 10.73 8.19 315.66 12 31 1
18 34.99 58.17 10.17 464.51 6 46 3
19 65.69 72.99 3.61 80.68 13 18 3
20 93.39 78.03 1.56 63.00 7 13 3
21 74.00 40.58 29.00 111.77 18 44 2
22 83.70 18.01 0.70 493.54 17 18 3
23 94.81 80.80 26.95 495.10 5 16 1
24 50.99 47.30 39.58 78.15 2 45 2
25 67.12 22.18 24.01 432.94 11 17 1
26 10.13 60.67 27.69 407.24 14 17 2
27 19.88 94.43 22.28 440.63 15 17 2
28 51.73 93.83 7.01 488.78 11 31 3
29 92.32 19.98 13.71 384.52 13 37 3
30 44.92 58.35 5.47 395.72 18 27 3
31 39.27 57.36 22.86 487.24 6 32 2
32 41.18 68.57 0.13 164.66 9 30 1
33 42.83 92.99 42.42 54.41 14 19 2
34 42.52 49.55 22.98 253.84 0 46 2
35 25.67 34.45 26.18 111.40 16 19 1
36 53.26 25.47 4.73 79.15 16 34 3
37 3.27 76.38 30.28 52.52 5 28 3
38 4.60 25.62 6.35 62.54 23 26 2
39 99.16 90.69 23.40 250.04 0 35 2
40 91.94 52.92 18.19 151.47 1 45 2
41 76.19 64.93 3.15 488.46 12 32 3
42 46.91 93.12 21.62 365.74 20 34 3
43 7.84 7.28 28.20 339.91 6 14 3
44 91.37 76.83 14.19 53.85 21 33 1
45 98.99 74.20 5.10 105.04 5 32 2
46 96.71 76.89 20.98 430.20 6 31 3
47 83.14 85.43 19.03 383.38 23 27 2
48 58.69 38.62 18.08 215.31 9 17 3
49 76.24 4.94 14.96 50.55 19 28 1
50 77.36 5.06 39.05 419.08 24 45 1
51 37.20 46.85 40.69 55.65 14 15 1
52 45.80 43.89 40.87 492.95 21 27 2
53 70.35 77.24 19.10 80.60 9 13 1
54 67.31 53.34 6.16 352.72 7 32 2
55 53.09 37.35 33.19 251.62 16 18 1
56 15.77 12.09 15.96 118.18 14 26 3
57 63.38 90.79 46.44 426.40 13 43 3
58 90.66 20.90 24.73 361.88 21 47 3
59 73.09 6.96 45.33 296.69 10 31 1
60 34.96 50.08 19.75 347.47 10 26 3
61 0.46 1.69 7.05 375.12 21 23 3
62 83.78 40.40 15.37 188.81 19 27 2
63 56.27 40.11 28.74 111.08 3 46 3
64 29.03 42.44 9.62 65.17 3 8 1
65 91.26 29.49 16.77 446.42 1 41 2
66 9.18 70.11 20.85 228.88 17 36 3
67 92.50 93.00 1.07 363.34 20 47 3
68 96.57 33.31 47.74 463.04 9 11 3
69 84.96 74.44 22.13 107.99 10 19 2
70 49.70 14.94 47.82 170.70 18 31 2
71 54.54 84.11 49.30 496.41 19 37 1
72 89.55 89.49 49.36 445.49 20 20 2
73 25.93 80.04 22.08 382.01 12 41 3
74 53.24 15.56 19.02 163.91 11 33 3
75 24.25 4.52 4.38 384.92 10 21 3
76 79.21 75.76 28.65 271.70 22 48 1
77 21.20 18.29 44.50 95.11 8 18 2
78 15.22 100.00 6.68 455.68 8 42 2
79 59.46 58.82 21.33 137.03 23 47 1
80 11.19 86.25 16.25 144.33 19 35 3
81 7.03 66.39 7.76 205.20 24 41 1
82 68.24 50.23 11.86 65.11 18 26 3
83 50.95 70.80 18.40 381.20 23 30 2
84 47.21 1.71 21.43 192.74 3 26 2
85 82.77 57.66 24.85 241.70 1 2 1
86 70.61 66.42 6.08 75.21 5 43 2
87 15.06 78.52 12.84 297.06 12 21 2
88 82.45 21.88 5.32 358.08 5 47 2
89 79.07 73.37 8.15 161.35 9 10 3
90 27.83 87.97 38.69 333.98 20 20 3
91 57.23 70.44 49.08 403.17 21 28 2
92 74.43 24.96 21.88 51.01 16 47 3
93 9.80 98.45 30.18 407.34 13 24 2
94 91.52 81.76 9.64 390.56 2 45 3
95 26.43 74.53 25.67 146.00 13 17 1
96 7.08 18.53 41.13 218.99 2 28 1
97 8.76 38.07 46.75 376.49 8 43 3
98 73.04 81.53 27.05 367.98 22 27 3
99 29.12 30.97 41.88 307.93 24 29 3
100 69.50 34.65 19.89 385.88 21 35 2
101 8.47 91.80 48.12 167.95 0 42 2
102 82.43 55.70 3.88 138.16 0 31 1
103 1.43 31.14 13.71 173.30 5 39 1
104 28.92 13.94 47.03 183.26 14 38 2
105 95.97 10.75 46.77 101.02 20 42 3
106 37.77 51.46 49.42 89.38 0 48 1
107 2.56 24.98 0.14 397.80 23 28 2
108 65.16 10.08 38.62 51.81 21 32 2
109 92.44 66.55 9.00 319.67 5 19 3
110 89.75 50.07 23.22 146.89 9 30 2
111 11.76 3.32 47.74 327.30 13 41 1
112 26.86 62.40 29.89 193.21 4 15 1
113 7.92 65.57 7.83 339.69 22 32 1
114 77.64 5.64 23.66 302.09 23 35 2
115 48.08 75.18 44.61 307.49 21 34 1
116 47.30 28.60 34.00 243.30 2 39 2
117 63.54 3.47 45.36 261.76 8 37 3
118 75.21 5.77 6.18 173.71 23 40 3
119 44.35 97.60 7.26 309.63 9 13 1
120 10.62 54.37 36.86 204.48 5 17 2
121 76.41 28.77 34.80 213.17 18 18 1
122 95.93 79.47 30.80 149.07 3 22 3
123 51.37 40.69 43.55 78.47 18 19 3
124 76.78 93.38 29.16 320.92 2 32 1
125 67.91 3.91 42.08 183.10 11 24 2
126 42.59 75.00 45.56 330.37 5 34 3
127 14.72 72.70 38.75 166.92 3 27 2
128 56.34 82.78 43.26 245.57 10 19 2
129 3.55 30.11 4.04 323.54 23 46 3
130 95.71 94.67 27.54 342.27 10 42 3
131 57.36 76.29 2.32 436.20 12 27 2
132 50.84 84.81 6.63 140.89 17 18 1
133 62.05 73.54 17.17 382.09 16 43 1
134 53.93 4.24 44.28 340.83 4 45 1
135 13.70 80.59 45.79 56.92 18 21 3
136 57.09 33.12 16.18 316.59 11 22 3
137 63.92 3.87 47.91 89.81 6 33 1
138 78.70 18.22 18.58 351.98 17 44 2
139 74.88 98.94 39.16 235.89 19 26 2
140 64.14 16.29 18.72 388.45 2 39 2
141 29.55 14.92 0.89 199.86 18 35 1
142 27.20 37.24 3.02 454.25 12 29 1
143 88.15 73.38 1.39 164.49 23 25 1
144 49.38 95.67 34.75 120.81 18 43 1
145 53.31 71.97 12.88 367.90 6 17 3
146 98.30 92.18 26.94 403.14 19 40 3
147 77.15 34.73 24.34 408.03 2 23 3
148 85.17 83.84 33.30 93.48 11 35 1
149 96.12 90.95 35.77 360.70 23 42 3
150 2.18 43.65 16.70 353.02 8 47 1
151 49.87 91.16 45.27 359.48 18 20 1
152 68.62 87.95 16.12 476.09 23 23 1
153 94.10 31.61 20.37 71.21 8 31 3
154 43.63 49.90 33.02 431.36 8 9 1
155 31.81 17.02 7.06 345.27 13 37 2
156 56.43 9.05 48.11 349.40 6 24 2
157 24.04 15.84 44.78 136.34 13 41 1
158 19.17 28.42 21.52 367.95 9 44 3
159 18.11 28.24 43.65 494.17 21 27 3
160 52.28 77.70 46.05 290.30 14 38 1
161 75.70 7.07 22.73 102.80 2 33 3
162 40.44 41.62 16.58 60.80 4 45 3
163 7.20 51.57 32.50 95.71 13 13 1
164 35.40 47.32 15.16 453.40 16 25 1
165 77.72 8.10 20.86 50.86 16 33 2
166 32.19 86.65 44.77 229.25 20 33 1
167 80.31 48.99 12.47 247.51 17 36 3
168 43.83 91.79 9.11 121.11 12 21 1
169 5.27 92.29 49.31 145.82 8 22 1
170 6.83 80.57 44.93 380.37 6 28 3
171 84.73 92.63 26.12 71.47 20 39 2
172 34.24 5.57 17.03 120.97 11 36 2
173 24.24 61.41 19.60 328.73 9 31 3
174 38.48 96.63 49.97 480.85 9 15 3
175 65.97 73.89 11.13 290.51 24 42 1
176 34.16 14.54 34.29 201.46 4 23 2
177 63.47 9.94 7.57 442.05 19 48 3
178 91.42 42.73 27.59 395.90 15 27 2
179 3.49 58.06 0.79 230.34 10 22 1
180 25.64 22.99 19.35 393.50 16 19 1
181 33.92 64.68 18.66 183.30 5 33 2
182 56.07 19.39 12.40 416.67 16 34 3
183 22.18 17.64 48.40 213.73 9 16 2
184 91.57 85.67 16.49 477.53 13 16 1
185 88.52 95.10 41.27 338.89 22 46 3
186 97.13 59.04 32.84 353.56 4 16 3
187 13.54 31.18 15.68 272.04 24 28 3
188 27.18 46.56 11.83 267.89 9 33 1
189 41.01 19.38 10.45 320.27 5 35 1
190 47.76 51.31 2.42 60.50 21 43 3
191 29.81 87.80 49.38 263.20 4 42 3
192 29.49 53.42 39.66 56.33 21 38 3
193 92.74 24.08 21.47 304.15 8 29 1
194 10.67 16.93 32.27 374.18 4 43 1
195 29.79 34.86 22.74 243.30 18 37 2
196 27.72 55.75 38.65 292.66 7 39 3
197 31.55 75.08 46.98 414.23 14 39 3
198 73.27 92.63 28.04 153.32 24 34 1
199 84.21 68.32 11.67 120.72 21 27 3
200 33.45 51.05 8.58 317.37 21 48 2
201 10.22 91.24 43.02 121.90 6 34 2
202 17.95 92.66 45.47 226.51 20 27 2
203 56.43 95.22 18.50 157.36 7 8 1
204 38.47 57.99 39.01 72.17 4 23 1
205 7.16 90.31 36.22 321.49 15 20 1
206 69.84 67.84 1.35 420.58 12 13 1
207 71.80 52.27 37.07 476.73 0 14 3
208 86.92 61.00 48.09 229.85 10 14 2
209 52.74 8.47 24.72 478.61 23 47 3
210 40.17 46.66 45.36 487.97 13 18 2
211 76.69 64.31 29.61 199.37 11 16 1
212 92.94 48.99 1.24 302.37 4 41 2
213 69.45 68.26 27.97 359.48 11 18 2
214 78.40 70.44 10.10 125.82 18 22 2
215 69.92 5.60 7.61 223.93 9 47 1
216 22.65 4.52 23.40 196.91 19 21 3
217 75.24 48.14 13.30 297.01 16 29 2
218 65.99 96.77 37.20 489.57 0 20 3
219 14.32 47.12 34.68 295.54 2 23 1
220 10.04 90.54 49.12 480.30 10 21 1
221 9.71 38.39 39.10 187.67 8 12 2
222 62.48 32.61 16.57 364.06 11 32 3
223 22.95 58.71 49.68 407.50 8 28 3
224 11.68 68.26 41.48 156.08 11 17 3
225 52.77 91.51 27.36 445.06 22 46 1
226 74.53 60.86 38.33 488.10 16 29 1
227 93.00 3.19 12.22 205.87 4 45 2
228 13.64 54.63 32.79 260.22 9 26 2
229 55.22 76.20 26.95 241.07 2 15 1
230 69.03 6.03 16.72 339.09 22 35 3
231 36.16 24.61 17.00 214.26 4 11 3
232 90.03 2.08 1.91 201.32 5 25 2
233 3.41 75.03 17.32 68.40 6 41 3
234 55.28 78.81 18.34 233.00 0 10 2
235 13.69 47.15 43.24 304.92 4 4 2
236 10.82 8.58 11.59 482.89 5 20 3
237 28.67 48.67 6.32 436.18 7 28 1
238 75.68 86.44 26.49 456.63 0 46 3
239 62.97 76.74 34.51 169.42 24 40 3
240 88.11 50.27 28.36 262.77 23 31 2
241 96.00 34.92 17.52 178.24 16 33 3
242 70.25 46.75 44.72 222.78 19 38 3
243 13.31 2.69 21.36 392.20 0 1 1
244 12.85 75.08 28.21 427.34 5 46 1
245 58.13 58.05 48.86 413.39 11 39 3
246 50.23 58.58 19.94 387.44 12 29 3
247 8.87 42.22 20.51 99.68 21 35 2
248 86.52 57.85 31.22 451.31 10 16 1
249 45.03 44.48 25.35 69.43 5 6 3
250 74.00 11.28 1.96 473.18 2 13 2
251 19.92 9.55 29.37 116.94 15 28 2
252 35.78 97.89 44.01 447.96 23 23 1
253 57.21 49.23 43.17 173.38 11 27 2
254 83.30 95.65 0.49 370.98 8 35 2
255 57.77 1.18 2.47 465.89 13 41 1
256 80.91 52.16 9.17 309.11 16 40 3
257 87.93 3.91 17.02 163.19 11 36 3
258 43.93 15.74 25.47 188.88 24 41 1
259 86.27 39.35 19.04 371.45 8 27 1
260 64.70 67.15 30.03 235.42 10 24 1
261 63.86 2.73 17.96 222.94 15 21 3
262 63.68 89.97 26.59 115.96 23 31 3
263 3.03 57.71 46.70 334.30 4 23 2
264 81.74 14.50 46.95 322.87 7 25 3
265 16.84 84.38 25.38 222.76 4 35 3
266 65.58 42.88 22.49 424.84 6 46 3
267 68.06 18.10 31.87 494.30 21 31 3
268 30.91 31.62 4.05 199.96 19 29 1
269 42.91 99.34 24.54 465.82 6 34 2
270 80.84 37.31 32.30 424.64 8 37 2
271 73.49 71.55 31.35 254.52 15 20 3
272 43.02 24.94 39.80 339.45 18 20 1
273 75.63 66.32 10.75 289.19 9 32 3
274 78.21 87.52 7.65 337.48 9 48 3
275 58.43 68.29 47.13 227.14 8 14 2
276 35.14 47.92 38.64 244.23 7 30 2
277 76.36 79.32 13.73 139.86 3 47 1
278 87.11 23.03 32.59 276.24 11 16 3
279 73.17 97.19 46.34 265.76 5 25 2
280 45.67 46.11 33.81 464.06 20 43 3
281 83.45 84.07 20.14 174.96 1 28 2
282 11.02 32.76 36.59 56.96 0 17 1
283 79.67 59.01 39.91 422.55 2 21 1
284 72.86 62.74 21.76 161.71 20 28 1
285 10.99 31.45 30.19 439.38 12 43 1
286 17.25 93.93 26.41 456.64 7 34 3
287 87.58 33.50 35.57 96.47 10 32 1
288 25.63 71.64 2.26 278.05 18 47 1
289 32.03 14.30 20.73 208.39 17 31 1
290 7.65 78.49 24.72 143.85 24 40 2
291 82.75 0.25 1.76 331.96 3 10 2
292 25.10 82.39 24.40 338.54 23 31 3
293 77.15 46.20 23.14 426.29 22 33 2
294 74.36 44.37 40.47 390.30 23 48 1
295 51.40 81.73 7.75 351.78 6 40 2
296 14.94 54.71 46.12 189.21 15 36 2
297 85.35 2.70 1.77 218.22 0 30 1
298 69.45 99.26 4.99 333.45 11 26 2
299 41.16 22.99 4.25 423.32 13 42 3
300 67.45 8.67 13.43 493.20 18 24 2
301 9.52 90.39 46.23 121.66 9 22 1
302 4.05 60.56 0.97 86.29 5 14 2
303 5.33 51.48 19.93 113.09 20 31 1
304 45.85 80.87 28.69 484.72 11 44 2
305 23.97 53.69 39.55 128.49 4 22 2
306 59.47 88.72 28.23 498.14 16 31 1
307 15.15 73.72 49.28 198.29 10 31 2
308 47.28 7.27 12.32 200.95 12 13 3
309 64.20 5.21 12.17 439.78 0 2 2
310 26.10 75.88 3.27 479.63 7 29 3
311 68.66 80.18 43.53 420.50 7 41 1
312 48.07 91.34 17.54 153.23 24 27 2
313 95.04 99.89 2.88 52.59 21 30 2
314 50.60 44.94 14.24 303.46 17 44 2
315 16.42 91.62 22.98 121.47 18 34 2
316 87.29 86.63 44.42 262.66 8 25 1
317 6.61 18.20 14.75 406.34 6 21 1
318 54.54 42.26 4.33 201.06 23 43 2
319 68.71 61.64 43.42 353.15 9 32 3
320 29.47 57.32 26.75 417.72 9 47 2
321 94.00 13.20 26.69 246.74 19 46 1
322 34.94 16.34 37.95 70.70 13 19 3
323 6.45 59.83 21.99 224.23 21 44 2
324 60.65 9.96 33.77 484.68 8 11 2
325 64.35 36.94 1.93 441.19 5 35 2
326 23.30 43.59 30.13 198.26 13 47 3
327 27.68 82.23 9.82 468.69 5 10 2
328 67.81 16.54 47.44 100.30 10 13 2
329 29.90 14.92 49.52 232.02 7 14 2
330 17.84 55.45 31.02 126.72 1 2 3
331 21.31 2.64 22.61 168.58 9 29 3
332 63.95 87.97 48.83 197.74 1 7 2
333 4.28 19.30 44.34 324.75 19 38 2
334 50.36 48.47 16.14 224.39 16 25 1
335 24.55 84.46 10.37 394.86 21 40 3
336 58.08 72.04 21.61 393.64 20 42 2
337 7.68 25.21 13.68 132.98 21 38 2
338 51.78 1.08 39.46 257.44 7 38 1
339 0.40 34.72 18.83 453.97 8 38 2
340 94.91 58.38 33.99 198.14 8 16 1
341 58.86 96.37 35.05 267.34 9 39 2
342 41.01 92.39 12.20 142.79 24 39 3
343 19.04 23.97 26.44 271.00 12 34 1
344 33.94 35.99 12.56 200.28 21 40 1
345 92.52 61.95 41.34 236.26 14 34 1
346 4.49 82.30 9.98 275.42 4 6 1
347 67.78 37.89 43.40 416.48 11 38 3
348 11.04 61.76 14.97 164.64 15 27 1
349 1.88 50.05 5.82 216.30 14 24 3
350 48.03 63.53 29.35 306.25 3 6 3
351 36.47 45.54 38.75 443.42 2 16 1
352 87.12 36.44 14.99 177.44 10 34 3
353 25.54 31.30 27.82 443.19 8 45 2
354 32.93 67.62 45.95 75.14 0 2 2
355 24.46 66.54 49.15 497.06 15 26 1
356 56.23 6.36 2.24 176.28 22 36 1
357 84.23 53.98 37.91 85.85 22 26 2
358 86.83 24.81 24.82 189.41 21 24 1
359 55.77 44.28 16.28 174.98 24 31 3
360 42.76 32.24 36.44 410.22 8 42 3
361 82.06 29.03 44.92 211.74 2 39 3
362 40.48 97.72 35.95 265.59 12 27 1
363 22.71 43.38 20.81 353.95 7 26 2
364 15.42 97.56 0.24 130.88 9 19 2
365 41.10 95.79 5.49 374.10 11 13 1
366 76.67 44.43 41.11 130.85 15 46 2
367 55.43 20.79 16.61 478.66 20 30 1
368 7.65 95.90 25.15 345.78 23 34 3
369 58.78 16.29 19.48 59.41 12 38 1
370 0.87 42.76 3.92 348.11 24 37 2
371 37.79 14.90 39.75 111.24 18 36 2
372 62.22 21.67 18.86 76.80 2 10 3
373 93.58 59.76 42.85 82.63 22 48 3
374 51.84 33.75 46.33 189.04 2 23 2
375 57.09 39.97 21.36 175.13 12 32 1
376 15.64 9.54 36.57 318.02 14 19 1
377 68.08 56.15 47.75 446.83 24 45 1
378 86.31 93.79 14.30 227.85 4 7 1
379 53.52 89.37 4.88 325.45 8 44 3
380 10.62 26.61 18.54 261.84 13 43 1
381 77.95 3.31 24.84 427.79 8 39 2
382 66.66 18.04 25.27 499.17 6 37 2
383 16.63 94.77 3.80 137.61 12 18 1
384 27.02 29.87 27.46 330.86 18 40 3
385 79.23 81.49 2.45 127.64 6 27 3
386 68.92 6.51 11.29 156.65 18 38 3
387 82.94 19.96 11.25 264.00 14 47 2
388 33.40 40.94 13.73 151.83 1 20 1
389 36.98 63.04 48.35 422.21 24 31 1
390 86.20 64.81 35.03 91.77 16 20 2
391 21.91 60.90 48.26 295.85 3 12 3
392 40.30 52.38 46.22 65.22 12 40 2
393 57.23 9.57 33.92 79.14 20 24 3
394 56.11 17.18 46.21 298.28 18 18 1
395 77.08 39.64 6.87 199.75 10 21 2
396 92.27 12.37 5.75 266.57 0 20 3
397 32.97 83.19 22.52 333.34 17 46 3
398 50.80 84.07 3.00 361.38 6 38 3
399 11.76 75.29 18.66 170.99 20 39 1
400 37.24 21.76 4.05 250.55 22 40 1
401 57.38 31.34 20.68 100.21 20 24 3
402 30.26 69.50 23.38 137.15 6 11 2
403 56.65 90.39 1.15 251.97 15 18 2
404 9.38 8.76 26.04 412.49 19 22 3
405 0.55 33.51 23.81 137.17 24 36 2
406 18.28 94.73 29.83 187.13 1 4 2
407 46.84 78.58 8.99 309.47 22 42 1
408 18.19 92.10 44.29 115.21 20 22 2
409 36.66 29.61 20.49 408.39 24 46 1
410 95.56 55.88 41.61 416.24 0 0 1
411 50.48 76.75 6.87 146.51 10 44 2
412 48.14 9.99 9.98 77.32 9 33 3
413 73.53 54.22 6.63 495.44 22 29 1
414 7.74 43.22 38.62 437.94 11 44 1
415 41.77 6.08 48.30 282.95 21 25 2
416 37.26 36.15 0.45 185.04 21 29 2
417 56.13 28.78 26.38 444.71 3 43 1
418 20.16 56.14 33.02 354.25 0 48 1
419 34.04 48.97 41.35 138.90 2 48 3
420 63.00 64.17 41.47 100.28 15 43 3
421 67.80 27.27 1.29 306.66 23 42 1
422 32.16 86.06 6.58 317.92 17 19 2
423 59.68 72.32 13.98 204.86 20 36 2
424 52.09 89.31 1.01 479.32 5 22 1
425 27.97 75.39 26.53 402.28 0 32 2
426 70.10 82.96 41.00 331.04 9 45 1
427 12.46 0.90 44.32 244.75 1 31 3
428 67.61 6.55 39.58 227.08 2 4 2
429 15.55 30.76 18.56 55.32 13 48 1
430 41.35 16.56 5.76 160.81 18 43 2
431 69.60 35.63 5.08 496.59 8 18 1
432 42.37 25.69 39.77 118.55 3 38 2
433 31.81 90.47 19.87 306.26 7 30 2
434 20.05 3.79 14.00 196.95 18 35 2
435 78.14 41.80 36.70 298.27 21 21 2
436 55.46 7.54 20.29 121.11 9 20 3
437 55.35 64.38 21.70 177.10 9 19 3
438 43.51 22.93 21.33 92.35 18 23 2
439 72.27 57.78 16.14 455.12 0 47 3
440 84.61 34.55 27.81 160.04 11 46 3
441 69.32 25.64 44.46 413.71 8 48 2
442 77.62 22.52 24.96 232.27 5 46 3
443 47.44 72.72 26.53 186.39 4 36 3
444 49.71 99.47 16.75 429.16 17 25 1
445 88.02 19.51 19.44 348.31 13 21 2
446 50.71 36.54 42.13 346.35 5 14 3
447 0.57 32.78 4.97 448.67 8 35 2
448 73.87 34.98 6.29 184.97 10 44 3
449 62.85 58.38 43.23 171.28 4 30 2
450 47.87 88.11 47.64 275.54 7 30 1
451 27.47 80.04 43.01 171.23 6 42 3
452 68.75 67.76 37.31 64.71 16 25 1
453 89.49 45.29 0.17 411.68 22 33 3
454 84.42 88.90 31.83 216.99 18 25 3
455 42.86 26.51 12.20 402.81 4 38 1
456 65.59 91.98 33.27 113.03 21 31 1
457 89.31 72.98 34.97 341.59 12 21 2
458 14.93 64.64 48.94 172.11 10 21 3
459 88.61 18.54 29.60 334.37 4 48 1
460 42.19 3.14 15.08 351.77 9 26 1
461 29.76 89.78 5.53 73.08 3 17 2
462 61.73 71.03 7.54 181.26 9 47 1
463 89.17 68.66 16.15 269.51 9 21 2
464 96.36 96.11 47.04 109.69 10 38 3
465 53.97 22.76 28.27 489.52 0 42 2
466 90.48 43.81 43.82 200.67 3 4 2
467 53.39 91.51 19.25 139.87 2 44 2
468 20.72 88.66 33.46 173.47 11 44 1
469 16.42 12.13 49.37 299.90 7 45 2
470 50.00 91.53 45.57 108.00 16 38 3
471 72.10 46.78 25.91 390.53 11 33 2
472 7.43 87.04 15.78 70.37 2 36 1
473 48.09 7.07 40.38 184.18 8 15 3
474 49.78 56.86 19.08 259.83 11 25 2
475 59.64 90.55 19.52 412.36 12 34 3
476 17.00 17.37 33.33 410.16 4 15 3
477 56.13 66.49 20.75 114.24 18 24 1
478 17.07 45.46 16.44 419.55 13 30 1
479 21.77 32.54 0.94 354.13 17 43 2
480 94.06 27.43 32.63 197.49 19 19 2
481 33.34 49.94 28.71 98.33 11 34 1
482 92.25 57.04 4.96 153.17 9 37 3
483 3.44 13.23 32.78 177.52 19 43 3
484 73.98 34.34 35.25 231.99 10 15 2
485 68.79 76.42 7.20 83.52 24 35 1
486 61.78 73.17 49.18 368.63 22 38 3
487 58.14 35.45 26.48 151.97 0 6 1
488 43.88 28.33 11.78 419.74 7 31 3
489 87.22 31.39 27.02 125.41 7 14 1
490 51.66 30.68 1.51 326.50 10 41 2
491 83.04 3.06 27.77 300.26 23 23 3
492 76.81 96.67 1.63 454.05 15 29 2
493 13.21 21.04 45.32 121.83 12 21 1
494 38.85 9.84 13.23 273.08 13 37 2
495 32.32 24.90 40.80 187.84 19 26 3
496 59.93 97.37 26.83 126.14 2 34 2
497 59.08 11.73 10.78 437.92 0 36 1
498 43.00 27.11 49.55 455.59 24 38 1
499 3.34 36.17 0.99 289.43 7 22 3
500 18.59 90.42 5.23 250.06 17 37 2
1 100.73 3694.66 1
2 130.87 4560.65 2
3 106.74 3955.47 3
4 107.07 3496.78 3
5 140.68 4589.19 2
6 158.74 4725.70 1
7 111.58 4031.05 1
1 1.80 45.79 1
2 1.14 27.45 7
3 1.69 31.19 4
4 1.94 30.95 6
5 1.40 28.53 6
6 1.96 44.76 2
7 1.08 27.55 4
8 1.55 38.92 6
9 1.35 39.03 1
10 1.05 27.74 3
11 1.53 46.29 6
12 1.20 27.38 3
13 1.07 47.90 3
14 1.45 47.40 6
