Data for Vehicle routing problem with drones - Author: Huyen Do Thi Ngoc
Number of depots: 5
Number of cities: 500
Number of trucks: 8
Number of drones: 8
Area: 100 100 50
Customer maximum demand: 500
Max capacity of truck: 200
Max energy of truck: 5000
Max capacity of drone: 2
Max energy of drone: 50
1 85.81 15.86 40.79
2 31.03 76.24 42.09
3 3.05 48.04 18.81
4 93.29 63.85 26.72
5 4.31 17.21 41.00
1 1.75 39.12 10.03 125.13 7 11 2
2 12.52 1.74 25.84 147.57 0 30 3
3 62.09 14.33 48.70 359.22 13 44 1
4 97.60 23.55 41.07 429.88 1 36 3
5 33.66 13.01 1.59 365.72 16 39 4
6 66.03 56.82 32.49 224.83 18 35 2
7 26.17 61.95 3.01 146.98 11 17 1
8 32.24 27.95 41.63 68.23 18 20 1
9 60.33 99.36 2.60 54.22 0 30 3
10 20.25 6.37 37.11 73.27 14 31 4
11 44.35 94.42 4.58 246.26 11 26 5
12 58.77 84.47 39.78 79.76 24 48 4
13 30.69 37.65 24.91 99.80 24 26 4
14 10.15 78.58 4.23 157.93 18 41 2
15 65.73 51.75 47.05 253.75 6 21 2
16 71.39 47.95 48.45 96.16 4 7 5
17 78.54 11.56 26.59 113.04 13 22 4
18 87.48 32.85 0.04 265.42 6 24 2
19 65.66 88.55 24.71 430.01 15 18 1
20 36.15 18.27 47.26 203.43 19 46 4
21 72.48 51.77 12.72 193.96 5 42 1
22 35.80 99.17 48.18 54.32 24 38 4
23 34.57 52.13 27.56 142.06 13 20 1
24 89.78 15.82 29.97 430.36 2 24 2
25 42.61 66.66 2.75 320.13 14 34 3
26 24.96 76.45 12.54 473.45 23 40 4
27 29.03 85.91 14.41 104.62 14 44 4
28 39.79 84.32 16.70 231.42 0 30 2
29 64.86 54.10 21.69 488.00 20 47 2
30 15.44 11.97 23.82 314.06 2 38 5
31 54.36 83.25 11.93 362.22 11 17 1
32 18.72 56.92 1.88 78.30 0 31 5
33 59.38 42.31 22.34 321.90 5 7 3
34 88.36 29.92 32.39 187.66 14 45 5
35 21.46 87.66 2.76 144.62 0 15 1
36 62.96 50.09 28.13 358.34 23 29 1
37 32.80 69.36 12.77 430.30 18 37 5
38 45.62 52.63 42.21 182.05 12 32 2
39 74.13 69.08 6.05 469.15 15 20 4
40 92.60 73.54 35.78 352.93 9 12 5
41 71.67 73.38 17.58 184.60 21 24 5
42 34.98 13.73 39.25 91.72 6 15 5
43 11.00 53.71 29.35 192.62 14 39 5
44 76.03 0.57 40.71 244.61 0 47 5
45 14.10 98.02 43.42 233.59 6 7 2
46 1.19 50.39 45.71 256.14 23 24 4
47 26.45 45.50 21.31 379.01 14 35 1
48 38.13 22.87 14.35 437.73 15 40 4
49 85.04 89.39 39.41 266.30 14 41 3
50 69.15 27.04 11.47 342.24 16 21 1
51 77.06 99.80 11.65 340.60 24 34 1
52 66.64 93.90 29.71 191.01 15 33 4
53 13.88 90.26 28.36 149.58 7 25 2
54 55.69 31.93 40.93 83.98 12 39 5
55 96.93 8.32 29.02 97.49 18 42 3
56 86.51 22.52 9.40 342.63 13 19 1
57 92.44 75.41 9.99 387.52 14 40 1
58 48.10 21.65 37.58 54.43 1 45 2
59 11.03 39.71 48.57 325.06 24 33 1
60 56.22 24.97 15.25 243.10 15 45 2
61 74.60 56.76 22.66 449.78 8 35 3
62 49.78 31.44 34.33 259.99 9 12 1
63 70.57 42.28 18.29 216.47 15 21 2
64 18.39 63.76 44.47 399.44 22 23 5
65 65.88 61.63 28.52 381.09 5 37 5
66 31.39 27.54 4.73 190.48 24 39 5
67 90.77 82.89 11.05 466.75 24 38 1
68 40.59 55.17 14.15 282.48 10 13 1
69 18.82 30.38 48.72 297.95 8 16 2
70 70.56 82.86 22.01 142.81 2 45 3
71 75.12 37.22 22.93 182.27 18 20 2
72 66.98 84.92 36.63 440.65 24 42 2
73 11.04 9.89 33.38 247.05 6 42 2
74 91.56 60.10 12.07 78.25 14 34 1
75 57.84 79.65 4.93 437.61 15 36 1
76 48.21 2.01 26.36 96.60 5 9 3
77 74.73 66.11 19.69 139.16 7 37 2
78 89.92 66.45 48.18 135.84 22 28 5
79 57.08 72.89 0.57 192.87 14 38 3
80 36.99 2.75 10.66 459.18 6 27 3
81 89.48 48.64 8.38 423.19 0 40 5
82 78.59 43.51 46.57 459.11 13 34 2
83 73.29 31.07 0.35 459.27 14 17 4
84 2.55 75.86 7.72 219.29 20 44 1
85 17.31 32.43 33.00 404.97 0 20 3
86 82.34 41.27 8.58 263.08 22 29 3
87 37.91 45.34 4.84 216.35 8 8 2
88 19.72 60.37 12.37 419.64 7 28 5
89 30.89 99.94 19.93 306.00 0 16 3
90 86.80 46.34 6.66 198.32 11 45 5
91 79.87 26.25 21.15 280.01 3 47 3
92 15.42 37.16 22.54 332.08 1 1 5
93 91.55 27.19 47.44 233.90 10 15 4
94 62.60 66.70 37.44 438.17 6 12 2
95 24.99 74.34 25.37 142.35 19 27 4
96 16.10 76.58 24.63 169.84 13 22 2
97 30.16 57.79 8.47 468.63 2 3 5
98 28.53 7.76 32.58 104.03 24 30 4
99 38.99 8.10 13.23 236.55 23 47 1
100 38.92 40.23 47.11 228.76 11 19 2
101 39.52 81.65 37.49 465.00 19 24 3
102 83.88 53.48 8.71 308.08 6 34 2
103 84.24 48.18 10.24 136.62 5 10 3
104 31.50 62.66 45.08 54.94 13 31 3
105 7.97 47.37 1.38 437.67 1 43 2
106 52.20 46.03 39.59 118.82 8 47 4
107 1.84 96.51 36.57 387.06 12 21 1
108 12.50 60.98 41.12 250.66 6 22 3
109 55.54 71.81 9.75 72.46 5 34 2
110 77.52 65.85 14.76 81.99 19 27 5
111 23.08 4.09 10.60 345.40 2 30 3
112 49.70 91.46 42.15 228.37 16 31 2
113 62.17 93.44 5.85 319.41 14 33 5
114 90.27 64.48 44.84 465.37 0 10 2
115 73.69 94.90 31.54 282.85 24 25 1
116 54.83 45.51 45.09 245.65 21 48 1
117 32.11 95.07 4.32 230.00 5 22 4
118 17.38 68.11 26.79 56.37 3 30 1
119 27.14 70.20 19.43 499.74 10 26 3
120 28.31 41.40 15.31 486.10 19 48 3
121 87.70 66.08 34.38 468.77 19 41 3
122 39.14 32.37 18.55 441.76 24 36 5
123 11.01 1.53 45.66 463.60 13 43 4
124 29.97 18.45 38.21 214.51 18 47 5
125 60.25 93.02 21.04 317.89 24 39 1
126 29.38 51.67 0.89 497.30 5 40 4
127 4.38 78.25 30.03 299.15 24 38 1
128 99.46 55.34 14.96 96.76 15 21 2
129 11.24 89.17 30.08 376.31 18 46 5
130 25.77 78.66 46.23 273.80 3 25 2
131 91.16 83.80 11.13 376.44 14 16 3
132 0.29 39.01 33.50 375.22 2 4 2
133 82.78 7.77 11.12 279.99 24 31 1
134 0.51 85.10 47.60 325.17 18 20 3
135 42.68 45.48 37.76 107.51 10 45 2
136 3.96 87.83 3.57 219.92 23 44 1
137 53.70 87.78 16.29 480.87 7 28 5
138 60.80 75.93 0.07 158.88 11 18 2
139 5.12 15.55 33.05 201.97 11 46 3
140 32.03 42.10 9.02 130.05 12 19 3
141 24.47 7.81 11.33 360.42 13 36 2
142 57.79 93.89 42.31 166.70 6 11 5
143 26.75 84.28 13.76 428.29 12 36 3
144 83.16 65.10 29.27 111.08 17 42 4
145 56.27 67.75 30.74 122.58 19 38 2
146 23.06 83.34 47.99 475.04 20 46 1
147 56.80 71.65 25.89 451.38 12 33 2
148 13.51 86.77 48.33 196.86 22 43 5
149 32.18 40.40 34.44 393.84 14 17 4
150 3.53 91.99 27.20 453.27 15 30 3
151 28.36 76.64 26.33 416.61 9 39 5
152 56.14 42.69 20.39 322.64 8 28 2
153 4.26 23.24 33.69 223.58 17 29 3
154 28.62 98.94 49.63 428.09 17 21 4
155 7.25 21.79 29.27 382.33 5 36 4
156 45.13 34.81 10.03 457.52 20 27 4
157 63.66 81.49 23.45 204.22 9 19 3
158 93.00 16.62 29.64 479.41 6 6 2
159 47.58 63.27 11.72 257.49 10 42 5
160 90.42 88.53 38.97 318.03 22 28 3
161 70.06 13.07 17.54 86.91 9 9 4
162 60.28 61.64 14.34 114.77 5 12 4
163 99.31 89.46 8.63 253.66 2 35 2
164 68.75 96.96 27.31 214.50 0 37 5
165 25.92 30.17 19.89 252.62 11 17 4
166 20.75 55.65 38.33 324.00 12 12 4
167 9.15 0.55 20.16 71.63 17 18 2
168 55.72 55.48 31.86 413.23 9 29 4
169 66.89 97.08 23.39 454.93 24 44 1
170 20.83 70.57 6.92 208.00 12 43 1
171 80.78 46.59 38.38 276.00 5 36 5
172 27.38 71.68 29.37 110.28 14 29 4
173 7.27 37.06 41.48 165.46 15 22 2
174 37.53 71.22 37.86 161.33 20 41 4
175 89.64 21.78 26.65 422.24 23 27 2
176 48.33 46.64 0.54 388.89 20 28 5
177 52.94 96.85 33.02 115.37 19 47 1
178 73.49 7.92 19.29 240.87 8 10 4
179 27.04 40.78 43.55 465.90 14 14 1
180 76.89 22.24 8.14 404.73 11 35 3
181 32.94 51.61 48.92 102.78 20 41 3
182 31.70 81.80 41.73 53.34 1 37 3
183 93.71 92.40 15.94 223.87 12 35 4
184 98.26 84.94 43.34 304.60 4 20 1
185 89.91 9.26 32.84 322.01 0 43 4
186 80.39 52.10 43.87 314.48 1 3 2
187 36.52 49.20 21.89 248.61 9 35 1
188 58.80 24.60 40.12 247.04 8 40 1
189 69.33 48.40 42.71 238.43 12 13 1
190 5.97 45.89 7.35 230.24 21 31 2
191 14.68 17.12 29.29 444.69 16 42 1
192 51.48 46.81 20.08 119.67 3 19 1
193 48.56 47.72 48.23 285.04 20 48 1
194 98.78 0.98 1.23 60.17 8 25 2
195 86.73 66.72 9.95 304.63 5 20 3
196 87.02 71.15 0.20 404.65 13 21 5
197 79.09 11.39 31.18 239.81 2 20 1
198 47.31 50.36 47.39 251.57 14 46 5
199 3.59 2.13 40.78 479.33 5 46 1
200 79.90 40.77 16.66 437.51 18 44 1
201 98.40 78.69 8.75 116.75 16 35 2
202 45.74 89.52 35.52 343.24 3 44 4
203 24.62 28.68 48.59 289.55 8 35 2
204 6.50 9.79 49.18 364.18 5 19 3
205 32.97 80.21 19.01 58.46 21 45 3
206 8.53 96.45 1.64 252.33 5 14 4
207 81.53 48.65 32.03 460.37 9 37 4
208 39.87 89.59 12.94 73.48 7 17 1
209 24.57 27.90 17.59 441.55 18 45 2
210 56.05 44.96 47.91 216.57 14 29 1
211 43.66 3.02 25.86 122.82 24 40 3
212 99.99 8.67 21.85 217.41 20 33 3
213 46.22 78.05 18.83 256.60 23 23 5
214 16.66 23.41 1.84 114.26 2 6 5
215 31.59 51.10 26.03 229.07 4 31 4
216 90.05 81.49 12.66 245.01 19 28 2
217 21.66 4.70 6.99 390.00 9 39 3
218 48.05 25.25 19.51 267.36 10 29 2
219 3.58 50.97 31.10 200.97 22 44 2
220 19.77 45.18 13.58 403.71 10 43 4
221 22.94 1.24 15.72 183.97 11 18 5
222 5.85 76.78 43.56 112.52 9 36 2
223 13.83 39.32 29.55 140.61 8 37 2
224 11.02 87.75 46.06 216.86 23 41 5
225 40.39 66.55 20.63 176.20 24 32 5
226 61.76 32.50 2.83 245.12 24 47 1
227 34.75 90.18 41.89 364.43 13 18 5
228 35.17 83.33 42.89 241.69 5 18 5
229 71.02 50.87 29.44 491.85 5 45 3
230 4.34 19.53 26.49 133.19 1 11 5
231 88.30 62.10 32.47 233.60 2 14 2
232 16.40 44.48 1.03 467.18 24 25 3
233 8.29 28.00 6.80 234.30 23 46 1
234 19.69 11.73 48.52 197.15 11 39 3
235 83.04 80.22 10.43 295.57 4 11 2
236 2.47 97.13 25.01 150.21 8 8 5
237 24.93 42.23 25.71 257.51 18 37 1
238 8.84 62.45 48.33 475.53 9 10 5
239 67.03 74.70 8.08 202.79 5 21 5
240 15.14 96.62 42.51 436.08 22 42 3
241 73.35 69.50 48.17 179.96 13 21 2
242 97.43 54.48 1.52 471.67 7 17 1
243 22.82 56.72 14.14 225.79 16 48 1
244 23.40 86.20 30.49 248.96 8 18 4
245 70.63 67.23 12.35 419.77 7 35 2
246 63.46 14.32 44.10 89.21 13 21 2
247 23.16 45.70 9.95 289.30 11 29 1
248 87.26 60.67 41.58 94.95 24 48 1
249 93.26 99.16 2.45 191.24 18 34 5
250 90.75 38.23 48.64 222.92 20 27 5
251 65.52 74.56 49.04 200.70 13 21 3
252 12.29 33.61 11.47 334.74 9 44 2
253 87.63 45.22 17.74 152.39 4 4 3
254 69.31 93.62 32.42 109.65 24 30 1
255 76.64 61.59 21.80 279.84 3 7 4
256 84.22 29.90 21.08 137.80 4 20 1
257 78.97 18.10 28.45 355.29 17 25 2
258 45.25 57.78 23.24 298.51 18 18 2
259 39.10 83.04 34.74 322.63 16 29 2
260 71.82 66.08 36.84 487.75 4 4 1
261 67.14 3.00 49.30 95.68 11 12 3
262 87.38 22.61 49.76 95.20 24 29 4
263 71.05 19.94 36.71 337.42 9 35 5
264 71.13 71.43 37.37 376.64 2 4 1
265 90.47 83.51 4.68 436.96 7 47 3
266 33.51 58.02 41.54 356.51 11 35 2
267 88.13 3.73 49.95 241.62 7 19 3
268 0.11 43.65 30.29 192.60 3 19 3
269 67.04 20.71 32.70 424.51 17 47 2
270 7.93 18.17 33.11 244.97 5 7 4
271 19.33 98.75 4.87 477.40 9 37 5
272 20.49 35.90 40.52 81.40 10 11 4
273 85.75 34.18 34.92 275.16 23 39 5
274 99.10 45.84 15.97 50.14 20 45 4
275 56.16 15.62 15.17 175.15 19 46 5
276 90.12 22.79 30.53 238.94 10 21 4
277 90.93 7.68 48.60 315.61 11 19 4
278 97.64 90.28 49.64 345.45 2 38 4
279 93.71 55.33 23.15 189.77 2 6 2
280 45.07 16.92 29.71 447.01 23 44 4
281 33.43 15.57 40.84 281.32 15 17 1
282 42.07 2.90 35.87 195.72 22 35 4
283 74.65 96.68 15.65 481.48 7 9 5
284 49.43 14.85 41.24 215.02 21 27 1
285 35.52 92.70 35.22 204.51 22 34 2
286 25.27 5.65 16.47 162.97 5 28 2
287 95.88 56.88 24.54 124.51 15 46 5
288 88.81 13.72 20.80 151.01 8 29 4
289 69.21 30.56 29.71 309.00 12 24 2
290 23.66 21.57 26.08 335.08 22 41 1
291 42.32 64.80 6.81 412.30 4 19 5
292 65.44 30.51 4.04 119.06 2 47 4
293 84.26 98.75 22.61 487.33 13 13 2
294 48.42 39.84 37.43 132.99 8 41 2
295 64.16 53.51 48.04 475.29 23 30 1
296 4.10 45.19 6.95 241.22 19 34 4
297 66.45 43.42 23.81 255.82 19 30 1
298 85.26 41.29 14.43 128.65 20 23 1
299 43.91 47.43 48.20 234.74 24 41 4
300 1.37 60.96 1.44 173.67 17 35 3
301 89.40 5.65 46.95 349.78 10 11 3
302 78.27 29.69 22.78 156.25 17 22 2
303 49.08 40.56 13.95 347.83 7 41 2
304 64.40 18.95 0.17 198.15 17 39 3
305 25.74 61.91 15.16 271.00 3 25 1
306 72.73 98.05 36.04 489.09 1 3 1
307 2.21 3.49 44.88 405.73 8 11 1
308 1.44 97.66 33.10 273.05 1 13 3
309 48.66 91.56 24.30 104.16 21 44 3
310 48.14 27.52 11.02 217.66 16 33 4
311 28.58 49.92 11.45 361.76 6 48 1
312 95.67 29.33 16.48 123.21 6 30 1
313 48.52 38.23 36.04 387.92 0 36 2
314 14.75 39.21 19.45 188.90 14 27 4
315 10.49 78.93 18.65 117.88 7 16 5
316 71.58 33.13 1.15 426.99 14 42 1
317 46.33 43.47 10.28 482.62 22 27 2
318 32.92 23.35 44.85 126.44 8 15 4
319 33.37 8.92 39.36 354.20 15 44 5
320 73.71 54.65 19.72 499.48 2 22 1
321 30.15 69.63 5.34 133.04 8 34 2
322 37.82 2.45 31.66 245.63 10 40 5
323 83.86 85.48 3.38 86.56 22 34 1
324 29.28 41.62 49.30 351.09 4 44 4
325 37.03 58.65 20.12 398.85 8 19 4
326 55.55 12.76 14.58 430.85 8 35 3
327 80.39 8.26 9.00 387.13 20 46 1
328 35.59 42.21 13.77 138.39 16 38 5
329 49.23 42.83 33.23 143.98 1 41 1
330 79.32 34.43 35.10 177.85 20 33 4
331 19.59 15.03 31.32 318.50 18 29 4
332 75.85 39.10 39.62 249.98 9 27 5
333 58.66 78.55 6.03 175.65 7 21 1
334 37.54 11.11 20.65 419.71 3 43 3
335 30.84 47.11 29.58 449.07 8 44 1
336 15.58 66.61 29.48 394.10 2 29 4
337 56.86 29.00 5.63 480.16 15 34 4
338 67.05 6.67 12.13 349.37 21 44 2
339 15.37 97.17 25.95 169.76 5 19 5
340 69.75 57.81 26.51 78.42 4 25 3
341 29.14 75.44 45.61 174.09 0 27 2
342 68.95 49.32 33.27 65.95 7 14 5
343 28.69 9.39 49.05 103.87 5 44 1
344 0.59 9.17 34.82 325.17 9 25 4
345 25.04 57.13 7.68 458.96 21 35 5
346 91.51 95.37 13.17 227.20 19 28 5
347 82.36 6.82 49.12 84.76 18 19 2
348 10.12 83.05 16.60 489.24 13 21 2
349 66.40 48.67 48.23 300.44 2 26 5
350 74.40 26.79 12.14 134.37 24 36 2
351 59.34 32.96 17.60 392.50 2 8 1
352 17.92 13.97 32.13 211.77 13 19 5
353 26.76 86.68 32.41 268.07 1 15 3
354 5.68 5.20 5.48 361.65 22 25 2
355 73.98 38.71 20.55 156.07 20 32 2
356 24.29 71.96 1.52 192.19 11 39 1
357 59.50 74.31 43.64 178.50 2 12 5
358 31.81 39.94 23.80 412.36 0 13 4
359 58.64 80.68 45.26 131.27 6 46 1
360 3.79 85.14 42.25 222.51 16 46 3
361 35.45 84.92 45.01 142.51 1 43 2
362 77.12 64.82 35.05 135.16 20 30 5
363 14.90 4.92 30.85 175.33 22 37 1
364 26.84 94.95 11.02 468.72 11 42 4
365 41.40 33.63 48.98 432.35 2 6 2
366 13.65 45.30 48.31 458.95 9 17 5
367 56.59 79.04 49.78 70.82 22 37 5
368 61.57 68.83 14.78 467.59 19 39 2
369 67.95 36.55 29.12 201.68 8 25 3
370 83.97 21.37 12.17 206.65 4 11 2
371 16.78 81.50 4.21 418.39 16 36 1
372 77.19 22.59 18.90 153.83 7 33 4
373 72.10 60.06 38.00 317.61 20 20 2
374 55.75 33.60 30.45 206.71 10 32 2
375 45.33 47.43 16.07 338.67 4 20 4
376 18.85 32.08 9.97 179.82 6 9 4
377 62.53 8.87 25.40 137.10 3 13 2
378 59.92 13.28 44.30 380.40 22 32 5
379 40.73 71.19 14.64 335.64 15 24 2
380 98.03 85.76 38.31 83.80 16 39 5
381 18.52 99.09 39.80 482.03 2 10 5
382 2.48 71.37 19.87 442.52 16 42 4
383 55.91 27.21 49.84 111.25 14 41 4
384 24.25 82.44 16.46 302.41 4 40 1
385 19.50 13.41 43.34 218.77 19 20 5
386 61.07 22.92 3.65 260.95 23 31 4
387 28.43 20.71 31.88 463.70 13 21 5
388 26.23 4.29 29.83 69.31 17 40 4
389 83.14 1.10 7.62 312.77 1 45 5
390 15.63 26.39 11.39 485.39 16 45 5
391 3.69 21.89 6.07 460.91 17 38 4
392 70.30 16.56 34.73 413.87 16 41 5
393 28.94 41.19 45.30 191.16 20 31 5
394 36.60 36.06 47.91 244.15 4 35 4
395 39.47 44.46 44.55 442.35 13 27 3
396 5.33 14.48 28.65 170.96 7 31 5
397 85.93 73.53 26.79 427.77 0 18 1
398 24.18 30.48 6.91 89.35 12 12 4
399 39.62 59.03 3.04 421.59 12 31 4
400 38.57 77.46 21.63 202.69 2 19 1
401 9.08 0.36 8.17 353.68 19 19 5
402 5.04 43.87 3.65 288.89 23 34 5
403 13.72 8.29 28.97 217.63 2 47 4
404 69.88 21.73 44.66 329.79 18 21 2
405 14.82 7.05 36.08 163.62 23 48 3
406 38.62 24.21 26.86 101.24 20 42 5
407 28.68 46.26 6.15 463.25 14 32 2
408 68.61 60.86 31.41 53.88 0 42 5
409 53.87 6.87 34.05 278.81 7 42 1
410 94.90 63.74 42.38 430.29 18 25 2
411 63.44 15.20 0.64 111.79 13 43 2
412 36.55 81.38 17.37 126.37 14 22 3
413 87.11 23.55 14.70 161.28 13 16 4
414 57.25 47.02 9.99 130.84 24 34 3
415 48.05 59.81 42.13 275.88 13 25 5
416 0.05 25.00 40.48 138.95 7 31 1
417 89.42 21.04 32.71 339.80 12 17 2
418 8.34 78.51 11.34 206.51 0 27 2
419 42.82 35.34 28.77 283.10 13 22 1
420 62.90 83.63 44.59 288.21 17 46 1
421 82.44 70.04 19.57 202.02 1 34 1
422 36.44 77.73 32.36 165.70 8 20 4
423 48.71 69.34 0.36 211.84 11 25 5
424 61.92 65.71 14.50 206.26 3 19 5
425 86.72 43.08 26.17 397.42 15 27 2
426 0.24 83.54 7.94 50.91 5 36 3
427 42.61 48.71 3.77 116.95 12 43 1
428 57.21 14.55 15.40 220.31 14 42 5
429 50.32 71.63 35.78 376.05 1 15 2
430 19.93 74.91 18.44 444.27 4 23 3
431 88.36 66.03 2.51 71.94 21 41 4
432 6.69 88.26 4.58 434.96 17 48 3
433 87.64 73.24 3.16 90.50 4 30 1
434 85.50 91.65 41.13 126.00 0 9 1
435 30.70 40.73 30.97 115.85 20 38 3
436 79.88 27.35 13.88 347.49 4 40 5
437 86.46 72.77 43.32 248.83 2 14 1
438 19.27 36.71 14.68 389.15 18 38 2
439 5.43 21.25 4.59 397.22 20 45 5
440 76.38 6.76 3.99 302.65 0 6 3
441 40.62 23.59 17.62 83.35 12 16 3
442 65.73 46.33 40.57 380.71 18 34 2
443 56.96 85.96 10.85 212.66 11 16 5
444 15.08 86.20 20.78 180.58 10 33 5
445 38.02 46.85 15.02 283.43 5 11 4
446 40.53 19.85 47.99 246.85 9 44 1
447 88.95 17.73 16.79 398.68 15 17 4
448 80.64 50.06 34.66 423.35 1 26 4
449 90.66 80.41 24.78 299.92 10 25 1
450 44.97 1.41 44.53 495.06 15 39 2
451 90.61 13.13 2.28 189.31 2 47 5
452 45.51 49.76 16.20 305.77 23 41 1
453 92.18 69.15 38.59 340.01 14 35 5
454 89.62 9.99 6.92 299.74 12 12 2
455 47.23 9.14 16.86 81.74 24 39 2
456 20.92 11.79 40.21 160.10 21 38 3
457 65.92 82.12 49.42 445.31 18 30 5
458 94.96 42.92 36.60 162.29 11 21 1
459 95.32 57.68 18.42 123.06 18 20 5
460 72.91 5.87 7.05 88.81 13 37 2
461 60.37 46.95 39.01 418.92 12 30 3
462 23.85 63.86 10.49 177.58 10 32 5
463 70.63 7.87 26.03 120.42 12 45 5
464 87.50 67.36 42.76 227.34 18 20 4
465 89.56 14.53 31.26 420.12 1 33 3
466 14.07 80.93 26.50 184.36 14 32 4
467 32.88 67.33 10.35 426.02 22 25 1
468 87.63 92.96 33.99 70.70 24 25 1
469 46.29 28.34 42.40 337.03 22 46 5
470 94.94 36.59 9.38 136.71 13 39 4
471 88.37 0.96 41.46 251.90 6 8 2
472 63.20 59.26 22.76 212.66 15 28 1
473 51.28 90.87 24.46 406.96 21 29 4
474 57.33 15.79 47.56 404.13 7 16 4
475 73.79 61.77 39.95 73.58 10 19 3
476 15.89 0.50 27.55 298.51 14 16 3
477 2.23 36.81 48.43 468.27 2 43 5
478 83.21 66.33 6.12 207.95 9 48 5
479 68.09 69.42 41.04 277.92 10 23 4
480 54.11 33.82 15.88 252.55 20 35 3
481 33.04 11.91 14.28 132.30 2 46 1
482 38.85 35.67 19.13 404.97 9 23 5
483 74.70 4.03 29.30 181.91 9 22 4
484 47.82 89.06 1.53 88.02 23 23 2
485 20.79 4.10 49.39 301.83 4 46 1
486 72.53 73.64 27.10 297.24 5 31 4
487 89.49 87.57 40.89 190.39 5 24 1
488 25.53 26.02 4.54 402.35 5 6 5
489 58.72 65.33 6.18 258.25 21 33 3
490 47.17 26.62 12.25 363.76 2 27 2
491 44.07 95.68 7.03 177.46 22 23 2
492 97.51 97.32 33.07 403.46 18 32 1
493 98.77 35.18 24.23 416.29 0 15 3
494 27.73 28.20 2.97 100.15 13 47 5
495 73.58 66.53 30.76 155.16 1 1 5
496 78.89 27.48 30.03 430.32 24 35 5
497 49.85 38.50 15.04 348.87 13 34 4
498 70.72 32.86 10.16 52.52 20 47 3
499 53.46 83.35 3.23 403.37 16 19 5
500 81.00 12.20 34.46 166.45 0 24 3
1 180.49 3921.35 1
2 108.61 3520.79 2
3 189.50 4121.18 3
4 145.01 4994.49 4
5 192.59 2653.42 5
6 101.72 2908.30 2
7 104.82 3354.61 4
8 191.90 3955.99 4
1 1.51 27.99 6
2 1.99 45.44 6
3 1.72 36.24 3
4 1.80 27.54 5
5 1.61 40.82 5
6 1.71 41.65 2
7 2.00 29.23 3
8 1.91 35.11 3
