Data for Vehicle routing problem with drones - Author: Huyen Do Thi Ngoc
Number of depots: 5
Number of cities: 400
Number of trucks: 8
Number of drones: 18
Area: 100 100 50
Customer maximum demand: 500
Max capacity of truck: 200
Max energy of truck: 5000
Max capacity of drone: 2
Max energy of drone: 50
1 62.06 35.38 33.43
2 38.17 51.74 0.47
3 90.77 30.73 8.87
4 26.45 80.53 14.55
5 69.11 80.96 39.55
1 4.49 47.62 3.99 138.94 23 43 2
2 5.09 68.81 46.91 302.88 17 34 1
3 46.33 0.47 30.82 435.47 14 20 3
4 21.59 11.39 8.82 99.50 19 20 3
5 79.55 39.98 38.31 418.97 23 30 3
6 95.84 89.10 2.76 206.20 8 44 4
7 47.87 54.00 21.17 337.43 7 48 4
8 16.28 64.63 8.79 146.69 5 35 2
9 84.64 72.92 34.84 194.25 10 45 4
10 81.68 8.42 1.72 289.30 3 33 4
11 70.43 41.87 16.82 346.47 11 27 1
12 28.13 13.58 42.97 477.51 11 35 1
13 61.92 59.97 37.38 323.20 17 40 3
14 58.99 15.77 20.45 346.91 23 24 4
15 76.61 35.75 8.88 269.04 20 28 3
16 38.86 88.84 21.46 214.27 21 41 4
17 36.88 23.49 11.61 222.12 6 13 4
18 58.26 69.86 37.51 206.14 3 43 4
19 7.97 48.74 28.38 85.01 20 39 3
20 81.98 82.01 5.26 337.22 24 38 5
21 87.95 35.70 47.40 176.63 11 21 3
22 72.45 34.12 10.68 158.43 8 16 2
23 11.27 6.08 1.97 66.70 3 45 4
24 95.94 25.91 27.69 203.15 22 23 3
25 15.42 72.31 43.29 134.31 3 14 1
26 51.35 19.91 7.02 421.10 20 32 5
27 36.57 55.51 6.90 61.39 17 26 1
28 66.00 0.19 19.36 134.21 7 30 5
29 1.33 46.26 2.93 437.18 7 39 4
30 40.28 10.00 45.58 288.99 21 21 1
31 9.10 52.91 28.81 206.59 24 27 1
32 99.18 24.68 8.34 361.49 8 37 5
33 85.35 74.87 5.95 242.19 18 34 1
34 51.85 66.84 1.58 238.65 21 40 3
35 79.73 43.79 18.60 215.28 1 6 4
36 49.94 22.93 39.80 91.50 20 25 2
37 55.77 26.78 35.50 156.41 23 37 2
38 89.49 14.26 29.63 394.92 10 27 2
39 55.41 87.09 28.99 306.37 21 28 2
40 92.37 65.65 39.33 354.22 19 22 1
41 24.56 15.30 9.83 122.65 21 22 5
42 51.99 70.38 28.78 290.84 10 47 4
43 24.50 98.32 23.19 85.28 23 38 3
44 96.53 90.91 26.51 401.24 1 7 4
45 4.56 90.79 43.23 386.91 4 48 5
46 33.73 78.02 35.42 283.82 9 16 1
47 53.11 34.66 16.26 421.67 12 44 4
48 13.57 54.61 29.14 198.87 17 23 2
49 11.99 54.29 1.29 58.75 1 35 5
50 20.19 23.39 36.94 296.48 0 47 5
51 15.27 74.97 0.72 222.02 0 20 1
52 72.55 45.91 43.80 216.11 2 18 2
53 91.74 66.95 45.81 353.18 0 3 2
54 55.43 44.76 27.96 347.76 18 32 2
55 17.54 92.65 6.92 275.67 20 47 4
56 30.33 68.48 43.94 87.27 11 28 3
57 42.29 87.54 47.54 243.45 2 5 2
58 30.93 56.59 45.24 176.76 17 21 1
59 14.89 36.09 36.99 251.98 22 34 3
60 45.55 15.94 34.40 88.44 10 39 3
61 97.09 46.65 45.05 252.74 1 42 4
62 14.86 32.76 22.45 431.27 12 32 3
63 97.90 97.50 25.01 345.29 6 15 1
64 21.60 62.22 25.52 64.53 18 32 2
65 49.71 63.92 33.08 406.97 13 45 4
66 2.30 19.67 49.87 57.53 12 25 1
67 0.06 90.99 29.08 392.72 18 34 3
68 82.59 68.47 44.78 421.39 18 27 1
69 37.24 52.98 11.68 433.37 8 46 3
70 38.00 86.93 18.59 267.89 12 28 5
71 77.53 0.81 36.88 146.74 1 41 2
72 63.36 21.22 42.33 355.74 20 26 1
73 55.12 63.19 32.97 53.52 21 36 4
74 24.05 57.52 19.06 475.69 9 20 4
75 47.62 93.93 10.64 116.35 12 14 5
76 49.05 81.28 24.49 494.14 19 47 2
77 22.43 39.12 17.06 340.89 11 37 5
78 2.08 98.12 39.43 324.53 3 23 4
79 26.58 87.18 18.55 89.94 17 26 1
80 24.83 64.40 11.07 475.59 6 17 3
81 58.11 55.61 42.09 206.94 7 19 5
82 89.03 91.33 14.80 386.64 22 47 5
83 78.20 8.56 9.00 231.23 16 29 4
84 68.16 78.87 47.66 205.91 5 17 4
85 68.54 81.68 15.42 256.17 3 4 4
86 37.07 28.75 4.51 167.45 1 3 3
87 46.63 68.23 20.55 340.35 17 20 4
88 96.09 43.56 16.48 252.28 8 25 3
89 13.78 36.07 29.82 365.80 13 36 5
90 94.64 50.33 15.68 365.31 1 18 1
91 29.24 51.66 16.71 453.84 4 46 2
92 9.32 3.50 23.83 456.99 1 37 3
93 53.60 15.12 45.06 119.72 15 25 2
94 91.35 58.16 22.54 107.28 11 37 5
95 17.32 76.87 4.08 302.40 2 17 5
96 19.61 89.75 47.01 381.29 11 39 1
97 31.11 69.16 27.81 197.24 4 8 5
98 6.33 71.32 29.83 434.76 5 37 5
99 40.72 26.31 21.36 332.39 19 37 1
100 62.97 61.42 37.95 177.53 23 36 5
101 38.00 66.61 37.14 76.06 21 31 2
102 4.94 11.13 17.79 177.91 18 24 2
103 19.12 16.89 29.11 100.17 12 26 3
104 98.79 77.37 23.47 381.32 14 26 1
105 2.24 84.82 16.97 407.21 21 41 3
106 31.07 94.09 24.68 465.34 14 39 3
107 42.05 19.71 18.05 374.20 12 22 1
108 28.33 90.23 7.07 71.75 14 24 3
109 40.93 58.54 23.91 281.98 9 36 4
110 91.36 72.57 30.66 498.56 16 33 2
111 19.21 55.62 43.18 263.28 18 35 5
112 39.02 34.87 29.71 367.04 13 30 3
113 44.53 91.96 5.70 99.82 8 30 3
114 3.75 17.66 3.27 161.98 2 32 2
115 6.47 82.05 0.63 347.78 24 39 2
116 41.94 91.01 24.37 66.46 6 48 5
117 44.91 76.94 35.43 449.42 3 27 1
118 82.20 22.86 18.50 382.81 12 30 5
119 10.62 54.76 21.37 387.85 14 21 1
120 57.34 48.24 0.04 214.96 18 38 5
121 85.43 77.00 44.10 273.13 7 25 5
122 51.79 72.37 42.45 278.29 1 18 2
123 60.02 12.17 25.78 384.26 20 31 3
124 76.17 72.81 48.34 78.85 6 27 2
125 32.80 45.18 19.64 463.77 7 23 2
126 86.16 77.70 30.82 84.09 14 36 1
127 66.28 14.76 4.60 197.43 11 44 5
128 34.47 23.14 13.12 428.71 6 45 2
129 42.89 58.93 38.65 95.71 13 36 2
130 11.24 86.02 22.97 384.94 18 39 5
131 77.60 12.15 30.11 112.26 20 27 2
132 39.69 27.27 48.43 68.80 1 40 1
133 55.12 5.86 35.77 459.83 12 43 5
134 4.01 13.39 28.67 349.19 9 35 2
135 91.86 51.86 5.18 346.79 22 40 3
136 66.18 49.05 21.49 411.93 17 24 1
137 93.29 58.78 21.96 187.39 18 19 5
138 75.35 24.81 1.38 222.14 13 47 1
139 89.42 63.90 10.39 448.16 7 38 4
140 73.71 60.59 10.68 218.88 13 17 2
141 67.84 78.12 4.68 431.97 17 23 5
142 99.29 27.18 49.65 330.10 0 15 4
143 60.62 95.66 28.09 473.14 23 37 2
144 29.18 61.03 17.09 137.72 7 46 1
145 22.37 24.30 27.75 77.55 20 27 2
146 95.00 6.95 10.24 111.96 0 30 3
147 60.11 99.32 14.56 386.15 2 5 2
148 36.69 7.41 28.77 476.03 8 37 1
149 53.85 71.95 43.76 96.40 20 23 4
150 84.09 87.61 27.93 471.01 20 35 1
151 14.74 94.16 29.36 191.17 5 9 2
152 37.76 20.98 10.70 330.31 3 30 5
153 72.45 87.06 24.24 264.97 6 7 4
154 59.86 20.85 19.60 90.80 15 26 4
155 68.59 38.82 49.48 201.22 12 13 3
156 33.85 12.69 7.38 461.45 2 31 5
157 50.01 1.13 30.30 283.12 10 43 3
158 76.01 23.08 48.12 232.20 16 22 4
159 98.84 97.48 20.42 252.17 5 17 3
160 36.62 33.65 28.01 401.87 23 29 2
161 12.96 44.65 31.64 428.92 24 44 5
162 86.21 54.25 27.24 107.29 20 47 4
163 72.29 89.97 3.85 219.74 15 36 1
164 45.33 9.02 14.72 455.84 7 43 3
165 67.56 16.84 35.26 125.59 2 37 4
166 90.89 42.23 21.98 66.49 13 44 4
167 17.07 68.96 24.75 169.69 8 19 5
168 34.36 90.49 3.68 380.15 22 34 5
169 94.48 31.94 41.15 460.55 20 39 5
170 81.59 59.33 30.14 249.61 15 39 5
171 27.83 27.93 16.20 345.48 7 48 3
172 98.02 41.07 5.99 434.14 16 44 3
173 87.48 2.65 3.45 132.67 19 36 3
174 27.55 10.22 23.45 324.99 16 43 4
175 85.80 27.67 44.07 411.95 23 30 5
176 13.11 20.90 33.63 99.12 8 39 4
177 38.50 86.38 47.24 231.46 1 25 4
178 56.60 75.13 2.48 143.65 24 45 2
179 2.96 72.14 7.56 269.30 17 35 3
180 63.84 12.46 29.65 182.37 8 12 3
181 1.69 51.75 42.80 365.45 12 20 5
182 12.84 34.41 30.01 199.92 10 18 4
183 10.86 81.33 15.57 416.81 10 26 1
184 87.57 23.19 1.66 485.04 18 47 3
185 98.07 73.58 34.09 207.12 16 35 3
186 74.31 24.61 46.49 72.39 19 38 5
187 61.56 90.37 3.68 474.09 7 33 3
188 65.54 1.78 44.21 94.36 0 36 2
189 42.20 53.17 32.58 96.45 8 47 3
190 1.35 23.36 41.12 422.34 11 36 1
191 56.04 74.16 30.35 80.22 21 31 1
192 44.52 19.47 41.07 475.24 4 6 4
193 5.91 72.99 6.19 374.96 17 30 4
194 59.85 26.47 36.85 447.03 3 45 1
195 1.16 21.22 29.38 54.12 24 45 1
196 31.98 53.47 13.03 70.72 11 44 2
197 56.94 57.83 19.45 384.87 15 40 1
198 55.64 50.61 23.25 273.61 12 33 2
199 18.81 13.12 13.39 143.05 12 39 1
200 42.32 3.50 15.37 414.37 19 19 5
201 78.18 23.03 35.45 368.89 9 36 5
202 21.90 42.04 33.16 149.45 0 20 3
203 0.10 80.48 31.34 111.76 8 30 2
204 86.30 24.35 37.43 452.89 9 41 3
205 99.95 77.35 4.08 477.65 19 48 4
206 96.16 52.90 13.88 324.04 19 45 3
207 58.72 59.66 11.53 106.78 18 41 1
208 54.57 34.90 30.26 335.08 14 33 3
209 46.21 46.35 39.68 217.53 5 32 2
210 4.71 31.74 3.74 431.79 2 35 4
211 36.95 14.67 24.13 160.80 23 47 3
212 80.46 59.94 17.05 392.65 5 9 3
213 85.73 94.38 26.33 342.83 9 30 3
214 90.45 40.42 40.69 258.42 13 13 5
215 81.45 45.34 15.68 239.16 20 34 5
216 21.32 41.14 19.38 94.99 14 17 1
217 28.92 59.12 46.80 398.48 0 31 2
218 99.38 21.60 2.53 50.66 23 34 3
219 9.45 53.17 5.58 470.27 17 34 2
220 72.19 8.74 43.14 252.15 17 45 5
221 61.43 28.74 43.99 182.30 19 21 5
222 73.77 24.32 38.73 178.08 11 37 2
223 75.48 6.65 19.27 387.71 12 13 4
224 81.34 97.20 23.62 265.83 15 42 2
225 61.47 86.70 15.34 474.62 16 45 1
226 22.15 32.48 3.96 393.48 24 36 3
227 99.56 85.02 42.27 50.34 3 9 2
228 89.51 77.06 13.41 56.27 13 45 1
229 62.19 8.11 47.10 279.84 20 48 1
230 37.95 89.10 8.98 72.37 24 35 4
231 6.85 12.58 16.46 314.38 19 35 3
232 14.47 88.96 25.40 180.61 7 20 3
233 90.72 0.16 21.20 286.83 4 15 2
234 67.49 24.57 10.64 213.66 24 47 3
235 54.73 26.41 24.03 479.36 16 34 2
236 7.52 15.43 45.92 235.50 15 33 5
237 57.80 16.31 1.88 78.83 18 22 2
238 83.78 8.58 9.53 76.05 12 25 2
239 24.51 28.36 4.32 196.73 4 6 5
240 18.36 10.86 6.57 319.04 19 33 5
241 17.39 10.94 41.09 192.40 14 36 4
242 99.60 94.01 0.44 498.31 11 11 1
243 62.73 73.09 39.72 457.04 22 28 3
244 54.55 66.39 17.93 50.98 14 25 4
245 24.68 30.80 48.25 152.24 6 15 2
246 24.04 12.21 40.50 448.86 18 34 1
247 90.44 5.07 43.00 119.83 12 44 4
248 68.31 9.50 23.33 323.73 13 32 5
249 50.08 41.53 25.48 331.77 16 28 2
250 2.56 26.22 5.43 146.37 5 33 2
251 51.26 50.61 49.78 297.42 9 39 5
252 97.40 97.77 39.97 55.11 11 40 2
253 50.45 58.37 37.14 421.52 4 4 2
254 64.23 45.84 31.81 427.47 22 40 1
255 95.90 65.37 23.51 109.04 2 5 4
256 90.68 74.43 13.66 272.16 17 41 4
257 9.82 47.90 0.75 79.40 7 43 3
258 77.60 14.29 16.37 235.81 15 43 2
259 67.51 61.18 42.93 423.86 13 40 5
260 81.42 70.86 18.38 336.56 17 47 2
261 38.49 20.01 29.19 314.22 20 20 5
262 51.69 64.52 27.85 422.04 10 45 3
263 26.60 43.74 25.23 52.88 12 35 4
264 85.58 46.36 17.64 116.51 1 10 4
265 79.19 96.82 26.02 358.92 6 6 3
266 34.89 83.98 5.39 346.13 8 15 2
267 53.21 30.95 0.29 325.96 19 33 3
268 42.20 88.87 42.08 188.96 6 14 5
269 39.52 43.34 26.54 202.83 23 23 4
270 95.74 57.22 15.68 154.38 18 45 2
271 84.44 40.77 23.52 408.82 4 28 3
272 53.62 36.81 33.70 155.05 0 12 5
273 16.89 15.25 20.61 246.70 21 32 5
274 82.90 76.37 45.74 357.63 2 3 2
275 30.73 33.61 44.41 373.04 18 29 4
276 70.25 40.19 43.72 167.29 23 33 4
277 62.51 43.64 8.29 196.55 16 28 1
278 8.35 39.30 35.53 146.92 19 30 4
279 34.54 63.13 3.04 412.36 14 24 2
280 49.80 47.49 18.79 410.49 21 21 2
281 73.48 12.81 45.96 294.66 23 38 3
282 91.10 55.64 3.97 53.65 4 4 5
283 2.59 16.04 18.33 174.42 24 32 4
284 19.70 58.24 30.29 383.35 24 24 3
285 95.80 77.38 15.83 103.21 15 32 2
286 51.63 42.73 45.07 229.08 8 30 4
287 69.02 22.01 47.88 62.61 18 27 5
288 69.68 90.60 7.42 213.17 4 36 5
289 33.56 70.60 40.65 317.07 15 24 1
290 50.60 25.96 15.28 476.98 9 43 3
291 0.24 75.91 7.91 465.44 16 42 3
292 32.54 63.85 34.13 137.40 6 6 4
293 5.00 25.28 2.85 493.89 17 24 5
294 96.90 41.47 6.78 209.93 24 38 1
295 41.79 33.83 48.36 258.19 0 43 3
296 58.52 10.22 37.84 108.31 1 15 4
297 97.63 69.73 21.53 259.08 18 23 5
298 49.63 86.56 41.33 381.36 18 34 3
299 34.70 96.09 33.94 344.63 11 25 4
300 10.60 13.91 28.12 353.23 17 22 3
301 83.27 92.92 28.78 197.30 17 33 3
302 11.21 88.80 1.89 175.02 21 43 1
303 50.97 12.71 28.91 145.88 24 27 3
304 70.25 57.06 23.61 110.78 5 19 4
305 21.83 78.39 23.36 176.92 24 33 5
306 93.72 31.08 36.36 83.79 7 12 5
307 93.43 90.25 20.27 163.11 5 45 1
308 36.61 52.02 2.38 421.02 9 11 5
309 54.24 3.70 28.11 454.03 23 32 2
310 62.08 99.42 9.87 51.98 11 48 5
311 72.78 95.98 24.24 332.28 16 22 2
312 53.55 99.69 3.35 151.00 8 11 2
313 70.76 50.20 40.26 333.53 10 27 1
314 9.70 70.45 41.71 365.16 11 11 2
315 55.51 29.60 24.87 81.13 20 27 5
316 79.20 22.05 30.24 71.24 19 38 2
317 59.86 44.70 18.95 439.42 7 19 4
318 22.50 4.08 33.68 157.57 17 25 1
319 53.64 66.61 33.51 54.66 24 26 4
320 18.74 8.78 30.36 445.04 11 32 1
321 99.36 40.39 15.82 315.22 14 44 4
322 72.81 99.84 20.22 492.07 7 18 1
323 59.58 2.56 24.49 491.69 1 40 5
324 42.97 74.80 24.06 232.01 3 38 1
325 79.40 88.12 43.77 453.67 9 46 4
326 25.95 26.20 36.60 75.10 9 42 1
327 97.67 15.84 18.48 220.85 22 43 2
328 44.19 91.60 20.78 365.46 1 8 5
329 73.00 5.47 29.81 81.88 7 21 4
330 33.53 69.35 46.12 194.04 23 30 3
331 79.70 37.16 36.84 114.80 13 42 5
332 28.61 54.68 39.72 340.10 9 47 3
333 18.95 53.01 42.93 206.42 18 36 1
334 36.13 71.26 42.52 221.79 17 37 3
335 11.23 7.54 10.87 103.19 21 47 5
336 85.18 77.02 4.51 108.06 20 34 3
337 38.14 4.10 0.70 184.16 14 39 2
338 39.19 75.24 12.43 414.77 19 22 5
339 9.05 53.82 1.54 481.56 15 32 5
340 38.08 44.78 33.93 84.28 14 41 5
341 32.66 40.90 37.50 153.53 16 40 4
342 86.11 21.21 30.24 251.27 15 20 1
343 78.26 14.08 8.12 262.99 1 26 5
344 93.15 61.09 46.97 485.33 22 25 5
345 47.21 63.75 49.67 52.73 22 25 1
346 1.62 77.98 15.67 448.44 7 20 4
347 94.31 16.56 16.17 334.13 19 37 1
348 13.46 25.37 17.93 122.58 1 46 1
349 37.42 86.08 28.44 470.18 8 14 2
350 15.04 6.66 10.83 204.03 11 35 4
351 35.90 52.46 8.46 343.52 23 30 3
352 47.59 74.29 12.98 200.00 6 9 1
353 36.76 47.71 45.29 245.67 8 48 2
354 73.41 25.41 46.38 405.58 20 41 3
355 76.29 49.56 45.16 158.39 13 47 4
356 87.46 72.39 48.38 256.75 11 12 1
357 16.15 64.80 32.69 204.07 11 13 5
358 92.26 65.25 3.36 377.95 17 26 3
359 14.54 68.71 3.87 487.95 20 48 3
360 19.23 21.59 30.50 152.02 9 9 4
361 86.05 21.10 25.27 204.89 15 45 5
362 57.94 57.33 19.01 473.44 12 35 2
363 91.14 33.41 10.62 358.93 18 33 2
364 45.54 46.13 20.42 305.65 10 21 4
365 29.27 15.60 27.97 343.23 6 6 1
366 79.19 83.94 26.87 177.01 3 37 4
367 77.91 49.10 32.94 199.20 4 47 3
368 94.91 30.07 18.91 82.96 6 22 3
369 37.75 80.92 39.33 154.79 15 35 2
370 47.95 21.94 11.94 392.12 5 13 2
371 8.91 96.88 20.39 134.14 1 26 2
372 63.56 84.21 14.67 498.70 24 38 2
373 43.32 95.96 1.44 415.34 5 21 3
374 2.83 62.09 25.06 422.57 2 32 5
375 24.50 30.28 43.53 169.83 2 32 3
376 22.11 3.22 24.52 458.72 11 44 4
377 24.78 49.77 27.97 83.64 23 26 2
378 9.33 32.31 49.89 287.23 6 16 5
379 73.10 29.46 34.87 156.96 18 36 2
380 23.15 71.49 37.28 120.84 8 18 4
381 76.23 69.34 19.78 54.84 18 22 3
382 75.00 21.25 14.66 133.47 20 48 4
383 28.15 8.16 33.06 133.03 17 26 4
384 12.94 43.11 48.76 247.75 20 36 4
385 16.63 71.97 43.31 96.66 11 37 3
386 93.40 48.42 6.55 235.49 20 27 2
387 92.72 99.53 43.30 213.86 11 15 1
388 28.63 48.71 5.60 444.63 4 38 1
389 44.46 45.10 6.91 53.12 19 23 1
390 41.87 56.99 31.89 496.45 23 26 5
391 91.71 6.69 34.80 323.89 9 22 4
392 70.52 4.07 27.08 466.92 20 41 4
393 98.33 84.32 22.75 264.74 11 18 5
394 55.72 75.98 40.62 258.45 19 34 2
395 58.88 91.20 16.65 290.61 11 21 4
396 97.50 89.53 34.13 295.00 9 42 1
397 18.53 23.25 26.87 398.29 16 24 3
398 25.46 47.77 7.26 395.45 14 45 5
399 86.19 93.97 13.51 178.29 12 15 2
400 89.73 38.02 18.47 297.81 2 28 4
1 131.28 4029.46 1
2 102.78 3771.10 2
3 176.33 4573.00 3
4 171.98 3504.13 4
5 189.78 4960.27 5
6 141.74 4298.52 3
7 189.87 4786.35 3
8 114.88 4888.13 1
1 1.79 45.81 8
2 1.90 43.73 2
3 1.46 33.51 2
4 1.11 39.12 7
5 1.41 35.01 5
6 1.11 29.63 4
7 1.25 32.09 8
8 1.09 44.77 3
9 1.66 47.31 4
10 1.13 48.64 1
11 1.35 49.72 4
12 1.88 49.15 2
13 1.98 32.82 8
14 1.23 38.47 2
15 1.23 38.22 4
16 1.27 34.69 5
17 1.39 47.86 5
18 1.05 27.27 8
