Data for Vehicle routing problem with drones - Author: Huyen Do Thi Ngoc
Number of depots: 4
Number of cities: 400
Number of trucks: 9
Number of drones: 12
Area: 100 100 50
Customer maximum demand: 500
Max capacity of truck: 200
Max energy of truck: 5000
Max capacity of drone: 2
Max energy of drone: 50
1 9.48 73.51 34.23
2 12.05 6.57 38.20
3 40.82 12.37 10.25
4 51.98 54.35 37.92
1 48.78 73.11 1.58 346.57 5 11 2
2 6.07 93.36 36.06 66.16 22 23 3
3 93.17 73.40 40.42 287.53 14 36 2
4 24.10 9.46 18.90 214.10 12 17 4
5 98.69 55.20 37.08 412.66 24 40 2
6 80.70 75.67 26.12 206.10 8 18 3
7 34.48 50.26 34.30 210.63 1 25 1
8 80.16 90.88 25.92 183.11 0 4 4
9 27.41 85.97 29.87 169.75 15 45 4
10 91.97 49.12 27.37 66.48 10 11 1
11 48.06 96.37 19.54 106.04 21 40 2
12 41.86 84.38 24.40 263.61 0 29 2
13 16.65 35.50 10.37 339.05 1 31 4
14 71.57 95.87 20.10 275.48 11 41 2
15 52.71 39.38 46.14 361.04 19 47 3
16 80.72 15.43 29.62 489.87 2 45 1
17 71.43 45.06 14.16 293.90 4 44 1
18 76.89 46.66 13.19 464.98 16 44 2
19 11.76 23.27 33.18 340.94 1 21 2
20 77.10 68.55 13.33 338.62 1 25 1
21 98.94 81.07 4.92 335.53 4 22 4
22 92.51 10.18 25.29 323.28 17 48 4
23 10.44 85.54 38.79 105.70 18 38 1
24 66.55 87.94 33.38 331.48 8 25 2
25 98.69 25.11 31.61 171.72 11 23 4
26 65.49 90.39 47.43 300.04 0 47 2
27 5.10 44.80 19.48 325.92 24 35 4
28 76.58 23.20 1.93 250.72 16 37 2
29 8.36 21.91 7.97 282.93 9 42 2
30 44.21 25.77 8.04 413.48 20 31 3
31 39.23 21.96 18.95 352.08 6 43 3
32 91.95 15.86 16.28 288.42 9 12 3
33 24.83 90.80 39.73 134.68 17 41 3
34 21.09 91.42 40.40 480.92 13 25 1
35 56.56 84.79 29.47 85.55 22 23 2
36 10.94 13.49 33.99 431.89 19 35 3
37 86.00 32.03 38.00 391.18 3 33 2
38 80.57 93.92 22.96 194.65 17 17 1
39 64.46 69.92 9.43 470.10 1 23 1
40 22.93 19.63 15.49 366.62 8 13 2
41 41.29 27.85 48.14 165.09 0 13 1
42 85.47 45.05 43.30 265.49 2 42 4
43 2.35 31.29 36.44 211.66 23 27 3
44 80.57 74.57 16.11 217.08 7 37 2
45 23.37 4.31 41.68 328.33 20 43 2
46 17.53 8.01 39.01 407.15 20 29 4
47 27.52 55.05 27.66 268.27 21 43 2
48 98.38 26.49 11.76 275.92 22 47 3
49 78.62 37.02 30.98 112.78 0 33 4
50 93.60 84.01 6.16 414.53 4 42 1
51 23.14 87.43 31.91 492.05 10 36 3
52 83.56 80.58 38.83 75.07 23 35 4
53 3.66 22.16 28.54 428.39 11 23 4
54 37.72 35.46 37.59 335.45 17 44 2
55 8.16 9.58 41.97 302.58 16 17 2
56 69.09 8.60 23.74 459.79 19 25 2
57 58.40 24.47 22.67 156.30 9 42 1
58 86.38 95.09 45.76 225.65 22 47 4
59 69.27 0.45 8.42 124.73 22 34 1
60 62.12 4.31 13.22 60.36 22 30 1
61 88.97 99.02 29.39 236.91 6 32 4
62 88.80 36.01 12.30 290.38 18 20 1
63 56.01 82.74 13.74 101.00 23 25 1
64 15.73 99.09 30.55 233.74 8 19 1
65 54.35 46.78 37.71 395.02 5 31 2
66 36.02 16.85 46.55 414.49 13 33 4
67 52.41 33.83 25.75 112.44 23 39 1
68 67.89 11.81 11.85 149.52 9 31 3
69 65.49 95.52 15.53 483.41 4 38 2
70 33.77 89.95 29.42 134.28 5 40 2
71 83.90 79.19 14.02 57.79 6 17 4
72 100.00 95.08 23.12 305.58 16 18 4
73 46.97 10.99 8.11 453.77 12 21 1
74 13.81 43.40 24.73 333.96 20 45 1
75 63.34 41.14 24.08 71.77 9 13 1
76 8.02 86.51 16.66 275.64 20 35 2
77 3.95 85.26 34.73 211.23 17 42 4
78 40.43 60.34 15.74 165.59 0 35 4
79 50.82 59.75 7.19 138.21 12 25 1
80 31.68 22.20 27.80 317.34 19 43 3
81 11.40 43.37 4.74 228.33 11 37 3
82 33.10 7.72 7.53 272.75 10 14 1
83 12.84 74.24 13.24 280.30 3 10 2
84 71.22 47.22 31.09 161.89 24 35 3
85 46.81 19.61 23.97 336.26 1 37 2
86 3.27 27.69 16.44 344.80 16 40 4
87 70.00 91.57 3.19 288.82 14 47 1
88 0.13 85.50 39.76 428.27 5 30 3
89 62.06 79.80 46.66 409.53 6 38 3
90 31.32 24.18 27.75 227.11 3 40 2
91 88.40 14.88 11.51 96.98 6 8 2
92 5.09 10.64 14.59 104.68 8 40 2
93 51.16 65.34 9.77 496.70 10 10 4
94 38.57 74.81 5.53 140.18 3 7 2
95 89.27 91.96 27.54 248.78 6 8 2
96 28.31 54.12 4.51 215.92 22 29 3
97 28.88 37.04 47.33 433.52 4 24 1
98 61.28 74.28 14.51 114.96 2 11 2
99 83.45 93.85 0.05 214.63 9 44 4
100 61.65 90.33 12.38 76.47 1 15 4
101 74.58 51.79 33.72 417.64 22 37 3
102 67.57 36.45 12.75 176.62 6 27 2
103 33.60 43.09 25.26 414.36 21 39 4
104 18.72 11.17 44.40 186.06 11 16 1
105 10.36 19.26 22.97 105.84 17 28 1
106 90.18 33.89 3.97 335.63 0 25 3
107 75.77 31.33 33.52 457.32 20 35 1
108 48.36 92.47 49.96 200.43 24 39 4
109 8.71 60.78 42.35 398.28 1 13 4
110 44.45 11.89 24.61 60.00 22 40 2
111 0.64 43.67 47.48 476.07 12 21 4
112 66.82 9.21 26.69 158.14 0 28 4
113 64.02 85.85 40.34 429.02 14 37 3
114 39.52 75.40 23.26 426.56 2 22 2
115 79.29 61.97 22.15 156.05 0 5 1
116 32.13 55.43 29.60 452.53 22 38 4
117 10.20 29.98 26.71 102.91 0 27 2
118 13.95 41.03 28.98 387.51 7 31 4
119 35.66 73.26 27.27 72.47 14 43 2
120 3.18 32.27 36.02 424.23 2 17 4
121 78.03 29.06 10.78 186.94 1 44 4
122 10.13 17.97 48.17 118.89 11 36 3
123 2.06 0.98 29.26 144.05 21 44 4
124 63.48 15.71 42.53 92.46 2 2 1
125 99.70 77.30 24.94 331.74 16 32 4
126 9.40 22.73 10.00 144.54 8 14 2
127 38.22 9.90 2.75 470.66 0 2 1
128 66.07 35.01 19.62 56.99 19 43 1
129 59.78 70.55 44.66 351.11 0 31 1
130 23.53 87.61 46.17 277.85 1 8 2
131 8.31 27.13 33.66 326.07 7 18 3
132 73.22 85.73 10.69 379.41 17 37 4
133 38.06 41.18 40.38 183.28 22 23 4
134 17.10 82.04 38.27 476.66 6 9 4
135 26.84 16.50 21.92 210.36 0 9 3
136 10.59 72.90 30.96 156.62 20 32 4
137 40.69 72.10 23.23 476.32 8 27 4
138 60.08 39.65 37.73 318.82 19 35 3
139 59.68 33.78 23.72 337.63 10 29 2
140 64.72 94.67 44.41 469.52 19 35 1
141 40.65 11.93 7.16 80.67 11 13 3
142 0.47 25.02 44.33 285.52 14 19 3
143 73.76 48.77 49.97 382.86 4 41 3
144 42.18 62.82 37.61 168.65 15 23 3
145 27.82 6.68 29.31 475.77 1 2 1
146 34.89 46.90 23.72 257.33 18 21 2
147 57.22 43.50 40.00 488.23 24 33 2
148 63.62 62.71 24.55 148.75 0 11 3
149 42.45 50.01 34.09 226.73 5 40 1
150 17.76 90.62 22.36 297.03 22 30 1
151 5.32 8.90 29.94 72.24 5 48 4
152 54.95 63.03 20.80 202.77 7 9 2
153 19.61 85.28 36.83 318.00 4 14 1
154 76.08 94.11 35.92 52.75 20 24 3
155 13.77 8.22 0.28 93.55 16 23 2
156 2.73 55.49 10.58 459.06 2 29 4
157 90.07 72.17 32.72 144.19 12 33 4
158 13.53 17.44 30.51 438.10 7 22 1
159 47.57 38.03 39.58 120.18 10 31 2
160 66.71 52.10 6.96 280.28 8 41 2
161 11.25 19.48 27.59 287.88 6 33 3
162 37.98 47.60 30.80 189.71 8 43 3
163 35.14 1.17 10.79 317.42 6 26 2
164 32.59 15.33 9.51 334.35 13 38 4
165 52.42 3.32 39.46 51.77 4 28 4
166 6.49 60.45 19.65 341.08 22 24 1
167 62.79 31.40 35.07 210.20 12 23 4
168 16.01 40.59 35.95 74.85 19 22 3
169 50.62 34.08 28.16 436.81 7 34 2
170 12.23 2.35 39.18 445.28 0 27 1
171 96.30 31.24 49.11 233.75 15 18 2
172 75.98 71.66 38.05 444.77 5 35 2
173 61.77 76.53 34.20 493.56 22 34 4
174 28.16 22.83 37.42 254.09 16 38 2
175 24.47 45.11 27.94 220.52 4 45 2
176 46.31 79.28 10.52 305.23 18 20 3
177 23.52 23.07 3.03 245.59 0 32 3
178 23.64 53.83 19.69 296.92 1 46 4
179 42.09 13.16 36.93 222.78 16 35 1
180 82.22 25.08 38.17 331.16 9 21 2
181 62.27 24.79 42.63 284.36 3 8 2
182 82.38 24.41 49.03 232.27 19 43 1
183 83.97 99.53 4.53 110.63 15 38 2
184 99.32 82.05 28.83 148.42 12 27 1
185 97.93 70.41 24.49 494.25 12 33 3
186 39.77 96.12 21.35 68.40 12 30 3
187 39.07 90.16 12.82 129.89 0 47 3
188 52.69 99.15 29.40 58.08 18 39 1
189 77.89 56.41 47.77 494.87 4 44 4
190 71.08 73.98 40.88 459.32 3 23 3
191 89.74 50.49 8.37 407.54 20 33 2
192 48.60 95.99 41.00 285.41 8 38 1
193 95.23 8.00 16.85 284.93 7 7 3
194 17.43 16.61 20.04 479.21 3 14 1
195 94.26 62.90 17.55 292.07 20 32 1
196 74.98 62.61 22.77 295.29 4 36 1
197 72.02 80.17 21.55 419.60 3 32 1
198 23.39 10.79 30.52 237.91 7 45 1
199 58.52 1.48 34.74 258.12 6 28 4
200 34.57 2.45 38.90 187.20 5 8 4
201 94.28 3.17 42.48 59.44 18 33 4
202 16.18 10.51 38.40 352.83 12 28 4
203 62.70 19.86 8.66 240.88 22 39 4
204 2.28 21.37 36.37 278.05 18 42 3
205 16.82 3.24 43.86 258.04 17 29 3
206 86.51 41.61 4.48 417.33 7 11 3
207 0.54 57.21 48.61 106.14 10 11 1
208 5.61 33.36 16.22 237.12 11 32 1
209 37.14 55.05 21.23 413.74 1 45 4
210 2.25 75.99 38.07 438.73 6 37 3
211 53.68 75.43 27.12 335.19 16 36 3
212 35.95 17.52 10.81 170.68 13 31 3
213 48.07 15.22 9.87 346.68 11 19 2
214 1.63 80.41 37.90 222.75 11 44 4
215 50.05 75.16 24.14 93.86 14 17 3
216 72.73 96.69 18.69 250.70 21 32 3
217 31.48 19.39 18.67 255.75 19 45 1
218 5.74 57.73 19.36 334.28 21 23 1
219 47.16 83.50 30.49 384.29 24 44 1
220 20.16 7.56 32.41 284.12 4 4 4
221 22.19 7.91 38.54 255.74 18 31 1
222 29.17 54.84 10.58 286.65 6 43 3
223 47.80 22.31 43.46 438.84 12 12 1
224 57.58 83.64 38.53 319.87 1 20 3
225 41.58 97.16 29.76 368.49 14 26 4
226 33.42 36.22 34.67 287.43 18 19 4
227 25.78 60.09 3.68 79.35 16 34 4
228 2.10 73.42 34.51 208.24 12 30 1
229 68.48 7.24 30.27 382.31 14 24 2
230 96.25 95.49 33.31 223.03 2 22 2
231 7.00 34.80 42.06 466.05 9 40 1
232 35.96 64.61 26.28 144.13 6 19 1
233 58.73 37.57 35.97 269.28 21 32 3
234 71.72 99.50 0.72 159.44 3 48 2
235 61.95 6.74 13.34 231.22 13 16 3
236 10.64 14.72 34.87 406.43 4 46 1
237 61.10 85.48 35.48 443.13 18 23 1
238 49.77 94.00 45.11 67.21 5 45 1
239 99.75 59.91 49.64 332.54 2 23 2
240 27.70 83.40 45.39 434.58 13 31 2
241 16.76 73.95 18.21 352.09 24 35 4
242 76.53 13.06 3.04 383.53 23 31 3
243 97.84 10.21 18.71 223.16 22 45 3
244 86.14 89.37 16.06 268.41 21 21 1
245 64.40 15.76 30.17 212.46 21 26 2
246 37.27 37.26 29.81 133.74 17 41 3
247 84.43 45.27 17.13 316.58 24 45 1
248 66.30 55.17 13.21 285.82 14 39 4
249 30.57 4.64 10.28 139.52 7 26 1
250 36.00 75.07 6.08 107.97 12 25 3
251 29.66 0.30 35.07 175.00 3 40 4
252 12.73 31.01 5.32 185.59 18 31 3
253 69.07 68.42 8.38 361.90 5 33 2
254 29.12 59.63 42.33 355.57 16 30 1
255 98.85 56.10 34.90 486.22 19 39 2
256 17.72 92.54 39.92 95.06 7 38 3
257 29.24 46.02 22.55 194.37 3 12 3
258 64.54 60.07 24.03 338.17 14 44 2
259 30.28 59.70 45.24 80.20 15 32 2
260 12.13 79.57 41.59 451.42 10 38 3
261 34.73 97.43 36.73 491.56 15 41 3
262 43.75 43.37 42.08 123.96 20 28 2
263 20.51 83.18 9.17 313.27 7 23 1
264 98.03 80.45 26.01 430.61 8 20 2
265 37.94 12.97 9.02 265.25 11 20 4
266 63.44 94.61 1.66 403.54 12 27 4
267 48.16 0.46 22.66 365.15 14 26 4
268 68.61 60.68 25.85 372.71 22 42 2
269 96.76 65.66 5.74 441.82 23 33 4
270 55.13 3.23 36.68 63.52 17 34 3
271 23.24 62.58 48.78 262.54 24 32 1
272 26.69 96.88 3.93 111.98 21 26 1
273 62.09 12.35 12.27 142.60 4 22 2
274 62.64 60.83 22.32 428.63 12 20 2
275 49.80 87.21 18.08 84.61 23 40 1
276 39.40 49.15 17.23 81.13 24 43 1
277 3.68 7.95 22.47 460.00 11 22 2
278 26.31 5.02 26.98 355.25 0 42 2
279 35.83 92.42 49.88 119.67 12 33 1
280 35.37 31.49 23.42 160.19 23 28 4
281 86.77 83.52 37.07 444.27 10 43 3
282 5.16 38.80 35.16 274.15 21 21 4
283 88.15 28.86 6.05 474.37 7 39 1
284 61.47 3.37 33.82 158.79 9 19 4
285 93.79 12.26 10.55 429.42 15 48 1
286 18.24 93.43 30.46 274.65 3 13 2
287 38.32 20.23 37.60 318.73 16 39 2
288 75.17 80.10 11.04 145.85 14 28 1
289 66.35 79.58 49.28 323.29 5 40 1
290 71.48 63.65 38.36 112.51 11 26 1
291 38.05 48.70 13.65 65.39 2 32 2
292 14.64 80.73 40.22 431.90 3 47 1
293 33.92 34.98 26.36 57.01 11 26 4
294 85.35 13.41 10.41 195.43 13 20 4
295 39.10 41.65 8.36 351.64 18 22 2
296 64.19 72.47 47.93 204.30 15 36 1
297 49.33 98.86 13.90 177.55 6 31 1
298 54.90 11.55 1.50 471.31 20 38 2
299 54.21 12.43 6.51 175.94 21 42 4
300 46.27 8.41 17.22 442.92 23 38 3
301 55.50 50.85 6.05 235.66 20 24 1
302 22.90 87.88 20.96 325.23 0 4 3
303 14.88 69.29 3.74 425.63 11 21 4
304 1.13 60.55 20.04 372.63 9 14 3
305 23.52 82.39 42.97 134.41 6 11 3
306 47.02 51.93 1.22 72.49 5 18 4
307 43.60 70.62 30.54 303.89 20 34 2
308 27.66 9.45 16.99 84.52 0 37 1
309 80.57 35.39 4.21 498.36 11 21 4
310 95.38 6.18 31.47 446.02 7 20 3
311 24.83 28.67 7.13 179.81 9 48 1
312 52.88 27.86 0.13 171.94 9 15 3
313 4.66 36.10 12.61 174.50 9 17 3
314 49.07 81.97 43.23 433.35 16 43 4
315 23.07 97.95 21.74 129.87 11 15 4
316 70.29 91.14 26.05 488.51 23 46 3
317 22.03 91.82 36.08 135.93 9 15 1
318 15.11 83.86 3.93 483.10 15 36 1
319 58.75 40.54 30.27 130.17 21 24 3
320 92.72 82.69 11.08 293.65 21 22 4
321 70.81 76.64 16.67 379.46 11 34 1
322 50.51 13.02 28.87 215.85 4 6 3
323 71.67 53.67 32.22 267.66 21 48 4
324 1.02 88.29 23.89 178.36 16 34 4
325 21.89 50.33 41.24 151.96 5 25 3
326 55.13 87.26 46.80 256.05 2 7 4
327 50.13 45.69 37.70 59.62 2 46 2
328 95.14 43.37 48.26 336.89 8 44 1
329 61.07 2.10 26.76 440.37 8 18 2
330 37.80 44.13 6.54 72.89 24 29 4
331 4.52 98.61 45.12 401.92 9 46 1
332 35.90 68.85 20.74 278.50 1 7 3
333 2.48 99.92 35.64 239.78 20 42 1
334 3.92 35.05 11.67 338.58 19 27 3
335 3.26 35.95 43.20 136.62 18 32 1
336 65.08 68.66 38.22 90.11 23 29 4
337 43.01 95.27 40.38 335.49 17 29 1
338 36.89 97.18 19.17 133.74 10 21 2
339 24.38 63.34 29.41 177.27 19 41 2
340 38.50 69.16 3.75 100.95 19 39 3
341 91.42 59.95 47.91 325.75 4 6 3
342 21.17 18.66 46.07 162.97 2 47 4
343 56.20 31.93 43.64 178.93 20 40 3
344 52.14 80.67 6.89 246.12 4 28 2
345 37.61 46.34 19.28 156.10 7 42 4
346 86.19 49.35 40.39 486.54 12 46 4
347 1.46 23.08 49.06 462.89 5 40 3
348 99.01 90.21 17.10 302.51 1 21 4
349 35.20 23.07 11.20 425.66 6 26 4
350 95.76 90.94 45.82 192.53 3 47 2
351 57.30 20.84 38.56 120.27 5 8 3
352 32.99 96.30 0.57 465.03 20 24 3
353 84.66 30.47 43.05 59.04 9 25 2
354 21.90 54.23 30.55 340.76 6 34 2
355 11.82 74.79 38.80 403.52 5 28 1
356 2.28 21.66 45.06 196.55 18 18 4
357 6.55 39.04 28.34 216.07 12 48 1
358 56.41 55.49 37.67 53.16 20 48 2
359 52.71 55.73 26.54 128.21 20 33 1
360 88.49 93.87 33.13 119.13 8 15 2
361 89.85 55.39 26.14 495.45 23 26 1
362 63.37 29.46 24.69 119.78 19 38 2
363 80.92 60.19 23.83 179.95 11 21 3
364 46.03 50.17 11.97 304.91 9 16 1
365 2.91 87.94 14.31 478.69 24 33 3
366 57.88 45.36 24.59 486.06 19 30 2
367 77.62 47.62 36.86 317.07 7 9 3
368 96.61 81.17 15.44 445.81 17 46 1
369 72.14 23.88 19.12 305.25 17 42 3
370 18.79 7.02 42.33 66.06 4 42 2
371 22.98 72.03 26.48 215.28 5 27 2
372 5.89 43.74 21.68 303.64 24 43 1
373 15.60 73.41 16.39 374.79 2 13 4
374 52.33 78.46 37.17 335.19 16 39 4
375 7.98 32.43 35.32 195.54 21 25 4
376 31.40 22.82 19.09 112.96 4 6 1
377 10.50 52.56 14.07 116.94 19 30 4
378 50.50 93.96 31.67 132.69 2 24 2
379 27.32 6.16 14.62 491.37 7 22 1
380 21.73 75.44 6.59 76.66 21 32 1
381 56.15 88.59 18.13 484.09 23 42 4
382 97.78 69.38 43.68 240.93 22 44 1
383 77.23 12.78 13.02 261.53 5 20 4
384 56.17 27.42 49.74 102.40 15 48 1
385 81.27 9.72 47.68 151.62 9 26 1
386 63.44 35.34 35.77 311.61 23 36 1
387 74.46 81.38 6.49 449.45 15 40 1
388 43.34 71.04 5.81 149.97 24 40 1
389 66.79 41.98 33.18 71.40 17 34 3
390 26.10 5.06 33.34 338.31 2 23 1
391 96.76 55.58 1.34 381.94 16 35 2
392 27.60 30.15 12.66 121.01 0 10 4
393 32.44 34.42 42.09 182.29 4 32 1
394 58.51 22.82 45.02 297.35 14 29 1
395 43.84 85.75 34.85 86.37 20 22 4
396 1.64 59.80 0.67 457.25 17 42 1
397 80.02 28.64 39.85 251.34 23 23 4
398 57.36 51.44 3.46 285.76 1 37 1
399 81.16 22.15 7.58 209.33 19 43 1
400 7.86 68.62 16.32 378.04 10 26 4
1 113.78 4428.22 1
2 102.67 3627.13 2
3 168.33 4240.83 3
4 180.59 3282.68 4
5 103.30 2791.76 1
6 122.92 4515.60 2
7 147.81 3675.20 4
8 176.11 3077.79 2
9 123.77 2882.99 2
1 1.87 48.52 7
2 1.67 38.07 2
3 1.79 45.07 6
4 1.85 33.85 7
5 1.60 33.30 1
6 1.01 32.81 5
7 1.76 47.08 5
8 1.51 41.64 3
9 1.14 42.73 1
10 1.63 30.33 6
11 1.37 30.37 6
12 1.56 30.22 6
