Data for Vehicle routing problem with drones - Author: Huyen Do Thi Ngoc
Number of depots: 1
Number of cities: 100
Number of trucks: 1
Number of drones: 9
Area: 100 100 50
Customer maximum demand: 500
Max capacity of truck: 200
Max energy of truck: 5000
Max capacity of drone: 2
Max energy of drone: 50
1 45.43 88.29 26.64
1 88.90 92.09 16.89 435.64 10 29 1
2 63.17 25.98 19.92 465.75 20 38 1
3 45.55 36.28 45.71 192.52 6 40 1
4 39.40 39.96 23.22 421.48 19 41 1
5 12.86 63.70 21.33 264.22 13 45 1
6 40.02 83.82 45.22 247.66 21 22 1
7 23.33 52.29 43.48 322.53 12 41 1
8 57.39 12.00 43.92 65.46 18 26 1
9 70.72 41.25 2.30 76.18 11 28 1
10 74.05 37.32 28.50 275.41 6 20 1
11 47.83 89.31 35.28 487.90 21 35 1
12 72.84 8.50 33.07 56.88 12 17 1
13 9.63 55.93 6.45 101.04 9 20 1
14 10.19 25.95 28.01 404.02 24 27 1
15 74.75 28.16 49.91 290.87 23 32 1
16 70.35 93.34 21.82 157.00 6 42 1
17 27.05 65.70 27.40 266.43 6 8 1
18 61.78 31.27 18.59 429.71 0 14 1
19 3.21 75.83 41.83 337.89 2 7 1
20 75.12 43.76 49.64 178.56 5 14 1
21 11.37 53.29 49.75 430.05 2 47 1
22 12.18 55.75 28.30 180.71 18 31 1
23 82.35 8.51 25.27 404.19 12 19 1
24 25.46 63.80 21.94 240.71 22 39 1
25 42.97 79.81 16.82 315.08 1 46 1
26 81.73 29.90 24.65 255.36 17 20 1
27 88.82 65.11 6.34 461.85 13 25 1
28 70.10 75.10 1.24 460.51 22 29 1
29 84.14 49.78 12.67 292.78 7 30 1
30 1.26 71.80 16.53 481.51 12 12 1
31 56.11 84.54 41.46 426.19 0 32 1
32 88.58 76.98 14.39 411.44 19 36 1
33 98.48 19.31 41.37 333.57 2 38 1
34 25.33 42.87 2.45 139.39 19 48 1
35 6.08 36.11 44.48 136.51 11 38 1
36 47.76 26.88 13.89 314.12 23 45 1
37 20.29 84.71 47.34 269.22 20 45 1
38 85.36 63.94 20.47 372.06 18 42 1
39 65.43 86.63 38.11 78.08 12 47 1
40 65.04 62.62 23.47 368.67 20 46 1
41 69.56 17.28 35.62 363.22 17 17 1
42 66.15 86.95 47.91 69.89 17 17 1
43 80.04 26.74 33.05 436.38 1 4 1
44 36.45 62.57 35.16 114.47 22 26 1
45 18.19 62.74 32.61 93.10 1 46 1
46 33.99 37.94 15.74 282.28 5 5 1
47 25.08 85.46 17.11 327.63 11 32 1
48 71.17 7.47 14.23 222.44 24 34 1
49 24.70 72.61 2.01 137.00 4 20 1
50 28.72 86.03 1.00 229.79 15 24 1
51 10.06 8.39 4.61 177.79 9 40 1
52 41.70 8.57 18.20 78.32 12 32 1
53 51.81 35.83 26.96 380.91 20 40 1
54 26.44 77.32 47.76 300.36 8 15 1
55 24.22 86.08 47.07 457.70 0 47 1
56 81.57 86.39 22.42 452.30 16 22 1
57 11.13 75.51 1.39 442.07 19 46 1
58 75.73 71.65 8.14 497.12 24 28 1
59 7.59 35.11 37.77 328.06 9 45 1
60 78.83 32.33 21.32 90.05 18 41 1
61 54.98 33.36 40.16 171.62 14 39 1
62 69.64 87.49 11.93 331.93 5 23 1
63 27.53 48.56 9.16 218.73 18 26 1
64 62.95 91.48 20.52 219.02 0 23 1
65 53.38 34.94 6.08 273.95 14 43 1
66 44.54 85.13 28.80 110.55 9 45 1
67 81.98 60.29 13.72 450.21 6 27 1
68 6.47 74.58 36.50 176.55 19 35 1
69 2.28 42.82 32.83 276.96 20 33 1
70 77.12 41.08 19.64 267.41 4 16 1
71 49.26 11.13 28.17 130.08 21 27 1
72 28.50 93.78 9.85 458.21 5 28 1
73 73.59 74.56 4.53 164.89 13 36 1
74 16.49 83.59 27.25 176.83 8 45 1
75 1.34 33.05 48.73 441.96 17 23 1
76 90.82 45.30 22.96 335.94 19 38 1
77 52.32 56.38 38.94 252.34 22 25 1
78 5.89 95.11 9.55 491.74 13 39 1
79 43.80 95.66 45.52 275.97 8 42 1
80 68.91 56.99 4.10 85.89 6 6 1
81 53.13 45.13 16.99 280.99 11 11 1
82 8.32 85.19 48.26 73.69 7 26 1
83 39.93 98.64 11.25 224.90 4 43 1
84 56.86 29.86 8.49 320.86 5 42 1
85 34.68 36.79 2.95 394.79 22 43 1
86 8.54 4.85 30.97 406.91 19 20 1
87 55.02 71.86 11.96 159.17 19 44 1
88 21.29 95.18 21.66 305.35 8 38 1
89 7.32 29.50 22.82 71.61 22 35 1
90 98.09 18.30 33.63 457.70 5 36 1
91 34.25 89.74 41.51 69.21 13 17 1
92 41.35 19.63 34.30 336.79 7 29 1
93 4.30 54.00 14.91 278.22 16 47 1
94 62.76 27.40 44.13 477.44 11 46 1
95 87.33 3.13 46.42 481.84 5 23 1
96 49.15 3.67 37.28 306.68 9 46 1
97 87.64 47.17 22.42 176.51 18 21 1
98 44.34 76.90 14.52 455.56 18 42 1
99 52.01 57.89 14.18 464.01 17 18 1
100 11.58 35.91 16.20 305.64 11 21 1
1 167.60 4886.92 1
1 1.94 42.89 1
2 1.30 32.64 1
3 1.33 35.00 1
4 1.39 27.01 1
5 1.90 32.16 1
6 1.92 29.60 1
7 1.90 31.79 1
8 1.69 44.22 1
9 1.69 37.36 1
