Data for Vehicle routing problem with drones - Author: Huyen Do Thi Ngoc
Number of depots: 4
Number of cities: 100
Number of trucks: 4
Number of drones: 7
Area: 100 100 50
Customer maximum demand: 500
Max capacity of truck: 200
Max energy of truck: 5000
Max capacity of drone: 2
Max energy of drone: 50
1 10.85 27.93 10.34
2 15.10 90.62 34.18
3 44.45 44.94 37.83
4 67.38 13.18 16.24
1 12.72 27.72 26.85 359.78 21 42 4
2 5.74 21.32 39.32 298.88 20 45 4
3 41.91 34.90 48.60 242.56 4 21 1
4 31.32 70.81 21.81 480.22 9 22 1
5 47.58 74.82 34.40 372.14 15 36 3
6 12.85 96.57 35.85 77.29 8 16 3
7 63.49 50.42 35.87 312.27 14 34 3
8 43.81 65.67 45.75 450.35 16 37 2
9 58.64 39.16 4.48 273.61 24 31 1
10 81.87 4.31 44.70 293.20 0 6 1
11 46.53 33.37 33.08 349.71 15 40 2
12 15.91 5.45 13.42 210.95 13 43 2
13 15.45 70.76 45.00 492.53 3 26 4
14 58.49 56.49 8.41 147.08 4 44 2
15 67.26 87.65 28.16 151.16 16 31 2
16 52.80 41.12 48.06 80.96 7 29 1
17 52.94 28.51 42.86 231.96 17 24 4
18 18.25 77.71 42.33 174.83 16 42 3
19 96.80 38.34 4.27 372.18 16 17 2
20 15.75 58.15 42.13 193.46 3 29 3
21 53.69 72.20 15.36 68.24 0 0 1
22 30.38 39.53 19.56 162.09 14 19 1
23 43.69 7.24 42.37 381.09 15 25 4
24 73.82 60.84 22.19 269.32 12 38 2
25 49.36 3.29 0.05 370.83 0 40 2
26 77.21 52.03 8.85 348.60 10 40 3
27 11.59 16.71 15.35 292.60 1 31 3
28 75.47 11.92 5.04 364.24 3 16 4
29 54.69 78.18 17.30 142.52 1 20 2
30 49.06 80.55 2.54 451.47 13 25 2
31 58.93 36.91 26.23 188.25 3 7 4
32 89.57 89.66 49.58 192.27 2 44 1
33 62.24 13.96 22.30 372.66 23 40 3
34 66.99 42.21 28.67 476.46 0 17 4
35 4.14 58.88 33.95 219.61 19 29 2
36 19.20 78.61 15.71 423.18 14 39 4
37 13.04 60.18 19.25 223.33 20 33 3
38 72.66 6.67 3.40 280.24 18 26 4
39 60.28 8.48 5.29 204.23 5 43 1
40 74.72 4.61 19.80 298.50 10 17 2
41 67.59 40.17 37.16 463.16 12 16 1
42 7.35 56.71 31.09 69.36 4 27 4
43 0.48 4.51 47.66 198.62 3 21 3
44 15.81 81.24 42.93 218.74 1 8 3
45 5.30 13.26 23.16 158.11 24 35 1
46 75.54 74.63 40.23 416.96 23 32 2
47 25.87 95.81 8.58 76.86 0 41 1
48 9.10 15.54 50.00 388.97 22 43 4
49 4.01 14.16 31.37 260.28 15 16 2
50 76.41 98.58 5.46 443.10 19 47 3
51 9.59 56.36 28.29 126.12 15 32 1
52 29.32 29.15 40.00 205.59 5 27 1
53 23.39 39.22 27.86 449.68 3 10 3
54 82.08 93.66 5.38 278.41 23 30 2
55 33.09 10.64 3.63 451.56 5 22 3
56 14.27 47.31 36.52 491.25 19 34 3
57 83.66 16.49 15.01 380.68 23 33 2
58 98.38 67.32 32.89 437.80 18 35 2
59 69.91 64.85 8.91 268.19 12 45 1
60 26.05 14.67 6.80 366.70 0 37 1
61 27.12 52.25 3.57 152.57 10 10 1
62 39.70 60.54 42.09 273.67 12 17 2
63 11.39 91.96 22.14 175.17 7 38 4
64 99.25 6.89 4.24 143.87 3 36 2
65 34.20 88.11 15.96 206.18 18 22 1
66 89.88 76.65 31.36 286.90 5 25 2
67 50.92 91.55 32.87 247.21 21 23 4
68 86.85 54.27 19.97 381.13 12 38 1
69 14.75 64.56 47.56 260.63 8 30 2
70 3.60 76.16 14.82 403.71 23 32 3
71 25.25 8.49 31.21 124.21 21 23 2
72 25.81 47.64 43.88 104.89 2 16 4
73 58.25 80.55 10.12 150.83 11 16 3
74 65.34 48.04 9.86 477.59 22 28 3
75 86.64 43.18 41.07 220.52 3 35 3
76 91.20 13.49 46.28 382.46 22 41 3
77 82.08 16.70 40.96 95.81 23 39 1
78 5.32 40.48 32.24 252.04 3 29 1
79 16.50 80.15 4.28 439.36 13 46 2
80 84.66 8.13 9.03 378.68 24 40 4
81 14.81 91.42 25.56 376.32 9 11 4
82 28.87 50.83 33.31 461.21 10 22 3
83 90.91 25.60 25.80 358.61 17 33 1
84 82.18 28.61 14.81 488.10 9 43 1
85 79.63 16.94 33.31 340.11 15 47 3
86 33.34 92.83 42.53 130.24 8 15 4
87 92.75 89.18 39.31 126.78 3 20 3
88 85.46 21.72 24.02 232.04 0 45 4
89 61.10 9.09 0.28 479.68 19 27 2
90 42.64 33.75 19.15 465.67 14 44 4
91 48.13 39.83 46.87 313.83 3 32 1
92 20.16 13.92 27.10 315.80 18 20 4
93 40.10 6.79 12.02 326.72 3 7 1
94 62.52 32.36 21.73 331.02 8 11 4
95 20.97 71.71 44.44 296.59 7 8 4
96 49.56 59.63 45.34 418.32 8 10 1
97 81.60 49.28 7.76 144.93 9 24 3
98 46.42 76.87 40.52 326.21 5 41 2
99 89.81 60.32 30.22 175.22 22 27 3
100 10.74 58.46 13.75 350.79 15 24 3
1 161.58 3650.23 1
2 146.00 3200.85 2
3 152.96 3537.89 3
4 148.93 3839.71 4
1 1.16 40.61 2
2 1.70 28.83 2
3 1.73 26.31 1
4 1.30 26.04 4
5 1.87 26.00 4
6 1.29 45.53 4
7 1.99 43.27 3
