Data for Vehicle routing problem with drones - Author: Huyen Do Thi Ngoc
Number of depots: 3
Number of cities: 500
Number of trucks: 6
Number of drones: 9
Area: 100 100 50
Customer maximum demand: 500
Max capacity of truck: 200
Max energy of truck: 5000
Max capacity of drone: 2
Max energy of drone: 50
1 35.79 37.13 1.64
2 23.46 80.98 5.39
3 55.82 76.48 43.41
1 89.40 99.60 24.16 309.70 4 47 2
2 84.57 32.53 30.28 407.85 17 39 1
3 33.54 45.93 34.59 192.13 24 48 3
4 91.95 4.30 38.08 236.36 5 23 3
5 16.56 75.76 28.67 393.01 20 25 2
6 84.87 47.75 39.51 112.30 20 34 2
7 48.48 6.62 28.05 321.55 2 14 1
8 7.97 17.84 14.36 264.52 0 6 2
9 24.69 57.39 46.06 148.72 13 22 1
10 18.47 49.58 11.91 175.78 11 41 3
11 3.94 15.33 2.10 364.93 20 21 1
12 9.73 87.14 31.06 272.15 11 27 3
13 93.09 10.47 27.18 430.94 9 44 2
14 51.32 77.28 32.30 170.30 8 19 1
15 15.93 38.02 35.54 123.07 12 20 3
16 95.73 14.64 25.68 119.09 6 32 1
17 83.68 69.22 6.59 380.95 22 40 1
18 4.35 49.14 29.09 238.39 2 12 2
19 56.49 24.14 11.76 115.76 5 7 2
20 30.65 25.83 7.04 298.90 7 47 2
21 10.86 72.03 32.65 464.48 10 43 2
22 89.67 41.70 7.75 355.48 12 26 3
23 50.63 99.62 48.50 193.02 2 47 3
24 49.71 67.27 47.20 372.79 19 32 2
25 66.84 33.70 35.45 103.68 0 42 2
26 45.79 1.01 37.47 389.94 8 43 2
27 17.80 46.66 5.04 255.87 6 27 3
28 29.25 98.13 27.33 458.68 6 26 2
29 84.33 94.76 37.36 191.90 12 33 3
30 77.10 11.22 44.33 443.07 15 22 2
31 11.26 64.61 37.00 388.91 23 36 1
32 48.23 98.97 14.15 261.84 15 17 1
33 87.22 72.56 41.35 415.46 13 38 1
34 4.51 24.58 16.54 81.50 15 38 2
35 65.80 20.42 5.96 264.60 5 16 2
36 7.73 7.90 23.72 376.03 10 22 1
37 72.36 64.13 3.61 453.69 15 28 2
38 33.23 81.32 44.28 282.05 15 24 1
39 89.23 26.38 10.24 499.48 21 36 3
40 97.85 25.44 40.38 288.49 5 42 2
41 38.55 78.02 22.04 396.11 14 21 3
42 71.91 38.04 10.78 396.49 18 43 3
43 74.98 70.66 36.30 319.87 5 18 3
44 6.71 77.93 11.93 468.41 24 42 2
45 9.45 64.92 45.61 235.13 12 22 3
46 59.90 67.85 33.59 195.22 8 42 1
47 62.50 28.58 19.53 339.49 20 26 2
48 46.42 91.65 33.90 473.92 16 26 3
49 6.55 12.54 3.91 436.96 4 7 1
50 77.71 5.44 9.82 156.54 1 17 2
51 84.75 30.98 21.93 427.78 20 29 1
52 78.63 70.19 22.84 139.64 2 35 3
53 64.94 94.75 0.55 171.29 24 42 1
54 8.55 76.04 38.77 106.93 10 13 2
55 21.04 66.66 46.26 232.75 12 36 3
56 77.58 60.22 25.44 124.56 10 20 2
57 70.40 40.12 48.30 128.01 6 24 3
58 62.96 37.45 8.60 87.52 7 8 3
59 92.87 36.65 12.81 151.83 18 45 1
60 80.34 22.36 0.82 408.31 20 21 2
61 26.86 75.69 23.33 162.32 13 19 3
62 70.87 59.05 25.02 261.13 14 48 3
63 96.53 80.91 11.18 418.50 14 15 2
64 33.02 13.75 35.16 351.81 16 24 2
65 96.92 74.21 13.12 131.55 20 48 1
66 24.48 9.23 46.99 453.68 6 30 1
67 64.44 78.43 5.43 442.87 18 25 2
68 26.56 23.40 48.01 444.05 4 15 2
69 59.90 87.08 36.67 207.86 4 24 3
70 3.51 57.85 41.62 407.92 3 18 2
71 66.19 56.98 18.79 424.66 22 39 1
72 60.71 14.06 26.29 443.11 9 40 3
73 1.87 9.24 15.31 359.70 8 33 1
74 97.25 78.00 42.00 194.92 19 32 2
75 70.84 84.30 4.81 257.61 9 9 1
76 22.49 15.05 21.58 302.79 15 34 2
77 36.03 60.45 33.58 490.01 4 5 3
78 25.85 27.11 1.91 127.20 1 12 2
79 39.30 41.33 40.97 218.25 20 36 1
80 1.20 0.97 42.69 254.67 1 42 1
81 74.25 7.39 24.84 60.79 21 41 2
82 40.63 77.33 8.19 390.48 2 5 1
83 15.43 14.03 2.23 311.60 7 40 2
84 1.18 45.74 12.22 452.77 10 15 2
85 77.51 8.65 16.43 290.79 22 25 3
86 62.39 6.52 25.74 228.52 20 41 3
87 68.51 91.44 4.28 383.05 14 24 2
88 2.70 75.41 37.09 193.80 20 38 3
89 34.58 6.67 10.43 175.14 14 43 1
90 0.63 4.34 20.26 212.60 19 39 1
91 57.72 9.87 39.17 152.47 6 28 1
92 90.18 66.07 36.42 67.13 9 17 1
93 50.38 57.38 8.49 425.47 4 10 1
94 83.20 34.20 8.18 459.17 14 31 3
95 59.87 42.22 49.40 277.82 13 19 3
96 52.97 54.73 34.51 164.79 7 31 1
97 15.94 74.60 34.90 87.97 19 27 1
98 62.56 14.36 10.66 451.47 22 43 1
99 67.00 64.23 28.79 447.66 13 30 2
100 64.06 11.28 5.51 389.68 1 14 3
101 45.06 61.87 19.07 451.69 6 17 3
102 74.47 64.41 11.83 131.55 10 20 3
103 45.18 73.86 14.88 351.46 3 46 2
104 75.66 74.77 3.71 191.99 8 11 3
105 38.51 39.15 28.20 126.99 16 44 3
106 13.68 24.59 18.87 94.83 22 40 2
107 91.04 75.22 30.80 257.90 13 30 2
108 43.20 55.22 29.44 373.57 21 48 3
109 36.56 73.03 21.96 370.97 13 19 2
110 45.26 82.11 26.35 322.74 6 38 2
111 90.88 51.34 25.97 388.41 19 25 3
112 23.27 65.65 5.76 82.47 16 41 2
113 50.24 33.58 49.98 499.56 24 40 2
114 10.68 97.12 9.93 108.68 7 47 3
115 60.63 27.15 22.82 182.07 7 22 2
116 25.64 35.41 21.44 230.72 16 21 1
117 76.79 87.41 12.35 73.32 18 36 1
118 94.23 15.86 10.35 433.12 3 34 1
119 4.82 11.40 44.70 209.04 18 20 3
120 94.16 6.00 4.91 458.57 5 11 1
121 41.29 40.35 49.89 293.53 1 7 3
122 72.97 52.96 49.40 390.82 15 32 3
123 9.38 8.13 31.49 163.33 17 18 2
124 29.66 26.83 26.81 288.89 5 7 2
125 76.46 99.80 25.49 459.34 21 24 3
126 47.70 85.90 8.05 478.39 11 11 1
127 32.95 81.67 24.90 376.22 6 6 3
128 73.98 23.73 36.78 325.93 3 40 2
129 36.49 7.08 0.97 353.31 2 25 1
130 22.98 85.71 22.19 342.16 22 33 1
131 76.56 6.72 41.61 160.13 5 30 2
132 51.91 11.04 18.45 369.66 17 45 2
133 21.45 10.09 39.98 180.32 5 11 2
134 42.76 97.52 46.01 170.06 17 18 2
135 55.36 36.25 42.46 440.45 24 25 1
136 67.64 17.86 20.43 70.14 10 19 2
137 5.13 17.02 14.17 96.64 24 36 1
138 16.76 56.71 22.96 91.88 22 34 1
139 57.66 12.36 24.86 262.27 7 43 1
140 57.82 54.22 29.14 73.02 3 3 2
141 39.53 31.43 46.70 60.24 13 27 3
142 63.91 50.78 13.00 318.46 17 34 1
143 44.21 24.05 47.23 433.36 2 8 2
144 38.44 5.91 39.19 66.56 3 38 1
145 54.07 90.21 10.66 277.31 11 21 1
146 80.58 4.87 32.98 155.30 2 44 3
147 82.44 48.67 3.81 62.67 17 24 1
148 72.67 51.11 34.60 378.84 16 23 1
149 20.50 58.76 30.93 239.27 3 32 2
150 67.45 73.45 39.14 190.50 1 46 2
151 12.14 69.68 5.05 206.18 22 43 2
152 48.73 99.50 15.95 205.69 2 43 1
153 43.66 24.45 19.59 343.38 7 20 1
154 99.71 2.48 26.98 348.98 0 21 1
155 72.93 94.55 10.03 412.53 21 31 3
156 72.40 7.29 21.68 116.74 9 35 3
157 99.35 55.91 39.42 407.24 4 25 2
158 48.65 52.96 1.85 272.45 6 11 2
159 84.07 62.31 38.21 398.47 11 46 3
160 6.78 38.90 31.25 112.54 12 39 1
161 44.88 77.68 35.51 57.52 23 30 1
162 33.26 46.55 46.79 227.13 14 19 2
163 7.19 25.21 35.91 279.17 0 47 2
164 81.51 83.14 26.63 93.04 17 29 3
165 74.56 36.88 15.43 63.88 20 42 3
166 24.64 86.52 30.08 269.83 9 47 1
167 31.47 13.77 44.20 93.67 23 30 1
168 26.81 23.68 34.87 168.48 24 47 2
169 76.34 64.45 27.59 477.72 8 30 2
170 92.72 88.80 5.70 209.11 16 16 1
171 58.89 75.12 10.31 231.11 19 40 2
172 92.00 66.38 13.18 246.61 18 44 2
173 79.42 99.33 40.43 428.42 22 48 1
174 58.83 92.35 16.42 176.60 20 44 2
175 65.67 97.15 17.22 496.43 17 45 3
176 47.19 80.61 9.63 440.87 3 44 2
177 32.43 46.40 46.71 363.75 19 39 1
178 77.82 72.83 42.70 490.67 16 47 3
179 42.49 73.84 10.24 228.86 15 45 2
180 4.21 31.49 30.03 283.63 23 38 3
181 23.62 14.51 12.60 278.57 13 20 3
182 41.46 54.24 33.66 300.17 7 22 3
183 25.31 88.32 44.29 392.84 7 22 3
184 34.89 3.75 14.76 61.09 0 24 2
185 25.51 97.30 14.61 134.98 8 21 3
186 11.05 18.40 8.86 259.60 4 32 1
187 50.00 84.42 37.82 212.05 4 25 1
188 43.06 11.19 25.62 225.14 16 39 2
189 73.98 27.82 32.46 249.35 16 24 3
190 85.34 39.23 37.79 357.58 22 37 3
191 58.66 27.04 8.65 384.75 2 28 2
192 5.89 18.60 39.30 457.14 14 27 3
193 52.97 3.68 7.76 160.66 15 46 3
194 54.94 29.83 46.89 153.28 17 39 2
195 42.96 81.57 21.88 131.37 3 40 1
196 29.52 68.69 47.24 474.40 1 27 1
197 22.06 70.70 28.92 227.87 2 48 3
198 41.52 49.28 34.13 172.89 17 21 2
199 9.93 61.40 31.98 139.42 14 25 2
200 74.31 29.35 30.50 98.24 15 45 1
201 90.22 19.19 48.05 184.82 2 40 2
202 89.13 3.74 27.77 62.70 21 24 1
203 74.98 63.43 29.08 297.62 10 38 2
204 44.99 29.53 13.79 404.05 2 15 2
205 9.27 43.98 43.69 193.42 17 26 3
206 95.04 25.56 41.92 307.76 17 29 1
207 62.95 41.24 16.93 70.66 5 18 3
208 74.10 21.16 10.52 249.53 22 33 3
209 88.19 29.23 4.30 342.53 22 43 2
210 6.68 34.72 12.90 402.44 17 17 1
211 20.40 94.28 13.35 88.94 1 43 1
212 60.98 78.07 2.73 173.55 12 23 1
213 96.60 87.32 22.13 378.48 0 23 2
214 86.09 98.41 34.98 465.15 17 20 2
215 30.21 98.45 33.58 170.71 21 29 3
216 32.25 72.85 47.80 99.26 12 44 1
217 50.03 96.34 4.34 67.58 23 34 1
218 0.16 93.41 32.31 292.04 12 19 2
219 29.31 75.27 3.32 317.74 4 13 3
220 69.85 42.92 0.65 425.29 6 41 2
221 47.89 72.40 31.64 398.75 3 12 2
222 40.86 57.33 43.77 387.25 16 33 1
223 55.80 20.87 28.49 84.92 7 21 3
224 74.43 88.79 32.88 488.41 21 33 1
225 54.24 77.83 14.32 184.09 6 46 2
226 67.87 32.36 9.29 322.28 12 34 1
227 59.69 50.68 13.66 218.95 19 40 2
228 48.75 42.46 47.79 319.87 4 40 2
229 29.81 53.16 46.13 84.72 11 32 1
230 85.10 29.58 17.93 275.59 10 39 1
231 95.25 15.65 32.02 357.35 16 18 2
232 95.03 83.66 46.74 443.94 14 25 3
233 60.71 46.57 39.05 188.49 20 30 2
234 96.81 57.26 1.26 184.75 6 24 3
235 15.44 40.51 36.11 394.15 23 45 1
236 63.71 96.30 5.42 301.39 12 22 1
237 44.26 20.71 0.63 221.74 6 43 2
238 63.25 24.96 43.92 153.83 19 36 1
239 11.72 54.27 9.05 374.50 21 30 2
240 0.60 3.27 48.20 258.61 9 40 3
241 7.65 82.07 15.29 158.60 6 38 3
242 56.94 74.07 20.12 168.99 6 13 1
243 47.31 72.56 8.72 294.91 19 41 1
244 92.56 92.59 12.53 201.99 17 42 3
245 62.25 66.39 2.54 461.49 0 48 1
246 27.02 50.82 24.48 82.31 21 32 2
247 57.54 1.78 15.30 380.32 0 4 1
248 90.66 98.96 5.23 447.53 4 45 3
249 47.62 47.47 0.99 162.08 2 5 3
250 61.10 76.99 21.02 355.66 24 32 2
251 44.85 71.65 37.07 87.19 2 39 1
252 65.70 28.17 31.06 417.86 24 48 2
253 91.43 79.96 18.61 53.32 6 32 3
254 60.05 27.35 22.69 242.38 14 14 1
255 2.86 57.69 10.94 269.00 9 41 2
256 52.13 99.00 26.54 151.34 8 23 1
257 59.70 51.65 26.12 235.65 5 31 3
258 95.37 68.09 13.81 210.26 24 38 3
259 77.70 16.67 15.52 125.09 21 42 2
260 60.87 57.99 10.89 406.17 0 40 3
261 35.91 89.02 46.67 383.62 2 9 3
262 41.26 46.40 43.03 494.56 16 44 2
263 68.58 16.96 15.49 153.06 3 43 2
264 22.75 77.42 11.71 212.77 23 27 3
265 59.54 63.22 45.21 419.40 1 34 3
266 26.47 9.80 39.85 424.12 8 32 3
267 84.33 65.54 14.11 254.35 13 22 3
268 67.10 35.17 49.07 334.84 7 38 3
269 10.46 58.48 49.83 342.65 24 26 2
270 82.76 62.45 34.32 384.11 11 15 2
271 80.41 42.02 8.17 67.00 15 37 3
272 49.42 52.50 16.63 479.71 21 22 1
273 3.48 74.84 21.33 328.42 3 15 3
274 50.24 41.92 38.75 145.85 11 14 2
275 29.13 66.63 39.56 217.72 15 23 2
276 96.12 9.99 44.42 284.15 14 44 3
277 54.36 21.99 0.50 154.17 8 13 1
278 61.78 57.04 49.87 142.83 22 40 1
279 23.37 27.49 48.80 384.69 15 44 3
280 7.30 0.07 19.23 295.30 12 30 1
281 79.53 90.22 32.91 488.38 8 36 2
282 37.70 99.70 43.35 314.73 9 46 3
283 22.80 84.67 0.69 307.43 4 17 3
284 36.04 17.68 39.10 208.74 12 29 3
285 51.87 65.14 12.68 410.14 7 11 1
286 0.33 75.87 40.31 146.35 9 12 1
287 69.94 40.94 37.44 240.20 3 18 1
288 77.48 65.97 24.77 284.10 8 43 1
289 8.30 52.69 46.04 282.81 20 28 2
290 90.83 53.58 6.12 471.56 4 12 3
291 96.22 3.69 12.88 396.32 4 5 2
292 1.06 39.98 44.33 252.03 5 22 2
293 78.34 73.48 22.91 300.63 15 45 2
294 69.11 74.78 37.36 252.76 17 44 2
295 86.34 99.63 34.05 400.73 15 21 1
296 32.89 50.54 7.38 371.70 6 20 3
297 76.88 73.88 24.88 338.91 9 24 1
298 62.83 96.91 48.04 422.24 20 25 3
299 70.55 25.99 49.17 120.83 18 45 3
300 81.33 64.82 47.38 396.70 0 17 2
301 52.27 42.40 33.94 180.07 3 21 3
302 38.85 68.09 35.25 281.89 4 23 2
303 26.75 75.97 32.26 364.38 13 32 1
304 97.88 94.65 28.61 239.17 5 23 2
305 49.40 97.10 44.84 154.87 20 34 1
306 7.17 65.08 8.69 381.45 13 32 2
307 15.10 39.33 18.71 312.46 19 35 1
308 13.64 82.15 11.96 404.37 19 23 1
309 77.59 55.76 15.67 448.66 17 40 3
310 29.96 40.96 24.53 386.63 4 44 1
311 46.82 35.36 30.99 185.40 18 39 3
312 66.88 69.81 23.21 274.68 1 30 2
313 31.96 5.98 3.87 221.02 15 40 3
314 70.90 76.61 44.38 212.16 16 39 1
315 38.18 97.50 49.25 470.47 20 45 2
316 49.11 16.08 34.03 376.96 23 37 2
317 91.01 49.47 3.32 440.72 17 17 2
318 75.52 33.37 45.55 247.40 14 41 1
319 60.12 54.67 5.35 238.49 17 39 2
320 34.34 59.38 1.73 324.25 7 21 2
321 21.04 13.45 49.31 351.36 14 23 3
322 72.69 3.11 44.74 433.62 17 33 3
323 77.40 1.44 9.43 422.54 22 40 2
324 11.28 7.57 33.44 412.32 5 26 2
325 7.18 73.18 0.51 333.00 17 25 1
326 40.93 82.93 22.96 153.15 22 46 2
327 41.40 82.88 46.30 66.53 5 18 3
328 54.65 44.06 10.94 357.80 10 24 2
329 35.06 20.58 44.54 171.69 12 29 1
330 31.38 59.07 13.85 393.85 13 44 1
331 5.05 24.08 20.92 349.06 10 30 2
332 27.35 39.56 35.07 384.98 2 27 3
333 50.19 56.86 11.01 472.85 10 39 1
334 9.26 26.71 10.15 449.38 10 43 2
335 9.02 87.50 19.21 390.87 23 48 3
336 45.17 29.22 35.08 58.06 23 47 3
337 28.33 9.76 14.00 61.91 16 32 1
338 34.42 88.42 42.67 398.90 10 47 2
339 90.61 82.83 42.63 106.58 7 24 1
340 26.07 4.82 48.79 313.05 11 35 2
341 93.10 73.34 6.10 51.84 5 20 3
342 70.00 3.41 45.81 173.64 18 42 1
343 14.53 48.75 48.58 464.54 10 41 2
344 47.07 81.78 14.59 349.22 0 43 1
345 52.31 11.20 36.05 458.92 14 26 2
346 92.33 42.31 17.85 99.58 18 28 2
347 38.78 17.02 1.04 404.23 10 16 1
348 19.79 98.42 33.51 288.57 13 45 3
349 31.08 34.00 16.72 492.73 15 22 2
350 56.23 60.18 1.56 426.98 5 38 1
351 84.25 51.31 4.97 287.94 15 42 2
352 22.97 51.18 22.56 375.16 14 27 2
353 68.51 21.02 49.11 149.45 0 35 2
354 32.72 30.56 44.45 433.33 16 22 2
355 79.92 10.46 8.25 223.45 20 35 3
356 26.75 80.38 44.22 140.97 15 34 3
357 51.32 12.87 25.53 156.87 1 23 1
358 30.33 22.37 25.35 383.26 13 41 2
359 15.06 68.22 18.76 427.93 9 45 1
360 35.41 58.48 33.32 297.32 19 24 1
361 17.66 42.49 23.05 56.76 16 29 2
362 0.24 48.69 9.96 326.59 20 23 2
363 48.97 48.99 41.85 353.75 1 22 3
364 20.92 2.23 5.51 464.82 14 41 1
365 86.49 70.09 26.79 386.61 14 22 2
366 33.29 34.96 32.92 69.43 11 39 2
367 57.28 22.84 20.77 354.86 6 33 1
368 35.16 6.36 38.57 191.20 15 32 3
369 91.18 23.56 43.55 302.97 24 33 1
370 28.11 12.75 33.05 419.55 17 34 3
371 53.61 65.75 48.80 381.94 15 29 1
372 45.53 0.74 48.30 366.00 4 30 2
373 81.76 45.68 3.86 409.99 11 42 2
374 97.02 67.05 18.70 218.45 11 33 2
375 2.64 3.35 43.04 357.54 15 20 3
376 75.47 70.26 34.96 432.95 8 27 3
377 81.67 7.69 35.10 51.12 1 22 2
378 13.65 62.84 47.63 243.62 4 5 1
379 9.77 88.27 47.19 391.60 8 28 2
380 99.68 87.83 43.35 135.89 9 43 1
381 79.89 73.31 1.88 339.09 10 28 1
382 88.26 59.79 32.90 288.43 24 38 1
383 40.98 57.75 20.96 205.45 1 3 1
384 25.41 45.99 8.27 87.83 9 39 2
385 0.74 34.82 12.22 54.89 3 17 2
386 48.35 46.80 25.09 256.17 15 18 2
387 12.07 95.74 47.57 96.20 1 10 3
388 71.34 33.12 15.67 86.88 23 46 2
389 11.16 9.23 36.03 215.03 17 29 2
390 49.07 75.18 3.51 305.09 21 45 2
391 59.77 96.85 18.65 165.54 1 27 3
392 55.69 4.87 3.53 371.01 9 16 3
393 45.30 86.94 4.13 362.03 17 27 3
394 69.17 48.00 12.99 378.91 6 22 3
395 68.07 48.91 28.13 321.83 22 37 2
396 47.85 94.90 19.94 415.55 16 30 3
397 95.74 7.22 26.59 177.65 15 28 2
398 27.09 90.52 34.01 475.98 24 28 2
399 54.07 84.30 18.75 219.35 16 32 2
400 11.37 69.79 29.14 56.51 21 47 2
401 12.50 46.17 41.62 228.82 6 16 1
402 11.80 99.46 34.23 300.95 23 32 3
403 30.16 83.36 44.14 368.47 9 19 3
404 79.56 77.30 2.39 301.54 19 47 3
405 33.38 16.38 7.00 313.10 16 17 2
406 43.75 80.77 26.67 418.92 7 26 3
407 36.73 57.13 9.63 318.48 24 41 1
408 65.65 92.49 26.14 435.44 12 23 3
409 92.75 28.92 30.18 279.36 19 40 2
410 79.55 62.46 17.74 222.02 4 46 1
411 7.46 61.09 33.71 155.63 14 21 1
412 31.42 24.37 10.60 452.39 3 39 2
413 92.64 49.07 12.06 115.19 12 36 3
414 91.50 48.48 26.33 185.67 19 47 1
415 61.90 71.24 41.90 112.62 11 15 2
416 68.59 79.20 46.28 451.26 13 20 1
417 76.62 45.16 49.95 220.75 15 15 1
418 39.21 58.08 12.22 234.05 8 18 1
419 86.05 66.47 37.79 489.25 0 21 1
420 28.14 24.08 42.93 169.57 8 27 1
421 92.04 89.34 18.75 156.35 2 42 3
422 38.51 63.43 48.74 491.71 10 10 3
423 61.60 50.79 48.24 55.74 3 35 3
424 40.90 86.45 8.08 201.84 10 21 2
425 18.08 68.40 41.03 199.63 23 45 2
426 71.50 86.34 27.54 305.14 7 35 3
427 47.11 43.72 46.42 359.20 13 19 1
428 54.60 99.95 35.17 491.90 0 48 2
429 38.46 40.08 3.59 472.74 16 24 3
430 3.86 14.98 37.17 282.63 2 32 2
431 10.14 89.06 43.22 331.11 18 23 2
432 48.37 10.57 9.57 126.17 9 35 3
433 56.14 0.53 17.45 317.57 24 42 2
434 16.34 22.20 19.58 398.20 18 22 3
435 62.96 16.39 15.86 111.93 6 24 2
436 5.27 63.17 33.63 161.39 22 39 2
437 64.32 76.02 3.83 130.55 24 35 1
438 13.47 78.14 23.83 351.82 13 33 1
439 7.28 49.33 8.52 269.80 11 29 1
440 22.01 88.27 19.19 233.82 3 21 2
441 43.76 92.91 17.12 486.11 0 45 3
442 20.08 82.84 31.24 88.49 18 48 1
443 6.35 93.77 26.73 498.01 16 26 1
444 75.59 93.82 21.01 373.58 8 8 3
445 66.73 90.42 0.85 105.79 23 48 1
446 51.96 60.58 35.34 215.40 16 37 2
447 19.45 51.01 1.71 269.33 13 14 2
448 89.67 45.77 6.81 440.25 12 16 2
449 7.72 34.14 44.70 413.25 21 27 3
450 66.32 81.40 43.51 148.99 19 24 2
451 79.13 69.84 23.77 241.13 18 30 1
452 45.83 34.09 8.42 269.42 3 42 3
453 91.68 0.01 26.86 262.88 19 42 2
454 80.53 23.26 43.22 454.25 10 34 3
455 98.25 84.75 7.23 153.41 21 29 3
456 68.42 25.34 3.76 190.76 14 42 1
457 39.62 6.22 24.16 305.72 22 45 3
458 0.94 39.50 27.61 54.59 11 44 3
459 30.71 14.83 9.95 133.44 22 22 3
460 74.33 8.60 0.65 214.48 24 36 3
461 56.42 43.59 47.23 407.85 18 34 3
462 26.68 8.07 41.95 240.52 0 39 1
463 57.07 12.56 31.73 319.56 20 33 3
464 43.08 81.38 48.78 487.97 15 19 1
465 23.08 24.57 33.25 196.72 13 34 1
466 68.23 2.97 20.34 279.41 15 36 1
467 57.97 22.72 17.64 55.76 22 47 3
468 36.25 4.05 32.29 230.80 17 36 1
469 19.18 39.48 2.90 349.86 17 23 2
470 30.62 46.47 17.94 466.57 11 35 2
471 5.05 85.16 39.15 340.85 4 32 2
472 24.17 14.69 13.97 102.77 3 22 2
473 90.73 87.76 7.32 292.53 20 28 1
474 51.00 71.58 15.35 369.69 21 32 2
475 19.95 54.86 31.87 374.30 23 47 2
476 81.75 55.34 24.71 320.29 7 39 1
477 18.04 36.30 46.02 312.07 3 37 2
478 98.84 88.47 6.15 75.47 13 19 3
479 21.14 74.89 21.87 236.44 2 22 3
480 56.86 99.92 21.81 395.47 11 43 3
481 91.90 98.10 38.01 229.73 23 25 1
482 92.88 87.83 10.38 99.12 5 6 2
483 28.09 14.73 28.15 53.16 12 37 3
484 70.73 45.67 37.40 453.32 15 37 1
485 52.94 6.34 25.47 336.63 22 44 2
486 86.44 58.55 20.16 474.77 0 33 3
487 89.71 82.65 44.43 456.11 21 30 1
488 81.99 51.98 2.10 431.18 15 43 2
489 8.22 72.72 9.83 242.73 4 30 1
490 2.31 28.48 8.16 215.51 0 8 3
491 77.16 28.30 16.27 409.78 14 27 3
492 73.03 17.87 1.52 233.39 22 25 1
493 37.87 12.29 19.20 226.09 8 28 1
494 27.97 23.35 4.00 239.44 2 42 3
495 87.18 1.45 40.34 80.67 5 7 2
496 48.78 28.25 1.26 251.94 12 39 1
497 65.98 32.06 7.80 292.91 3 7 3
498 77.76 88.75 12.45 371.35 18 19 3
499 78.65 33.92 24.10 276.30 16 41 1
500 59.25 18.56 5.13 241.91 8 22 1
1 186.07 4691.91 1
2 148.80 4914.16 2
3 169.90 4150.59 3
4 117.93 4890.62 3
5 179.46 2980.08 3
6 136.84 4510.24 2
1 1.59 39.10 2
2 1.02 30.87 4
3 1.85 32.27 1
4 1.69 37.53 4
5 1.97 35.81 1
6 1.91 40.99 4
7 1.80 33.88 6
8 1.47 48.92 6
9 1.36 31.90 1
