Data for Vehicle routing problem with drones - Author: Huyen Do Thi Ngoc
Number of depots: 5
Number of cities: 400
Number of trucks: 8
Number of drones: 16
Area: 100 100 50
Customer maximum demand: 500
Max capacity of truck: 200
Max energy of truck: 5000
Max capacity of drone: 2
Max energy of drone: 50
1 30.02 60.76 35.00
2 75.00 48.81 29.53
3 69.76 23.95 12.12
4 53.45 26.13 23.05
5 32.31 46.68 20.44
1 65.40 57.34 16.60 293.95 6 45 5
2 94.20 15.63 8.51 405.35 20 25 5
3 26.26 35.46 37.38 431.72 10 32 5
4 6.87 23.42 27.85 421.65 5 44 2
5 53.15 4.46 42.33 408.29 20 36 4
6 42.35 79.96 15.94 249.51 22 34 2
7 3.98 56.50 17.84 120.77 23 34 4
8 89.41 40.44 44.47 187.32 11 21 4
9 63.11 3.49 17.21 467.53 5 40 3
10 88.82 82.42 31.38 328.68 9 40 3
11 55.18 99.58 45.34 84.89 12 25 5
12 18.77 20.72 5.01 395.84 14 24 3
13 33.11 86.54 2.89 50.52 11 11 2
14 32.64 27.57 11.51 229.44 23 40 2
15 80.05 75.45 38.75 488.70 17 20 4
16 84.95 70.65 42.79 66.10 0 47 3
17 17.91 54.41 45.48 391.30 1 16 4
18 27.31 83.84 49.30 71.90 8 21 1
19 43.74 13.41 35.65 136.31 19 38 3
20 77.45 86.16 13.59 247.25 12 21 3
21 82.01 48.04 38.70 270.41 2 39 4
22 30.01 55.99 18.37 477.87 23 42 5
23 53.06 11.75 43.37 474.17 18 46 2
24 39.37 70.60 15.98 250.61 10 35 5
25 61.58 38.78 32.00 244.80 11 21 1
26 45.10 79.59 27.85 234.57 21 31 1
27 92.71 62.98 28.30 96.91 4 15 4
28 93.01 89.98 24.73 460.75 10 15 2
29 39.87 88.38 8.24 452.62 17 43 1
30 57.10 23.46 4.13 453.59 18 44 1
31 51.02 78.04 46.94 340.95 6 38 2
32 94.03 37.00 48.75 416.45 21 47 3
33 12.23 15.75 19.81 128.20 22 26 3
34 34.89 71.31 2.42 433.56 14 27 3
35 2.41 26.35 19.95 169.81 2 15 5
36 24.76 23.82 20.54 223.29 15 33 5
37 7.62 71.63 16.99 388.71 24 25 1
38 83.59 96.87 41.82 300.77 3 26 5
39 88.37 24.90 23.87 59.85 20 34 3
40 60.91 96.25 28.90 248.73 6 26 3
41 29.31 38.13 18.86 396.70 0 32 4
42 67.91 15.32 21.09 490.25 0 9 3
43 96.59 60.23 26.61 482.67 18 18 1
44 55.40 69.91 23.32 329.91 3 15 5
45 87.94 44.27 47.04 352.41 18 25 4
46 86.82 6.08 25.96 140.73 23 43 1
47 84.64 95.74 26.70 173.46 2 36 3
48 18.65 67.29 19.79 89.79 17 30 4
49 47.29 97.13 29.47 322.65 2 48 1
50 67.44 26.39 9.01 473.59 1 20 1
51 14.56 82.25 35.43 257.89 4 34 2
52 13.18 0.86 2.88 425.71 5 29 1
53 84.57 88.27 11.28 159.76 4 19 2
54 87.85 12.42 35.39 339.77 11 22 5
55 13.46 51.56 47.58 223.97 9 23 5
56 98.82 56.54 47.17 349.36 5 26 1
57 35.38 53.68 19.35 249.68 14 23 4
58 96.42 24.27 30.44 438.65 22 37 4
59 47.47 70.32 29.46 127.96 18 48 1
60 79.38 84.71 35.31 488.45 9 46 3
61 3.28 12.13 48.05 152.91 10 17 5
62 95.55 44.02 46.34 127.70 7 11 4
63 44.93 56.62 12.03 65.88 10 40 1
64 93.82 0.63 19.29 474.23 16 20 4
65 18.27 70.95 44.79 233.18 4 34 3
66 29.74 70.52 49.30 303.07 6 15 3
67 45.18 4.56 16.93 293.24 10 33 4
68 46.00 63.51 42.02 223.13 2 37 2
69 19.92 95.47 30.20 238.61 7 29 3
70 69.08 69.33 8.43 441.70 8 8 1
71 50.95 49.86 44.92 405.41 23 27 3
72 57.27 1.10 11.09 410.05 13 13 4
73 51.75 0.49 48.91 254.22 15 42 1
74 95.65 56.24 17.06 257.55 15 46 3
75 36.07 86.80 24.93 235.02 23 27 4
76 39.51 38.12 43.55 231.46 12 21 5
77 50.82 42.05 2.65 136.83 19 24 3
78 8.90 8.25 14.28 136.06 20 28 4
79 92.94 47.18 35.67 286.63 16 38 2
80 74.94 44.61 7.77 366.95 17 36 2
81 82.48 5.81 42.82 141.29 13 19 4
82 94.88 12.97 11.67 466.79 22 36 4
83 44.83 96.91 5.80 78.29 12 45 1
84 94.01 65.39 12.44 282.77 18 44 1
85 66.77 40.22 27.79 369.64 16 26 5
86 17.15 99.16 24.24 319.83 3 29 1
87 2.14 64.09 6.89 358.64 3 43 3
88 66.96 51.11 19.52 482.53 19 48 3
89 54.63 75.30 17.05 210.19 7 25 1
90 8.97 63.06 3.64 308.09 6 30 3
91 22.34 7.25 12.69 117.55 17 37 3
92 81.78 50.89 3.00 55.09 10 10 2
93 78.80 33.72 16.19 187.20 12 16 2
94 45.69 78.93 12.62 156.13 15 24 2
95 25.95 46.96 7.44 399.59 11 30 4
96 5.29 26.53 24.56 397.22 20 35 5
97 67.68 74.28 38.91 80.71 21 40 2
98 29.70 29.50 26.65 253.75 1 14 3
99 81.42 79.26 45.13 286.22 22 42 1
100 27.44 34.81 15.60 158.41 23 29 1
101 94.69 67.33 18.26 186.33 14 26 2
102 1.09 98.73 17.09 151.45 24 37 3
103 22.91 29.40 18.55 239.70 15 32 1
104 84.37 9.68 16.75 192.31 6 18 4
105 20.26 39.08 20.54 84.37 8 14 4
106 23.81 91.43 10.12 170.40 13 34 3
107 64.95 25.45 12.12 399.42 18 39 3
108 15.84 38.89 46.70 485.51 7 27 3
109 44.49 85.29 39.34 327.10 0 1 2
110 34.15 92.85 1.62 132.34 7 42 1
111 50.35 36.65 4.52 85.45 11 31 5
112 50.90 51.32 27.93 489.44 8 13 5
113 3.68 90.30 35.38 244.31 7 44 4
114 72.75 0.24 45.34 130.79 15 44 5
115 36.24 42.07 40.12 230.64 11 19 3
116 12.73 31.54 34.73 407.49 6 45 2
117 34.37 48.74 1.19 325.27 8 20 4
118 11.75 87.63 35.29 334.06 16 18 2
119 70.53 50.02 37.77 368.26 20 31 2
120 46.15 36.40 3.78 294.59 23 23 4
121 52.32 27.83 8.83 288.68 17 27 3
122 61.10 71.09 24.07 343.74 1 39 3
123 95.42 48.68 45.37 213.09 22 33 4
124 13.77 71.98 43.09 287.90 19 39 1
125 52.28 24.09 40.49 481.95 4 11 3
126 78.98 2.67 44.95 394.65 10 24 2
127 77.99 19.57 27.42 313.34 11 15 5
128 86.81 16.06 30.99 419.97 22 32 4
129 56.69 64.29 7.70 265.44 10 48 3
130 12.43 42.89 46.15 264.40 18 28 4
131 61.85 22.30 48.39 377.41 13 47 4
132 83.88 12.94 1.30 145.37 21 40 4
133 53.97 60.27 42.20 432.81 10 24 3
134 59.19 11.88 2.80 243.21 14 43 3
135 86.03 38.38 41.25 495.91 22 36 3
136 64.34 11.72 10.35 437.30 10 14 1
137 74.89 81.34 40.18 229.29 17 45 4
138 13.77 40.05 40.15 162.92 3 8 5
139 31.44 41.01 8.66 72.59 1 1 3
140 52.18 0.73 13.46 409.74 7 26 2
141 47.99 31.02 14.99 333.51 23 46 4
142 14.80 18.36 42.49 333.84 5 17 3
143 54.99 19.04 25.49 305.37 16 34 2
144 56.33 48.81 46.95 281.26 6 48 2
145 37.39 99.50 29.17 373.09 20 20 1
146 62.71 85.33 34.37 448.89 7 40 4
147 83.29 88.85 32.23 115.74 7 17 5
148 62.35 65.30 39.36 462.20 12 22 3
149 77.68 40.48 2.26 62.55 19 21 3
150 49.26 44.37 29.70 312.16 21 21 3
151 95.95 26.61 25.77 467.01 9 32 3
152 99.16 82.00 9.39 432.80 10 31 4
153 6.34 78.50 27.16 168.46 21 37 1
154 11.02 35.68 29.71 308.53 9 25 2
155 76.30 50.69 31.81 125.42 7 12 2
156 25.02 58.98 25.68 453.96 0 10 1
157 53.83 82.99 6.51 140.82 14 41 3
158 40.94 53.90 31.46 157.05 12 41 2
159 84.01 62.53 7.88 336.56 16 45 5
160 40.06 12.38 43.21 72.56 5 10 5
161 46.57 74.85 12.98 300.38 14 40 3
162 97.50 1.26 33.59 151.00 23 41 5
163 76.01 69.47 49.68 356.80 14 42 4
164 14.11 40.94 36.35 56.47 19 21 4
165 58.40 66.97 41.46 438.01 7 42 3
166 86.47 11.38 23.90 486.29 0 13 5
167 1.63 89.27 8.58 183.90 20 20 1
168 43.49 64.78 41.47 253.67 20 39 2
169 35.36 73.67 35.01 175.12 20 21 4
170 53.10 26.97 40.22 203.28 6 26 2
171 21.88 72.20 26.04 248.69 15 35 2
172 67.84 20.14 4.17 161.92 19 37 1
173 27.47 50.36 44.28 409.96 17 32 5
174 49.80 26.95 34.24 413.84 21 23 2
175 7.97 41.83 0.79 145.12 15 27 1
176 6.59 62.36 35.58 93.37 2 22 3
177 70.53 43.82 41.12 289.70 19 27 5
178 35.11 48.79 18.61 95.70 22 47 3
179 16.24 20.37 14.55 281.26 0 44 5
180 93.84 23.25 35.94 176.49 21 40 5
181 8.07 14.76 34.23 385.41 3 5 2
182 67.88 52.17 16.54 399.44 1 12 5
183 99.59 9.78 49.44 433.59 8 42 3
184 70.18 20.77 44.77 313.49 1 21 5
185 13.68 26.50 33.04 235.55 20 25 3
186 66.82 28.44 17.72 373.46 8 33 2
187 33.44 90.83 3.71 427.16 11 21 3
188 11.32 52.12 45.72 192.22 23 30 3
189 63.57 99.55 1.57 479.98 14 40 1
190 36.02 6.36 25.70 177.53 20 44 3
191 47.21 49.30 28.40 293.52 17 29 5
192 44.87 60.62 14.67 173.55 1 24 2
193 37.95 38.09 7.63 358.74 8 46 3
194 32.13 30.54 5.35 471.55 9 39 2
195 97.62 99.70 43.15 320.57 7 32 5
196 14.04 29.34 41.57 120.11 6 20 2
197 43.39 6.95 34.76 283.27 19 46 3
198 57.46 52.60 12.36 355.67 13 15 4
199 51.43 29.61 33.80 353.49 19 32 3
200 20.43 40.33 41.99 210.35 2 39 3
201 18.15 38.08 49.92 473.27 12 37 2
202 53.36 92.28 35.08 297.45 2 18 3
203 54.99 26.01 28.36 328.07 22 44 4
204 5.89 86.71 6.13 334.94 17 22 2
205 24.49 75.59 16.56 167.82 16 21 4
206 53.32 73.60 4.25 340.66 16 44 3
207 93.78 27.36 49.05 482.03 15 38 3
208 99.47 32.17 23.85 281.68 7 23 3
209 7.54 6.10 38.63 286.18 15 15 1
210 9.28 21.62 32.87 235.25 11 19 3
211 34.44 87.92 48.53 125.45 8 35 5
212 83.12 32.80 10.02 101.39 7 36 4
213 56.13 12.71 4.48 277.82 1 48 1
214 30.18 62.65 33.53 496.05 13 48 4
215 39.65 69.23 36.24 249.89 17 39 5
216 61.02 81.37 16.56 451.59 23 45 1
217 98.24 89.80 19.97 346.03 22 46 1
218 9.47 28.35 41.43 151.87 18 42 5
219 14.41 90.50 4.71 302.95 2 30 4
220 87.85 36.32 41.34 405.28 11 37 1
221 94.93 8.04 43.64 144.23 13 39 2
222 94.86 0.37 20.68 90.93 2 21 5
223 41.48 39.30 46.06 101.04 1 21 5
224 77.32 63.34 40.52 460.58 1 43 1
225 81.00 4.39 11.14 431.41 17 28 2
226 17.48 7.02 12.68 69.95 23 46 5
227 95.26 87.10 40.38 471.10 13 46 1
228 49.04 99.54 17.89 156.97 20 28 3
229 5.36 87.30 47.57 404.22 18 37 1
230 48.92 60.80 24.91 174.16 11 32 5
231 31.05 67.25 14.19 58.87 22 41 5
232 42.33 9.09 44.99 54.81 23 29 3
233 82.76 51.84 43.41 367.60 7 15 5
234 67.53 43.14 21.36 342.26 21 22 4
235 10.49 92.92 34.73 355.65 6 35 4
236 35.52 55.26 46.13 85.94 6 28 4
237 18.46 69.77 7.42 427.09 5 31 4
238 15.66 20.83 40.10 275.25 7 32 3
239 68.48 39.22 45.21 334.43 21 46 4
240 51.02 58.86 0.05 375.37 12 26 4
241 66.07 47.28 27.96 109.72 4 16 3
242 31.86 83.64 21.72 179.97 3 29 2
243 4.81 54.34 26.51 161.63 5 16 3
244 98.88 65.86 2.59 268.99 21 44 1
245 64.32 46.53 11.63 138.54 23 45 1
246 77.45 95.08 29.75 249.30 12 29 1
247 58.34 19.08 43.91 467.54 14 25 3
248 28.03 98.17 16.12 196.47 6 10 2
249 92.94 77.59 15.75 332.84 24 45 2
250 79.87 55.09 10.58 140.82 22 33 3
251 77.44 94.69 21.29 280.12 2 23 4
252 48.55 56.14 18.23 245.92 16 16 1
253 59.41 37.20 36.84 87.93 13 48 3
254 94.93 11.86 22.86 304.08 21 23 3
255 61.88 49.17 21.82 421.45 0 28 2
256 18.21 72.59 44.06 369.79 16 39 5
257 50.44 80.05 36.63 387.69 1 48 5
258 14.69 41.21 24.57 140.16 0 25 2
259 96.53 96.31 6.26 124.97 21 23 1
260 8.62 17.08 48.65 356.29 19 36 4
261 65.93 85.31 2.47 237.50 5 11 5
262 68.49 4.44 23.40 333.64 10 40 3
263 33.61 94.75 20.72 440.59 2 16 1
264 75.42 95.77 5.66 364.68 23 44 2
265 13.48 84.83 9.92 399.56 10 17 5
266 99.72 23.98 47.23 241.23 7 16 2
267 25.31 84.70 12.16 317.74 15 18 2
268 60.47 65.60 13.01 231.70 14 34 2
269 32.84 27.74 19.46 120.50 11 45 5
270 34.37 5.99 28.02 255.77 2 43 4
271 7.43 86.99 32.76 94.62 1 25 2
272 26.03 53.06 24.35 395.38 13 36 3
273 27.24 39.33 24.27 210.47 14 34 1
274 62.34 8.64 49.38 185.18 21 33 4
275 9.92 70.50 24.18 364.99 23 31 1
276 59.10 7.95 27.63 295.98 24 41 4
277 71.98 78.74 14.30 263.20 16 19 3
278 68.94 87.37 5.77 385.05 20 36 1
279 75.79 92.40 7.10 390.51 3 37 4
280 78.41 24.35 10.46 298.94 9 44 2
281 73.53 88.29 22.56 292.48 17 27 1
282 97.88 61.81 29.90 212.54 20 31 2
283 70.56 11.84 27.61 86.74 11 40 4
284 73.21 20.34 40.89 115.45 22 30 1
285 75.31 72.54 3.54 294.34 13 19 1
286 52.48 75.15 33.18 221.45 12 18 3
287 33.61 2.35 33.79 232.30 4 15 3
288 32.77 90.05 43.13 349.04 13 31 1
289 98.17 84.40 17.80 237.88 9 44 3
290 61.98 44.83 16.66 311.99 12 27 4
291 7.16 26.48 9.81 230.32 22 23 2
292 25.07 67.32 23.61 102.24 6 43 3
293 52.46 83.65 6.00 283.21 24 44 1
294 27.95 13.57 28.61 309.34 8 21 4
295 82.03 18.54 41.76 173.49 15 45 3
296 82.07 99.25 0.24 285.19 19 30 2
297 66.22 42.94 3.13 324.51 8 12 2
298 43.61 45.22 23.28 153.14 2 7 1
299 84.70 26.88 28.43 269.47 12 31 2
300 41.11 63.59 19.73 437.18 13 30 3
301 88.76 41.79 49.58 160.18 16 18 2
302 44.94 97.64 32.73 214.52 14 42 5
303 12.51 19.10 10.72 259.01 23 33 3
304 11.76 99.63 29.38 95.78 18 35 4
305 53.90 80.52 41.91 125.39 4 46 2
306 31.05 78.71 41.75 385.32 6 32 4
307 43.40 74.81 13.92 63.76 21 30 5
308 47.84 58.99 35.75 146.61 0 46 4
309 72.07 18.00 25.85 250.96 7 47 2
310 82.04 78.29 49.07 469.09 7 7 5
311 53.31 99.36 0.54 118.42 11 32 5
312 88.44 77.73 17.65 291.47 23 30 2
313 67.52 38.82 0.35 366.12 21 28 1
314 24.31 25.39 32.72 275.73 24 28 1
315 64.98 0.08 12.41 84.54 5 13 2
316 5.38 56.68 25.45 185.16 21 35 3
317 23.33 36.95 2.57 467.43 12 21 2
318 86.32 81.82 21.93 329.94 12 28 1
319 12.59 27.69 45.81 273.17 12 48 2
320 50.13 11.03 5.96 290.33 21 38 2
321 8.67 41.76 42.41 149.06 19 48 4
322 94.62 83.05 0.50 53.71 1 43 3
323 24.23 76.40 3.95 183.90 9 24 3
324 41.59 90.85 6.25 403.86 24 30 3
325 29.28 22.41 28.90 447.84 13 17 2
326 18.19 63.91 24.01 165.42 14 31 1
327 78.79 37.20 49.87 354.00 13 24 1
328 77.02 22.07 1.44 258.37 9 42 2
329 25.99 37.64 40.97 349.87 0 43 5
330 60.03 41.30 42.76 230.72 4 34 4
331 92.47 85.64 40.59 348.86 0 18 3
332 25.32 54.99 1.55 324.28 14 45 2
333 10.87 98.20 12.67 127.86 13 27 2
334 96.79 88.26 17.92 451.05 17 23 4
335 33.31 68.88 9.62 390.72 24 28 4
336 80.41 75.43 32.73 132.97 14 40 2
337 88.56 65.71 21.90 496.81 15 15 4
338 50.88 2.05 48.80 394.27 12 17 4
339 98.47 13.44 27.04 323.43 12 44 2
340 22.10 42.72 10.58 114.72 5 46 5
341 82.06 5.02 12.85 371.28 3 30 4
342 62.88 77.06 5.09 475.80 11 41 4
343 64.93 90.82 39.29 375.90 16 19 3
344 60.94 49.18 44.58 480.79 7 45 5
345 23.51 91.77 24.12 221.93 18 46 4
346 74.26 67.10 22.96 124.24 2 14 1
347 96.10 39.12 40.38 103.31 7 36 4
348 96.90 19.55 37.08 61.68 8 29 1
349 12.55 81.62 43.07 446.27 23 28 2
350 15.89 83.66 18.77 207.14 8 47 1
351 53.35 98.78 7.11 337.63 24 42 4
352 33.62 54.82 39.32 436.31 0 48 3
353 39.81 36.11 4.71 349.71 5 6 4
354 55.92 79.61 46.17 60.17 23 39 4
355 87.67 30.82 25.88 315.33 3 4 4
356 98.55 32.33 49.69 127.42 16 18 4
357 71.65 58.06 21.88 371.96 20 28 2
358 0.50 2.05 2.12 481.22 11 16 5
359 2.11 16.47 14.94 258.42 23 32 2
360 54.09 82.69 47.54 422.89 9 38 1
361 96.96 16.29 38.89 338.35 11 32 5
362 80.73 14.59 43.85 218.44 0 21 1
363 51.06 74.74 8.91 405.47 9 22 2
364 5.07 42.54 17.09 65.89 5 5 5
365 2.60 98.30 17.22 307.11 3 34 2
366 3.89 6.83 3.94 378.90 12 29 2
367 24.76 94.71 13.30 321.80 10 33 5
368 48.87 22.26 11.73 423.32 24 30 1
369 8.86 80.35 3.98 417.88 1 18 4
370 94.47 8.70 33.77 465.39 17 19 5
371 11.06 85.94 23.89 189.09 4 38 5
372 18.27 46.95 46.06 139.67 11 31 3
373 14.15 38.25 4.30 226.88 14 23 1
374 75.24 28.75 1.67 327.38 4 37 4
375 86.32 23.31 25.44 243.26 18 23 3
376 61.36 90.85 28.14 451.34 18 28 1
377 66.98 6.98 21.70 494.22 22 27 5
378 98.76 76.68 24.92 296.78 0 36 2
379 77.86 52.17 19.97 229.49 4 27 3
380 5.85 18.46 41.27 484.57 12 26 2
381 46.15 2.59 18.24 428.89 4 45 5
382 90.25 72.25 22.92 302.44 15 21 1
383 33.65 52.74 24.61 99.06 3 15 4
384 48.67 38.44 5.87 468.73 13 43 3
385 4.07 45.86 36.88 132.64 9 38 4
386 26.68 50.76 15.23 99.57 8 45 2
387 9.56 43.20 37.12 323.43 17 41 4
388 96.28 41.88 24.81 498.61 15 17 2
389 25.37 94.18 25.82 416.68 23 36 4
390 44.27 73.15 8.81 66.49 11 11 1
391 22.99 4.70 23.30 408.23 18 30 5
392 30.82 79.19 8.16 341.75 4 40 5
393 63.73 55.18 44.80 360.51 8 39 5
394 30.32 99.78 1.89 69.16 9 17 3
395 90.94 63.37 3.88 411.45 2 10 3
396 24.48 49.63 47.83 69.06 24 26 1
397 3.41 57.12 44.44 250.01 1 32 2
398 8.30 22.80 39.19 197.55 17 34 5
399 34.52 5.68 39.71 135.60 15 33 1
400 57.79 48.54 7.52 428.40 12 24 4
1 152.54 3206.78 1
2 186.65 3882.07 2
3 144.26 3521.71 3
4 161.40 3352.47 4
5 152.32 2667.20 5
6 161.76 4645.75 3
7 113.56 4766.75 2
8 178.22 3614.35 2
1 1.70 30.61 5
2 1.10 40.49 3
3 1.86 31.79 5
4 1.50 49.94 7
5 1.13 31.44 1
6 1.16 46.48 1
7 1.16 32.92 2
8 1.09 41.46 7
9 1.40 25.74 7
10 1.58 38.90 8
11 1.91 40.79 7
12 1.89 35.46 3
13 1.97 37.05 2
14 1.80 38.93 6
15 1.74 37.38 7
16 1.93 41.81 8
