Data for Vehicle routing problem with drones - Author: Huyen Do Thi Ngoc
Number of depots: 4
Number of cities: 400
Number of trucks: 7
Number of drones: 17
Area: 100 100 50
Customer maximum demand: 500
Max capacity of truck: 200
Max energy of truck: 5000
Max capacity of drone: 2
Max energy of drone: 50
1 74.17 78.76 49.73
2 92.84 85.33 12.91
3 53.07 29.11 39.34
4 78.44 36.11 32.52
1 15.21 69.69 35.25 328.99 17 30 3
2 51.66 74.38 32.56 136.99 19 33 1
3 59.41 17.73 47.66 243.21 14 39 4
4 62.29 28.97 27.25 120.73 4 8 4
5 80.47 11.49 8.14 121.23 8 42 2
6 19.78 11.71 4.43 193.38 15 32 1
7 39.37 21.25 38.42 458.78 1 38 2
8 95.32 46.61 3.26 306.46 18 39 2
9 80.91 42.48 31.06 141.59 23 38 2
10 67.80 76.58 38.04 102.95 11 21 3
11 62.74 8.60 19.88 223.28 22 43 3
12 47.75 67.69 11.96 153.52 7 33 1
13 61.96 5.52 24.64 157.69 17 42 3
14 86.14 49.76 29.75 144.64 17 25 1
15 39.36 72.15 36.25 127.44 2 30 2
16 1.12 76.17 41.87 251.03 19 20 1
17 32.38 51.91 2.22 122.01 13 45 1
18 8.89 20.87 2.99 390.05 15 18 3
19 91.40 74.99 7.77 365.14 1 37 3
20 45.05 63.99 38.06 368.01 6 11 1
21 60.44 65.38 3.00 162.14 17 48 2
22 75.44 71.47 20.90 469.74 8 37 1
23 37.95 72.28 18.01 224.86 14 26 4
24 56.54 83.47 5.64 403.09 0 36 4
25 24.17 51.31 32.18 412.65 3 23 1
26 29.27 91.83 43.25 119.49 17 21 4
27 69.25 18.12 33.03 455.70 3 14 2
28 10.99 57.63 10.11 226.52 3 36 2
29 31.77 90.35 45.73 345.47 3 46 2
30 39.82 22.04 36.36 193.18 13 19 4
31 69.16 1.36 6.78 287.07 24 39 2
32 1.60 74.28 39.67 77.76 9 16 1
33 33.33 49.95 20.14 196.85 3 42 3
34 35.88 80.62 4.44 214.31 10 43 3
35 13.55 68.28 6.59 410.52 2 33 3
36 18.96 54.52 28.96 258.25 17 37 1
37 17.29 79.50 36.33 222.58 9 25 1
38 62.77 77.00 8.02 130.24 11 14 2
39 76.96 24.39 42.29 443.69 8 16 2
40 65.30 10.96 13.87 288.85 7 38 4
41 12.35 74.58 6.45 475.30 13 38 1
42 19.38 10.53 48.29 100.46 23 33 1
43 25.19 49.89 37.44 242.80 10 13 2
44 57.90 53.48 45.76 158.77 21 43 2
45 42.08 45.83 21.57 268.47 23 48 4
46 23.08 48.23 48.79 369.65 20 42 3
47 22.07 86.49 35.35 167.95 18 34 4
48 93.16 79.16 39.25 257.26 3 44 3
49 75.11 42.66 48.22 95.91 4 4 4
50 71.05 29.67 37.18 225.87 8 17 1
51 7.54 57.40 19.47 312.95 3 34 3
52 36.80 2.37 3.19 196.12 22 42 3
53 30.20 74.98 9.42 406.30 17 26 1
54 15.17 51.61 2.88 192.64 23 38 1
55 42.07 64.03 31.86 330.28 21 43 1
56 48.76 63.21 27.57 202.28 24 28 2
57 48.69 9.14 21.73 481.58 22 28 4
58 83.07 30.49 9.46 418.00 23 34 2
59 34.99 28.59 33.24 89.39 10 38 3
60 15.03 76.84 31.19 225.08 20 36 3
61 41.98 30.99 43.34 443.47 11 21 4
62 96.75 27.41 43.85 399.78 8 42 4
63 8.87 93.84 12.03 432.16 19 32 3
64 79.48 1.76 37.44 197.73 18 28 4
65 84.78 71.67 29.08 207.51 22 32 2
66 40.76 88.66 6.47 146.11 14 33 4
67 51.41 57.61 36.61 179.53 13 38 4
68 71.99 87.15 29.28 316.85 24 30 4
69 67.75 0.36 44.74 286.99 1 29 2
70 95.00 71.25 38.83 257.13 21 28 1
71 23.05 88.78 13.39 401.85 18 47 4
72 78.18 54.07 24.30 265.08 0 29 1
73 59.79 25.03 32.68 106.44 13 29 3
74 56.69 46.72 32.08 259.41 24 33 4
75 69.53 59.35 44.34 186.65 17 26 4
76 93.96 80.65 37.89 217.57 8 30 2
77 36.70 84.76 33.58 201.38 11 41 3
78 53.09 57.85 48.47 121.97 24 47 1
79 54.97 26.93 7.76 268.67 7 45 1
80 40.49 9.12 28.15 453.16 3 4 3
81 29.82 45.09 18.63 253.59 5 34 1
82 84.16 71.84 47.76 106.45 0 28 3
83 58.03 88.53 19.73 376.64 11 47 4
84 2.00 69.18 40.12 228.33 22 33 1
85 91.51 67.04 16.81 496.99 23 33 2
86 78.72 18.78 44.53 351.82 2 36 3
87 53.28 31.04 27.09 308.68 6 13 4
88 36.15 42.61 13.88 355.41 14 17 2
89 26.53 19.90 17.67 431.41 1 18 3
90 79.74 16.12 47.33 144.84 22 32 2
91 1.22 16.21 37.21 446.79 10 25 2
92 41.92 59.56 13.42 499.66 5 43 1
93 44.41 75.13 49.84 129.31 1 25 2
94 64.91 23.27 30.42 103.97 5 38 3
95 4.92 83.76 30.10 450.74 0 39 2
96 34.79 12.23 11.22 354.77 24 39 2
97 55.37 94.26 1.66 432.77 14 14 2
98 34.18 14.40 42.59 413.06 11 37 4
99 10.97 66.32 14.64 374.81 1 40 4
100 92.39 32.06 42.29 66.34 20 34 1
101 85.33 93.54 37.07 279.81 3 22 4
102 61.87 17.94 12.37 89.15 5 13 2
103 34.21 97.44 11.82 291.95 2 2 1
104 92.34 13.28 11.82 158.97 24 26 1
105 21.85 13.92 16.39 163.81 4 15 2
106 54.06 71.90 30.98 252.69 17 21 2
107 22.61 38.74 49.19 368.92 16 39 4
108 11.55 14.40 36.34 429.87 24 44 3
109 28.68 59.55 15.54 349.44 24 24 4
110 45.01 48.14 41.39 294.49 15 47 2
111 99.02 54.32 42.30 489.01 12 16 4
112 76.67 83.67 40.64 293.38 13 43 3
113 41.87 3.56 21.61 301.60 21 48 4
114 26.33 94.86 0.17 374.71 18 31 1
115 89.36 86.68 36.85 378.20 7 7 2
116 37.34 56.82 6.08 168.14 21 48 4
117 32.46 52.49 20.60 252.57 6 43 3
118 69.19 0.55 14.22 401.88 17 48 3
119 40.29 72.22 43.79 210.66 3 13 1
120 39.28 51.75 38.85 55.51 24 37 1
121 15.71 31.37 8.89 385.61 1 36 2
122 33.14 4.57 17.64 132.15 21 44 3
123 41.13 96.66 36.85 77.25 6 47 1
124 17.40 51.63 44.02 198.65 4 32 3
125 52.28 90.70 14.59 493.54 6 27 4
126 29.97 61.18 42.43 394.38 16 17 2
127 4.22 89.58 26.92 247.33 12 15 1
128 78.45 3.18 1.47 455.01 17 48 4
129 46.90 41.03 17.71 304.44 17 40 4
130 49.26 66.44 17.49 388.23 0 34 4
131 68.20 27.80 15.69 254.66 19 34 1
132 68.80 5.55 27.21 108.60 11 14 1
133 77.34 41.27 2.44 302.17 2 40 4
134 52.90 64.53 11.83 391.93 15 18 3
135 95.63 44.12 4.01 151.96 6 11 3
136 18.36 38.02 33.55 61.82 3 9 2
137 0.77 67.50 38.36 163.24 9 23 3
138 54.28 66.96 6.44 426.00 15 32 1
139 27.23 68.63 44.33 422.05 5 35 3
140 60.68 8.56 42.65 309.34 17 37 2
141 19.64 48.82 32.78 132.42 23 39 2
142 26.03 84.40 27.88 418.24 20 22 1
143 17.51 31.01 28.18 486.91 2 42 3
144 81.37 26.48 38.26 482.01 5 10 2
145 95.38 24.36 49.62 432.18 2 39 3
146 19.20 45.08 1.68 450.78 16 46 2
147 77.49 79.34 19.47 449.27 13 33 2
148 69.22 48.54 17.38 286.92 2 11 4
149 76.13 65.50 28.72 314.49 7 28 4
150 85.06 53.39 15.78 170.65 10 18 2
151 57.21 98.06 17.68 373.28 3 5 3
152 61.01 62.11 27.28 436.72 18 44 1
153 89.40 79.16 8.24 59.39 4 36 3
154 58.49 68.48 47.79 69.71 17 30 1
155 50.91 1.91 28.95 481.28 24 39 1
156 96.62 43.51 0.88 421.77 10 41 1
157 8.98 75.44 39.30 359.76 23 28 1
158 85.71 83.17 20.01 333.50 10 29 3
159 4.65 56.62 5.70 131.53 13 47 4
160 42.11 10.36 18.31 177.93 18 32 1
161 29.30 53.41 3.72 84.71 2 12 2
162 5.62 36.44 34.60 403.81 8 23 3
163 76.43 45.83 21.50 159.70 11 42 4
164 18.67 9.75 26.23 436.86 7 14 3
165 40.56 96.65 39.14 451.34 23 31 3
166 39.50 40.20 47.23 120.84 23 30 3
167 40.04 34.82 16.68 482.58 22 26 2
168 97.54 65.51 5.83 351.05 8 33 1
169 82.64 85.69 44.40 190.21 17 40 2
170 58.15 55.77 32.48 339.37 17 33 3
171 71.80 90.72 18.53 313.45 3 7 3
172 82.83 89.93 3.60 99.79 13 44 2
173 86.05 18.65 20.10 374.17 3 40 3
174 36.98 91.56 42.74 361.98 11 11 2
175 67.89 56.85 22.40 416.26 4 15 2
176 5.62 75.92 19.15 388.69 18 18 3
177 75.75 21.49 19.17 181.79 7 38 2
178 52.38 59.80 35.32 433.06 5 44 4
179 9.29 15.99 6.79 374.61 6 29 2
180 5.97 46.32 34.07 441.27 14 35 1
181 30.21 2.43 10.57 319.91 23 38 1
182 88.85 27.12 16.99 451.92 14 44 1
183 99.72 1.05 42.33 100.43 20 38 1
184 49.66 25.40 36.45 179.59 3 17 2
185 19.94 5.56 40.89 415.84 9 19 1
186 32.00 28.07 44.90 304.83 19 40 2
187 73.47 13.06 44.91 96.12 7 7 3
188 34.92 83.00 43.62 69.92 16 40 4
189 37.83 14.96 5.80 413.13 19 31 3
190 28.94 35.28 35.96 299.12 13 32 2
191 91.58 63.67 32.34 414.44 10 45 3
192 19.24 20.24 31.99 357.86 5 5 1
193 34.42 57.51 39.91 56.66 15 27 2
194 72.10 68.21 23.08 369.51 7 46 3
195 87.73 33.30 7.79 158.07 8 38 2
196 46.93 17.93 17.29 425.40 21 35 2
197 26.50 80.72 14.70 489.36 16 22 4
198 20.82 96.21 46.33 407.57 23 43 3
199 22.51 45.30 27.31 378.97 14 46 3
200 93.97 66.50 23.88 431.54 21 41 4
201 76.95 19.17 29.91 443.74 12 40 2
202 72.89 42.18 23.16 348.71 24 38 3
203 76.51 22.07 29.31 91.83 15 36 4
204 59.60 26.53 28.79 306.96 5 44 3
205 49.13 74.94 1.98 457.85 13 36 3
206 56.27 17.33 35.99 59.79 12 32 1
207 51.12 1.99 39.67 112.79 16 16 2
208 26.11 62.94 6.47 431.18 18 27 1
209 59.36 87.38 20.79 298.88 20 40 1
210 11.97 37.96 21.78 444.44 0 47 2
211 46.10 88.85 5.05 109.41 12 15 4
212 88.75 67.70 21.07 262.32 4 23 1
213 62.36 85.33 48.61 341.50 5 42 1
214 61.67 90.22 22.92 431.90 1 12 1
215 38.15 33.29 7.66 312.30 13 32 3
216 18.33 15.47 12.04 376.00 9 22 1
217 64.47 52.89 9.01 441.76 8 14 1
218 44.30 9.94 45.14 55.76 17 34 3
219 82.28 98.51 28.16 481.32 21 36 2
220 84.87 21.71 25.56 262.14 13 29 1
221 92.47 53.98 48.28 134.89 20 25 2
222 7.80 50.49 16.22 87.43 9 41 1
223 59.11 12.09 36.85 455.48 4 21 4
224 94.00 1.55 16.87 111.98 11 45 3
225 45.71 0.06 3.30 333.74 13 31 4
226 49.11 66.07 12.54 103.26 7 8 1
227 77.14 72.39 42.09 482.89 5 39 1
228 60.30 63.93 5.65 307.93 12 15 1
229 39.95 85.13 24.12 431.19 15 38 1
230 24.02 82.08 39.41 434.55 11 12 1
231 57.92 85.95 29.95 114.32 3 5 4
232 32.46 37.02 6.18 206.37 13 47 2
233 70.19 77.13 23.55 203.07 9 33 2
234 83.95 43.33 35.14 195.19 0 12 1
235 15.51 88.24 37.33 437.40 18 39 4
236 56.46 19.40 14.47 130.42 2 38 1
237 95.46 10.28 24.97 386.00 9 25 2
238 27.03 99.11 41.16 371.71 20 28 2
239 51.06 59.43 8.14 106.44 19 22 4
240 93.08 57.22 36.78 114.07 21 26 2
241 66.55 66.91 22.93 67.04 5 13 2
242 65.75 3.65 31.39 380.71 11 23 4
243 92.97 36.84 39.53 124.11 8 20 4
244 23.79 89.23 9.05 341.35 16 46 2
245 62.54 41.67 49.24 228.12 15 34 4
246 4.81 54.98 37.67 446.62 5 27 1
247 4.10 86.82 45.63 220.88 24 36 2
248 85.54 10.12 0.62 165.97 8 19 2
249 42.42 53.37 34.87 222.39 8 45 1
250 51.89 30.63 36.34 161.77 2 26 2
251 80.66 87.34 28.22 331.36 19 47 1
252 11.13 75.05 19.23 475.23 6 40 1
253 98.85 12.62 7.74 388.40 15 44 1
254 38.74 84.29 5.97 397.86 2 6 3
255 3.14 58.32 3.36 274.56 4 28 1
256 47.92 87.71 18.05 429.35 19 29 4
257 22.66 29.76 4.15 212.82 0 4 2
258 25.75 94.74 47.53 423.73 13 40 2
259 73.29 58.59 4.20 249.18 19 40 2
260 94.42 88.21 23.85 369.71 24 27 2
261 96.09 28.93 26.67 360.94 23 26 2
262 36.88 21.09 31.36 121.70 13 33 2
263 95.16 0.07 45.52 326.21 8 19 2
264 50.49 45.75 16.52 403.57 17 21 3
265 39.17 17.69 4.05 314.23 13 16 1
266 86.20 93.26 29.32 106.89 7 31 2
267 79.09 17.49 43.19 100.86 10 14 1
268 91.68 91.86 0.75 101.97 22 22 2
269 36.97 91.46 31.16 257.71 18 33 3
270 45.45 20.21 0.40 132.81 14 34 1
271 7.30 48.82 42.56 180.06 6 30 1
272 0.80 81.19 10.36 383.59 16 28 4
273 90.84 52.81 27.91 235.77 20 35 2
274 71.95 17.03 3.99 178.47 14 34 2
275 78.02 4.68 24.53 372.51 13 28 2
276 62.65 9.86 7.04 88.10 8 31 4
277 32.58 66.58 27.49 316.93 15 47 1
278 18.29 40.15 44.02 230.88 9 21 4
279 30.36 6.60 32.81 404.10 21 38 1
280 78.00 53.71 49.25 177.09 2 17 2
281 40.78 22.85 3.34 353.96 3 21 3
282 43.41 82.03 48.46 458.94 21 43 3
283 44.75 87.52 24.32 203.84 15 28 3
284 74.42 58.37 25.58 86.53 2 11 4
285 52.29 65.34 30.74 232.77 1 5 2
286 57.90 42.88 30.71 410.26 23 43 3
287 92.77 86.58 12.48 220.64 24 33 2
288 85.44 56.88 42.12 368.16 9 40 2
289 80.39 7.38 16.79 80.95 6 33 4
290 37.93 60.05 45.62 178.07 22 35 4
291 77.84 65.90 15.28 68.50 13 28 2
292 88.96 95.44 24.04 161.63 2 11 2
293 66.86 71.03 15.76 277.73 14 24 3
294 25.80 64.15 7.54 233.44 15 26 3
295 56.69 42.96 17.61 166.61 4 21 3
296 50.48 4.00 33.27 294.55 18 48 1
297 93.79 49.75 38.98 228.84 14 40 1
298 34.79 56.33 34.04 427.50 18 20 1
299 50.54 3.97 24.76 126.80 11 23 1
300 55.36 17.12 33.55 87.08 12 29 3
301 62.42 91.14 41.31 58.23 21 35 1
302 2.60 68.08 28.16 226.35 20 26 2
303 49.77 61.58 42.86 209.06 12 43 4
304 68.43 37.96 3.18 441.60 13 22 1
305 42.19 23.28 37.51 368.37 8 42 1
306 90.27 16.87 41.36 96.26 21 25 1
307 57.14 7.75 33.76 308.47 2 5 4
308 5.82 85.64 20.28 113.62 24 34 1
309 49.11 29.52 48.54 141.82 12 45 4
310 70.62 88.09 0.77 150.35 19 38 2
311 95.08 74.26 28.07 151.63 13 40 3
312 26.44 5.23 40.07 170.92 1 26 1
313 20.53 51.56 2.03 126.80 21 27 2
314 18.11 83.43 34.48 92.16 15 36 2
315 79.49 39.09 39.21 105.00 4 39 1
316 92.34 89.50 48.16 132.04 2 4 4
317 63.67 74.11 46.23 487.07 22 31 2
318 97.22 10.46 17.57 250.76 10 39 3
319 98.21 7.51 21.05 244.69 11 30 4
320 13.32 89.14 17.05 128.23 24 34 3
321 24.11 37.30 23.76 128.27 7 22 1
322 13.84 45.28 30.97 434.99 7 26 1
323 0.26 19.43 9.75 424.15 9 29 1
324 35.66 98.88 9.20 186.48 0 43 3
325 85.10 30.82 35.75 474.23 18 45 3
326 93.96 42.93 42.43 161.77 12 45 3
327 36.49 48.50 44.88 328.28 0 45 2
328 88.81 39.83 29.87 273.47 1 46 3
329 2.12 57.24 20.65 65.91 8 25 3
330 24.53 74.64 48.34 200.94 6 9 1
331 97.32 64.21 31.14 401.51 3 43 4
332 23.34 25.70 18.51 293.34 1 36 4
333 27.96 52.78 15.82 51.50 14 36 2
334 83.10 33.85 44.67 217.34 1 44 4
335 15.48 75.44 42.87 461.46 9 41 1
336 56.79 51.44 27.47 340.76 5 21 2
337 34.63 48.56 18.88 302.28 15 16 2
338 98.90 81.46 6.08 119.57 3 23 3
339 92.13 38.57 34.07 451.23 11 39 4
340 96.26 49.80 0.94 174.38 7 21 3
341 46.72 71.40 7.93 202.58 4 14 3
342 79.89 71.87 36.45 388.90 21 23 4
343 36.40 7.40 30.26 92.09 15 15 2
344 86.83 34.12 1.22 314.35 24 30 1
345 7.67 12.34 39.07 213.58 22 29 4
346 85.88 81.53 5.01 393.61 16 31 3
347 38.52 42.17 29.91 496.36 14 41 4
348 77.59 35.09 31.19 470.74 12 15 2
349 48.53 30.28 11.82 490.81 7 35 2
350 51.35 36.66 29.05 432.30 7 20 1
351 30.52 62.51 21.42 93.49 12 46 1
352 90.28 66.56 4.98 232.65 12 43 4
353 56.70 70.41 43.95 135.62 4 4 1
354 15.26 81.97 14.33 153.99 18 22 3
355 50.61 23.02 16.61 91.45 0 21 1
356 9.52 84.51 21.70 452.08 14 18 2
357 32.99 53.83 28.52 124.22 9 17 2
358 8.59 4.15 45.66 175.05 8 25 2
359 40.55 88.96 46.90 150.72 4 44 1
360 28.35 60.50 10.73 176.48 12 24 1
361 25.04 58.47 30.43 219.39 14 42 2
362 6.96 59.67 37.25 323.77 14 35 3
363 56.24 37.05 24.61 90.74 12 34 4
364 30.24 92.26 49.68 276.65 3 6 3
365 88.30 75.45 41.89 206.09 6 11 3
366 98.16 41.03 42.42 417.19 3 27 2
367 84.41 82.32 8.02 378.40 3 7 1
368 11.11 25.90 37.62 401.99 15 45 3
369 58.81 42.38 32.56 67.94 16 23 2
370 77.39 63.26 45.04 390.44 20 20 3
371 34.22 60.91 20.76 430.42 8 48 1
372 47.81 46.39 46.29 446.67 2 7 2
373 15.23 89.20 1.71 253.94 18 37 2
374 69.53 37.60 22.23 268.37 0 39 4
375 52.06 6.37 5.51 222.89 16 33 1
376 4.29 3.03 47.20 368.62 4 23 1
377 3.55 52.08 43.62 63.06 16 27 2
378 51.95 80.95 14.80 484.93 11 13 3
379 54.16 58.01 48.26 266.78 18 41 3
380 47.92 8.72 44.99 497.69 22 37 2
381 70.54 52.42 4.18 323.62 21 40 2
382 58.24 58.80 32.27 209.13 0 28 4
383 61.53 39.19 0.92 245.08 6 29 2
384 3.55 94.53 38.20 151.41 8 22 2
385 79.57 57.07 22.56 208.50 11 46 4
386 8.18 29.28 26.47 72.72 9 46 1
387 78.95 35.67 22.55 62.63 13 19 1
388 29.77 89.86 34.64 448.56 8 20 2
389 67.15 45.82 47.66 317.24 21 36 4
390 89.20 66.83 48.59 445.08 12 40 2
391 26.05 57.42 47.90 91.02 22 38 4
392 34.22 73.12 16.21 479.88 16 44 2
393 56.03 59.90 7.00 260.11 24 43 1
394 53.21 32.28 15.23 138.58 10 29 3
395 91.05 19.33 26.14 387.60 14 41 4
396 16.45 37.38 46.95 139.18 5 41 3
397 60.83 46.30 39.67 117.66 20 39 1
398 25.56 59.88 39.19 375.15 20 37 2
399 38.63 48.68 31.35 303.15 18 48 2
400 61.65 98.10 42.77 344.49 1 14 2
1 181.70 3802.39 1
2 159.62 4383.17 2
3 166.56 3415.18 3
4 175.86 4955.33 4
5 114.49 3106.95 2
6 127.74 3827.11 3
7 154.01 2832.45 2
1 1.49 41.85 1
2 1.03 46.15 7
3 1.35 25.33 2
4 1.94 47.93 5
5 1.69 49.24 7
6 1.54 27.23 3
7 1.16 33.09 5
8 1.68 26.93 3
9 1.01 42.68 6
10 1.55 38.54 1
11 1.37 33.81 2
12 1.03 35.76 2
13 1.17 31.25 7
14 1.34 45.96 6
15 1.74 39.88 2
16 1.29 32.40 6
17 1.37 27.09 4
