Data for Vehicle routing problem with drones - Author: Huyen Do Thi Ngoc
Number of depots: 4
Number of cities: 200
Number of trucks: 6
Number of drones: 16
Area: 100 100 50
Customer maximum demand: 500
Max capacity of truck: 200
Max energy of truck: 5000
Max capacity of drone: 2
Max energy of drone: 50
1 90.53 61.83 9.15
2 46.90 7.14 4.24
3 80.83 22.25 3.81
4 69.98 36.34 46.69
1 30.07 75.82 47.72 491.66 15 45 1
2 56.22 37.46 18.47 405.08 19 46 4
3 40.80 29.43 31.52 426.06 7 7 2
4 20.26 19.95 44.04 494.05 3 47 4
5 37.31 60.21 10.76 272.09 3 15 2
6 99.75 21.20 14.88 353.95 21 44 3
7 96.68 53.16 11.26 154.10 16 27 1
8 34.24 42.18 41.44 367.30 9 47 4
9 56.51 76.03 24.44 196.83 14 44 4
10 84.70 14.17 49.98 414.18 14 45 4
11 47.35 45.60 22.95 205.26 22 41 2
12 21.84 92.35 13.47 413.33 5 11 1
13 23.41 58.32 47.52 486.26 16 24 4
14 90.17 52.85 46.14 376.65 12 45 1
15 23.94 39.77 46.05 488.74 7 21 1
16 44.42 19.07 11.46 365.58 0 30 4
17 26.17 7.17 10.43 141.73 24 44 4
18 18.97 72.28 9.47 483.12 4 41 4
19 74.69 33.88 20.24 401.40 9 15 1
20 10.42 44.35 11.22 204.57 5 11 1
21 91.32 40.73 18.32 425.32 9 22 3
22 9.54 57.23 47.05 120.43 22 24 2
23 62.23 55.15 41.40 223.46 17 23 3
24 46.25 0.76 29.93 491.77 13 15 1
25 63.80 92.57 2.59 409.00 7 32 4
26 4.32 64.72 48.67 258.84 13 20 1
27 12.12 87.62 4.12 226.46 8 41 1
28 43.57 23.24 30.99 247.92 9 34 1
29 91.51 88.69 46.26 334.04 4 22 4
30 71.00 55.70 49.93 60.13 21 37 3
31 13.88 29.71 45.11 144.24 12 15 3
32 55.61 53.44 3.97 270.95 11 41 2
33 29.95 73.73 4.32 386.87 3 26 2
34 16.39 92.18 30.95 111.69 2 40 2
35 1.03 86.84 42.05 232.59 13 25 4
36 87.24 15.00 14.45 94.31 13 22 4
37 13.30 92.71 27.36 234.11 7 21 1
38 59.66 86.50 33.66 388.92 13 20 2
39 47.29 1.68 24.09 133.71 0 33 2
40 10.75 38.93 15.16 195.78 24 41 2
41 66.40 61.17 31.38 451.82 16 47 4
42 87.89 60.42 20.79 476.04 10 44 3
43 72.49 5.19 32.27 480.92 16 41 2
44 67.05 46.96 17.00 102.21 9 15 1
45 70.50 68.29 40.48 371.17 2 25 3
46 76.49 79.59 16.82 483.67 17 32 3
47 70.40 1.91 42.68 423.06 24 36 2
48 41.94 69.87 12.59 240.88 1 38 4
49 77.77 87.81 5.62 341.87 7 32 3
50 78.68 84.50 35.34 337.14 13 15 3
51 23.04 11.38 41.30 170.90 2 32 4
52 91.93 65.68 11.55 368.58 12 34 4
53 14.23 77.33 2.49 144.92 8 11 3
54 65.78 96.00 37.43 197.86 1 23 4
55 99.94 60.47 28.00 417.23 5 41 2
56 73.62 93.94 2.96 433.27 6 31 4
57 24.51 15.93 19.04 329.62 14 24 4
58 61.12 46.38 6.02 182.64 13 37 3
59 92.34 64.46 28.43 206.74 16 29 4
60 47.20 40.34 33.30 342.37 8 42 3
61 48.04 84.11 20.06 364.20 17 30 3
62 26.91 92.74 1.14 403.79 13 28 1
63 23.87 8.52 47.03 386.76 10 28 1
64 83.18 36.77 38.95 51.83 10 40 2
65 66.11 29.91 34.79 195.74 2 17 4
66 32.33 8.26 27.05 108.47 2 24 3
67 49.71 26.97 21.80 207.38 0 34 4
68 70.03 30.15 6.48 303.55 5 7 4
69 21.55 0.87 6.83 484.53 18 19 1
70 31.36 92.78 23.40 234.35 15 43 3
71 59.41 65.99 27.79 127.26 12 47 3
72 64.84 47.54 38.25 53.03 1 45 3
73 19.81 67.68 42.20 153.09 1 10 4
74 25.60 7.98 24.08 130.34 2 16 4
75 96.01 15.50 29.75 485.64 14 22 3
76 98.59 11.36 2.57 237.01 9 34 1
77 60.80 58.54 42.96 440.66 13 30 4
78 6.88 78.32 40.20 333.36 1 34 3
79 74.05 38.09 46.08 53.81 4 9 1
80 18.53 92.01 40.05 433.93 6 23 3
81 41.73 26.02 44.41 401.72 8 32 1
82 29.69 72.71 11.01 163.95 23 37 4
83 68.83 15.15 13.82 237.43 4 31 2
84 27.69 78.94 12.34 438.34 20 40 2
85 82.06 19.27 19.98 377.81 20 29 1
86 91.35 19.03 33.58 349.50 13 34 3
87 91.58 81.12 5.01 350.63 13 40 2
88 68.66 5.27 31.56 348.65 7 46 3
89 81.14 24.21 16.99 290.51 3 35 3
90 88.07 44.77 37.29 416.88 0 2 4
91 96.20 28.86 8.50 111.71 6 20 4
92 7.55 53.15 22.47 440.73 23 47 1
93 44.75 72.08 35.76 52.27 12 45 2
94 38.98 8.36 32.08 473.51 12 42 1
95 77.76 30.53 2.29 257.62 24 48 1
96 97.94 86.26 5.18 54.94 2 25 4
97 48.33 87.51 28.97 445.85 4 22 4
98 95.86 77.02 7.19 459.16 12 34 4
99 42.34 42.42 27.57 71.02 7 23 4
100 27.64 20.15 39.24 405.89 12 38 2
101 32.75 27.78 43.10 66.21 16 35 2
102 7.20 39.84 32.95 223.69 19 41 1
103 56.49 9.89 25.42 339.72 7 10 3
104 68.19 59.49 7.56 239.16 15 35 4
105 33.64 23.92 1.30 55.30 18 26 4
106 59.45 13.75 20.61 85.13 0 38 3
107 75.41 44.22 22.44 100.12 1 31 1
108 15.24 92.66 42.04 91.07 24 39 3
109 36.65 89.85 10.09 156.12 7 18 3
110 9.56 18.25 47.20 465.32 8 38 4
111 67.63 15.96 32.34 329.21 10 14 4
112 74.48 43.23 42.08 239.63 5 36 1
113 12.73 66.09 44.51 122.75 11 46 1
114 55.11 97.88 10.01 455.49 2 39 4
115 28.06 33.49 37.14 313.01 16 21 4
116 1.78 30.51 4.32 110.98 13 18 1
117 74.22 39.78 25.18 391.63 12 28 3
118 22.63 61.16 23.99 106.72 15 48 3
119 89.42 90.01 40.33 92.12 5 45 4
120 78.38 19.55 17.82 486.17 21 23 1
121 40.82 16.63 18.73 309.31 20 30 4
122 5.61 76.47 16.91 435.61 4 36 3
123 38.50 89.92 32.40 283.90 3 14 1
124 5.03 84.85 46.82 257.46 20 25 1
125 1.14 47.17 36.19 111.64 23 33 3
126 90.63 81.73 33.63 312.66 11 27 1
127 48.08 74.80 24.25 337.82 13 31 2
128 8.49 10.34 7.49 81.17 10 36 4
129 52.90 93.55 18.05 283.76 9 36 2
130 7.28 34.30 20.87 491.63 6 36 3
131 60.84 39.75 0.77 296.88 8 10 1
132 50.24 66.01 34.81 354.64 21 29 3
133 94.66 46.29 46.99 272.70 9 18 2
134 48.41 69.98 8.76 370.02 7 45 1
135 64.76 88.27 2.06 125.57 24 47 1
136 66.34 55.56 39.61 428.57 15 29 1
137 76.93 12.65 17.57 257.81 15 37 4
138 39.70 58.79 47.79 355.18 2 47 2
139 43.11 77.17 9.28 475.82 0 39 3
140 70.54 37.54 9.21 411.77 24 33 1
141 77.37 57.91 36.66 72.73 24 32 3
142 60.82 13.15 24.98 294.25 14 36 1
143 70.79 53.65 1.26 51.52 21 27 1
144 77.21 10.18 19.84 253.89 21 26 2
145 42.95 45.34 22.84 425.21 23 29 3
146 13.47 37.16 23.11 187.47 1 31 1
147 36.48 13.35 40.32 222.82 6 38 3
148 41.33 17.09 20.85 378.37 18 19 1
149 40.32 85.69 29.31 150.95 11 25 1
150 71.47 75.88 12.07 241.79 8 17 3
151 99.93 68.49 19.06 360.44 20 48 4
152 17.18 30.13 20.68 228.97 9 38 3
153 44.11 41.36 28.60 214.93 12 17 3
154 82.64 45.22 2.17 220.33 17 18 1
155 94.21 80.17 14.74 410.08 21 38 2
156 70.18 52.05 42.88 377.09 19 35 4
157 53.07 67.36 23.80 182.29 3 27 3
158 35.11 30.28 23.88 365.16 11 12 4
159 32.54 62.35 21.61 249.35 15 40 4
160 69.75 19.67 14.27 349.75 22 23 1
161 4.20 11.01 2.75 448.67 18 18 4
162 49.56 49.83 5.11 87.70 4 38 3
163 74.28 40.51 24.80 405.04 22 42 4
164 2.20 2.61 17.32 301.56 4 28 3
165 97.12 76.54 2.82 166.00 11 31 1
166 13.81 74.27 39.90 64.99 8 9 3
167 86.51 95.36 7.80 93.30 0 38 1
168 9.69 67.58 42.06 372.36 12 12 2
169 23.01 94.44 23.41 280.33 21 30 3
170 25.79 91.78 6.70 330.27 11 31 4
171 3.65 44.10 5.75 430.66 17 45 2
172 49.77 74.69 7.11 419.47 14 41 2
173 19.42 28.21 17.32 258.24 10 30 3
174 32.72 56.50 46.03 87.91 21 25 4
175 80.71 73.55 32.75 467.90 10 39 3
176 11.16 74.53 17.55 369.32 12 36 2
177 57.35 41.64 40.51 95.92 12 39 2
178 14.27 31.98 16.29 474.91 2 32 2
179 69.19 54.51 43.64 61.05 14 14 4
180 41.71 24.96 7.75 248.98 3 39 3
181 5.87 88.03 45.50 456.99 12 14 4
182 9.36 43.02 11.13 488.58 11 44 2
183 48.88 38.33 36.99 464.47 7 33 3
184 76.13 89.93 18.82 178.94 8 36 4
185 15.19 67.06 7.80 391.40 12 30 4
186 93.90 70.52 27.09 205.45 21 25 4
187 73.28 0.55 44.22 352.89 0 30 1
188 21.19 30.98 38.32 359.18 0 22 2
189 92.52 79.33 44.80 460.36 18 48 2
190 99.07 96.14 27.38 217.94 15 34 3
191 71.58 71.06 36.21 212.44 21 38 1
192 27.57 5.55 4.85 343.12 13 14 2
193 57.77 92.70 13.89 72.88 11 39 4
194 86.07 73.54 25.05 180.15 8 26 1
195 18.86 6.85 9.16 122.40 3 19 4
196 29.63 32.28 22.13 74.82 19 42 2
197 7.52 70.35 38.10 216.17 5 23 3
198 32.33 39.16 10.85 429.20 0 2 2
199 87.89 97.02 16.14 309.12 20 37 2
200 6.56 78.26 3.93 184.32 19 22 2
1 164.76 2891.11 1
2 136.01 3701.56 2
3 135.12 4971.60 3
4 121.23 3065.60 4
5 165.54 3487.21 3
6 105.00 3119.59 3
1 1.74 30.94 5
2 1.51 44.47 4
3 1.09 30.79 2
4 1.80 42.55 1
5 1.05 33.38 3
6 1.67 45.14 4
7 1.59 43.19 6
8 1.96 37.49 4
9 1.06 44.82 2
10 1.56 30.52 4
11 1.67 42.83 5
12 1.77 44.31 6
13 1.31 40.84 4
14 1.02 46.81 3
15 1.10 43.58 2
16 1.34 42.05 3
