Data for Vehicle routing problem with drones - Author: Huyen Do Thi Ngoc
Number of depots: 1
Number of cities: 200
Number of trucks: 3
Number of drones: 7
Area: 100 100 50
Customer maximum demand: 500
Max capacity of truck: 200
Max energy of truck: 5000
Max capacity of drone: 2
Max energy of drone: 50
1 31.43 21.49 36.79
1 9.48 17.27 39.86 292.31 10 43 1
2 30.69 74.95 39.21 241.81 4 34 1
3 17.47 71.57 6.28 270.90 12 31 1
4 54.63 73.40 38.33 404.26 2 9 1
5 15.52 53.20 8.94 331.60 8 24 1
6 44.70 63.99 49.59 131.71 19 36 1
7 52.37 23.33 0.52 218.03 9 15 1
8 58.40 63.42 20.00 371.99 1 25 1
9 13.23 70.60 29.59 316.69 6 13 1
10 96.21 29.03 49.35 403.97 2 27 1
11 70.80 77.10 12.74 64.90 5 29 1
12 89.29 98.86 26.03 111.92 15 32 1
13 17.37 48.90 33.50 258.06 22 23 1
14 7.32 30.82 5.77 54.91 18 42 1
15 41.96 46.84 38.12 232.03 3 13 1
16 78.28 88.12 43.10 423.19 2 26 1
17 65.65 74.75 30.38 300.91 17 36 1
18 68.07 38.14 28.30 336.56 20 47 1
19 17.16 73.08 5.88 164.52 6 24 1
20 74.05 41.64 37.01 394.90 14 41 1
21 95.33 21.31 30.28 394.84 13 22 1
22 12.59 54.05 47.27 100.93 7 33 1
23 45.84 44.66 15.61 274.45 14 23 1
24 9.10 37.04 37.93 382.19 13 48 1
25 4.62 46.60 24.59 378.32 12 25 1
26 77.66 98.82 23.35 350.57 7 18 1
27 53.14 46.18 0.92 250.81 4 33 1
28 81.62 3.18 25.55 279.86 1 43 1
29 59.00 78.52 12.23 227.37 2 30 1
30 3.14 15.85 26.08 209.25 18 36 1
31 91.62 65.10 34.81 151.42 21 30 1
32 56.47 1.39 1.49 450.83 8 42 1
33 36.26 63.44 35.06 418.97 9 29 1
34 78.58 31.78 1.89 455.61 4 12 1
35 2.46 62.41 44.69 484.49 23 44 1
36 12.07 38.45 30.40 179.16 23 30 1
37 45.48 78.51 27.95 188.59 20 34 1
38 86.83 77.41 6.54 93.90 13 20 1
39 21.81 40.33 17.09 156.69 20 21 1
40 98.82 8.77 35.99 380.40 9 44 1
41 60.41 37.64 46.11 435.32 1 37 1
42 26.52 64.34 25.00 99.59 7 31 1
43 51.91 97.42 3.56 326.68 22 37 1
44 13.01 46.51 29.55 322.69 8 30 1
45 2.05 12.50 20.11 170.73 10 30 1
46 38.42 38.52 4.62 482.60 18 38 1
47 4.29 63.72 42.94 284.92 22 29 1
48 4.42 92.76 8.24 422.56 0 15 1
49 27.96 95.95 36.39 332.37 4 13 1
50 3.76 27.01 38.85 110.09 3 25 1
51 62.80 7.87 48.35 124.12 15 26 1
52 64.22 1.52 38.48 360.85 11 24 1
53 14.92 85.46 11.52 357.96 0 15 1
54 30.07 12.69 9.69 145.41 13 25 1
55 83.85 33.04 6.04 474.51 13 48 1
56 76.09 61.73 8.23 70.20 4 24 1
57 46.26 16.91 46.50 326.57 4 6 1
58 58.40 63.22 8.25 267.47 22 22 1
59 1.57 44.67 17.18 139.48 16 45 1
60 6.20 49.99 13.30 485.43 6 44 1
61 87.41 5.61 33.83 228.03 8 19 1
62 86.09 35.97 36.54 434.17 21 29 1
63 13.32 1.86 49.57 117.33 24 31 1
64 43.27 27.92 49.66 490.01 6 34 1
65 37.40 45.19 9.51 316.10 21 25 1
66 37.20 64.61 33.51 388.17 17 41 1
67 93.62 8.14 37.96 327.38 18 45 1
68 50.27 82.18 45.89 455.05 17 37 1
69 17.32 45.44 30.37 393.38 10 31 1
70 94.38 9.88 13.09 386.59 23 45 1
71 68.07 10.08 0.72 203.58 12 24 1
72 46.70 69.27 21.51 174.53 10 27 1
73 31.33 93.76 23.79 474.05 15 42 1
74 80.38 70.44 33.79 53.31 12 43 1
75 54.57 97.72 1.90 288.21 10 18 1
76 16.05 79.16 23.09 263.01 17 42 1
77 77.28 83.35 17.46 172.12 7 28 1
78 40.08 33.34 21.46 341.50 18 26 1
79 34.81 8.13 44.83 98.76 15 31 1
80 64.85 23.73 22.06 359.93 0 43 1
81 85.86 19.69 4.35 211.45 17 29 1
82 99.73 57.08 48.42 310.53 20 48 1
83 30.47 78.39 15.04 52.49 17 31 1
84 6.02 75.59 7.67 395.60 9 31 1
85 91.86 73.01 41.38 205.75 3 24 1
86 91.00 26.42 10.78 330.91 10 48 1
87 44.32 86.75 42.84 321.52 1 37 1
88 72.17 29.28 4.98 419.86 14 37 1
89 44.01 54.45 19.21 306.71 2 4 1
90 97.57 31.92 27.25 218.19 6 25 1
91 72.97 52.59 20.91 104.88 11 13 1
92 85.21 70.95 25.13 441.70 9 21 1
93 1.02 95.84 28.13 50.83 18 40 1
94 37.87 93.81 3.09 178.57 15 31 1
95 62.98 65.87 19.40 152.93 21 40 1
96 71.95 85.09 47.19 83.06 5 18 1
97 90.56 59.37 28.46 89.89 24 25 1
98 3.08 0.22 2.34 367.66 24 37 1
99 68.76 56.10 12.80 139.12 3 44 1
100 84.11 59.66 38.81 145.64 20 39 1
101 50.05 22.99 42.59 136.25 17 17 1
102 56.02 20.78 0.73 74.05 5 45 1
103 72.06 29.32 48.23 255.84 2 15 1
104 17.93 66.60 42.52 142.67 4 4 1
105 85.84 50.36 29.17 74.06 4 48 1
106 74.36 27.16 20.72 334.40 18 23 1
107 45.49 85.86 17.18 382.31 12 26 1
108 65.90 74.65 32.03 246.79 3 31 1
109 63.80 28.47 7.41 494.22 20 41 1
110 44.35 21.24 20.28 486.16 5 31 1
111 20.96 23.77 19.37 242.38 0 47 1
112 68.15 29.25 43.14 92.44 3 5 1
113 52.18 19.06 36.08 258.27 22 23 1
114 19.06 57.94 26.58 440.92 10 32 1
115 40.29 90.01 29.71 63.91 15 34 1
116 67.97 77.42 15.03 142.94 8 9 1
117 44.20 99.24 40.58 283.47 20 28 1
118 11.73 84.47 5.61 51.61 5 7 1
119 81.65 71.59 41.41 225.79 17 27 1
120 65.31 2.04 13.32 458.82 16 22 1
121 52.15 51.83 41.65 436.75 13 19 1
122 35.42 43.38 42.27 376.09 11 12 1
123 96.07 67.03 8.25 65.52 24 39 1
124 4.59 83.03 11.97 436.43 5 29 1
125 15.77 10.37 45.90 499.07 21 31 1
126 83.78 26.51 39.02 437.39 9 18 1
127 12.90 21.96 36.51 191.46 7 21 1
128 26.65 51.52 1.17 307.23 20 38 1
129 54.63 42.77 17.77 355.00 13 43 1
130 64.23 87.64 12.90 268.23 13 31 1
131 68.13 27.97 6.45 351.01 7 43 1
132 72.69 96.93 38.48 429.92 7 10 1
133 60.03 46.30 45.01 65.77 19 47 1
134 63.25 17.59 45.71 468.10 21 25 1
135 47.18 11.06 47.56 466.59 16 37 1
136 2.07 79.69 4.46 382.13 19 34 1
137 22.37 94.61 19.17 215.01 10 30 1
138 42.59 76.98 25.58 490.80 8 45 1
139 60.99 67.59 20.29 308.60 8 24 1
140 89.55 95.12 25.20 452.76 1 25 1
141 64.56 70.92 22.90 114.74 13 18 1
142 51.28 40.65 41.33 448.29 9 41 1
143 61.31 94.44 26.32 125.45 20 34 1
144 37.24 87.74 16.14 497.94 1 17 1
145 74.09 32.04 39.07 398.59 22 27 1
146 27.72 25.21 0.29 128.14 8 11 1
147 30.26 70.64 7.30 112.38 14 28 1
148 36.29 75.34 12.83 230.75 14 47 1
149 15.20 84.78 27.20 229.36 21 46 1
150 77.73 16.89 24.26 217.71 3 16 1
151 67.49 30.86 46.74 54.17 6 26 1
152 74.17 75.54 7.86 121.54 20 30 1
153 25.66 50.81 41.70 197.55 15 23 1
154 47.72 33.66 16.39 322.31 4 22 1
155 83.42 8.74 28.22 244.39 17 30 1
156 0.11 78.34 2.03 292.17 19 43 1
157 2.53 84.65 3.22 471.69 21 30 1
158 43.32 40.64 39.66 199.33 0 33 1
159 32.92 18.18 20.15 376.09 18 36 1
160 1.20 97.92 25.69 121.98 18 19 1
161 30.59 55.62 21.98 457.76 20 36 1
162 63.31 17.93 13.89 403.99 21 32 1
163 63.96 28.22 26.75 492.97 16 38 1
164 83.30 96.16 17.74 297.11 23 30 1
165 37.98 19.00 15.37 250.00 12 43 1
166 31.45 69.45 23.66 288.44 9 47 1
167 6.13 64.95 32.64 338.42 15 36 1
168 28.77 32.61 21.09 423.94 8 44 1
169 90.49 42.93 36.79 204.48 23 26 1
170 52.69 14.01 22.38 485.92 18 29 1
171 13.20 4.00 31.05 435.19 18 21 1
172 74.60 73.27 8.33 302.70 24 45 1
173 20.45 55.11 21.64 286.01 19 38 1
174 15.52 47.57 48.33 315.69 14 20 1
175 95.28 93.14 37.93 224.86 21 42 1
176 55.06 71.01 35.29 59.29 4 31 1
177 30.02 68.28 21.07 251.14 6 9 1
178 10.73 94.92 20.19 79.22 11 43 1
179 65.25 31.25 14.18 404.10 1 22 1
180 55.72 60.07 1.71 296.73 4 37 1
181 17.29 40.70 33.02 159.71 18 44 1
182 28.82 60.72 14.18 388.99 23 47 1
183 99.94 10.68 13.52 300.75 6 42 1
184 66.02 72.93 16.90 387.80 13 16 1
185 0.43 15.34 2.14 55.11 3 33 1
186 48.28 62.34 10.93 271.65 23 33 1
187 91.82 60.27 18.95 53.15 21 24 1
188 21.58 99.67 0.44 113.98 24 35 1
189 9.21 21.24 7.38 418.45 12 33 1
190 12.53 57.69 43.34 137.65 9 47 1
191 30.29 58.53 15.15 214.44 11 48 1
192 63.62 15.30 12.26 119.16 21 33 1
193 17.98 59.36 6.93 115.97 7 19 1
194 85.06 51.96 12.00 251.47 12 28 1
195 56.11 50.79 28.24 70.15 6 35 1
196 89.28 5.59 28.51 185.54 10 13 1
197 18.26 49.33 22.11 469.23 9 10 1
198 53.02 1.52 5.01 119.71 1 24 1
199 2.13 19.73 46.11 373.46 0 13 1
200 92.39 92.78 27.91 330.77 9 18 1
1 190.70 2882.56 1
2 195.19 4311.71 1
3 166.12 3799.58 1
1 1.11 33.06 2
2 1.63 38.59 2
3 1.75 38.17 3
4 1.10 26.78 2
5 1.72 30.24 2
6 1.98 30.36 3
7 1.38 33.47 2
