Data for Vehicle routing problem with drones - Author: Huyen Do Thi Ngoc
Number of depots: 4
Number of cities: 100
Number of trucks: 5
Number of drones: 7
Area: 100 100 50
Customer maximum demand: 500
Max capacity of truck: 200
Max energy of truck: 5000
Max capacity of drone: 2
Max energy of drone: 50
1 33.03 61.53 1.40
2 48.94 3.91 22.40
3 63.06 22.77 15.33
4 64.43 98.43 25.94
1 55.59 79.64 38.71 175.80 0 41 3
2 76.86 76.15 49.83 464.04 13 17 2
3 31.17 46.29 7.04 100.33 8 31 1
4 51.85 24.52 35.73 82.45 10 48 4
5 7.84 37.20 47.83 383.77 8 43 4
6 84.74 49.63 43.01 189.51 19 27 4
7 6.40 70.80 38.36 177.92 1 36 4
8 52.12 78.78 30.48 284.15 2 36 2
9 73.24 31.23 49.46 311.07 7 34 2
10 92.88 95.04 16.94 484.69 15 26 3
11 37.24 67.78 41.85 176.65 4 10 2
12 37.02 78.45 39.11 376.82 1 24 3
13 35.37 7.19 18.95 344.23 23 28 2
14 80.08 4.59 15.22 362.20 16 36 4
15 50.13 6.56 43.48 218.68 3 33 4
16 79.43 3.57 38.38 99.89 14 20 3
17 51.86 29.23 10.92 337.20 12 45 2
18 4.67 73.32 39.66 225.89 22 32 2
19 12.41 77.95 16.96 379.27 12 12 4
20 54.79 90.77 15.62 76.82 16 41 4
21 96.07 95.79 44.57 221.81 18 24 3
22 44.21 0.90 34.86 173.36 13 16 2
23 87.03 60.75 7.77 170.95 8 46 4
24 14.36 22.97 3.38 146.07 20 27 3
25 75.70 3.49 37.67 158.46 20 43 4
26 93.50 61.21 4.27 471.75 20 48 4
27 43.60 66.93 31.58 79.65 16 18 3
28 22.05 33.60 6.59 367.44 20 20 4
29 64.27 72.65 30.32 192.85 17 25 4
30 15.74 60.34 19.97 147.77 18 48 4
31 5.32 77.74 5.46 59.23 17 35 3
32 40.49 10.58 45.94 470.69 9 24 3
33 81.14 74.78 20.44 261.83 6 47 3
34 40.68 46.17 35.13 366.23 21 31 1
35 60.41 82.67 0.16 190.28 4 9 3
36 28.62 66.38 3.58 188.52 17 19 3
37 44.66 39.09 35.25 109.65 22 23 3
38 79.91 60.05 8.54 116.87 12 31 1
39 89.94 25.15 29.08 276.85 0 6 2
40 38.16 21.11 28.81 221.84 0 40 3
41 26.74 22.76 14.97 224.30 8 14 4
42 19.79 80.48 5.74 315.86 9 9 4
43 10.99 17.75 21.28 423.09 10 23 3
44 46.71 72.05 3.18 452.12 17 30 4
45 64.20 17.88 46.65 98.23 16 36 2
46 48.05 12.12 29.29 132.58 21 36 3
47 76.55 12.10 34.48 156.75 17 21 4
48 89.35 38.19 8.63 267.11 3 45 4
49 71.43 12.79 23.41 150.77 19 39 4
50 24.08 92.78 33.94 304.94 19 47 3
51 77.52 5.86 43.56 294.52 21 48 3
52 0.21 64.67 2.66 77.92 5 19 4
53 23.38 2.07 37.22 137.65 19 20 2
54 29.07 20.59 22.71 72.27 12 38 4
55 38.29 88.86 27.59 293.66 22 29 4
56 1.47 79.89 32.99 183.27 1 42 4
57 29.30 94.18 24.18 261.72 3 15 2
58 18.22 3.50 25.35 368.22 23 40 4
59 36.11 70.38 21.28 353.62 23 47 3
60 53.41 47.64 7.28 413.58 7 10 4
61 22.76 26.06 30.81 146.21 7 32 2
62 49.02 34.74 33.35 196.08 9 31 1
63 15.55 98.67 22.64 372.36 9 10 1
64 2.31 40.51 10.26 111.26 7 17 2
65 98.57 25.16 43.39 159.65 20 40 1
66 86.34 56.63 32.54 190.81 19 35 4
67 64.92 77.50 38.60 405.55 22 30 3
68 32.74 70.63 24.01 151.86 20 32 3
69 83.70 39.73 35.27 479.48 2 7 3
70 49.82 38.00 20.48 499.14 14 41 4
71 54.79 79.55 28.69 360.35 11 34 3
72 17.47 95.49 41.25 453.76 17 23 3
73 96.45 96.16 15.30 158.18 12 47 3
74 40.13 65.16 9.58 80.55 21 29 3
75 16.92 31.82 18.03 153.45 12 17 2
76 50.05 60.89 1.57 135.40 19 36 1
77 37.86 54.12 13.70 458.46 19 27 4
78 84.89 79.75 16.43 310.42 10 26 2
79 21.45 74.25 23.40 133.71 22 34 3
80 18.02 27.84 38.56 53.66 4 34 3
81 48.85 28.22 5.51 462.63 14 26 2
82 30.60 5.89 1.00 469.45 7 44 3
83 76.88 45.73 18.44 362.10 14 46 2
84 65.97 56.82 17.14 297.21 19 40 1
85 85.51 70.30 41.47 410.96 24 28 2
86 68.30 21.88 21.69 183.44 4 25 2
87 45.62 57.47 19.90 134.01 23 43 2
88 18.72 22.27 40.24 280.44 5 6 1
89 73.53 7.77 2.25 270.90 5 30 4
90 63.74 21.27 21.01 439.72 15 21 4
91 80.32 76.14 27.00 182.42 12 26 1
92 95.16 82.82 21.38 356.00 4 43 1
93 25.90 21.94 44.24 208.97 23 40 3
94 24.37 12.58 6.07 120.10 15 48 3
95 55.77 74.32 47.81 437.74 10 14 1
96 2.78 57.91 6.58 307.77 19 36 3
97 28.02 94.79 34.05 108.52 7 42 3
98 88.57 81.44 8.53 498.40 7 43 4
99 66.33 5.23 17.67 401.82 5 44 2
100 62.94 52.36 44.89 361.67 3 38 4
1 190.63 3494.10 1
2 140.45 3199.79 2
3 194.04 3524.41 3
4 171.34 4253.22 4
5 101.28 3045.42 4
1 1.07 44.40 1
2 1.56 27.31 3
3 1.14 26.16 3
4 1.32 31.20 3
5 1.41 37.69 1
6 1.34 29.18 5
7 1.07 45.67 5
