Data for Vehicle routing problem with drones - Author: Huyen Do Thi Ngoc
Number of depots: 3
Number of cities: 200
Number of trucks: 7
Number of drones: 12
Area: 100 100 50
Customer maximum demand: 500
Max capacity of truck: 200
Max energy of truck: 5000
Max capacity of drone: 2
Max energy of drone: 50
1 57.93 29.21 40.34
2 98.23 49.53 4.76
3 33.09 59.41 16.91
1 74.26 76.60 38.98 378.34 13 41 3
2 61.15 97.27 25.28 114.64 14 34 2
3 16.05 99.70 45.53 468.73 8 14 2
4 32.17 72.17 14.50 125.10 7 32 1
5 91.26 4.34 16.07 388.30 10 10 3
6 35.81 60.89 40.08 202.58 22 23 3
7 82.78 88.31 19.12 405.48 3 48 2
8 82.94 52.76 12.03 357.19 20 38 3
9 32.92 68.38 47.26 143.20 13 16 2
10 74.20 92.19 9.99 144.78 24 37 3
11 0.55 99.68 18.08 311.70 2 24 2
12 83.01 3.97 40.62 308.28 23 42 3
13 31.81 13.01 11.85 388.68 6 14 3
14 3.95 60.46 49.83 343.05 16 20 3
15 17.26 89.63 33.80 177.52 10 36 1
16 96.51 34.40 18.42 326.45 12 38 3
17 27.12 67.24 49.29 396.59 5 38 3
18 63.30 94.12 11.67 464.51 4 22 2
19 84.45 95.80 3.48 372.16 19 26 3
20 38.34 77.62 2.47 364.09 9 17 1
21 8.09 26.28 43.33 362.43 21 46 1
22 21.14 2.00 25.84 462.71 16 37 2
23 47.54 29.14 4.00 244.81 24 37 2
24 82.00 92.16 26.07 232.75 23 42 1
25 43.63 75.10 28.17 276.72 18 37 2
26 26.51 82.75 2.41 336.54 15 44 3
27 71.55 71.65 1.44 57.86 24 29 1
28 38.42 86.49 21.02 396.20 17 27 1
29 52.99 76.15 39.50 332.13 2 48 3
30 89.70 70.84 23.97 129.96 11 22 1
31 21.29 84.39 44.57 286.08 23 47 3
32 64.94 83.35 7.75 157.01 12 21 2
33 56.08 70.92 24.96 68.36 21 40 3
34 59.97 31.88 1.37 57.58 13 39 2
35 20.88 28.54 37.86 414.15 11 22 2
36 48.59 5.43 36.72 432.17 21 25 3
37 73.39 2.62 15.58 407.69 8 20 2
38 55.07 30.04 13.18 61.61 1 44 1
39 60.40 82.89 34.40 285.99 3 17 2
40 38.73 7.71 18.37 60.53 17 40 3
41 45.01 67.79 37.10 346.44 4 17 3
42 88.73 54.53 21.35 412.26 21 39 3
43 8.38 36.59 43.33 157.19 21 46 3
44 53.69 20.13 12.57 495.31 13 43 3
45 57.23 89.29 41.39 124.39 17 39 1
46 77.04 43.40 35.13 489.51 8 46 2
47 31.19 56.14 40.84 388.48 13 33 3
48 47.19 59.60 7.49 404.81 3 18 2
49 37.74 3.15 19.07 260.47 4 5 3
50 72.04 23.92 17.16 438.66 9 14 3
51 80.55 89.19 0.14 290.00 20 47 1
52 89.87 84.01 24.93 260.29 22 48 1
53 40.71 3.50 30.17 375.81 11 18 2
54 67.20 20.58 0.57 467.66 17 25 1
55 2.17 18.06 44.34 389.90 17 40 2
56 79.90 29.02 41.10 233.95 4 40 1
57 32.55 24.76 12.82 261.98 20 46 3
58 39.34 99.17 47.10 386.96 14 33 3
59 59.61 51.78 42.65 409.56 18 35 2
60 72.13 21.13 4.46 277.46 9 43 2
61 62.37 53.06 32.77 476.09 22 35 3
62 0.34 8.63 18.54 285.25 3 34 1
63 9.76 73.96 48.09 65.22 9 41 2
64 73.82 13.08 8.75 407.84 7 9 2
65 42.62 18.67 4.68 458.57 16 27 3
66 86.08 52.49 41.31 104.03 24 36 3
67 1.24 71.77 29.64 436.60 22 43 3
68 14.02 48.13 10.01 113.77 10 38 1
69 20.07 27.36 34.11 362.71 24 28 1
70 78.83 37.40 15.76 474.18 3 33 3
71 42.89 44.30 13.56 320.66 4 7 3
72 92.54 20.80 12.77 241.42 13 27 2
73 51.94 21.57 22.85 301.53 6 39 1
74 70.93 57.06 20.13 64.57 17 43 2
75 0.05 15.44 2.76 99.80 21 48 2
76 67.78 36.94 1.45 409.62 13 33 2
77 41.86 26.90 29.07 225.84 11 12 2
78 54.85 68.16 41.96 253.97 5 37 1
79 72.38 23.92 25.64 297.43 2 40 2
80 96.07 63.84 31.73 178.31 12 43 2
81 90.22 66.62 23.77 187.65 10 25 3
82 53.58 40.63 17.53 79.79 8 44 3
83 93.54 81.09 28.99 468.07 19 40 3
84 68.60 34.29 24.57 248.10 11 25 3
85 82.01 22.25 39.57 91.40 6 22 1
86 71.74 41.66 37.42 288.56 5 12 1
87 81.45 80.10 32.24 379.44 4 17 1
88 25.45 72.54 11.86 468.36 5 34 3
89 50.20 64.52 33.20 63.43 16 27 3
90 76.93 41.77 47.79 361.68 21 31 3
91 11.88 28.35 31.91 157.16 17 33 3
92 4.56 70.52 7.48 341.56 8 27 3
93 51.76 60.94 15.89 279.69 0 0 3
94 49.56 70.28 17.93 179.79 20 44 2
95 92.58 62.84 34.20 286.47 6 10 3
96 94.96 94.74 25.90 127.96 17 37 1
97 47.33 76.56 45.44 495.83 8 11 1
98 39.22 41.12 13.21 353.38 18 42 1
99 58.05 14.34 8.28 343.14 23 29 3
100 83.61 41.87 20.97 291.43 12 14 2
101 85.40 64.00 4.88 275.51 6 19 2
102 3.79 86.19 30.65 214.70 7 27 2
103 10.19 68.36 18.34 432.62 3 7 1
104 42.50 62.75 9.52 275.75 10 42 2
105 31.83 14.85 39.04 86.49 11 29 2
106 41.97 39.31 16.89 330.35 6 17 1
107 6.24 57.31 18.74 345.80 22 37 3
108 22.58 95.17 17.26 405.25 8 11 2
109 28.73 98.73 17.99 235.04 7 40 1
110 98.58 52.29 43.94 428.40 24 34 1
111 20.35 90.40 43.01 76.57 19 22 1
112 22.95 41.95 38.52 240.84 13 27 3
113 12.62 3.32 4.32 101.19 4 6 2
114 69.29 44.92 21.07 338.61 4 41 1
115 45.71 80.77 49.00 176.99 3 10 3
116 19.18 65.22 8.07 149.96 8 23 1
117 8.78 57.52 32.56 444.97 1 25 2
118 16.60 83.00 39.56 227.58 15 32 2
119 82.99 56.65 26.23 272.60 2 42 1
120 47.41 95.16 7.47 165.98 17 47 3
121 16.01 59.21 11.74 485.72 13 18 1
122 35.75 97.77 23.00 110.21 21 28 2
123 48.31 19.38 34.93 399.86 7 24 2
124 29.78 33.53 16.40 325.10 23 35 2
125 62.36 18.39 35.71 190.41 14 41 2
126 87.09 44.25 15.41 374.34 10 28 3
127 98.03 93.12 11.57 385.97 11 22 3
128 44.25 61.90 37.64 248.44 21 25 3
129 31.53 73.92 9.10 342.05 20 35 3
130 37.60 39.73 15.74 70.13 16 29 2
131 47.63 55.63 27.12 190.92 16 29 3
132 19.76 97.36 19.62 437.66 18 30 2
133 61.20 38.53 3.39 156.01 17 34 3
134 34.40 43.97 4.92 452.74 16 45 1
135 16.29 88.57 38.51 205.56 19 33 2
136 75.54 41.95 1.02 64.42 13 23 3
137 76.24 41.47 9.49 443.89 14 15 2
138 53.37 58.62 21.37 258.51 18 37 1
139 77.52 55.36 24.61 267.30 12 36 2
140 17.64 26.46 45.88 374.84 23 28 3
141 4.52 79.00 44.07 232.00 6 35 3
142 64.68 26.48 45.05 139.58 7 8 2
143 88.81 59.11 3.99 381.43 20 42 2
144 15.55 56.99 48.81 409.97 11 20 3
145 33.22 41.99 48.62 237.43 19 27 1
146 99.55 99.18 38.21 295.38 6 17 2
147 55.78 79.57 15.73 453.81 1 19 1
148 52.94 96.60 47.42 67.56 11 19 3
149 61.74 22.73 42.23 405.74 13 19 1
150 74.92 75.13 24.45 186.20 5 36 1
151 96.73 29.17 42.54 80.98 7 44 2
152 53.03 13.72 4.65 268.68 6 36 1
153 69.52 99.07 19.67 177.00 15 31 3
154 30.10 55.16 2.69 208.47 16 45 3
155 41.54 22.40 25.13 430.11 8 20 3
156 67.11 91.43 45.53 126.31 16 27 2
157 43.41 67.54 33.39 172.48 17 26 2
158 19.86 55.39 37.05 230.39 4 35 3
159 7.19 99.07 17.80 146.57 12 14 2
160 53.65 83.16 28.66 349.17 0 38 1
161 30.55 43.26 28.48 213.65 23 24 2
162 94.08 93.73 8.46 496.27 10 43 2
163 63.24 60.04 48.25 55.19 2 17 2
164 70.01 29.05 40.95 345.48 23 47 1
165 63.72 97.46 33.37 330.24 6 32 3
166 17.30 61.04 45.10 216.35 16 30 1
167 98.38 85.12 28.73 170.74 7 37 2
168 38.37 5.14 39.49 209.50 4 9 1
169 84.98 39.19 35.82 207.99 5 16 1
170 44.82 98.60 45.55 297.78 14 33 2
171 29.94 45.97 8.43 307.85 13 16 3
172 61.67 34.55 3.51 477.80 11 26 3
173 13.82 58.62 30.90 273.39 19 44 1
174 2.39 85.39 29.66 482.48 12 36 1
175 78.53 7.09 18.09 283.86 24 48 3
176 79.64 11.51 40.00 138.11 6 32 3
177 10.36 28.24 23.84 447.80 17 23 3
178 88.28 98.06 34.78 117.93 2 27 2
179 88.21 92.50 48.04 154.34 11 31 2
180 90.67 95.55 29.56 285.60 12 45 1
181 94.76 56.18 43.54 196.30 23 29 2
182 53.34 70.10 46.28 485.95 23 32 2
183 39.32 82.58 1.41 376.55 12 24 2
184 53.93 31.80 34.17 208.23 14 47 2
185 39.48 9.23 22.57 316.58 8 30 2
186 78.14 76.54 14.76 187.82 7 26 2
187 71.13 35.89 42.33 284.41 18 18 3
188 66.97 93.27 14.50 264.48 20 44 2
189 76.05 30.69 48.18 91.05 13 14 3
190 91.28 84.58 0.51 205.34 19 45 1
191 24.28 94.42 28.84 59.95 13 48 1
192 92.67 93.57 47.60 378.71 8 39 3
193 21.93 31.75 24.67 420.67 15 27 3
194 50.65 15.12 18.15 334.93 15 30 1
195 42.60 51.91 16.56 196.44 6 15 2
196 0.07 74.56 0.02 57.36 14 16 3
197 51.89 81.96 42.99 466.85 6 35 2
198 89.30 91.05 14.37 128.12 7 40 2
199 88.11 95.44 24.68 499.52 4 30 3
200 4.46 55.97 9.83 492.32 20 43 2
1 182.38 2869.52 1
2 169.43 2678.01 2
3 156.60 4661.44 3
4 144.32 3759.05 2
5 157.19 3997.15 2
6 149.91 2765.12 3
7 194.44 4393.74 1
1 1.63 32.98 7
2 1.31 46.85 7
3 1.77 31.16 3
4 1.31 49.60 4
5 1.49 47.79 3
6 1.12 45.90 7
7 1.59 33.98 1
8 1.18 29.71 2
9 1.03 48.01 3
10 1.91 27.35 6
11 1.69 33.98 4
12 1.68 26.79 5
