Data for Vehicle routing problem with drones - Author: Huyen Do Thi Ngoc
Number of depots: 3
Number of cities: 200
Number of trucks: 7
Number of drones: 11
Area: 100 100 50
Customer maximum demand: 500
Max capacity of truck: 200
Max energy of truck: 5000
Max capacity of drone: 2
Max energy of drone: 50
1 7.67 64.96 34.26
2 27.83 87.50 34.99
3 76.06 8.87 35.52
1 33.41 89.33 21.67 172.54 16 26 1
2 7.94 15.83 46.04 119.08 1 21 2
3 66.26 50.09 36.34 390.55 6 36 2
4 11.88 28.88 21.73 176.07 0 45 1
5 26.63 65.10 36.52 364.36 22 46 3
6 65.56 82.89 43.90 150.53 0 31 2
7 67.64 67.97 18.65 443.85 4 35 2
8 70.38 75.97 43.86 190.38 10 10 1
9 81.27 10.84 9.64 129.14 8 45 1
10 27.17 1.78 13.91 473.54 4 35 3
11 63.11 69.91 22.56 402.53 2 43 2
12 87.11 51.40 25.43 291.97 14 34 3
13 77.38 72.08 15.65 160.73 24 34 1
14 87.00 26.27 39.14 78.32 8 34 1
15 98.65 58.23 48.85 72.42 23 39 1
16 77.96 6.25 30.32 220.78 3 23 3
17 29.72 74.26 37.08 458.86 13 47 3
18 27.51 66.35 29.58 395.71 19 33 3
19 20.54 42.40 2.25 468.53 14 39 1
20 24.92 83.91 5.58 92.43 24 30 3
21 34.20 50.05 7.49 226.87 12 33 3
22 81.11 79.37 22.37 318.69 6 27 2
23 81.91 55.81 41.66 454.04 23 35 2
24 42.07 5.74 7.88 155.53 17 20 3
25 61.63 5.41 41.11 256.68 10 18 3
26 44.31 55.15 32.25 274.57 3 6 1
27 37.08 96.84 4.26 196.54 8 32 3
28 70.59 70.21 38.13 388.08 0 47 2
29 70.38 46.75 46.92 270.68 12 37 2
30 88.09 45.58 2.10 304.04 20 38 1
31 74.47 89.44 36.20 384.93 5 15 3
32 86.25 53.16 12.78 378.84 9 10 3
33 54.03 60.04 48.75 110.10 24 41 3
34 11.01 94.95 9.19 439.96 2 44 2
35 2.06 21.87 4.20 98.51 17 20 2
36 80.14 26.53 25.18 362.57 24 35 1
37 6.42 20.97 27.72 397.60 4 46 1
38 56.71 97.14 34.71 248.21 7 10 3
39 27.06 59.30 28.45 271.63 6 12 1
40 73.48 35.12 26.16 494.02 11 24 1
41 63.60 55.86 31.76 323.39 9 17 3
42 14.58 18.19 49.22 369.30 13 40 1
43 32.72 23.79 9.16 138.58 2 39 3
44 38.25 44.21 33.01 423.92 15 38 2
45 46.58 7.24 27.81 484.07 14 39 1
46 72.06 21.06 16.81 69.66 10 11 2
47 86.88 54.49 11.07 155.17 5 37 3
48 95.27 89.42 27.10 72.64 11 24 2
49 43.59 30.96 24.84 440.17 17 21 3
50 20.41 27.01 13.46 294.92 9 13 3
51 88.06 66.50 10.97 160.62 14 46 1
52 77.98 92.17 37.85 121.05 18 31 2
53 54.32 33.20 45.61 361.03 17 17 2
54 36.47 43.84 3.32 182.73 24 44 2
55 91.09 5.11 19.54 306.78 7 29 2
56 42.66 10.86 38.32 98.76 8 31 2
57 2.45 95.98 31.81 305.57 10 46 2
58 63.93 41.84 43.66 161.76 14 41 1
59 7.76 47.85 44.40 315.11 16 42 1
60 83.55 66.88 38.48 259.92 17 33 2
61 46.98 63.40 1.13 280.45 11 32 3
62 34.82 33.02 41.47 381.70 21 36 2
63 21.94 58.71 49.30 467.80 6 25 2
64 30.46 37.39 25.60 325.87 1 32 2
65 73.13 25.13 30.85 60.19 16 45 1
66 65.11 88.76 49.39 228.10 10 44 2
67 3.99 46.59 28.01 436.29 7 35 1
68 12.22 50.91 12.06 63.69 1 29 3
69 31.44 66.32 0.59 438.27 18 25 3
70 12.07 0.21 43.35 71.46 13 40 1
71 63.49 27.41 23.46 443.55 2 26 3
72 94.66 2.83 11.94 280.56 8 34 2
73 94.19 50.94 8.13 83.23 17 29 2
74 84.75 10.51 22.61 486.73 3 9 2
75 91.36 68.58 39.65 217.19 6 28 1
76 37.55 96.14 26.99 80.95 6 13 1
77 51.77 36.03 24.97 251.95 4 42 1
78 94.03 96.45 42.27 329.13 18 46 2
79 30.51 23.21 45.60 266.44 3 23 2
80 88.63 58.01 14.96 105.42 18 37 2
81 87.27 72.26 9.14 172.82 15 36 2
82 70.32 68.76 49.51 163.92 5 48 1
83 60.53 86.03 0.45 217.20 2 32 3
84 48.83 11.49 10.08 123.30 14 25 3
85 29.39 53.54 13.92 472.66 11 20 3
86 30.31 34.53 3.17 316.55 24 37 3
87 31.74 14.82 42.54 298.90 12 21 1
88 76.32 69.71 6.14 448.11 9 42 3
89 23.15 49.78 46.08 217.34 14 22 1
90 57.44 48.15 8.07 480.44 14 47 2
91 40.58 44.64 34.59 472.80 5 24 1
92 18.67 79.57 13.45 249.89 3 21 3
93 92.58 29.42 28.86 489.64 22 28 3
94 4.87 11.79 1.06 362.38 17 32 1
95 85.52 81.02 20.50 483.07 12 26 2
96 89.81 74.13 15.95 284.81 24 30 1
97 12.21 27.48 31.12 97.58 8 35 2
98 32.85 31.44 9.20 90.25 18 20 2
99 35.23 11.11 27.71 147.87 4 32 3
100 95.45 19.99 1.75 268.55 17 26 1
101 81.78 42.20 39.59 232.92 20 36 1
102 7.51 33.24 16.03 338.71 7 32 1
103 52.82 21.01 35.64 274.02 20 27 3
104 18.39 31.28 26.21 314.72 18 27 1
105 79.24 52.31 31.84 130.25 24 37 2
106 31.46 81.36 14.21 161.78 18 42 1
107 96.05 48.36 20.76 266.36 18 24 2
108 33.40 80.37 37.72 418.99 10 12 2
109 69.67 33.24 28.63 60.95 9 26 2
110 48.81 57.80 4.97 155.96 4 13 1
111 37.03 97.74 24.43 319.29 0 11 2
112 31.53 90.82 4.74 264.25 3 34 1
113 77.06 45.12 8.02 77.74 6 8 2
114 77.17 8.07 37.30 341.75 21 44 3
115 88.33 54.02 25.40 217.11 14 15 2
116 6.05 56.07 33.96 239.57 3 40 1
117 94.73 4.90 14.62 441.34 15 32 1
118 81.07 93.96 12.18 56.04 19 22 2
119 60.73 70.81 23.89 313.65 15 35 2
120 12.62 25.19 12.60 447.48 21 25 3
121 29.46 42.88 23.15 132.93 22 29 3
122 33.09 29.55 0.33 157.84 12 34 1
123 72.32 63.58 36.99 492.10 9 36 2
124 25.70 67.10 36.11 497.54 16 28 2
125 99.73 23.52 21.54 179.80 10 21 1
126 83.53 86.57 46.23 226.66 24 31 3
127 54.77 52.48 36.30 201.29 12 37 3
128 24.35 19.62 30.87 262.11 6 38 1
129 86.34 12.49 21.43 293.85 1 43 2
130 33.85 61.43 13.53 376.17 8 19 2
131 63.23 92.73 13.15 495.89 13 37 3
132 13.92 22.31 40.33 314.85 14 37 1
133 2.48 69.05 19.82 423.45 20 47 1
134 67.01 40.52 16.82 215.38 14 48 1
135 69.62 16.06 1.28 216.84 6 18 2
136 76.01 32.45 32.04 369.53 8 15 1
137 47.05 37.53 37.30 80.37 22 48 3
138 86.77 97.86 39.83 304.07 1 31 1
139 33.70 31.37 31.50 90.19 4 26 2
140 63.81 78.23 30.81 482.78 8 32 2
141 34.59 30.63 35.95 101.59 3 29 1
142 7.60 52.99 32.23 175.20 4 44 3
143 13.21 24.00 33.25 348.69 10 11 3
144 92.70 85.03 12.36 305.36 15 43 1
145 74.57 94.58 15.11 426.99 13 48 2
146 13.87 68.12 9.34 336.45 6 34 1
147 67.63 70.70 26.92 198.72 7 46 3
148 82.11 3.97 4.40 69.13 23 32 2
149 94.53 87.16 22.09 472.80 4 14 1
150 86.93 77.49 28.74 288.62 8 15 2
151 7.00 62.27 4.50 126.96 15 41 2
152 51.27 86.19 31.08 97.83 15 28 3
153 83.12 89.54 21.51 229.32 2 28 3
154 32.94 39.92 43.57 241.37 7 46 1
155 81.23 1.72 36.50 164.02 12 20 2
156 58.48 71.71 12.92 268.93 8 35 3
157 72.31 34.22 19.52 219.54 13 14 1
158 82.57 44.78 41.15 234.43 19 28 3
159 40.89 81.40 12.42 119.21 21 34 2
160 85.75 1.72 45.46 307.14 10 42 2
161 84.40 98.99 30.68 321.11 24 47 2
162 91.95 22.30 13.60 394.31 24 42 1
163 71.02 4.61 7.50 294.46 24 43 3
164 43.68 50.33 1.04 114.58 1 26 3
165 78.88 73.68 3.12 185.49 8 11 1
166 42.71 22.97 27.25 116.32 19 45 1
167 59.59 93.38 19.43 453.31 19 44 3
168 28.84 13.78 41.61 399.60 9 40 2
169 50.45 51.30 43.10 495.92 24 25 2
170 11.74 99.93 43.23 100.54 15 29 2
171 5.13 85.22 44.75 285.12 0 44 2
172 27.56 54.29 48.87 237.05 15 17 3
173 98.08 86.83 25.47 317.83 3 48 3
174 56.78 79.56 13.68 218.70 24 34 2
175 18.85 54.62 26.75 197.98 21 43 1
176 17.58 76.72 30.33 423.31 24 41 3
177 63.74 41.02 14.33 347.58 24 26 3
178 82.50 65.35 46.99 480.30 2 2 1
179 10.40 83.09 10.53 98.54 10 11 1
180 90.33 80.87 43.84 58.93 20 42 1
181 17.29 41.57 46.63 262.92 2 46 2
182 39.73 45.84 33.17 306.74 3 14 3
183 67.58 55.52 1.61 383.89 5 31 1
184 54.04 69.52 18.81 238.60 5 36 1
185 20.69 14.22 26.23 139.54 15 28 1
186 7.08 9.48 21.24 79.15 6 9 1
187 54.51 79.63 35.59 189.87 22 27 1
188 68.34 27.07 2.58 455.00 23 32 1
189 63.63 89.26 9.76 269.88 12 12 2
190 73.55 99.94 31.17 334.60 20 47 3
191 90.67 64.42 23.27 89.36 2 28 3
192 33.22 39.29 44.11 123.24 24 43 2
193 58.39 52.98 49.91 476.03 1 12 2
194 76.64 41.44 29.14 314.58 8 26 1
195 64.06 16.60 18.01 101.13 19 48 3
196 2.34 60.41 8.70 455.07 11 42 3
197 75.35 2.86 39.84 147.90 13 48 2
198 99.52 66.07 31.84 213.38 22 28 1
199 69.31 43.78 8.78 413.80 15 36 1
200 14.63 75.48 36.86 367.81 5 40 1
1 150.49 2967.30 1
2 101.27 3411.86 2
3 190.73 4265.29 3
4 141.50 2687.34 2
5 190.38 4444.34 1
6 183.21 3414.81 1
7 164.64 3449.67 2
1 1.60 37.39 3
2 1.96 33.58 2
3 1.41 47.64 1
4 2.00 35.21 3
5 1.75 33.00 6
6 1.55 37.04 4
7 1.22 46.23 3
8 1.98 41.40 5
9 1.14 45.38 5
10 1.20 40.84 2
11 1.81 31.61 5
