Data for Vehicle routing problem with drones - Author: Huyen Do Thi Ngoc
Number of depots: 4
Number of cities: 300
Number of trucks: 6
Number of drones: 7
Area: 100 100 50
Customer maximum demand: 500
Max capacity of truck: 200
Max energy of truck: 5000
Max capacity of drone: 2
Max energy of drone: 50
1 24.93 26.98 33.27
2 11.01 56.94 36.75
3 5.06 33.19 29.09
4 3.22 3.71 11.13
1 80.99 0.50 41.48 381.80 12 15 3
2 89.51 87.57 6.53 54.68 14 18 1
3 45.79 15.54 42.60 297.82 14 46 2
4 95.05 48.09 23.15 252.79 9 10 2
5 38.13 31.54 25.24 327.11 6 43 4
6 96.20 92.21 5.73 368.54 0 48 1
7 4.67 9.55 37.19 485.44 12 38 1
8 48.76 47.92 45.75 242.67 22 48 1
9 99.34 97.42 20.18 128.35 5 9 3
10 0.41 47.74 17.90 377.58 12 23 3
11 72.64 72.22 46.44 350.31 24 28 3
12 3.67 79.58 3.14 499.75 9 27 2
13 27.95 40.70 46.06 328.12 17 29 4
14 61.35 50.63 26.75 258.83 11 34 4
15 2.47 79.51 15.97 489.11 15 29 2
16 37.47 70.11 44.02 307.60 14 31 4
17 36.59 39.78 5.58 453.20 17 17 4
18 17.35 19.37 35.36 308.85 2 5 2
19 90.92 50.20 38.02 132.55 23 41 4
20 82.30 64.55 34.82 472.63 24 46 4
21 30.35 50.07 44.42 422.68 1 1 3
22 67.09 40.20 10.67 70.04 24 39 2
23 61.24 10.81 49.13 380.44 0 8 2
24 97.81 68.90 6.25 85.52 7 25 4
25 39.45 24.26 4.70 221.52 1 42 1
26 31.60 65.90 3.44 88.10 21 31 3
27 13.27 78.01 24.52 160.22 13 46 1
28 52.88 31.14 47.70 492.25 3 26 1
29 22.75 32.70 27.17 378.78 9 15 3
30 71.31 76.56 35.41 66.69 8 26 1
31 85.46 14.00 10.80 298.94 20 34 4
32 24.27 37.36 8.93 147.49 1 2 4
33 17.04 25.92 6.04 216.87 24 42 2
34 44.70 67.43 27.52 175.74 13 45 3
35 34.68 27.70 33.12 283.85 24 39 2
36 87.30 6.89 0.28 181.01 22 28 1
37 29.08 83.73 47.12 289.41 17 19 3
38 45.38 50.58 21.63 354.39 0 11 4
39 45.84 95.14 20.51 444.61 8 25 4
40 12.88 58.28 32.81 150.06 12 20 3
41 14.37 92.57 16.01 296.22 13 24 3
42 49.03 80.53 6.74 297.08 10 13 3
43 92.94 90.79 37.34 363.89 20 26 2
44 63.32 93.24 38.65 89.97 19 46 1
45 56.81 86.36 0.88 262.03 19 24 2
46 12.96 54.97 30.91 50.68 7 8 4
47 50.73 92.02 36.80 57.73 7 15 4
48 22.21 63.09 36.61 224.48 9 41 2
49 62.74 66.23 31.98 303.86 7 32 4
50 44.50 13.07 34.84 243.92 16 23 3
51 23.17 83.68 18.76 81.32 9 35 1
52 6.26 23.36 32.30 113.08 22 38 3
53 75.76 72.07 36.04 172.24 9 14 2
54 1.50 59.66 31.34 376.50 10 26 4
55 12.31 87.20 49.21 471.98 1 23 4
56 53.99 79.39 35.47 172.21 24 29 3
57 89.87 21.16 15.48 126.43 2 35 1
58 45.17 1.35 29.60 378.10 10 24 3
59 54.94 66.55 30.18 80.31 1 3 4
60 80.34 87.27 34.35 51.93 8 30 1
61 57.16 58.54 12.13 329.23 6 23 4
62 3.74 70.91 38.68 345.67 9 34 4
63 23.13 14.89 40.73 187.62 16 24 4
64 84.76 31.29 20.18 407.54 10 48 4
65 89.42 99.52 32.64 240.40 0 11 2
66 44.10 13.66 23.34 407.05 21 23 4
67 29.02 57.64 39.35 103.68 4 37 2
68 12.07 55.70 34.30 423.42 18 35 4
69 88.07 65.62 3.65 387.93 12 32 2
70 55.67 28.14 15.15 86.57 17 17 4
71 44.63 55.64 45.92 250.48 3 16 3
72 9.95 26.98 29.96 378.49 13 43 1
73 22.59 30.30 29.12 127.27 22 27 4
74 41.18 61.15 31.16 129.68 0 12 3
75 86.31 37.79 20.61 322.11 13 47 2
76 39.85 45.70 15.48 199.11 21 26 4
77 2.02 56.04 18.55 437.03 8 18 2
78 68.69 36.26 45.64 271.85 24 31 1
79 92.15 65.84 30.84 409.51 23 32 3
80 11.82 88.26 41.71 257.75 24 27 4
81 17.93 60.22 6.37 281.88 2 22 3
82 32.80 11.00 1.56 215.08 19 46 2
83 3.15 6.93 13.69 497.92 19 29 4
84 39.27 79.11 15.88 50.43 2 45 2
85 51.20 23.60 19.89 304.19 18 21 2
86 39.08 55.12 21.79 432.63 9 13 4
87 18.87 47.23 8.72 230.92 5 48 3
88 92.89 38.41 29.83 149.02 1 24 3
89 78.54 88.65 42.34 358.11 21 27 3
90 71.51 36.01 14.42 188.12 2 17 3
91 94.79 38.74 33.70 218.84 18 30 3
92 27.61 15.27 14.02 68.22 5 16 1
93 37.05 46.10 32.73 198.61 9 29 2
94 70.80 51.84 1.73 195.74 10 26 4
95 86.98 88.55 43.27 191.55 7 21 3
96 84.68 93.83 34.52 351.10 3 24 4
97 41.66 82.94 29.55 261.78 16 24 1
98 64.59 10.44 18.53 50.64 7 10 2
99 99.48 68.73 29.93 385.01 10 26 3
100 35.39 82.58 0.26 156.84 9 22 2
101 66.95 54.94 16.02 335.74 15 15 4
102 83.41 62.79 4.61 271.55 14 22 1
103 4.75 22.70 42.41 387.74 22 23 4
104 63.37 64.50 4.56 250.85 11 20 2
105 30.89 55.05 35.90 129.06 22 38 4
106 63.71 54.43 30.57 371.99 15 23 2
107 21.97 86.42 45.12 438.64 19 43 2
108 63.48 77.09 33.12 471.01 13 21 3
109 94.62 72.41 25.14 127.67 1 12 1
110 2.60 53.40 49.74 379.04 21 33 2
111 33.86 89.85 45.69 435.05 13 35 4
112 26.52 93.91 45.44 323.20 19 31 4
113 58.95 9.55 29.15 77.18 18 41 2
114 76.60 33.38 21.31 96.49 5 22 1
115 90.38 94.90 2.97 336.15 12 37 2
116 60.92 26.81 19.53 290.93 6 38 1
117 2.30 74.17 14.59 271.41 4 48 2
118 9.62 32.32 35.73 206.37 0 46 3
119 68.99 12.17 0.60 408.00 14 25 2
120 83.96 72.36 8.75 218.86 23 32 2
121 60.96 8.34 49.13 114.65 11 21 2
122 43.33 16.86 12.11 179.94 4 8 1
123 31.99 59.45 44.88 120.82 9 27 4
124 75.71 66.31 16.85 173.74 18 19 4
125 2.87 38.23 44.04 385.19 20 27 2
126 87.96 39.14 47.08 445.53 13 20 2
127 13.60 5.87 10.79 332.16 18 38 1
128 86.64 23.77 12.37 414.28 23 36 3
129 26.06 38.20 6.68 374.77 1 16 2
130 57.90 97.27 19.66 141.77 15 20 1
131 84.90 9.67 17.10 271.60 8 35 2
132 13.61 52.76 49.86 347.50 5 7 4
133 51.09 46.67 25.60 191.05 1 45 4
134 5.58 34.37 24.21 431.31 21 47 4
135 60.51 96.50 36.98 458.86 13 42 4
136 86.03 31.04 47.47 395.12 3 29 2
137 39.88 66.08 13.28 441.83 22 32 4
138 30.55 87.54 5.43 195.19 11 31 4
139 72.48 84.74 1.71 81.23 18 33 4
140 45.95 98.58 44.38 290.06 15 18 2
141 14.68 62.61 38.89 130.59 24 43 4
142 38.09 57.52 16.99 50.14 17 42 3
143 6.91 91.16 34.37 177.10 9 41 2
144 78.81 51.42 39.72 239.37 1 26 1
145 16.87 10.98 30.92 83.32 16 16 2
146 53.30 90.60 34.04 395.24 11 47 4
147 22.09 66.39 28.13 464.07 7 18 4
148 87.33 76.39 39.47 219.59 3 4 3
149 25.15 98.64 30.09 81.71 21 34 4
150 44.08 58.86 7.78 142.17 20 36 1
151 10.13 28.68 2.65 145.20 5 38 1
152 88.21 20.46 39.43 145.20 3 40 4
153 76.75 82.39 21.71 416.53 15 42 4
154 33.74 91.22 41.20 382.39 15 25 4
155 3.05 45.57 11.53 400.29 6 33 2
156 34.30 12.47 40.98 104.63 11 32 3
157 54.38 58.03 30.44 151.60 10 10 4
158 62.62 34.83 11.97 65.21 3 8 4
159 36.77 13.58 49.00 290.59 23 25 2
160 87.69 27.99 17.29 147.18 7 38 3
161 26.85 96.26 17.09 298.84 14 25 1
162 97.21 25.01 14.44 103.69 19 35 2
163 69.61 49.62 21.99 248.29 12 13 3
164 88.46 50.96 26.10 320.87 19 36 4
165 53.08 97.80 47.82 467.97 10 44 1
166 94.31 52.46 46.07 245.65 9 28 2
167 44.65 2.39 35.61 237.19 2 46 4
168 90.03 14.81 32.25 329.96 24 26 4
169 85.11 11.57 21.45 489.43 15 41 2
170 19.97 22.17 26.50 469.15 4 39 3
171 30.40 84.52 36.25 327.52 22 45 2
172 21.14 36.32 32.33 319.95 23 39 2
173 84.34 8.70 0.65 438.76 3 37 4
174 2.70 42.94 15.44 342.47 17 41 2
175 97.16 65.12 17.59 382.69 14 31 2
176 27.26 99.09 36.16 81.69 21 42 3
177 62.51 61.14 38.46 403.72 16 23 4
178 2.71 17.02 7.00 423.51 5 33 4
179 79.20 37.84 4.53 362.35 0 24 1
180 41.91 62.67 27.52 101.89 23 32 4
181 52.85 42.85 38.77 78.55 23 29 4
182 65.74 92.96 43.74 449.28 10 10 2
183 79.41 91.26 44.17 475.95 8 16 4
184 75.95 52.43 9.87 486.01 12 41 4
185 15.32 74.19 10.78 216.80 16 28 4
186 61.65 31.39 49.26 167.09 23 44 2
187 48.44 48.65 13.71 162.56 4 36 4
188 24.88 28.56 23.74 486.87 17 28 3
189 55.46 16.78 9.96 225.27 14 33 2
190 50.82 56.61 23.77 305.53 14 33 2
191 98.37 3.51 46.20 311.64 13 23 3
192 55.52 71.14 41.37 72.48 12 22 3
193 99.27 46.53 20.37 263.87 4 21 3
194 75.95 29.02 23.03 256.54 12 15 4
195 84.42 38.75 21.09 234.14 6 43 4
196 69.92 30.00 2.09 469.46 9 10 3
197 12.02 58.99 44.51 410.03 17 19 3
198 45.80 95.82 43.54 75.65 20 26 4
199 51.24 27.19 12.82 477.56 13 40 3
200 47.53 69.35 40.98 405.62 5 6 3
201 46.90 66.92 43.15 237.97 18 37 4
202 7.82 54.49 14.21 476.87 5 21 3
203 85.12 82.11 35.02 307.74 1 43 4
204 27.26 51.73 26.87 240.40 18 22 2
205 61.23 4.98 41.37 89.76 6 27 2
206 65.05 68.26 16.21 317.54 13 13 2
207 37.27 97.98 26.49 122.58 23 41 1
208 65.47 14.63 13.28 63.53 23 33 4
209 85.22 7.96 49.61 139.02 0 18 4
210 54.55 30.59 9.42 235.36 7 38 1
211 67.04 86.24 16.02 234.33 18 36 1
212 52.70 18.39 48.47 461.25 6 24 2
213 56.70 51.62 40.89 387.06 4 25 2
214 58.16 15.70 18.42 127.90 5 36 3
215 11.05 8.89 40.03 166.55 10 44 1
216 48.34 65.41 18.35 240.95 24 33 2
217 37.83 7.33 47.92 447.17 16 30 2
218 13.51 49.83 3.62 128.88 13 27 1
219 81.21 20.41 35.32 474.79 1 12 4
220 66.74 43.71 38.94 170.50 3 43 1
221 80.33 59.19 14.95 335.19 5 44 2
222 82.45 1.02 1.24 143.73 24 29 2
223 45.54 78.71 29.56 237.16 19 38 1
224 97.22 25.23 29.29 320.87 19 32 3
225 29.39 38.29 23.09 145.85 5 14 1
226 40.58 92.49 5.98 279.93 2 7 3
227 78.01 97.45 11.95 459.88 19 48 2
228 95.18 86.45 11.19 64.92 2 3 3
229 88.30 74.87 23.41 271.67 16 48 1
230 80.66 21.67 26.48 361.11 18 35 1
231 92.02 25.54 5.48 385.60 4 24 4
232 25.13 40.73 40.02 203.65 7 23 4
233 58.53 99.80 40.76 137.77 3 7 2
234 98.64 4.21 20.17 468.83 23 32 2
235 13.08 31.83 39.49 279.12 10 36 4
236 55.30 7.07 39.37 493.13 5 14 3
237 93.62 10.82 38.78 329.59 14 23 1
238 36.89 1.78 48.74 135.59 2 22 4
239 65.64 99.17 42.92 280.36 18 19 1
240 19.98 59.98 47.42 254.50 20 31 4
241 88.44 44.33 4.23 287.56 23 45 1
242 29.15 26.55 30.97 162.30 13 22 4
243 4.21 21.34 24.07 83.61 3 18 1
244 97.87 89.32 13.45 287.30 11 35 1
245 48.66 82.00 9.57 191.26 0 13 2
246 64.06 41.72 39.34 298.76 2 25 2
247 47.98 98.64 9.55 65.86 10 43 4
248 20.56 81.39 34.82 182.12 2 44 4
249 37.39 71.05 38.59 429.27 18 32 1
250 92.53 71.91 10.35 462.03 3 40 1
251 45.36 88.98 42.53 50.95 12 31 3
252 27.03 41.81 10.41 156.01 22 30 3
253 53.90 46.08 47.34 147.38 7 47 1
254 42.41 43.92 43.24 65.36 15 44 3
255 42.03 47.45 47.75 217.64 7 37 4
256 88.31 60.41 45.94 414.52 0 10 3
257 68.69 6.58 31.52 287.19 9 46 4
258 50.85 27.03 30.87 319.72 15 17 4
259 38.45 87.92 43.91 342.04 21 44 3
260 30.70 44.76 2.57 58.36 23 33 2
261 4.91 70.28 1.08 97.58 5 41 2
262 38.89 41.76 6.34 225.48 24 40 3
263 42.81 44.56 20.53 229.89 23 43 4
264 84.40 85.20 27.41 196.90 4 9 2
265 48.59 78.69 15.82 317.36 6 28 2
266 10.27 48.99 49.48 138.44 4 21 2
267 98.74 17.12 25.81 106.06 19 46 3
268 5.29 45.83 39.88 300.74 5 25 3
269 70.00 55.64 12.08 441.05 5 12 3
270 2.55 56.44 6.98 249.17 1 41 2
271 83.46 97.59 42.39 176.99 12 14 4
272 57.33 0.48 31.40 333.10 10 30 2
273 28.32 67.71 49.58 265.29 11 14 3
274 81.58 21.89 41.66 396.33 8 19 4
275 89.94 22.84 48.70 392.35 0 39 4
276 51.47 38.75 41.49 443.50 14 48 4
277 65.74 94.06 49.92 494.40 7 14 1
278 66.95 91.87 44.08 334.78 14 22 2
279 23.43 64.16 37.22 262.79 23 26 4
280 87.00 92.69 18.52 245.98 18 25 4
281 83.21 95.90 5.28 388.26 6 12 2
282 41.10 51.06 10.47 419.32 17 18 1
283 35.33 64.76 1.48 163.79 16 48 3
284 59.45 48.39 41.17 73.94 1 41 3
285 83.24 89.28 25.51 165.94 11 43 2
286 93.48 55.75 8.15 357.54 7 14 1
287 22.80 76.10 13.30 458.32 13 30 3
288 14.08 4.60 39.48 106.07 23 23 4
289 90.79 73.57 12.41 366.13 23 34 3
290 25.35 78.79 43.42 337.81 22 48 4
291 86.15 51.81 23.94 68.46 12 19 4
292 42.56 93.88 30.55 265.56 18 48 1
293 48.58 41.62 3.87 281.72 16 21 3
294 27.21 69.34 12.79 226.50 20 25 3
295 82.41 7.53 35.08 236.76 12 26 1
296 23.13 0.82 2.70 445.56 10 14 1
297 7.00 15.32 38.96 113.26 15 35 3
298 56.54 27.55 40.56 162.45 18 19 2
299 73.26 56.83 14.03 224.26 3 10 2
300 36.57 50.18 33.20 316.10 21 43 2
1 171.96 3649.61 1
2 115.17 3232.84 2
3 111.86 4124.48 3
4 181.00 3947.36 4
5 122.56 4831.12 4
6 123.48 4550.70 4
1 1.72 30.45 1
2 1.38 26.20 6
3 1.74 35.02 5
4 1.45 25.61 6
5 1.02 33.74 4
6 1.77 41.02 1
7 1.58 44.40 3
