Data for Vehicle routing problem with drones - Author: Huyen Do Thi Ngoc
Number of depots: 2
Number of cities: 500
Number of trucks: 7
Number of drones: 8
Area: 100 100 50
Customer maximum demand: 500
Max capacity of truck: 200
Max energy of truck: 5000
Max capacity of drone: 2
Max energy of drone: 50
1 72.83 17.90 43.45
2 11.57 25.18 24.20
1 11.23 20.51 17.89 446.86 3 43 2
2 28.07 70.01 45.16 361.60 7 19 2
3 98.67 98.03 30.55 118.12 22 48 2
4 25.70 46.52 27.88 481.84 1 12 2
5 3.44 19.83 19.12 175.48 6 12 1
6 38.15 19.47 33.16 145.90 23 44 2
7 91.62 47.33 22.59 151.97 9 43 1
8 30.90 78.38 20.53 364.84 8 38 2
9 30.98 45.99 9.04 274.43 21 24 1
10 8.83 47.30 12.50 222.14 1 38 2
11 33.53 24.68 0.53 119.65 13 45 2
12 66.07 33.60 1.50 58.13 1 22 2
13 18.01 95.39 39.35 59.42 14 28 2
14 40.58 85.46 18.84 62.17 8 21 1
15 44.55 40.83 39.41 51.60 6 31 2
16 7.99 41.49 12.23 297.65 2 30 1
17 37.64 12.93 42.41 346.27 20 29 1
18 48.24 80.27 46.39 173.03 21 42 2
19 22.41 99.44 26.09 278.54 22 45 1
20 10.30 37.07 36.03 472.11 1 33 2
21 76.37 4.18 30.59 147.45 20 25 1
22 96.97 98.28 14.39 219.08 22 22 2
23 72.04 39.42 4.28 331.77 0 11 1
24 82.54 38.06 5.37 467.76 16 17 2
25 54.42 20.01 40.90 313.95 19 44 2
26 86.10 96.81 28.67 344.59 20 20 1
27 76.75 5.18 8.94 340.56 19 28 1
28 58.71 2.55 18.10 437.77 10 34 1
29 82.64 29.81 44.44 267.29 18 22 2
30 38.84 1.20 18.22 304.03 18 36 2
31 62.81 46.26 9.40 370.61 11 34 1
32 47.20 47.21 39.73 400.12 11 35 2
33 21.60 53.53 4.41 301.80 10 33 2
34 90.87 38.24 48.71 105.09 14 24 2
35 53.03 39.72 48.94 449.10 7 39 2
36 1.02 89.55 44.23 333.74 2 12 1
37 73.01 69.76 32.46 179.87 18 21 2
38 13.10 3.69 12.49 462.52 2 19 1
39 90.57 95.93 13.99 270.75 3 38 1
40 0.73 82.90 26.87 454.18 18 30 1
41 62.10 89.57 34.90 224.78 10 44 2
42 8.26 73.09 6.41 449.37 2 45 1
43 62.50 4.29 28.51 250.77 10 24 1
44 95.84 53.21 7.67 275.56 3 30 1
45 1.21 35.08 11.37 252.79 16 20 1
46 3.65 83.36 0.50 405.92 22 37 1
47 15.75 75.15 13.92 221.32 14 16 2
48 67.96 66.38 39.31 303.38 20 48 2
49 20.17 5.37 1.94 327.16 18 26 2
50 76.07 94.75 4.68 440.60 0 31 2
51 19.08 14.25 24.92 170.40 1 26 2
52 52.62 18.34 49.60 308.39 2 42 1
53 6.00 21.34 47.08 147.06 0 38 2
54 33.95 63.69 8.03 389.95 13 29 1
55 54.37 43.32 6.65 445.50 8 23 2
56 15.05 54.22 20.22 328.64 10 27 2
57 31.54 26.17 34.80 235.55 20 30 2
58 25.71 53.22 27.03 174.44 22 30 1
59 80.65 37.01 11.16 327.83 3 15 1
60 33.29 53.11 18.59 307.29 21 36 1
61 38.37 67.86 37.84 332.13 18 47 1
62 39.77 2.19 39.36 255.78 7 23 2
63 71.78 58.81 46.44 56.53 7 27 1
64 32.17 44.55 12.82 425.33 3 39 2
65 58.78 69.72 21.02 327.99 24 28 2
66 54.26 76.35 4.95 158.13 17 33 1
67 8.85 72.19 4.63 262.79 16 44 1
68 5.65 65.33 21.15 169.73 7 13 2
69 11.71 60.44 4.45 286.22 4 24 2
70 53.46 53.02 22.02 492.73 8 17 2
71 61.59 8.08 49.68 397.01 1 35 2
72 57.88 1.57 8.76 418.56 6 37 2
73 90.71 1.60 21.25 204.16 14 19 2
74 45.79 82.97 24.48 235.14 5 44 1
75 26.30 23.50 37.70 327.73 24 29 1
76 64.26 97.76 22.23 56.17 4 27 2
77 53.03 16.71 24.66 195.09 20 21 1
78 18.07 87.31 19.46 136.20 0 27 2
79 40.56 40.32 24.84 96.08 18 23 2
80 20.35 73.55 36.48 237.21 15 19 2
81 90.48 83.34 11.57 122.34 0 22 2
82 68.85 46.20 41.54 135.58 2 46 2
83 69.00 98.80 25.39 193.06 5 30 1
84 74.36 69.83 12.05 354.16 7 19 2
85 47.93 36.89 21.20 390.81 22 35 2
86 55.38 99.29 49.25 415.56 0 12 2
87 25.42 49.11 33.13 108.69 17 43 1
88 70.73 78.89 15.94 466.94 18 43 2
89 72.82 19.07 6.93 72.25 2 22 1
90 50.57 56.80 37.67 356.38 8 29 2
91 61.12 53.58 18.95 418.50 4 39 1
92 83.41 90.21 12.28 459.34 20 31 1
93 24.11 30.18 3.22 493.91 14 48 2
94 71.23 97.27 32.86 175.97 8 19 2
95 97.67 96.72 33.48 125.40 11 25 2
96 84.11 81.11 8.61 132.91 15 29 2
97 15.73 74.87 40.50 296.98 8 48 1
98 0.64 33.46 14.65 213.74 19 34 1
99 51.79 52.84 3.74 239.96 22 40 2
100 80.40 40.55 42.60 300.10 9 15 1
101 40.47 35.17 31.72 171.87 6 9 2
102 55.15 80.37 41.36 258.54 16 38 1
103 11.00 55.73 7.75 350.71 20 42 1
104 22.89 72.81 7.16 374.56 23 38 2
105 88.23 99.68 40.05 167.00 7 8 2
106 85.69 44.48 46.94 436.37 9 14 2
107 68.19 43.13 30.59 344.90 11 46 1
108 20.59 32.98 41.12 167.23 24 24 2
109 86.44 92.86 27.27 454.77 19 44 2
110 81.23 26.60 16.96 355.26 3 41 2
111 54.27 65.22 39.41 237.68 24 40 1
112 4.80 84.14 30.35 310.18 19 27 1
113 52.96 6.44 19.44 257.64 21 26 1
114 13.63 12.22 18.29 275.39 19 31 2
115 70.82 22.55 3.98 224.13 10 38 1
116 60.69 29.25 40.43 119.75 17 28 1
117 10.67 74.54 35.02 101.92 8 13 1
118 43.75 68.22 21.55 356.81 2 29 2
119 80.74 18.94 20.30 268.28 2 36 2
120 67.71 9.35 19.21 490.69 21 46 2
121 42.71 68.79 4.65 399.55 11 44 1
122 93.62 14.11 42.27 339.46 8 12 2
123 54.62 44.73 24.90 135.30 1 41 2
124 75.08 23.78 31.02 99.77 3 19 1
125 4.19 10.90 42.24 454.25 8 12 1
126 67.49 62.94 1.49 497.73 16 33 2
127 73.14 30.40 37.38 333.43 23 40 2
128 22.84 21.86 37.63 217.53 19 47 2
129 57.19 33.61 46.55 315.10 13 33 1
130 97.45 64.18 16.27 62.22 24 48 1
131 2.46 54.06 16.35 100.15 20 47 2
132 6.54 73.82 38.81 430.84 7 10 2
133 36.54 15.36 38.02 199.42 1 9 2
134 12.64 26.41 12.01 220.30 19 43 1
135 81.03 66.54 2.14 264.28 6 37 2
136 36.47 64.44 42.46 484.81 10 47 2
137 24.59 21.00 21.21 323.26 21 36 1
138 28.55 67.10 37.24 53.69 0 13 2
139 81.84 74.49 28.66 134.27 0 27 1
140 48.78 6.14 49.57 72.50 7 29 2
141 68.28 57.54 23.36 195.05 20 36 1
142 37.87 21.80 17.44 492.13 8 23 1
143 0.84 53.27 0.52 71.94 10 11 1
144 41.86 85.56 3.13 386.63 24 43 1
145 99.38 57.55 25.67 341.47 10 46 1
146 20.66 86.57 29.04 476.85 12 38 1
147 89.34 90.40 21.85 162.69 7 20 1
148 54.02 87.43 7.44 338.91 2 12 1
149 66.53 86.10 49.79 481.05 15 29 1
150 11.28 9.79 12.26 277.06 6 27 2
151 82.18 87.70 2.73 465.09 17 47 2
152 25.02 31.93 10.32 70.18 6 45 1
153 57.06 2.38 24.78 224.05 24 38 2
154 62.41 88.25 46.37 64.15 2 40 2
155 3.19 9.58 4.60 215.55 6 29 1
156 62.30 51.51 35.77 111.15 2 23 2
157 76.26 7.76 11.95 246.48 3 38 1
158 95.25 55.79 27.10 350.91 16 30 1
159 43.98 97.38 12.80 60.71 16 31 2
160 37.76 90.83 35.88 79.98 1 15 1
161 6.20 32.80 36.37 219.22 17 25 1
162 5.92 26.80 40.89 149.75 5 35 1
163 71.92 15.38 17.81 275.73 24 27 2
164 31.18 24.02 29.38 320.95 22 24 2
165 13.96 73.96 18.55 390.62 20 31 1
166 81.62 38.48 29.44 450.73 23 39 2
167 37.87 58.97 28.30 317.70 5 25 1
168 57.20 91.40 28.16 82.75 15 40 2
169 99.79 5.07 36.55 184.15 12 40 1
170 4.76 59.82 20.09 187.71 21 46 1
171 36.27 59.57 2.05 309.78 7 37 2
172 82.27 34.45 12.14 438.35 22 23 1
173 37.96 49.38 43.94 113.47 13 15 1
174 4.50 89.05 37.52 231.58 4 5 1
175 61.55 71.23 20.96 180.45 0 27 1
176 99.51 0.91 5.26 271.19 8 41 1
177 50.07 44.78 12.97 234.62 10 33 1
178 96.36 49.93 24.36 497.38 22 39 2
179 53.99 49.01 12.93 314.67 23 46 2
180 61.77 73.89 40.47 161.50 19 19 2
181 33.31 42.58 33.19 117.67 4 4 1
182 85.14 9.80 36.00 439.58 14 28 2
183 91.21 80.43 6.98 481.10 7 35 1
184 56.67 23.64 44.14 368.23 19 37 2
185 71.25 38.87 13.54 378.42 7 14 2
186 45.36 52.43 0.54 344.07 3 31 2
187 20.01 86.45 27.95 490.22 13 13 2
188 36.44 37.70 16.12 229.60 22 43 1
189 35.36 94.20 1.57 475.05 18 35 2
190 40.22 16.27 27.81 258.96 15 17 1
191 60.71 50.91 32.12 99.56 5 41 2
192 37.22 53.41 25.76 340.01 6 31 2
193 78.39 71.00 10.11 115.61 16 24 2
194 1.31 51.28 45.51 312.23 22 25 1
195 46.53 43.72 44.33 490.36 9 25 1
196 6.37 89.07 47.04 265.63 9 41 2
197 59.19 85.75 44.71 129.49 13 39 1
198 27.69 4.79 21.36 470.12 3 42 1
199 84.93 32.92 34.68 297.36 17 22 1
200 2.77 88.55 49.46 389.22 13 47 2
201 22.79 41.70 13.87 170.36 8 30 2
202 44.12 31.14 16.14 274.67 12 48 2
203 90.21 32.26 7.81 473.73 14 21 1
204 14.75 50.45 8.51 81.28 11 21 1
205 20.88 0.55 23.99 306.64 23 43 1
206 21.36 64.26 25.90 51.92 10 35 1
207 26.63 6.03 13.12 435.00 23 23 1
208 25.81 83.83 45.34 123.18 11 15 1
209 71.86 12.09 25.52 474.34 8 39 2
210 52.32 2.54 12.65 413.72 19 48 1
211 0.70 0.34 25.06 104.04 0 13 2
212 5.38 17.55 43.16 468.26 22 36 1
213 2.52 4.72 4.47 64.91 23 40 1
214 54.17 42.71 5.54 409.19 7 21 1
215 15.80 39.28 41.67 336.40 19 20 2
216 54.13 71.71 37.86 128.44 1 22 2
217 54.09 21.09 2.60 197.86 4 38 2
218 76.14 12.51 37.82 452.03 6 28 1
219 69.88 41.13 39.94 68.93 17 18 1
220 36.78 86.78 36.46 407.01 23 35 1
221 79.38 89.56 36.13 381.26 13 48 1
222 86.37 29.33 43.65 419.68 15 46 2
223 69.37 18.96 49.05 243.97 4 14 2
224 93.56 68.32 19.23 108.28 9 32 1
225 83.90 15.61 32.53 179.57 4 13 2
226 19.65 9.27 18.33 359.34 17 26 2
227 0.46 82.85 2.27 141.88 22 27 1
228 6.94 59.86 5.54 197.29 0 30 2
229 21.04 78.89 22.64 118.51 2 40 1
230 72.92 52.48 31.09 90.35 8 48 1
231 7.32 45.61 30.64 377.93 22 28 2
232 34.41 98.75 7.63 419.43 16 21 1
233 45.21 97.23 26.01 462.54 20 32 2
234 82.60 79.09 32.35 345.96 21 44 2
235 66.05 68.68 12.68 144.38 15 41 1
236 13.13 17.31 17.07 333.50 0 4 2
237 95.49 80.05 11.74 80.64 5 16 1
238 38.39 23.23 26.67 358.18 17 27 2
239 8.13 47.99 15.14 77.35 2 8 2
240 23.73 80.60 4.48 412.08 8 46 2
241 10.72 13.30 31.08 197.27 19 31 1
242 1.36 98.27 25.24 357.50 17 29 2
243 26.46 82.79 40.89 494.65 1 3 2
244 85.27 65.17 3.29 161.40 11 25 2
245 30.00 20.07 21.00 475.54 16 24 2
246 85.22 65.51 45.47 399.21 12 18 2
247 5.95 80.38 48.81 229.45 9 27 1
248 17.88 87.37 24.03 412.01 18 33 2
249 36.19 26.06 16.21 492.34 13 27 1
250 23.29 56.63 8.18 149.80 3 47 2
251 92.42 21.11 35.19 394.02 22 38 2
252 69.14 55.12 45.39 432.01 12 27 2
253 68.98 22.69 34.48 156.71 12 44 2
254 3.38 87.13 48.45 483.20 6 21 2
255 97.09 83.92 12.77 312.59 1 6 2
256 94.69 22.05 15.02 352.49 8 31 2
257 54.18 37.00 18.00 160.20 19 27 1
258 82.67 19.17 39.58 436.91 6 40 2
259 70.69 9.16 48.42 255.70 22 29 2
260 16.51 27.08 28.13 434.02 24 33 1
261 56.16 56.72 0.99 52.20 12 13 1
262 48.98 72.97 42.63 173.55 3 45 2
263 22.92 29.00 29.60 79.16 11 12 1
264 21.67 13.45 33.94 437.41 20 25 2
265 76.45 63.92 46.06 128.49 18 41 2
266 52.30 3.18 14.42 244.42 6 36 2
267 65.55 74.73 28.23 495.46 11 34 1
268 62.30 7.24 10.99 197.32 18 46 2
269 36.73 32.56 44.77 87.99 7 40 1
270 88.60 84.37 32.83 405.30 7 14 1
271 42.88 6.75 42.16 433.28 12 30 1
272 59.39 98.35 34.98 485.62 5 7 1
273 58.20 54.34 44.10 137.85 15 48 2
274 65.82 12.07 40.44 217.93 18 23 2
275 2.43 24.33 45.51 485.40 1 48 2
276 62.95 18.58 43.97 163.87 0 18 2
277 14.25 14.93 32.87 234.37 1 4 1
278 4.29 13.56 31.94 355.10 16 43 1
279 45.50 99.56 36.43 451.51 14 30 2
280 31.04 11.77 24.70 166.23 24 31 1
281 47.93 82.86 44.95 375.51 7 32 1
282 91.41 21.12 15.57 400.78 0 13 1
283 77.61 21.89 5.61 383.22 12 26 2
284 56.98 76.20 11.87 229.54 17 29 2
285 0.68 77.28 26.07 158.64 24 38 1
286 58.19 74.78 44.39 60.76 8 47 2
287 78.85 73.46 2.66 360.97 10 38 1
288 14.01 96.56 46.69 475.42 22 40 1
289 42.70 13.56 16.20 391.00 22 38 2
290 44.64 63.35 0.14 230.23 12 36 1
291 35.51 44.77 28.34 488.86 22 34 1
292 11.23 63.67 1.61 449.95 22 39 1
293 44.46 35.33 37.84 270.25 13 28 1
294 66.61 18.70 48.86 305.73 12 43 1
295 48.40 77.26 11.38 266.37 11 38 2
296 47.24 28.96 41.66 493.16 3 35 1
297 86.50 70.25 42.20 365.21 14 44 2
298 13.42 88.01 16.25 334.30 2 40 1
299 68.92 59.90 17.59 427.92 22 39 2
300 20.57 39.29 6.69 201.77 6 45 1
301 35.56 72.92 23.01 393.25 9 11 2
302 41.49 72.08 22.54 149.94 12 36 2
303 57.60 39.01 29.59 497.06 18 43 2
304 40.57 7.56 45.67 384.41 22 41 2
305 65.97 98.38 32.63 185.66 12 40 1
306 26.93 0.62 6.92 354.23 18 44 2
307 30.34 12.99 25.18 249.34 12 31 2
308 97.49 76.75 38.34 435.21 13 31 1
309 6.95 20.95 30.62 377.30 24 46 1
310 15.08 44.66 34.95 50.00 16 23 1
311 65.18 27.87 17.79 273.82 22 24 2
312 82.67 78.18 31.27 300.33 11 11 1
313 15.47 85.22 43.82 333.29 19 48 1
314 82.94 80.60 32.05 423.02 3 8 2
315 36.49 87.28 46.35 211.33 24 46 1
316 6.87 49.25 44.62 246.93 17 45 1
317 83.13 62.17 10.75 308.31 1 14 2
318 28.45 39.40 42.46 249.38 10 16 1
319 39.59 38.27 18.15 179.18 12 22 1
320 7.04 28.77 26.01 224.59 7 10 1
321 67.32 45.07 2.16 419.89 13 25 2
322 42.12 15.38 36.06 67.17 19 25 2
323 98.68 81.52 36.00 314.73 6 9 1
324 39.43 70.99 37.57 244.31 14 41 2
325 78.23 25.07 27.99 328.29 22 38 2
326 60.80 63.88 32.04 483.04 18 22 2
327 30.22 10.35 25.45 226.94 2 2 2
328 16.64 52.75 29.76 465.87 10 26 2
329 6.59 28.60 32.19 242.71 23 48 1
330 25.09 10.27 25.35 413.05 8 37 1
331 22.39 3.72 22.62 331.46 11 24 2
332 88.70 24.23 43.42 171.45 7 13 1
333 90.58 87.68 21.67 386.87 14 26 1
334 80.42 76.01 19.51 98.81 12 39 1
335 98.33 84.82 40.98 297.07 3 29 1
336 0.50 28.77 44.64 96.15 3 22 1
337 29.47 25.33 4.41 217.63 18 23 1
338 77.62 13.55 41.35 359.74 18 40 1
339 47.23 89.35 15.59 202.63 7 14 1
340 14.55 77.23 17.48 395.29 2 4 2
341 12.61 3.05 3.87 106.88 5 40 2
342 34.88 4.08 17.91 209.67 9 11 1
343 24.07 7.22 2.07 101.36 1 3 1
344 87.29 38.17 47.66 173.47 10 33 2
345 86.32 84.82 9.25 178.87 13 22 2
346 12.19 97.45 16.32 454.46 1 45 1
347 63.47 42.61 25.66 331.88 8 26 2
348 92.44 72.59 24.53 467.55 5 39 2
349 66.96 52.31 22.72 379.91 22 33 1
350 58.88 65.81 47.63 58.93 2 13 2
351 58.17 37.02 41.65 188.68 13 14 2
352 54.08 21.10 49.33 165.39 4 30 2
353 26.70 76.22 2.37 324.93 9 26 1
354 82.15 75.52 25.44 286.66 23 41 1
355 85.67 42.33 13.04 204.04 20 26 2
356 43.35 99.53 1.99 55.02 10 10 2
357 92.05 3.73 13.12 233.24 24 27 1
358 60.31 1.67 36.24 338.24 14 37 1
359 4.48 81.52 11.74 455.99 0 47 1
360 66.09 53.44 29.70 369.99 16 30 2
361 88.37 86.60 10.92 64.25 13 16 2
362 39.07 5.08 13.46 86.26 16 40 1
363 71.80 58.02 31.59 323.35 8 20 1
364 83.58 61.51 46.55 344.44 5 25 1
365 25.54 97.92 9.54 250.92 22 48 1
366 4.27 43.51 47.01 118.98 22 22 1
367 37.85 64.07 9.64 345.33 7 44 2
368 93.19 50.08 36.80 438.58 1 17 1
369 93.30 28.28 30.61 479.11 17 27 1
370 66.18 35.19 41.56 268.00 10 39 1
371 94.39 11.43 27.15 262.97 0 21 1
372 42.55 3.14 20.27 404.91 14 26 1
373 97.84 0.79 7.72 126.49 2 16 2
374 92.23 32.90 9.73 206.38 5 17 1
375 4.72 86.71 15.75 470.59 23 46 2
376 71.72 5.67 37.32 488.52 21 44 2
377 35.71 31.10 37.11 127.57 4 41 2
378 2.74 90.98 30.57 147.43 20 26 1
379 97.29 35.53 30.93 305.71 20 47 2
380 2.61 53.57 35.20 119.21 22 31 1
381 46.05 16.20 8.61 151.67 9 38 2
382 54.98 7.22 32.80 393.91 2 7 1
383 77.01 78.98 22.52 195.49 3 24 2
384 80.11 70.62 44.26 343.85 16 32 1
385 16.12 75.16 6.77 287.79 15 23 1
386 41.53 14.55 16.05 370.89 14 35 2
387 77.01 25.44 27.22 219.43 17 39 2
388 40.90 64.76 41.47 55.93 23 38 2
389 6.32 90.78 28.63 165.66 12 22 1
390 76.07 47.62 37.29 150.28 12 47 1
391 7.32 47.94 46.26 236.54 23 36 1
392 44.79 80.84 39.01 398.37 18 42 1
393 74.28 10.21 2.67 220.61 15 15 2
394 95.10 41.13 5.49 374.09 14 37 2
395 56.44 57.72 0.50 357.85 16 20 2
396 23.12 2.38 9.12 118.85 14 48 2
397 0.94 80.96 45.00 485.62 11 26 1
398 22.31 96.17 28.90 86.15 14 26 2
399 50.60 90.97 43.92 475.42 14 27 1
400 90.51 11.17 7.73 50.70 4 9 2
401 65.54 12.82 25.28 210.02 7 14 1
402 21.89 90.91 35.73 71.70 16 25 2
403 57.40 94.92 41.11 299.08 17 32 1
404 8.03 65.71 16.12 154.72 6 27 1
405 17.20 99.61 2.25 387.39 0 38 2
406 59.48 21.22 14.13 380.18 2 22 1
407 61.71 13.77 34.90 297.56 4 15 2
408 43.14 59.15 13.60 477.04 4 17 2
409 94.67 42.85 35.28 180.19 10 30 2
410 35.10 50.50 41.82 148.50 16 17 2
411 58.07 75.36 16.40 169.74 10 37 2
412 24.71 24.22 34.12 438.72 21 29 2
413 42.90 32.94 24.83 91.39 24 38 1
414 14.80 11.33 11.64 107.22 18 36 2
415 81.53 29.72 8.03 492.26 5 15 2
416 47.12 54.07 33.26 369.71 6 41 2
417 30.28 91.86 21.16 423.38 13 42 1
418 42.73 51.99 36.64 365.00 23 34 1
419 66.96 64.15 18.54 366.68 15 24 1
420 79.60 48.69 10.10 149.64 6 36 2
421 64.32 35.22 9.39 385.68 23 24 2
422 51.92 42.04 43.44 215.11 1 20 1
423 75.27 15.80 2.76 274.44 11 27 1
424 35.13 15.23 26.47 469.74 11 18 1
425 92.33 0.02 41.72 396.84 15 16 1
426 39.22 92.01 16.69 404.79 12 27 2
427 94.74 23.05 46.54 328.09 3 28 1
428 85.40 28.08 40.90 493.29 12 34 2
429 11.41 63.82 34.50 266.97 21 34 2
430 84.08 15.87 0.34 61.20 1 36 2
431 93.01 83.48 4.67 448.51 8 25 1
432 3.32 92.14 27.36 101.26 24 37 1
433 61.09 73.46 22.95 254.48 3 20 1
434 4.25 57.57 34.57 264.26 24 40 2
435 83.64 71.97 30.59 483.30 5 48 2
436 14.17 38.00 5.14 443.15 21 22 2
437 35.09 80.87 29.20 180.47 9 31 1
438 93.75 51.16 2.49 99.28 0 39 2
439 80.84 69.80 42.67 484.88 24 34 2
440 55.56 37.96 30.45 389.57 24 44 2
441 30.65 19.34 40.66 138.42 8 35 2
442 53.05 26.16 8.42 169.66 11 41 1
443 73.28 39.15 24.73 218.28 17 29 1
444 45.15 92.08 2.17 444.00 12 35 2
445 65.88 98.98 5.69 442.73 17 30 1
446 20.69 36.16 20.10 395.93 4 46 2
447 3.34 92.14 0.90 339.05 3 35 1
448 90.40 10.78 49.61 330.87 1 21 1
449 87.62 95.35 8.48 341.07 8 22 1
450 2.59 47.35 11.58 219.68 20 33 2
451 43.09 27.58 2.21 144.42 2 4 1
452 73.75 76.46 20.92 355.51 1 10 2
453 56.94 38.73 44.28 421.98 14 17 1
454 38.09 50.61 11.10 474.61 18 19 1
455 18.68 15.85 47.11 253.72 2 31 1
456 51.82 28.96 27.95 85.34 2 7 2
457 0.18 1.68 15.76 466.12 14 23 2
458 5.21 97.78 13.62 314.73 20 30 1
459 39.81 70.82 1.82 112.68 22 28 1
460 56.21 86.17 20.57 469.64 6 31 1
461 98.76 14.49 0.82 354.63 3 11 2
462 97.72 84.01 10.09 164.74 5 39 1
463 34.64 68.43 9.50 252.37 19 28 2
464 45.51 95.27 21.13 230.47 10 25 1
465 7.27 93.18 33.42 107.31 19 38 2
466 43.76 69.57 14.91 193.18 13 21 2
467 81.44 20.39 6.42 486.66 10 33 2
468 60.02 46.76 46.99 376.68 17 19 1
469 54.22 58.81 23.02 142.74 4 47 2
470 53.13 89.64 24.00 315.00 9 37 2
471 19.35 17.89 13.76 114.64 3 26 2
472 83.27 15.64 6.63 377.50 4 24 2
473 25.74 89.18 5.68 238.24 18 48 2
474 70.21 86.31 45.13 321.06 7 39 1
475 7.51 57.53 34.28 95.20 6 33 2
476 59.88 39.04 24.46 494.73 18 23 2
477 95.99 48.85 29.63 428.33 15 18 1
478 59.94 9.59 12.30 235.54 17 19 2
479 73.90 11.19 31.55 440.16 24 30 2
480 13.04 65.54 2.24 70.17 14 40 2
481 40.23 96.15 47.77 244.60 6 27 1
482 87.11 69.58 16.39 225.02 17 35 1
483 53.36 96.55 13.42 486.21 24 44 1
484 54.18 15.27 7.18 495.85 6 40 1
485 31.60 48.06 32.84 455.19 1 3 1
486 30.57 78.08 1.99 387.97 2 40 2
487 89.71 94.26 46.46 356.49 19 25 1
488 2.19 92.17 13.66 249.39 10 34 1
489 85.50 51.95 5.84 321.84 0 10 2
490 33.35 87.96 21.55 273.64 0 31 2
491 54.28 73.60 11.82 346.03 6 12 2
492 97.93 41.31 4.69 110.91 5 16 2
493 80.31 63.86 8.65 61.55 24 48 1
494 45.65 15.03 37.10 185.51 2 28 1
495 4.72 19.95 6.41 125.19 21 43 1
496 96.49 59.13 19.86 126.26 0 48 1
497 40.84 92.39 9.75 422.01 16 35 1
498 63.33 40.20 33.97 376.96 3 7 1
499 21.46 75.92 5.65 335.37 2 37 2
500 65.92 74.96 6.46 187.75 5 39 2
1 117.70 4339.58 1
2 188.56 3470.62 2
3 101.26 4198.31 1
4 196.78 2943.97 1
5 182.74 2668.53 2
6 151.21 2812.35 2
7 103.93 3489.49 1
1 1.08 31.08 1
2 1.23 31.38 3
3 1.62 33.12 4
4 1.04 41.36 1
5 1.78 40.46 5
6 1.62 43.74 2
7 1.99 32.03 2
8 1.43 42.47 1
