Data for Vehicle routing problem with drones - Author: Huyen Do Thi Ngoc
Number of depots: 1
Number of cities: 200
Number of trucks: 1
Number of drones: 4
Area: 100 100 50
Customer maximum demand: 500
Max capacity of truck: 200
Max energy of truck: 5000
Max capacity of drone: 2
Max energy of drone: 50
1 44.19 0.77 5.95
1 5.34 46.97 33.66 191.06 18 46 1
2 11.25 93.53 13.80 182.32 3 35 1
3 26.45 88.97 14.50 230.45 20 30 1
4 20.63 26.78 27.21 422.42 10 45 1
5 5.02 43.69 7.55 282.38 1 14 1
6 73.87 98.84 48.56 441.07 9 14 1
7 70.31 54.13 1.36 243.59 8 34 1
8 19.09 93.02 19.91 66.98 19 30 1
9 47.71 33.97 13.08 123.08 3 24 1
10 48.43 31.71 9.88 165.04 4 6 1
11 65.88 34.15 26.96 147.00 24 31 1
12 37.54 23.81 29.60 449.16 6 14 1
13 26.59 60.67 41.51 109.98 12 40 1
14 6.98 84.97 2.83 375.56 22 45 1
15 97.69 52.58 30.24 431.19 20 46 1
16 6.40 10.93 35.46 310.04 2 4 1
17 90.79 14.48 7.37 151.13 12 19 1
18 69.93 84.06 47.46 280.87 23 26 1
19 84.77 7.26 16.53 52.48 0 10 1
20 27.51 4.27 3.47 484.83 23 43 1
21 32.08 53.66 27.74 121.54 23 44 1
22 26.98 78.71 48.35 167.43 16 17 1
23 45.03 11.24 42.41 355.01 5 6 1
24 48.86 39.77 0.08 214.21 17 21 1
25 36.52 53.03 45.42 387.81 1 43 1
26 83.27 82.56 45.44 399.31 16 40 1
27 93.62 31.21 19.70 365.24 4 28 1
28 77.32 71.84 29.26 443.00 14 38 1
29 63.23 4.43 25.48 362.88 22 24 1
30 96.95 23.44 48.23 67.69 10 15 1
31 56.11 49.56 40.08 71.39 19 33 1
32 68.50 7.75 2.88 449.48 1 29 1
33 23.47 28.85 3.13 320.09 1 13 1
34 68.32 73.08 15.11 140.21 1 9 1
35 66.58 98.48 38.88 461.17 1 34 1
36 65.54 57.40 14.22 382.90 3 28 1
37 48.88 55.46 42.40 372.53 1 26 1
38 35.57 62.83 21.12 340.39 12 15 1
39 35.90 19.35 23.56 106.80 24 40 1
40 89.67 94.25 37.04 287.73 6 47 1
41 41.37 88.94 6.72 293.42 15 31 1
42 96.82 41.74 45.55 408.97 4 23 1
43 22.61 41.14 39.65 403.31 6 29 1
44 53.18 60.08 38.87 195.81 22 25 1
45 77.75 21.63 3.13 338.03 13 35 1
46 1.44 40.28 48.82 479.23 0 32 1
47 96.91 22.58 27.25 309.44 16 25 1
48 34.48 93.72 1.28 473.40 0 29 1
49 44.60 66.40 10.61 215.32 22 47 1
50 82.29 57.09 19.80 497.30 3 21 1
51 87.76 41.30 24.86 94.96 16 30 1
52 28.40 30.37 33.87 331.59 14 25 1
53 41.71 5.64 26.22 287.01 12 34 1
54 95.36 79.31 39.31 406.02 20 24 1
55 94.35 72.48 16.27 447.00 20 27 1
56 68.97 3.96 47.41 431.94 0 21 1
57 29.40 22.99 14.24 220.18 22 26 1
58 46.56 98.21 13.35 285.00 0 16 1
59 93.31 81.96 37.99 344.84 15 44 1
60 36.46 34.25 42.00 123.26 20 42 1
61 7.71 88.40 43.59 465.46 10 33 1
62 90.35 50.72 32.71 206.24 19 40 1
63 70.78 34.60 36.31 116.36 15 32 1
64 25.69 0.09 9.09 409.84 2 25 1
65 14.01 39.46 3.39 169.42 23 33 1
66 30.05 42.40 26.26 191.57 19 27 1
67 14.50 93.18 31.38 95.90 4 24 1
68 46.22 70.95 4.71 253.15 20 39 1
69 46.10 66.58 3.31 165.93 1 33 1
70 71.01 71.93 6.11 441.98 5 18 1
71 36.19 72.96 31.87 163.78 7 46 1
72 8.26 1.20 9.84 365.16 12 28 1
73 51.33 72.87 30.25 94.52 1 43 1
74 4.81 23.61 36.58 471.14 9 25 1
75 85.80 42.45 4.95 387.95 8 21 1
76 3.37 32.47 7.19 486.19 11 25 1
77 16.01 18.77 16.78 163.71 2 47 1
78 93.80 30.45 49.58 118.93 11 25 1
79 95.23 98.63 34.39 193.16 1 28 1
80 88.20 23.03 3.10 367.79 13 27 1
81 72.86 2.03 4.29 405.18 16 39 1
82 4.52 27.93 8.31 353.45 1 35 1
83 91.36 97.23 3.81 282.25 15 42 1
84 17.01 43.25 32.73 492.09 19 32 1
85 81.72 35.50 5.84 245.24 12 28 1
86 54.90 80.76 4.20 415.76 0 29 1
87 84.12 75.31 22.00 370.93 10 41 1
88 38.77 37.14 7.33 381.44 21 31 1
89 74.51 89.68 49.44 75.42 13 48 1
90 79.55 30.35 19.15 172.52 21 34 1
91 62.04 64.34 49.36 320.80 13 21 1
92 29.98 78.12 43.40 326.56 16 30 1
93 93.84 56.50 25.50 123.61 13 43 1
94 88.67 40.74 39.45 358.30 1 19 1
95 83.58 91.80 47.21 400.54 14 30 1
96 25.75 22.07 25.75 249.77 8 24 1
97 83.29 0.50 43.85 203.08 7 35 1
98 60.92 91.94 24.89 447.03 18 18 1
99 16.98 31.49 41.96 113.30 10 11 1
100 90.33 9.35 20.68 325.76 15 41 1
101 36.52 66.60 5.18 214.37 0 8 1
102 26.27 98.11 31.69 279.13 19 21 1
103 91.99 35.56 15.58 185.73 15 46 1
104 41.58 77.99 5.20 312.73 0 8 1
105 18.42 43.18 41.39 339.03 23 24 1
106 45.83 19.49 1.18 152.73 11 39 1
107 13.41 1.88 44.86 459.77 7 39 1
108 73.40 48.97 19.02 167.58 0 41 1
109 5.15 33.29 0.57 187.83 12 17 1
110 16.86 72.28 31.25 410.95 10 42 1
111 48.72 37.96 18.07 493.03 15 18 1
112 26.91 13.43 19.16 89.37 7 31 1
113 87.77 8.04 11.33 154.42 14 16 1
114 0.73 82.30 12.20 342.58 2 9 1
115 52.58 36.09 26.72 127.69 23 42 1
116 66.41 24.75 16.30 123.03 11 35 1
117 99.78 66.79 45.50 335.59 3 31 1
118 32.72 33.85 38.83 419.15 17 26 1
119 88.38 12.62 15.27 107.51 5 15 1
120 1.66 55.51 47.83 373.61 16 23 1
121 35.47 79.05 13.27 330.30 4 45 1
122 2.29 62.39 2.57 156.40 21 40 1
123 16.52 67.66 37.52 201.48 13 14 1
124 54.97 5.14 49.26 445.89 23 43 1
125 64.26 92.99 42.04 488.69 6 17 1
126 43.01 82.44 32.40 110.03 1 12 1
127 68.92 27.72 45.18 391.02 3 19 1
128 22.21 21.33 26.35 486.40 6 31 1
129 11.79 74.56 10.66 411.63 4 12 1
130 84.44 71.64 9.03 302.45 8 9 1
131 57.09 84.60 10.44 494.57 5 33 1
132 86.69 14.20 39.72 373.83 11 27 1
133 78.37 20.18 3.06 106.27 4 30 1
134 59.53 57.77 12.62 356.64 19 48 1
135 32.74 49.63 44.09 414.97 16 40 1
136 95.77 14.47 31.96 312.04 3 27 1
137 81.76 67.95 23.00 243.48 18 30 1
138 42.84 44.81 36.60 150.99 24 32 1
139 13.10 3.86 1.36 88.78 9 10 1
140 17.15 3.55 29.27 100.22 10 25 1
141 17.48 49.12 48.30 285.95 14 32 1
142 18.74 36.40 35.89 433.01 21 45 1
143 16.39 93.99 16.57 239.07 23 45 1
144 28.18 47.26 24.10 478.24 18 22 1
145 12.66 62.54 7.50 381.04 2 36 1
146 92.10 30.34 47.27 446.86 22 44 1
147 29.17 41.52 13.72 419.95 21 24 1
148 4.06 19.09 29.11 364.79 12 29 1
149 31.74 23.18 47.80 353.88 16 35 1
150 94.76 41.18 44.63 160.04 11 20 1
151 68.57 99.08 42.21 334.19 16 20 1
152 71.20 57.39 39.78 307.54 6 46 1
153 80.61 54.73 17.94 273.29 22 36 1
154 55.13 92.52 46.73 77.79 4 31 1
155 16.29 70.76 12.16 439.87 18 25 1
156 81.96 91.40 38.76 398.34 10 10 1
157 40.80 54.73 29.24 292.88 6 47 1
158 50.51 99.07 23.91 161.15 12 27 1
159 52.35 83.15 9.31 155.73 12 12 1
160 83.59 8.62 17.08 317.34 4 11 1
161 22.77 96.12 36.23 302.74 2 39 1
162 58.83 33.72 47.81 251.80 21 25 1
163 21.39 71.27 42.38 499.87 13 15 1
164 55.34 70.11 40.28 160.52 5 11 1
165 98.89 90.55 43.79 464.35 1 14 1
166 38.67 99.17 16.36 178.25 6 39 1
167 20.33 94.12 40.77 267.78 8 26 1
168 48.18 59.29 17.95 482.84 16 28 1
169 22.78 4.45 16.01 463.19 22 26 1
170 60.71 54.72 43.29 416.66 16 16 1
171 1.79 46.37 9.63 231.11 23 30 1
172 99.87 0.73 10.06 312.47 4 40 1
173 17.52 32.00 38.43 187.88 6 28 1
174 82.27 20.16 19.95 226.57 14 30 1
175 29.60 35.77 41.82 286.75 6 9 1
176 70.68 69.72 25.35 452.67 17 43 1
177 82.34 7.39 40.21 357.34 0 3 1
178 95.01 54.60 40.49 466.76 0 29 1
179 76.23 31.09 18.02 219.32 13 37 1
180 77.60 91.09 36.39 126.06 9 21 1
181 64.73 95.94 47.00 55.87 15 45 1
182 81.08 92.72 19.34 403.33 4 30 1
183 80.85 86.79 7.33 348.78 17 46 1
184 16.83 83.79 29.07 127.51 4 9 1
185 73.94 73.50 22.49 73.01 16 35 1
186 8.13 26.20 34.06 84.87 19 21 1
187 42.17 77.57 28.50 327.30 24 39 1
188 38.60 59.90 4.39 366.04 5 18 1
189 86.71 25.07 32.42 70.48 7 14 1
190 81.84 47.96 7.18 201.38 11 34 1
191 25.02 87.99 44.79 81.20 12 42 1
192 13.86 72.80 13.73 84.23 11 48 1
193 87.84 26.14 15.19 81.32 16 26 1
194 27.30 4.70 45.17 334.10 12 21 1
195 49.46 89.04 30.14 389.15 7 21 1
196 18.23 13.56 30.86 82.86 0 23 1
197 65.02 34.37 25.89 487.34 8 22 1
198 58.11 68.86 24.17 465.81 0 32 1
199 16.07 95.01 4.64 112.81 15 43 1
200 91.35 72.04 29.56 99.86 24 32 1
1 101.14 4384.25 1
1 1.52 29.89 1
2 1.58 44.40 1
3 1.42 28.28 1
4 1.63 31.48 1
