Data for Vehicle routing problem with drones - Author: Huyen Do Thi Ngoc
Number of depots: 1
Number of cities: 500
Number of trucks: 6
Number of drones: 14
Area: 100 100 50
Customer maximum demand: 500
Max capacity of truck: 200
Max energy of truck: 5000
Max capacity of drone: 2
Max energy of drone: 50
1 41.06 28.62 24.90
1 61.69 29.89 37.67 126.14 6 17 1
2 95.26 34.73 22.74 220.26 13 43 1
3 52.54 31.96 41.50 355.15 9 21 1
4 2.30 27.23 7.21 207.57 16 48 1
5 97.81 48.13 34.15 184.06 20 34 1
6 41.26 6.18 38.78 347.84 7 43 1
7 82.77 35.58 10.72 177.35 12 44 1
8 41.50 24.06 11.06 102.61 1 10 1
9 67.05 84.13 7.41 216.81 2 33 1
10 82.58 39.78 26.66 106.63 9 29 1
11 63.43 67.93 25.65 211.58 18 36 1
12 61.21 4.91 1.73 328.85 21 21 1
13 95.19 68.96 37.88 185.70 6 48 1
14 68.30 40.35 8.88 450.63 6 34 1
15 3.94 26.13 29.99 339.42 2 33 1
16 79.97 44.83 20.54 423.92 5 39 1
17 2.64 29.31 21.43 368.33 19 22 1
18 22.82 5.80 41.47 311.32 7 11 1
19 59.29 36.90 11.48 481.02 8 43 1
20 31.02 63.48 47.69 323.71 3 16 1
21 51.42 9.21 37.51 443.09 9 32 1
22 40.85 36.21 16.45 423.95 9 13 1
23 12.67 12.63 5.37 350.56 19 28 1
24 61.11 42.93 13.74 154.32 15 42 1
25 71.46 67.91 26.54 303.14 7 29 1
26 90.42 63.95 17.35 419.43 16 20 1
27 82.97 29.18 25.22 65.59 0 25 1
28 10.31 9.08 8.11 58.32 17 20 1
29 60.08 45.08 29.86 165.26 23 47 1
30 6.45 18.88 33.94 184.30 24 30 1
31 79.17 69.24 23.99 241.62 8 34 1
32 57.21 76.83 15.76 288.69 14 43 1
33 47.13 1.04 24.34 457.46 20 30 1
34 4.68 24.26 39.12 422.96 13 22 1
35 30.92 19.26 37.06 333.57 9 18 1
36 21.33 90.84 34.89 417.54 11 31 1
37 88.71 16.75 2.29 426.22 9 12 1
38 29.11 90.70 45.90 357.75 3 43 1
39 52.19 98.80 9.47 169.54 22 29 1
40 61.82 55.10 22.88 263.40 13 23 1
41 3.75 10.73 25.23 209.62 5 21 1
42 42.44 44.38 38.76 316.63 4 33 1
43 64.87 85.85 13.85 90.85 2 21 1
44 62.98 65.98 46.85 424.77 23 43 1
45 80.89 91.44 13.10 423.43 23 26 1
46 35.13 92.31 2.90 407.86 6 23 1
47 51.36 16.89 36.28 280.86 24 29 1
48 47.00 8.86 47.42 58.90 24 27 1
49 76.15 88.50 10.77 177.48 11 47 1
50 79.20 26.10 30.32 52.76 14 40 1
51 79.29 97.01 40.88 377.30 9 30 1
52 27.29 71.85 29.90 444.33 8 35 1
53 40.95 23.97 40.00 399.95 11 19 1
54 80.36 53.12 5.19 491.10 16 32 1
55 27.71 71.62 35.80 296.13 16 24 1
56 83.06 89.46 4.65 200.04 18 45 1
57 87.66 45.35 26.67 398.74 3 39 1
58 88.78 34.28 48.05 65.26 3 6 1
59 15.36 10.95 26.38 244.43 0 4 1
60 75.00 57.29 1.73 188.47 7 27 1
61 67.34 61.17 22.66 325.25 15 35 1
62 35.63 70.26 20.48 129.46 23 29 1
63 3.34 4.09 33.87 240.93 1 18 1
64 3.30 57.97 7.35 408.02 18 19 1
65 18.33 42.66 39.58 390.01 3 41 1
66 28.97 90.45 19.81 481.70 1 47 1
67 24.18 21.05 34.45 96.34 24 24 1
68 13.45 37.30 4.60 432.07 2 7 1
69 26.91 79.22 28.51 383.31 0 36 1
70 45.44 88.03 9.93 217.20 6 12 1
71 5.27 75.27 27.91 56.35 15 32 1
72 47.76 75.26 5.24 111.42 2 22 1
73 17.20 95.97 16.50 188.09 24 34 1
74 53.74 57.01 48.57 482.65 23 38 1
75 37.83 28.43 5.33 180.37 7 17 1
76 86.26 90.92 43.10 183.55 15 18 1
77 84.60 72.11 2.32 376.06 23 33 1
78 68.18 83.61 17.41 296.05 9 17 1
79 76.43 9.78 22.21 205.86 14 34 1
80 35.01 32.91 14.73 65.94 9 32 1
81 35.35 57.63 26.68 279.41 13 22 1
82 87.38 29.47 34.55 105.49 5 45 1
83 34.23 95.20 8.10 491.87 4 25 1
84 10.30 49.66 40.06 119.87 13 32 1
85 26.71 85.32 7.55 239.48 1 18 1
86 55.77 71.89 3.53 363.87 13 30 1
87 88.98 67.22 26.01 351.11 12 31 1
88 16.74 99.79 45.36 381.81 1 11 1
89 29.61 29.97 1.45 455.12 7 19 1
90 65.39 66.05 5.52 167.56 3 39 1
91 0.69 71.75 45.82 239.57 3 35 1
92 76.90 84.37 4.22 468.59 1 18 1
93 57.48 12.70 29.21 232.62 14 19 1
94 38.09 9.11 41.68 260.97 16 22 1
95 41.95 39.28 15.67 487.54 16 42 1
96 70.26 11.53 41.04 340.69 21 46 1
97 0.45 18.15 28.72 116.59 22 37 1
98 29.36 48.77 4.40 277.03 18 20 1
99 19.47 92.53 18.96 306.82 14 18 1
100 19.02 71.70 44.79 207.95 16 21 1
101 26.91 96.26 10.22 383.22 14 26 1
102 43.02 37.06 6.77 438.77 8 31 1
103 77.29 65.09 20.40 53.38 5 9 1
104 15.02 90.87 6.60 264.16 20 46 1
105 60.86 86.71 30.10 124.47 10 28 1
106 85.91 98.30 46.48 354.45 7 7 1
107 73.24 65.31 25.93 442.44 12 13 1
108 45.94 0.24 14.16 377.84 18 44 1
109 6.56 47.37 8.02 411.12 9 11 1
110 23.44 77.03 37.70 437.60 3 31 1
111 31.66 30.21 17.95 353.99 0 15 1
112 4.92 71.57 6.39 67.84 21 40 1
113 93.28 68.67 7.12 185.31 24 29 1
114 81.87 87.60 6.70 110.21 9 18 1
115 64.81 43.93 41.52 258.98 4 5 1
116 42.19 17.82 43.06 179.46 19 32 1
117 50.64 13.51 28.58 246.63 16 30 1
118 71.65 88.02 45.08 217.88 20 38 1
119 47.93 35.55 35.52 325.01 18 19 1
120 60.70 73.50 39.14 186.66 21 28 1
121 42.73 99.66 40.04 207.90 1 16 1
122 26.23 28.90 18.50 291.44 16 18 1
123 8.87 38.61 20.46 408.44 7 8 1
124 97.57 93.53 46.17 286.48 8 11 1
125 80.76 1.50 46.27 418.75 20 40 1
126 92.07 80.58 33.03 381.30 6 39 1
127 82.13 46.00 23.30 307.99 6 27 1
128 75.66 85.50 29.04 346.93 15 27 1
129 7.83 33.27 24.91 204.68 1 4 1
130 88.88 9.14 17.64 451.08 4 24 1
131 94.04 76.53 40.53 399.17 5 35 1
132 98.21 79.72 1.56 53.06 16 25 1
133 34.03 97.34 25.54 111.58 15 22 1
134 40.13 86.65 35.64 255.75 6 23 1
135 78.81 63.64 32.74 272.50 18 37 1
136 65.66 1.57 48.16 366.51 1 11 1
137 33.35 23.84 40.77 497.25 10 21 1
138 39.49 6.86 25.49 431.21 5 10 1
139 3.73 91.24 7.25 278.39 14 43 1
140 36.40 10.61 17.75 475.24 12 22 1
141 11.97 46.25 35.82 185.15 9 36 1
142 31.89 57.66 16.88 287.26 3 15 1
143 46.71 36.68 17.73 55.37 5 6 1
144 6.52 15.93 14.91 316.77 16 38 1
145 68.94 81.71 11.96 180.05 10 10 1
146 53.87 11.96 12.33 189.27 24 45 1
147 91.07 7.93 37.00 456.57 8 23 1
148 37.60 58.74 17.12 213.10 6 16 1
149 64.45 98.55 22.87 209.80 10 38 1
150 52.73 5.10 16.46 484.71 22 34 1
151 99.07 37.33 45.74 441.66 22 28 1
152 1.61 92.41 12.90 458.13 14 34 1
153 72.80 86.32 18.27 354.27 16 25 1
154 89.86 40.79 34.85 498.14 23 47 1
155 47.00 87.96 46.85 146.59 2 41 1
156 44.14 42.56 44.42 184.71 9 12 1
157 81.52 68.44 46.79 205.33 22 48 1
158 85.63 10.45 16.42 109.72 15 40 1
159 38.91 3.48 45.75 68.25 15 44 1
160 98.89 78.77 42.16 264.05 0 39 1
161 94.92 68.52 35.85 92.08 12 41 1
162 63.08 38.38 37.00 478.51 14 22 1
163 75.33 68.72 8.96 305.44 5 18 1
164 86.29 15.50 9.10 304.53 11 38 1
165 69.81 45.87 24.86 78.73 17 31 1
166 62.20 70.73 27.06 351.71 19 21 1
167 1.65 16.98 8.26 171.09 14 29 1
168 71.57 82.33 30.81 399.10 5 32 1
169 1.54 36.19 27.82 92.08 5 8 1
170 53.78 14.44 20.15 362.36 8 24 1
171 27.66 86.66 22.71 216.49 3 29 1
172 37.55 33.30 0.76 210.61 7 15 1
173 45.29 54.73 49.18 476.41 20 30 1
174 96.69 52.41 39.35 478.13 24 35 1
175 30.28 4.14 22.03 256.81 18 40 1
176 56.72 67.29 45.65 293.67 24 47 1
177 35.85 27.38 30.78 179.54 22 34 1
178 31.44 24.03 26.13 227.28 6 39 1
179 85.50 93.41 18.21 127.27 20 40 1
180 13.90 50.85 23.27 316.42 5 25 1
181 27.52 75.61 1.32 169.46 13 27 1
182 41.31 29.93 17.51 54.18 9 9 1
183 24.53 91.64 9.24 188.02 20 45 1
184 74.82 85.06 43.27 290.12 17 18 1
185 11.95 50.46 22.37 62.33 19 33 1
186 77.39 38.72 21.57 138.65 5 40 1
187 99.03 15.77 15.27 390.57 20 38 1
188 9.27 65.25 10.62 61.29 5 38 1
189 17.95 89.05 33.49 306.42 16 20 1
190 87.94 27.03 16.60 85.10 3 11 1
191 32.76 23.26 27.03 490.11 16 26 1
192 14.38 66.66 16.67 184.72 7 46 1
193 2.61 84.10 47.65 127.01 1 27 1
194 19.96 34.37 35.23 381.26 20 22 1
195 12.35 27.55 40.41 356.70 3 45 1
196 60.75 51.32 35.91 352.19 9 13 1
197 44.66 99.81 7.88 317.42 10 33 1
198 58.27 52.37 45.32 448.83 1 18 1
199 36.44 70.42 19.77 209.75 4 10 1
200 88.89 29.53 49.75 212.77 1 39 1
201 55.77 79.87 13.78 306.26 8 39 1
202 57.12 69.41 3.32 335.87 22 47 1
203 50.89 36.21 11.35 417.74 1 24 1
204 47.07 34.70 28.86 201.68 14 18 1
205 94.56 25.89 1.47 498.21 5 11 1
206 2.28 78.02 27.92 213.12 4 14 1
207 43.06 32.63 35.27 351.90 21 36 1
208 33.40 38.76 7.97 437.82 15 44 1
209 75.94 48.61 14.88 214.00 20 35 1
210 41.28 33.90 14.88 436.03 14 38 1
211 9.00 91.59 41.91 311.12 12 31 1
212 46.82 73.28 15.46 404.62 7 10 1
213 97.57 32.84 6.97 250.25 6 9 1
214 55.02 51.19 17.48 199.83 14 33 1
215 78.15 25.32 19.03 327.87 1 3 1
216 38.86 70.36 43.22 463.57 24 35 1
217 19.68 30.52 27.80 438.52 21 25 1
218 56.34 97.43 43.16 83.58 14 31 1
219 12.65 22.58 19.97 156.39 22 30 1
220 39.76 52.17 39.11 294.57 7 8 1
221 89.20 29.63 26.98 111.13 9 21 1
222 86.24 43.39 15.60 272.42 6 6 1
223 47.06 42.90 10.05 448.44 5 10 1
224 8.38 44.22 34.52 72.18 9 22 1
225 51.08 62.19 2.36 255.55 10 43 1
226 74.59 89.22 7.12 141.61 1 2 1
227 1.38 28.61 43.06 479.79 4 21 1
228 99.35 70.67 12.70 472.87 19 23 1
229 59.49 56.91 27.82 405.53 7 32 1
230 61.55 30.43 9.80 68.93 24 35 1
231 52.90 54.07 14.22 497.81 20 32 1
232 9.34 89.98 3.83 136.49 15 30 1
233 66.02 73.44 8.91 245.97 4 42 1
234 98.64 78.49 47.56 139.11 22 40 1
235 57.26 98.44 34.08 310.77 11 45 1
236 94.94 64.41 37.36 101.05 5 10 1
237 64.54 23.50 26.71 252.67 18 33 1
238 99.23 27.17 16.00 325.28 6 24 1
239 5.64 21.87 31.90 384.30 12 14 1
240 71.87 51.04 6.94 185.66 19 24 1
241 64.45 83.00 45.46 263.78 15 18 1
242 72.37 7.38 46.61 222.17 15 30 1
243 89.81 91.94 45.69 444.38 18 20 1
244 80.79 52.86 14.52 251.60 5 6 1
245 7.28 48.20 34.35 496.26 12 48 1
246 66.25 48.57 33.23 448.57 7 31 1
247 64.78 21.01 18.08 475.83 11 19 1
248 33.36 4.09 40.05 78.32 10 46 1
249 15.37 19.18 45.52 399.36 20 22 1
250 19.82 12.95 24.41 493.20 17 33 1
251 30.15 94.15 38.44 478.35 13 43 1
252 13.46 44.04 44.20 262.78 1 13 1
253 50.43 32.52 25.93 218.35 13 40 1
254 90.92 11.06 8.61 188.62 14 39 1
255 85.33 90.96 47.03 88.69 3 8 1
256 29.58 47.41 26.07 139.44 12 12 1
257 21.60 70.47 23.25 313.07 12 39 1
258 78.19 62.48 40.18 138.69 21 48 1
259 4.49 25.12 35.63 285.87 19 39 1
260 9.13 88.15 10.29 411.03 10 20 1
261 21.73 27.13 36.51 425.38 22 36 1
262 49.34 7.07 6.12 347.57 16 44 1
263 61.22 34.23 9.59 203.00 14 41 1
264 23.71 23.97 11.93 386.72 0 47 1
265 16.76 26.72 41.99 318.75 9 11 1
266 43.64 98.01 25.86 325.48 11 46 1
267 80.14 17.50 2.15 343.25 4 16 1
268 43.47 75.21 8.16 305.96 2 8 1
269 26.08 95.93 22.33 305.73 12 16 1
270 35.50 22.78 40.20 494.83 22 38 1
271 12.65 22.11 10.84 405.83 11 48 1
272 42.69 6.24 30.03 122.17 13 38 1
273 52.11 40.65 26.13 305.88 3 17 1
274 3.44 27.17 42.20 274.59 14 42 1
275 44.16 17.42 49.29 416.49 24 33 1
276 77.84 4.41 19.85 416.28 2 45 1
277 5.72 68.96 10.17 112.88 11 47 1
278 49.13 96.88 24.44 274.44 23 48 1
279 35.11 65.59 10.67 130.65 16 32 1
280 52.68 39.74 19.70 186.45 18 24 1
281 98.29 94.77 32.38 409.65 22 36 1
282 24.21 2.08 20.06 226.81 15 33 1
283 47.94 22.55 34.14 264.68 11 18 1
284 32.61 4.94 48.93 288.78 1 11 1
285 88.48 28.23 2.75 453.80 10 29 1
286 22.49 13.57 6.07 460.89 8 17 1
287 79.81 77.68 19.31 266.63 22 36 1
288 16.34 87.80 21.80 233.56 13 13 1
289 10.27 61.95 15.43 221.28 10 37 1
290 10.25 86.83 26.73 342.89 23 46 1
291 14.60 57.99 16.58 421.36 3 26 1
292 50.64 95.91 30.34 468.32 22 26 1
293 97.92 75.93 30.23 398.33 7 39 1
294 9.02 89.70 44.50 346.07 24 45 1
295 1.59 27.18 32.87 72.57 1 23 1
296 95.38 63.84 46.98 60.15 2 4 1
297 5.78 91.41 26.99 231.04 18 40 1
298 40.46 65.40 40.69 205.25 11 15 1
299 41.12 12.87 27.66 320.58 9 22 1
300 26.88 3.61 38.21 234.61 16 28 1
301 6.77 93.45 6.31 273.24 23 34 1
302 81.35 20.95 28.03 103.84 10 36 1
303 58.47 6.43 28.30 286.18 10 35 1
304 89.59 46.67 42.88 401.24 23 27 1
305 1.63 81.09 16.61 374.97 18 37 1
306 93.53 94.36 47.27 233.68 8 35 1
307 75.54 60.07 1.54 255.99 19 38 1
308 32.21 6.81 31.74 496.97 24 47 1
309 81.19 57.03 31.48 177.42 24 36 1
310 91.92 38.34 8.95 126.69 15 42 1
311 96.66 36.88 46.07 75.58 23 33 1
312 38.15 99.91 38.55 348.59 5 7 1
313 53.39 51.27 43.63 436.63 21 33 1
314 13.58 86.41 24.40 395.76 16 21 1
315 43.80 86.67 9.66 171.37 12 32 1
316 12.68 35.15 16.80 259.34 12 46 1
317 74.33 39.22 20.21 80.93 23 44 1
318 94.07 81.37 13.39 381.97 19 37 1
319 39.94 10.35 21.93 297.04 20 48 1
320 71.34 35.09 45.87 406.11 17 27 1
321 99.54 22.84 17.56 427.31 7 36 1
322 70.83 39.00 37.92 395.79 17 20 1
323 94.94 82.35 21.32 112.09 3 34 1
324 78.62 40.34 17.86 227.92 0 38 1
325 24.20 53.61 47.96 228.36 22 46 1
326 96.36 63.75 33.18 458.63 14 47 1
327 92.28 62.30 35.20 462.55 8 42 1
328 23.18 35.18 10.50 414.80 9 33 1
329 8.94 47.88 29.85 213.05 4 35 1
330 5.34 79.73 37.20 393.75 14 44 1
331 12.89 92.78 26.18 149.02 23 28 1
332 81.54 48.46 47.37 397.68 7 17 1
333 2.65 38.71 32.40 337.98 4 13 1
334 81.17 8.87 8.79 60.03 11 17 1
335 37.79 55.00 25.83 492.04 23 44 1
336 68.86 96.20 37.91 154.82 2 43 1
337 61.50 5.80 2.19 294.32 7 24 1
338 76.70 67.02 29.75 332.58 15 26 1
339 1.59 52.58 48.37 132.55 21 47 1
340 28.22 4.43 12.69 479.58 16 22 1
341 3.90 2.38 35.23 76.83 14 31 1
342 95.06 68.82 29.29 255.37 10 18 1
343 56.93 54.99 42.20 256.99 15 22 1
344 80.98 32.57 48.93 490.70 15 30 1
345 6.12 85.02 11.31 469.35 10 46 1
346 17.23 95.82 8.47 352.67 13 38 1
347 36.91 78.22 43.89 494.61 7 14 1
348 15.31 72.83 37.13 233.45 22 28 1
349 9.59 96.91 20.96 104.86 18 39 1
350 60.25 47.26 10.67 410.51 24 45 1
351 26.83 42.41 30.33 431.14 11 20 1
352 91.12 48.05 31.83 439.23 18 33 1
353 54.87 28.26 5.27 357.74 22 44 1
354 90.26 77.43 36.15 368.94 24 35 1
355 41.18 14.47 1.45 375.38 11 18 1
356 62.65 64.57 28.78 303.54 20 32 1
357 92.92 17.70 26.39 404.40 7 20 1
358 59.31 41.50 13.09 383.78 20 28 1
359 82.16 60.20 7.11 156.11 0 3 1
360 89.41 39.28 8.34 489.78 6 23 1
361 88.30 12.86 21.39 77.47 7 31 1
362 80.70 31.74 0.46 69.34 18 24 1
363 88.07 9.03 28.08 196.19 0 34 1
364 20.31 16.55 27.17 70.34 23 38 1
365 63.47 53.96 49.76 268.88 15 48 1
366 20.62 26.64 19.20 420.14 20 20 1
367 98.23 26.78 31.97 179.47 0 24 1
368 80.78 81.54 21.55 310.55 2 17 1
369 62.94 73.31 43.85 149.89 22 22 1
370 73.64 71.81 11.82 70.08 16 28 1
371 26.38 5.09 37.13 454.62 19 20 1
372 10.10 44.44 25.17 368.54 14 17 1
373 96.23 98.32 27.55 441.71 10 40 1
374 1.47 81.38 5.89 423.13 1 37 1
375 82.16 56.86 33.96 123.90 3 20 1
376 67.24 36.44 13.65 296.34 21 46 1
377 34.02 70.35 24.32 93.65 7 23 1
378 72.86 70.67 43.07 234.04 2 37 1
379 56.41 94.56 20.40 372.02 21 44 1
380 63.82 69.45 21.74 215.31 7 21 1
381 2.28 0.05 43.36 118.91 20 32 1
382 18.37 16.46 16.68 468.04 13 44 1
383 65.27 53.08 8.81 478.25 3 11 1
384 15.41 55.76 48.54 279.54 8 41 1
385 17.18 51.56 12.27 153.19 0 2 1
386 93.62 74.04 5.22 223.51 4 46 1
387 66.73 14.00 18.02 88.28 23 44 1
388 65.75 45.40 28.19 299.05 5 13 1
389 33.47 8.52 36.64 468.71 2 48 1
390 62.96 13.35 8.78 93.26 8 34 1
391 90.15 80.86 22.12 211.15 21 39 1
392 44.45 78.60 8.78 398.43 1 17 1
393 63.35 61.23 7.32 429.53 24 42 1
394 82.80 5.03 22.85 341.39 19 42 1
395 6.16 48.55 33.77 199.80 5 35 1
396 59.09 82.82 29.19 316.84 9 21 1
397 56.29 45.16 5.01 493.36 23 43 1
398 49.43 1.96 4.08 214.33 7 44 1
399 83.30 74.79 48.72 359.22 12 22 1
400 54.55 39.60 18.34 117.19 6 32 1
401 13.93 3.64 41.71 159.93 0 16 1
402 33.49 9.91 14.81 133.42 14 17 1
403 33.69 80.20 25.42 396.07 4 20 1
404 82.86 45.33 4.45 457.88 17 18 1
405 0.16 71.83 21.02 365.69 4 10 1
406 96.32 59.80 13.50 458.81 13 29 1
407 49.44 75.37 35.65 313.36 19 39 1
408 81.89 60.87 20.06 459.66 24 45 1
409 92.61 66.07 29.00 230.95 7 9 1
410 94.29 6.06 36.09 281.11 21 40 1
411 12.36 45.70 30.50 103.03 15 29 1
412 19.13 58.82 18.15 298.74 5 29 1
413 93.60 89.34 32.41 483.07 24 29 1
414 68.93 84.47 45.15 362.71 11 19 1
415 55.04 14.34 11.51 64.40 18 35 1
416 33.10 12.96 47.26 60.12 5 20 1
417 64.70 13.49 35.17 270.89 0 29 1
418 64.22 62.44 18.93 418.97 14 27 1
419 29.42 61.20 3.60 67.30 14 37 1
420 8.82 25.67 13.61 87.17 0 14 1
421 19.61 88.44 37.00 477.88 13 14 1
422 99.22 48.21 3.53 488.53 18 25 1
423 68.25 22.25 11.49 300.80 18 28 1
424 81.68 30.76 2.51 186.99 15 18 1
425 16.72 54.36 5.54 185.94 11 26 1
426 48.47 89.63 2.44 140.67 16 45 1
427 61.78 14.86 36.36 428.18 22 38 1
428 87.19 21.08 32.78 260.61 11 12 1
429 84.77 71.04 9.88 445.89 7 21 1
430 65.21 99.33 39.79 134.00 9 26 1
431 94.61 20.65 11.03 229.08 9 25 1
432 63.04 91.74 10.99 202.10 17 19 1
433 16.69 76.22 4.89 82.85 3 11 1
434 58.05 43.18 11.38 179.25 13 29 1
435 45.66 35.76 46.00 393.78 2 13 1
436 64.64 68.66 10.81 226.02 23 34 1
437 59.61 59.36 19.98 105.65 6 37 1
438 95.96 8.55 9.45 277.70 19 28 1
439 61.73 9.57 12.00 161.46 13 23 1
440 16.65 28.31 32.04 398.25 16 37 1
441 43.11 48.70 45.29 344.72 18 23 1
442 72.60 38.98 25.58 95.05 20 34 1
443 36.78 29.34 2.18 104.43 10 16 1
444 82.14 21.65 26.05 452.62 1 28 1
445 80.83 24.16 0.69 343.48 17 22 1
446 57.04 45.80 35.37 168.45 4 37 1
447 84.26 6.84 19.07 332.84 3 38 1
448 45.68 0.18 11.87 356.69 8 19 1
449 14.38 75.79 41.98 230.13 7 31 1
450 72.71 72.39 40.01 406.73 15 25 1
451 90.24 95.78 6.17 214.57 20 36 1
452 57.39 93.47 11.23 166.19 23 38 1
453 2.63 59.28 4.25 362.55 16 27 1
454 45.38 71.80 29.50 194.59 15 36 1
455 68.03 39.06 46.71 112.01 18 34 1
456 64.61 86.80 23.61 440.38 8 13 1
457 9.00 75.47 4.47 384.33 11 22 1
458 55.77 64.51 2.17 256.05 3 22 1
459 9.31 80.07 38.60 482.34 23 24 1
460 4.64 75.37 35.13 380.26 9 9 1
461 60.76 18.97 16.33 473.23 0 3 1
462 75.25 82.68 13.75 264.43 7 33 1
463 85.63 34.20 23.17 121.53 8 28 1
464 96.68 50.38 26.21 54.74 10 31 1
465 86.46 35.58 43.46 464.33 15 22 1
466 77.20 76.14 45.10 346.37 7 27 1
467 54.19 80.84 19.33 90.45 5 34 1
468 46.20 77.43 5.66 487.49 22 43 1
469 63.21 80.47 35.48 80.81 3 36 1
470 89.99 30.47 41.25 402.23 20 38 1
471 28.66 11.63 49.87 274.32 15 19 1
472 37.50 4.69 1.30 367.54 23 42 1
473 51.11 61.14 26.09 431.31 16 29 1
474 13.47 88.65 0.26 239.36 3 39 1
475 85.49 53.03 18.23 310.53 19 34 1
476 96.32 87.62 49.51 313.67 2 8 1
477 77.04 64.99 5.65 189.96 7 15 1
478 7.74 54.52 29.51 103.48 2 16 1
479 31.03 26.90 41.80 130.38 20 24 1
480 9.43 20.66 6.45 345.16 19 44 1
481 53.13 66.21 16.73 102.45 12 27 1
482 24.70 0.85 33.95 281.49 15 22 1
483 80.95 59.09 15.60 127.44 4 31 1
484 91.79 51.19 37.31 196.11 4 11 1
485 38.65 51.63 29.31 94.56 16 26 1
486 6.87 42.32 31.85 232.39 24 42 1
487 67.89 69.21 27.25 411.70 10 39 1
488 1.77 98.55 22.22 194.75 15 31 1
489 15.75 83.10 37.59 168.08 24 42 1
490 64.53 18.36 14.60 53.55 14 18 1
491 56.53 51.26 30.51 64.82 1 27 1
492 1.33 34.79 19.36 387.70 5 26 1
493 4.70 31.60 2.92 360.39 2 22 1
494 95.55 22.42 35.30 130.66 0 34 1
495 75.60 90.58 41.61 103.07 24 35 1
496 96.02 34.99 18.96 414.40 6 16 1
497 54.39 98.32 18.45 429.59 21 35 1
498 95.82 85.22 6.82 315.28 23 35 1
499 62.23 35.72 6.98 433.38 16 34 1
500 78.83 16.80 29.06 320.35 21 29 1
1 109.94 3737.97 1
2 195.74 4514.35 1
3 171.64 2769.34 1
4 162.66 2535.46 1
5 163.58 2905.97 1
6 165.99 2963.19 1
1 1.52 45.47 3
2 1.69 32.19 2
3 1.94 28.42 5
4 1.78 48.11 3
5 1.58 45.43 5
6 1.62 43.08 1
7 1.77 34.13 1
8 1.83 32.99 4
9 1.11 47.03 2
10 1.01 25.53 6
11 1.98 33.04 6
12 1.59 44.49 6
13 1.50 27.54 3
14 1.80 37.80 5
