Data for Vehicle routing problem with drones - Author: Huyen Do Thi Ngoc
Number of depots: 3
Number of cities: 500
Number of trucks: 6
Number of drones: 13
Area: 100 100 50
Customer maximum demand: 500
Max capacity of truck: 200
Max energy of truck: 5000
Max capacity of drone: 2
Max energy of drone: 50
1 38.98 74.05 5.96
2 92.55 25.87 42.89
3 72.22 6.97 5.71
1 38.61 53.09 44.22 363.43 24 44 3
2 41.64 66.30 35.02 249.81 20 27 2
3 8.02 63.83 7.69 448.33 12 40 1
4 1.23 81.20 28.02 465.63 7 26 1
5 65.22 4.61 26.04 366.04 1 40 2
6 20.80 5.54 48.73 66.04 20 34 2
7 72.37 60.66 24.64 242.11 3 44 3
8 6.07 71.27 25.80 350.83 11 18 1
9 47.07 27.74 9.84 367.84 18 47 1
10 71.45 56.24 25.74 241.34 9 29 1
11 48.74 58.88 8.87 452.48 3 17 3
12 30.62 23.04 42.34 77.23 21 31 1
13 91.19 78.21 42.65 66.57 1 38 3
14 57.98 13.66 7.20 105.00 0 15 1
15 74.53 38.66 10.09 80.20 12 20 3
16 4.12 32.84 31.94 441.55 9 33 3
17 57.95 14.80 22.56 218.94 6 40 3
18 44.50 64.22 33.18 435.27 5 17 2
19 40.96 91.86 39.58 498.63 8 39 2
20 48.09 84.49 39.08 333.02 11 39 1
21 46.75 87.24 47.26 235.44 7 27 1
22 56.37 7.41 10.58 428.80 21 41 1
23 68.34 44.91 29.85 76.96 18 34 1
24 76.04 3.75 1.20 248.42 0 7 2
25 14.60 73.85 18.01 228.36 23 48 3
26 81.54 87.96 43.62 225.21 10 11 1
27 96.63 45.92 24.39 260.57 24 24 3
28 27.47 25.27 36.94 495.24 20 48 1
29 91.62 53.88 1.37 127.89 5 22 3
30 0.27 2.58 42.71 495.70 24 34 1
31 47.08 89.62 8.41 183.53 2 9 2
32 51.06 34.04 12.73 156.16 17 33 1
33 24.46 46.74 4.27 372.89 11 31 2
34 31.11 61.39 21.51 167.33 9 33 1
35 8.43 0.95 17.15 451.48 9 10 2
36 94.93 14.53 48.90 445.61 2 23 2
37 14.01 66.33 35.18 101.80 23 36 1
38 97.05 70.53 25.85 323.00 21 37 3
39 66.72 85.35 2.45 144.43 10 39 1
40 33.99 39.03 42.57 69.94 22 46 3
41 70.97 29.85 13.32 477.90 15 31 3
42 2.98 38.24 29.35 161.09 3 35 3
43 15.25 70.39 0.41 377.86 7 11 3
44 37.17 67.80 48.67 458.71 12 32 2
45 59.73 5.18 25.20 74.61 0 31 3
46 98.71 68.38 3.10 451.53 10 19 2
47 63.67 89.69 32.47 487.55 12 19 1
48 36.46 3.16 37.79 135.07 20 22 2
49 7.02 98.63 4.49 207.55 12 24 1
50 27.04 46.56 3.33 157.86 6 30 1
51 77.83 92.16 42.63 261.27 15 43 2
52 59.78 80.97 31.59 364.88 14 32 1
53 91.94 75.77 47.19 81.28 6 47 1
54 41.45 62.11 26.90 365.75 17 33 1
55 68.70 52.46 17.15 485.87 18 37 3
56 22.07 57.01 40.47 70.67 19 24 1
57 74.96 66.36 17.45 193.16 18 24 2
58 42.17 1.76 10.60 486.53 12 23 3
59 12.65 66.68 42.89 256.09 21 45 1
60 73.42 79.15 15.46 163.07 23 42 3
61 89.11 77.27 4.60 201.41 4 43 2
62 13.49 89.10 40.05 85.70 21 34 2
63 57.08 2.15 30.77 488.83 20 26 1
64 46.09 36.12 17.88 215.46 23 27 1
65 33.57 91.83 23.80 102.50 7 23 2
66 28.37 48.29 23.87 307.72 5 10 3
67 6.04 23.61 14.93 448.11 17 40 3
68 91.99 35.79 7.00 80.74 24 32 1
69 9.02 62.99 15.83 243.51 3 24 2
70 29.66 17.74 41.24 437.21 17 26 3
71 96.72 81.99 5.05 263.65 14 19 3
72 96.72 80.20 29.17 135.02 21 24 1
73 41.57 28.87 42.33 133.20 3 19 2
74 68.84 65.03 49.31 433.68 8 26 1
75 32.91 50.04 40.32 52.19 15 38 1
76 54.98 83.21 27.26 234.30 18 28 3
77 84.48 24.88 34.35 342.03 0 26 1
78 69.95 78.49 18.95 407.20 0 38 2
79 75.23 22.70 15.65 324.18 20 26 2
80 69.88 46.60 10.19 275.97 7 22 1
81 47.91 64.27 15.32 160.35 22 46 2
82 9.34 44.94 21.23 111.23 14 34 3
83 29.23 0.98 27.80 241.45 9 48 2
84 4.28 10.00 45.66 281.99 24 46 3
85 35.30 63.41 8.75 273.03 4 4 2
86 38.82 98.04 26.80 362.52 2 16 1
87 29.24 29.12 25.90 186.75 24 37 2
88 30.09 67.72 18.16 229.29 22 39 2
89 29.52 81.47 18.19 403.89 16 33 3
90 82.20 2.53 24.09 141.14 16 42 1
91 81.86 78.56 26.07 98.26 22 48 1
92 84.18 86.68 17.82 471.37 10 46 3
93 64.78 81.82 16.22 261.97 13 26 1
94 15.00 13.47 11.45 408.74 16 32 3
95 73.42 66.87 44.86 448.02 0 25 2
96 6.21 91.01 41.77 190.54 18 26 2
97 86.13 85.77 24.17 124.33 9 26 1
98 65.94 63.81 42.94 439.56 6 14 2
99 12.16 95.90 32.04 82.80 6 31 1
100 95.15 57.15 12.42 330.55 20 40 3
101 75.99 50.86 18.13 289.48 5 22 3
102 27.74 35.09 20.62 269.70 21 48 1
103 20.07 26.97 22.29 222.76 11 43 3
104 69.20 85.87 46.78 413.43 14 47 1
105 19.35 49.46 28.68 167.15 11 22 1
106 99.90 78.10 24.01 70.02 23 29 2
107 45.62 59.58 2.50 51.56 4 18 3
108 27.94 49.81 7.80 480.47 11 14 3
109 78.38 58.09 3.91 171.39 12 23 3
110 55.51 26.57 19.39 392.00 9 26 3
111 21.67 58.37 21.53 448.56 6 37 1
112 84.53 88.70 2.16 204.84 2 5 3
113 91.62 75.33 41.24 204.46 1 38 1
114 73.23 5.33 39.86 217.19 10 45 2
115 85.93 90.97 34.54 85.23 13 13 2
116 7.43 73.64 41.51 263.21 0 0 1
117 96.89 97.87 26.05 108.59 13 19 3
118 63.41 46.61 42.28 307.31 13 25 2
119 82.71 3.66 35.76 265.16 10 30 3
120 39.66 0.84 33.42 327.02 0 40 2
121 41.63 70.75 16.92 128.49 6 9 3
122 10.56 25.09 15.84 67.55 21 37 3
123 41.79 57.41 17.84 374.10 17 35 3
124 75.64 84.47 0.04 88.90 21 26 1
125 40.66 23.10 33.16 311.58 12 32 3
126 85.19 88.83 22.32 251.04 1 10 3
127 47.55 73.09 11.32 106.80 11 25 1
128 58.59 83.36 48.55 362.45 21 45 1
129 71.36 87.24 3.66 347.15 7 25 1
130 15.15 62.70 32.48 424.85 23 32 1
131 32.02 73.58 10.46 145.65 8 10 3
132 41.04 71.77 35.62 297.88 15 18 2
133 29.90 80.05 45.64 499.67 5 45 1
134 21.41 63.87 17.29 241.21 9 29 3
135 76.34 72.78 37.41 165.53 3 25 2
136 87.72 3.09 7.17 409.79 17 21 3
137 61.10 40.49 9.65 80.16 16 48 3
138 54.30 18.22 36.08 426.13 17 48 1
139 7.01 82.81 4.00 101.09 13 28 3
140 77.24 10.84 36.51 364.00 17 39 2
141 62.77 70.85 40.80 468.21 16 40 2
142 14.65 87.99 31.42 379.33 23 27 2
143 7.68 22.92 32.64 482.42 24 33 3
144 72.19 50.81 27.13 435.01 9 11 1
145 74.77 82.74 46.84 455.33 16 26 1
146 32.69 25.01 43.36 324.55 3 32 2
147 85.11 23.10 37.65 162.28 4 43 3
148 19.91 14.51 37.51 293.80 0 25 3
149 93.56 80.80 15.78 190.92 21 29 1
150 94.39 65.47 8.70 135.42 5 46 2
151 8.33 64.56 42.07 496.07 15 19 1
152 41.57 61.85 13.71 232.05 12 42 3
153 79.40 59.60 16.77 366.77 0 15 1
154 67.87 48.91 48.99 120.84 15 16 3
155 24.75 39.80 47.93 394.30 20 42 2
156 19.83 61.87 38.43 405.70 15 24 2
157 2.12 9.58 34.29 152.50 16 35 1
158 79.48 35.64 46.34 363.95 18 32 3
159 87.46 30.35 11.70 111.25 13 28 3
160 2.87 23.20 15.09 234.48 9 29 2
161 47.33 40.09 42.16 133.47 16 46 3
162 64.23 2.73 11.23 205.20 17 37 1
163 95.18 23.30 21.31 331.43 16 47 3
164 48.46 54.16 38.61 498.76 16 36 3
165 36.43 11.65 38.78 335.90 15 41 2
166 70.82 84.21 41.62 302.28 14 41 2
167 61.47 89.49 39.10 265.44 0 26 1
168 17.15 79.57 30.45 197.28 6 13 2
169 33.43 92.94 45.87 195.46 9 12 3
170 90.64 43.80 48.94 437.54 12 46 1
171 56.02 60.44 33.18 272.58 19 41 2
172 31.39 56.20 6.05 475.33 1 10 2
173 24.08 95.12 5.56 424.04 22 30 2
174 33.58 86.70 19.19 81.36 21 21 1
175 24.59 88.61 35.20 111.24 19 40 3
176 25.48 17.19 38.73 350.39 12 21 1
177 42.08 38.61 32.52 236.41 21 33 2
178 55.95 20.11 20.99 331.58 14 43 3
179 47.62 63.13 1.42 159.22 8 47 3
180 21.96 34.60 42.38 51.74 10 39 1
181 33.06 44.37 45.76 179.24 15 45 3
182 43.80 2.39 40.11 281.66 4 45 1
183 88.42 76.77 12.74 190.03 14 40 3
184 46.50 81.08 39.42 229.38 0 28 3
185 41.47 86.71 39.49 286.88 0 29 2
186 19.72 18.65 25.28 318.55 2 21 2
187 1.85 19.49 24.74 299.52 7 11 1
188 72.45 83.04 34.00 216.91 19 31 2
189 39.25 6.31 44.81 357.59 13 44 1
190 42.53 76.08 32.45 386.69 24 44 3
191 23.89 15.72 2.90 347.01 2 7 2
192 36.75 98.65 15.55 216.86 18 21 2
193 56.49 59.64 24.09 186.60 14 43 1
194 61.55 55.26 29.53 95.98 2 22 2
195 70.65 3.27 7.02 205.85 6 44 1
196 26.06 95.75 26.34 347.71 19 34 1
197 56.25 46.44 47.78 366.82 14 24 2
198 68.09 18.70 29.64 50.67 6 42 3
199 29.95 74.16 39.83 266.64 3 17 2
200 43.63 15.94 40.34 350.71 12 48 2
201 70.53 16.17 40.80 337.42 16 37 2
202 87.16 87.33 37.89 143.47 13 25 2
203 23.69 66.22 44.33 483.69 15 35 3
204 62.26 2.61 32.62 387.00 17 47 3
205 83.39 23.38 26.45 415.61 6 16 3
206 31.09 57.83 19.34 439.08 24 36 2
207 97.52 57.00 47.66 154.50 10 10 2
208 13.10 75.92 27.14 425.75 14 39 1
209 85.43 52.68 14.89 486.92 7 42 3
210 7.63 91.32 41.64 440.46 17 32 3
211 6.20 49.56 11.74 216.53 7 45 2
212 59.93 17.29 10.62 292.30 16 33 2
213 99.11 93.09 4.16 207.56 4 34 2
214 57.52 1.59 26.10 413.44 11 33 2
215 80.52 98.38 21.23 437.14 19 26 2
216 93.87 12.43 42.31 242.81 15 34 1
217 57.60 42.49 19.27 255.99 21 43 1
218 38.27 11.93 38.94 127.28 20 47 1
219 49.32 72.30 21.05 117.13 23 26 3
220 44.47 90.79 14.97 183.79 15 30 1
221 57.47 17.58 9.67 319.73 10 37 3
222 19.09 22.25 14.77 349.18 13 29 3
223 76.99 1.86 31.67 472.26 20 26 3
224 81.39 5.95 29.84 247.17 11 15 2
225 82.44 24.29 35.37 161.25 7 39 3
226 94.42 63.89 29.01 199.12 11 15 1
227 57.63 56.85 16.20 499.00 0 34 3
228 15.33 22.45 0.35 158.17 23 29 3
229 33.11 26.09 22.22 423.03 3 43 1
230 45.72 46.94 36.11 371.52 4 14 3
231 23.33 34.02 0.98 321.52 4 12 1
232 47.12 30.05 30.80 298.59 2 48 2
233 60.17 68.25 29.17 330.18 13 41 1
234 75.20 29.35 47.38 310.65 5 26 3
235 42.61 22.57 45.00 81.00 0 27 2
236 46.55 53.31 13.29 166.15 12 26 3
237 32.58 55.82 30.42 312.48 1 38 2
238 22.30 77.01 11.81 110.84 3 41 2
239 5.78 33.84 30.04 159.46 18 45 1
240 28.21 13.33 29.84 402.63 18 22 3
241 8.32 18.70 25.05 441.56 23 40 1
242 25.78 64.42 13.37 260.51 2 46 3
243 79.50 32.14 27.51 241.84 10 30 3
244 93.63 99.28 48.85 460.30 24 34 3
245 13.86 34.91 29.42 61.92 11 13 1
246 25.76 75.75 30.69 335.40 5 11 2
247 51.36 70.75 4.32 301.64 3 11 2
248 50.39 16.28 29.52 54.56 24 40 1
249 16.11 86.22 4.89 496.89 19 45 1
250 21.53 80.46 10.79 198.21 16 44 1
251 73.52 17.73 29.16 58.05 13 43 3
252 21.95 27.16 3.91 63.65 23 38 3
253 87.27 43.56 43.42 70.64 6 39 3
254 62.63 96.47 33.85 144.57 16 37 3
255 41.26 7.14 7.79 124.38 10 39 1
256 90.37 93.69 3.80 186.20 5 38 2
257 79.88 62.54 39.63 135.88 14 44 2
258 15.61 18.17 13.92 281.03 11 28 2
259 7.43 42.49 2.85 135.05 12 46 1
260 20.35 7.87 5.09 190.38 16 17 2
261 47.43 96.62 0.89 233.13 24 46 2
262 10.80 79.86 13.29 302.93 10 40 3
263 25.29 28.32 14.04 176.26 8 36 2
264 6.45 1.10 3.05 108.69 22 39 2
265 22.69 12.52 0.20 101.34 12 47 1
266 25.99 91.57 47.21 63.22 16 41 3
267 23.71 0.48 34.60 153.77 12 40 1
268 74.99 63.05 40.71 419.55 9 15 1
269 23.11 70.20 47.45 430.68 6 47 3
270 67.23 22.51 29.76 446.51 5 42 2
271 79.93 98.59 12.38 453.19 4 26 1
272 4.70 58.69 9.12 224.08 6 20 1
273 3.59 62.64 38.82 494.56 2 32 3
274 23.98 19.81 21.10 382.95 0 13 2
275 75.96 27.93 11.97 64.33 1 48 2
276 85.41 36.06 3.14 205.74 15 18 3
277 21.35 73.93 41.17 137.41 19 25 3
278 4.85 79.29 28.28 62.13 12 38 2
279 63.24 93.50 0.64 160.40 13 40 1
280 74.79 26.25 17.62 222.49 0 33 1
281 3.53 53.09 44.18 100.84 7 29 2
282 81.43 69.60 26.52 428.95 1 31 2
283 79.52 26.98 4.39 238.33 6 10 2
284 62.98 22.55 26.20 194.13 2 12 2
285 57.46 43.47 14.53 122.18 13 43 3
286 69.73 86.44 2.91 389.99 21 30 3
287 31.08 64.64 18.31 197.00 20 23 1
288 22.66 13.87 10.22 449.09 3 46 3
289 33.85 52.97 35.04 99.17 19 23 1
290 36.07 70.46 38.89 341.42 18 43 1
291 10.83 88.77 31.88 56.62 8 11 1
292 27.21 41.92 18.36 337.84 20 32 3
293 62.69 98.98 38.99 120.47 5 18 1
294 48.27 29.77 38.35 444.48 0 0 3
295 9.71 91.90 34.34 253.22 16 24 3
296 1.50 70.56 45.84 67.05 22 34 1
297 7.37 69.51 14.24 200.45 4 42 1
298 75.06 5.67 16.69 449.64 21 34 3
299 8.95 38.42 20.20 275.88 0 15 2
300 23.08 61.53 38.78 287.97 9 10 2
301 53.26 64.15 41.36 376.74 20 42 2
302 43.17 69.55 22.57 50.44 22 37 2
303 82.96 72.52 26.45 439.28 6 23 2
304 65.35 35.29 19.82 195.38 9 47 3
305 71.05 77.89 46.69 392.20 8 23 1
306 94.30 82.24 46.34 285.87 4 48 3
307 44.49 77.15 48.58 353.92 6 20 1
308 51.29 12.05 40.21 475.55 19 40 2
309 49.70 90.35 36.35 301.89 7 30 2
310 79.14 51.37 17.99 317.66 14 22 3
311 35.20 43.34 6.01 110.90 2 32 3
312 38.24 88.36 41.10 475.52 2 25 1
313 96.92 53.59 46.95 346.10 12 29 3
314 8.17 57.17 33.69 427.42 4 12 1
315 23.32 22.12 43.32 296.06 16 42 2
316 98.38 57.13 26.78 437.54 23 23 2
317 41.69 83.97 31.17 198.61 7 8 2
318 72.91 11.54 11.83 373.86 20 31 2
319 16.89 45.27 6.63 303.74 23 48 2
320 54.41 6.38 13.11 266.63 10 18 2
321 70.42 74.40 41.34 459.31 3 44 3
322 88.83 92.35 30.43 291.34 10 41 1
323 3.31 79.61 14.27 404.46 2 19 3
324 60.43 52.53 36.37 189.65 2 10 2
325 19.83 11.20 11.04 287.24 21 27 2
326 69.07 14.09 10.36 463.97 19 37 2
327 77.08 4.11 30.36 192.33 7 20 2
328 38.39 33.84 28.46 250.64 19 45 3
329 37.78 31.11 37.63 394.96 8 27 1
330 58.80 34.51 38.93 334.31 14 31 3
331 12.39 89.83 42.40 183.80 18 46 3
332 78.00 3.58 29.69 125.94 1 40 2
333 88.10 78.44 18.36 83.34 12 48 2
334 34.75 4.39 21.01 386.68 1 24 1
335 53.13 16.04 14.90 381.34 0 16 2
336 93.22 58.87 36.76 210.08 15 43 2
337 8.66 43.23 13.32 363.29 3 26 3
338 42.24 59.95 20.84 108.65 9 38 1
339 50.21 51.32 16.37 447.80 9 16 3
340 19.51 35.76 14.41 451.01 8 47 1
341 43.23 30.59 44.78 227.86 19 29 3
342 94.99 1.14 5.65 192.42 15 29 2
343 98.03 36.15 12.21 282.47 15 46 2
344 24.09 97.73 23.52 182.84 18 33 3
345 59.12 60.76 38.52 239.60 22 32 2
346 42.94 41.09 22.95 106.60 6 36 2
347 51.89 82.42 0.68 332.76 2 18 2
348 59.76 97.46 45.70 127.94 5 48 1
349 79.01 91.61 2.55 260.58 24 30 3
350 28.98 83.51 38.63 54.92 17 29 2
351 39.94 75.21 13.76 86.49 23 41 2
352 61.26 3.96 27.95 379.81 20 20 3
353 47.77 31.86 42.12 60.21 16 42 1
354 19.16 54.53 4.46 434.59 12 25 3
355 8.33 43.33 44.48 374.15 3 39 3
356 98.41 28.61 15.32 244.38 2 33 1
357 7.74 83.28 14.72 93.11 16 25 1
358 22.65 92.50 29.38 410.86 10 34 3
359 15.36 22.05 48.62 398.97 14 26 3
360 53.51 96.65 14.91 136.86 3 5 2
361 87.94 63.45 39.53 389.54 9 21 2
362 38.41 50.42 1.48 260.10 3 7 2
363 91.90 54.15 36.54 178.16 22 45 3
364 99.08 29.70 34.47 202.05 18 21 1
365 10.13 33.78 27.96 164.65 5 32 2
366 24.39 72.97 0.76 233.72 16 26 1
367 35.35 10.82 1.35 244.02 17 25 3
368 59.64 32.73 22.11 463.01 11 42 1
369 69.23 99.06 5.13 263.10 9 11 2
370 24.31 47.87 13.79 372.32 16 18 3
371 48.24 47.30 36.55 255.93 1 21 1
372 97.29 29.65 10.30 121.65 0 15 1
373 37.62 21.63 18.11 161.31 17 30 2
374 13.88 85.05 48.68 490.00 2 4 3
375 74.45 28.47 44.36 285.42 2 12 3
376 30.04 62.09 10.93 64.12 9 27 3
377 63.57 42.08 42.49 456.52 2 23 1
378 47.70 86.91 38.04 432.39 20 42 3
379 85.02 40.08 35.45 396.70 8 30 3
380 86.95 24.38 31.05 438.44 18 26 3
381 20.23 87.30 5.95 266.53 24 34 2
382 40.84 6.51 22.15 491.23 20 34 2
383 33.16 98.58 12.54 68.01 17 23 1
384 15.83 56.80 43.88 261.55 15 47 1
385 37.51 52.89 26.89 195.87 21 44 3
386 74.96 91.15 43.25 106.42 23 27 2
387 40.19 58.22 35.48 385.49 7 10 1
388 62.53 19.24 3.80 195.44 1 6 2
389 53.75 73.70 12.97 116.47 23 42 2
390 68.86 30.12 40.54 173.74 24 28 1
391 72.57 36.53 0.91 348.23 6 12 2
392 68.29 56.46 45.03 465.36 0 18 2
393 39.00 94.47 10.85 301.54 13 38 1
394 46.02 55.92 17.77 172.46 0 36 2
395 70.59 69.89 6.61 367.98 24 32 3
396 5.19 90.73 5.59 347.68 11 29 3
397 41.04 24.08 24.54 305.02 9 43 3
398 25.37 57.62 33.23 123.48 16 34 1
399 47.20 62.34 5.25 416.68 15 38 2
400 48.92 95.52 23.49 303.32 7 26 1
401 0.14 99.15 1.01 363.13 22 41 3
402 91.38 87.82 49.73 364.24 10 21 3
403 64.12 84.19 48.56 210.35 15 28 1
404 22.40 51.45 0.47 482.35 0 10 2
405 76.67 49.56 11.46 65.76 8 48 3
406 69.79 97.66 40.91 328.20 0 24 2
407 85.34 82.90 4.75 231.04 8 30 1
408 12.45 87.21 48.51 481.53 4 48 1
409 99.69 11.19 9.72 318.17 19 33 1
410 7.71 35.20 31.83 346.90 9 12 2
411 68.35 44.33 33.20 271.38 13 16 2
412 12.34 89.16 35.49 148.46 1 30 2
413 6.06 7.37 43.00 253.83 18 31 1
414 80.31 37.54 0.32 208.14 4 41 2
415 33.50 82.61 5.68 257.90 7 41 3
416 75.81 98.70 36.18 74.52 1 17 3
417 79.37 14.10 26.87 457.07 23 43 1
418 42.00 31.72 33.70 166.35 19 21 2
419 61.83 63.40 19.32 74.04 4 21 3
420 64.34 23.83 24.61 448.26 24 42 1
421 13.60 71.19 31.38 76.11 5 32 2
422 13.45 52.60 32.40 171.12 22 22 3
423 71.32 24.22 35.44 128.20 22 43 1
424 34.71 3.00 36.40 361.73 1 12 2
425 34.63 34.60 14.32 139.51 8 32 2
426 47.18 30.98 42.81 333.86 16 21 3
427 83.95 73.13 45.41 469.65 10 27 3
428 86.01 49.82 18.45 161.50 21 32 1
429 36.06 49.47 45.84 251.71 11 44 2
430 96.64 54.99 33.88 451.69 2 18 3
431 9.12 62.45 35.73 224.47 5 20 1
432 6.02 64.30 8.76 305.22 9 12 3
433 25.29 72.63 6.26 484.96 18 43 1
434 15.83 56.63 20.72 303.87 3 18 2
435 40.13 62.20 46.56 365.10 6 47 3
436 51.81 8.95 40.79 105.64 0 8 2
437 15.61 29.66 42.93 432.75 8 38 1
438 49.69 3.00 14.00 190.33 15 38 1
439 14.94 50.43 9.92 113.59 24 39 3
440 45.17 50.82 33.70 120.18 11 48 2
441 42.43 18.52 40.27 63.71 16 27 1
442 14.53 70.59 37.93 473.70 16 38 2
443 72.74 42.96 24.16 260.64 21 44 3
444 45.87 91.19 3.19 381.35 0 32 1
445 30.63 66.48 49.40 482.49 17 42 3
446 26.86 51.66 0.65 495.04 5 21 2
447 24.35 47.64 41.13 458.21 23 45 3
448 94.43 58.64 40.18 386.26 1 43 2
449 45.36 26.02 38.96 178.37 16 23 3
450 92.21 9.88 26.40 283.01 18 43 2
451 72.72 49.19 42.77 96.75 19 23 1
452 7.86 90.58 7.60 199.60 20 28 3
453 29.93 0.26 21.82 479.48 20 30 1
454 40.98 63.55 5.91 406.89 13 34 3
455 41.64 68.00 37.29 81.59 4 4 2
456 28.69 35.43 13.84 112.52 12 12 2
457 11.14 90.85 42.84 457.06 1 13 1
458 91.51 81.14 19.78 222.33 0 28 2
459 37.81 34.64 31.79 261.92 16 39 1
460 15.98 58.17 25.04 188.66 20 29 3
461 71.42 45.75 8.45 265.74 2 33 3
462 59.86 92.18 33.28 167.91 8 32 2
463 82.73 77.44 38.82 394.80 1 29 2
464 68.48 23.93 10.88 119.57 18 47 1
465 75.05 43.29 7.04 66.69 11 14 2
466 87.91 52.41 5.52 444.29 18 21 1
467 22.02 33.94 0.89 341.65 17 18 3
468 88.18 75.09 8.28 200.11 14 15 2
469 60.36 39.14 40.71 181.22 7 10 1
470 63.39 9.17 6.89 366.69 17 44 1
471 92.69 55.90 1.70 176.35 11 42 2
472 46.44 59.18 32.04 78.83 3 20 2
473 16.43 78.51 41.36 293.07 2 6 1
474 7.16 41.85 6.71 359.36 21 41 2
475 33.39 1.43 46.87 190.38 21 30 1
476 41.74 12.34 16.79 332.10 4 42 2
477 87.96 75.56 36.36 91.88 20 25 2
478 46.25 49.03 49.96 302.67 4 41 2
479 59.32 71.64 37.94 404.06 23 44 3
480 8.64 69.66 1.90 177.23 12 15 3
481 1.73 54.07 37.85 293.51 22 25 1
482 78.54 66.28 34.34 424.52 13 21 1
483 36.70 37.70 28.11 90.67 9 22 2
484 31.00 32.72 6.63 216.41 8 28 1
485 97.62 52.81 11.01 193.59 0 47 1
486 92.57 56.11 17.57 53.46 11 44 2
487 39.84 6.88 11.61 490.87 8 38 2
488 80.57 69.61 36.81 52.61 17 20 2
489 77.95 8.82 10.44 485.14 5 48 1
490 10.14 97.48 5.44 306.14 10 42 2
491 71.80 92.87 37.50 240.28 3 13 3
492 79.58 28.32 18.78 201.00 0 23 2
493 22.46 48.30 48.21 251.65 10 25 1
494 28.29 73.77 29.92 370.18 6 41 1
495 87.53 98.70 44.04 224.09 5 47 2
496 28.80 26.81 7.23 294.63 17 36 1
497 46.34 67.16 0.68 335.18 4 10 3
498 87.79 74.53 12.53 437.10 18 39 3
499 96.13 41.44 11.87 370.40 1 20 1
500 27.72 69.76 35.03 392.87 24 36 1
1 120.95 4523.58 1
2 123.39 4493.13 2
3 112.15 3064.47 3
4 198.83 2546.95 3
5 154.90 3960.82 1
6 181.10 2526.67 2
1 1.29 46.73 3
2 1.19 44.46 2
3 1.55 42.48 3
4 1.89 30.28 1
5 1.79 36.33 5
6 1.51 38.69 3
7 1.61 35.89 5
8 1.31 47.02 3
9 1.17 28.59 3
10 1.21 27.12 1
11 1.63 30.63 6
12 1.05 29.99 5
13 1.57 43.01 2
