Data for Vehicle routing problem with drones - Author: Huyen Do Thi Ngoc
Number of depots: 2
Number of cities: 200
Number of trucks: 4
Number of drones: 10
Area: 100 100 50
Customer maximum demand: 500
Max capacity of truck: 200
Max energy of truck: 5000
Max capacity of drone: 2
Max energy of drone: 50
1 21.99 58.68 18.68
2 53.43 89.63 19.57
1 34.55 69.28 49.39 70.03 14 20 2
2 38.48 38.78 38.59 289.60 14 25 2
3 76.28 28.59 39.85 490.69 21 48 1
4 83.73 95.18 6.30 392.40 6 8 1
5 10.15 95.51 30.87 317.98 12 40 2
6 52.81 67.91 10.92 291.04 18 31 2
7 72.55 99.76 26.41 432.32 10 26 1
8 19.88 25.50 38.70 461.34 5 14 2
9 19.11 81.44 39.91 419.78 4 44 1
10 88.56 54.96 4.73 386.50 20 29 1
11 92.57 72.39 14.63 107.22 2 40 1
12 21.91 42.55 10.75 300.29 6 15 2
13 53.52 5.99 4.95 256.55 11 16 1
14 90.08 45.20 19.71 403.77 8 22 2
15 71.02 34.14 26.24 162.82 24 30 1
16 48.62 18.59 27.67 379.44 14 22 1
17 70.80 79.25 6.16 358.35 24 29 1
18 77.38 29.60 38.76 59.94 14 38 1
19 43.24 62.75 31.27 433.44 6 30 2
20 18.65 2.43 14.90 405.96 12 48 2
21 69.81 32.60 5.80 120.62 7 34 2
22 83.87 78.23 27.20 69.29 14 22 2
23 8.91 20.97 12.85 165.07 16 18 2
24 28.52 94.61 7.25 196.66 1 48 1
25 6.47 28.40 1.86 297.02 3 42 1
26 65.80 37.21 13.68 384.85 4 17 1
27 6.65 1.81 15.12 488.86 2 32 2
28 72.29 85.07 47.75 57.67 19 31 2
29 55.04 62.38 3.75 73.05 21 37 1
30 13.15 73.49 46.13 105.20 23 48 2
31 76.79 71.50 9.59 178.39 12 23 2
32 66.60 89.55 9.23 355.81 16 36 1
33 91.81 89.43 11.55 312.43 4 45 1
34 32.69 47.62 39.42 395.75 18 37 2
35 59.74 22.92 38.83 483.75 16 48 2
36 23.10 95.75 26.42 335.70 17 48 1
37 88.20 53.84 21.33 367.37 19 34 2
38 33.14 47.17 48.48 177.84 0 2 2
39 11.41 35.19 6.28 353.78 23 27 1
40 48.53 46.40 11.33 373.23 16 19 1
41 74.61 12.21 29.77 300.45 11 13 2
42 34.92 81.03 27.09 288.00 9 43 2
43 37.04 54.77 18.23 177.05 5 11 1
44 96.70 94.09 39.85 309.88 13 23 1
45 92.69 29.04 42.46 400.00 7 44 1
46 14.40 12.15 2.02 411.20 7 11 2
47 76.17 26.43 30.05 80.16 17 31 1
48 70.50 1.34 4.07 84.28 6 43 1
49 4.74 12.42 24.31 280.05 18 20 1
50 43.32 7.96 35.39 283.50 18 41 1
51 1.73 77.03 47.45 235.16 2 2 2
52 76.42 21.74 11.53 180.56 9 38 1
53 79.92 87.86 32.70 331.04 12 40 1
54 44.23 43.71 27.74 489.60 23 25 1
55 21.12 2.79 10.45 205.95 2 22 2
56 72.60 95.54 5.88 218.22 12 43 1
57 18.54 14.10 8.72 167.18 22 41 1
58 18.72 22.57 12.32 279.91 17 40 1
59 23.31 43.17 43.71 50.66 23 23 1
60 33.83 91.45 45.87 335.85 10 10 2
61 55.20 30.28 11.00 465.09 13 19 2
62 5.56 50.11 20.83 358.87 4 22 2
63 5.74 40.42 10.55 63.18 2 4 2
64 57.85 69.75 14.95 239.63 8 17 2
65 85.34 3.89 13.02 62.62 7 43 2
66 84.64 15.12 44.17 439.02 7 29 2
67 36.89 28.99 35.80 300.34 0 30 2
68 39.83 45.55 22.36 138.01 17 40 1
69 71.23 84.27 33.45 165.20 24 34 1
70 82.85 14.53 5.46 75.37 2 19 2
71 15.76 8.81 25.95 325.22 2 5 2
72 32.83 69.71 18.30 197.63 1 4 1
73 59.80 5.90 21.73 166.31 0 19 2
74 92.23 82.55 14.15 484.10 4 25 2
75 35.39 14.49 20.29 481.83 0 35 2
76 29.01 7.22 5.00 87.95 14 44 2
77 3.53 59.03 35.23 57.70 23 46 1
78 97.64 1.71 46.70 388.17 24 33 1
79 70.67 32.63 23.85 109.80 3 18 2
80 3.74 24.48 39.30 81.29 17 33 1
81 45.67 18.45 38.21 229.01 10 40 2
82 43.17 23.81 17.00 390.67 24 40 1
83 22.58 36.17 31.79 201.40 2 12 2
84 2.21 96.72 7.28 424.23 18 29 1
85 85.26 20.87 8.11 359.49 3 44 1
86 37.49 52.22 22.05 320.72 10 23 2
87 26.21 91.50 11.10 275.12 22 44 1
88 8.16 8.88 39.31 427.66 2 47 1
89 58.42 68.01 19.37 67.64 2 38 2
90 26.86 47.51 26.41 364.31 2 46 2
91 73.33 59.36 6.66 335.54 9 20 1
92 45.03 63.18 49.31 137.02 18 42 2
93 67.93 1.54 3.89 329.40 24 30 1
94 38.85 29.62 35.39 233.25 9 44 1
95 69.30 14.35 48.59 248.22 13 20 2
96 79.21 31.51 22.26 338.17 0 42 2
97 7.63 38.75 23.88 437.02 15 45 1
98 91.11 95.46 47.72 64.43 5 44 2
99 33.33 37.13 23.27 274.82 13 22 1
100 52.17 85.11 6.04 290.40 10 21 1
101 92.48 28.65 49.75 163.08 24 39 1
102 3.68 84.69 5.57 217.90 14 14 2
103 16.67 32.90 15.79 232.55 10 27 1
104 73.76 14.78 45.66 107.14 5 43 1
105 51.52 9.40 22.37 281.57 12 32 2
106 2.78 0.94 27.15 117.78 14 47 1
107 22.03 21.70 49.48 443.95 4 31 1
108 8.44 53.56 18.58 200.20 11 39 1
109 42.87 56.84 8.89 259.34 6 39 1
110 49.66 43.91 25.06 258.96 8 29 1
111 43.73 59.00 37.71 167.37 5 45 2
112 86.50 52.22 28.46 191.57 16 19 2
113 31.82 36.10 37.84 378.14 7 9 1
114 97.16 44.90 38.00 119.18 12 40 2
115 41.46 62.56 34.02 175.17 23 34 1
116 59.95 57.94 17.78 398.90 19 23 1
117 56.10 92.75 16.22 154.60 5 38 1
118 83.91 79.87 24.59 302.13 20 25 1
119 44.58 41.14 8.68 234.61 6 29 1
120 91.25 0.91 25.05 87.62 19 25 1
121 71.91 45.27 42.04 173.48 6 34 1
122 8.60 31.05 46.56 159.90 6 23 1
123 83.41 26.74 4.04 340.53 9 47 1
124 0.01 86.71 9.89 224.28 6 11 2
125 30.38 86.66 37.86 399.87 24 42 1
126 35.26 34.96 27.86 268.38 4 13 2
127 26.94 70.56 29.72 65.71 5 46 2
128 51.64 36.16 10.07 291.45 13 45 1
129 63.97 87.97 34.94 495.16 2 45 1
130 55.99 63.64 3.38 103.15 15 41 2
131 46.05 67.15 13.97 281.01 24 32 1
132 18.59 20.01 47.42 206.49 12 13 2
133 20.78 82.61 49.13 460.90 6 32 2
134 18.33 24.76 4.23 410.96 6 19 2
135 21.42 87.40 47.92 463.17 23 29 1
136 19.57 1.92 34.27 193.34 9 34 2
137 14.23 97.39 49.78 78.12 0 17 2
138 99.84 91.32 23.07 493.04 17 21 1
139 25.01 52.94 47.04 303.46 5 22 1
140 7.29 77.32 40.15 247.26 9 21 2
141 11.59 83.60 42.69 435.40 21 25 2
142 30.65 14.49 33.17 131.70 12 14 2
143 26.60 59.25 25.62 284.06 17 35 2
144 11.85 57.87 30.42 242.61 6 33 2
145 11.52 28.50 11.79 164.92 17 48 1
146 93.27 88.51 18.56 222.85 22 23 2
147 36.81 65.39 48.02 121.16 14 33 1
148 33.64 75.03 8.51 161.61 23 32 2
149 13.15 32.29 37.45 447.72 15 30 2
150 81.09 80.97 28.80 215.67 5 11 1
151 35.53 72.51 1.61 71.91 10 37 1
152 30.89 28.67 2.74 166.12 19 36 1
153 38.97 6.88 46.20 498.48 23 46 1
154 42.86 22.14 31.93 166.73 11 44 2
155 55.46 35.31 25.54 111.65 22 22 1
156 82.84 20.41 39.75 123.92 9 12 2
157 29.09 28.85 3.61 186.04 7 29 1
158 82.15 60.98 13.28 256.07 12 16 1
159 75.98 49.97 21.03 195.33 11 22 1
160 91.39 3.80 27.07 58.22 20 47 2
161 12.87 56.33 25.86 370.82 12 30 2
162 55.60 57.88 0.48 155.36 24 47 2
163 95.51 84.15 28.41 152.70 3 7 2
164 58.48 3.80 41.73 312.91 24 40 1
165 21.21 56.82 10.30 251.16 24 45 1
166 85.87 24.92 1.89 66.17 6 10 1
167 70.89 53.63 49.12 342.27 12 20 2
168 22.42 63.81 49.18 457.47 18 45 1
169 26.95 47.06 40.74 329.66 20 46 2
170 38.02 36.08 44.49 303.81 17 36 2
171 59.98 58.16 3.81 50.40 21 39 2
172 45.41 19.30 16.05 374.57 14 31 1
173 76.13 91.48 10.23 115.87 0 19 1
174 78.42 85.73 45.60 457.90 3 18 1
175 27.62 45.95 22.33 103.55 22 28 2
176 40.66 82.32 34.52 103.16 0 27 1
177 61.88 17.16 11.67 314.44 2 8 2
178 81.11 0.39 27.26 139.00 0 22 2
179 82.71 92.40 2.17 211.75 21 46 2
180 52.59 91.72 26.28 323.75 14 35 1
181 35.44 1.30 1.66 426.28 13 24 1
182 49.94 72.37 15.13 283.64 21 46 1
183 57.77 67.81 47.55 324.19 3 34 2
184 20.88 26.22 31.85 263.46 8 27 2
185 55.28 47.25 24.45 206.07 4 16 1
186 10.64 77.10 43.79 165.09 11 30 2
187 50.12 93.71 22.29 73.94 9 15 2
188 32.41 29.01 6.78 295.57 19 19 1
189 80.33 76.24 7.28 431.96 0 20 2
190 98.93 36.47 33.74 282.11 23 38 1
191 70.93 31.31 26.44 196.86 21 36 1
192 15.63 78.49 39.81 266.06 4 17 1
193 7.89 72.43 8.71 251.93 14 29 1
194 83.65 26.44 13.72 344.04 15 17 1
195 18.45 59.34 38.36 251.17 24 36 1
196 27.09 96.19 49.16 94.26 15 42 1
197 99.64 23.52 43.23 169.73 5 40 2
198 66.05 76.31 34.72 404.19 20 30 1
199 69.83 79.27 20.27 365.74 3 27 1
200 82.53 58.03 2.84 416.40 10 27 2
1 175.80 2583.70 1
2 169.23 2969.87 2
3 117.31 4708.13 2
4 175.18 2988.81 2
1 1.90 29.16 3
2 1.44 39.61 2
3 1.38 37.22 2
4 1.13 42.68 2
5 1.91 26.40 2
6 1.05 41.05 1
7 1.43 31.23 3
8 1.36 26.65 4
9 1.33 41.28 2
10 1.71 34.23 1
