Data for Vehicle routing problem with drones - Author: Huyen Do Thi Ngoc
Number of depots: 2
Number of cities: 300
Number of trucks: 2
Number of drones: 4
Area: 100 100 50
Customer maximum demand: 500
Max capacity of truck: 200
Max energy of truck: 5000
Max capacity of drone: 2
Max energy of drone: 50
1 84.79 36.07 32.29
2 20.16 23.03 37.52
1 79.61 39.13 15.50 484.42 18 44 1
2 63.67 53.07 3.80 338.55 3 24 2
3 49.61 67.97 23.67 147.47 12 19 2
4 43.42 61.77 25.66 182.90 23 23 1
5 61.81 42.15 9.53 137.11 9 32 2
6 61.60 70.55 35.79 75.15 9 23 2
7 97.24 44.96 9.11 457.00 11 24 2
8 51.89 85.83 38.71 278.19 0 7 2
9 34.15 9.25 16.07 227.90 0 24 1
10 6.71 72.11 44.22 371.94 9 43 1
11 65.53 98.66 22.39 393.33 21 41 1
12 60.34 1.89 13.65 479.44 15 41 2
13 37.46 58.85 37.73 219.36 8 34 1
14 75.33 41.79 44.35 467.63 2 9 2
15 86.17 64.56 19.75 142.67 5 19 2
16 9.20 3.60 16.19 396.16 6 9 2
17 50.13 51.44 8.97 436.48 14 37 1
18 50.71 6.58 0.89 461.21 3 48 1
19 37.48 60.00 3.47 446.66 18 47 2
20 59.45 15.91 31.02 181.48 24 24 2
21 8.00 31.16 14.44 256.11 13 47 2
22 39.28 12.24 2.99 199.57 11 17 1
23 63.23 34.53 38.65 259.75 11 31 2
24 77.86 62.79 1.16 58.41 20 46 1
25 61.85 97.15 13.66 229.40 3 37 2
26 63.36 64.20 22.18 253.39 9 18 1
27 52.55 11.77 4.42 314.53 24 34 2
28 3.78 0.16 15.11 324.25 24 39 1
29 2.24 70.00 23.25 249.64 5 33 1
30 94.38 63.62 36.73 232.65 10 27 1
31 45.92 73.82 35.77 281.29 2 37 2
32 53.22 9.93 28.45 465.67 12 38 2
33 14.59 69.02 33.95 321.80 23 42 2
34 19.65 7.13 22.85 164.17 4 32 2
35 27.31 29.45 6.24 434.34 2 39 2
36 18.38 75.38 20.18 418.83 15 29 1
37 83.63 61.49 24.61 351.98 22 29 1
38 82.91 19.74 7.96 193.73 21 36 1
39 99.84 51.48 31.76 421.40 5 18 2
40 85.14 47.13 26.27 422.42 3 26 1
41 66.13 74.46 38.61 427.37 3 33 2
42 58.19 15.80 35.94 129.15 20 36 2
43 28.92 78.59 22.59 72.47 23 42 1
44 1.51 11.04 48.46 426.66 19 48 2
45 30.79 63.85 44.08 228.75 1 33 1
46 65.42 27.70 4.97 239.71 22 28 2
47 4.18 0.94 26.71 406.46 10 36 2
48 88.39 61.51 6.22 321.79 12 43 2
49 53.14 20.71 42.61 103.40 22 48 2
50 31.56 17.04 14.46 234.33 11 13 2
51 75.61 52.53 6.48 70.95 16 45 1
52 75.64 39.54 14.85 211.27 13 21 2
53 76.29 78.47 13.47 292.40 4 22 1
54 10.44 18.94 16.14 288.17 9 47 2
55 29.33 53.27 20.35 355.37 15 17 1
56 73.66 42.80 43.74 399.46 18 38 2
57 69.78 53.05 3.56 131.59 23 42 2
58 82.36 92.22 46.06 454.17 24 45 2
59 5.23 84.99 36.97 85.41 0 23 2
60 78.89 13.46 26.90 212.58 1 45 1
61 11.57 20.99 44.57 155.16 5 32 2
62 31.13 89.27 22.44 307.94 5 8 2
63 89.70 33.66 24.70 466.69 1 47 1
64 25.66 9.26 28.24 392.26 22 26 2
65 38.60 96.91 15.32 140.26 11 11 1
66 0.94 13.53 49.88 293.99 1 41 2
67 4.36 24.26 24.32 146.21 12 27 2
68 64.53 65.73 31.39 481.80 24 38 1
69 92.41 16.39 46.07 125.08 21 41 1
70 87.30 76.43 21.36 484.97 4 43 2
71 15.84 50.46 3.91 341.20 9 46 2
72 25.21 48.90 26.95 379.06 6 30 2
73 59.91 61.80 28.86 459.17 0 43 1
74 22.92 7.03 36.94 273.27 17 19 1
75 15.61 93.45 45.35 69.48 21 25 1
76 96.08 17.73 33.01 58.93 13 13 2
77 92.15 63.91 48.54 100.42 17 23 1
78 4.12 37.13 43.68 106.04 11 29 2
79 42.08 33.59 18.09 398.01 1 3 2
80 25.22 44.16 45.62 65.05 24 25 1
81 19.78 11.49 31.60 79.08 19 45 2
82 34.16 24.31 4.57 215.53 24 24 1
83 85.78 6.32 0.42 302.64 1 37 2
84 97.10 48.26 40.24 391.16 10 11 1
85 31.72 40.86 28.28 324.35 7 8 2
86 32.09 46.70 20.55 436.35 16 32 1
87 20.99 95.47 0.15 231.55 5 20 1
88 5.34 62.45 19.83 304.56 9 34 1
89 6.10 14.36 31.21 329.01 4 39 2
90 24.34 15.42 20.65 444.40 17 43 2
91 84.76 25.92 35.39 115.39 1 29 2
92 92.21 20.85 17.87 157.00 11 27 1
93 6.72 54.52 17.71 273.88 3 35 1
94 47.32 50.59 1.60 366.51 23 41 2
95 88.28 2.68 41.75 149.55 15 40 2
96 71.82 29.12 0.83 184.88 10 22 2
97 76.52 10.83 28.43 121.47 13 43 2
98 81.60 73.70 46.47 499.44 23 41 1
99 75.12 29.55 22.98 350.48 20 41 2
100 42.89 75.07 7.96 285.99 8 27 2
101 54.44 59.23 30.89 455.70 16 43 2
102 31.33 97.79 33.13 438.65 3 7 2
103 25.30 84.11 44.39 65.86 13 21 1
104 98.15 41.54 9.96 67.10 10 17 2
105 28.24 65.57 19.90 128.72 11 48 1
106 28.08 89.43 6.44 463.06 18 24 2
107 13.66 33.35 19.77 382.07 5 24 1
108 69.09 67.61 17.96 149.72 18 47 1
109 99.11 97.57 25.30 429.88 10 34 1
110 32.96 71.92 6.16 329.64 6 45 2
111 64.76 13.60 35.83 340.52 16 33 2
112 70.92 19.60 17.03 146.69 18 40 2
113 25.10 26.85 7.91 314.80 14 31 2
114 48.32 16.02 43.32 312.23 5 39 1
115 30.13 25.46 40.67 241.49 24 25 1
116 98.64 97.60 19.24 433.46 12 38 1
117 39.13 48.92 6.43 499.10 10 25 2
118 96.07 50.23 0.69 111.56 1 24 2
119 36.41 43.31 15.15 481.70 6 17 1
120 4.41 42.31 18.32 247.23 13 44 1
121 24.41 57.99 3.85 62.25 15 40 2
122 19.83 54.52 25.83 231.36 8 45 2
123 41.61 69.77 45.80 208.04 16 44 1
124 78.48 0.32 40.07 253.04 15 35 2
125 95.80 66.66 22.01 270.26 7 12 1
126 86.32 37.46 13.01 382.05 4 34 2
127 12.58 93.30 36.64 228.23 21 45 1
128 95.88 29.03 28.58 461.30 5 21 2
129 28.10 28.32 2.63 307.77 4 29 1
130 45.91 30.53 3.85 112.13 14 19 2
131 64.70 88.72 45.05 131.39 0 40 2
132 14.96 93.62 43.77 391.10 6 10 1
133 29.04 99.63 3.14 399.61 9 10 2
134 43.71 35.44 7.55 245.14 17 32 2
135 48.10 82.88 0.02 338.75 1 11 1
136 22.71 78.22 8.33 475.61 10 16 1
137 72.45 33.31 13.47 368.83 17 35 2
138 63.98 69.72 9.85 124.35 21 25 2
139 33.30 81.25 26.20 139.47 13 38 2
140 90.37 45.51 36.13 284.18 11 39 2
141 96.69 60.50 15.87 217.72 20 48 2
142 52.45 40.62 36.57 127.66 10 48 2
143 53.03 57.36 19.76 131.77 9 34 2
144 33.14 96.18 41.36 395.97 22 36 1
145 69.71 18.22 5.26 187.39 11 14 1
146 27.11 70.28 34.86 316.81 16 40 2
147 99.04 69.38 2.77 491.60 13 39 1
148 99.27 81.96 39.44 369.76 12 42 2
149 22.30 13.52 4.39 278.12 2 16 2
150 32.50 29.17 29.62 426.75 23 39 2
151 63.42 9.67 17.24 416.05 21 28 2
152 6.50 36.09 30.13 324.04 7 19 1
153 55.85 43.77 41.61 208.20 20 23 1
154 2.43 64.79 49.36 243.01 23 44 2
155 42.18 16.61 36.61 477.02 14 43 2
156 57.22 75.56 16.07 66.66 14 14 2
157 61.74 13.27 12.53 233.05 15 48 1
158 93.71 62.03 30.38 376.82 21 31 1
159 37.86 44.99 0.43 178.56 22 43 2
160 45.26 35.42 37.67 150.22 12 17 1
161 78.39 15.85 42.86 132.89 23 40 2
162 74.97 69.85 39.27 280.11 4 18 2
163 24.27 88.69 16.75 276.67 17 46 1
164 9.12 32.25 10.27 272.96 0 27 1
165 53.79 36.69 24.49 89.43 2 41 1
166 14.97 0.45 38.28 192.30 22 31 1
167 64.34 93.77 32.42 245.12 5 33 2
168 53.85 10.50 1.85 206.33 0 13 1
169 16.52 41.43 1.82 461.92 20 39 1
170 88.10 23.30 29.81 134.65 23 25 2
171 65.86 97.75 41.58 493.93 14 14 1
172 2.86 60.25 25.19 235.21 11 44 2
173 99.84 28.58 6.07 372.68 11 38 2
174 19.35 75.62 15.18 492.91 5 39 2
175 33.45 35.48 4.66 239.85 8 13 1
176 36.42 17.81 12.77 196.77 20 25 2
177 30.18 75.12 10.27 420.59 12 34 2
178 63.64 66.09 32.51 274.11 15 38 1
179 86.61 54.54 2.65 193.44 15 37 2
180 35.75 65.49 40.69 105.32 15 24 2
181 50.54 11.14 3.94 340.69 1 39 2
182 70.11 75.67 46.62 463.92 12 37 1
183 38.69 30.98 1.89 247.24 23 25 2
184 87.31 87.36 38.82 352.33 13 30 2
185 8.36 63.43 10.05 460.48 11 25 2
186 74.98 47.73 31.72 400.99 0 33 1
187 46.73 84.04 38.74 485.94 23 32 1
188 87.43 82.73 19.52 74.14 14 27 2
189 41.29 20.14 42.05 232.11 3 27 2
190 61.77 90.36 45.05 248.37 5 27 2
191 60.89 29.52 12.12 410.88 1 15 1
192 41.89 2.90 24.12 345.20 8 32 2
193 92.82 91.79 27.30 496.73 16 48 2
194 48.49 39.32 2.63 491.00 8 11 1
195 59.64 92.27 20.19 447.26 9 20 1
196 46.15 92.24 44.46 55.91 23 26 1
197 86.98 0.57 3.16 378.93 21 30 1
198 4.89 93.47 46.90 328.76 20 28 1
199 97.70 18.00 20.23 493.14 0 43 2
200 19.31 15.20 29.03 109.64 11 44 1
201 0.42 38.74 10.82 498.63 18 23 2
202 46.77 77.99 19.14 358.87 17 42 2
203 4.10 4.75 15.83 499.14 12 38 1
204 74.47 20.29 22.09 391.14 11 44 1
205 91.39 71.01 30.90 433.54 20 30 2
206 46.50 38.54 37.42 110.76 9 12 2
207 87.34 38.23 27.52 358.12 17 46 2
208 0.17 99.24 42.39 287.43 12 44 1
209 7.32 43.34 7.88 460.77 8 33 2
210 61.27 81.56 26.28 289.14 0 35 1
211 58.13 59.51 15.32 366.45 14 36 2
212 81.97 90.96 47.91 363.65 7 28 2
213 9.39 29.24 36.92 289.51 15 40 2
214 93.12 10.19 33.77 383.51 11 15 1
215 14.78 19.37 27.01 81.36 10 45 2
216 2.38 87.43 29.79 434.07 14 36 1
217 98.40 72.04 31.31 490.14 23 46 1
218 72.49 29.26 42.02 422.40 19 21 1
219 36.51 35.39 41.55 362.74 1 48 1
220 36.92 42.21 35.51 378.48 6 26 1
221 27.92 22.61 44.09 427.10 23 28 2
222 55.84 65.46 4.92 371.07 23 41 1
223 84.10 15.85 17.80 108.89 11 19 2
224 77.56 7.44 21.27 445.24 3 35 2
225 50.16 39.58 31.04 202.74 8 29 1
226 99.26 63.33 6.19 254.98 20 23 1
227 11.44 53.54 2.71 467.39 5 7 2
228 49.92 29.82 32.08 455.81 15 40 2
229 96.15 70.37 8.58 240.81 23 47 2
230 32.82 50.07 14.29 441.13 1 27 2
231 12.25 11.95 27.11 477.60 10 36 2
232 11.63 3.94 27.91 324.31 16 27 1
233 38.83 21.69 30.68 412.97 14 34 1
234 9.89 41.81 31.17 189.50 22 46 1
235 55.22 43.39 41.06 372.44 3 44 2
236 61.82 42.96 5.48 431.76 5 38 1
237 92.63 15.20 42.08 103.33 6 45 2
238 58.72 90.99 36.92 279.65 10 35 1
239 4.78 52.15 0.85 245.15 18 29 2
240 12.37 8.56 10.67 297.54 7 14 1
241 73.30 86.86 21.15 469.14 19 37 1
242 50.19 9.56 24.19 475.38 20 39 2
243 21.53 68.37 26.18 172.27 20 27 2
244 4.47 47.28 48.91 399.16 23 40 2
245 86.75 55.17 1.68 217.67 24 27 1
246 37.56 10.30 5.05 334.32 19 37 2
247 76.02 62.17 5.12 471.31 9 13 2
248 22.06 15.92 26.70 190.06 23 42 1
249 8.69 32.56 45.96 180.07 21 29 2
250 51.12 28.27 30.19 77.90 4 15 1
251 1.93 12.54 5.36 330.02 11 33 1
252 69.32 23.94 26.56 195.26 8 37 2
253 38.51 95.11 47.67 386.05 22 29 1
254 62.12 46.90 16.54 209.91 12 34 1
255 92.95 61.08 28.18 240.84 22 24 1
256 26.65 16.32 25.48 364.92 20 42 1
257 38.12 73.92 23.32 135.42 2 32 2
258 47.07 31.83 46.26 366.88 11 31 1
259 33.29 78.28 23.83 264.71 6 24 1
260 71.12 78.66 45.79 161.15 14 21 1
261 35.64 58.68 5.04 59.74 11 31 2
262 16.75 25.51 25.87 263.22 6 9 1
263 31.57 71.64 4.06 242.30 3 42 1
264 31.03 77.48 43.40 419.51 6 39 1
265 55.30 83.75 39.08 72.49 0 35 1
266 25.17 95.35 43.77 109.71 21 43 2
267 38.45 99.67 8.75 382.41 17 28 1
268 7.31 88.10 22.46 157.57 5 30 1
269 95.31 2.02 11.66 155.35 1 23 2
270 34.12 12.53 12.19 341.63 22 34 2
271 80.99 76.39 6.33 491.84 13 20 1
272 5.68 12.19 40.45 470.37 0 27 1
273 32.93 50.07 14.17 475.91 9 46 2
274 16.04 59.54 9.03 97.41 7 28 1
275 74.83 31.74 31.86 368.84 15 46 1
276 3.98 8.49 29.34 308.28 8 22 1
277 40.57 46.50 1.01 141.16 6 16 2
278 20.64 97.48 13.34 264.82 7 31 2
279 51.61 8.83 4.81 421.58 13 38 1
280 24.57 34.83 42.89 435.17 24 45 1
281 61.92 55.02 44.83 313.60 21 37 1
282 87.17 84.60 20.06 77.18 16 32 2
283 58.11 50.50 29.95 312.20 11 40 1
284 22.00 6.17 6.62 414.83 17 38 2
285 30.50 24.30 14.09 262.63 5 46 2
286 33.58 3.48 29.27 435.17 7 16 2
287 36.37 72.45 0.86 82.05 16 40 1
288 37.20 4.30 15.62 347.17 16 32 1
289 38.88 54.56 14.11 492.72 8 19 2
290 86.11 72.40 26.34 443.23 14 39 2
291 76.05 40.77 0.52 394.88 6 42 2
292 31.39 14.94 20.53 140.81 14 35 2
293 26.67 0.09 21.94 192.91 5 9 1
294 20.45 54.54 38.66 283.04 7 45 1
295 26.25 32.54 5.41 361.21 17 34 1
296 61.42 93.87 12.61 476.48 19 39 2
297 42.16 5.58 5.79 374.84 13 40 1
298 19.83 62.05 18.47 497.99 24 26 1
299 3.10 43.63 38.89 104.68 20 35 1
300 7.42 43.72 42.58 394.10 12 14 2
1 156.40 4568.09 1
2 148.90 4544.81 2
1 1.45 30.52 2
2 1.36 39.34 1
3 1.07 39.58 1
4 1.70 48.11 1
