Data for Vehicle routing problem with drones - Author: Huyen Do Thi Ngoc
Number of depots: 1
Number of cities: 400
Number of trucks: 5
Number of drones: 12
Area: 100 100 50
Customer maximum demand: 500
Max capacity of truck: 200
Max energy of truck: 5000
Max capacity of drone: 2
Max energy of drone: 50
1 83.68 81.44 29.56
1 16.61 9.78 29.66 429.97 13 30 1
2 87.18 72.10 0.60 392.02 11 33 1
3 13.23 33.90 14.16 110.45 5 22 1
4 87.83 24.59 32.04 387.95 13 27 1
5 9.97 59.96 44.57 113.19 21 31 1
6 81.22 39.84 2.50 156.60 13 29 1
7 12.06 87.59 15.19 268.91 23 24 1
8 73.62 33.37 12.07 373.38 20 29 1
9 59.63 88.52 20.40 132.60 0 23 1
10 52.00 82.76 7.83 168.05 24 47 1
11 96.21 8.25 16.15 75.01 9 20 1
12 18.12 80.89 21.29 181.16 17 44 1
13 34.85 37.84 42.63 167.40 1 24 1
14 85.71 29.83 28.11 262.86 6 44 1
15 42.03 41.42 24.67 359.99 2 17 1
16 1.61 75.46 16.66 458.15 1 33 1
17 94.94 70.81 7.30 412.94 15 41 1
18 77.97 8.63 0.96 401.58 16 48 1
19 24.77 44.24 44.55 315.34 20 38 1
20 71.36 64.98 16.29 387.79 3 15 1
21 0.76 32.57 14.92 444.21 15 20 1
22 60.13 8.07 13.36 185.27 11 40 1
23 1.37 62.71 21.77 88.84 3 14 1
24 48.34 97.21 40.24 64.51 10 39 1
25 11.14 11.79 38.21 379.09 10 44 1
26 3.41 79.57 17.77 123.74 18 46 1
27 40.07 59.88 37.66 314.49 19 28 1
28 39.01 49.70 6.45 222.33 11 35 1
29 60.23 6.50 32.55 338.21 19 47 1
30 56.70 99.85 7.23 249.59 13 13 1
31 6.05 92.98 3.46 175.54 24 46 1
32 42.75 1.99 11.88 230.64 6 45 1
33 81.15 61.44 14.04 131.36 19 44 1
34 96.20 65.69 21.22 121.54 17 42 1
35 0.37 78.46 36.84 270.97 7 19 1
36 31.87 83.39 29.83 361.07 23 38 1
37 38.17 52.12 8.07 53.77 5 43 1
38 58.90 58.74 11.79 431.84 10 17 1
39 99.31 57.84 16.23 153.33 11 18 1
40 90.22 49.13 4.70 461.08 9 16 1
41 94.22 18.01 40.91 191.27 1 8 1
42 33.13 78.09 20.14 376.99 20 43 1
43 65.20 12.88 42.18 210.65 21 24 1
44 44.72 10.65 26.73 154.82 6 32 1
45 24.02 83.58 11.62 98.16 1 32 1
46 76.61 4.89 17.69 86.65 2 42 1
47 51.89 21.00 6.36 381.24 11 13 1
48 46.64 76.46 26.41 129.05 5 10 1
49 26.37 97.72 49.06 246.47 17 27 1
50 30.47 43.75 5.44 367.22 24 38 1
51 49.61 10.54 6.52 337.24 24 25 1
52 66.58 68.36 43.76 384.85 3 12 1
53 80.91 66.99 22.61 163.67 1 33 1
54 32.63 43.76 2.20 331.68 7 13 1
55 44.13 13.58 2.98 215.71 0 32 1
56 12.57 41.17 24.50 136.38 16 24 1
57 59.63 65.62 38.63 67.29 1 1 1
58 84.02 23.01 13.69 459.13 0 29 1
59 71.56 31.81 23.60 301.84 23 41 1
60 4.48 11.84 15.85 289.97 18 25 1
61 8.17 50.59 27.45 342.41 24 38 1
62 80.45 67.85 13.78 302.74 18 18 1
63 32.86 49.79 40.48 386.97 16 35 1
64 14.16 78.82 45.83 210.72 4 42 1
65 62.47 40.89 27.44 406.75 11 45 1
66 13.64 24.31 22.66 175.08 13 16 1
67 55.99 88.29 10.38 472.87 3 12 1
68 59.00 95.62 39.42 466.94 8 36 1
69 27.28 92.77 37.86 472.56 15 48 1
70 8.56 35.73 27.48 147.04 11 40 1
71 27.58 2.05 1.52 406.11 21 43 1
72 7.88 98.16 6.92 178.34 20 30 1
73 48.20 26.57 34.27 193.24 13 25 1
74 32.00 57.97 3.38 345.52 10 10 1
75 12.30 25.19 25.16 476.78 23 28 1
76 35.14 73.50 0.87 172.57 4 10 1
77 65.17 98.70 3.10 164.07 11 20 1
78 9.01 64.32 33.90 365.74 22 48 1
79 66.28 44.26 20.30 468.43 8 15 1
80 75.52 67.24 5.37 201.27 16 43 1
81 72.02 6.50 28.85 354.72 1 16 1
82 84.56 8.54 14.40 426.38 20 46 1
83 86.41 85.75 11.91 203.81 4 21 1
84 69.59 80.55 4.46 87.71 24 32 1
85 86.20 53.67 11.94 286.24 13 21 1
86 89.51 40.90 30.95 122.01 22 41 1
87 61.67 62.55 2.67 114.05 1 21 1
88 15.95 52.94 28.75 406.47 22 41 1
89 86.27 22.43 12.76 329.56 2 6 1
90 57.58 64.68 33.20 212.19 20 23 1
91 70.06 0.23 38.16 379.44 7 11 1
92 89.55 4.83 5.91 211.23 3 6 1
93 25.03 93.21 47.46 332.29 0 38 1
94 13.12 28.94 23.61 69.93 16 40 1
95 46.89 47.78 43.43 310.96 4 28 1
96 23.80 91.77 30.81 101.12 1 11 1
97 74.82 23.31 36.65 363.96 0 25 1
98 85.40 9.29 16.06 312.72 13 38 1
99 16.20 16.15 39.18 88.85 23 26 1
100 88.78 88.85 6.11 466.10 10 20 1
101 48.51 39.24 6.88 485.50 12 19 1
102 39.60 82.69 15.34 228.98 20 43 1
103 17.30 5.27 6.40 417.22 8 31 1
104 99.65 57.77 27.23 410.28 17 43 1
105 93.11 26.47 7.90 310.98 12 42 1
106 50.87 92.80 41.40 408.24 1 45 1
107 28.00 97.66 13.89 488.17 4 35 1
108 57.04 3.85 6.06 182.14 3 13 1
109 54.76 91.10 19.10 333.94 24 45 1
110 15.60 96.41 43.13 262.16 5 6 1
111 21.10 79.09 36.15 145.24 8 36 1
112 50.35 63.60 11.11 439.01 19 35 1
113 97.17 86.54 5.96 359.95 14 22 1
114 58.20 74.10 36.33 320.15 7 46 1
115 96.42 27.91 43.37 222.71 0 13 1
116 47.28 89.72 9.52 199.20 3 37 1
117 70.42 26.34 7.54 232.65 1 26 1
118 29.82 83.73 41.11 424.99 20 38 1
119 45.41 4.52 44.58 127.08 5 27 1
120 28.79 58.90 4.17 470.79 7 30 1
121 44.59 98.55 22.88 442.98 12 32 1
122 63.56 20.00 5.47 113.04 1 30 1
123 55.64 73.46 24.39 214.61 4 4 1
124 14.26 75.00 12.00 370.79 5 42 1
125 28.05 52.55 26.10 322.14 4 4 1
126 59.78 68.42 4.41 193.89 6 24 1
127 42.55 28.13 34.17 201.90 3 9 1
128 94.54 46.27 36.53 451.50 22 23 1
129 44.27 92.60 31.25 357.57 13 45 1
130 84.87 75.16 13.11 215.37 1 24 1
131 74.86 33.88 24.36 83.63 4 6 1
132 1.60 84.54 22.35 334.36 2 16 1
133 19.10 37.39 23.75 379.21 20 38 1
134 42.36 1.68 41.90 446.23 22 34 1
135 89.19 7.46 10.79 390.77 17 25 1
136 39.51 65.32 40.02 68.44 18 33 1
137 69.63 13.52 39.05 346.36 7 41 1
138 42.51 95.26 26.46 429.07 15 17 1
139 55.94 73.93 15.91 136.48 8 37 1
140 88.89 55.75 39.68 170.39 17 44 1
141 60.09 83.18 28.36 103.43 16 46 1
142 67.28 78.54 29.93 172.83 15 22 1
143 10.15 46.21 14.41 101.46 3 5 1
144 83.28 57.20 40.36 498.95 8 37 1
145 38.70 66.81 40.95 275.38 9 28 1
146 11.22 10.67 29.44 305.02 22 28 1
147 53.55 93.80 1.85 69.60 15 45 1
148 57.19 15.59 42.26 203.62 16 32 1
149 58.40 13.44 26.07 494.05 10 24 1
150 58.41 29.79 36.36 484.70 4 12 1
151 64.10 11.31 34.90 178.07 4 25 1
152 29.94 43.82 29.44 335.37 16 25 1
153 95.85 39.75 49.41 257.76 21 34 1
154 8.62 94.59 29.98 356.27 4 36 1
155 94.89 52.27 19.52 268.36 4 13 1
156 16.96 58.45 21.25 319.06 17 45 1
157 38.15 52.90 10.31 95.14 12 17 1
158 4.45 22.14 14.06 388.88 6 34 1
159 53.99 48.29 48.17 366.96 19 47 1
160 51.95 88.59 29.55 137.64 7 23 1
161 5.82 91.65 15.09 481.56 7 11 1
162 40.25 78.04 16.65 417.65 8 27 1
163 38.51 15.05 12.41 94.89 6 38 1
164 83.79 74.09 44.40 404.08 24 30 1
165 32.94 70.57 11.24 437.36 21 45 1
166 18.45 8.62 25.94 141.90 4 41 1
167 66.51 94.68 41.05 162.38 20 30 1
168 40.33 28.75 31.26 61.23 7 12 1
169 63.07 32.84 34.71 449.14 16 26 1
170 46.80 29.03 5.13 435.42 2 48 1
171 18.79 4.66 9.31 497.18 11 19 1
172 53.13 36.38 19.10 255.33 17 27 1
173 94.02 30.62 42.77 481.81 1 45 1
174 68.78 59.54 25.92 68.13 12 40 1
175 12.30 72.40 3.99 329.99 15 22 1
176 83.59 76.86 36.06 383.61 22 35 1
177 86.43 9.49 49.33 141.19 6 23 1
178 62.27 85.72 45.93 50.49 2 39 1
179 65.38 94.98 30.28 246.35 1 41 1
180 21.20 20.51 41.39 424.09 20 27 1
181 41.54 19.90 44.38 109.73 21 24 1
182 11.85 55.39 44.84 228.17 6 48 1
183 24.15 52.16 13.72 358.74 4 9 1
184 20.02 81.02 47.49 402.76 13 22 1
185 71.62 2.14 17.08 462.41 24 43 1
186 2.03 4.26 28.51 313.65 24 31 1
187 48.31 28.01 16.30 417.56 5 43 1
188 69.70 71.18 2.21 405.00 3 45 1
189 36.25 83.42 30.02 93.32 9 13 1
190 93.04 15.03 5.06 252.89 18 27 1
191 36.87 16.41 25.98 180.15 16 46 1
192 4.28 7.52 48.66 92.27 2 2 1
193 15.30 91.54 8.44 275.49 10 19 1
194 54.78 62.41 26.76 82.10 20 32 1
195 96.00 47.03 45.29 228.03 14 27 1
196 19.06 68.63 15.96 383.53 17 27 1
197 48.45 41.63 31.45 372.79 23 32 1
198 49.53 26.91 32.24 118.44 6 9 1
199 77.33 35.48 15.91 82.56 12 24 1
200 55.06 14.05 30.96 300.25 20 33 1
201 75.06 51.69 46.65 133.19 5 14 1
202 13.26 65.27 40.12 310.00 16 41 1
203 64.62 22.21 47.48 286.23 2 2 1
204 18.97 21.99 13.42 155.39 18 28 1
205 62.86 54.33 39.57 261.64 23 46 1
206 76.10 89.33 34.93 341.40 19 44 1
207 93.33 97.97 46.43 120.16 19 36 1
208 62.16 47.46 33.99 383.56 23 47 1
209 42.29 60.30 25.45 350.79 0 8 1
210 68.48 14.61 29.49 283.91 18 45 1
211 67.23 23.14 26.83 421.45 0 4 1
212 44.44 26.02 7.82 444.96 6 44 1
213 65.19 17.17 34.55 72.68 15 34 1
214 92.69 21.58 20.80 145.72 12 26 1
215 28.00 98.36 16.73 376.93 9 42 1
216 52.78 3.34 16.30 84.57 18 19 1
217 83.25 0.71 0.15 88.32 3 41 1
218 32.84 97.80 0.06 61.71 6 23 1
219 41.07 97.10 15.31 234.94 24 39 1
220 21.45 51.73 10.30 466.61 2 31 1
221 95.83 1.46 22.48 86.75 4 21 1
222 77.47 94.86 14.41 393.26 9 18 1
223 45.44 8.04 39.86 138.46 0 38 1
224 14.14 19.04 9.99 271.90 15 18 1
225 82.56 65.46 26.15 232.98 6 47 1
226 34.84 89.87 46.55 335.99 12 19 1
227 1.13 93.94 5.46 238.37 24 36 1
228 96.20 89.68 11.95 69.44 17 38 1
229 54.20 5.06 10.06 168.68 10 14 1
230 34.87 97.99 21.62 278.04 13 39 1
231 95.39 16.11 30.41 93.12 5 5 1
232 32.02 29.18 41.37 129.14 6 31 1
233 72.95 87.88 29.98 368.92 0 33 1
234 77.48 30.25 29.13 360.63 17 22 1
235 55.31 47.43 37.35 95.05 16 19 1
236 5.09 68.61 2.61 262.48 11 39 1
237 97.44 29.36 4.82 297.34 0 9 1
238 86.74 63.82 42.37 160.97 18 29 1
239 22.88 29.87 5.04 489.39 5 47 1
240 23.49 96.35 30.92 432.71 15 20 1
241 89.73 9.95 21.96 104.05 24 25 1
242 51.56 33.95 11.93 456.31 18 43 1
243 92.64 11.69 18.31 226.80 20 47 1
244 0.25 52.77 49.61 467.96 8 31 1
245 87.05 38.37 45.52 97.51 7 10 1
246 20.01 21.00 6.33 109.67 1 7 1
247 1.78 91.80 29.45 364.76 15 24 1
248 3.19 69.17 48.95 330.84 7 18 1
249 39.14 60.34 33.10 433.10 11 25 1
250 25.82 86.07 45.46 463.15 10 28 1
251 75.81 6.14 42.64 277.21 18 24 1
252 83.77 19.46 25.09 223.57 23 27 1
253 90.23 5.94 43.83 357.56 8 28 1
254 26.56 77.53 10.64 100.12 1 45 1
255 59.24 62.19 45.28 142.59 11 15 1
256 61.46 7.53 40.00 117.58 15 29 1
257 60.67 63.59 12.25 325.39 8 48 1
258 97.36 35.43 31.27 96.00 5 25 1
259 89.43 41.53 25.66 348.25 14 35 1
260 18.39 23.04 6.98 169.58 18 25 1
261 78.20 14.37 23.68 210.21 0 41 1
262 20.61 61.28 10.19 122.81 6 48 1
263 42.50 27.27 10.64 351.91 15 34 1
264 34.63 73.01 29.11 408.45 8 21 1
265 70.56 72.89 47.89 419.52 12 40 1
266 73.60 69.33 41.44 120.31 11 34 1
267 6.99 97.60 13.93 308.51 18 24 1
268 24.60 30.70 38.82 355.63 10 36 1
269 73.32 6.58 18.93 357.26 24 34 1
270 82.78 97.15 28.08 298.70 18 42 1
271 56.34 85.34 49.20 464.73 19 39 1
272 96.51 88.44 11.55 120.61 24 27 1
273 98.48 20.04 2.91 411.89 6 32 1
274 53.45 95.45 49.99 356.46 8 27 1
275 15.52 41.87 18.51 61.25 19 24 1
276 80.40 54.24 13.09 312.34 2 47 1
277 32.02 82.44 34.64 488.81 11 34 1
278 47.16 87.95 6.82 329.32 7 11 1
279 73.71 39.55 5.23 323.56 22 34 1
280 9.44 86.57 2.58 212.99 8 34 1
281 30.91 92.56 24.51 189.07 1 31 1
282 4.91 30.46 18.57 349.94 21 24 1
283 17.06 67.41 7.03 255.72 23 23 1
284 43.10 79.12 44.24 420.16 20 29 1
285 62.21 48.85 49.56 360.60 8 44 1
286 63.61 87.21 2.30 165.31 22 44 1
287 21.91 25.40 6.03 118.08 12 35 1
288 64.20 89.58 44.62 165.28 16 27 1
289 3.87 87.51 37.00 375.02 17 17 1
290 19.01 88.89 25.78 280.13 11 46 1
291 46.81 35.71 9.69 355.79 20 34 1
292 22.01 92.60 29.46 291.41 22 26 1
293 52.41 52.57 15.30 228.47 15 48 1
294 42.87 27.87 22.95 351.09 13 48 1
295 0.13 27.52 11.34 177.15 23 25 1
296 2.49 58.83 23.07 53.18 3 36 1
297 41.87 83.71 24.16 53.19 6 30 1
298 8.86 73.37 36.28 268.88 19 20 1
299 33.26 85.37 23.44 232.26 16 33 1
300 67.86 9.87 8.92 291.52 8 11 1
301 20.57 94.62 7.08 358.70 4 16 1
302 53.44 51.84 20.04 97.84 8 43 1
303 74.60 80.89 35.38 127.10 23 43 1
304 20.20 24.50 37.35 151.25 11 40 1
305 53.10 23.11 42.00 491.52 22 45 1
306 27.96 55.73 27.57 482.99 11 43 1
307 33.51 91.39 30.97 490.21 22 35 1
308 76.01 69.42 2.74 244.07 12 47 1
309 59.40 87.31 21.62 433.85 8 18 1
310 65.68 22.81 37.63 242.69 3 41 1
311 18.08 25.48 12.52 255.88 16 45 1
312 52.09 22.32 5.01 402.92 16 47 1
313 2.41 51.36 28.32 219.10 18 25 1
314 38.98 42.90 16.11 268.51 20 27 1
315 10.53 47.51 33.03 420.24 23 40 1
316 8.19 65.50 7.11 361.52 11 30 1
317 13.63 71.27 24.52 468.36 19 34 1
318 62.78 44.42 28.25 459.98 12 17 1
319 17.25 9.30 7.05 263.79 14 41 1
320 6.07 77.11 29.65 195.26 14 32 1
321 45.85 11.28 36.44 418.76 11 15 1
322 97.23 23.50 42.02 307.48 20 34 1
323 74.09 16.15 46.51 209.72 20 46 1
324 40.05 12.90 30.03 226.80 24 47 1
325 71.29 72.17 2.75 313.03 2 20 1
326 33.58 80.33 46.74 409.59 12 40 1
327 41.87 8.15 47.08 474.24 8 42 1
328 12.92 47.52 11.65 350.81 17 36 1
329 11.69 28.35 23.10 212.61 2 3 1
330 48.35 18.88 9.81 212.20 21 33 1
331 27.10 11.02 40.13 75.03 23 23 1
332 73.70 38.08 6.29 234.32 2 48 1
333 76.75 43.84 37.83 230.90 15 27 1
334 7.03 45.56 31.26 233.14 8 13 1
335 37.02 71.04 9.37 462.98 14 28 1
336 55.29 22.74 26.97 462.17 8 38 1
337 81.19 63.22 6.47 448.12 21 22 1
338 26.74 97.20 8.31 440.16 5 11 1
339 72.43 31.92 26.42 117.25 5 44 1
340 99.04 23.61 33.67 188.34 2 30 1
341 31.11 38.61 26.58 135.76 13 36 1
342 13.56 73.07 9.06 121.66 20 29 1
343 76.05 74.82 8.37 114.04 2 44 1
344 13.83 34.10 9.68 326.98 8 44 1
345 87.40 48.76 35.31 403.50 10 19 1
346 58.76 47.81 3.34 51.14 1 33 1
347 20.09 93.23 4.63 373.33 1 9 1
348 63.04 47.19 4.09 58.26 1 5 1
349 88.64 38.65 14.40 180.63 23 40 1
350 9.19 70.02 22.46 63.65 16 20 1
351 43.47 37.75 37.00 73.91 7 15 1
352 38.43 17.63 33.86 121.83 17 40 1
353 89.30 63.31 34.30 274.15 12 48 1
354 88.58 7.63 18.29 259.61 8 45 1
355 42.86 18.31 35.14 323.28 24 39 1
356 63.76 56.99 45.51 198.07 11 34 1
357 2.05 71.65 31.94 153.87 21 22 1
358 95.26 58.10 32.80 315.02 13 32 1
359 26.19 61.61 13.25 281.43 2 18 1
360 83.86 76.06 25.39 386.97 15 41 1
361 52.82 81.38 28.89 484.38 6 48 1
362 26.46 0.39 15.08 196.39 22 28 1
363 80.68 24.71 43.01 463.27 21 32 1
364 42.94 62.96 19.81 434.57 7 9 1
365 21.13 63.51 4.29 108.93 20 46 1
366 9.68 36.92 41.75 353.20 8 12 1
367 67.64 38.68 6.63 462.45 2 23 1
368 19.88 93.40 4.51 472.68 11 22 1
369 65.21 38.11 39.38 364.86 17 32 1
370 0.50 88.59 34.40 78.18 22 46 1
371 56.05 94.52 47.14 119.78 15 45 1
372 25.92 73.24 15.84 312.20 13 20 1
373 16.84 0.34 48.42 110.40 12 19 1
374 52.06 3.65 8.35 112.07 0 29 1
375 65.72 64.97 4.63 372.99 20 24 1
376 9.36 16.69 9.40 76.92 23 42 1
377 89.14 45.68 39.15 366.94 7 38 1
378 50.26 93.72 10.12 190.73 8 29 1
379 70.27 35.83 7.06 427.19 20 23 1
380 97.22 0.33 18.04 205.56 24 37 1
381 31.09 30.88 29.07 478.00 8 40 1
382 11.49 94.79 3.29 281.40 15 46 1
383 74.94 1.04 29.70 158.73 16 20 1
384 43.61 59.53 37.79 475.42 12 17 1
385 38.20 19.78 0.36 82.91 5 30 1
386 42.85 46.59 35.82 129.45 1 40 1
387 4.26 79.94 48.78 466.69 11 41 1
388 88.29 52.14 21.73 68.95 10 43 1
389 11.52 10.22 22.15 431.12 9 9 1
390 85.76 18.00 10.01 134.29 17 34 1
391 53.96 13.80 30.29 467.24 17 23 1
392 34.02 27.56 17.92 186.63 5 19 1
393 17.02 89.86 25.50 88.08 0 13 1
394 1.36 81.79 21.97 58.60 6 21 1
395 82.63 11.46 14.85 360.14 4 21 1
396 88.55 35.20 23.29 377.76 24 30 1
397 58.70 17.77 30.68 496.83 22 48 1
398 50.16 68.30 24.07 202.48 6 6 1
399 70.18 82.56 21.66 222.95 8 30 1
400 3.46 72.47 1.43 70.63 2 34 1
1 147.78 3885.80 1
2 177.32 3039.91 1
3 136.18 2544.20 1
4 108.14 3847.57 1
5 129.89 3157.22 1
1 1.22 31.50 2
2 1.89 46.88 2
3 1.24 33.89 2
4 1.43 31.20 2
5 1.71 38.50 2
6 1.98 40.84 5
7 1.96 27.21 2
8 1.12 26.94 1
9 1.06 42.88 3
10 1.89 40.44 3
11 1.87 48.19 1
12 1.38 30.11 1
