Data for Vehicle routing problem with drones - Author: Huyen Do Thi Ngoc
Number of depots: 4
Number of cities: 200
Number of trucks: 5
Number of drones: 10
Area: 100 100 50
Customer maximum demand: 500
Max capacity of truck: 200
Max energy of truck: 5000
Max capacity of drone: 2
Max energy of drone: 50
1 7.86 24.02 5.33
2 45.49 60.28 45.09
3 35.86 14.86 16.10
4 50.62 14.11 40.71
1 16.40 62.40 46.02 152.59 3 45 2
2 25.64 80.29 33.90 236.10 1 47 3
3 92.65 53.38 15.44 72.54 16 30 4
4 53.87 78.27 10.14 250.94 8 10 4
5 17.94 69.32 41.48 465.85 19 44 2
6 49.19 10.08 37.40 212.00 9 38 3
7 26.80 34.67 28.34 182.07 1 22 3
8 63.20 82.19 24.25 383.97 10 21 1
9 5.41 88.57 3.21 90.11 6 7 4
10 94.81 37.41 5.25 413.71 5 45 4
11 9.08 0.85 48.72 334.49 7 48 2
12 68.50 25.45 5.60 268.68 22 22 1
13 91.48 25.81 22.67 230.68 11 26 4
14 50.87 28.39 25.06 380.53 16 21 3
15 59.13 13.44 44.52 168.39 18 38 2
16 76.05 66.64 49.93 159.58 11 30 1
17 25.44 50.59 20.17 204.96 6 26 2
18 84.70 93.94 7.37 61.41 21 22 1
19 92.14 40.81 38.73 165.73 21 29 4
20 39.63 10.00 8.56 387.12 11 46 2
21 71.18 22.60 20.49 266.78 1 45 1
22 2.42 65.77 43.20 213.66 16 41 3
23 14.21 96.38 28.45 404.49 20 35 2
24 13.90 21.40 37.15 492.62 4 44 3
25 22.70 48.04 28.26 337.00 10 20 3
26 3.49 72.61 9.85 285.47 4 46 2
27 67.39 64.59 2.33 365.31 7 32 1
28 29.11 58.98 25.93 340.63 18 35 3
29 51.86 87.39 18.90 51.01 15 22 1
30 54.05 60.37 0.03 460.44 20 41 2
31 18.33 58.50 5.62 305.63 8 13 4
32 38.33 6.01 11.71 159.24 22 22 2
33 49.88 32.10 29.73 131.89 21 48 2
34 30.13 67.90 4.16 237.70 2 14 3
35 33.46 10.31 11.20 188.45 23 35 3
36 38.17 69.47 6.53 86.64 22 48 4
37 31.98 91.49 11.52 304.53 9 43 1
38 43.59 41.01 28.85 77.67 2 6 4
39 55.19 64.69 48.95 460.43 8 47 3
40 41.91 5.42 16.63 235.53 13 43 1
41 96.16 11.62 35.99 151.37 2 2 3
42 86.78 51.72 29.70 92.87 6 21 1
43 22.13 9.46 43.86 91.11 8 17 2
44 26.52 87.98 23.00 258.36 12 47 2
45 25.65 43.10 0.07 63.23 4 25 1
46 59.49 15.89 42.83 498.01 11 47 3
47 37.44 47.54 16.53 258.64 21 44 1
48 70.24 29.87 13.46 433.37 0 11 4
49 65.22 53.10 14.82 147.59 12 21 2
50 60.46 29.63 6.05 487.62 16 22 1
51 57.16 1.04 30.07 336.94 14 41 4
52 56.99 72.45 11.65 368.32 1 21 3
53 34.69 24.14 31.28 423.42 3 23 3
54 33.05 53.37 28.30 492.40 3 40 2
55 3.56 53.04 28.82 244.01 23 42 1
56 87.47 70.42 17.94 112.72 17 42 1
57 65.41 84.62 15.08 248.53 10 40 4
58 11.94 56.79 21.52 158.76 12 46 1
59 24.34 52.37 42.05 230.28 9 32 2
60 22.07 33.99 8.85 89.46 14 39 2
61 9.11 90.50 19.19 384.82 12 39 1
62 91.14 77.84 29.33 268.88 14 23 1
63 49.18 73.88 29.22 395.41 23 30 4
64 1.87 6.85 27.85 233.35 4 31 4
65 30.19 29.28 38.76 139.06 9 20 4
66 37.10 28.26 3.49 341.18 1 30 4
67 15.01 19.28 38.48 332.98 14 41 3
68 27.91 8.26 23.52 348.43 0 33 2
69 34.54 16.98 32.58 99.02 0 31 4
70 21.68 76.99 5.97 476.69 16 39 4
71 84.92 2.14 25.36 146.59 9 24 1
72 13.53 91.31 5.28 223.70 6 6 1
73 10.60 86.14 45.26 239.53 11 39 3
74 82.32 43.17 11.76 212.18 2 13 1
75 89.86 73.62 27.87 332.12 19 24 3
76 55.32 45.23 25.36 277.12 20 45 4
77 43.80 48.80 31.75 461.50 3 17 3
78 91.29 67.64 43.16 430.76 8 23 1
79 92.76 52.55 0.35 268.68 3 10 3
80 91.41 27.95 7.43 478.21 1 11 2
81 52.21 52.03 25.34 200.78 6 26 2
82 57.19 58.37 49.58 423.02 21 38 2
83 12.90 37.93 38.16 315.33 20 24 3
84 64.37 42.92 32.95 283.84 24 42 4
85 97.03 10.16 32.90 172.16 14 24 2
86 87.07 17.23 13.24 333.33 16 19 1
87 89.77 47.72 39.95 290.69 4 47 1
88 99.93 65.54 9.98 87.92 22 31 4
89 76.87 18.95 45.30 329.63 15 41 4
90 9.98 83.03 22.25 344.26 6 13 3
91 54.51 46.25 29.77 53.46 22 36 1
92 38.04 55.86 45.42 71.46 22 22 2
93 94.74 12.31 8.46 433.30 14 48 3
94 59.17 9.83 38.96 301.83 14 29 3
95 70.92 74.14 7.44 420.56 3 21 3
96 92.70 49.63 7.38 99.66 0 23 2
97 3.32 81.82 49.80 346.96 2 46 4
98 80.37 36.27 29.30 67.46 4 47 3
99 43.88 95.39 2.25 370.94 2 22 2
100 80.11 25.44 31.32 254.56 23 28 4
101 85.02 26.51 48.81 444.47 0 7 4
102 95.22 74.02 11.57 108.05 17 24 4
103 15.21 54.81 5.09 232.96 7 24 3
104 99.14 15.79 42.32 464.02 2 33 4
105 17.36 87.38 34.45 166.98 16 32 3
106 96.85 87.03 7.36 256.40 10 12 2
107 39.33 32.42 19.58 92.45 3 7 3
108 79.79 46.05 13.68 185.13 13 13 1
109 99.59 75.18 25.82 90.34 6 14 2
110 8.30 12.43 19.67 402.96 1 5 1
111 71.48 94.96 9.76 315.95 15 34 3
112 36.11 31.89 12.11 296.53 3 22 2
113 21.69 11.32 1.72 100.93 2 9 4
114 50.85 15.54 7.52 335.06 1 27 2
115 62.78 51.60 3.16 430.08 17 38 1
116 41.14 61.22 20.97 175.69 4 7 3
117 7.35 21.99 5.06 64.86 17 42 1
118 5.29 34.01 34.93 233.43 7 11 4
119 7.60 3.87 13.02 498.88 11 16 1
120 11.16 53.18 37.87 193.62 24 42 4
121 20.18 30.92 29.91 390.44 13 38 1
122 5.42 51.26 12.87 105.17 8 28 4
123 27.20 65.46 20.95 136.25 9 36 2
124 41.41 62.41 28.07 311.21 14 30 2
125 46.05 18.22 22.00 215.37 6 9 4
126 91.61 57.96 40.58 486.46 24 41 3
127 21.15 55.18 1.00 96.11 9 39 4
128 32.83 60.45 41.65 278.83 10 18 4
129 38.05 64.43 40.76 395.56 8 27 1
130 46.96 29.20 9.43 295.76 2 41 1
131 67.98 50.00 31.42 415.47 23 38 1
132 37.38 13.53 41.66 137.89 12 44 4
133 33.08 45.56 13.50 318.48 7 35 1
134 19.02 36.50 21.72 413.61 3 3 2
135 46.81 47.75 35.29 93.84 5 35 3
136 12.41 7.98 32.34 318.89 23 35 1
137 72.62 28.98 25.07 165.52 21 30 2
138 87.19 85.65 15.93 485.33 12 46 1
139 29.14 85.58 32.85 280.82 19 22 4
140 35.54 23.73 27.14 421.36 1 5 3
141 40.78 25.07 0.87 258.41 1 3 2
142 26.25 9.19 13.64 401.71 2 43 1
143 53.40 91.82 8.18 276.00 14 24 1
144 71.90 41.85 36.33 225.20 1 22 2
145 36.03 3.47 2.18 431.60 8 46 1
146 41.31 54.12 42.38 120.31 21 28 3
147 51.61 63.64 20.10 88.56 20 46 2
148 40.47 68.76 28.80 393.22 16 22 3
149 48.94 53.33 29.03 358.22 1 8 3
150 52.49 78.15 8.72 200.87 6 15 1
151 92.10 10.71 43.65 65.63 15 48 1
152 60.91 95.63 35.27 484.48 6 18 1
153 59.82 40.72 19.03 108.43 22 31 3
154 3.91 99.00 9.12 472.01 9 10 3
155 95.05 87.65 7.05 85.07 7 22 2
156 99.27 45.15 41.22 151.87 18 38 1
157 25.31 40.00 45.77 197.58 11 31 4
158 38.99 44.80 20.29 225.18 21 48 1
159 32.26 99.70 26.94 205.10 5 8 2
160 99.13 71.20 46.56 229.79 10 43 3
161 32.86 51.68 16.37 71.20 1 18 1
162 5.16 5.91 14.92 456.84 12 33 3
163 76.65 77.76 43.72 478.96 24 45 2
164 22.84 10.28 12.36 377.30 15 30 1
165 12.73 31.07 25.82 169.28 19 41 3
166 88.08 4.36 14.44 492.05 18 18 1
167 16.37 98.24 27.01 224.08 17 21 3
168 30.38 59.57 43.94 464.76 7 10 3
169 79.53 86.15 24.50 120.36 8 42 3
170 18.93 41.76 2.74 489.03 4 34 3
171 36.60 59.66 36.19 52.67 12 34 4
172 87.71 19.08 14.36 440.03 16 25 1
173 41.26 85.77 13.93 342.31 9 15 4
174 81.52 19.95 33.60 488.62 10 12 3
175 44.56 77.32 12.23 77.34 8 21 3
176 78.10 51.20 35.95 99.93 14 16 4
177 78.11 9.38 27.86 357.17 10 18 3
178 36.85 0.37 1.19 261.21 3 46 3
179 21.72 26.29 39.34 324.23 14 48 3
180 37.43 42.01 27.16 425.65 21 48 4
181 68.23 70.54 20.74 165.19 14 30 2
182 57.78 45.89 46.88 475.80 21 46 4
183 90.68 67.32 3.22 416.95 7 30 2
184 5.03 60.71 7.05 340.71 13 34 1
185 85.36 36.66 36.63 164.26 8 47 3
186 63.41 2.61 46.73 89.52 13 33 4
187 16.37 38.35 15.93 106.33 12 12 4
188 82.14 69.88 34.36 427.90 20 35 3
189 71.08 68.34 10.29 140.93 20 36 2
190 36.17 96.74 45.47 426.40 8 44 1
191 6.62 67.55 44.22 425.06 20 48 2
192 40.89 93.14 9.21 329.83 19 40 4
193 21.40 15.25 5.51 227.72 10 14 4
194 28.76 82.71 12.07 455.34 6 37 3
195 29.44 38.29 45.29 397.18 22 23 1
196 68.81 74.27 9.48 303.63 2 32 2
197 46.36 88.83 8.72 477.20 1 37 4
198 49.22 45.68 10.89 270.77 4 8 1
199 99.46 54.87 6.19 85.91 5 46 3
200 1.81 51.79 26.48 155.86 17 25 1
1 152.95 3091.49 1
2 156.63 4709.58 2
3 192.75 4554.95 3
4 192.01 2638.09 4
5 191.14 4575.89 2
1 1.10 43.05 4
2 1.44 35.22 3
3 1.37 45.59 2
4 1.53 29.84 1
5 1.66 49.52 4
6 1.39 41.55 4
7 1.17 42.10 2
8 1.40 32.61 1
9 1.62 43.53 1
10 1.29 37.12 4
