Data for Vehicle routing problem with drones - Author: Huyen Do Thi Ngoc
Number of depots: 5
Number of cities: 300
Number of trucks: 7
Number of drones: 17
Area: 100 100 50
Customer maximum demand: 500
Max capacity of truck: 200
Max energy of truck: 5000
Max capacity of drone: 2
Max energy of drone: 50
1 70.78 47.27 3.29
2 25.69 34.39 11.59
3 84.82 45.32 32.00
4 52.64 13.11 26.92
5 84.80 89.31 0.08
1 52.63 23.18 31.87 300.09 6 22 3
2 36.48 42.37 25.94 433.64 11 22 1
3 46.28 91.66 6.94 286.63 10 28 2
4 70.90 2.48 21.46 192.14 1 4 3
5 92.98 59.01 2.42 495.63 6 25 2
6 12.01 44.35 4.79 362.65 20 41 2
7 24.82 29.23 31.65 495.61 5 15 4
8 45.64 50.50 32.90 212.63 9 18 1
9 13.70 83.56 26.29 97.51 14 38 2
10 82.20 19.83 43.24 66.02 14 46 3
11 2.50 8.53 43.61 339.52 3 16 4
12 89.79 11.73 1.40 244.62 23 46 1
13 26.99 20.64 16.64 496.30 1 40 1
14 93.97 89.39 21.44 66.52 6 34 5
15 51.94 31.28 38.61 254.69 5 39 5
16 73.70 39.38 19.11 224.89 20 28 4
17 76.76 51.49 48.05 52.53 2 29 2
18 27.69 39.38 16.65 242.75 13 43 1
19 55.14 61.97 31.84 399.61 4 27 1
20 40.30 98.61 48.02 257.75 1 46 2
21 1.73 43.19 12.19 295.25 23 23 4
22 57.86 11.96 27.68 67.60 24 43 4
23 15.22 35.22 32.23 295.84 22 37 3
24 72.43 61.81 18.99 413.88 0 29 5
25 72.94 11.47 21.38 251.34 8 34 3
26 68.85 39.10 1.40 171.33 1 48 3
27 26.84 28.94 41.89 149.39 24 44 3
28 82.65 50.75 4.79 280.42 17 19 5
29 93.17 78.67 6.28 249.71 1 6 3
30 34.49 93.39 34.13 297.52 24 27 5
31 26.12 23.91 47.27 135.83 13 34 4
32 22.88 10.77 49.82 91.58 0 16 3
33 9.89 76.28 18.50 157.38 12 47 5
34 41.75 60.57 11.98 58.70 9 14 5
35 72.41 25.87 15.64 380.16 20 36 2
36 50.68 5.78 45.55 444.11 7 21 4
37 45.72 21.52 45.09 212.62 21 28 5
38 12.92 4.36 24.45 409.76 6 42 4
39 80.65 7.95 7.42 187.68 4 17 4
40 89.77 55.17 45.59 337.50 14 37 4
41 82.11 37.90 3.35 147.11 8 26 5
42 47.70 36.79 16.99 276.91 16 16 1
43 42.50 56.19 16.13 498.79 20 32 3
44 65.16 5.96 49.23 193.61 20 38 2
45 48.46 33.21 27.14 467.60 22 25 3
46 15.46 39.51 48.41 190.11 1 7 3
47 81.16 3.55 34.95 177.05 4 34 3
48 19.76 29.89 20.37 114.38 2 22 2
49 8.43 81.42 47.91 414.30 5 31 3
50 95.87 81.76 18.54 448.97 8 17 4
51 97.98 37.82 28.39 98.57 2 40 5
52 73.36 64.81 28.99 402.94 6 20 5
53 46.27 88.41 22.01 170.92 17 21 5
54 18.31 71.37 27.82 387.93 4 39 1
55 0.95 95.62 14.57 467.05 17 44 3
56 62.84 79.22 8.79 226.41 10 44 3
57 66.49 43.11 32.48 212.60 6 33 3
58 2.78 34.90 0.41 296.58 7 32 4
59 3.26 20.74 20.52 439.17 14 27 2
60 64.60 14.81 10.33 453.12 21 47 2
61 70.46 50.42 9.22 90.83 18 33 5
62 64.57 67.75 48.59 402.51 22 23 4
63 31.46 6.21 5.51 111.60 11 13 2
64 15.66 23.83 15.69 312.94 8 27 1
65 36.81 29.27 2.29 480.32 22 45 2
66 60.01 46.98 33.63 418.22 1 23 4
67 17.96 98.38 11.23 193.87 23 40 1
68 72.95 95.94 3.26 299.29 24 31 2
69 93.32 82.71 34.98 147.09 11 18 1
70 34.67 7.99 46.17 211.95 5 17 2
71 7.96 95.32 10.31 232.51 22 24 4
72 46.97 62.06 10.07 463.41 21 42 2
73 8.27 55.12 11.92 296.81 10 44 2
74 77.46 62.52 49.69 135.02 20 37 1
75 63.83 20.32 8.16 253.76 7 38 3
76 86.58 7.24 0.74 245.51 13 21 3
77 79.29 25.35 25.83 55.52 5 40 1
78 15.78 6.50 17.65 267.94 14 40 3
79 11.83 5.54 14.82 247.84 14 42 3
80 21.92 88.39 44.35 197.84 23 42 2
81 64.10 80.29 8.74 412.01 11 17 2
82 68.19 44.51 24.28 155.86 23 39 4
83 90.00 90.96 25.46 272.66 22 32 4
84 95.92 79.79 6.14 64.88 18 35 1
85 63.83 58.66 2.85 489.23 6 28 5
86 34.86 59.69 36.17 477.42 0 6 2
87 3.21 21.85 12.64 460.98 18 18 2
88 81.12 34.01 6.81 237.95 15 38 1
89 79.72 18.91 40.92 217.55 16 18 4
90 62.32 45.17 25.06 207.41 9 27 3
91 17.24 4.15 48.80 132.29 19 43 1
92 79.29 30.29 23.33 127.04 14 42 4
93 72.11 44.19 32.66 271.76 7 41 5
94 96.15 54.51 42.35 145.55 3 44 5
95 96.38 9.79 4.01 138.54 1 25 5
96 4.97 4.66 8.39 229.69 17 44 3
97 53.62 13.11 39.32 436.54 20 34 1
98 35.32 47.45 25.08 446.19 12 37 3
99 11.74 87.65 35.86 444.14 19 29 5
100 61.78 81.07 3.76 196.16 2 7 1
101 34.74 16.38 42.38 190.05 8 25 4
102 48.04 95.93 42.28 124.28 8 47 4
103 35.50 26.96 1.42 442.88 1 44 4
104 99.73 44.12 23.98 398.31 5 9 4
105 46.41 85.77 41.80 241.13 3 47 4
106 23.31 48.85 45.74 461.62 3 11 1
107 71.27 80.44 13.71 178.53 14 37 3
108 5.40 62.69 26.70 341.33 21 39 5
109 91.31 18.63 26.71 236.67 1 22 1
110 65.66 8.65 24.46 303.08 14 36 1
111 72.05 82.60 27.54 126.93 20 35 3
112 48.54 50.62 19.39 111.21 20 40 4
113 35.21 22.06 34.61 195.31 4 23 5
114 74.99 36.04 34.04 334.15 9 23 3
115 81.57 68.34 13.45 306.43 2 47 1
116 74.23 7.92 18.88 179.89 0 23 1
117 9.51 54.57 20.57 117.31 19 44 2
118 59.31 64.52 10.53 275.84 2 24 3
119 27.36 78.14 22.14 57.52 4 29 4
120 85.54 0.41 38.97 180.34 1 31 3
121 92.31 88.47 23.93 317.92 12 42 4
122 49.01 88.90 27.95 265.49 1 1 4
123 81.07 3.80 4.17 315.85 20 41 1
124 73.97 65.77 4.72 50.30 0 34 1
125 57.11 54.53 20.62 102.62 1 42 4
126 15.20 75.53 46.35 494.42 13 18 3
127 26.28 59.62 4.29 139.47 2 20 1
128 8.04 81.45 41.23 69.07 8 38 1
129 85.61 63.79 32.05 55.73 4 18 1
130 89.92 84.79 14.57 461.96 2 44 5
131 65.60 50.69 23.24 486.32 4 5 1
132 66.98 68.64 20.58 164.27 7 32 3
133 10.44 41.29 39.49 284.06 17 46 5
134 42.38 16.36 36.98 325.37 4 18 3
135 28.42 39.25 42.54 51.77 15 17 4
136 21.10 91.11 20.63 203.76 23 43 4
137 98.75 52.30 36.71 228.83 22 37 3
138 72.72 63.08 45.18 387.28 13 34 3
139 70.84 24.39 37.37 401.63 4 43 3
140 48.41 41.10 29.09 200.29 22 37 5
141 53.99 65.42 49.75 260.47 0 17 2
142 57.54 59.65 48.50 477.75 24 26 3
143 86.81 44.09 7.71 418.30 0 4 2
144 84.58 6.97 20.60 489.50 3 39 4
145 52.27 72.40 38.63 327.09 7 31 4
146 20.91 99.70 38.41 324.91 22 29 1
147 31.25 33.16 19.45 476.50 18 31 4
148 41.34 60.24 12.50 221.93 8 10 4
149 75.20 62.42 5.76 366.94 19 20 5
150 41.15 32.04 18.71 59.26 9 44 5
151 95.93 1.78 1.87 478.04 18 45 3
152 55.22 17.91 25.35 139.24 5 44 3
153 59.00 77.72 20.48 367.90 13 40 5
154 99.34 32.01 22.63 448.60 3 8 5
155 94.98 22.00 5.82 177.77 2 29 1
156 0.29 32.62 37.06 410.54 3 44 1
157 45.22 31.38 5.98 308.15 20 35 5
158 70.66 66.63 6.55 66.28 24 46 2
159 68.26 51.10 16.80 184.86 16 20 2
160 55.42 13.78 47.06 230.51 23 36 3
161 41.37 19.98 7.53 203.23 17 34 1
162 68.48 77.46 18.49 136.95 9 18 2
163 78.58 3.37 40.92 147.14 23 33 3
164 42.97 44.12 10.30 85.19 2 17 1
165 90.90 9.87 44.87 230.12 24 42 2
166 52.67 5.96 31.99 150.58 16 34 1
167 84.01 35.55 46.82 273.58 16 43 1
168 72.24 83.63 30.01 137.04 20 24 2
169 92.16 21.44 16.00 164.26 7 21 3
170 22.46 13.72 21.10 208.29 16 23 2
171 97.24 49.97 22.77 473.05 3 44 3
172 64.14 92.61 36.41 344.10 18 32 2
173 24.81 35.50 44.77 249.86 21 34 4
174 16.37 8.99 15.98 72.42 10 46 5
175 72.68 53.97 48.66 497.83 17 29 5
176 31.08 9.03 22.65 399.61 22 28 1
177 59.23 53.66 26.46 89.11 5 24 2
178 65.70 90.56 27.52 469.61 19 20 2
179 70.45 9.94 5.75 128.45 24 25 1
180 31.57 90.01 47.04 181.51 23 32 4
181 69.16 34.99 12.29 238.84 17 26 1
182 3.13 59.55 13.47 372.48 7 35 3
183 87.43 34.82 33.85 315.36 3 38 5
184 93.44 96.96 29.34 447.13 19 36 4
185 9.85 20.07 38.52 370.26 11 22 4
186 31.73 30.62 48.63 262.98 2 31 1
187 95.75 76.63 1.19 401.33 13 30 3
188 37.93 20.03 15.99 311.87 8 41 3
189 69.69 55.96 2.29 409.22 14 38 1
190 72.99 4.94 13.49 235.50 18 43 4
191 14.71 53.07 32.39 232.77 22 22 4
192 38.05 83.95 36.55 146.61 5 7 3
193 3.97 77.85 39.92 106.55 11 21 3
194 2.70 16.00 28.39 108.08 24 27 1
195 54.89 94.90 3.63 288.46 17 33 4
196 88.43 85.88 23.48 102.45 18 37 3
197 92.37 74.27 22.56 477.17 12 47 1
198 79.30 0.64 49.15 493.09 2 23 3
199 14.84 90.68 21.46 151.08 18 46 5
200 8.11 60.61 48.38 303.49 21 37 3
201 10.79 68.36 49.20 231.99 14 25 4
202 10.56 9.93 48.71 161.99 5 21 3
203 58.99 51.92 34.11 233.28 0 18 5
204 49.90 7.10 2.15 200.81 14 46 2
205 6.84 10.06 9.33 299.99 19 44 3
206 84.39 46.31 31.37 88.04 4 41 4
207 77.86 68.57 31.12 120.11 20 21 5
208 57.37 53.94 39.57 319.89 18 48 4
209 99.25 98.54 39.10 349.39 18 48 4
210 67.85 77.02 33.21 475.39 19 22 2
211 55.40 50.60 16.56 349.07 0 44 1
212 66.51 55.76 16.92 286.94 12 28 1
213 75.75 96.48 29.75 247.22 8 36 5
214 6.22 34.11 18.15 495.25 10 30 4
215 0.77 87.51 33.36 189.15 22 42 2
216 29.27 48.97 4.86 316.05 8 48 4
217 91.63 8.92 12.20 311.85 12 46 2
218 26.49 56.41 47.62 179.11 20 35 5
219 98.36 13.32 32.56 215.21 0 33 1
220 13.08 46.46 6.77 424.53 1 20 4
221 37.35 96.31 2.85 71.05 19 35 5
222 88.75 38.80 34.56 329.73 20 47 4
223 40.62 32.20 36.58 73.80 20 40 3
224 4.90 64.09 4.47 238.62 5 45 1
225 43.88 13.32 37.08 312.67 3 7 2
226 14.70 39.55 46.37 257.28 16 21 2
227 11.99 2.59 40.41 383.24 11 30 4
228 58.12 4.94 43.88 492.79 16 33 1
229 24.56 67.44 19.74 144.18 14 42 5
230 16.63 95.05 18.41 180.17 17 27 1
231 82.53 11.58 3.59 325.36 3 20 4
232 78.52 40.11 23.99 154.48 17 31 5
233 99.56 81.80 40.87 482.01 3 43 5
234 1.08 17.49 5.78 144.97 23 38 3
235 53.23 99.39 39.34 85.34 7 22 2
236 52.16 68.43 46.60 423.87 2 43 2
237 17.02 97.94 39.16 340.88 6 13 3
238 60.16 79.21 2.69 236.61 23 34 3
239 93.69 33.85 24.01 355.73 14 20 4
240 39.58 86.87 3.31 491.56 13 21 5
241 79.36 62.42 28.51 92.52 18 37 2
242 38.85 12.33 0.86 54.39 13 44 1
243 94.42 10.03 40.68 70.61 22 43 2
244 79.99 98.47 40.49 260.32 1 29 1
245 59.80 60.63 38.18 313.32 20 38 2
246 95.67 81.73 46.79 252.32 22 30 2
247 79.77 16.42 6.41 268.38 16 42 3
248 55.17 26.40 4.89 254.81 12 14 3
249 46.35 71.40 26.41 297.56 16 23 2
250 37.87 30.68 27.43 219.05 19 23 3
251 42.67 56.09 15.12 80.48 16 27 5
252 50.16 90.52 1.18 437.71 6 46 4
253 99.41 97.51 42.26 425.74 14 26 4
254 8.18 55.43 2.54 223.90 22 46 5
255 71.48 4.43 27.16 290.56 10 34 2
256 2.56 36.47 47.34 248.58 18 25 3
257 3.27 24.85 11.38 416.41 5 37 1
258 44.85 10.85 45.15 392.06 17 41 1
259 27.90 6.95 14.61 376.08 9 10 3
260 11.25 47.17 39.07 434.79 23 25 2
261 47.99 31.75 22.51 204.02 20 26 5
262 82.09 28.82 2.04 163.64 5 19 3
263 71.87 25.50 24.74 455.54 21 33 3
264 0.94 91.89 1.96 192.99 5 21 4
265 58.13 92.86 26.29 465.79 0 36 5
266 45.83 76.02 34.30 86.21 13 27 5
267 76.21 95.35 16.02 435.41 7 43 2
268 43.34 95.00 35.49 152.11 23 30 4
269 34.57 64.61 26.38 189.65 3 13 4
270 37.48 31.96 44.04 277.54 19 29 3
271 83.69 27.72 24.85 59.92 14 43 4
272 47.03 29.98 26.27 300.14 2 37 2
273 73.77 51.96 15.61 462.99 17 18 5
274 74.50 96.54 9.41 489.92 1 31 1
275 0.16 60.13 41.01 456.88 14 22 5
276 77.09 49.95 5.73 285.06 19 39 5
277 50.65 69.94 31.44 391.02 9 48 5
278 28.82 72.88 6.13 133.25 9 19 1
279 73.47 94.72 9.21 174.20 12 41 2
280 23.09 84.83 17.85 224.62 1 34 1
281 95.72 28.80 22.10 111.35 0 1 4
282 6.29 92.52 48.14 466.34 12 35 4
283 7.53 0.03 38.32 415.50 4 12 2
284 38.30 42.21 14.98 63.87 6 29 4
285 99.05 95.79 0.16 476.35 9 18 2
286 72.23 11.68 28.66 295.31 22 23 3
287 0.62 38.01 41.55 365.89 10 27 1
288 42.93 50.45 12.80 292.77 7 44 2
289 27.65 26.36 22.90 492.96 14 17 1
290 76.41 29.21 7.22 362.81 0 9 2
291 86.02 15.58 16.99 199.20 3 33 3
292 60.15 80.38 23.30 61.43 22 27 4
293 8.02 68.70 1.50 154.13 18 43 1
294 57.26 28.33 0.12 293.34 9 36 5
295 99.15 25.03 18.77 404.72 20 21 5
296 3.38 74.86 46.55 404.69 0 45 2
297 75.04 84.33 31.04 238.47 17 28 2
298 66.91 39.82 2.88 156.13 8 12 3
299 87.07 73.48 34.41 258.01 15 30 5
300 86.18 31.05 19.57 125.42 1 17 1
1 107.40 4628.12 1
2 181.43 2849.99 2
3 198.39 3142.47 3
4 142.94 4210.99 4
5 199.83 2554.39 5
6 145.53 2790.11 5
7 110.26 3912.17 4
1 1.11 31.32 7
2 1.85 26.96 5
3 1.30 33.97 1
4 1.08 26.98 2
5 1.97 26.82 6
6 1.75 36.20 3
7 1.34 49.04 2
8 1.95 45.25 2
9 1.37 27.69 2
10 1.30 47.68 3
11 1.54 35.18 7
12 1.29 34.25 7
13 1.78 48.11 4
14 1.92 38.22 3
15 1.87 26.82 6
16 1.81 44.82 5
17 1.88 30.39 7
