Data for Vehicle routing problem with drones - Author: Huyen Do Thi Ngoc
Number of depots: 1
Number of cities: 400
Number of trucks: 2
Number of drones: 9
Area: 100 100 50
Customer maximum demand: 500
Max capacity of truck: 200
Max energy of truck: 5000
Max capacity of drone: 2
Max energy of drone: 50
1 38.57 21.47 21.93
1 98.36 56.73 26.52 477.17 4 26 1
2 76.43 83.86 35.32 299.20 5 46 1
3 33.09 76.71 30.17 408.07 22 26 1
4 82.38 90.09 44.69 486.48 16 31 1
5 98.03 36.66 30.68 446.94 10 41 1
6 10.80 24.75 26.42 134.69 14 38 1
7 47.08 46.14 20.57 90.53 15 42 1
8 6.16 59.15 31.64 66.87 16 38 1
9 27.24 4.11 33.53 236.60 24 36 1
10 28.89 44.82 27.34 235.03 7 17 1
11 59.84 18.01 18.94 136.95 12 13 1
12 80.19 54.92 28.51 124.22 21 38 1
13 75.25 79.73 37.16 361.97 9 20 1
14 36.15 11.90 24.91 145.49 21 48 1
15 27.24 5.99 16.24 266.06 6 23 1
16 12.80 49.57 31.89 145.02 23 31 1
17 12.14 40.40 45.49 84.07 4 37 1
18 37.46 0.82 16.29 112.12 1 7 1
19 14.79 44.47 42.41 204.83 9 15 1
20 39.91 54.43 21.47 377.95 18 31 1
21 16.69 75.89 30.24 359.29 0 43 1
22 53.69 83.93 2.24 353.11 18 20 1
23 30.71 88.99 48.01 285.74 18 18 1
24 60.77 54.63 25.67 425.91 8 41 1
25 99.91 24.88 39.62 296.57 23 28 1
26 94.60 54.41 9.11 235.17 22 43 1
27 10.24 76.14 0.90 205.97 1 33 1
28 0.74 27.06 33.33 149.34 14 16 1
29 32.61 62.25 39.43 288.54 10 32 1
30 81.25 15.29 47.44 227.68 22 41 1
31 35.54 36.18 5.38 418.87 5 18 1
32 47.79 2.74 10.90 50.27 18 27 1
33 26.79 25.89 24.11 178.39 11 13 1
34 23.26 4.16 32.77 188.87 14 34 1
35 71.70 45.38 25.10 464.09 14 37 1
36 95.88 44.95 1.54 174.68 0 35 1
37 86.77 25.34 23.98 97.25 2 17 1
38 47.10 29.25 47.78 421.57 22 32 1
39 67.10 38.57 40.76 271.52 0 19 1
40 0.19 68.07 46.24 207.87 15 39 1
41 72.07 69.80 30.93 387.94 4 21 1
42 41.17 14.98 26.59 332.95 14 21 1
43 49.53 83.51 11.95 464.21 13 33 1
44 68.69 28.41 33.00 266.15 6 10 1
45 29.89 3.15 49.47 150.33 12 37 1
46 79.29 97.05 27.75 328.56 19 31 1
47 89.24 50.13 27.79 434.74 10 41 1
48 38.20 0.03 46.67 467.98 9 13 1
49 46.98 48.20 20.10 406.80 10 31 1
50 66.90 68.18 5.80 58.39 6 12 1
51 86.21 94.40 35.98 451.18 21 42 1
52 6.78 91.86 9.17 271.51 2 13 1
53 57.84 69.87 45.11 143.81 9 17 1
54 39.67 85.93 3.24 101.34 0 46 1
55 31.85 67.20 47.16 208.43 22 47 1
56 91.22 14.02 34.01 414.67 11 19 1
57 82.64 74.04 12.56 436.03 2 24 1
58 86.20 2.90 10.71 340.87 3 6 1
59 47.61 10.53 21.57 281.82 8 44 1
60 75.01 82.42 1.59 391.69 17 17 1
61 96.98 25.69 49.77 100.27 4 28 1
62 51.41 2.85 9.83 445.78 16 40 1
63 79.82 52.88 36.20 455.52 1 3 1
64 67.30 1.86 49.44 390.37 11 34 1
65 86.90 57.15 31.81 170.61 13 37 1
66 68.12 44.90 13.90 136.72 5 24 1
67 34.99 20.45 2.75 472.60 16 37 1
68 38.25 98.88 8.98 476.64 20 43 1
69 89.23 61.72 45.96 387.30 16 36 1
70 28.21 28.55 26.32 72.83 17 31 1
71 98.05 68.07 15.30 315.63 0 24 1
72 75.64 37.71 1.86 230.24 3 10 1
73 29.84 13.33 10.36 138.56 7 13 1
74 64.09 12.06 12.04 191.32 6 20 1
75 92.62 35.46 11.08 65.99 12 17 1
76 26.02 88.09 19.41 401.21 6 46 1
77 59.66 60.01 27.17 389.94 4 35 1
78 35.59 66.91 24.66 347.12 7 44 1
79 48.31 63.96 11.84 477.76 15 42 1
80 10.76 19.36 48.94 343.47 11 40 1
81 81.76 46.15 28.54 66.34 21 35 1
82 52.66 52.37 20.61 384.18 15 28 1
83 87.76 32.72 21.70 65.61 4 31 1
84 92.35 2.20 0.42 456.11 11 21 1
85 4.51 93.76 37.09 92.40 7 46 1
86 51.29 47.71 19.63 435.27 19 48 1
87 21.43 16.88 39.48 344.10 21 40 1
88 80.83 99.92 5.73 418.61 22 30 1
89 14.06 73.12 49.11 270.83 19 29 1
90 29.58 73.02 34.94 174.04 23 35 1
91 35.07 36.67 23.33 492.27 3 42 1
92 1.56 34.01 38.27 303.28 23 32 1
93 12.49 83.98 36.89 188.63 20 21 1
94 93.43 27.49 0.57 344.39 20 26 1
95 96.67 60.39 29.26 150.12 20 33 1
96 23.41 80.18 33.06 120.49 15 28 1
97 69.40 40.22 11.33 142.15 8 8 1
98 56.00 17.62 10.78 254.77 7 27 1
99 4.58 0.29 46.26 415.91 17 35 1
100 16.73 57.79 36.75 61.61 19 29 1
101 12.33 36.13 28.10 79.29 18 30 1
102 44.22 98.96 13.03 313.40 13 34 1
103 36.86 46.33 43.34 329.27 13 43 1
104 96.03 54.21 3.86 157.42 22 22 1
105 21.36 83.17 30.09 57.84 10 34 1
106 92.56 72.74 33.17 290.12 19 22 1
107 38.87 20.23 16.20 254.49 2 47 1
108 55.51 82.61 3.19 116.40 13 20 1
109 6.10 98.19 43.39 52.15 9 19 1
110 99.76 51.20 39.38 414.94 16 40 1
111 55.27 32.37 14.27 301.69 8 29 1
112 28.38 31.04 30.24 400.87 24 47 1
113 46.89 74.48 19.15 351.80 9 11 1
114 37.58 50.57 39.58 181.27 23 36 1
115 84.49 74.98 0.29 288.84 6 31 1
116 92.51 1.53 45.29 182.85 17 45 1
117 79.42 65.20 8.32 136.52 11 32 1
118 7.52 79.82 48.54 196.85 4 25 1
119 72.50 69.53 47.89 137.23 18 48 1
120 32.36 7.42 27.17 140.85 23 43 1
121 92.07 3.51 22.94 427.53 5 16 1
122 70.37 99.89 11.44 463.99 9 32 1
123 14.29 45.50 15.80 374.17 19 45 1
124 60.61 75.97 29.52 141.57 14 40 1
125 27.84 66.66 36.74 380.87 18 27 1
126 9.46 83.91 49.77 462.23 18 46 1
127 16.09 14.43 4.23 245.13 5 34 1
128 26.38 75.79 44.67 384.50 15 25 1
129 50.41 61.68 3.89 218.88 11 11 1
130 6.26 49.92 34.72 77.83 6 17 1
131 96.24 83.60 28.78 461.39 16 24 1
132 98.52 18.00 7.68 81.64 5 45 1
133 29.64 12.75 5.32 375.65 11 16 1
134 69.02 1.68 26.78 229.48 1 40 1
135 3.07 96.21 5.79 89.66 6 21 1
136 53.29 58.08 34.94 441.30 12 27 1
137 88.04 28.66 39.75 307.53 1 47 1
138 60.68 68.24 46.19 458.56 24 43 1
139 16.89 39.99 30.95 312.78 20 31 1
140 19.62 3.74 8.89 367.83 17 17 1
141 73.97 35.51 34.59 92.01 1 41 1
142 99.80 89.27 3.05 172.77 23 47 1
143 20.10 49.58 2.68 160.66 17 18 1
144 87.78 76.71 4.47 265.21 23 29 1
145 97.55 93.88 26.23 100.26 24 27 1
146 21.13 68.19 14.00 342.85 8 16 1
147 95.13 21.29 7.26 461.43 1 14 1
148 12.73 40.41 14.75 354.21 6 48 1
149 47.37 68.89 31.63 375.76 21 37 1
150 86.75 30.59 35.00 204.39 20 22 1
151 99.49 46.86 33.21 405.39 2 46 1
152 91.65 31.21 19.38 262.39 2 45 1
153 66.33 99.69 8.35 128.00 6 22 1
154 54.39 29.04 0.57 381.13 2 35 1
155 91.07 20.46 36.32 398.71 21 27 1
156 87.81 41.40 0.99 437.46 14 27 1
157 89.51 27.73 43.41 420.72 4 13 1
158 85.37 45.20 12.88 68.32 9 16 1
159 95.91 23.25 45.11 298.76 7 7 1
160 80.49 26.10 36.67 423.15 8 24 1
161 88.23 62.78 16.68 82.19 3 22 1
162 17.82 1.52 12.20 372.83 6 35 1
163 98.69 29.40 28.00 230.22 6 9 1
164 82.80 35.02 44.68 376.11 5 22 1
165 95.26 31.14 16.58 411.88 1 26 1
166 57.45 97.67 26.04 199.78 12 16 1
167 35.70 39.65 30.04 299.38 20 22 1
168 79.04 69.51 38.82 285.23 7 10 1
169 17.26 79.85 1.27 379.56 19 21 1
170 14.90 95.85 10.35 156.35 18 40 1
171 78.52 12.97 35.65 198.30 7 18 1
172 25.58 2.21 10.93 282.23 1 39 1
173 77.86 91.18 13.42 431.75 23 46 1
174 44.06 40.48 15.64 278.35 16 23 1
175 8.80 33.35 7.41 103.12 11 39 1
176 13.76 18.92 1.96 423.63 9 30 1
177 75.60 34.27 5.45 366.66 20 27 1
178 66.85 7.24 33.64 279.30 11 32 1
179 87.41 61.70 20.85 156.71 11 42 1
180 70.01 27.61 26.59 427.50 21 39 1
181 73.76 96.75 31.31 437.71 10 36 1
182 43.26 91.63 17.15 432.09 19 31 1
183 36.55 57.05 15.65 460.47 18 31 1
184 30.02 88.79 25.09 151.30 16 25 1
185 33.99 42.11 22.98 147.33 0 25 1
186 26.97 7.36 39.62 208.95 2 45 1
187 33.05 88.45 30.85 451.74 1 4 1
188 61.50 18.83 13.56 253.41 5 9 1
189 92.46 46.96 17.72 415.52 8 48 1
190 29.00 72.05 5.01 155.86 8 14 1
191 11.74 45.57 43.27 462.64 24 45 1
192 3.37 92.08 26.39 62.06 11 21 1
193 14.64 25.05 8.75 451.23 24 45 1
194 96.25 33.44 12.30 272.19 13 42 1
195 68.69 63.03 41.01 334.40 0 42 1
196 89.63 12.89 16.98 85.51 13 29 1
197 44.91 34.86 24.09 177.41 15 25 1
198 11.94 92.00 26.08 355.34 0 46 1
199 85.80 62.68 43.56 376.99 10 12 1
200 64.22 12.18 16.42 245.35 17 36 1
201 51.66 56.91 5.73 76.48 13 36 1
202 60.73 80.56 15.62 331.48 15 37 1
203 45.83 65.49 39.99 248.12 12 35 1
204 29.46 30.10 42.16 274.00 14 20 1
205 23.70 3.25 39.53 328.81 23 28 1
206 8.55 85.31 48.25 75.11 1 23 1
207 81.42 82.70 34.11 394.07 6 23 1
208 60.48 91.21 9.63 165.15 12 47 1
209 97.15 87.68 24.56 157.27 2 7 1
210 11.50 14.33 30.41 113.66 24 40 1
211 77.89 83.45 10.14 203.29 6 16 1
212 71.97 73.08 10.41 311.99 9 17 1
213 10.37 16.22 25.37 279.15 18 24 1
214 1.34 49.19 25.56 443.22 6 43 1
215 65.46 15.96 48.07 152.55 21 44 1
216 22.27 10.10 22.38 165.85 2 20 1
217 39.66 99.67 34.55 411.06 3 21 1
218 88.83 59.13 35.53 377.67 3 30 1
219 55.38 9.94 14.10 167.19 1 47 1
220 22.47 23.93 12.69 359.97 2 9 1
221 64.29 51.97 39.73 357.05 5 5 1
222 9.09 42.76 19.77 403.30 24 24 1
223 31.69 15.53 23.07 253.38 12 37 1
224 86.09 69.07 42.97 302.67 1 8 1
225 31.65 10.73 13.92 250.62 5 11 1
226 68.36 97.77 47.15 262.05 2 35 1
227 84.64 80.61 13.85 225.80 9 34 1
228 61.13 89.25 17.14 203.68 4 37 1
229 15.73 45.83 35.29 427.56 8 24 1
230 86.81 43.93 32.94 319.67 4 17 1
231 73.33 99.26 2.78 251.94 17 18 1
232 22.19 21.20 27.74 496.87 14 33 1
233 82.34 88.85 30.87 209.80 13 29 1
234 74.26 79.40 9.41 63.64 19 37 1
235 25.37 5.57 40.58 461.87 22 43 1
236 71.24 28.82 36.75 348.80 12 26 1
237 51.53 29.43 38.73 453.75 9 10 1
238 19.15 30.66 19.10 231.46 24 35 1
239 19.48 62.45 15.91 397.14 23 39 1
240 69.82 49.22 39.99 363.91 13 43 1
241 8.05 93.46 32.73 336.16 3 36 1
242 72.80 37.54 13.09 300.15 13 24 1
243 60.95 8.66 10.30 126.14 24 39 1
244 17.28 50.89 20.21 474.75 16 20 1
245 68.93 75.68 10.68 236.71 0 39 1
246 66.28 56.45 4.73 257.49 0 22 1
247 21.48 84.37 34.29 260.07 23 44 1
248 96.61 26.60 48.93 167.27 6 38 1
249 38.09 95.30 49.40 179.58 16 22 1
250 44.71 34.23 6.76 122.96 18 47 1
251 66.49 85.53 13.42 257.31 23 39 1
252 84.44 88.42 37.79 417.78 24 35 1
253 9.67 50.85 48.69 398.53 24 40 1
254 62.77 4.74 25.33 434.46 1 24 1
255 95.05 7.19 13.88 192.56 9 11 1
256 86.86 61.66 6.01 374.82 11 16 1
257 81.71 63.07 22.12 228.47 11 30 1
258 40.85 27.65 0.19 494.73 21 44 1
259 61.70 75.25 23.82 353.75 8 34 1
260 91.46 74.18 11.69 493.73 5 11 1
261 15.79 5.57 36.28 221.83 13 29 1
262 87.10 47.19 46.13 303.01 8 37 1
263 69.05 31.06 10.06 308.59 12 43 1
264 50.93 8.48 42.88 244.23 21 42 1
265 78.26 77.90 25.58 289.09 14 45 1
266 81.07 46.82 38.84 316.73 0 48 1
267 66.98 19.86 42.42 337.41 15 27 1
268 51.60 17.65 11.24 244.45 23 46 1
269 19.81 47.54 10.04 487.95 18 42 1
270 7.58 39.63 3.60 137.44 0 34 1
271 28.34 95.20 11.57 446.49 1 35 1
272 14.75 8.07 24.92 256.05 18 27 1
273 12.31 34.77 49.42 339.81 5 13 1
274 49.44 1.04 25.72 315.38 11 28 1
275 51.57 5.37 36.18 130.55 8 42 1
276 97.06 69.41 15.19 89.76 16 43 1
277 54.28 80.52 23.83 467.43 24 44 1
278 58.58 52.20 31.84 382.04 16 44 1
279 23.85 35.41 40.65 336.91 19 35 1
280 32.33 32.13 7.34 325.79 10 40 1
281 46.50 64.49 15.87 104.44 13 34 1
282 29.45 47.99 41.47 299.82 23 37 1
283 97.52 69.54 43.86 342.20 23 33 1
284 49.45 18.18 13.46 332.84 17 30 1
285 33.74 15.39 22.71 410.01 13 16 1
286 54.11 75.46 49.48 331.24 13 23 1
287 49.98 66.63 26.07 417.74 20 36 1
288 2.60 75.79 8.93 316.46 7 32 1
289 26.61 21.82 32.23 333.77 8 26 1
290 76.35 75.47 23.38 165.29 11 15 1
291 23.19 5.98 30.67 137.88 14 42 1
292 20.94 4.68 41.78 255.55 22 44 1
293 14.25 55.80 38.87 131.95 20 38 1
294 44.81 30.61 33.15 425.03 19 41 1
295 46.80 87.76 15.13 70.14 23 30 1
296 63.77 82.94 11.39 345.29 17 34 1
297 78.75 31.97 16.92 206.04 3 22 1
298 30.93 76.72 35.43 265.99 16 26 1
299 64.98 78.12 27.45 231.94 24 30 1
300 2.08 29.13 30.15 216.19 5 43 1
301 13.07 93.45 44.61 145.07 5 46 1
302 23.85 23.46 40.38 70.47 9 37 1
303 61.76 82.67 24.31 342.47 23 23 1
304 50.87 14.60 29.92 386.53 24 27 1
305 58.87 24.75 16.74 92.74 11 44 1
306 2.40 90.80 22.69 495.83 13 36 1
307 1.18 94.71 0.90 441.67 2 33 1
308 34.95 80.81 45.56 100.82 24 47 1
309 20.13 94.59 45.78 51.33 23 34 1
310 92.87 87.22 14.44 409.11 20 21 1
311 14.52 87.51 6.52 211.53 0 3 1
312 42.93 68.33 20.04 235.22 5 45 1
313 12.59 21.03 28.64 302.31 2 27 1
314 82.01 70.32 4.17 277.52 17 44 1
315 27.14 96.90 6.79 213.42 8 21 1
316 45.72 22.30 25.19 243.60 18 28 1
317 69.62 77.14 35.77 472.04 7 24 1
318 30.41 63.09 45.61 62.82 13 31 1
319 30.34 8.02 32.86 450.62 17 29 1
320 75.49 29.81 16.92 309.92 7 37 1
321 76.03 64.26 44.90 160.63 0 40 1
322 15.46 23.44 29.10 155.35 21 38 1
323 25.09 58.55 31.66 60.32 13 48 1
324 82.05 56.09 33.76 202.65 5 35 1
325 33.25 15.06 23.30 160.15 10 48 1
326 41.79 86.00 11.70 311.73 19 37 1
327 38.17 50.10 6.65 165.08 24 25 1
328 36.01 70.60 42.33 444.20 22 22 1
329 9.23 66.20 9.99 268.61 23 28 1
330 11.87 46.01 30.19 191.17 7 29 1
331 32.73 14.63 5.86 385.37 19 30 1
332 79.19 70.35 0.86 387.41 14 24 1
333 23.63 74.92 42.44 380.59 13 44 1
334 91.02 87.43 48.73 275.87 16 32 1
335 72.45 49.25 37.52 274.00 1 14 1
336 11.54 64.58 4.86 424.53 0 32 1
337 55.09 74.55 23.62 442.70 24 24 1
338 83.04 85.62 16.62 80.29 10 41 1
339 15.05 12.85 6.33 355.71 14 21 1
340 73.68 0.56 34.81 292.62 17 48 1
341 21.84 36.72 32.32 338.59 12 46 1
342 16.76 64.36 49.73 136.98 10 20 1
343 38.70 73.72 47.68 160.48 21 32 1
344 33.60 87.62 30.21 261.07 0 2 1
345 35.22 13.99 44.06 132.64 2 32 1
346 51.54 48.31 32.45 387.50 22 23 1
347 87.21 60.19 33.76 379.38 22 24 1
348 92.19 89.87 33.84 492.19 5 47 1
349 46.16 24.79 14.73 90.19 21 34 1
350 39.48 46.47 13.52 233.78 4 9 1
351 88.67 99.29 2.61 135.26 1 7 1
352 66.14 92.83 22.77 375.53 22 42 1
353 76.47 94.14 10.44 191.63 1 7 1
354 79.01 45.13 34.98 140.77 4 21 1
355 52.41 52.91 1.38 413.29 1 36 1
356 8.61 70.76 23.11 249.48 5 37 1
357 75.84 74.89 2.33 150.97 10 42 1
358 76.36 60.27 6.00 261.14 11 17 1
359 23.99 33.56 4.53 493.55 20 47 1
360 57.76 73.77 12.80 451.73 16 20 1
361 63.68 34.25 10.21 244.12 19 39 1
362 73.30 28.94 47.39 265.96 7 46 1
363 90.68 80.53 17.92 94.90 21 24 1
364 69.99 92.23 3.34 317.21 13 42 1
365 9.81 0.03 42.82 70.65 4 31 1
366 49.55 82.27 10.56 120.34 19 48 1
367 93.44 53.48 9.42 111.39 7 19 1
368 54.15 18.87 49.26 208.77 3 25 1
369 77.37 65.83 16.10 63.94 15 23 1
370 38.62 75.53 27.65 183.72 5 35 1
371 45.60 64.75 28.60 212.14 0 12 1
372 70.35 50.67 39.88 340.24 13 24 1
373 72.98 41.33 8.16 421.72 21 41 1
374 88.46 74.56 19.96 457.26 15 34 1
375 12.23 18.97 40.02 261.01 11 36 1
376 8.62 9.67 15.04 78.44 23 30 1
377 56.69 51.55 35.47 409.62 20 36 1
378 12.70 80.46 3.57 91.74 15 47 1
379 97.46 66.85 17.49 467.11 16 40 1
380 24.20 43.64 31.31 139.40 19 38 1
381 68.89 62.34 3.72 350.18 11 13 1
382 13.50 77.86 44.82 80.14 18 21 1
383 80.34 17.97 24.94 241.08 20 39 1
384 1.87 80.23 2.18 384.21 3 16 1
385 81.29 79.55 17.92 213.35 22 46 1
386 44.64 26.81 9.36 394.09 24 42 1
387 34.99 60.76 26.50 286.26 24 48 1
388 42.24 52.98 7.25 275.42 2 5 1
389 30.15 60.96 22.21 147.27 19 26 1
390 91.33 91.48 7.23 161.09 11 47 1
391 4.72 82.38 48.61 58.57 16 30 1
392 37.78 74.83 9.75 244.44 1 30 1
393 66.71 63.94 45.32 497.81 5 9 1
394 55.38 59.21 7.81 162.89 5 19 1
395 53.58 0.60 40.83 217.34 2 27 1
396 91.65 12.95 10.79 346.86 23 47 1
397 57.32 60.08 42.69 378.61 13 22 1
398 80.03 41.29 0.79 438.78 0 32 1
399 83.21 56.83 1.46 112.28 15 24 1
400 39.11 10.54 0.17 112.24 1 14 1
1 134.54 4158.32 1
2 141.87 4947.31 1
1 1.91 37.34 2
2 1.38 27.25 2
3 1.32 40.84 1
4 1.63 26.90 2
5 1.71 36.41 2
6 1.17 43.79 1
7 1.53 38.06 1
8 1.55 26.22 1
9 1.32 38.27 2
