Data for Vehicle routing problem with drones - Author: Huyen Do Thi Ngoc
Number of depots: 2
Number of cities: 300
Number of trucks: 6
Number of drones: 12
Area: 100 100 50
Customer maximum demand: 500
Max capacity of truck: 200
Max energy of truck: 5000
Max capacity of drone: 2
Max energy of drone: 50
1 94.93 94.57 39.18
2 14.08 2.09 26.38
1 68.51 50.59 45.67 77.76 9 22 2
2 82.59 9.53 19.60 444.49 7 16 1
3 94.62 81.01 35.03 309.94 3 21 2
4 69.42 81.14 38.11 171.23 22 33 2
5 90.52 20.80 24.50 375.64 20 43 2
6 61.52 14.36 8.95 136.80 7 9 1
7 80.18 75.11 0.77 376.80 15 20 2
8 88.93 25.92 11.62 339.45 7 9 1
9 85.27 95.94 13.50 171.70 11 22 2
10 24.71 17.26 27.04 242.51 17 26 1
11 60.62 13.32 36.15 338.47 5 14 1
12 7.47 42.44 16.39 126.85 8 23 1
13 37.21 88.36 37.64 347.71 7 21 1
14 35.49 24.64 14.65 399.67 13 38 1
15 51.28 73.61 42.43 172.08 24 39 2
16 72.05 6.04 15.14 249.88 19 26 1
17 31.44 61.78 35.38 82.66 18 23 1
18 63.45 10.67 28.92 340.22 11 32 2
19 85.82 54.24 7.87 399.70 20 46 1
20 93.81 22.28 28.05 396.69 11 44 2
21 99.76 92.68 13.67 154.51 14 25 1
22 5.88 75.79 21.90 428.96 19 24 2
23 87.21 56.84 47.67 364.56 24 47 1
24 7.24 33.93 29.64 428.55 7 29 2
25 39.09 1.63 28.59 284.47 2 48 1
26 89.15 55.63 27.58 75.84 18 32 1
27 29.49 40.20 6.16 78.83 6 26 1
28 15.57 91.09 46.68 493.97 16 34 2
29 11.94 80.67 41.32 328.56 1 3 1
30 36.70 30.69 32.12 435.44 14 30 1
31 84.50 22.95 41.08 291.03 20 34 2
32 49.68 52.25 46.50 460.85 4 9 1
33 12.66 50.48 32.86 456.41 24 27 1
34 68.15 4.98 17.86 365.14 13 42 1
35 47.42 63.87 49.81 476.05 10 25 1
36 47.55 19.24 43.15 149.04 14 24 2
37 76.09 9.62 18.15 485.54 1 28 1
38 8.56 85.71 48.83 301.86 14 22 2
39 12.79 33.35 25.83 51.88 16 39 1
40 50.16 91.80 14.95 496.00 3 4 2
41 5.45 35.34 8.42 374.34 21 43 1
42 14.07 14.62 37.27 407.48 9 11 2
43 78.61 30.52 30.00 143.79 23 48 1
44 26.24 84.59 1.66 61.97 18 48 1
45 12.71 98.01 33.76 317.83 3 10 2
46 7.48 58.57 39.62 147.40 21 30 1
47 51.04 54.84 0.94 86.74 24 24 2
48 47.75 27.59 6.28 389.70 21 45 1
49 36.53 65.52 17.33 109.58 19 46 1
50 5.52 67.79 49.58 208.37 11 12 1
51 58.06 8.87 19.71 482.79 7 10 2
52 44.82 76.39 6.70 179.09 5 48 2
53 63.78 70.80 8.05 364.76 4 46 2
54 97.15 47.60 34.79 298.49 9 36 2
55 13.61 73.48 10.67 215.95 19 36 2
56 7.02 41.15 40.42 352.24 3 9 2
57 1.64 30.72 23.59 261.31 17 21 2
58 87.75 7.44 22.71 455.18 3 21 1
59 79.35 7.08 3.02 465.62 9 41 1
60 96.23 77.21 13.27 385.44 11 38 1
61 85.21 76.65 20.89 151.91 20 33 1
62 29.11 88.13 33.11 335.18 2 14 1
63 25.81 6.78 26.10 286.53 18 41 2
64 31.08 32.10 27.78 382.41 4 8 2
65 55.83 30.39 15.68 201.06 12 18 2
66 24.91 31.94 7.71 459.96 17 19 1
67 11.28 95.58 27.99 243.69 3 23 1
68 18.00 10.81 3.46 496.05 17 46 1
69 58.02 46.07 17.70 399.50 19 38 2
70 4.35 47.70 29.89 382.79 18 37 2
71 30.61 5.28 4.20 444.46 22 26 1
72 66.83 32.92 47.91 396.91 11 28 2
73 24.23 97.50 18.17 453.78 24 35 1
74 78.24 0.36 17.25 499.68 12 21 1
75 37.82 57.53 9.20 398.06 6 41 1
76 3.04 91.50 29.22 77.56 9 16 1
77 34.26 25.72 11.60 355.95 17 39 1
78 21.12 15.02 28.43 406.75 4 34 1
79 39.88 1.74 27.45 90.66 23 34 1
80 72.55 40.38 46.10 227.67 5 5 2
81 10.21 79.08 6.21 96.27 18 33 2
82 83.66 64.71 19.91 192.61 21 30 2
83 19.12 29.18 12.83 286.63 20 40 2
84 11.32 48.24 5.82 396.86 4 27 2
85 1.94 78.96 28.73 136.13 0 28 2
86 16.78 3.44 17.97 168.82 5 44 1
87 4.91 50.70 9.66 280.55 22 38 2
88 5.19 58.05 20.34 190.55 16 43 1
89 40.29 43.00 32.57 213.79 2 7 2
90 96.85 48.51 36.14 225.77 6 15 2
91 27.84 74.61 28.85 94.87 24 28 1
92 92.86 10.41 22.06 169.31 20 29 1
93 59.37 37.83 22.34 155.06 17 25 1
94 66.03 13.14 19.16 434.95 5 46 1
95 66.08 3.83 23.87 91.46 15 31 1
96 33.71 60.31 30.83 249.36 14 14 1
97 91.04 94.93 13.01 435.26 10 32 1
98 55.51 83.95 5.87 181.74 1 36 1
99 34.43 77.09 10.69 182.12 3 4 1
100 79.12 74.40 15.15 298.07 22 38 2
101 48.95 77.57 2.00 450.71 23 29 2
102 55.59 55.84 11.67 236.89 7 27 1
103 64.95 77.63 46.55 261.46 21 47 2
104 56.50 46.85 33.10 345.25 7 32 2
105 35.89 85.95 21.30 402.25 7 38 2
106 60.60 82.79 12.24 453.84 10 17 1
107 3.60 56.77 22.28 439.14 14 19 2
108 48.66 19.17 32.31 383.41 2 5 2
109 94.30 53.01 16.03 361.79 5 35 1
110 80.10 24.17 43.01 185.44 19 19 1
111 18.09 1.07 7.05 375.02 10 27 2
112 26.64 34.92 45.93 331.29 12 17 1
113 11.40 61.46 9.60 198.96 3 22 2
114 12.73 50.42 11.18 333.66 8 31 1
115 58.31 51.40 18.14 278.91 13 41 2
116 45.18 34.15 39.74 88.73 24 29 2
117 89.10 5.78 25.70 308.95 8 8 1
118 34.89 49.76 33.74 449.03 19 19 2
119 49.34 48.45 26.34 436.46 5 9 2
120 49.48 47.30 20.30 441.37 9 9 2
121 76.92 35.03 36.29 132.35 3 29 1
122 95.40 80.72 21.80 450.65 3 48 2
123 18.12 95.39 9.31 334.22 1 39 1
124 13.25 56.77 49.81 204.84 6 33 2
125 42.70 28.06 40.88 158.38 10 13 1
126 35.24 99.48 5.41 246.42 15 21 2
127 36.77 59.88 33.53 335.81 21 26 2
128 24.20 40.46 31.57 435.09 16 27 1
129 6.11 58.84 39.40 91.60 19 20 2
130 3.82 45.01 27.16 292.55 14 24 2
131 21.44 62.30 45.21 387.63 21 43 1
132 74.19 15.43 11.12 195.90 18 21 2
133 35.73 80.02 8.28 411.02 16 44 2
134 15.04 64.50 14.26 111.65 9 48 2
135 71.96 27.98 23.19 175.43 22 22 1
136 60.26 97.65 10.50 228.79 18 25 2
137 38.30 18.40 40.72 231.97 16 35 1
138 82.78 90.20 49.66 474.74 4 43 1
139 4.93 96.57 0.87 253.49 13 47 2
140 80.60 99.54 30.39 129.85 14 39 2
141 1.48 67.81 38.97 440.94 4 21 2
142 70.07 76.59 7.07 156.96 18 26 1
143 78.13 65.49 10.89 299.96 4 8 1
144 0.22 38.51 15.30 112.58 24 24 2
145 64.94 70.32 34.95 425.73 14 27 2
146 94.16 42.59 42.53 184.00 0 33 1
147 22.37 23.94 28.02 256.72 7 12 2
148 5.88 97.41 11.04 324.14 0 15 1
149 94.68 1.05 39.28 184.72 3 29 2
150 18.62 26.08 21.11 322.61 21 39 2
151 7.78 92.28 8.01 284.28 23 48 2
152 0.40 79.36 35.22 88.96 1 33 2
153 83.81 91.32 11.66 90.19 14 44 2
154 29.96 84.51 6.52 65.05 2 38 1
155 31.17 88.37 21.13 206.30 1 30 1
156 2.14 99.95 9.93 374.94 22 44 1
157 74.40 84.30 19.64 410.18 9 23 2
158 62.99 29.06 21.51 257.94 19 28 2
159 3.49 18.82 46.79 470.44 13 13 2
160 51.82 98.42 40.87 260.54 17 31 1
161 65.37 51.09 9.91 499.90 22 38 2
162 68.06 86.22 39.63 408.97 9 22 2
163 46.48 50.13 36.80 60.22 21 27 1
164 86.48 51.55 8.80 424.73 21 44 1
165 45.83 21.51 2.65 180.90 10 37 1
166 67.36 92.58 23.91 57.73 0 9 1
167 21.57 64.45 36.44 97.96 8 47 1
168 12.62 34.30 47.18 141.67 14 17 2
169 77.26 58.62 44.75 437.10 16 28 1
170 22.90 25.92 0.73 482.78 10 43 1
171 1.53 56.47 36.06 284.25 2 2 2
172 53.81 93.44 40.20 230.42 7 26 2
173 46.32 30.59 12.21 370.02 21 44 1
174 15.74 76.62 5.51 201.39 18 39 2
175 18.05 98.23 40.87 332.91 3 31 1
176 46.48 70.90 23.90 210.21 1 35 1
177 44.64 19.97 43.22 172.20 15 25 1
178 13.39 21.81 44.00 225.43 22 34 1
179 58.99 81.09 14.78 381.53 18 20 2
180 82.40 8.19 0.79 118.52 1 28 2
181 94.23 4.99 27.58 145.33 6 23 1
182 37.56 95.88 49.44 141.45 12 20 1
183 38.02 52.81 35.36 120.29 0 4 2
184 82.21 33.62 45.98 167.06 8 39 1
185 23.29 86.09 31.78 483.64 22 44 2
186 92.57 46.31 47.10 101.20 4 30 1
187 53.85 4.11 35.12 88.14 16 31 1
188 23.92 39.90 38.06 298.37 11 46 2
189 84.61 42.96 2.09 339.16 16 20 1
190 1.72 88.90 22.20 67.76 23 38 1
191 30.89 69.30 16.64 154.00 7 18 2
192 78.78 30.68 13.63 132.76 12 17 1
193 7.87 31.57 49.28 346.76 7 9 2
194 80.68 70.53 5.16 137.59 15 41 1
195 2.57 45.75 44.72 81.95 19 41 1
196 16.77 62.74 25.26 229.05 23 42 2
197 11.72 65.83 27.56 307.79 9 39 2
198 30.21 98.89 16.67 388.18 21 31 2
199 33.42 74.96 20.59 359.68 6 7 1
200 4.54 64.17 2.54 430.48 9 25 1
201 97.76 95.36 38.06 183.12 11 26 1
202 48.74 84.64 27.32 346.41 21 30 2
203 66.41 54.28 10.93 256.81 17 46 1
204 47.05 72.84 38.95 152.07 7 23 2
205 15.80 6.46 5.13 172.26 7 31 2
206 64.19 7.37 16.14 354.80 11 16 1
207 72.80 12.67 2.60 420.50 2 4 2
208 92.34 36.86 42.46 245.90 0 33 2
209 78.45 65.73 5.79 313.05 15 15 2
210 30.71 5.29 24.42 497.83 4 9 1
211 97.93 90.51 17.48 256.21 17 36 2
212 0.99 70.03 18.53 236.66 22 31 2
213 76.66 31.53 31.41 443.82 20 32 2
214 0.78 87.40 25.05 161.10 14 24 2
215 54.77 69.95 19.84 95.87 23 26 2
216 60.10 57.80 30.36 276.51 2 25 2
217 5.96 47.43 2.30 332.42 10 29 1
218 60.17 0.84 22.42 432.47 24 27 2
219 10.39 21.56 32.48 170.35 16 26 1
220 13.47 97.24 8.32 267.61 3 19 2
221 11.16 5.44 43.91 198.60 9 23 1
222 36.48 89.79 36.81 495.43 21 34 2
223 49.87 69.66 42.95 219.08 0 27 1
224 62.70 72.19 37.70 107.57 1 38 2
225 70.05 22.21 2.09 223.06 20 36 1
226 66.83 71.01 46.30 78.96 2 38 2
227 16.14 63.06 37.69 120.57 10 48 2
228 88.98 67.61 14.83 260.60 5 29 2
229 8.15 46.99 48.16 79.54 11 38 2
230 27.52 31.40 38.55 55.83 6 24 2
231 99.38 3.46 5.14 199.26 5 17 2
232 21.38 40.10 9.39 401.84 9 19 2
233 74.42 36.34 31.52 180.79 19 45 1
234 29.39 61.44 14.49 306.35 19 25 1
235 13.35 33.48 14.36 246.95 18 47 2
236 50.05 81.52 47.59 478.86 21 40 1
237 71.36 91.91 20.72 399.81 0 40 1
238 7.46 0.93 48.11 412.02 10 46 1
239 44.25 74.68 25.43 146.56 24 24 1
240 60.73 9.96 21.64 330.09 10 18 1
241 60.06 43.18 28.65 455.21 9 47 1
242 27.52 34.37 23.74 194.97 10 11 1
243 57.73 25.72 41.36 296.23 18 30 2
244 93.38 75.12 46.45 160.11 7 22 1
245 47.09 52.30 28.78 297.55 16 35 2
246 94.64 39.81 37.16 393.44 12 12 1
247 29.69 38.51 39.48 232.50 16 46 1
248 32.02 99.52 47.93 78.95 10 42 1
249 98.17 81.57 22.42 251.40 6 26 2
250 50.64 92.93 19.20 448.13 5 33 2
251 56.83 48.68 31.20 123.64 6 6 2
252 35.10 74.44 44.05 158.47 2 32 1
253 97.98 40.13 10.71 220.91 7 28 1
254 62.76 81.77 35.39 311.87 4 43 1
255 38.22 43.30 49.00 435.32 11 18 2
256 92.68 10.66 10.90 264.77 19 27 2
257 48.42 28.36 47.37 260.87 22 40 1
258 21.51 88.90 48.61 338.42 21 33 2
259 42.20 73.40 12.51 244.39 18 39 1
260 80.21 1.90 8.17 69.60 5 16 1
261 17.82 31.18 28.00 351.43 17 24 2
262 81.35 60.58 46.48 402.68 11 43 1
263 7.64 71.42 47.89 483.33 12 27 2
264 87.28 57.45 40.51 434.05 17 40 2
265 76.58 17.44 15.12 339.75 6 41 2
266 75.43 31.92 8.43 367.74 0 23 2
267 27.92 83.73 18.97 475.36 8 21 1
268 8.71 84.17 37.97 136.46 22 33 1
269 26.35 40.32 27.16 327.10 19 37 2
270 15.27 5.08 42.44 190.15 11 29 1
271 21.50 12.34 44.26 171.79 24 47 2
272 65.15 12.73 41.60 223.72 10 33 1
273 92.40 90.65 0.25 263.25 9 32 1
274 76.09 35.09 12.42 465.01 7 13 2
275 14.54 1.01 13.92 397.81 13 36 1
276 43.40 97.24 26.81 465.60 15 44 1
277 37.88 32.30 48.96 493.78 24 38 1
278 71.91 38.89 15.31 242.87 6 8 2
279 46.46 91.11 2.87 275.20 2 2 2
280 37.74 1.12 28.49 341.06 12 35 2
281 33.28 98.11 26.16 383.43 12 37 1
282 59.13 49.13 48.60 78.97 3 17 2
283 56.51 32.32 46.24 149.99 4 13 1
284 10.34 0.64 2.07 450.23 15 19 1
285 83.56 41.92 20.27 493.90 15 20 2
286 20.82 77.18 6.21 256.10 20 28 2
287 67.47 67.24 30.35 122.91 7 34 2
288 67.63 49.25 27.03 385.95 21 37 2
289 30.16 0.57 12.06 161.31 7 31 1
290 96.35 23.19 33.12 283.79 13 15 1
291 62.16 38.59 17.29 440.31 12 47 1
292 1.28 55.67 9.52 124.79 17 28 1
293 46.79 41.06 45.11 103.30 12 46 2
294 19.56 70.17 47.61 134.75 8 42 2
295 31.82 15.90 48.73 60.81 7 47 2
296 74.87 19.62 9.71 402.87 6 18 1
297 76.66 38.29 12.55 84.11 6 23 2
298 57.44 38.11 35.00 106.82 1 43 2
299 95.84 11.25 28.38 479.01 15 30 2
300 57.49 53.39 3.77 458.80 1 44 1
1 199.00 2526.23 1
2 190.47 3906.56 2
3 127.49 3570.28 1
4 136.66 4260.03 2
5 193.39 4245.15 2
6 147.27 4074.71 2
1 1.11 35.09 4
2 1.61 25.52 6
3 1.35 38.79 6
4 1.65 38.90 6
5 1.61 44.33 4
6 1.37 34.14 3
7 1.85 40.38 5
8 1.06 25.83 3
9 1.50 42.92 2
10 1.60 44.18 3
11 1.06 36.76 1
12 1.08 41.95 6
