Data for Vehicle routing problem with drones - Author: Huyen Do Thi Ngoc
Number of depots: 4
Number of cities: 200
Number of trucks: 9
Number of drones: 14
Area: 100 100 50
Customer maximum demand: 500
Max capacity of truck: 200
Max energy of truck: 5000
Max capacity of drone: 2
Max energy of drone: 50
1 3.20 0.30 18.39
2 8.73 22.53 17.43
3 24.73 65.70 17.68
4 76.50 98.19 18.72
1 84.97 10.86 16.39 458.03 6 38 3
2 52.60 6.39 36.75 250.77 21 39 3
3 79.63 44.10 20.75 242.70 12 21 1
4 57.05 48.08 46.16 204.17 5 29 4
5 58.46 51.27 33.99 470.72 14 19 4
6 64.71 56.17 24.57 260.05 4 22 1
7 78.45 27.63 14.31 279.92 4 22 3
8 18.73 42.22 23.06 295.46 16 19 2
9 26.51 39.38 41.07 130.79 19 34 2
10 25.32 14.99 6.69 88.23 7 32 2
11 75.48 5.64 8.86 437.92 14 22 3
12 91.92 52.18 36.06 166.94 18 40 4
13 2.18 65.03 32.17 115.33 1 31 2
14 11.52 49.54 49.91 60.31 23 38 3
15 16.26 75.86 1.76 143.43 14 19 2
16 40.27 25.03 38.72 369.33 21 38 1
17 25.61 81.13 36.93 354.63 4 48 1
18 67.59 79.13 14.74 313.65 24 27 2
19 21.44 0.93 22.78 197.60 19 44 2
20 50.84 40.68 34.22 142.31 11 39 4
21 78.61 88.23 48.58 82.97 0 33 1
22 70.60 37.43 39.70 59.08 12 17 3
23 80.30 72.38 3.47 248.40 10 46 4
24 80.54 60.36 8.09 389.90 21 45 1
25 97.43 61.65 20.05 58.38 18 48 2
26 9.68 21.77 3.66 267.03 18 31 2
27 98.42 76.88 28.76 283.68 16 19 1
28 49.98 35.64 10.63 376.48 4 30 1
29 14.17 87.06 27.89 93.12 24 27 2
30 91.87 80.30 12.43 199.97 22 24 4
31 53.57 89.04 25.23 206.98 8 43 1
32 94.95 43.98 30.65 430.48 23 45 3
33 14.77 48.28 38.37 446.35 17 19 1
34 35.16 91.35 24.47 233.29 3 24 3
35 86.86 67.12 40.14 162.18 11 13 3
36 63.26 64.28 17.99 198.26 2 21 2
37 7.35 46.05 1.15 164.46 19 35 1
38 21.43 87.20 33.88 485.79 20 30 4
39 45.88 55.05 29.58 185.04 15 48 1
40 74.08 64.27 43.77 60.57 19 25 3
41 33.57 59.97 43.47 287.10 3 16 3
42 41.97 79.06 22.43 221.04 13 13 2
43 57.66 20.21 1.84 154.64 12 23 4
44 37.57 22.08 19.98 208.16 21 48 3
45 23.21 84.86 34.76 252.24 2 46 4
46 61.08 13.41 4.18 82.85 22 31 4
47 61.19 9.74 44.64 372.39 16 27 4
48 33.23 98.32 16.68 299.76 16 46 1
49 25.91 70.38 30.80 80.63 21 35 1
50 14.54 25.81 34.85 433.26 20 35 2
51 12.69 16.02 35.53 253.50 10 43 4
52 44.64 6.91 38.11 286.36 14 21 4
53 69.47 48.36 47.14 327.71 24 39 1
54 71.70 73.13 28.13 412.73 12 45 2
55 75.59 67.64 18.22 426.18 5 35 4
56 74.55 2.08 43.73 85.11 7 10 1
57 94.75 93.13 43.01 295.57 15 25 2
58 17.65 1.60 31.64 80.17 15 33 3
59 73.52 38.48 24.86 279.39 20 39 2
60 5.82 29.81 38.15 155.22 2 18 2
61 77.35 98.00 47.51 130.72 19 27 4
62 27.78 37.14 25.25 139.20 17 22 2
63 31.84 29.64 12.73 350.23 10 28 1
64 14.53 95.94 24.14 212.65 21 29 3
65 42.18 19.13 49.37 165.10 17 42 2
66 53.12 68.19 1.02 255.64 4 5 4
67 41.61 85.46 44.72 352.33 12 19 1
68 1.88 97.44 43.52 318.56 6 48 1
69 31.43 48.43 18.66 340.13 20 37 1
70 98.05 5.95 44.53 483.96 20 41 1
71 78.22 7.19 39.76 489.26 18 29 1
72 93.28 35.24 34.35 147.87 16 22 2
73 15.65 17.01 36.34 392.75 9 46 4
74 7.69 78.23 18.90 352.35 6 13 1
75 8.90 27.86 37.08 192.79 7 24 1
76 38.51 29.45 31.46 244.14 18 25 3
77 70.16 90.16 27.32 118.17 23 30 1
78 43.57 40.81 0.99 434.84 11 21 4
79 0.79 80.22 38.30 237.43 6 29 2
80 23.05 55.05 41.74 459.47 17 24 1
81 39.20 0.81 20.71 204.25 11 20 4
82 36.36 5.12 1.65 362.65 12 38 2
83 50.43 90.69 2.55 198.44 11 48 1
84 13.42 63.30 24.07 86.18 5 33 4
85 5.40 45.79 14.24 217.18 23 27 2
86 18.52 67.61 14.22 475.89 14 42 4
87 45.26 2.65 30.23 101.62 18 22 1
88 52.24 40.59 2.48 329.10 14 41 2
89 93.64 43.04 4.48 367.62 4 26 2
90 15.99 64.96 25.29 71.25 24 25 1
91 86.31 77.49 22.07 272.34 17 31 2
92 22.85 22.27 44.43 417.10 4 6 3
93 11.39 19.10 19.92 97.24 10 18 2
94 20.02 79.59 44.28 489.93 0 8 3
95 67.49 63.73 43.68 355.25 12 30 2
96 92.53 29.58 20.66 441.28 6 11 3
97 95.33 64.21 14.55 50.15 16 19 3
98 92.19 74.21 29.43 268.40 6 41 3
99 34.81 26.06 26.14 212.80 14 30 1
100 0.21 13.89 1.55 418.11 11 45 1
101 55.93 67.34 5.62 303.35 10 37 3
102 1.17 17.23 0.67 329.40 11 40 1
103 84.31 60.37 48.43 64.95 6 42 4
104 12.05 68.20 36.84 247.76 15 37 2
105 7.63 81.68 44.78 492.00 15 17 2
106 17.15 72.25 28.15 242.74 6 21 4
107 58.09 53.64 37.16 213.71 13 37 4
108 12.82 97.37 44.95 130.85 9 38 4
109 37.94 59.60 36.72 102.47 22 27 4
110 49.60 26.37 26.65 334.69 15 25 2
111 87.03 3.70 28.71 91.56 16 37 3
112 2.58 37.82 29.32 427.40 3 20 2
113 30.95 92.56 38.74 276.19 4 16 2
114 42.23 80.00 45.84 348.62 15 48 2
115 58.37 23.59 5.10 301.41 8 28 4
116 53.28 54.57 23.87 197.53 19 41 4
117 84.49 72.01 42.48 298.96 2 29 2
118 96.63 92.87 30.86 111.91 2 38 3
119 82.15 99.26 14.81 398.49 9 24 4
120 16.05 35.34 15.78 117.66 14 45 1
121 29.53 3.26 12.76 116.95 21 37 3
122 48.57 5.43 45.34 426.16 14 29 1
123 12.63 25.40 21.05 345.16 9 10 3
124 54.67 29.39 32.92 272.89 1 14 1
125 99.65 78.88 6.39 345.16 5 6 3
126 80.15 84.75 6.45 390.65 2 29 4
127 95.23 23.04 23.74 71.89 0 2 3
128 86.09 45.01 12.96 283.46 21 45 1
129 43.60 71.93 33.41 153.95 5 15 2
130 55.72 39.18 19.93 191.21 20 20 4
131 82.74 27.77 20.00 386.12 0 37 3
132 39.41 50.49 14.39 63.53 3 3 3
133 89.11 52.35 11.54 152.04 5 11 3
134 39.89 19.61 21.39 215.01 5 20 4
135 18.38 88.99 29.41 283.26 9 24 3
136 42.03 7.28 10.28 384.10 0 42 4
137 14.93 70.35 31.59 162.09 16 31 1
138 31.77 29.09 3.79 213.65 15 45 4
139 8.42 2.69 6.62 408.43 0 47 1
140 71.88 74.65 3.42 321.49 12 24 4
141 59.69 34.52 6.83 379.30 22 30 2
142 71.66 69.94 17.61 472.74 7 29 2
143 69.36 59.18 36.26 382.62 2 17 2
144 99.39 41.82 1.35 268.58 11 43 3
145 2.96 65.55 40.72 478.65 14 44 4
146 88.91 51.12 26.41 217.35 22 43 1
147 77.96 94.88 12.86 494.24 4 23 2
148 52.30 30.13 42.41 140.33 4 20 3
149 63.24 12.44 18.79 78.72 13 33 3
150 33.00 21.33 38.88 272.82 24 43 2
151 55.41 4.81 42.92 197.65 20 42 1
152 45.07 78.57 12.85 473.45 22 46 3
153 44.56 12.32 24.94 410.70 16 43 4
154 57.90 39.72 22.52 270.17 1 43 4
155 76.40 37.58 27.35 130.13 8 41 1
156 50.84 6.61 14.39 154.12 5 45 4
157 88.88 70.60 34.11 268.55 2 7 3
158 21.20 3.74 27.86 350.87 14 31 4
159 95.06 32.42 37.04 110.30 4 35 1
160 18.08 72.16 19.99 361.25 5 14 3
161 98.08 91.69 16.13 65.03 15 18 4
162 66.00 70.45 19.86 340.47 9 32 4
163 57.91 6.77 42.91 338.95 14 43 3
164 86.89 73.27 11.79 339.60 11 21 1
165 53.00 54.58 30.39 453.89 0 4 4
166 9.09 89.06 47.05 223.78 4 18 4
167 79.88 5.55 8.69 342.23 2 13 2
168 57.18 95.97 18.45 358.65 6 6 1
169 29.69 43.12 1.74 273.06 14 24 1
170 29.72 75.03 17.91 292.54 20 36 3
171 44.36 33.10 38.83 115.80 7 36 4
172 3.24 28.67 26.00 286.38 1 20 3
173 8.50 79.75 12.55 325.19 15 18 3
174 7.24 15.53 49.00 105.14 16 37 1
175 72.40 9.64 44.33 94.33 23 41 1
176 96.08 83.34 1.12 371.56 8 18 3
177 87.49 84.14 47.60 278.33 13 22 2
178 8.35 76.11 15.93 60.12 14 31 3
179 95.06 29.73 19.86 83.41 20 41 2
180 8.39 57.34 9.06 312.14 4 27 3
181 73.79 86.65 9.47 385.88 16 22 2
182 94.47 93.46 4.81 109.68 6 35 1
183 1.11 61.92 20.07 465.27 23 46 3
184 36.31 17.19 38.84 360.04 23 47 4
185 37.78 43.48 43.51 232.38 1 10 3
186 85.21 70.78 25.19 370.66 9 32 3
187 23.81 10.61 39.48 380.81 18 33 3
188 15.37 24.92 34.28 446.03 20 43 2
189 54.15 45.24 46.39 159.41 0 15 2
190 20.48 62.58 22.98 333.21 17 25 2
191 23.36 8.46 18.38 480.27 21 23 3
192 77.55 34.79 48.26 192.41 23 41 1
193 54.44 36.85 24.35 309.52 9 16 1
194 69.77 23.26 8.16 459.24 10 17 2
195 46.24 94.11 11.41 301.20 9 32 3
196 81.00 94.20 13.77 165.66 6 27 4
197 20.34 62.95 10.64 125.35 17 29 3
198 3.06 57.51 5.48 314.59 6 34 2
199 93.18 78.36 24.72 461.45 21 22 2
200 74.56 12.90 7.27 245.49 12 13 3
1 111.72 2803.96 1
2 198.86 4783.06 2
3 162.42 4738.18 3
4 155.96 4750.35 4
5 120.42 4132.80 2
6 152.18 3133.45 1
7 136.76 4135.23 2
8 155.92 3470.24 2
9 193.17 3162.13 2
1 1.69 46.18 7
2 1.17 31.11 1
3 1.26 28.91 8
4 1.94 29.39 1
5 1.22 29.44 7
6 1.23 26.79 6
7 1.33 38.86 3
8 1.68 40.93 6
9 1.41 25.12 5
10 1.45 25.13 2
11 1.01 31.27 4
12 1.07 36.73 9
13 1.15 39.62 3
14 1.84 25.10 5
