Data for Vehicle routing problem with drones - Author: Huyen Do Thi Ngoc
Number of depots: 5
Number of cities: 100
Number of trucks: 7
Number of drones: 9
Area: 100 100 50
Customer maximum demand: 500
Max capacity of truck: 200
Max energy of truck: 5000
Max capacity of drone: 2
Max energy of drone: 50
1 47.44 74.05 47.56
2 79.91 94.93 18.61
3 31.17 96.00 15.65
4 73.39 49.50 9.45
5 20.33 19.55 38.24
1 81.79 32.95 34.15 97.32 18 18 5
2 98.57 94.87 37.71 64.29 2 7 1
3 54.22 29.07 10.80 446.54 14 20 4
4 67.09 26.93 2.42 445.03 17 33 5
5 38.56 81.61 44.40 216.15 5 6 4
6 31.64 91.33 15.99 461.71 13 44 3
7 49.15 25.11 38.37 228.07 11 28 3
8 54.46 27.19 9.30 495.58 21 41 2
9 89.07 0.64 41.55 120.13 3 5 4
10 13.72 56.85 0.52 250.08 8 39 2
11 75.95 96.68 40.20 494.81 9 15 2
12 18.27 6.82 3.89 182.20 6 18 4
13 72.68 99.60 40.71 325.42 10 24 3
14 56.91 47.79 20.04 452.50 12 12 4
15 33.93 1.88 43.43 180.56 18 33 5
16 62.18 25.36 41.66 158.47 0 28 1
17 95.18 22.57 23.21 295.59 8 13 1
18 18.04 77.05 28.95 121.18 16 33 1
19 15.18 39.12 19.13 353.85 24 26 5
20 10.74 88.68 37.52 112.08 11 37 4
21 51.83 65.58 14.35 476.77 4 32 4
22 16.97 15.56 5.42 329.43 18 34 5
23 77.89 70.63 48.46 485.32 8 23 3
24 24.60 6.40 25.07 144.24 2 11 1
25 49.94 61.72 27.70 385.00 8 20 3
26 88.36 94.43 0.75 318.06 22 43 2
27 96.46 73.06 47.52 381.36 15 21 5
28 52.46 97.85 22.53 387.59 14 15 5
29 24.12 74.17 45.83 54.99 5 29 4
30 61.90 72.20 25.22 55.40 7 18 5
31 0.46 69.13 26.21 486.33 14 22 3
32 43.90 73.62 33.67 289.04 23 33 4
33 0.10 63.39 48.45 370.70 12 27 1
34 35.38 75.90 18.31 286.41 6 14 4
35 42.36 98.80 43.49 241.87 2 28 2
36 63.15 44.58 11.25 203.73 13 38 1
37 96.45 93.12 43.26 392.54 1 33 4
38 72.51 22.28 36.62 468.52 24 41 3
39 92.25 32.11 32.84 104.25 5 13 4
40 65.72 95.06 36.21 316.91 19 24 5
41 70.66 37.99 44.99 219.50 0 45 3
42 71.95 14.28 48.17 495.26 9 37 1
43 18.86 14.34 34.78 124.54 13 19 4
44 4.10 58.28 43.34 115.19 10 24 1
45 27.19 12.10 20.08 100.99 14 33 1
46 49.99 45.11 1.73 371.14 14 38 4
47 12.91 5.74 47.59 376.78 19 31 1
48 98.88 54.34 42.18 162.84 9 21 4
49 74.84 41.70 42.67 286.31 3 42 5
50 73.23 88.04 26.26 130.27 7 30 5
51 36.82 76.59 22.51 69.11 14 21 1
52 24.59 33.05 41.82 392.95 11 20 5
53 12.64 29.19 31.25 53.01 1 39 3
54 96.35 35.52 7.46 154.32 6 27 5
55 69.64 52.06 41.79 96.70 18 20 5
56 51.33 98.73 27.36 455.05 16 16 2
57 74.81 88.96 34.09 135.42 12 18 3
58 25.91 32.39 10.59 210.68 11 34 5
59 94.79 88.80 16.52 185.68 6 20 4
60 60.91 8.87 42.28 396.79 22 46 1
61 54.96 22.85 49.39 163.57 14 28 5
62 1.98 30.49 18.98 98.12 23 40 5
63 70.38 19.40 3.63 205.49 6 28 5
64 69.38 81.51 2.33 225.85 7 32 2
65 58.27 63.31 4.43 79.13 8 33 4
66 25.46 21.15 37.73 422.75 5 9 1
67 42.70 39.73 45.43 226.33 6 24 2
68 52.79 77.05 42.47 367.50 23 29 5
69 13.18 9.80 13.22 332.94 17 24 2
70 35.40 91.57 31.09 309.21 12 15 1
71 70.14 96.89 12.58 69.04 17 27 1
72 20.27 18.21 44.99 70.39 20 26 5
73 27.56 21.46 49.10 134.65 9 30 4
74 89.55 87.42 43.81 353.69 0 37 5
75 75.16 11.91 19.54 418.00 11 46 2
76 79.26 66.69 14.72 138.49 20 21 1
77 74.53 16.69 36.81 372.62 22 24 3
78 77.38 2.31 22.05 403.56 23 29 1
79 97.39 56.53 41.61 449.58 11 13 2
80 57.39 91.43 6.71 359.98 20 29 3
81 73.87 81.11 20.36 297.60 8 11 4
82 24.39 18.23 25.38 499.63 21 28 2
83 88.92 74.36 6.61 376.73 15 37 5
84 55.18 93.59 31.31 395.78 4 37 3
85 28.98 35.93 36.30 338.52 3 34 5
86 78.75 98.65 12.83 438.63 23 43 1
87 28.56 66.90 16.48 96.11 13 45 1
88 93.86 17.82 40.94 331.42 4 29 5
89 57.74 20.22 23.83 323.14 13 14 1
90 6.81 53.63 29.67 444.84 12 25 4
91 67.40 53.80 39.67 84.06 16 26 4
92 88.90 35.90 37.19 368.00 2 30 4
93 55.54 6.92 36.71 348.96 17 23 5
94 97.52 36.70 42.61 353.09 23 46 5
95 39.70 68.40 40.80 187.04 8 26 5
96 5.51 93.11 35.29 293.52 21 27 3
97 13.97 27.84 32.82 110.76 10 17 5
98 46.47 64.89 29.33 114.08 23 33 4
99 67.01 63.73 14.41 218.94 11 21 1
100 57.20 55.83 31.90 371.75 11 26 2
1 171.38 3656.58 1
2 198.71 3384.65 2
3 133.46 4525.79 3
4 140.66 3946.01 4
5 199.32 3169.13 5
6 139.44 4468.34 5
7 116.97 3991.79 2
1 1.55 43.23 5
2 1.35 38.06 7
3 1.72 27.21 6
4 1.30 38.11 4
5 1.59 25.38 4
6 1.27 29.20 7
7 1.54 28.79 7
8 1.68 46.24 7
9 1.36 40.72 7
