Data for Vehicle routing problem with drones - Author: Huyen Do Thi Ngoc
Number of depots: 4
Number of cities: 100
Number of trucks: 5
Number of drones: 15
Area: 100 100 50
Customer maximum demand: 500
Max capacity of truck: 200
Max energy of truck: 5000
Max capacity of drone: 2
Max energy of drone: 50
1 57.21 42.82 27.97
2 54.04 15.65 44.33
3 16.29 52.36 7.15
4 95.24 1.72 20.90
1 60.09 99.56 1.86 440.86 20 48 4
2 27.91 39.14 30.66 433.16 9 11 4
3 60.54 79.58 29.37 81.91 22 32 2
4 79.09 26.58 27.43 94.68 9 23 3
5 92.35 32.35 7.17 208.80 21 33 1
6 3.14 43.83 13.69 417.88 1 24 3
7 93.69 27.51 2.58 144.93 11 13 2
8 76.00 78.48 14.63 411.36 24 35 3
9 83.26 84.98 12.23 186.91 2 30 1
10 35.89 65.10 37.49 492.94 0 40 2
11 98.10 55.42 48.70 358.54 22 22 3
12 44.91 36.31 30.11 170.14 7 36 3
13 45.78 77.02 10.01 225.05 2 27 3
14 99.82 70.23 14.36 84.46 15 46 3
15 91.65 19.60 48.67 374.04 18 40 1
16 39.64 57.07 8.79 415.40 17 43 1
17 18.50 95.59 26.53 259.98 11 20 2
18 16.71 64.47 22.87 404.22 11 28 3
19 51.52 47.34 21.37 478.67 9 23 3
20 43.16 83.64 1.62 381.68 13 34 4
21 19.56 84.37 37.31 320.93 14 24 4
22 85.95 64.78 8.79 91.86 3 44 4
23 92.13 48.60 8.52 166.86 8 29 2
24 50.13 38.05 24.29 492.29 4 21 2
25 7.11 5.15 45.45 386.71 20 23 2
26 3.19 63.85 15.57 357.56 4 24 2
27 59.18 29.65 27.91 220.12 14 14 4
28 67.51 2.76 28.05 124.47 13 29 4
29 89.22 34.38 46.74 124.43 3 18 3
30 72.50 15.26 28.91 481.22 18 48 2
31 19.35 41.02 5.26 68.71 12 45 2
32 41.73 88.25 24.10 412.31 15 17 1
33 58.25 90.87 15.18 119.70 11 30 2
34 22.54 15.04 33.40 442.80 11 33 3
35 57.73 63.62 4.79 459.77 10 25 4
36 74.48 51.64 48.84 497.86 2 42 4
37 48.84 73.37 2.86 339.63 16 27 1
38 72.56 28.48 15.05 266.15 15 16 4
39 11.56 58.41 9.25 145.04 16 24 4
40 72.92 72.03 31.21 333.32 18 42 4
41 40.07 87.88 4.33 480.50 7 40 4
42 43.84 38.41 10.54 459.58 4 7 3
43 93.69 77.49 28.52 473.23 23 36 1
44 92.42 91.88 41.97 258.33 5 27 3
45 30.76 67.69 34.63 73.00 21 22 1
46 85.52 23.32 30.34 405.84 11 15 1
47 10.70 96.67 34.19 444.34 22 22 4
48 90.93 88.70 1.17 99.92 13 44 2
49 71.55 25.73 46.65 387.56 18 36 3
50 55.71 61.85 18.13 65.50 19 31 4
51 29.20 7.87 44.40 65.29 8 23 1
52 20.20 32.69 44.07 141.75 4 31 2
53 9.36 8.52 26.40 114.53 16 29 4
54 88.60 42.90 49.21 214.54 21 25 1
55 0.24 16.98 16.09 434.75 13 25 4
56 71.52 31.55 6.49 268.51 17 18 1
57 7.63 46.16 49.81 277.00 18 20 2
58 87.50 64.62 21.39 360.96 23 34 4
59 67.29 62.76 26.70 319.00 2 20 1
60 39.39 30.37 11.10 297.87 21 42 1
61 94.48 28.66 10.58 409.08 19 28 3
62 74.77 60.77 40.87 102.04 17 20 2
63 96.79 86.04 36.60 113.46 19 48 1
64 52.07 97.87 30.00 451.88 15 20 1
65 76.34 83.16 49.16 135.30 11 39 3
66 12.23 13.37 32.39 224.27 15 22 4
67 54.99 2.02 17.72 119.03 18 26 1
68 34.11 33.18 49.07 94.91 12 46 1
69 35.91 93.98 30.22 93.14 13 19 2
70 91.13 45.96 49.60 482.43 24 43 2
71 83.67 55.42 14.01 228.94 19 32 1
72 63.68 92.46 34.66 317.89 3 26 2
73 45.55 28.29 10.35 138.72 2 7 4
74 49.28 26.30 4.44 404.55 18 45 3
75 82.89 39.76 29.34 352.76 12 20 4
76 43.99 56.51 5.84 252.20 18 45 1
77 43.08 0.95 38.24 429.53 15 15 1
78 59.73 30.05 39.65 219.30 6 45 2
79 37.52 22.67 6.23 157.74 1 42 4
80 88.75 95.75 12.12 228.62 8 10 2
81 47.66 93.89 19.83 227.86 4 42 1
82 0.17 58.36 13.93 291.30 8 23 3
83 97.30 58.56 34.77 348.87 3 34 1
84 34.25 86.89 38.11 91.28 13 48 1
85 1.43 22.69 48.44 274.26 0 15 3
86 94.31 96.79 3.63 236.85 3 43 1
87 42.98 16.55 22.56 132.67 0 8 2
88 14.61 48.70 0.13 337.05 21 31 3
89 75.33 12.87 21.98 148.06 0 42 1
90 17.95 20.65 26.62 499.40 22 34 1
91 13.41 7.14 40.38 327.32 23 47 2
92 38.12 84.30 46.59 257.93 17 41 3
93 64.53 35.82 19.02 208.43 11 21 3
94 33.38 7.28 7.87 250.85 19 40 3
95 52.57 26.18 0.74 405.97 14 19 4
96 43.99 75.81 37.18 461.39 22 39 4
97 45.27 92.98 14.76 417.53 12 22 4
98 3.96 99.11 17.32 118.39 1 1 2
99 43.90 38.49 49.35 62.95 0 20 4
100 27.33 20.91 4.78 326.93 24 26 3
1 160.56 4448.83 1
2 137.72 4426.93 2
3 108.02 4010.75 3
4 169.57 4311.63 4
5 173.27 3530.93 3
1 1.52 33.57 3
2 1.62 33.43 2
3 1.99 39.48 3
4 1.07 33.75 5
5 1.10 37.99 1
6 1.04 34.70 4
7 1.32 39.30 4
8 1.90 25.26 2
9 1.66 26.51 1
10 1.15 41.20 1
11 1.76 37.64 1
12 1.57 34.98 2
13 1.60 36.54 4
14 1.21 42.41 5
15 1.41 38.69 4
