Data for Vehicle routing problem with drones - Author: Huyen Do Thi Ngoc
Number of depots: 1
Number of cities: 200
Number of trucks: 5
Number of drones: 6
Area: 100 100 50
Customer maximum demand: 500
Max capacity of truck: 200
Max energy of truck: 5000
Max capacity of drone: 2
Max energy of drone: 50
1 29.59 66.88 32.40
1 13.09 48.68 4.63 421.06 5 37 1
2 91.42 78.90 17.77 428.02 2 14 1
3 26.37 44.59 47.14 54.12 20 21 1
4 33.93 92.68 45.01 129.24 11 43 1
5 5.65 72.01 46.45 465.09 16 19 1
6 85.21 35.02 36.88 307.48 4 37 1
7 95.58 82.05 2.26 172.22 24 41 1
8 15.15 81.88 34.07 476.04 23 48 1
9 97.91 79.04 30.29 344.68 14 28 1
10 84.38 81.87 18.44 461.12 24 30 1
11 83.17 6.36 43.25 372.88 4 11 1
12 37.89 49.17 5.01 222.03 15 42 1
13 58.97 39.35 4.06 55.57 21 31 1
14 48.21 65.00 12.22 302.81 0 32 1
15 55.49 81.78 3.54 290.75 11 29 1
16 92.54 41.84 9.01 334.05 12 39 1
17 72.55 17.82 7.75 129.44 15 29 1
18 54.01 38.53 43.69 194.47 16 26 1
19 33.48 18.45 16.90 128.38 7 32 1
20 6.42 19.93 23.43 169.30 12 13 1
21 43.06 39.28 37.57 83.36 20 24 1
22 76.58 68.85 16.79 60.88 1 11 1
23 69.39 10.84 28.99 457.29 20 44 1
24 87.11 51.25 26.99 336.74 2 22 1
25 16.75 36.70 41.20 116.13 16 41 1
26 23.60 63.69 13.82 343.87 4 33 1
27 0.52 23.03 4.49 264.91 9 44 1
28 78.59 28.69 25.76 313.78 17 26 1
29 91.79 28.10 9.94 463.60 4 10 1
30 89.84 79.93 25.56 153.50 8 19 1
31 0.07 77.19 13.12 485.14 4 29 1
32 65.16 37.87 44.39 97.84 18 46 1
33 55.75 61.47 14.72 303.70 10 40 1
34 99.63 85.87 46.53 191.94 16 47 1
35 0.87 85.90 15.70 51.25 2 16 1
36 70.94 78.93 10.19 152.30 18 39 1
37 82.45 43.21 28.61 423.34 7 18 1
38 95.05 18.38 34.24 426.32 13 46 1
39 81.96 59.94 18.77 262.92 14 15 1
40 7.75 30.66 7.51 444.75 3 33 1
41 46.19 40.97 14.37 165.82 3 14 1
42 2.01 1.90 14.57 463.19 1 7 1
43 85.49 67.52 17.06 431.46 3 43 1
44 23.33 96.80 1.39 325.68 0 25 1
45 80.46 75.09 22.38 101.16 9 15 1
46 87.19 27.35 3.65 366.57 20 46 1
47 83.64 48.09 27.11 289.76 22 29 1
48 75.32 95.98 35.23 134.10 8 19 1
49 23.12 51.72 14.94 76.19 2 45 1
50 6.83 7.65 44.53 286.75 21 39 1
51 36.09 36.53 46.23 367.99 20 27 1
52 95.13 49.17 10.19 224.87 0 5 1
53 29.60 26.86 37.16 345.39 13 23 1
54 2.98 90.20 41.17 218.51 7 24 1
55 84.66 59.08 33.48 246.99 9 12 1
56 31.52 47.46 7.50 227.84 5 35 1
57 84.50 13.96 24.92 386.05 1 43 1
58 57.48 77.29 4.55 234.84 1 42 1
59 29.15 18.76 14.30 218.26 2 20 1
60 83.15 62.80 14.46 301.10 24 38 1
61 57.92 57.75 32.94 138.21 21 24 1
62 60.15 64.16 18.83 159.60 17 37 1
63 23.80 60.47 47.48 449.39 1 23 1
64 42.94 13.88 29.84 396.70 17 44 1
65 38.02 61.69 13.85 460.14 8 16 1
66 74.82 7.98 44.12 184.65 14 18 1
67 89.88 80.97 14.90 360.47 5 28 1
68 59.85 85.18 21.33 450.47 4 37 1
69 30.96 36.81 19.47 406.74 20 28 1
70 43.20 64.83 6.33 340.64 23 42 1
71 80.04 95.80 30.80 296.03 13 18 1
72 38.81 66.02 43.98 361.44 7 27 1
73 53.33 15.04 21.01 295.41 23 48 1
74 94.28 60.86 44.25 132.01 19 32 1
75 24.65 41.36 47.37 285.96 14 20 1
76 10.65 98.86 39.83 325.85 10 43 1
77 77.76 36.45 31.34 102.79 16 29 1
78 81.65 17.69 25.63 435.82 17 28 1
79 97.19 56.01 26.22 279.47 14 41 1
80 65.50 26.58 8.59 388.30 13 38 1
81 27.49 94.15 30.61 434.80 7 34 1
82 86.51 34.23 46.36 345.81 16 28 1
83 94.26 55.11 33.55 107.44 21 36 1
84 30.06 7.98 17.69 65.87 16 39 1
85 28.00 57.28 42.58 62.18 5 5 1
86 37.11 30.44 34.38 378.00 7 36 1
87 73.54 57.67 5.28 423.04 21 40 1
88 36.55 80.27 20.80 85.14 5 14 1
89 27.99 96.42 5.63 489.90 15 23 1
90 39.56 98.41 2.56 153.54 5 21 1
91 0.66 62.56 38.94 186.33 14 24 1
92 23.67 97.68 47.99 63.25 0 29 1
93 76.32 93.84 5.37 179.07 5 44 1
94 41.93 8.11 29.10 152.24 15 23 1
95 14.82 2.12 29.22 285.94 6 10 1
96 59.87 85.69 20.11 198.78 24 35 1
97 39.91 41.68 12.03 354.25 10 41 1
98 85.88 45.80 41.49 243.99 3 40 1
99 90.74 69.02 13.74 420.62 14 23 1
100 24.90 16.47 46.35 101.41 18 42 1
101 86.49 88.51 21.75 367.72 6 48 1
102 1.24 89.13 35.07 375.28 17 48 1
103 72.10 30.89 17.31 398.27 10 11 1
104 71.01 37.38 10.08 349.36 6 42 1
105 53.09 63.25 45.73 399.47 6 48 1
106 67.40 92.86 24.94 458.52 23 48 1
107 2.74 41.80 46.66 200.82 5 44 1
108 13.32 18.38 21.48 262.80 18 39 1
109 68.31 80.26 23.18 127.63 6 13 1
110 63.47 38.60 35.79 224.23 17 48 1
111 77.30 28.07 47.86 244.46 20 45 1
112 38.67 7.51 39.42 460.32 13 15 1
113 30.02 24.88 20.20 288.42 1 41 1
114 36.37 97.22 30.02 206.00 1 14 1
115 15.38 43.41 17.07 95.12 5 16 1
116 50.39 93.57 48.27 309.32 15 42 1
117 47.21 3.12 36.29 71.80 8 39 1
118 77.92 48.34 43.29 61.36 18 21 1
119 77.14 16.11 14.61 333.68 16 43 1
120 52.30 92.20 33.60 218.65 1 10 1
121 91.60 97.54 32.27 467.83 19 24 1
122 9.96 56.39 23.15 294.42 17 32 1
123 52.25 57.05 13.55 114.17 16 42 1
124 80.04 98.03 19.61 249.70 10 24 1
125 13.93 65.91 46.16 209.19 9 9 1
126 99.93 23.39 21.09 448.23 13 31 1
127 6.07 61.06 27.27 404.99 4 25 1
128 20.39 93.27 1.19 295.90 0 48 1
129 88.53 41.71 41.07 255.03 3 48 1
130 82.84 99.85 34.14 305.10 13 26 1
131 28.23 38.94 38.51 426.05 19 45 1
132 55.02 9.31 8.74 72.97 23 34 1
133 42.18 24.11 23.58 372.42 3 44 1
134 47.18 26.73 5.68 285.53 3 47 1
135 33.70 61.14 43.96 98.44 5 10 1
136 52.65 2.96 32.70 400.19 14 35 1
137 60.88 46.99 0.27 200.06 10 26 1
138 91.66 14.63 11.24 80.93 11 17 1
139 58.31 55.62 33.38 489.62 12 14 1
140 36.86 91.08 35.89 84.52 3 40 1
141 44.13 80.90 14.50 412.09 7 8 1
142 50.49 6.06 28.18 126.44 0 48 1
143 3.86 18.93 46.46 356.70 5 31 1
144 51.04 95.33 32.87 173.22 22 31 1
145 87.23 30.68 6.31 213.74 5 9 1
146 42.35 25.02 45.71 334.10 17 47 1
147 21.58 45.64 32.68 488.21 13 37 1
148 68.61 99.75 30.42 184.40 11 43 1
149 0.26 51.77 8.15 122.52 0 6 1
150 35.11 12.80 14.57 137.52 9 43 1
151 71.45 68.36 40.43 449.51 5 8 1
152 50.10 84.18 9.99 278.85 19 31 1
153 2.09 77.37 36.56 288.59 21 42 1
154 93.18 14.44 15.43 483.80 6 11 1
155 44.90 58.62 12.47 364.02 17 23 1
156 95.56 42.92 15.64 356.01 18 30 1
157 3.56 97.96 48.45 199.66 21 30 1
158 91.71 62.97 3.60 229.22 10 25 1
159 96.98 28.35 49.07 312.60 13 23 1
160 84.38 64.86 12.39 450.10 9 39 1
161 84.48 92.03 10.62 408.83 3 35 1
162 93.39 73.40 32.01 270.88 9 33 1
163 55.14 29.23 24.33 117.30 8 10 1
164 56.80 44.32 35.82 200.64 24 28 1
165 21.09 40.09 10.72 72.33 10 16 1
166 37.58 19.56 4.28 492.27 22 38 1
167 62.96 43.60 48.81 78.52 4 15 1
168 90.85 94.77 25.69 495.00 21 23 1
169 18.65 75.37 43.84 452.68 17 36 1
170 12.86 92.78 41.33 227.27 11 33 1
171 63.10 70.87 8.23 147.13 13 21 1
172 78.95 79.53 33.26 268.08 13 48 1
173 56.30 88.11 47.07 365.06 15 24 1
174 37.75 97.39 19.10 329.09 12 21 1
175 59.68 30.00 35.47 167.63 3 9 1
176 43.57 43.59 49.70 284.79 12 45 1
177 43.15 36.12 42.97 419.35 20 39 1
178 41.01 63.74 1.41 420.89 10 37 1
179 54.44 8.98 39.06 97.55 11 36 1
180 39.06 44.11 24.76 468.49 6 7 1
181 8.77 99.91 38.83 179.65 9 31 1
182 38.61 12.06 29.15 438.06 6 28 1
183 94.81 95.98 13.48 416.15 2 2 1
184 37.80 28.51 9.45 483.71 9 38 1
185 91.64 42.48 49.99 476.08 4 35 1
186 62.22 51.33 24.11 360.50 18 38 1
187 28.02 8.65 47.96 145.90 3 28 1
188 85.44 85.40 1.19 65.74 3 9 1
189 48.96 9.84 4.48 108.00 5 17 1
190 32.70 76.55 32.22 169.77 6 18 1
191 47.48 58.10 8.03 339.02 2 35 1
192 29.43 68.24 22.84 309.10 0 45 1
193 57.99 84.76 44.23 93.50 13 39 1
194 35.27 91.32 26.06 188.46 15 33 1
195 75.38 56.45 0.45 288.77 22 34 1
196 1.21 91.91 34.35 380.27 21 21 1
197 44.77 43.38 34.85 466.52 15 28 1
198 33.06 87.84 23.19 214.75 1 31 1
199 75.63 74.94 37.28 166.51 22 24 1
200 82.07 73.79 27.46 349.27 22 29 1
1 129.84 3278.37 1
2 169.34 2900.58 1
3 110.35 3856.94 1
4 110.24 2938.01 1
5 124.39 3163.23 1
1 1.22 41.64 4
2 1.12 28.79 1
3 1.01 43.57 2
4 1.50 40.88 2
5 1.03 28.97 1
6 1.52 35.06 1
