Data for Vehicle routing problem with drones - Author: Huyen Do Thi Ngoc
Number of depots: 5
Number of cities: 400
Number of trucks: 6
Number of drones: 11
Area: 100 100 50
Customer maximum demand: 500
Max capacity of truck: 200
Max energy of truck: 5000
Max capacity of drone: 2
Max energy of drone: 50
1 52.20 56.04 47.77
2 64.00 27.25 20.21
3 28.64 76.19 40.72
4 19.63 56.73 20.03
5 50.21 58.14 18.41
1 69.79 55.30 30.11 265.35 6 44 4
2 78.00 30.47 37.13 485.77 17 33 2
3 84.91 95.94 7.63 346.97 6 21 2
4 31.90 93.80 12.44 323.87 21 37 4
5 88.96 49.30 2.56 140.11 9 27 4
6 73.05 44.32 44.62 266.44 15 16 2
7 48.92 19.38 45.16 128.82 1 38 1
8 35.96 19.56 45.09 404.33 6 10 5
9 25.16 30.93 47.01 198.33 5 39 4
10 46.38 27.10 36.52 391.44 17 47 3
11 61.40 88.25 6.35 429.82 13 36 3
12 33.49 91.75 20.41 230.46 14 14 1
13 1.23 11.47 33.19 85.27 23 45 4
14 79.28 84.80 15.72 464.72 10 20 1
15 77.08 48.54 0.62 381.22 11 15 4
16 43.56 97.26 47.36 105.10 2 46 3
17 64.76 31.67 8.43 236.61 24 24 1
18 94.39 97.23 0.85 321.31 13 31 3
19 65.82 93.03 20.24 451.88 22 38 1
20 4.41 61.28 23.37 210.27 23 42 4
21 25.44 35.97 34.20 470.54 16 38 5
22 96.04 40.41 3.55 287.95 20 30 2
23 14.69 77.24 10.25 348.57 6 18 5
24 55.19 50.62 31.12 425.15 9 16 3
25 79.61 54.62 16.66 164.74 16 35 1
26 31.55 4.92 22.33 403.17 23 46 4
27 11.56 83.49 23.58 483.77 18 42 4
28 14.85 0.43 2.50 344.63 16 18 1
29 21.46 39.90 14.87 256.06 5 45 4
30 46.10 51.75 28.90 88.28 20 30 1
31 4.80 50.67 43.88 154.83 24 25 2
32 82.94 27.05 3.13 91.73 18 23 2
33 97.08 68.95 24.60 387.94 3 17 2
34 75.57 67.07 38.78 323.86 3 23 4
35 89.72 16.38 7.24 68.20 7 26 4
36 66.55 79.86 38.65 146.42 11 36 3
37 76.57 54.33 18.10 82.34 10 40 1
38 93.73 2.05 29.57 262.08 10 18 4
39 31.77 30.91 32.25 468.24 6 37 1
40 36.11 96.79 30.70 130.42 6 29 2
41 70.37 20.41 10.21 50.36 24 35 2
42 54.61 23.10 19.10 127.83 0 13 1
43 10.53 44.61 27.96 422.54 9 32 4
44 19.79 20.00 13.69 116.24 8 48 2
45 95.46 58.17 4.54 156.17 6 11 4
46 8.43 35.61 12.17 475.27 8 25 5
47 98.67 80.07 1.44 305.24 22 38 1
48 42.17 11.00 37.21 126.75 19 48 3
49 16.79 69.83 40.18 495.40 9 43 3
50 50.20 99.34 20.92 92.96 5 24 3
51 93.98 91.22 9.07 352.10 20 24 5
52 88.37 65.86 0.03 496.76 9 17 3
53 45.17 50.51 45.70 123.95 22 38 3
54 11.78 35.56 21.86 255.88 14 44 1
55 20.93 86.02 13.19 120.62 0 37 3
56 5.26 42.32 11.47 213.43 2 13 2
57 37.31 24.51 13.34 298.13 10 20 4
58 80.17 79.96 47.79 454.37 9 27 3
59 81.47 71.19 30.57 495.69 16 25 2
60 74.69 70.09 13.44 343.13 19 37 4
61 7.76 62.38 45.96 448.56 5 46 1
62 87.31 19.91 8.55 288.57 5 9 5
63 63.07 4.01 2.86 334.89 3 48 2
64 12.26 0.88 22.52 72.86 19 20 3
65 57.00 88.65 3.00 195.35 22 34 4
66 90.40 40.85 9.76 365.70 21 41 4
67 81.66 51.78 49.57 442.67 12 23 3
68 98.64 95.72 21.79 475.31 19 32 4
69 48.59 90.63 19.26 160.85 24 24 1
70 47.93 2.98 27.11 268.22 12 27 5
71 33.31 33.19 38.28 492.36 22 30 3
72 37.89 53.94 28.89 78.91 10 28 1
73 54.52 18.36 47.02 492.36 20 36 5
74 20.99 90.58 13.57 245.12 1 42 2
75 69.45 57.58 29.13 114.01 8 19 4
76 37.94 45.62 41.59 173.84 18 47 3
77 36.37 87.62 13.79 91.68 14 15 4
78 48.83 25.35 37.13 337.84 4 24 5
79 13.17 92.63 16.62 462.26 19 29 4
80 42.90 13.27 6.41 50.57 17 23 4
81 64.25 56.36 29.71 180.02 0 29 5
82 33.33 41.11 11.53 132.63 12 36 4
83 87.34 88.48 30.50 268.88 13 45 4
84 42.94 11.00 26.56 150.71 0 13 4
85 61.21 46.69 16.76 180.68 1 9 4
86 97.05 53.84 19.93 257.72 13 15 5
87 55.14 32.84 47.09 379.37 0 47 1
88 64.49 38.82 21.42 375.56 3 41 2
89 13.76 83.47 29.86 226.72 12 34 2
90 70.87 21.10 13.86 480.31 9 30 3
91 13.95 92.30 4.47 141.87 23 31 3
92 26.86 87.41 35.88 347.59 8 33 4
93 54.08 93.43 22.40 120.50 1 17 1
94 5.05 76.85 28.48 499.53 20 41 1
95 33.08 20.39 40.96 267.45 5 38 1
96 32.90 94.47 47.59 126.26 12 43 2
97 0.51 40.09 28.57 222.92 2 44 4
98 53.51 19.34 37.08 311.63 4 46 3
99 37.16 12.98 1.22 125.45 14 45 5
100 71.20 77.40 33.84 404.81 24 26 5
101 97.13 17.99 13.96 318.84 7 29 4
102 85.29 0.88 22.22 168.79 17 43 5
103 66.31 7.07 4.74 77.31 19 21 4
104 54.18 28.45 1.93 317.39 5 34 1
105 75.44 26.00 3.78 261.40 13 32 1
106 5.93 54.31 32.95 414.71 14 26 1
107 80.11 10.57 42.56 389.99 9 21 1
108 63.69 30.04 27.64 356.99 7 19 3
109 29.75 51.77 15.25 450.13 14 33 3
110 22.42 54.53 0.03 166.78 11 34 2
111 30.71 31.15 7.19 494.60 13 46 2
112 36.77 40.91 22.85 389.40 4 27 2
113 98.35 38.49 14.31 475.50 4 31 3
114 34.05 88.19 3.93 370.82 12 34 5
115 73.80 90.29 15.90 104.25 8 28 2
116 54.91 24.67 47.92 455.14 19 39 3
117 42.53 85.96 43.03 319.42 17 29 3
118 81.39 77.32 47.02 474.97 20 27 4
119 41.86 30.41 28.30 352.70 22 37 5
120 5.86 77.63 30.62 94.12 9 32 4
121 29.65 20.75 34.77 201.92 5 40 3
122 41.45 23.33 1.28 495.56 13 29 1
123 33.22 87.95 21.14 226.64 19 25 1
124 72.05 15.45 47.72 225.00 6 40 5
125 11.54 90.99 22.86 63.36 16 25 1
126 0.29 48.01 38.87 475.74 8 31 1
127 88.25 47.86 19.80 323.47 11 30 1
128 34.38 12.53 29.65 55.08 5 13 4
129 26.21 79.65 26.00 447.18 10 45 4
130 74.52 22.05 17.19 269.83 2 21 5
131 90.71 98.47 21.46 194.18 12 45 2
132 40.73 22.08 3.89 410.84 17 32 3
133 71.35 9.81 20.83 414.42 4 21 5
134 64.29 68.94 46.60 192.75 13 35 5
135 33.15 18.02 46.69 264.34 22 32 5
136 17.65 16.55 15.65 96.10 6 39 4
137 70.63 63.38 14.71 308.80 10 17 1
138 7.24 13.82 24.41 251.81 14 19 5
139 6.98 89.42 34.46 416.85 11 38 1
140 71.98 94.72 21.50 332.39 8 26 3
141 71.86 59.90 49.05 458.64 13 19 3
142 37.91 12.38 39.56 454.08 3 23 5
143 44.74 35.80 11.63 267.98 23 32 4
144 56.77 9.27 25.46 232.59 3 13 2
145 36.15 68.33 30.59 334.48 9 10 3
146 72.10 63.60 20.99 387.66 17 30 2
147 86.01 47.05 26.53 176.33 13 20 2
148 90.58 86.75 44.30 352.77 17 20 4
149 1.75 64.15 40.31 160.03 10 47 5
150 93.67 68.13 46.87 262.95 11 30 1
151 77.42 83.08 16.02 494.91 3 37 1
152 83.82 72.75 39.69 67.48 10 41 5
153 74.37 82.95 9.96 327.70 18 48 2
154 93.11 9.22 38.59 315.47 0 15 4
155 35.81 71.19 14.84 341.39 11 46 4
156 47.62 6.89 46.43 424.80 22 44 3
157 6.85 20.82 32.21 117.59 10 45 1
158 21.37 43.56 15.39 306.24 6 15 2
159 56.77 26.07 33.11 494.23 20 43 4
160 68.52 4.98 3.98 296.11 13 28 1
161 13.67 85.49 18.83 149.17 5 46 3
162 46.13 10.66 4.39 428.38 4 9 2
163 89.78 92.31 23.09 331.94 12 36 3
164 58.54 36.25 46.85 215.55 13 44 5
165 45.27 74.60 33.05 61.75 6 11 2
166 83.67 37.18 28.77 426.29 5 10 4
167 76.94 94.55 41.84 366.56 16 42 2
168 3.76 11.83 7.22 56.51 10 47 5
169 47.00 7.08 16.06 183.31 24 41 3
170 16.72 44.18 35.53 441.36 5 32 3
171 0.14 10.93 0.39 166.44 4 18 3
172 14.75 32.79 34.38 484.94 9 30 1
173 69.75 53.39 26.95 344.25 21 35 5
174 59.30 85.60 4.43 339.61 22 27 2
175 0.31 74.75 38.31 58.66 24 44 2
176 82.71 20.54 38.38 301.24 13 26 5
177 2.54 51.20 45.87 236.75 24 47 1
178 11.44 80.03 22.23 151.23 21 24 1
179 37.09 22.27 45.12 452.18 0 21 2
180 4.28 40.69 4.77 314.38 16 41 5
181 78.26 21.74 48.75 480.74 16 39 2
182 57.67 56.71 32.19 372.60 21 37 5
183 80.01 11.89 9.28 252.08 5 33 2
184 75.76 94.34 44.03 198.63 5 26 3
185 76.65 80.60 30.09 55.11 14 47 4
186 61.12 26.02 6.34 260.33 15 18 2
187 63.40 43.62 16.16 132.25 15 29 2
188 33.25 95.08 27.42 408.15 7 8 1
189 10.35 60.00 40.19 315.24 18 24 5
190 70.49 43.93 10.98 379.67 17 19 4
191 61.90 17.13 7.42 293.85 19 44 3
192 68.92 80.54 23.74 189.76 7 46 5
193 2.79 98.20 37.15 71.01 5 46 5
194 87.14 60.82 21.03 191.24 20 38 2
195 32.20 47.34 26.97 153.63 4 7 4
196 8.87 68.86 47.03 139.22 13 23 3
197 72.61 80.63 23.93 93.69 21 34 5
198 96.43 90.69 19.74 262.09 11 29 3
199 1.68 77.78 39.28 144.34 14 17 2
200 56.33 93.17 7.73 124.29 24 26 3
201 83.19 36.63 27.90 421.54 13 17 1
202 31.51 56.96 22.84 186.25 11 44 5
203 23.99 65.87 26.81 104.09 8 27 5
204 25.59 63.95 16.49 350.03 19 48 2
205 27.89 41.26 16.62 311.41 21 40 5
206 74.77 26.94 15.56 495.79 9 18 3
207 26.24 90.81 34.88 197.13 2 17 3
208 87.94 62.14 46.10 329.11 9 13 1
209 20.29 39.24 35.86 92.09 9 40 4
210 18.99 1.25 46.86 397.73 21 48 2
211 25.95 3.09 20.37 475.56 0 22 2
212 96.27 77.49 48.04 307.83 4 20 2
213 82.14 20.90 35.06 193.68 10 13 3
214 93.87 35.60 18.94 278.64 18 35 1
215 76.68 65.46 39.67 116.40 11 32 1
216 23.12 57.61 2.67 211.35 21 43 5
217 79.81 95.36 31.31 469.66 13 13 3
218 97.98 58.97 20.63 67.03 12 16 2
219 48.25 31.40 19.31 161.63 6 32 2
220 86.51 57.96 46.26 340.82 17 37 2
221 81.40 21.26 47.76 154.97 2 7 3
222 84.34 64.38 48.24 364.99 1 4 4
223 41.66 79.16 10.37 340.47 21 31 4
224 78.25 59.74 47.59 337.61 16 28 4
225 98.84 33.80 16.86 177.09 1 42 3
226 60.10 18.05 36.58 180.74 24 47 2
227 59.44 44.99 44.48 302.38 1 16 4
228 11.92 23.71 37.88 408.77 21 48 1
229 92.85 99.14 27.26 404.31 5 42 2
230 10.47 58.62 15.88 58.52 8 26 5
231 81.58 76.71 47.43 435.27 10 45 4
232 56.45 77.11 7.60 447.06 5 16 3
233 62.71 96.67 43.29 375.99 13 21 4
234 3.32 28.36 20.47 403.12 19 35 5
235 31.51 64.67 32.51 276.42 18 19 5
236 51.72 27.02 11.44 314.69 6 25 2
237 6.72 89.00 16.18 477.69 6 11 5
238 47.09 27.28 44.62 404.97 1 47 1
239 83.99 81.42 21.52 275.54 7 22 5
240 51.67 30.83 41.87 282.78 24 40 2
241 23.20 18.49 27.66 185.06 22 37 2
242 63.72 70.09 15.37 394.06 8 35 1
243 83.53 71.48 10.61 449.20 17 20 3
244 97.34 38.52 15.07 118.26 7 28 4
245 12.83 55.01 8.98 470.47 3 33 5
246 46.89 81.08 4.92 350.85 23 33 4
247 66.08 45.47 15.80 290.29 7 46 5
248 30.18 86.51 8.41 332.99 13 19 4
249 69.65 61.62 4.42 405.19 15 22 2
250 15.28 46.91 22.54 479.48 11 34 2
251 87.58 50.95 17.24 168.26 3 11 3
252 24.27 47.54 3.67 143.01 21 37 1
253 16.23 74.66 28.56 310.47 0 25 3
254 87.14 67.74 37.65 448.56 9 41 4
255 49.86 41.95 46.16 231.68 5 8 1
256 1.57 68.31 43.33 443.86 11 40 5
257 31.70 3.53 27.23 389.15 20 22 4
258 77.18 48.05 15.37 273.57 22 25 4
259 83.87 83.63 19.86 186.81 24 38 1
260 25.37 50.54 2.63 256.11 7 32 4
261 18.73 39.99 40.05 356.31 4 34 5
262 67.74 89.84 9.43 97.24 9 47 4
263 26.38 27.10 19.21 375.82 4 48 1
264 20.55 69.80 0.24 205.83 22 31 2
265 53.42 93.35 6.86 451.69 3 11 4
266 73.56 21.29 21.82 270.88 19 22 2
267 63.97 83.98 32.61 110.25 21 33 5
268 97.64 61.19 29.62 145.79 8 42 2
269 9.98 51.73 33.54 105.67 14 16 5
270 39.02 24.61 6.69 278.46 12 40 5
271 18.48 43.48 20.56 367.39 4 18 1
272 91.36 60.18 25.06 365.39 9 36 5
273 60.01 40.46 36.40 404.07 7 44 5
274 80.44 36.65 16.03 126.06 2 39 3
275 30.90 97.95 27.76 229.91 15 32 3
276 6.10 2.60 3.57 253.94 13 25 4
277 78.74 29.03 24.20 415.68 15 38 5
278 65.68 78.53 26.04 134.14 21 40 3
279 17.52 60.88 37.49 294.63 17 22 2
280 85.51 49.20 20.94 253.72 7 34 3
281 2.60 32.46 18.63 265.07 0 3 1
282 91.27 77.98 4.09 498.00 14 24 1
283 4.91 74.64 32.40 191.89 12 48 5
284 79.44 31.62 34.98 281.59 4 36 2
285 70.60 50.69 30.34 164.40 14 35 4
286 87.41 97.04 36.02 78.09 4 39 3
287 5.55 20.82 45.55 319.08 4 31 5
288 39.95 67.89 34.81 319.81 16 32 3
289 38.99 28.49 33.09 436.85 23 35 4
290 11.49 44.81 13.30 147.02 17 22 5
291 8.43 83.31 44.83 454.49 6 13 4
292 67.83 63.52 31.50 137.11 16 42 1
293 62.76 31.05 25.42 85.75 21 39 1
294 91.86 91.69 40.69 245.32 0 39 1
295 50.96 47.25 39.69 491.64 16 27 2
296 93.30 3.38 23.31 328.65 17 32 3
297 49.09 0.46 31.28 281.56 24 34 3
298 74.16 12.75 25.36 261.79 6 29 4
299 28.04 0.19 8.13 397.00 23 24 3
300 59.50 4.64 4.08 188.31 18 25 4
301 2.48 13.38 42.32 274.67 4 4 3
302 53.02 16.49 40.62 254.52 7 14 5
303 22.22 26.32 43.38 286.96 5 47 5
304 7.65 96.45 6.14 156.98 19 27 5
305 55.50 63.01 39.13 289.56 15 25 1
306 73.88 14.26 41.95 122.40 8 40 1
307 1.18 21.89 16.76 90.57 10 22 1
308 93.31 51.49 11.10 175.95 23 30 1
309 42.57 68.32 4.98 246.62 23 48 4
310 39.28 1.73 46.90 293.77 19 32 3
311 41.59 75.52 46.36 294.85 23 25 2
312 47.78 60.32 32.25 201.93 14 17 5
313 85.04 38.58 47.94 173.78 24 31 1
314 44.33 85.61 5.35 62.44 21 45 5
315 78.86 75.02 48.99 89.97 5 12 5
316 59.77 59.89 25.98 290.11 19 28 5
317 98.34 45.18 10.55 390.24 5 12 3
318 21.24 58.18 30.92 362.42 21 28 4
319 5.44 95.55 31.94 360.43 11 37 4
320 79.03 16.16 16.41 392.46 7 44 3
321 53.39 17.45 31.67 192.91 14 44 3
322 31.95 32.28 39.08 259.22 21 39 1
323 96.30 72.34 34.48 179.77 21 38 2
324 95.55 57.10 22.50 269.09 9 11 1
325 11.28 79.71 28.77 263.77 24 42 5
326 3.37 48.64 26.02 462.56 19 36 2
327 7.98 3.52 41.24 212.18 21 38 3
328 40.91 86.63 47.07 247.86 22 30 3
329 32.32 7.10 12.75 480.23 1 40 5
330 96.14 0.67 1.91 330.83 9 11 1
331 72.99 66.36 3.92 452.74 4 31 2
332 74.25 20.27 31.38 171.86 3 27 4
333 44.66 78.38 39.00 276.33 7 43 1
334 31.02 38.99 1.46 74.09 22 36 5
335 45.72 91.87 14.28 191.12 22 44 2
336 94.56 96.31 45.42 131.16 3 40 3
337 70.74 20.77 17.56 422.36 19 25 5
338 35.99 36.71 46.78 113.51 3 15 4
339 62.92 85.91 28.20 383.69 13 44 5
340 33.14 32.98 21.98 161.11 18 47 3
341 54.90 96.32 25.17 454.67 10 28 1
342 46.35 12.75 31.23 472.74 0 3 3
343 26.06 53.81 32.72 152.35 5 17 2
344 93.39 7.25 40.64 479.26 19 22 3
345 41.96 39.55 49.05 253.60 6 46 4
346 34.02 23.71 7.47 309.17 7 43 3
347 78.86 29.55 0.88 480.32 9 48 3
348 45.88 44.58 27.55 471.82 17 45 5
349 20.90 52.28 6.08 121.07 22 30 1
350 0.34 0.78 25.84 258.83 15 26 5
351 44.03 10.85 11.76 219.55 5 7 3
352 89.71 3.64 6.29 222.78 8 18 5
353 56.83 31.83 35.12 348.61 3 45 5
354 21.19 55.08 34.85 487.13 22 38 2
355 2.55 95.66 43.07 221.41 22 43 3
356 21.79 92.52 25.47 205.84 1 31 5
357 6.54 65.97 4.72 314.97 20 42 5
358 84.60 88.62 35.80 374.58 10 43 5
359 75.54 6.80 3.78 181.13 12 39 2
360 0.78 93.54 12.32 253.30 3 40 2
361 66.43 7.49 13.57 416.30 20 47 2
362 54.21 0.01 5.85 110.52 22 27 4
363 52.92 39.54 1.75 275.53 3 25 5
364 65.81 81.50 12.59 315.05 4 21 2
365 44.62 39.99 20.63 58.76 15 21 5
366 95.91 68.31 31.66 182.53 16 46 4
367 82.44 56.40 31.82 166.54 6 31 2
368 36.36 49.33 5.85 494.86 10 27 1
369 33.05 19.28 24.43 123.44 18 48 2
370 92.51 48.39 3.07 63.41 21 23 4
371 74.99 95.73 0.78 425.59 21 44 2
372 70.76 30.96 43.61 112.24 10 33 4
373 56.59 97.74 7.82 115.89 15 45 1
374 29.78 94.58 23.72 408.61 23 44 5
375 88.85 93.93 39.58 124.28 24 39 3
376 39.59 71.05 12.11 370.03 17 40 2
377 58.67 78.13 15.43 314.53 10 38 4
378 82.43 25.52 26.87 188.33 21 43 4
379 50.46 10.88 4.13 441.50 1 28 3
380 24.59 95.42 23.18 378.71 21 22 3
381 74.33 65.07 41.81 135.07 6 44 3
382 97.34 46.75 15.43 417.61 19 23 4
383 87.62 68.16 38.06 400.39 2 3 3
384 63.45 62.97 10.46 391.48 6 12 1
385 23.86 37.19 38.43 150.99 20 24 5
386 13.40 97.83 10.18 465.60 8 31 4
387 15.76 74.51 6.25 120.77 23 38 4
388 23.99 28.12 27.86 349.76 0 43 3
389 60.57 7.79 27.64 179.81 22 29 1
390 88.15 7.79 18.22 169.67 19 46 1
391 82.03 89.66 41.87 450.71 3 41 5
392 34.68 79.48 42.98 58.84 17 23 4
393 82.11 29.60 41.46 195.29 17 17 1
394 12.29 48.14 33.33 341.44 8 41 2
395 99.70 80.88 23.07 402.41 12 40 4
396 95.02 64.93 23.83 221.91 4 25 5
397 65.09 81.17 28.41 349.97 16 41 5
398 77.01 59.47 13.29 438.81 16 47 1
399 74.53 0.24 22.46 259.75 22 40 2
400 52.29 35.96 20.05 357.61 10 25 3
1 188.91 4776.06 1
2 154.92 3511.68 2
3 113.18 3288.64 3
4 161.09 3305.55 4
5 151.48 4242.49 5
6 186.23 4011.45 4
1 1.47 31.18 1
2 1.65 48.09 4
3 1.84 29.88 3
4 1.29 47.20 1
5 1.03 27.58 2
6 1.66 28.43 6
7 1.43 45.33 6
8 1.14 42.52 5
9 1.49 41.75 3
10 1.74 25.83 2
11 1.93 49.98 3
