Data for Vehicle routing problem with drones - Author: Huyen Do Thi Ngoc
Number of depots: 1
Number of cities: 300
Number of trucks: 6
Number of drones: 15
Area: 100 100 50
Customer maximum demand: 500
Max capacity of truck: 200
Max energy of truck: 5000
Max capacity of drone: 2
Max energy of drone: 50
1 99.76 22.57 4.41
1 58.36 37.93 19.10 394.77 9 26 1
2 32.29 4.76 18.55 174.00 7 39 1
3 81.75 80.88 36.48 246.56 14 23 1
4 0.64 71.31 6.24 319.06 8 26 1
5 73.85 75.77 3.84 285.70 12 35 1
6 95.89 97.40 36.35 120.00 17 26 1
7 25.31 83.02 1.35 81.98 21 36 1
8 91.34 65.24 44.82 371.71 17 46 1
9 26.61 15.05 31.18 198.16 15 45 1
10 58.18 22.30 21.69 159.48 14 33 1
11 4.75 20.07 16.11 114.95 4 37 1
12 19.39 50.71 14.03 73.33 5 35 1
13 83.77 8.98 14.18 55.64 8 28 1
14 0.96 34.95 4.88 195.02 12 35 1
15 0.32 96.58 16.17 283.01 3 38 1
16 57.81 26.55 21.79 443.71 6 23 1
17 72.11 87.15 3.42 338.26 3 10 1
18 22.02 94.50 26.56 104.25 15 17 1
19 69.15 16.67 19.69 127.42 6 9 1
20 67.98 46.12 48.73 135.88 18 30 1
21 41.28 27.71 47.49 215.77 2 18 1
22 51.24 70.85 45.06 143.59 13 21 1
23 25.91 7.61 2.65 377.26 1 7 1
24 84.14 21.91 19.03 406.88 0 1 1
25 45.54 89.66 36.16 179.94 22 34 1
26 30.14 85.92 10.06 84.01 3 33 1
27 72.18 10.08 14.77 165.05 11 19 1
28 22.47 12.36 42.12 492.50 24 32 1
29 83.93 59.28 36.45 217.86 6 46 1
30 53.97 21.06 17.87 265.79 3 42 1
31 63.53 32.03 13.10 484.63 11 30 1
32 24.59 12.04 44.96 471.44 21 47 1
33 91.44 79.75 7.64 190.53 4 36 1
34 62.17 26.07 24.13 250.77 16 27 1
35 4.83 85.23 42.26 296.42 13 45 1
36 57.23 80.23 26.81 424.52 17 31 1
37 8.72 45.84 28.83 371.25 3 40 1
38 52.44 14.31 41.37 146.30 4 24 1
39 8.87 14.58 3.97 448.06 16 17 1
40 45.49 3.62 18.64 193.89 15 38 1
41 32.10 26.83 6.40 189.40 8 18 1
42 94.00 25.35 28.88 271.90 8 47 1
43 91.66 78.17 29.56 216.86 6 26 1
44 13.14 64.75 9.76 378.82 21 29 1
45 61.06 17.81 28.57 120.74 24 46 1
46 73.89 69.89 15.02 465.65 6 48 1
47 12.65 37.06 47.62 406.81 2 12 1
48 8.16 86.09 41.04 335.91 14 16 1
49 62.28 50.09 28.62 318.85 13 34 1
50 79.63 87.57 26.82 248.14 10 26 1
51 97.96 51.53 40.35 149.63 19 39 1
52 56.29 79.76 3.32 79.44 2 10 1
53 93.73 36.17 47.89 478.67 14 37 1
54 84.77 31.12 1.45 201.23 24 44 1
55 4.59 53.29 10.42 117.34 11 44 1
56 58.73 79.70 35.76 204.36 6 22 1
57 51.92 78.76 29.78 496.29 6 15 1
58 4.92 95.90 48.07 264.98 24 27 1
59 26.52 26.72 23.95 170.32 2 7 1
60 53.59 28.02 8.03 366.25 7 36 1
61 17.70 66.86 41.92 437.14 2 26 1
62 10.37 40.96 36.76 179.81 9 15 1
63 2.35 74.16 26.48 84.95 21 26 1
64 36.27 32.49 0.39 318.21 23 41 1
65 47.35 50.64 32.07 452.25 6 23 1
66 69.84 21.99 17.38 309.52 11 20 1
67 56.68 94.40 22.77 415.84 14 43 1
68 17.12 8.81 2.55 268.61 6 36 1
69 88.60 38.42 32.34 111.21 10 13 1
70 14.08 72.65 33.31 241.28 6 24 1
71 69.18 39.92 1.51 115.75 16 37 1
72 96.76 31.80 39.59 144.80 15 32 1
73 93.79 94.85 22.17 312.71 22 32 1
74 72.68 71.23 38.55 62.57 9 27 1
75 72.71 26.73 23.01 381.08 17 45 1
76 5.25 30.46 10.70 286.47 12 18 1
77 83.08 83.02 11.17 377.38 19 44 1
78 83.54 51.24 9.32 300.30 3 20 1
79 48.27 4.26 38.28 356.29 7 7 1
80 70.74 89.28 26.13 376.38 13 14 1
81 80.70 17.28 20.77 317.01 4 8 1
82 90.06 15.52 6.02 498.62 12 31 1
83 87.94 47.20 46.48 235.53 20 24 1
84 8.36 1.04 17.19 249.69 10 43 1
85 5.99 64.02 8.49 455.42 11 32 1
86 78.51 1.20 0.94 418.20 11 48 1
87 25.70 5.30 33.64 222.97 5 35 1
88 13.65 72.41 45.46 276.27 10 17 1
89 81.28 16.74 43.63 230.23 16 40 1
90 40.43 42.77 9.93 442.58 3 11 1
91 21.94 29.13 16.65 434.59 2 37 1
92 93.80 73.98 29.91 105.65 4 9 1
93 53.02 34.49 48.57 115.97 6 28 1
94 75.06 66.80 26.49 143.25 19 32 1
95 37.52 75.36 20.99 356.74 17 31 1
96 88.27 24.63 40.91 476.23 2 41 1
97 95.17 12.87 28.23 218.97 0 29 1
98 7.79 22.65 33.30 442.24 20 30 1
99 10.79 36.60 21.58 248.14 23 44 1
100 26.91 11.42 16.22 435.97 14 34 1
101 37.96 9.31 40.66 73.71 11 19 1
102 6.91 4.30 49.24 280.36 13 24 1
103 13.74 81.11 45.61 392.97 3 10 1
104 83.77 4.02 40.41 366.80 24 31 1
105 80.39 53.79 44.73 420.85 4 6 1
106 45.27 43.15 3.74 87.59 5 32 1
107 50.92 42.93 31.92 146.85 21 41 1
108 33.73 39.87 2.53 293.11 13 29 1
109 28.02 52.09 29.27 83.17 22 45 1
110 1.98 91.53 2.69 64.97 13 40 1
111 27.35 55.12 36.26 86.97 17 19 1
112 23.69 15.77 33.47 327.67 0 41 1
113 66.99 7.59 13.38 303.77 24 42 1
114 0.60 21.38 43.15 360.07 9 24 1
115 17.41 28.39 10.67 246.63 20 44 1
116 65.32 13.00 14.19 399.84 21 44 1
117 51.55 42.87 31.79 261.60 14 19 1
118 34.43 48.69 40.04 93.06 11 35 1
119 49.90 70.63 26.24 198.33 9 38 1
120 85.21 40.33 15.21 116.78 0 22 1
121 56.57 55.59 3.67 299.02 6 48 1
122 72.14 40.33 11.75 274.11 7 7 1
123 96.35 48.22 39.00 218.37 22 42 1
124 44.22 23.00 20.22 392.06 21 28 1
125 85.59 93.44 2.37 233.76 15 34 1
126 52.43 94.76 10.65 176.68 14 20 1
127 9.06 92.03 38.43 254.25 19 26 1
128 6.95 51.07 39.57 332.06 8 44 1
129 5.86 63.45 29.88 197.87 11 22 1
130 99.04 55.98 3.86 79.02 18 25 1
131 17.11 50.48 27.50 240.80 22 22 1
132 33.54 43.64 41.56 234.68 9 25 1
133 91.78 2.32 7.60 472.26 10 45 1
134 53.38 42.55 36.58 475.05 21 46 1
135 89.45 56.23 10.53 445.67 5 20 1
136 97.04 99.50 45.05 251.25 24 26 1
137 4.63 95.58 5.30 341.23 19 41 1
138 20.53 88.86 46.74 212.28 3 3 1
139 96.56 54.66 15.76 453.35 19 46 1
140 45.28 71.54 21.49 482.30 8 35 1
141 85.75 80.86 36.17 140.28 7 45 1
142 72.89 0.56 6.56 463.99 6 31 1
143 70.64 88.38 4.77 274.05 21 28 1
144 83.88 69.24 24.69 99.51 22 32 1
145 48.29 41.86 9.26 154.26 18 24 1
146 83.94 34.10 11.50 317.86 0 23 1
147 79.60 79.80 46.11 281.54 9 36 1
148 84.90 33.99 9.60 202.19 2 40 1
149 54.21 85.45 47.88 388.13 5 29 1
150 31.48 16.43 43.33 411.59 23 47 1
151 37.74 17.06 40.53 369.09 4 23 1
152 6.87 94.78 32.33 297.31 21 37 1
153 26.56 29.02 30.57 142.42 16 17 1
154 81.43 69.47 16.83 375.86 13 28 1
155 21.63 51.06 21.20 133.46 6 8 1
156 76.11 32.17 26.37 251.72 16 24 1
157 4.38 18.94 23.72 239.06 12 39 1
158 56.89 90.46 1.42 161.36 0 11 1
159 73.79 65.28 34.30 304.64 10 48 1
160 31.16 54.50 0.12 411.97 18 20 1
161 69.97 79.44 35.93 103.95 19 47 1
162 95.38 28.59 13.19 432.66 1 8 1
163 77.19 16.24 3.27 452.67 6 28 1
164 93.88 69.54 47.54 171.53 22 31 1
165 19.91 17.09 30.85 419.28 23 46 1
166 75.04 61.17 48.06 55.76 23 27 1
167 55.95 70.19 20.40 95.37 11 33 1
168 70.02 12.09 32.27 102.23 15 44 1
169 5.88 73.66 43.42 309.06 17 37 1
170 24.50 44.81 49.26 403.84 8 34 1
171 86.72 1.64 3.08 341.79 13 42 1
172 18.34 38.05 46.36 212.10 15 34 1
173 26.20 48.99 15.95 278.57 20 43 1
174 22.20 78.33 16.60 401.81 5 35 1
175 84.95 83.54 10.99 410.50 2 20 1
176 46.45 68.33 12.02 124.51 11 41 1
177 10.19 56.30 14.87 443.82 21 38 1
178 69.45 66.85 13.29 442.87 11 45 1
179 79.67 16.83 21.87 442.77 4 31 1
180 26.55 4.51 36.27 256.60 12 29 1
181 99.24 25.59 21.32 157.98 2 21 1
182 87.40 61.37 28.82 56.89 3 8 1
183 98.27 82.27 16.28 394.37 17 39 1
184 31.79 45.65 25.90 187.03 6 35 1
185 87.46 74.60 13.02 197.82 7 24 1
186 29.18 29.47 8.27 487.92 17 20 1
187 47.78 86.36 46.03 397.09 20 40 1
188 76.21 35.54 5.94 298.66 7 32 1
189 61.58 93.65 28.61 205.32 4 12 1
190 34.12 66.50 36.53 471.29 10 24 1
191 35.26 38.50 15.56 442.09 24 28 1
192 27.43 57.45 2.60 272.93 17 20 1
193 13.05 93.18 13.34 150.92 3 30 1
194 39.67 83.03 6.14 312.18 16 30 1
195 89.81 83.23 26.62 108.68 13 42 1
196 8.05 82.52 11.30 222.60 22 43 1
197 19.80 32.39 3.70 381.65 3 25 1
198 77.84 88.08 48.54 63.86 7 46 1
199 30.00 72.31 3.66 137.09 13 37 1
200 75.60 12.20 13.93 318.44 12 19 1
201 49.76 63.55 1.54 218.47 9 35 1
202 86.60 65.35 12.07 152.84 19 27 1
203 83.96 85.21 6.34 424.31 18 41 1
204 5.85 73.87 49.46 475.94 21 21 1
205 35.62 74.96 46.98 70.67 23 29 1
206 38.56 64.44 32.70 419.94 18 30 1
207 75.00 7.71 32.13 416.35 1 23 1
208 6.19 93.66 36.20 387.85 12 26 1
209 8.58 20.92 22.77 155.00 4 26 1
210 99.24 95.62 48.52 385.14 6 24 1
211 97.56 25.21 24.02 249.15 1 32 1
212 14.58 14.21 35.91 430.36 24 43 1
213 67.53 78.86 43.20 318.35 12 29 1
214 41.65 24.15 40.13 186.45 21 27 1
215 76.93 13.17 26.62 127.40 8 47 1
216 56.01 52.54 10.21 491.11 15 44 1
217 26.32 48.57 44.58 487.23 2 45 1
218 60.24 90.70 0.63 89.20 22 24 1
219 35.03 37.64 44.07 425.52 15 46 1
220 85.98 91.39 16.06 160.33 16 41 1
221 27.08 28.58 46.26 485.81 16 29 1
222 61.87 61.09 9.40 163.20 3 26 1
223 55.38 19.17 10.10 298.78 17 25 1
224 83.64 90.48 21.78 283.50 22 28 1
225 58.55 7.47 5.05 425.78 9 23 1
226 29.83 62.27 6.95 395.97 23 26 1
227 0.18 75.45 18.41 57.53 13 18 1
228 45.34 41.56 15.82 349.82 0 40 1
229 46.88 74.30 3.72 246.20 8 18 1
230 95.21 40.92 44.93 178.23 16 21 1
231 57.58 48.57 25.22 331.60 10 21 1
232 88.63 76.82 29.63 148.04 6 12 1
233 64.91 37.25 29.26 50.25 4 41 1
234 19.59 12.03 39.66 192.52 23 41 1
235 39.46 47.53 41.56 174.39 16 17 1
236 72.55 38.81 12.27 53.48 14 33 1
237 65.58 30.13 46.58 358.36 23 38 1
238 20.03 37.50 30.60 426.55 1 9 1
239 2.14 92.05 40.65 464.63 6 18 1
240 92.00 71.23 16.50 383.73 17 33 1
241 43.51 31.17 34.79 475.20 13 36 1
242 93.76 13.33 40.15 183.27 4 9 1
243 72.45 10.85 6.07 111.37 12 48 1
244 93.54 89.74 7.17 433.15 20 20 1
245 49.42 49.25 20.85 230.15 12 15 1
246 46.79 76.96 13.48 87.22 20 39 1
247 20.72 27.58 27.32 378.36 12 38 1
248 88.01 73.33 17.58 285.10 22 22 1
249 20.29 5.26 45.81 125.82 20 26 1
250 82.89 75.03 19.55 99.71 4 36 1
251 28.64 87.93 37.02 402.26 4 40 1
252 99.52 55.78 28.13 304.05 0 42 1
253 98.98 15.06 36.14 129.91 4 6 1
254 23.33 77.92 38.81 192.70 6 39 1
255 82.72 6.69 48.82 169.82 10 48 1
256 88.54 73.18 1.46 343.60 11 31 1
257 64.25 89.21 15.34 57.91 15 39 1
258 98.97 33.04 37.86 472.38 10 38 1
259 43.42 88.08 27.71 445.78 14 17 1
260 73.77 24.49 10.93 306.69 19 43 1
261 88.18 58.93 33.05 378.10 14 44 1
262 32.57 97.78 0.22 415.43 22 43 1
263 94.90 14.33 1.22 476.31 23 34 1
264 69.01 65.46 21.57 479.14 15 45 1
265 75.02 60.60 35.24 275.18 18 35 1
266 64.13 4.50 13.45 360.98 10 22 1
267 20.94 8.49 14.22 341.05 5 42 1
268 81.52 42.47 45.41 203.05 13 28 1
269 65.62 6.45 45.16 357.55 9 15 1
270 94.49 58.89 42.46 400.04 7 24 1
271 57.69 96.48 14.83 291.76 0 11 1
272 64.44 81.37 22.27 149.44 23 28 1
273 14.25 23.13 24.95 499.51 12 43 1
274 13.78 15.15 32.96 315.86 11 39 1
275 16.14 77.41 36.89 473.57 9 31 1
276 32.54 2.14 14.61 393.87 14 44 1
277 82.62 42.37 28.18 283.24 12 20 1
278 50.82 79.11 26.17 122.63 19 45 1
279 31.14 33.45 38.76 51.25 5 26 1
280 51.14 96.17 2.43 401.73 23 30 1
281 59.63 96.34 49.09 165.63 9 24 1
282 26.66 53.85 15.12 438.12 15 30 1
283 99.02 60.79 48.17 264.98 19 26 1
284 17.67 47.04 5.98 390.29 22 45 1
285 45.26 5.97 15.17 330.76 3 29 1
286 51.22 48.06 6.04 133.03 16 36 1
287 30.47 70.12 26.52 464.92 8 41 1
288 2.58 28.08 16.36 75.25 14 15 1
289 34.14 27.14 19.11 435.31 13 22 1
290 34.48 87.59 49.11 92.13 18 43 1
291 28.03 40.51 46.58 275.83 23 44 1
292 55.44 24.95 35.65 325.85 19 48 1
293 8.23 26.38 2.98 140.94 9 15 1
294 74.70 46.02 6.78 211.59 23 31 1
295 58.75 75.54 2.83 486.19 2 48 1
296 43.24 37.55 41.42 195.17 13 21 1
297 75.94 9.26 31.88 286.31 10 25 1
298 55.60 63.84 19.50 495.62 7 34 1
299 59.31 38.44 30.13 235.02 16 31 1
300 33.08 35.42 25.78 459.54 3 46 1
1 143.07 4976.95 1
2 111.85 2609.60 1
3 120.86 2596.45 1
4 165.11 3381.32 1
5 164.96 4193.53 1
6 179.69 3462.91 1
1 1.12 45.87 5
2 1.81 45.16 1
3 1.91 30.02 1
4 1.34 31.75 2
5 1.81 48.76 6
6 1.02 32.90 6
7 1.39 48.30 1
8 1.48 36.20 2
9 1.70 32.42 6
10 1.52 31.88 6
11 1.19 44.97 4
12 1.94 42.38 1
13 1.96 40.82 4
14 1.93 32.56 1
15 1.31 26.28 1
