Data for Vehicle routing problem with drones - Author: Huyen Do Thi Ngoc
Number of depots: 5
Number of cities: 300
Number of trucks: 8
Number of drones: 11
Area: 100 100 50
Customer maximum demand: 500
Max capacity of truck: 200
Max energy of truck: 5000
Max capacity of drone: 2
Max energy of drone: 50
1 81.81 31.01 9.71
2 23.89 19.72 8.64
3 35.88 13.02 45.11
4 43.94 20.26 3.87
5 43.26 85.39 7.89
1 12.66 23.81 27.39 414.02 10 10 2
2 20.18 19.39 4.73 304.66 24 43 4
3 56.73 60.47 22.38 439.85 12 33 5
4 82.46 59.65 32.53 477.72 18 28 3
5 68.78 7.23 5.49 304.57 22 30 4
6 34.02 48.86 12.26 276.21 3 9 1
7 85.46 62.54 21.80 131.18 24 36 3
8 57.91 52.21 37.58 376.28 5 13 3
9 25.29 68.28 47.46 252.57 3 20 1
10 88.26 46.41 4.73 407.44 2 4 1
11 23.32 70.40 27.21 105.83 11 28 1
12 76.17 78.28 5.50 285.52 21 46 2
13 83.34 73.91 6.41 344.85 1 37 2
14 33.79 44.17 8.71 447.51 18 29 5
15 6.23 21.21 8.41 261.15 6 13 3
16 12.92 57.71 32.62 105.68 13 41 4
17 90.15 42.93 35.67 156.61 1 17 1
18 21.89 88.15 17.60 301.37 2 33 2
19 44.70 70.36 3.05 128.52 12 32 4
20 5.98 21.54 49.19 327.24 12 32 1
21 4.83 26.25 43.44 358.57 13 36 2
22 31.32 7.29 20.10 117.29 2 31 5
23 96.73 80.17 15.17 125.74 13 14 4
24 16.32 58.71 14.86 265.22 3 43 2
25 88.97 52.52 11.29 114.60 18 18 2
26 53.43 55.04 4.10 421.73 3 26 5
27 44.80 91.32 23.55 392.20 4 24 1
28 11.54 87.93 3.43 298.97 13 14 2
29 72.68 35.85 28.05 186.68 12 46 1
30 97.15 82.07 37.90 396.04 2 29 2
31 71.16 83.12 35.66 299.82 0 0 4
32 85.43 43.76 9.79 391.77 13 21 1
33 75.80 73.29 25.00 301.09 24 25 4
34 74.40 8.36 25.64 417.06 4 8 3
35 73.83 37.79 9.96 147.43 13 17 1
36 95.83 25.11 5.19 104.39 9 18 3
37 83.44 47.07 9.21 149.47 15 17 1
38 7.12 80.88 16.87 331.24 6 38 4
39 93.28 10.68 45.25 330.54 1 12 1
40 45.58 4.91 1.28 138.55 19 41 3
41 83.52 18.33 26.16 445.71 15 38 5
42 11.68 23.67 47.31 141.94 10 13 2
43 5.30 5.02 45.80 69.05 7 11 3
44 21.34 84.09 19.14 291.31 6 47 4
45 58.77 49.87 24.90 451.13 9 26 2
46 41.70 45.62 24.59 449.09 10 14 3
47 94.16 65.34 23.75 349.82 4 37 3
48 84.92 14.52 29.05 127.50 17 48 3
49 81.46 48.49 35.36 451.06 18 45 4
50 1.61 58.13 23.39 181.65 24 41 5
51 8.51 4.98 6.62 444.10 15 17 4
52 60.11 78.21 9.15 403.02 8 39 5
53 15.77 58.50 40.40 442.60 10 37 4
54 41.77 56.12 33.83 109.38 20 36 2
55 85.35 74.52 36.39 174.85 5 30 2
56 55.40 71.69 8.36 457.69 22 35 5
57 75.39 38.59 11.32 410.63 14 45 2
58 10.03 25.76 22.83 398.41 24 47 3
59 57.79 43.32 27.78 332.40 16 22 4
60 51.35 66.27 33.40 452.14 1 45 3
61 66.71 38.31 9.84 433.90 19 43 2
62 83.46 9.91 11.75 99.65 5 39 5
63 72.95 42.45 0.77 238.98 0 45 5
64 60.97 89.76 26.81 232.67 19 31 2
65 33.94 25.00 43.31 291.82 18 46 1
66 10.58 94.32 8.86 331.66 15 29 1
67 61.74 1.61 38.51 73.70 7 30 5
68 7.95 79.54 46.69 208.58 1 29 3
69 96.70 55.62 34.12 113.48 18 43 3
70 86.96 48.62 48.13 78.16 13 32 2
71 40.47 26.09 4.67 119.20 3 17 3
72 28.87 74.48 38.16 461.35 17 29 1
73 31.30 28.34 29.17 248.89 12 23 1
74 44.96 26.90 40.14 396.78 14 32 5
75 62.81 43.39 43.75 158.85 2 21 3
76 5.64 14.17 29.11 99.20 10 44 5
77 28.10 59.58 46.50 223.39 22 22 4
78 21.26 52.16 36.19 469.37 11 27 5
79 95.56 65.78 45.75 171.15 24 35 1
80 79.07 17.21 29.90 157.86 17 30 2
81 73.15 93.45 43.74 95.34 0 39 5
82 9.79 8.67 26.06 149.96 23 38 4
83 28.88 46.56 22.36 334.54 15 34 3
84 53.91 92.35 47.60 354.11 4 19 1
85 98.57 62.75 29.84 249.91 5 22 1
86 19.71 38.42 18.95 58.63 17 18 1
87 56.32 70.04 2.71 157.85 14 25 2
88 8.27 78.96 45.74 159.12 12 48 4
89 1.10 47.17 28.54 435.90 11 28 2
90 57.05 0.82 23.15 408.46 11 41 3
91 6.06 81.91 49.32 483.26 13 47 1
92 66.35 51.40 32.55 170.10 15 44 3
93 76.69 41.79 15.90 230.83 7 21 4
94 61.55 20.18 10.39 322.99 8 31 5
95 82.45 30.62 44.61 206.06 0 19 2
96 56.66 11.88 13.21 312.50 22 31 2
97 81.88 29.72 46.85 177.77 5 29 2
98 84.65 60.77 10.13 194.82 16 29 1
99 34.60 16.57 2.03 141.20 4 32 2
100 89.71 65.97 25.01 324.12 9 11 1
101 28.44 31.48 34.52 257.52 14 45 2
102 3.54 59.51 9.22 191.65 15 36 5
103 41.73 71.45 24.03 132.04 16 40 4
104 94.81 49.31 44.71 390.27 17 19 2
105 62.94 45.20 3.79 159.18 22 27 5
106 69.85 66.96 2.98 314.68 24 40 2
107 99.42 45.30 29.26 71.72 10 20 5
108 47.48 54.51 23.45 400.81 4 35 2
109 25.08 34.80 10.75 127.13 6 45 4
110 66.73 25.06 34.22 495.62 13 36 4
111 55.99 50.28 6.90 246.69 10 24 2
112 6.54 6.31 49.65 75.55 3 39 3
113 9.46 60.32 14.68 261.65 8 33 1
114 37.07 29.70 5.37 370.99 15 21 1
115 85.59 89.94 1.47 260.31 5 20 4
116 63.26 19.53 49.79 307.43 12 15 2
117 76.31 38.31 39.98 133.41 4 43 3
118 48.78 25.11 32.45 330.00 5 15 1
119 41.16 60.29 31.05 226.62 21 46 1
120 30.95 7.46 3.28 494.21 0 43 4
121 93.74 48.64 18.93 131.93 1 4 5
122 85.45 50.00 14.29 418.19 0 12 2
123 66.58 77.33 32.55 383.10 4 44 4
124 65.31 59.03 27.17 180.40 24 35 3
125 33.50 21.80 41.63 483.80 17 42 3
126 15.06 64.97 41.72 162.83 15 20 3
127 49.01 88.68 4.72 93.94 20 43 4
128 32.64 44.87 46.19 264.99 13 36 4
129 33.97 64.49 15.10 168.67 13 31 5
130 75.71 21.62 4.24 308.46 3 45 4
131 7.32 99.90 11.27 70.54 10 25 5
132 83.05 22.65 7.75 182.46 5 34 2
133 18.91 93.88 20.42 148.06 10 41 5
134 91.83 37.55 37.73 61.70 8 18 5
135 25.75 93.69 39.62 199.32 21 27 2
136 45.80 2.90 0.36 295.15 11 33 5
137 7.52 92.47 37.89 201.48 18 18 5
138 74.12 75.95 21.71 246.66 7 19 5
139 69.23 96.95 7.31 324.92 5 33 5
140 44.76 47.30 5.04 459.43 23 33 5
141 64.30 77.44 14.90 334.50 13 30 3
142 54.20 41.40 32.48 53.99 2 40 3
143 65.71 0.14 32.95 486.64 8 20 2
144 25.50 36.74 5.17 57.58 2 31 3
145 5.05 16.41 35.43 83.71 11 13 5
146 21.90 78.24 38.81 422.55 9 34 3
147 48.55 83.82 42.80 258.43 19 27 3
148 8.36 13.13 28.56 126.31 1 4 3
149 81.77 64.08 35.74 447.09 7 28 1
150 13.72 90.18 29.54 53.36 1 27 2
151 7.92 90.97 38.84 359.28 9 36 4
152 67.68 94.93 44.33 64.31 4 16 1
153 73.54 48.82 9.18 423.88 8 34 2
154 70.96 36.33 12.82 424.21 14 45 1
155 87.36 4.51 38.67 395.89 22 43 5
156 99.09 14.80 6.61 426.35 10 43 4
157 60.48 56.49 38.30 282.52 14 34 5
158 63.59 46.55 41.59 307.25 5 19 5
159 66.32 89.07 28.15 449.46 14 38 3
160 39.97 64.17 12.45 68.11 22 36 1
161 20.48 55.62 45.02 491.41 2 44 4
162 82.28 3.72 49.62 340.80 13 14 3
163 18.46 61.65 3.13 189.09 16 44 2
164 55.98 81.08 6.79 405.55 1 18 3
165 15.70 30.51 42.65 221.81 21 30 1
166 68.32 63.95 11.40 112.72 15 16 4
167 31.46 88.61 27.31 350.56 2 25 3
168 39.96 41.43 6.23 481.56 20 27 5
169 76.43 87.55 35.32 483.28 8 25 1
170 67.13 28.96 12.31 368.48 19 46 1
171 88.09 75.77 33.45 194.29 5 23 4
172 46.56 77.18 38.95 401.21 22 35 4
173 44.64 24.87 30.16 338.55 18 23 4
174 49.22 39.01 15.91 209.79 4 25 5
175 53.25 64.96 49.81 319.61 8 20 4
176 88.04 28.20 0.82 418.27 8 28 2
177 88.86 58.34 25.47 374.71 13 48 4
178 34.02 41.24 5.26 250.84 21 37 3
179 23.02 79.97 16.81 316.54 23 29 4
180 69.67 16.14 19.06 492.41 7 10 5
181 80.18 95.09 29.71 491.80 6 39 5
182 63.31 81.18 3.54 131.80 2 18 1
183 43.20 52.83 43.80 135.68 15 44 3
184 82.13 42.75 1.60 484.18 19 37 4
185 59.86 21.15 0.69 96.78 16 39 4
186 84.13 48.46 22.96 299.11 21 47 1
187 91.90 2.34 20.68 188.93 23 36 5
188 51.57 57.40 39.63 159.61 16 20 3
189 20.86 57.22 0.33 252.37 6 16 2
190 48.58 69.24 11.52 496.48 18 41 4
191 55.31 83.90 13.78 423.34 10 18 1
192 81.21 7.43 9.67 265.75 23 42 2
193 10.66 49.96 41.16 334.94 11 14 1
194 19.48 11.97 48.59 125.19 6 33 4
195 82.21 57.03 45.74 287.52 20 45 1
196 61.76 0.19 18.01 424.84 21 34 1
197 56.76 16.28 27.31 476.53 2 33 1
198 22.02 54.87 47.94 210.25 23 23 2
199 79.03 98.66 6.67 377.76 5 42 5
200 81.06 38.51 24.07 240.99 19 42 1
201 43.76 64.17 46.80 132.47 22 26 2
202 94.22 36.84 21.33 436.54 7 15 2
203 14.91 69.82 27.18 241.49 11 41 4
204 37.82 73.63 17.10 336.00 15 15 1
205 37.73 19.42 19.16 86.70 16 23 3
206 70.15 37.36 1.78 225.53 0 37 1
207 28.53 74.28 47.35 383.24 8 48 1
208 23.45 79.70 34.33 341.89 24 44 5
209 18.38 48.20 48.33 98.81 14 37 1
210 89.99 25.04 40.49 295.96 7 9 5
211 34.69 5.08 36.64 95.89 11 41 1
212 3.39 9.83 47.20 208.83 8 48 3
213 86.86 98.59 33.56 65.00 9 43 3
214 5.34 16.70 7.85 188.92 21 43 2
215 53.48 18.22 15.21 153.47 7 44 1
216 76.15 69.55 11.22 161.05 14 43 2
217 54.86 99.83 3.98 139.52 3 30 4
218 23.47 98.40 7.97 135.33 6 40 4
219 31.66 51.49 16.76 381.25 9 19 4
220 75.77 87.08 33.94 350.77 15 31 1
221 27.85 39.42 25.67 205.71 15 46 3
222 54.86 81.54 10.06 102.97 6 15 4
223 60.90 78.28 45.74 231.79 15 17 1
224 36.94 40.42 29.27 404.81 18 33 4
225 7.32 45.15 14.40 419.30 5 27 1
226 29.03 2.01 23.44 101.15 20 24 2
227 5.61 75.75 44.43 69.24 5 31 5
228 8.21 49.26 17.72 246.07 11 43 2
229 40.28 46.73 41.53 404.95 12 45 1
230 7.91 29.92 23.48 414.14 2 43 2
231 66.78 59.46 8.50 339.22 19 34 2
232 3.07 42.35 36.59 141.90 2 34 5
233 38.57 4.01 28.66 377.08 15 16 2
234 72.28 66.76 45.52 457.80 11 24 1
235 62.98 5.52 48.56 79.09 19 31 3
236 72.80 44.12 19.96 94.59 22 43 1
237 89.68 25.29 49.94 371.77 8 38 2
238 84.24 87.96 47.42 334.95 20 39 5
239 52.02 5.75 2.87 286.49 1 1 4
240 51.85 98.29 30.90 349.64 2 32 4
241 29.11 38.78 1.30 178.86 4 38 4
242 58.08 68.25 33.08 107.73 21 25 3
243 36.66 81.89 6.42 252.85 6 33 5
244 8.97 68.34 41.90 398.03 23 42 4
245 39.40 65.35 34.52 86.34 8 37 1
246 85.91 35.03 35.85 428.18 9 30 4
247 61.95 52.20 7.27 279.98 18 47 2
248 22.19 67.39 39.50 409.18 16 21 4
249 37.70 3.37 6.42 477.39 20 20 2
250 45.61 26.08 25.62 180.74 9 23 2
251 22.80 92.48 39.65 376.71 10 37 5
252 77.17 72.76 33.46 73.29 18 35 2
253 3.47 56.72 39.10 351.52 11 35 2
254 32.91 40.14 18.22 351.51 11 43 5
255 72.98 42.41 10.03 164.69 15 46 4
256 7.93 70.25 18.30 458.87 18 23 2
257 63.60 98.76 10.29 172.84 5 37 1
258 38.97 3.37 9.62 337.03 16 29 4
259 68.98 8.07 19.36 467.64 16 21 1
260 86.87 94.24 19.15 210.13 6 26 2
261 94.92 32.69 34.52 394.60 4 20 4
262 65.89 28.51 28.03 111.76 12 35 5
263 17.98 19.61 24.24 147.92 20 26 1
264 98.26 12.53 36.51 305.05 22 34 5
265 6.26 7.64 22.57 264.17 3 39 4
266 67.93 8.85 4.58 421.63 15 46 4
267 27.63 86.87 20.52 386.85 13 13 5
268 19.26 67.03 19.79 463.53 17 40 2
269 4.33 98.52 19.00 356.48 18 40 1
270 20.82 42.01 38.67 67.11 13 39 1
271 29.32 21.08 44.46 408.45 4 39 2
272 6.98 99.31 15.43 264.85 4 47 1
273 90.72 23.35 26.21 140.72 2 9 4
274 55.37 4.74 32.05 431.15 20 33 2
275 62.43 10.26 16.94 385.05 5 10 2
276 19.80 47.05 0.96 132.27 9 18 2
277 84.13 83.38 2.18 111.13 7 26 2
278 70.31 77.45 32.47 318.09 3 37 5
279 67.45 69.82 42.65 116.71 7 14 4
280 83.50 79.03 39.20 173.34 8 48 3
281 49.46 88.81 26.12 277.69 11 48 5
282 88.44 56.99 21.35 478.70 19 46 1
283 95.57 26.58 8.42 408.47 20 45 2
284 44.35 1.24 12.07 242.56 4 28 1
285 53.93 60.26 38.62 166.28 23 40 2
286 15.85 89.90 19.52 423.70 17 21 5
287 55.60 20.38 34.78 432.09 22 24 3
288 31.31 91.22 33.93 104.23 21 32 3
289 23.32 10.26 38.82 465.60 22 40 1
290 81.51 41.67 45.76 164.69 1 25 1
291 2.83 42.04 49.76 497.33 2 28 4
292 97.60 95.84 41.59 230.97 6 27 3
293 4.53 48.36 22.86 147.11 15 30 3
294 22.48 0.66 32.32 494.85 8 29 2
295 24.70 45.53 44.89 148.27 12 28 2
296 55.62 49.03 40.96 91.80 3 30 2
297 46.04 41.00 39.38 209.76 9 20 2
298 55.47 50.75 49.83 377.88 2 2 2
299 19.87 17.03 38.88 476.01 7 20 2
300 97.46 50.48 8.68 97.03 11 13 4
1 190.85 3965.84 1
2 151.76 3821.06 2
3 122.52 3923.17 3
4 101.13 4153.69 4
5 174.11 3325.75 5
6 106.20 4879.22 4
7 111.96 4651.89 1
8 193.11 3043.85 3
1 1.70 27.98 3
2 1.29 46.96 6
3 1.93 38.15 8
4 1.18 49.34 7
5 1.42 35.99 6
6 1.73 44.18 5
7 1.77 46.87 8
8 1.16 49.86 4
9 1.70 27.74 5
10 1.72 41.13 5
11 1.91 27.36 3
