Data for Vehicle routing problem with drones - Author: Huyen Do Thi Ngoc
Number of depots: 4
Number of cities: 100
Number of trucks: 7
Number of drones: 8
Area: 100 100 50
Customer maximum demand: 500
Max capacity of truck: 200
Max energy of truck: 5000
Max capacity of drone: 2
Max energy of drone: 50
1 48.90 49.22 14.72
2 64.68 95.59 49.42
3 45.07 3.73 29.03
4 21.76 45.51 35.01
1 40.06 40.63 6.59 446.95 15 21 2
2 65.05 84.75 44.74 425.81 20 27 4
3 91.55 94.21 32.10 292.81 1 43 4
4 6.58 28.63 39.26 145.43 3 13 4
5 99.25 76.56 12.15 408.91 17 19 2
6 64.82 76.69 27.66 132.45 21 41 3
7 94.36 70.62 45.94 151.68 18 29 1
8 69.15 28.44 19.76 318.32 6 48 2
9 12.47 46.46 45.09 310.80 24 36 4
10 84.70 55.90 48.76 204.73 14 39 2
11 92.17 49.68 48.58 288.87 14 45 4
12 86.73 94.57 16.42 415.94 21 23 4
13 98.65 68.83 2.98 402.08 2 32 1
14 8.51 43.87 19.96 316.10 3 42 2
15 56.91 92.18 33.91 311.69 10 44 4
16 75.20 1.48 46.26 290.88 9 27 1
17 63.41 11.98 32.98 354.45 6 6 3
18 66.47 20.18 31.34 432.26 18 32 3
19 87.74 43.37 22.13 457.70 20 20 2
20 25.71 46.19 10.85 244.38 6 19 2
21 6.25 44.26 2.44 316.77 12 30 3
22 9.13 84.28 33.45 403.38 0 4 3
23 8.62 6.56 38.42 314.05 15 47 1
24 66.59 69.46 0.90 230.74 12 31 4
25 7.17 14.91 40.02 125.32 13 19 4
26 53.74 8.29 40.62 247.84 2 9 1
27 20.80 5.26 4.08 245.62 5 27 2
28 45.59 64.11 39.61 352.82 22 22 2
29 84.96 76.56 31.43 95.46 8 22 3
30 4.99 9.30 30.01 341.46 7 19 4
31 16.44 82.82 3.92 164.52 20 43 3
32 54.63 7.93 3.79 273.22 20 48 1
33 63.83 84.61 11.39 276.36 12 13 2
34 95.95 20.03 30.32 78.62 10 38 2
35 6.76 18.65 47.46 184.50 22 30 1
36 67.35 41.17 14.67 134.38 22 30 3
37 85.05 98.08 28.60 329.81 24 28 3
38 12.08 20.09 4.68 325.42 5 26 3
39 10.72 5.90 24.47 213.70 12 46 4
40 57.87 2.83 44.52 418.88 1 35 3
41 0.85 45.85 18.90 257.73 1 33 3
42 67.03 51.69 11.08 102.49 24 32 4
43 65.05 83.87 38.29 92.41 0 3 2
44 0.24 83.24 32.83 464.16 23 24 4
45 48.98 40.82 39.86 366.66 23 39 4
46 99.58 97.05 24.27 145.97 13 36 3
47 67.53 98.03 6.25 114.68 9 48 2
48 26.73 28.35 24.51 443.76 17 35 3
49 60.66 24.20 11.28 54.47 2 11 4
50 60.88 19.95 35.63 93.08 23 38 4
51 11.20 69.55 13.14 87.66 4 30 1
52 31.17 58.35 10.35 69.86 5 40 1
53 58.70 49.76 7.29 439.62 13 33 1
54 64.32 97.84 22.09 191.52 2 38 2
55 38.76 96.51 26.11 221.69 1 37 2
56 91.01 43.91 27.37 360.81 22 29 3
57 7.66 88.54 4.10 254.37 19 37 3
58 86.77 2.30 26.37 489.08 7 13 3
59 94.41 10.12 29.06 319.32 19 40 3
60 96.36 21.35 26.96 452.17 1 42 1
61 57.90 55.42 1.81 166.34 10 43 1
62 12.20 78.05 7.57 406.06 10 28 1
63 33.74 55.35 36.71 196.60 6 8 4
64 23.69 59.50 40.84 449.48 0 21 2
65 70.83 78.29 41.49 363.88 12 23 1
66 76.65 43.70 7.57 455.58 18 22 2
67 66.04 93.75 9.33 82.28 9 39 2
68 62.07 64.05 8.37 393.90 2 36 2
69 3.19 96.54 48.49 72.56 3 11 1
70 58.57 30.46 37.30 305.03 2 32 2
71 44.03 76.37 45.11 70.28 11 40 3
72 39.07 49.12 13.42 138.77 9 12 1
73 12.55 92.38 18.92 173.73 8 17 3
74 63.33 61.73 24.29 325.01 21 40 2
75 6.99 11.30 27.42 391.78 8 20 3
76 96.07 8.28 4.88 494.59 9 30 4
77 19.50 31.54 32.36 489.15 13 39 2
78 74.63 93.24 25.58 151.34 14 15 4
79 99.34 58.43 39.30 256.94 6 12 3
80 72.32 41.94 41.24 306.88 6 44 2
81 37.86 89.51 30.53 231.96 11 20 2
82 72.67 38.68 19.59 56.44 5 30 4
83 26.36 10.50 8.53 86.32 12 12 4
84 29.87 52.74 22.85 335.57 23 26 1
85 69.54 81.57 40.32 104.81 24 43 2
86 75.31 30.95 13.50 167.61 7 36 3
87 62.52 90.68 25.14 68.70 9 37 3
88 25.08 51.55 23.68 55.69 5 25 2
89 27.17 62.21 15.10 320.54 8 48 1
90 89.91 36.61 28.78 103.92 13 17 3
91 99.59 41.90 27.09 279.70 9 17 1
92 61.43 81.98 31.20 97.02 14 15 3
93 95.00 68.63 19.50 447.52 4 42 4
94 45.50 45.52 5.31 121.58 0 16 4
95 71.24 32.32 18.17 126.86 0 25 4
96 67.43 97.17 0.15 333.11 3 42 2
97 67.38 76.42 5.91 417.98 1 17 3
98 37.52 31.57 46.49 178.57 4 8 4
99 87.02 4.78 30.78 490.64 16 20 2
100 8.65 98.38 35.64 453.56 2 33 4
1 173.13 2934.40 1
2 163.53 4526.11 2
3 196.96 4647.71 3
4 182.32 4591.98 4
5 144.46 2554.30 2
6 161.86 2630.95 4
7 192.91 3283.86 2
1 1.20 35.20 6
2 1.45 28.20 5
3 1.37 45.43 7
4 1.95 25.99 5
5 1.09 26.52 2
6 1.42 25.53 4
7 1.51 48.21 2
8 1.24 48.54 3
