Data for Vehicle routing problem with drones - Author: Huyen Do Thi Ngoc
Number of depots: 5
Number of cities: 500
Number of trucks: 5
Number of drones: 7
Area: 100 100 50
Customer maximum demand: 500
Max capacity of truck: 200
Max energy of truck: 5000
Max capacity of drone: 2
Max energy of drone: 50
1 1.73 81.31 23.87
2 35.09 31.49 35.70
3 30.30 2.97 26.51
4 18.72 41.80 4.72
5 35.52 39.97 33.88
1 86.35 15.06 1.73 140.94 4 7 5
2 77.35 99.98 21.07 461.11 23 29 4
3 43.12 44.62 49.33 275.79 16 28 1
4 20.90 32.23 3.28 281.96 8 29 3
5 10.14 45.59 35.30 207.52 13 14 1
6 65.57 88.92 28.05 499.31 17 45 2
7 81.76 73.50 47.79 150.20 21 28 1
8 3.67 14.40 5.30 443.26 19 22 3
9 66.55 90.75 31.24 153.36 3 25 4
10 35.25 14.78 18.17 342.73 9 9 5
11 85.18 15.95 24.81 285.58 9 10 2
12 47.06 67.48 20.41 291.42 24 44 4
13 42.80 17.73 44.23 281.65 8 41 2
14 31.50 91.35 18.94 385.84 12 23 5
15 32.24 91.39 45.33 159.09 12 47 1
16 91.59 91.59 0.95 178.51 17 32 3
17 24.67 86.30 32.34 219.65 12 21 2
18 92.75 15.30 15.27 257.62 4 36 5
19 14.48 86.46 26.40 425.48 6 24 1
20 91.91 81.00 12.92 255.90 7 33 2
21 33.12 34.59 9.79 194.26 24 48 3
22 90.82 57.87 37.19 229.60 16 19 3
23 5.26 12.10 5.97 391.00 0 3 5
24 42.81 89.64 40.38 140.90 20 24 4
25 61.89 47.45 12.59 176.76 23 29 1
26 32.84 31.27 29.99 101.82 21 25 4
27 56.72 4.42 23.86 308.37 12 14 3
28 69.17 66.47 12.87 311.79 3 11 5
29 89.39 17.68 34.35 241.05 24 27 5
30 86.87 0.25 21.47 404.69 5 47 2
31 65.78 55.78 21.20 149.62 6 36 3
32 65.09 64.30 27.84 454.78 20 38 4
33 82.58 83.23 22.62 226.81 0 42 5
34 4.46 19.27 42.30 256.52 21 35 3
35 5.90 39.94 16.66 219.24 23 29 5
36 16.18 64.95 26.72 412.68 23 47 3
37 31.80 99.18 10.89 426.45 14 48 4
38 50.99 92.33 32.89 307.76 17 22 2
39 33.93 73.10 41.86 182.51 13 35 5
40 82.08 48.68 16.18 460.82 0 40 5
41 20.24 50.57 28.57 149.14 7 35 4
42 54.43 39.19 33.76 433.92 9 12 2
43 90.19 5.11 16.29 197.01 12 19 5
44 65.54 97.73 28.74 241.32 1 47 1
45 38.54 45.14 5.96 274.76 1 22 2
46 94.63 66.01 19.14 484.11 22 44 4
47 29.53 23.45 7.18 401.98 17 18 5
48 99.15 16.84 40.06 243.73 17 18 4
49 32.93 77.19 16.13 489.33 2 15 3
50 90.24 95.44 48.48 434.11 10 21 2
51 7.44 81.59 48.77 310.03 15 19 1
52 66.07 28.93 13.45 272.17 21 22 2
53 56.73 54.89 40.41 480.94 12 24 3
54 44.53 17.56 36.85 279.90 15 38 3
55 38.18 54.84 0.79 195.94 12 20 4
56 8.56 95.08 26.58 222.53 9 45 4
57 37.92 23.39 23.91 153.27 4 42 1
58 17.71 17.75 28.14 448.08 10 10 5
59 73.51 85.04 25.62 372.90 18 28 2
60 45.39 23.46 11.51 87.74 0 1 5
61 12.01 37.24 19.58 420.73 11 20 1
62 5.63 88.55 18.39 426.02 14 34 5
63 80.37 50.82 17.47 248.05 16 31 4
64 42.76 99.68 35.25 499.92 21 45 1
65 42.48 10.06 46.65 449.27 7 18 3
66 14.80 96.37 12.45 485.46 15 44 2
67 63.62 15.24 37.71 89.70 10 43 2
68 39.48 60.12 11.26 326.71 2 16 2
69 62.20 22.67 31.19 273.35 14 33 1
70 67.90 44.11 8.73 91.07 13 18 5
71 48.66 86.18 3.53 333.03 17 46 2
72 88.04 17.62 29.59 92.09 15 15 1
73 12.02 87.91 34.95 271.69 5 8 3
74 70.22 65.97 42.53 192.60 23 45 3
75 69.72 38.51 23.09 480.75 21 37 5
76 58.09 65.65 44.20 415.52 16 21 1
77 7.90 92.78 17.33 128.42 3 31 5
78 71.18 17.99 31.86 135.18 12 20 3
79 92.33 66.72 40.52 220.13 6 23 1
80 28.25 26.14 24.58 413.11 2 31 1
81 64.08 14.92 42.60 217.06 6 6 5
82 39.00 16.85 42.94 224.95 0 41 2
83 45.40 51.20 10.26 481.71 5 32 1
84 74.45 85.82 6.79 456.81 0 1 1
85 72.64 88.94 17.22 141.73 13 17 3
86 20.96 15.00 30.10 187.54 6 32 3
87 11.99 93.13 39.16 293.60 14 14 2
88 64.15 62.37 14.47 188.86 13 39 1
89 81.83 6.47 24.47 411.25 1 46 2
90 27.67 76.98 11.35 240.19 15 42 5
91 11.47 85.47 26.26 247.48 10 47 2
92 61.58 49.88 13.67 317.06 12 32 4
93 14.54 58.63 6.50 296.51 4 17 2
94 47.27 77.06 13.60 182.82 5 30 3
95 27.53 19.86 29.75 172.04 20 36 4
96 84.72 4.51 38.78 200.29 18 30 1
97 53.50 56.81 6.29 142.01 21 38 1
98 62.08 76.38 24.87 332.54 1 35 3
99 29.56 13.46 13.60 308.89 24 32 2
100 93.48 30.48 31.52 163.28 13 16 5
101 86.59 89.92 27.25 457.33 2 23 3
102 17.35 35.06 3.19 232.81 10 27 3
103 1.09 41.51 15.57 387.29 2 10 5
104 51.34 37.54 25.38 50.89 2 20 1
105 60.21 5.44 32.08 193.39 13 21 2
106 93.77 46.05 43.09 434.82 16 25 1
107 20.00 80.54 48.96 462.05 22 40 1
108 8.72 0.63 18.76 139.03 6 27 1
109 57.32 3.46 3.91 90.03 0 30 4
110 39.94 2.70 37.74 383.58 20 29 4
111 7.91 46.01 48.24 428.39 20 47 3
112 69.93 59.48 45.84 276.56 11 17 1
113 10.16 5.06 9.79 232.10 19 19 3
114 80.30 6.95 24.09 106.74 23 29 4
115 77.59 77.61 47.68 107.64 16 45 4
116 51.74 12.38 6.50 443.65 8 23 3
117 49.31 20.01 23.66 95.28 20 43 3
118 78.90 47.06 31.76 426.14 17 17 1
119 56.17 45.87 3.89 324.08 3 16 1
120 84.13 53.29 16.97 160.02 11 20 5
121 27.61 99.26 21.57 183.50 12 42 3
122 6.16 6.04 24.17 465.83 0 4 3
123 74.64 98.71 38.78 464.13 15 42 3
124 61.58 29.88 20.51 114.24 17 48 4
125 95.70 58.39 0.47 448.60 12 28 2
126 10.56 30.66 49.39 319.05 19 40 3
127 58.26 26.37 47.25 214.26 21 45 4
128 40.16 47.35 3.13 304.47 14 48 5
129 95.57 68.33 16.85 457.15 4 15 1
130 95.12 38.58 34.67 432.69 14 27 4
131 68.67 78.66 35.58 60.58 19 19 3
132 89.25 25.63 40.75 399.67 12 21 1
133 56.68 61.33 39.64 337.31 3 42 4
134 21.14 77.78 1.96 405.44 24 34 4
135 4.11 14.09 3.20 498.90 24 44 4
136 44.66 33.30 31.98 167.60 14 33 3
137 34.19 98.88 13.69 357.62 17 35 5
138 88.15 55.67 28.84 323.80 10 28 3
139 52.29 59.53 2.05 94.90 16 47 4
140 42.34 51.57 37.48 135.50 2 4 1
141 51.47 15.47 47.29 320.81 5 18 2
142 99.57 61.33 46.78 405.62 13 27 1
143 69.67 35.84 22.67 291.63 19 37 4
144 50.64 19.92 25.69 53.59 12 20 2
145 86.04 69.20 29.33 473.33 18 44 3
146 75.53 26.23 24.75 80.11 5 46 1
147 61.99 89.55 1.99 73.45 11 16 1
148 69.81 39.87 11.47 323.08 9 35 4
149 36.58 17.32 32.98 391.39 17 47 2
150 87.90 42.08 30.36 336.20 5 41 5
151 9.24 2.32 10.20 337.45 23 42 1
152 46.72 55.80 46.21 405.23 3 13 4
153 40.57 40.94 28.38 409.80 12 43 5
154 25.83 69.93 46.78 188.38 11 43 2
155 36.51 60.17 31.56 134.94 10 12 2
156 2.06 37.80 44.69 360.78 19 29 4
157 15.48 64.40 3.51 330.85 4 12 1
158 57.55 51.11 29.21 464.56 5 29 5
159 21.72 39.12 49.90 85.98 2 24 3
160 73.14 47.91 3.62 471.93 16 45 1
161 65.78 17.20 38.05 423.44 14 44 5
162 3.11 42.80 43.24 131.56 18 37 5
163 71.29 85.05 46.16 212.75 16 19 3
164 72.43 49.05 1.38 298.24 19 29 5
165 13.34 98.39 23.29 261.59 8 10 4
166 67.19 95.83 46.20 452.74 19 36 4
167 39.11 16.14 6.23 319.17 9 10 2
168 35.74 18.04 32.13 172.66 17 48 2
169 69.35 97.29 12.12 133.25 18 18 4
170 20.30 73.28 22.69 277.51 23 28 3
171 78.74 53.11 25.03 373.23 18 37 2
172 50.28 49.20 11.30 411.53 19 37 1
173 21.61 8.07 26.89 94.25 16 33 5
174 63.30 54.09 41.23 350.89 8 36 1
175 42.10 41.73 16.81 300.32 16 41 3
176 86.35 54.31 19.27 62.17 13 35 4
177 92.70 62.98 9.66 359.11 17 41 4
178 27.21 36.38 14.46 346.09 23 28 2
179 70.03 26.22 46.30 173.13 16 18 3
180 27.19 42.50 46.79 360.64 0 39 4
181 75.52 86.20 16.67 280.49 22 36 4
182 56.11 58.45 28.41 282.44 14 33 5
183 6.82 29.94 30.12 116.48 12 17 2
184 28.26 98.36 41.76 394.27 7 28 5
185 40.77 5.90 31.61 68.11 20 42 4
186 90.85 93.57 28.79 427.48 21 34 3
187 0.61 6.60 37.92 119.99 13 34 1
188 28.99 87.67 19.23 192.04 4 17 4
189 50.14 9.25 36.55 333.58 15 32 5
190 71.06 79.61 0.97 88.20 3 38 3
191 16.77 74.13 9.74 374.25 21 41 1
192 42.30 52.94 33.77 191.35 1 8 5
193 95.01 69.34 35.69 423.15 8 42 2
194 48.19 80.60 5.76 194.81 21 33 3
195 72.17 78.32 33.58 428.29 7 8 1
196 26.42 90.20 22.07 248.89 18 23 5
197 79.85 71.69 7.30 326.17 6 22 2
198 88.29 77.03 11.43 187.85 10 24 5
199 94.26 65.44 20.04 385.34 7 13 5
200 89.43 59.36 48.38 143.95 17 36 3
201 30.01 39.60 2.67 338.71 8 20 5
202 94.87 97.38 34.23 162.47 3 10 3
203 60.25 58.60 26.46 224.75 24 48 3
204 97.17 9.93 23.43 131.38 8 44 1
205 67.72 14.56 7.63 292.31 6 8 4
206 30.16 81.33 18.39 399.61 16 42 4
207 21.43 96.23 6.44 53.88 6 33 2
208 54.60 43.91 7.68 158.00 23 32 2
209 73.17 38.98 1.05 283.19 9 37 3
210 71.16 49.98 0.26 359.25 18 24 4
211 83.81 75.81 23.70 239.23 23 40 4
212 19.43 80.23 17.54 116.92 2 24 1
213 77.64 96.77 26.45 434.59 14 43 4
214 83.21 81.92 46.31 333.73 16 44 4
215 50.18 83.95 8.19 50.61 17 23 5
216 52.43 87.17 2.98 390.58 14 20 3
217 61.92 37.59 30.80 367.76 14 38 2
218 39.05 29.92 43.77 327.35 16 20 4
219 55.75 64.20 9.31 240.62 8 45 4
220 68.44 7.19 31.15 98.91 14 25 2
221 6.26 92.06 10.32 388.13 1 47 4
222 79.87 87.49 11.42 374.54 22 43 4
223 50.72 66.83 30.24 73.61 20 30 1
224 13.55 90.45 8.15 384.85 23 30 5
225 45.87 91.48 24.54 167.00 5 17 2
226 10.73 6.61 37.13 387.59 6 11 1
227 32.65 57.81 25.03 439.97 2 46 5
228 90.27 92.15 22.55 432.55 12 48 3
229 7.67 81.89 33.78 302.06 20 40 3
230 68.97 26.17 17.31 471.55 22 45 1
231 98.29 24.85 14.85 315.25 10 30 2
232 57.78 4.28 4.64 425.96 0 13 4
233 6.33 45.97 21.21 253.82 17 29 2
234 72.92 29.02 15.92 406.81 4 47 2
235 60.58 47.04 4.59 202.66 0 47 3
236 28.04 44.24 8.30 427.88 8 20 4
237 35.30 57.41 3.46 339.32 7 45 3
238 55.17 23.19 31.49 355.35 12 48 5
239 49.00 40.72 40.03 196.29 21 33 5
240 25.95 82.18 49.77 408.38 19 25 2
241 82.33 11.69 47.76 414.47 11 24 5
242 31.27 92.61 38.41 238.24 1 43 2
243 3.13 2.29 19.76 191.48 24 32 2
244 36.05 62.41 33.19 66.24 6 44 5
245 9.44 38.22 42.66 184.61 3 29 2
246 79.89 74.95 30.74 495.93 21 35 3
247 26.95 75.59 25.15 165.24 5 10 1
248 86.05 29.60 16.32 201.42 5 27 3
249 75.63 27.21 42.61 454.82 13 16 2
250 78.12 46.25 4.42 283.58 5 29 5
251 21.56 90.96 7.25 464.63 19 31 1
252 36.14 76.33 11.08 218.53 1 41 2
253 84.14 36.74 37.83 356.18 10 18 5
254 94.18 37.48 23.50 178.49 16 16 1
255 84.55 60.47 22.89 492.08 15 43 1
256 47.86 47.73 44.27 100.74 17 20 4
257 95.86 13.73 27.64 107.42 12 31 1
258 64.90 78.34 7.61 158.91 8 27 2
259 60.03 73.35 12.58 130.80 21 21 2
260 34.59 89.77 48.34 283.52 11 33 2
261 95.61 48.75 45.41 212.23 16 38 2
262 45.12 37.23 13.99 354.61 17 45 1
263 24.85 65.71 11.49 118.52 22 30 3
264 88.86 86.26 41.22 497.79 14 16 5
265 22.66 4.04 20.46 489.75 1 20 2
266 72.23 75.26 34.27 87.82 8 14 4
267 38.75 53.56 41.77 120.95 23 26 2
268 81.82 49.79 32.03 416.51 19 36 4
269 40.12 23.17 44.45 438.43 15 44 3
270 85.88 73.91 39.48 247.50 6 7 2
271 69.89 48.04 12.87 319.73 17 47 3
272 64.59 1.21 49.39 397.47 22 36 4
273 15.59 11.28 49.69 96.06 23 41 3
274 3.09 11.15 36.68 393.39 8 11 2
275 26.08 77.30 43.32 397.81 18 19 3
276 24.55 16.27 44.56 198.24 14 48 1
277 54.27 64.82 36.86 119.93 9 18 5
278 4.71 12.88 33.22 138.21 9 13 1
279 72.01 46.27 10.48 409.76 19 24 3
280 69.09 76.79 45.68 240.66 17 25 5
281 15.35 50.70 27.44 497.82 16 48 2
282 17.53 36.11 2.46 425.69 15 26 3
283 68.94 34.94 21.77 483.36 23 32 5
284 8.16 98.99 49.41 150.30 20 47 5
285 40.65 41.09 15.02 170.46 1 11 3
286 86.67 60.18 10.39 393.28 0 18 2
287 46.88 68.49 47.99 477.65 8 21 5
288 35.95 26.88 34.79 228.93 1 16 5
289 1.80 68.32 31.32 202.66 22 36 5
290 73.25 61.50 30.78 179.22 1 28 2
291 75.74 24.40 43.19 267.62 5 26 4
292 94.99 99.02 18.54 340.71 18 41 1
293 45.99 96.82 11.68 463.31 23 25 3
294 23.18 65.79 16.25 126.78 6 19 2
295 27.85 2.63 25.84 188.54 15 26 2
296 16.73 31.31 15.50 253.37 12 25 2
297 25.30 37.56 25.69 343.36 15 30 1
298 25.05 54.28 17.93 419.12 11 41 5
299 68.34 73.98 48.16 110.39 0 29 2
300 65.60 83.45 5.91 264.91 24 37 2
301 47.43 80.52 25.32 74.05 22 45 2
302 29.15 46.96 2.42 402.23 12 29 2
303 57.96 49.83 15.12 67.81 24 31 2
304 77.44 5.16 9.40 96.14 20 25 5
305 27.13 46.37 0.88 364.69 10 43 2
306 63.74 70.71 32.04 393.05 9 37 1
307 84.87 74.67 29.78 142.32 16 43 2
308 34.18 67.53 24.63 181.86 19 32 4
309 56.13 84.48 41.39 247.18 19 43 1
310 28.67 5.77 37.71 384.28 2 34 2
311 84.74 13.58 16.81 294.30 11 47 1
312 84.32 72.63 36.07 475.89 1 24 2
313 1.15 29.70 33.76 154.76 4 43 3
314 53.30 41.62 43.28 276.65 20 30 4
315 43.40 24.80 43.06 151.57 10 28 1
316 70.99 52.24 9.35 191.30 16 19 2
317 41.48 38.25 27.13 393.99 4 48 2
318 92.54 93.29 45.18 305.27 14 36 1
319 81.47 40.79 5.93 362.08 16 29 2
320 29.53 54.19 46.36 63.27 13 47 2
321 74.26 67.32 31.99 438.24 4 16 4
322 0.91 27.11 35.04 319.24 6 14 2
323 40.38 54.74 41.12 480.12 24 47 1
324 99.20 43.23 30.87 466.25 1 12 3
325 54.99 52.44 6.32 349.40 1 2 5
326 2.98 39.37 45.33 386.19 7 38 5
327 89.61 75.11 48.53 124.65 19 35 5
328 38.14 3.36 23.56 111.20 16 37 3
329 98.30 4.97 17.12 474.21 15 23 5
330 62.65 86.42 31.00 328.07 18 27 2
331 31.46 88.00 42.01 366.35 1 11 4
332 24.46 96.22 10.47 88.17 6 32 2
333 53.63 92.98 9.82 348.17 18 45 5
334 44.82 5.45 28.58 99.10 1 21 2
335 71.00 14.27 13.43 90.59 9 47 1
336 78.86 78.66 12.03 249.23 15 18 3
337 25.55 56.84 1.81 273.75 15 41 2
338 58.67 25.36 43.23 338.41 21 48 5
339 45.70 89.67 47.37 237.16 0 9 5
340 7.10 96.59 25.87 85.51 16 32 2
341 6.75 77.97 40.49 462.97 17 18 1
342 64.25 55.67 18.02 275.67 23 30 3
343 84.14 68.31 33.09 371.50 14 17 1
344 11.89 1.63 31.44 407.28 5 44 1
345 7.59 67.34 20.37 55.82 14 30 1
346 72.84 10.56 25.96 119.00 18 29 2
347 13.17 82.14 47.84 58.80 10 25 2
348 69.91 34.42 40.26 101.38 5 40 4
349 97.40 89.53 21.32 434.07 15 47 4
350 78.94 18.52 23.57 379.32 23 32 1
351 8.55 33.99 10.31 107.03 20 20 3
352 80.03 57.44 1.12 312.83 14 22 3
353 17.85 13.26 43.21 88.25 2 30 2
354 43.28 61.10 6.80 221.66 5 38 2
355 49.47 31.66 5.51 218.18 8 38 1
356 2.76 40.86 38.62 205.83 9 26 4
357 38.79 87.98 0.00 281.10 7 24 2
358 96.63 52.58 22.92 306.50 3 16 2
359 84.03 41.34 37.86 115.57 9 28 3
360 64.50 24.77 33.82 180.63 5 33 1
361 92.97 96.00 1.38 99.76 22 30 4
362 11.99 89.28 7.92 335.78 2 13 4
363 51.27 17.29 15.97 229.21 9 44 5
364 27.06 77.68 41.33 413.94 13 40 3
365 88.64 0.96 48.60 212.74 1 12 2
366 97.72 70.32 11.46 272.69 10 30 4
367 75.05 1.32 5.14 259.26 13 26 2
368 20.08 12.64 31.61 484.74 9 36 4
369 67.71 85.44 46.16 302.26 22 32 1
370 6.64 9.64 13.32 130.84 8 14 5
371 68.47 3.75 11.86 398.17 6 11 3
372 11.92 21.76 20.14 260.83 22 35 1
373 18.18 99.40 13.52 484.20 10 31 3
374 88.06 5.31 15.76 262.68 12 38 3
375 31.90 41.40 17.39 185.53 19 23 3
376 74.05 4.07 12.70 387.94 1 9 2
377 98.18 60.34 41.34 472.47 3 47 5
378 88.90 64.55 1.56 472.58 15 36 1
379 45.67 61.35 31.83 439.48 3 30 1
380 33.91 80.99 35.28 114.25 12 38 3
381 19.12 56.49 30.23 155.27 4 9 4
382 77.22 62.49 14.89 207.13 1 12 2
383 6.04 4.12 26.24 374.63 21 42 3
384 74.34 28.72 6.63 148.97 11 42 4
385 53.25 66.39 8.78 216.47 3 3 4
386 50.06 79.82 40.63 113.54 20 37 1
387 8.99 49.01 34.45 486.66 6 14 2
388 8.57 80.92 8.02 411.53 20 38 5
389 33.76 66.18 41.63 127.37 18 46 3
390 73.91 84.94 46.16 303.42 22 37 5
391 78.95 76.24 4.24 392.26 20 29 1
392 6.82 40.99 18.03 107.62 4 20 1
393 92.07 96.76 44.82 246.00 16 26 3
394 61.56 6.98 21.42 485.55 23 24 5
395 97.02 72.83 32.82 346.89 5 40 1
396 4.93 11.12 23.07 259.38 4 5 3
397 39.76 84.34 38.65 412.60 18 39 5
398 12.51 26.55 39.27 415.27 17 27 1
399 32.16 92.50 41.59 356.07 18 23 4
400 45.48 85.51 7.02 330.33 17 32 2
401 33.13 12.92 31.83 105.52 23 45 5
402 5.98 45.24 28.44 80.15 3 31 5
403 75.50 31.66 12.51 451.54 21 40 5
404 52.99 28.56 17.31 393.20 21 45 5
405 99.08 21.88 23.87 155.70 15 31 1
406 87.52 33.23 41.10 422.54 4 48 3
407 53.12 33.41 17.13 233.38 20 44 3
408 40.62 83.86 40.11 261.57 16 19 2
409 8.92 50.30 41.81 169.42 20 33 3
410 9.72 54.93 18.81 121.08 20 43 1
411 37.78 95.37 15.26 404.69 15 17 1
412 90.66 53.39 49.57 497.22 6 11 1
413 0.54 12.35 19.36 385.02 0 9 1
414 51.23 49.00 48.31 405.96 23 26 4
415 31.58 91.53 21.32 439.55 7 23 5
416 30.69 74.63 44.40 204.01 8 42 2
417 30.22 46.22 39.98 497.80 19 43 2
418 78.04 83.68 8.17 53.55 6 43 4
419 87.49 56.16 30.37 147.54 9 34 3
420 77.83 95.96 13.60 66.70 23 44 4
421 66.19 69.25 34.88 334.08 15 32 1
422 53.90 33.67 12.94 387.34 3 42 2
423 53.00 69.02 39.70 274.97 8 25 4
424 52.31 68.92 23.27 317.43 17 24 5
425 25.82 12.04 5.12 57.08 15 30 1
426 17.77 2.43 12.08 83.78 4 6 1
427 33.44 80.13 26.60 254.03 0 1 4
428 48.50 90.03 45.62 354.80 13 48 1
429 84.26 79.42 8.36 465.21 14 27 5
430 69.59 29.35 8.41 391.83 6 7 5
431 19.81 56.79 36.05 90.23 6 36 3
432 93.97 76.67 35.45 274.64 11 13 5
433 74.99 78.72 10.36 333.93 2 16 4
434 96.15 88.16 12.04 131.11 9 13 4
435 21.92 52.62 4.39 57.44 20 42 2
436 1.75 98.40 33.82 249.03 17 28 3
437 6.15 64.94 49.95 171.10 2 10 2
438 92.65 19.15 35.04 390.32 18 27 5
439 51.84 67.01 7.59 250.17 15 43 4
440 16.34 35.14 43.60 427.84 8 44 5
441 60.49 74.70 37.34 354.90 12 21 1
442 89.74 21.46 46.92 385.30 15 22 4
443 28.11 9.79 1.69 438.66 4 40 1
444 97.85 25.03 43.26 124.34 2 34 3
445 45.22 23.57 29.29 446.05 13 37 2
446 78.34 27.56 12.19 348.90 23 37 4
447 76.90 4.43 33.82 247.27 22 47 1
448 71.59 57.12 22.98 329.07 20 24 4
449 43.75 43.70 13.86 221.93 24 37 2
450 93.62 80.40 19.05 125.15 11 32 2
451 50.78 23.67 48.53 373.18 17 43 4
452 76.33 57.35 43.57 63.46 9 33 3
453 28.09 65.78 28.46 180.60 7 17 5
454 46.87 23.80 45.83 337.26 20 44 4
455 52.40 56.08 47.99 466.91 5 43 2
456 60.70 84.47 36.70 440.64 18 29 2
457 36.70 32.34 31.31 492.32 21 29 1
458 17.61 35.13 26.14 54.70 4 7 1
459 55.72 13.61 25.86 278.86 1 2 5
460 15.22 90.27 12.67 143.73 12 34 1
461 71.09 38.85 29.84 476.65 9 48 5
462 59.09 12.16 36.26 314.46 1 45 2
463 82.17 87.00 24.12 236.22 4 32 5
464 81.10 79.30 1.31 454.99 1 10 5
465 33.42 44.19 18.02 108.60 14 30 5
466 46.76 39.20 23.98 81.22 22 26 4
467 70.08 51.47 27.91 481.62 16 31 5
468 56.82 71.62 21.24 288.19 20 28 2
469 3.92 84.81 29.35 377.92 14 32 3
470 6.87 86.37 14.82 121.44 24 33 3
471 84.42 37.49 29.08 148.52 5 9 4
472 42.96 77.00 8.10 446.08 0 45 2
473 47.01 6.24 5.39 265.34 11 16 5
474 59.11 90.66 45.03 286.39 2 36 1
475 64.53 60.70 33.72 385.60 18 19 1
476 29.41 23.62 30.78 87.15 13 48 2
477 50.25 18.11 47.88 180.25 11 19 3
478 85.67 93.46 26.96 96.47 23 47 4
479 32.76 82.95 33.97 126.07 16 27 1
480 11.16 19.91 15.77 192.14 21 27 3
481 49.79 73.96 3.93 387.18 14 45 3
482 33.26 67.86 1.94 251.09 15 26 2
483 76.78 77.53 5.44 54.79 0 21 2
484 86.95 67.13 43.61 242.40 7 16 3
485 4.30 45.64 45.68 283.72 15 48 5
486 42.30 84.16 4.52 50.12 24 32 2
487 55.15 57.72 45.47 461.57 6 31 3
488 69.75 69.96 35.18 64.05 18 36 2
489 51.22 75.58 10.44 264.36 11 25 3
490 95.70 85.94 3.19 234.84 23 28 2
491 45.49 31.84 48.97 262.43 20 46 3
492 75.05 68.93 13.61 377.48 11 33 3
493 89.25 89.69 30.91 227.80 19 43 5
494 57.91 81.87 23.99 396.09 15 28 2
495 17.71 41.75 29.86 209.54 19 33 3
496 66.36 36.05 27.87 299.99 17 35 1
497 69.55 6.76 47.11 412.33 15 38 1
498 55.89 68.90 38.49 94.35 6 16 1
499 13.17 29.82 48.23 276.56 5 15 2
500 45.18 21.00 11.68 408.42 16 35 5
1 160.77 4852.59 1
2 131.68 4937.46 2
3 155.08 3117.44 3
4 137.34 4538.75 4
5 192.49 3641.25 5
1 1.54 44.79 1
2 1.43 47.10 4
3 1.48 30.22 1
4 1.20 36.47 2
5 1.11 25.10 1
6 1.14 39.26 5
7 1.79 36.62 5
