Data for Vehicle routing problem with drones - Author: Huyen Do Thi Ngoc
Number of depots: 3
Number of cities: 500
Number of trucks: 3
Number of drones: 12
Area: 100 100 50
Customer maximum demand: 500
Max capacity of truck: 200
Max energy of truck: 5000
Max capacity of drone: 2
Max energy of drone: 50
1 69.27 64.80 46.16
2 27.13 86.90 7.89
3 47.26 35.10 32.55
1 36.69 60.69 38.05 269.21 24 48 2
2 19.08 90.88 42.92 243.59 9 41 1
3 68.91 39.65 28.57 268.61 23 46 3
4 62.80 54.06 1.15 217.68 3 25 3
5 90.91 48.20 6.80 401.66 19 36 1
6 92.42 41.94 24.81 424.56 23 38 2
7 42.15 88.68 12.98 380.08 18 38 1
8 61.28 36.06 33.53 403.86 23 30 1
9 32.87 26.64 13.54 376.17 10 35 3
10 35.91 92.22 44.47 85.85 7 41 1
11 40.65 81.60 23.80 160.41 10 13 1
12 84.95 95.03 39.01 406.48 11 13 2
13 19.08 43.91 41.10 243.47 11 20 1
14 46.80 94.36 43.46 342.58 5 31 2
15 92.10 99.36 29.69 415.26 0 2 1
16 91.14 98.06 24.72 387.84 23 43 3
17 42.49 44.29 10.45 253.42 1 46 3
18 29.40 84.55 17.40 304.62 15 29 1
19 18.57 37.19 28.03 247.58 0 32 2
20 42.18 85.34 11.88 401.69 11 38 2
21 12.08 8.41 7.85 377.52 15 28 1
22 6.24 2.01 24.76 337.99 3 46 2
23 37.10 57.55 38.31 242.83 20 46 2
24 93.53 44.18 40.61 80.09 23 45 3
25 38.37 65.80 22.75 341.68 16 18 3
26 77.51 55.63 32.78 215.84 3 37 2
27 96.15 78.91 25.24 278.32 17 26 3
28 3.09 5.94 7.17 248.01 8 20 3
29 51.74 81.27 5.32 107.17 16 45 3
30 98.51 39.28 7.97 363.04 23 36 2
31 56.70 19.71 33.74 236.41 14 17 2
32 4.85 60.62 29.19 58.62 23 41 3
33 92.99 93.00 38.13 321.19 1 27 2
34 18.06 78.34 18.39 430.81 14 44 3
35 75.66 6.95 1.09 311.41 12 34 2
36 73.57 54.73 32.65 51.96 22 45 2
37 41.11 65.06 28.83 161.78 3 22 2
38 7.14 59.15 23.93 232.33 4 25 1
39 64.51 54.02 25.38 383.81 16 47 2
40 78.50 10.74 30.14 70.71 21 25 3
41 59.27 47.88 21.07 447.50 23 43 2
42 90.41 38.53 11.96 411.67 6 42 2
43 79.54 79.10 39.87 471.83 10 33 3
44 7.79 71.20 34.62 393.11 2 6 2
45 74.59 92.88 16.54 309.64 12 45 1
46 62.14 46.43 49.09 134.18 17 20 1
47 98.78 18.59 42.69 82.32 14 39 3
48 5.80 35.46 30.48 423.19 15 39 3
49 55.76 64.48 25.71 221.41 23 33 1
50 10.06 46.85 30.11 440.50 11 18 3
51 17.24 61.56 35.98 51.85 21 46 1
52 63.15 90.61 13.71 79.24 18 47 1
53 15.00 48.89 36.54 292.97 1 10 1
54 0.38 15.82 9.72 470.75 19 38 2
55 0.94 28.44 41.75 422.40 10 22 3
56 83.10 50.64 16.25 198.84 6 17 2
57 85.15 21.17 14.71 437.14 3 47 1
58 32.25 22.71 13.32 265.41 2 14 3
59 74.36 41.35 35.98 133.90 15 39 2
60 92.37 62.45 20.67 165.68 22 48 1
61 71.95 14.17 39.16 454.70 15 45 2
62 68.73 32.01 14.49 259.02 14 23 2
63 13.24 32.02 42.92 235.11 3 17 1
64 57.83 0.59 22.48 387.92 11 16 1
65 29.12 62.22 38.20 432.80 18 42 2
66 38.57 45.67 48.92 228.47 0 3 1
67 2.34 46.47 11.09 280.78 17 33 2
68 91.34 7.23 1.36 90.34 20 47 2
69 66.29 13.12 7.19 311.24 24 44 3
70 19.95 6.29 41.01 185.68 17 23 2
71 72.59 43.48 25.20 270.59 4 42 2
72 87.06 97.30 36.32 217.44 5 31 1
73 1.54 39.27 31.93 131.88 3 8 1
74 12.88 70.16 35.16 375.02 17 20 2
75 90.52 2.99 29.70 460.02 4 20 1
76 38.03 93.84 32.38 94.08 14 46 1
77 37.39 41.72 42.70 312.99 3 23 1
78 96.76 80.85 8.84 257.91 21 48 2
79 74.02 52.88 18.13 394.21 18 45 2
80 80.31 75.15 21.60 227.09 0 1 2
81 86.45 51.77 40.93 137.61 0 15 1
82 53.23 58.87 4.23 377.31 22 29 3
83 55.60 53.25 49.92 232.48 11 27 2
84 31.22 37.92 44.09 90.35 7 14 3
85 70.72 21.22 32.69 480.36 8 17 3
86 70.54 70.48 20.09 420.58 7 36 2
87 24.12 99.56 30.70 67.07 24 47 1
88 84.34 49.58 43.94 248.10 23 28 3
89 3.34 53.27 44.41 297.80 18 35 3
90 82.29 89.78 38.15 366.79 11 14 1
91 26.76 5.00 7.73 180.51 11 31 3
92 11.78 98.44 1.14 67.92 6 31 2
93 72.69 90.87 42.20 499.05 3 38 2
94 50.51 75.33 36.69 428.82 11 45 3
95 51.73 69.15 11.53 73.81 23 33 1
96 45.29 76.06 19.40 93.77 21 23 1
97 85.73 40.95 42.69 240.53 3 43 1
98 21.05 41.67 31.46 450.53 3 26 3
99 69.76 37.27 34.97 158.82 17 41 3
100 47.89 65.20 48.71 267.03 12 21 1
101 90.40 79.99 49.65 458.36 9 47 2
102 28.60 39.42 6.92 467.55 23 41 1
103 65.96 82.92 8.12 482.00 7 11 1
104 77.70 80.43 41.17 292.67 6 15 1
105 56.57 43.32 14.34 79.17 6 8 3
106 30.06 40.58 21.15 241.32 5 28 1
107 9.49 59.71 32.49 251.35 2 24 3
108 77.42 55.86 9.82 244.85 18 43 3
109 54.52 57.15 19.46 462.54 5 28 2
110 35.21 96.60 37.30 286.86 8 12 2
111 77.32 32.96 40.92 368.74 24 35 1
112 91.69 58.24 2.90 450.92 4 48 1
113 85.05 43.70 41.19 236.09 16 16 2
114 33.41 11.52 8.11 376.42 18 27 1
115 54.57 73.01 11.11 55.18 4 17 2
116 70.38 61.18 29.63 283.27 4 19 2
117 73.94 57.03 21.94 335.86 21 46 3
118 85.01 9.80 9.72 176.51 14 26 2
119 34.30 31.61 31.80 474.37 20 45 2
120 25.64 67.46 47.00 497.39 24 39 1
121 36.19 90.03 49.88 354.52 16 28 1
122 44.31 28.61 12.97 390.72 12 39 2
123 47.61 55.13 8.50 197.90 0 45 1
124 12.83 21.93 8.98 420.84 2 9 1
125 63.00 73.58 0.02 382.45 15 38 2
126 14.66 12.03 19.20 216.32 24 25 1
127 7.20 61.48 47.66 191.87 18 34 1
128 36.63 36.09 39.79 206.35 4 48 1
129 71.29 3.93 12.41 297.54 0 35 3
130 86.02 73.35 14.51 492.61 19 43 3
131 18.84 58.56 28.12 81.13 19 45 1
132 36.82 31.81 16.05 134.98 1 27 2
133 52.76 53.48 7.72 144.39 2 11 1
134 82.75 73.39 12.53 263.09 7 46 1
135 35.18 14.52 43.30 255.65 5 43 3
136 3.40 86.98 11.03 315.36 22 40 2
137 7.40 56.47 40.20 408.49 5 26 2
138 98.09 5.79 37.04 324.13 2 35 1
139 10.47 59.28 44.60 477.24 13 35 1
140 45.82 41.45 34.64 63.47 6 8 3
141 83.91 51.00 13.83 158.92 5 22 1
142 12.62 29.73 13.83 252.43 17 39 3
143 96.02 85.72 5.66 203.16 7 14 2
144 62.11 49.00 16.83 114.90 8 8 3
145 15.87 83.63 19.57 117.90 9 15 3
146 18.66 4.38 49.13 246.45 21 37 3
147 39.58 33.83 5.41 344.63 18 48 2
148 16.54 52.27 27.57 140.74 0 2 3
149 86.86 81.86 12.16 488.47 13 42 3
150 69.86 96.10 33.90 143.32 20 21 3
151 34.09 49.10 43.93 84.17 19 24 3
152 8.78 28.52 10.90 99.00 24 41 2
153 78.62 0.81 22.96 447.36 14 42 1
154 11.40 0.66 20.18 450.71 23 28 1
155 43.12 96.76 39.50 306.66 9 33 2
156 24.77 62.44 6.23 340.48 23 25 3
157 74.52 7.59 21.16 58.27 13 22 1
158 64.05 64.63 1.34 348.87 16 43 2
159 63.31 54.61 19.25 392.32 8 32 1
160 87.81 51.15 12.82 102.66 14 42 3
161 26.06 27.43 36.36 462.72 15 43 2
162 35.40 82.19 12.92 238.08 24 47 1
163 11.23 38.84 25.40 182.58 8 19 3
164 14.88 30.67 14.99 178.42 0 14 3
165 74.50 67.14 3.84 371.48 13 42 1
166 47.64 49.22 45.49 72.84 18 22 3
167 95.80 89.96 19.37 130.97 8 13 3
168 79.01 53.02 7.68 341.25 22 27 2
169 22.87 3.01 18.60 322.91 17 20 3
170 21.99 28.01 17.24 167.42 20 20 2
171 56.33 3.30 22.96 490.87 8 48 1
172 43.70 15.34 15.65 61.87 6 43 1
173 39.57 90.31 3.52 425.52 15 18 1
174 53.59 38.41 33.62 241.65 11 47 1
175 58.73 70.59 31.02 316.96 19 32 1
176 9.89 31.76 8.88 263.79 4 35 2
177 63.39 54.95 38.93 328.55 2 19 3
178 25.49 54.44 11.02 318.07 18 29 2
179 43.58 64.95 9.15 283.79 12 20 2
180 26.87 50.35 21.07 64.69 4 35 3
181 7.16 60.34 33.84 348.95 4 6 2
182 72.29 52.51 46.64 296.92 23 26 3
183 90.21 54.35 18.55 268.06 1 15 3
184 79.71 61.09 2.69 96.32 23 33 2
185 6.62 93.24 28.85 315.01 18 36 1
186 25.82 93.61 6.53 215.99 3 29 1
187 34.71 33.33 20.34 461.70 18 20 2
188 4.42 47.33 39.43 345.99 16 22 1
189 78.99 26.51 22.85 225.83 16 31 2
190 58.45 55.55 31.85 344.30 21 24 2
191 39.33 10.22 37.01 379.38 5 14 2
192 84.28 86.52 46.49 149.00 5 35 3
193 32.04 3.01 9.00 483.44 24 25 2
194 68.61 58.56 32.30 459.67 5 47 2
195 71.46 14.80 9.86 239.64 23 45 1
196 50.54 43.81 31.09 157.38 3 31 1
197 43.47 82.51 37.95 181.28 22 32 1
198 46.53 95.88 17.89 434.86 19 28 3
199 37.69 95.08 4.98 309.19 15 37 2
200 27.58 15.13 28.37 270.41 10 10 2
201 68.15 12.30 8.89 309.32 11 15 3
202 68.57 42.09 4.84 415.10 9 21 1
203 75.23 71.51 0.84 128.26 18 28 2
204 56.17 78.51 31.67 493.00 17 48 3
205 64.38 56.24 21.15 366.96 6 29 1
206 68.06 73.50 34.67 248.07 12 48 3
207 25.82 3.51 35.29 52.87 22 46 1
208 70.64 53.69 4.36 102.82 22 22 3
209 14.22 61.74 47.27 319.71 22 44 1
210 76.34 84.57 21.66 315.08 12 33 2
211 34.15 32.62 39.16 278.07 12 22 2
212 28.04 32.61 16.98 346.24 7 20 3
213 72.16 22.17 25.40 246.99 17 33 3
214 8.43 27.86 8.39 482.19 9 14 1
215 69.97 2.87 13.27 493.60 18 32 3
216 29.43 29.01 36.44 52.30 8 33 1
217 67.01 23.10 6.81 377.82 13 19 2
218 71.79 56.32 12.57 363.09 12 21 1
219 87.54 98.62 1.28 414.40 6 34 3
220 57.57 36.61 2.44 170.70 14 24 1
221 90.13 53.10 10.77 484.49 15 42 2
222 78.66 47.25 41.93 417.38 11 41 2
223 73.55 84.31 48.39 285.42 23 42 1
224 84.27 15.86 27.43 369.88 21 33 3
225 2.27 93.30 16.65 347.52 1 15 3
226 64.13 40.81 9.68 200.71 8 16 1
227 95.15 76.23 7.68 176.26 19 44 3
228 33.40 44.76 20.52 135.50 10 27 3
229 15.89 68.26 6.31 198.69 22 32 1
230 81.98 92.37 26.09 294.84 0 45 2
231 51.27 1.41 7.46 291.19 2 48 1
232 65.55 57.80 2.38 437.52 17 21 2
233 94.01 0.33 10.24 54.33 10 25 3
234 54.71 23.07 47.04 452.98 0 25 3
235 72.28 35.54 27.59 185.17 9 48 2
236 5.14 27.40 4.66 397.36 17 18 1
237 88.50 30.94 40.89 95.77 18 19 2
238 39.01 23.50 41.10 416.71 21 47 1
239 37.15 71.88 49.69 420.16 14 35 3
240 74.73 72.56 2.26 475.78 22 25 1
241 54.22 40.01 0.90 138.94 11 15 1
242 66.02 56.48 48.18 202.14 21 45 2
243 38.70 1.09 25.54 53.60 2 29 2
244 88.84 35.51 5.00 469.08 23 34 2
245 48.17 43.98 22.67 186.28 9 48 3
246 6.63 3.21 49.80 59.08 13 45 1
247 13.04 56.64 37.66 497.40 18 26 1
248 24.55 54.29 23.11 314.55 12 14 3
249 30.59 51.23 20.44 164.23 17 47 3
250 31.34 11.25 35.99 85.85 12 20 3
251 87.39 7.95 45.45 317.54 23 44 2
252 80.25 38.29 8.56 235.17 20 42 2
253 62.60 75.74 24.90 184.22 9 9 2
254 22.95 55.76 11.43 190.52 14 21 1
255 79.24 32.31 29.07 498.88 4 34 2
256 93.40 24.57 16.72 173.28 11 24 1
257 38.78 76.41 31.59 343.22 16 46 2
258 29.71 40.00 40.58 281.71 0 45 1
259 94.55 88.84 29.35 391.27 16 27 2
260 1.53 72.47 13.82 396.60 9 23 2
261 46.53 70.47 25.00 313.00 2 18 3
262 34.35 14.73 26.86 296.20 1 27 3
263 1.57 62.79 29.89 211.00 10 25 3
264 15.00 1.43 39.55 176.97 21 28 2
265 33.94 20.71 20.33 393.02 20 24 3
266 74.53 24.90 17.58 295.24 8 24 1
267 41.77 3.95 49.15 475.84 7 14 3
268 42.69 99.95 43.47 199.05 13 34 3
269 84.68 19.66 49.57 123.42 3 21 2
270 8.89 37.69 5.12 446.59 4 32 3
271 90.09 76.52 4.86 376.91 11 45 3
272 57.11 48.84 20.19 55.22 17 17 3
273 92.67 73.40 32.67 443.78 0 15 3
274 87.51 1.21 46.03 58.24 20 29 3
275 84.14 33.11 20.91 253.54 18 25 3
276 79.93 55.62 35.09 213.88 10 47 3
277 97.75 50.58 20.81 411.19 13 28 1
278 75.03 42.50 2.93 436.02 1 40 3
279 97.69 71.46 43.96 475.63 8 23 1
280 82.03 12.71 35.88 152.24 17 35 1
281 28.95 65.53 35.68 131.66 0 21 3
282 41.67 50.44 43.16 146.86 0 41 1
283 88.75 5.14 28.67 263.34 7 29 1
284 67.90 22.34 42.77 331.62 19 37 1
285 88.16 80.96 45.10 424.72 14 43 1
286 79.05 17.19 15.88 348.70 17 42 3
287 90.02 69.94 43.62 451.51 1 42 2
288 80.48 74.47 33.40 476.02 20 31 1
289 28.67 12.55 35.63 308.70 12 12 3
290 65.47 40.19 0.96 476.55 1 36 3
291 74.67 4.65 24.13 208.29 20 35 1
292 7.28 13.62 25.97 246.06 24 29 3
293 64.77 76.08 10.86 283.92 20 33 1
294 1.59 3.94 32.01 99.96 14 41 2
295 36.20 88.36 43.75 180.32 24 38 2
296 71.56 38.68 35.81 64.38 15 37 2
297 0.62 9.13 42.33 137.19 22 33 1
298 96.40 75.54 2.40 235.57 3 46 1
299 85.95 1.07 18.83 398.20 14 36 3
300 50.51 18.09 24.48 426.73 22 34 1
301 25.81 25.80 26.13 219.87 10 37 1
302 29.02 3.91 14.07 186.04 18 26 1
303 49.14 83.36 3.97 471.98 4 41 3
304 10.67 49.94 39.42 496.37 9 42 1
305 52.50 63.64 27.12 93.73 1 15 3
306 8.28 72.06 37.55 345.63 3 14 2
307 96.72 83.32 22.31 300.21 3 43 1
308 81.93 63.89 34.26 413.83 14 44 3
309 61.75 6.47 9.00 443.44 5 47 1
310 46.04 18.59 45.44 337.19 6 35 2
311 14.46 82.43 30.81 388.97 24 47 1
312 26.66 8.55 32.38 172.40 12 35 2
313 26.41 53.46 0.45 281.10 6 48 3
314 18.20 23.78 28.00 163.11 18 33 2
315 45.07 42.18 8.03 104.08 10 13 2
316 97.10 94.44 46.93 328.84 22 47 1
317 58.48 25.82 14.03 354.41 20 39 2
318 11.21 95.69 29.74 400.34 14 39 1
319 66.83 44.30 45.04 90.67 12 16 2
320 67.06 28.99 23.79 272.15 15 37 1
321 42.48 89.10 22.05 398.84 16 29 2
322 78.10 2.02 13.00 101.83 19 19 2
323 19.92 90.59 16.71 255.07 21 22 2
324 26.15 6.05 48.91 343.20 1 40 1
325 70.44 68.77 40.97 492.52 14 43 2
326 58.94 47.12 40.08 224.31 7 38 1
327 99.67 93.41 37.12 279.11 23 37 3
328 78.13 0.28 13.67 299.08 22 37 2
329 59.10 28.52 21.38 426.46 4 8 1
330 2.03 40.63 48.86 145.02 6 31 1
331 55.66 10.84 41.95 451.45 0 9 1
332 80.73 14.74 32.56 199.75 6 30 2
333 67.81 80.27 46.45 254.45 11 46 2
334 43.49 37.68 8.32 194.61 7 18 1
335 97.70 14.06 40.42 349.08 8 23 1
336 85.57 90.75 21.89 347.12 9 39 3
337 6.96 84.56 1.03 429.07 19 46 1
338 77.03 8.62 35.57 276.97 15 30 2
339 74.20 11.58 7.89 314.12 0 31 1
340 91.34 80.17 42.26 383.19 23 28 3
341 20.39 95.63 47.77 291.81 22 27 3
342 23.16 87.03 39.69 72.61 15 47 3
343 66.35 18.82 4.66 352.04 24 42 1
344 1.18 68.78 32.51 245.75 23 46 3
345 76.06 26.43 40.22 429.15 2 19 1
346 93.44 2.36 28.89 339.65 10 13 3
347 11.83 34.29 16.40 384.39 1 30 2
348 38.11 46.27 15.58 469.43 6 11 1
349 0.84 89.70 10.60 104.16 5 7 3
350 60.78 7.44 10.28 263.35 15 15 2
351 61.29 7.65 17.84 157.89 21 36 2
352 42.82 32.70 29.09 460.76 13 32 2
353 88.73 63.59 41.23 407.65 11 23 1
354 7.34 76.67 29.10 94.50 20 29 3
355 34.00 51.84 12.50 90.93 2 34 3
356 37.83 0.69 12.18 174.88 11 20 3
357 73.01 71.97 25.09 138.09 19 22 1
358 55.83 59.16 27.27 147.55 18 42 2
359 26.23 0.16 27.88 220.38 13 30 2
360 54.11 51.24 4.32 241.89 12 12 1
361 71.27 37.10 46.43 64.24 23 37 3
362 91.99 9.33 23.74 279.74 6 12 3
363 82.07 58.18 44.81 142.83 12 39 1
364 63.55 40.04 9.86 135.64 11 25 3
365 62.89 13.41 23.25 456.36 20 36 2
366 37.59 77.29 13.00 458.50 4 43 2
367 15.21 90.10 39.45 377.31 20 23 2
368 46.91 90.90 37.64 477.36 23 42 2
369 95.57 38.59 6.70 107.05 16 43 2
370 98.15 97.52 28.06 77.62 21 22 1
371 46.62 95.97 26.07 164.34 15 30 2
372 6.17 10.69 15.74 160.28 20 20 2
373 64.03 43.29 9.53 60.26 11 32 3
374 5.00 21.01 31.69 121.09 11 19 2
375 31.04 68.01 9.73 271.71 18 44 2
376 38.73 59.38 40.05 314.38 2 42 2
377 63.76 71.84 34.39 162.51 22 45 3
378 41.73 42.93 15.92 177.47 11 17 2
379 83.38 61.79 44.39 492.68 23 33 1
380 11.11 53.45 32.46 75.97 14 44 3
381 79.19 58.99 36.87 151.02 20 37 3
382 35.30 46.98 9.60 403.00 4 30 2
383 16.11 91.20 35.70 291.17 9 16 2
384 81.13 16.64 46.72 347.63 1 21 1
385 94.17 84.46 16.45 339.43 0 40 3
386 37.24 25.97 45.18 473.81 17 38 3
387 1.53 49.62 39.90 433.04 9 34 1
388 66.97 28.26 7.45 351.08 24 24 1
389 59.16 8.06 6.98 230.00 15 27 3
390 95.12 74.13 46.80 66.23 3 21 1
391 88.10 69.57 24.84 350.66 4 18 3
392 31.67 66.20 20.00 68.41 7 46 2
393 43.31 85.47 8.76 118.37 9 12 1
394 50.52 67.30 2.10 437.02 15 38 3
395 55.38 69.03 36.44 403.10 14 41 3
396 1.88 29.36 12.06 392.80 20 45 1
397 68.26 34.23 14.32 348.92 24 35 1
398 57.39 21.88 46.82 389.77 23 24 2
399 81.85 55.60 37.31 191.73 7 9 3
400 1.67 60.35 12.60 477.67 13 38 2
401 12.04 78.54 18.12 498.76 8 35 2
402 41.58 30.80 10.34 236.37 6 20 1
403 65.98 52.79 9.10 402.99 17 20 3
404 82.52 2.51 16.20 367.46 8 15 2
405 58.46 66.11 31.97 423.55 20 22 3
406 72.67 44.02 22.92 307.04 0 19 2
407 50.57 1.25 35.01 429.46 2 11 2
408 62.55 77.25 35.83 164.21 19 45 3
409 36.04 80.55 19.09 138.91 19 42 3
410 83.65 75.50 2.58 226.96 6 27 2
411 36.34 57.98 10.97 190.31 12 44 2
412 99.33 54.99 17.49 350.82 9 35 1
413 30.03 25.40 20.16 324.70 0 23 1
414 58.61 65.53 4.30 351.18 20 42 3
415 52.46 43.91 41.53 63.65 5 10 1
416 57.94 45.85 22.66 277.78 15 21 2
417 86.48 14.42 6.74 236.89 21 24 3
418 12.95 83.32 26.16 256.59 7 38 3
419 39.67 88.73 20.05 259.35 9 48 2
420 38.79 73.08 19.17 57.56 17 25 2
421 20.11 20.45 11.21 229.75 3 23 2
422 53.37 5.29 43.93 493.90 9 12 2
423 64.68 85.98 34.55 294.72 20 37 3
424 44.23 16.59 47.89 55.54 0 3 3
425 74.47 81.99 6.83 101.15 7 21 3
426 86.33 53.36 26.72 367.48 4 45 1
427 31.80 28.24 2.21 467.74 19 46 3
428 62.61 20.84 46.92 277.27 23 42 2
429 61.38 62.16 45.09 341.77 9 42 1
430 39.51 59.91 39.69 135.71 17 28 3
431 60.06 25.51 41.69 74.27 24 27 3
432 91.23 99.94 10.33 435.28 3 25 2
433 10.75 89.70 13.08 370.63 11 27 1
434 89.84 2.27 28.88 433.35 11 27 2
435 76.00 84.82 36.09 314.26 8 41 1
436 55.31 98.23 12.24 274.04 3 18 1
437 35.66 66.36 13.81 419.31 10 46 3
438 38.47 11.70 15.79 372.83 19 26 3
439 49.89 70.16 37.67 131.25 23 28 2
440 49.42 37.28 12.31 156.16 7 10 2
441 21.15 12.36 40.85 213.64 11 42 3
442 57.36 23.31 38.62 374.65 21 44 3
443 80.15 65.30 7.29 475.57 11 47 1
444 21.18 11.84 36.15 376.79 18 40 1
445 27.09 80.31 4.80 491.83 18 36 2
446 26.99 1.08 11.52 132.40 4 44 3
447 17.76 87.81 34.37 221.60 3 43 2
448 13.28 99.55 8.53 476.99 8 39 2
449 83.03 21.07 4.68 202.65 19 25 1
450 17.90 5.75 45.30 367.79 16 27 3
451 90.24 38.05 5.30 93.68 16 31 3
452 4.72 63.90 6.25 145.49 20 24 3
453 9.15 59.13 32.04 423.93 11 30 1
454 44.64 1.00 7.69 292.59 22 43 2
455 41.11 47.77 30.95 174.44 7 43 2
456 51.04 10.36 36.74 240.79 11 48 2
457 59.64 57.83 29.40 276.71 5 39 1
458 6.52 96.36 43.88 335.41 1 43 3
459 35.83 70.91 16.99 277.94 20 25 1
460 41.67 39.55 30.25 89.88 3 26 1
461 54.89 44.90 13.24 190.94 19 45 3
462 25.32 45.65 42.68 271.39 21 34 1
463 32.86 93.33 23.10 186.51 21 24 1
464 56.60 33.83 12.76 310.59 22 23 2
465 34.24 87.73 34.94 328.60 5 43 3
466 13.63 3.49 27.13 382.83 1 24 3
467 18.50 1.69 23.37 357.85 16 37 3
468 88.08 68.08 2.11 299.44 20 31 2
469 71.48 94.54 44.50 482.53 11 17 3
470 47.19 9.44 23.63 273.84 0 37 2
471 65.10 22.47 22.42 272.68 16 34 1
472 84.20 30.15 34.08 420.78 16 37 2
473 61.89 77.56 8.95 285.38 21 43 3
474 40.83 41.76 20.34 489.91 2 5 2
475 16.18 16.57 47.32 462.49 24 32 3
476 57.38 45.50 8.49 480.26 19 35 1
477 38.90 66.33 46.96 295.38 7 46 1
478 10.78 28.05 22.17 51.76 4 15 3
479 0.95 96.07 43.96 82.85 17 37 3
480 89.75 77.04 38.37 175.38 14 23 2
481 2.12 66.26 18.93 152.42 8 42 1
482 70.64 24.82 18.08 178.78 12 36 1
483 95.00 85.83 25.71 54.30 16 26 2
484 19.69 37.88 30.19 118.50 3 33 2
485 45.58 93.34 37.52 490.25 21 36 3
486 10.07 66.48 49.21 283.56 17 42 2
487 70.05 15.34 46.36 143.49 15 42 1
488 9.48 8.53 43.63 133.52 15 39 1
489 9.32 0.68 42.61 78.68 19 24 1
490 52.69 80.67 26.08 463.97 7 7 2
491 6.75 86.50 19.07 184.16 20 28 1
492 48.32 33.81 39.03 312.07 13 36 3
493 62.96 28.79 3.15 189.55 3 39 2
494 34.89 42.22 45.38 485.37 21 47 3
495 11.44 57.31 45.01 85.45 4 16 2
496 32.33 60.23 41.70 493.95 21 36 3
497 90.76 29.07 0.37 120.25 22 43 2
498 50.08 62.87 41.41 234.27 17 39 1
499 21.91 69.61 6.13 173.98 7 43 3
500 48.01 58.65 15.35 60.80 16 42 1
1 128.49 4669.87 1
2 181.89 3943.14 2
3 116.04 4098.55 3
1 1.24 49.05 3
2 1.79 48.49 1
3 1.97 42.55 1
4 1.71 43.62 3
5 1.60 39.66 3
6 1.40 35.98 2
7 1.39 36.89 1
8 1.64 37.30 2
9 1.40 26.88 1
10 1.73 44.53 3
11 1.78 25.81 2
12 1.12 36.07 3
