Data for Vehicle routing problem with drones - Author: Huyen Do Thi Ngoc
Number of depots: 3
Number of cities: 500
Number of trucks: 8
Number of drones: 17
Area: 100 100 50
Customer maximum demand: 500
Max capacity of truck: 200
Max energy of truck: 5000
Max capacity of drone: 2
Max energy of drone: 50
1 92.18 99.66 33.79
2 72.47 19.37 23.47
3 10.29 83.28 24.52
1 80.75 88.43 8.63 413.63 20 22 2
2 38.60 31.08 31.27 497.96 23 28 3
3 17.66 0.73 25.24 430.69 6 42 1
4 93.88 59.39 10.81 189.87 13 25 3
5 4.22 41.12 2.17 347.54 12 13 2
6 11.34 15.63 44.20 112.19 1 2 2
7 14.82 5.56 17.11 473.44 19 48 2
8 42.37 81.85 16.08 465.48 17 46 1
9 16.08 6.04 27.82 336.03 8 24 3
10 31.84 14.21 28.47 318.03 8 26 2
11 41.30 81.23 9.30 274.49 19 24 1
12 19.49 48.24 37.07 333.01 1 6 1
13 16.54 86.11 4.73 398.79 24 35 1
14 83.78 20.94 30.81 124.61 24 35 3
15 7.75 74.39 32.88 425.50 6 40 1
16 94.28 20.34 15.73 185.52 9 9 2
17 7.77 72.38 49.27 431.43 4 24 1
18 79.45 94.49 2.15 279.50 19 20 2
19 81.14 2.62 19.81 79.77 20 28 3
20 86.60 3.06 1.84 327.98 8 45 2
21 34.06 57.15 36.69 258.98 17 29 1
22 88.96 31.41 15.44 485.38 13 35 1
23 30.34 17.15 8.00 289.41 2 11 2
24 36.48 74.47 27.73 383.55 20 37 2
25 12.56 28.42 6.96 259.46 18 32 1
26 54.19 88.75 38.87 275.79 22 36 2
27 32.24 79.87 47.23 262.06 11 44 3
28 57.24 83.74 6.24 498.98 4 12 1
29 93.39 60.96 33.06 75.35 19 20 1
30 54.94 23.07 36.30 303.42 5 46 2
31 78.25 3.85 16.59 70.36 3 37 3
32 28.76 63.86 27.08 117.28 12 22 2
33 55.09 12.17 39.61 214.97 2 4 1
34 0.76 97.20 3.02 389.84 17 41 1
35 94.92 99.27 48.66 409.48 24 27 2
36 41.59 3.77 24.30 81.04 20 41 3
37 34.70 96.00 32.89 365.95 8 28 1
38 27.34 62.99 11.65 226.96 4 21 1
39 31.05 44.61 34.05 194.30 15 27 3
40 74.67 24.16 26.50 428.50 22 30 3
41 89.77 20.20 15.12 392.48 13 31 3
42 91.89 8.01 37.65 185.60 23 35 1
43 82.78 79.95 21.99 425.55 18 27 1
44 39.29 47.15 13.28 409.36 0 47 3
45 36.91 71.09 44.85 155.69 15 36 2
46 36.91 90.73 6.45 414.47 2 25 2
47 51.21 55.42 42.11 233.51 19 46 1
48 77.62 66.81 40.21 75.86 3 47 2
49 69.42 28.42 12.65 180.22 17 38 3
50 4.83 30.24 45.09 354.90 8 34 2
51 36.57 63.29 22.66 314.89 18 32 3
52 13.39 63.25 3.35 325.90 10 17 3
53 44.93 26.85 1.01 466.36 8 17 3
54 12.82 35.81 31.16 111.27 7 40 1
55 56.52 47.45 11.85 71.54 18 42 2
56 3.37 66.27 7.14 277.30 6 15 2
57 63.27 40.02 11.96 400.26 2 10 1
58 35.16 4.91 36.10 355.39 17 27 3
59 94.29 93.16 31.76 84.04 23 26 3
60 19.04 53.48 16.63 341.28 0 17 1
61 73.12 49.27 41.63 339.44 3 40 1
62 21.86 78.42 46.70 238.80 13 26 3
63 53.52 8.95 9.26 362.40 5 18 3
64 43.70 68.89 7.51 478.60 2 35 3
65 89.38 17.42 22.21 90.58 19 23 3
66 65.67 43.81 32.51 249.13 24 26 2
67 25.34 33.33 15.63 210.29 20 34 1
68 44.59 1.95 48.39 315.92 12 29 2
69 53.24 10.68 20.82 284.27 22 24 2
70 84.11 54.28 39.87 464.04 3 15 1
71 17.31 87.81 42.70 376.53 22 37 1
72 51.38 78.58 34.54 75.92 22 35 3
73 34.20 22.82 20.27 86.73 18 38 2
74 5.83 10.11 0.19 251.61 21 31 2
75 55.27 47.69 38.20 475.85 1 48 1
76 0.09 86.92 36.97 322.32 1 44 2
77 97.45 53.49 45.91 74.85 8 21 1
78 90.87 37.75 46.57 237.95 0 44 3
79 80.64 34.66 28.87 326.10 1 5 3
80 48.69 40.55 13.93 131.94 8 13 1
81 60.18 91.78 6.61 302.38 5 21 3
82 86.12 29.45 13.87 257.84 17 33 2
83 92.38 90.44 29.81 104.37 18 29 3
84 39.08 46.16 47.59 335.29 8 31 3
85 27.12 68.72 14.75 467.53 3 15 2
86 12.72 6.76 37.02 172.65 11 29 2
87 8.27 50.99 33.24 150.72 8 31 2
88 68.55 44.99 47.95 165.97 2 42 2
89 61.95 84.19 18.56 468.53 18 38 2
90 49.06 82.92 2.09 57.25 1 26 2
91 67.77 26.87 9.95 110.60 20 38 1
92 82.85 33.96 37.44 229.31 1 46 2
93 45.32 98.34 6.04 105.57 6 15 2
94 93.19 70.75 23.33 472.20 15 22 3
95 31.33 37.23 26.14 191.95 0 18 1
96 68.88 26.40 19.95 291.13 10 34 3
97 46.95 20.99 5.66 214.10 19 34 2
98 49.55 81.53 6.20 235.59 16 18 2
99 26.51 92.73 13.82 211.20 9 27 3
100 27.89 75.68 35.53 495.33 0 28 3
101 2.61 91.24 36.64 434.86 1 23 1
102 80.78 3.13 25.18 328.38 15 23 3
103 23.39 77.16 27.67 148.56 21 33 2
104 14.69 8.22 0.93 158.94 15 47 1
105 77.73 14.27 25.04 103.74 7 27 2
106 14.59 54.87 23.06 99.33 15 45 3
107 4.32 25.42 21.01 398.56 17 41 3
108 76.86 51.77 17.94 192.14 3 47 3
109 94.84 51.26 41.20 161.04 15 26 2
110 82.04 96.04 5.98 427.90 20 43 2
111 61.19 26.64 28.16 480.14 3 11 3
112 42.41 49.20 17.24 304.06 12 19 1
113 22.14 32.06 0.99 409.06 21 48 3
114 30.52 84.33 22.02 411.46 21 38 2
115 26.51 57.26 0.65 489.16 16 31 1
116 75.17 7.82 23.95 152.39 22 46 3
117 89.64 8.94 16.46 410.61 1 7 3
118 34.26 37.06 23.43 256.32 13 22 1
119 72.36 83.66 37.27 143.77 21 30 1
120 14.02 95.85 37.24 317.60 9 32 3
121 5.94 38.29 33.86 207.15 12 12 2
122 65.87 56.97 31.86 422.29 24 44 2
123 88.67 89.36 21.70 302.24 1 38 3
124 93.54 82.81 49.84 202.28 23 46 1
125 21.99 98.71 39.79 118.87 2 28 1
126 93.29 22.41 36.68 216.90 20 28 3
127 82.33 34.49 32.65 91.13 23 38 1
128 88.44 60.56 7.92 272.39 16 34 1
129 15.49 18.87 1.64 137.87 18 44 2
130 62.13 42.79 13.55 462.75 13 34 2
131 43.73 86.48 15.93 143.90 5 8 1
132 27.19 60.11 38.43 382.41 21 23 2
133 86.75 18.03 8.93 235.67 2 40 2
134 68.94 43.58 24.75 68.84 20 45 3
135 61.79 73.43 20.09 90.06 24 46 2
136 97.54 88.37 38.12 373.00 11 46 1
137 37.90 28.95 33.42 425.29 1 48 2
138 27.43 62.32 20.42 239.96 22 40 2
139 9.45 32.34 42.19 106.85 22 24 1
140 23.45 87.96 30.41 316.85 13 28 2
141 56.68 98.77 5.07 128.89 15 45 1
142 46.53 74.82 45.21 329.33 6 37 2
143 40.84 95.81 20.41 479.90 3 33 3
144 44.96 15.22 1.15 138.16 12 32 3
145 24.52 69.14 30.56 319.78 0 27 2
146 42.07 22.38 4.79 56.36 12 29 3
147 44.04 81.42 40.83 496.55 16 38 2
148 48.75 59.12 25.56 240.42 23 37 2
149 77.21 49.67 3.33 86.57 3 18 2
150 92.62 61.56 41.24 94.79 6 18 3
151 96.22 87.87 20.22 248.72 1 41 2
152 6.86 36.68 29.81 224.98 2 3 3
153 33.18 60.04 23.76 51.10 2 5 1
154 81.55 78.91 4.83 394.75 4 19 1
155 84.24 50.04 40.40 197.88 11 18 3
156 82.79 15.28 3.96 101.36 7 11 3
157 95.12 37.07 22.08 460.36 24 30 3
158 22.04 95.38 34.09 481.90 22 48 3
159 4.75 22.67 46.09 117.88 22 29 1
160 57.32 38.18 29.76 452.82 8 21 2
161 52.06 29.83 34.58 283.12 17 26 1
162 97.49 3.27 12.29 439.28 18 34 1
163 38.94 42.14 25.05 147.82 0 32 2
164 6.46 11.94 21.64 217.75 23 32 3
165 37.93 14.44 6.91 364.08 24 45 3
166 49.05 89.72 17.75 87.64 13 21 3
167 21.18 72.66 29.68 294.66 5 46 1
168 92.61 86.29 20.57 317.43 3 22 2
169 48.84 58.59 27.26 217.64 2 41 1
170 43.00 95.88 3.21 473.37 3 18 3
171 3.58 19.41 4.24 152.49 0 41 3
172 84.75 31.32 38.57 381.02 15 15 2
173 35.58 52.41 47.55 316.76 4 25 3
174 91.42 85.54 1.52 471.78 19 24 2
175 30.61 32.34 6.25 458.10 10 16 1
176 13.23 28.76 38.10 379.12 16 18 1
177 44.66 50.93 14.40 412.18 5 42 3
178 48.44 48.47 23.12 251.52 19 42 2
179 2.53 89.32 39.01 107.95 22 42 3
180 26.55 54.34 28.93 406.40 0 48 1
181 76.71 48.89 44.07 352.20 9 23 3
182 54.12 38.81 7.96 463.35 24 25 3
183 10.71 21.31 3.62 125.03 18 39 3
184 8.65 62.54 26.49 303.30 17 20 1
185 89.93 4.14 47.20 240.59 20 37 1
186 82.83 5.54 28.10 203.36 7 38 2
187 54.35 28.45 25.35 366.29 10 12 2
188 66.85 9.09 17.74 251.07 2 12 3
189 26.32 75.61 21.70 175.94 12 13 2
190 0.78 40.54 42.10 497.20 3 44 2
191 60.18 30.81 36.95 106.47 9 12 2
192 76.15 23.43 11.42 103.71 23 34 3
193 52.32 47.89 48.25 418.82 15 26 2
194 93.01 95.65 43.41 419.81 5 24 1
195 41.69 97.58 25.73 113.26 20 40 3
196 90.60 56.27 49.20 413.34 21 35 2
197 49.37 11.25 31.54 390.93 5 19 1
198 14.79 65.13 37.74 127.88 8 26 3
199 54.94 84.84 47.25 265.75 16 34 1
200 50.77 2.07 33.81 190.79 16 31 2
201 84.32 79.50 20.24 395.02 7 33 2
202 93.52 45.93 27.31 317.57 9 36 1
203 42.09 7.67 4.14 264.01 23 26 3
204 45.26 80.39 8.38 461.41 22 41 3
205 43.48 65.79 24.59 368.85 12 46 2
206 51.35 32.79 25.65 63.67 3 42 3
207 90.73 77.87 48.39 200.65 22 32 2
208 4.87 25.98 48.87 144.76 8 23 3
209 23.09 52.14 14.66 447.00 7 48 3
210 54.69 72.88 21.54 57.73 20 41 3
211 85.92 45.98 7.08 299.85 2 34 1
212 75.37 53.69 27.44 188.69 19 33 3
213 65.41 79.02 15.08 268.64 9 27 2
214 18.76 34.61 29.86 58.49 14 44 3
215 74.01 17.22 12.24 163.80 11 25 1
216 34.66 52.95 17.22 78.69 15 45 1
217 26.37 40.26 21.04 293.45 22 47 1
218 59.49 60.56 3.92 378.56 13 29 3
219 97.39 60.18 27.35 115.46 21 38 3
220 76.46 45.27 6.20 469.98 1 33 2
221 58.91 6.99 21.30 403.83 5 25 1
222 16.26 64.92 8.95 259.67 19 40 3
223 3.40 2.79 37.69 298.67 3 19 3
224 69.19 87.49 13.99 364.14 10 23 3
225 91.59 60.29 0.32 392.35 21 31 3
226 18.25 51.69 18.45 128.45 1 31 3
227 81.72 6.48 29.10 333.47 9 20 1
228 54.57 59.90 14.18 433.21 1 30 2
229 88.94 94.53 1.49 125.04 19 37 3
230 34.87 4.78 6.66 171.53 7 40 2
231 64.20 60.15 32.57 178.68 15 34 3
232 36.18 30.20 4.23 476.46 10 19 1
233 27.28 12.09 17.34 320.88 5 9 2
234 41.12 29.91 26.05 482.98 23 41 2
235 86.13 34.65 32.08 453.13 7 12 1
236 27.15 37.39 20.41 299.40 16 47 2
237 75.47 39.25 10.31 442.42 8 22 2
238 4.73 57.30 42.18 61.39 17 45 3
239 86.29 44.90 5.31 89.91 8 28 1
240 75.42 57.73 12.30 380.10 18 23 2
241 17.20 15.13 34.33 349.04 4 31 1
242 94.53 43.60 42.63 128.09 2 9 3
243 66.13 72.51 7.37 447.79 2 4 2
244 53.97 27.40 48.67 208.89 23 30 3
245 59.63 63.58 17.72 496.93 22 44 3
246 45.79 56.79 47.42 80.72 22 27 1
247 68.33 51.95 42.15 222.52 8 12 1
248 49.28 15.04 14.54 148.47 23 36 3
249 86.38 93.21 49.81 213.94 9 37 1
250 65.53 85.45 20.22 303.94 10 42 3
251 91.31 65.94 48.02 305.25 7 11 1
252 14.66 16.81 21.72 364.26 4 33 2
253 93.83 86.70 45.44 102.78 12 29 2
254 95.94 11.51 4.41 368.36 3 27 3
255 13.92 86.55 13.23 111.36 15 15 2
256 64.73 0.20 19.89 388.75 3 21 3
257 26.55 0.34 45.92 236.26 9 10 2
258 30.85 28.53 49.40 351.50 9 34 3
259 91.92 55.39 19.49 108.59 2 35 1
260 3.90 52.90 48.86 341.06 9 47 3
261 95.47 32.27 27.84 287.32 0 20 1
262 56.84 22.61 30.30 63.48 7 25 2
263 66.79 67.28 5.17 358.32 18 31 2
264 40.89 55.64 15.15 307.91 22 29 1
265 38.71 85.99 23.77 410.10 0 3 2
266 2.15 78.35 15.49 398.26 9 12 2
267 43.62 57.47 10.75 273.35 17 29 3
268 50.23 11.04 27.73 474.79 0 40 1
269 11.85 5.47 34.90 372.12 16 45 1
270 96.88 88.20 15.39 229.10 5 19 2
271 47.32 48.39 12.33 143.23 6 41 2
272 78.17 87.21 28.46 339.04 2 37 3
273 52.76 45.28 49.99 470.34 6 43 1
274 68.76 8.70 17.82 68.20 5 24 3
275 65.21 51.46 42.95 319.04 21 38 2
276 72.07 83.10 8.82 98.98 24 34 1
277 30.80 36.72 0.07 345.07 20 48 2
278 96.45 40.24 0.44 88.66 18 28 3
279 51.21 16.40 7.01 148.39 21 35 3
280 40.55 28.24 32.17 114.89 9 31 3
281 51.00 79.57 39.13 297.09 21 39 2
282 96.30 42.23 40.89 324.24 9 38 1
283 95.35 9.21 17.65 325.69 2 8 2
284 42.68 33.42 1.96 62.57 2 15 1
285 55.56 39.45 8.86 461.29 19 40 1
286 11.70 68.34 18.35 425.82 22 41 2
287 38.24 83.44 36.58 255.77 15 35 1
288 89.19 96.51 1.76 380.88 18 41 2
289 60.79 15.95 13.50 264.28 2 10 1
290 34.61 4.64 43.61 390.64 9 38 3
291 14.32 87.78 45.84 89.28 23 34 2
292 48.19 85.18 28.46 89.31 20 26 1
293 99.73 92.39 32.30 403.84 3 22 2
294 81.62 0.16 42.88 474.34 3 40 2
295 90.59 61.30 1.21 168.72 24 33 2
296 25.54 70.72 5.07 295.66 17 39 2
297 71.33 55.25 13.74 125.03 23 30 1
298 98.57 76.28 21.41 494.45 1 42 3
299 83.32 69.93 10.42 163.05 6 41 2
300 28.31 12.44 45.35 199.86 4 24 3
301 95.03 32.39 41.96 455.51 9 28 1
302 69.38 55.95 21.10 362.54 1 46 3
303 35.69 32.48 44.24 148.16 24 38 3
304 78.25 89.02 22.03 453.99 5 27 3
305 71.24 49.49 21.61 225.93 10 21 3
306 66.45 34.06 48.45 280.44 23 43 3
307 78.18 97.32 15.10 468.46 0 26 1
308 54.40 30.05 4.73 428.41 19 26 1
309 64.39 17.60 20.85 155.26 1 38 1
310 19.30 50.27 44.44 173.56 4 48 3
311 96.76 19.02 8.54 63.33 1 44 3
312 71.13 44.16 4.54 249.63 18 35 2
313 67.17 98.94 19.57 269.06 7 18 3
314 27.41 15.80 36.18 165.45 21 43 1
315 18.16 88.68 9.50 282.06 11 47 3
316 9.50 69.42 2.81 100.94 17 18 1
317 52.86 91.38 43.88 394.11 11 26 1
318 57.48 70.92 9.38 453.07 19 24 1
319 10.29 85.74 42.81 330.11 21 22 1
320 1.69 10.91 23.26 199.30 12 21 3
321 80.79 35.87 4.66 137.39 17 38 1
322 8.52 34.45 18.65 211.66 6 8 3
323 1.58 38.56 24.09 471.62 0 6 1
324 91.91 81.34 24.39 416.53 12 25 3
325 5.62 26.59 30.70 238.11 9 39 1
326 2.14 29.16 39.21 55.98 7 19 3
327 10.63 39.00 42.42 267.15 16 23 1
328 24.52 50.06 7.80 198.68 10 10 2
329 30.55 26.30 34.76 327.71 2 22 2
330 43.89 94.65 38.99 451.52 15 21 1
331 97.16 26.52 49.63 270.69 6 9 3
332 35.40 25.55 9.89 178.79 23 32 3
333 58.40 71.32 32.42 100.41 22 35 2
334 97.39 23.53 45.39 141.67 4 22 1
335 73.14 86.06 11.06 333.79 15 35 3
336 74.91 7.76 16.42 59.20 0 41 3
337 82.60 15.51 14.21 89.50 3 8 3
338 65.75 88.05 47.55 155.70 3 11 2
339 79.23 77.24 3.39 261.48 17 17 1
340 54.75 86.15 7.90 380.73 14 20 2
341 44.03 14.96 4.94 499.31 13 35 3
342 64.91 62.58 3.49 244.52 10 38 3
343 74.45 88.25 48.97 146.70 20 27 2
344 37.84 69.74 1.28 309.75 12 47 3
345 18.98 69.24 14.73 436.36 24 47 1
346 32.74 89.46 13.24 311.11 1 44 3
347 38.65 13.24 38.91 176.01 3 13 3
348 34.80 34.27 38.06 110.38 22 26 1
349 62.30 64.17 39.23 102.98 15 42 3
350 20.04 90.46 47.77 150.81 18 30 3
351 31.76 87.28 23.86 396.54 24 42 1
352 13.50 5.71 48.44 58.66 10 42 3
353 11.76 55.64 36.29 128.44 16 29 3
354 28.62 32.61 36.66 471.48 14 33 3
355 74.92 37.19 15.48 109.88 19 31 3
356 91.90 58.86 38.80 377.41 1 48 3
357 9.84 18.08 33.40 177.56 9 10 3
358 76.50 79.83 8.65 324.60 2 3 1
359 95.51 27.18 1.56 345.13 19 24 3
360 12.00 39.03 28.95 336.65 0 3 2
361 49.48 18.82 20.79 453.22 9 17 3
362 38.57 29.35 20.99 153.64 2 3 1
363 57.55 12.78 9.57 222.77 15 23 2
364 60.02 39.00 40.24 243.36 1 9 1
365 65.40 12.28 12.60 206.99 1 43 1
366 63.00 19.68 20.30 184.41 5 28 2
367 71.87 24.23 13.01 451.14 1 15 1
368 45.02 45.37 32.54 258.77 8 23 3
369 52.83 99.36 46.02 61.10 9 39 3
370 28.17 66.72 44.00 261.82 13 42 1
371 86.41 22.36 39.01 81.51 7 21 2
372 81.96 94.52 30.54 136.22 16 44 3
373 27.14 81.05 49.68 249.59 15 24 3
374 1.02 69.46 28.86 245.40 0 22 2
375 5.12 8.05 8.67 357.31 23 28 2
376 17.92 92.23 38.60 425.65 4 20 1
377 86.48 49.63 27.25 122.05 12 48 1
378 21.97 22.42 18.88 450.49 10 14 3
379 2.28 60.15 22.63 377.58 16 22 1
380 65.99 66.27 20.40 281.18 4 40 1
381 15.66 0.82 13.84 380.74 14 30 3
382 66.92 67.85 1.96 107.73 6 12 3
383 63.67 37.31 48.33 90.80 14 46 2
384 48.68 26.58 39.23 494.80 21 22 3
385 37.78 69.68 30.23 414.63 3 24 1
386 75.20 62.66 48.43 350.03 14 46 3
387 32.85 43.87 29.92 339.03 7 35 1
388 38.88 2.11 31.55 88.50 6 22 2
389 50.87 25.13 33.45 71.13 20 44 3
390 9.09 24.30 9.72 452.52 7 37 2
391 85.55 20.66 46.77 496.19 17 19 3
392 9.20 68.59 34.00 120.47 15 18 2
393 29.66 53.07 18.33 276.72 13 22 3
394 43.10 53.99 30.92 181.18 8 33 2
395 45.43 78.01 47.68 386.61 24 28 2
396 73.15 37.05 16.50 435.79 11 46 1
397 71.45 72.22 30.26 137.47 7 23 1
398 11.21 67.85 44.19 156.15 20 43 1
399 2.48 1.80 31.63 316.29 0 45 1
400 33.37 16.71 25.94 364.92 9 14 2
401 71.66 47.40 47.26 265.13 19 31 3
402 96.47 18.46 47.45 374.22 24 40 3
403 20.48 9.82 15.77 244.10 17 36 3
404 14.34 16.82 14.45 189.07 0 41 3
405 46.89 75.22 36.65 402.48 1 36 2
406 14.42 61.44 22.48 153.66 0 9 2
407 17.87 33.65 19.05 348.05 2 22 3
408 75.07 98.63 43.72 420.38 18 41 3
409 65.18 69.35 0.21 325.38 14 38 3
410 10.15 42.60 24.21 479.68 11 43 1
411 21.04 5.05 44.54 285.60 20 30 3
412 97.09 36.62 42.08 66.55 14 42 3
413 12.47 53.21 6.99 464.77 7 44 1
414 26.52 33.21 4.31 394.95 15 33 1
415 57.76 93.38 36.21 361.64 17 26 2
416 42.00 94.45 37.99 451.72 18 26 1
417 79.40 88.82 44.92 152.24 19 33 1
418 20.58 13.56 33.35 98.68 2 5 1
419 61.60 78.28 19.28 57.25 6 19 3
420 36.72 4.29 5.91 209.61 22 24 2
421 78.00 87.02 14.95 467.33 1 30 3
422 43.97 76.50 45.07 259.93 23 23 3
423 87.14 10.81 34.90 261.21 1 44 1
424 25.69 91.58 10.36 270.60 0 5 2
425 96.24 21.95 43.14 444.79 13 35 2
426 12.94 41.50 12.84 55.87 5 35 1
427 19.15 88.79 12.56 115.18 19 41 3
428 55.59 3.78 36.76 353.74 20 28 2
429 67.22 98.19 41.31 100.24 15 22 3
430 5.09 52.78 45.93 378.23 21 46 2
431 79.26 96.92 28.11 247.55 13 36 2
432 91.68 82.07 5.78 474.39 17 18 2
433 82.79 56.72 3.50 120.54 17 25 1
434 5.88 71.12 16.86 131.92 3 5 1
435 15.18 16.09 31.15 353.32 0 28 2
436 84.29 44.64 25.09 265.70 1 31 1
437 42.03 17.58 22.14 128.64 18 38 2
438 63.84 30.80 23.49 119.70 7 12 3
439 56.25 71.80 45.95 81.65 2 4 3
440 46.99 7.01 27.74 122.95 23 37 1
441 5.32 34.18 18.97 82.00 17 34 3
442 0.35 97.24 27.07 374.09 8 36 3
443 91.13 33.84 2.55 194.94 18 26 3
444 61.75 71.76 17.11 195.70 17 48 3
445 85.15 95.14 5.16 120.96 17 32 2
446 59.64 80.23 14.33 65.02 3 37 2
447 49.36 58.48 9.22 424.54 7 34 1
448 20.65 13.15 14.31 151.16 13 31 2
449 46.26 42.77 25.81 139.00 2 30 2
450 72.18 57.92 6.19 473.75 19 47 3
451 49.09 49.16 9.00 128.63 24 44 3
452 18.07 29.31 26.46 119.97 2 47 2
453 4.55 51.83 9.84 184.05 14 37 2
454 45.82 96.10 23.12 492.75 7 44 2
455 8.87 75.48 48.04 167.70 10 23 2
456 81.37 62.73 3.99 295.28 23 37 3
457 66.76 96.56 2.33 159.71 13 48 1
458 79.57 28.85 21.28 111.78 16 16 3
459 23.36 65.33 2.41 233.89 1 40 2
460 20.82 74.70 23.18 455.76 3 27 1
461 46.40 92.28 31.87 216.55 21 23 2
462 8.52 86.47 11.08 187.78 23 25 2
463 23.35 93.43 2.05 263.65 1 9 2
464 69.09 83.40 28.42 498.82 10 10 3
465 8.77 36.17 25.27 286.68 19 39 1
466 35.59 7.20 19.48 389.09 20 47 1
467 88.37 25.16 42.24 131.64 0 20 2
468 25.16 5.57 15.64 59.78 11 38 3
469 61.91 34.86 18.13 340.57 15 25 2
470 66.83 9.25 38.75 263.20 5 19 2
471 65.95 32.31 9.62 424.60 22 24 1
472 3.06 16.02 28.83 466.39 0 7 1
473 4.99 68.34 25.07 381.29 12 43 3
474 14.86 65.49 6.79 428.49 8 30 1
475 9.65 10.16 16.71 322.73 13 31 2
476 15.15 25.30 45.70 456.54 2 41 1
477 44.97 18.69 30.71 465.38 9 39 1
478 48.11 85.98 44.42 395.85 13 24 3
479 34.85 75.88 8.35 395.69 14 21 2
480 60.03 68.35 43.86 360.19 23 36 1
481 90.09 94.79 6.48 389.81 7 8 3
482 19.58 79.13 36.93 308.05 16 25 2
483 59.45 44.45 11.89 162.65 15 15 3
484 68.69 41.88 26.88 170.89 18 43 3
485 7.42 19.30 36.75 308.33 15 18 2
486 82.11 5.89 19.82 231.92 15 23 1
487 18.45 87.76 26.87 324.03 10 32 2
488 75.68 2.62 13.31 430.72 10 22 3
489 96.66 62.69 28.30 262.05 13 23 1
490 16.00 4.67 17.74 106.68 6 30 1
491 69.15 52.58 18.10 187.67 23 25 3
492 9.97 27.79 14.51 237.40 15 28 2
493 57.00 55.42 6.77 427.73 11 32 1
494 38.93 71.98 19.36 371.47 21 31 2
495 92.27 79.15 48.65 247.37 18 27 1
496 67.88 18.25 21.52 395.53 1 23 3
497 10.01 16.94 32.06 295.16 22 30 3
498 70.88 40.75 3.32 79.80 6 9 3
499 94.82 96.34 46.14 184.82 23 31 3
500 69.82 9.59 7.45 269.14 24 25 1
1 170.43 3437.07 1
2 184.42 4481.10 2
3 191.25 4674.91 3
4 175.76 3004.73 1
5 160.39 3685.18 1
6 176.01 3121.20 2
7 175.20 3085.64 2
8 102.63 4859.46 3
1 1.64 35.51 6
2 1.68 49.20 1
3 1.36 35.46 5
4 1.93 26.96 2
5 1.89 38.22 4
6 1.61 37.14 1
7 1.13 39.70 5
8 1.56 32.81 1
9 1.97 37.72 2
10 1.38 33.77 8
11 1.58 35.79 8
12 1.51 40.79 8
13 1.37 29.81 1
14 1.99 47.99 3
15 1.41 27.41 8
16 1.43 37.41 8
17 1.01 39.43 6
