Data for Vehicle routing problem with drones - Author: Huyen Do Thi Ngoc
Number of depots: 1
Number of cities: 500
Number of trucks: 6
Number of drones: 16
Area: 100 100 50
Customer maximum demand: 500
Max capacity of truck: 200
Max energy of truck: 5000
Max capacity of drone: 2
Max energy of drone: 50
1 34.93 90.55 20.68
1 86.13 9.76 47.41 324.47 6 35 1
2 15.03 99.82 45.43 412.18 7 36 1
3 1.32 85.61 18.04 147.39 0 41 1
4 20.99 36.07 4.69 256.18 2 7 1
5 37.11 87.15 46.01 354.46 23 32 1
6 99.18 34.16 42.81 242.64 21 48 1
7 57.71 2.98 18.11 88.57 23 26 1
8 48.88 19.60 38.13 120.55 20 23 1
9 7.45 54.19 0.07 213.97 17 17 1
10 9.81 30.44 28.21 75.83 4 36 1
11 99.88 97.74 6.65 129.72 10 42 1
12 69.38 69.22 1.64 347.61 8 31 1
13 98.08 36.15 8.87 492.25 8 21 1
14 33.67 69.21 48.38 440.94 9 43 1
15 25.33 82.24 3.72 236.02 18 46 1
16 71.84 84.26 45.39 468.85 14 32 1
17 31.40 55.10 7.99 454.25 15 37 1
18 85.86 20.78 9.97 272.48 11 11 1
19 74.63 3.14 30.84 205.34 1 28 1
20 63.90 61.21 13.72 167.16 14 33 1
21 13.57 36.58 12.84 63.68 0 40 1
22 61.15 98.45 4.96 497.68 19 26 1
23 19.27 81.67 34.16 270.24 19 24 1
24 84.12 22.25 47.23 132.03 9 19 1
25 97.80 23.33 4.68 271.78 10 18 1
26 50.86 39.14 20.58 280.10 10 16 1
27 48.96 92.85 8.80 275.78 20 47 1
28 7.12 31.50 44.10 435.13 24 26 1
29 9.02 52.47 13.19 414.80 6 12 1
30 92.98 48.90 33.25 190.52 17 28 1
31 99.88 75.14 39.75 168.16 4 29 1
32 42.88 67.28 34.87 362.60 5 36 1
33 43.20 5.74 3.26 425.29 24 39 1
34 30.10 80.35 36.72 250.16 19 20 1
35 17.77 57.55 14.67 355.49 18 24 1
36 35.26 30.87 35.34 236.95 4 35 1
37 18.83 97.94 25.66 128.88 7 8 1
38 16.09 75.54 41.35 135.75 22 44 1
39 18.25 71.16 35.12 341.84 24 38 1
40 13.62 28.08 43.24 433.78 12 12 1
41 25.85 55.28 22.76 368.78 19 28 1
42 15.80 42.75 19.71 432.44 7 21 1
43 38.99 30.42 33.54 70.87 12 35 1
44 28.80 0.43 0.21 105.05 10 45 1
45 84.10 43.68 46.52 477.94 3 24 1
46 73.19 46.62 25.46 428.34 0 47 1
47 53.83 44.47 17.55 157.19 14 34 1
48 23.64 98.64 15.20 171.39 19 32 1
49 86.40 90.89 40.13 328.75 12 22 1
50 48.45 65.31 29.98 118.78 9 13 1
51 22.35 41.09 46.66 306.78 18 45 1
52 42.91 13.34 14.86 175.94 18 46 1
53 48.54 58.87 42.87 432.09 20 31 1
54 32.09 76.68 47.02 307.28 8 18 1
55 21.32 73.06 11.23 388.94 24 35 1
56 73.56 77.77 15.40 288.62 17 37 1
57 32.43 46.34 28.71 215.83 5 5 1
58 43.79 45.60 13.68 212.64 3 13 1
59 8.36 92.48 9.02 467.18 7 31 1
60 15.36 98.10 35.22 92.07 16 20 1
61 97.13 3.35 45.12 247.56 10 27 1
62 18.39 14.88 26.22 228.73 0 28 1
63 44.03 28.98 40.42 126.01 19 40 1
64 60.15 83.50 43.65 336.53 18 39 1
65 64.60 28.18 8.37 340.92 13 15 1
66 83.54 55.42 18.00 392.31 17 31 1
67 75.57 82.18 37.83 378.25 6 8 1
68 12.56 70.27 15.22 484.85 10 26 1
69 60.24 77.51 4.24 251.91 24 42 1
70 87.98 9.95 45.38 136.47 1 25 1
71 3.74 72.48 27.55 317.16 17 26 1
72 82.04 42.61 18.25 352.55 7 16 1
73 73.88 55.79 40.04 445.57 24 43 1
74 17.57 60.33 21.93 303.67 19 47 1
75 24.52 61.57 43.80 350.08 22 41 1
76 16.66 24.97 31.28 289.95 19 46 1
77 35.01 20.19 35.24 140.31 3 11 1
78 51.99 83.70 30.09 220.38 15 48 1
79 74.46 84.30 32.79 346.08 3 29 1
80 56.58 78.27 1.51 346.43 14 32 1
81 36.33 93.61 0.41 282.46 22 39 1
82 77.60 54.20 4.57 72.02 12 26 1
83 41.61 23.16 33.05 52.55 4 27 1
84 64.13 80.71 35.49 499.96 14 42 1
85 27.26 62.67 12.44 316.96 18 29 1
86 48.92 6.44 25.91 232.07 1 43 1
87 44.35 52.25 39.41 99.12 6 19 1
88 46.16 19.70 42.32 277.64 8 8 1
89 45.17 45.66 6.70 312.08 19 41 1
90 94.47 52.01 39.28 284.25 17 35 1
91 38.10 57.58 5.50 476.40 6 13 1
92 25.50 14.45 40.95 287.97 18 21 1
93 39.16 78.65 2.62 311.61 11 47 1
94 70.06 29.65 14.99 484.72 16 21 1
95 43.12 17.33 39.11 76.18 3 33 1
96 57.03 17.91 1.07 434.13 9 29 1
97 80.97 33.86 47.71 221.99 23 30 1
98 63.90 94.49 7.82 257.19 12 48 1
99 21.44 83.16 45.79 485.52 4 4 1
100 47.79 20.20 33.54 196.42 18 20 1
101 45.58 21.48 24.05 92.58 24 47 1
102 17.31 36.39 35.11 324.29 5 33 1
103 56.52 89.93 42.02 208.52 11 42 1
104 30.19 41.62 7.08 287.49 23 33 1
105 94.88 68.41 11.24 175.06 6 42 1
106 49.25 98.15 6.73 286.74 2 2 1
107 97.74 84.71 35.75 318.13 2 6 1
108 15.16 68.68 22.51 381.41 2 29 1
109 82.03 47.74 30.29 362.62 14 31 1
110 42.42 39.54 47.28 270.20 0 29 1
111 5.87 7.21 10.63 475.51 15 39 1
112 80.72 72.61 38.60 384.08 8 29 1
113 88.41 90.46 25.57 253.81 19 44 1
114 44.26 69.63 47.86 389.25 0 5 1
115 51.61 4.37 34.00 101.35 2 7 1
116 60.14 25.79 45.60 453.91 13 14 1
117 50.03 80.90 37.95 311.74 6 42 1
118 4.49 4.99 12.12 296.37 1 23 1
119 65.99 98.56 37.06 255.07 20 38 1
120 54.41 12.92 38.28 466.97 24 30 1
121 91.90 19.90 23.16 279.61 10 17 1
122 1.80 3.19 37.00 152.86 2 21 1
123 10.37 98.30 47.96 305.34 4 15 1
124 8.02 92.21 46.22 319.31 22 29 1
125 13.15 38.45 19.68 60.06 12 47 1
126 33.25 28.57 36.78 86.62 20 38 1
127 84.49 37.99 0.98 189.70 20 40 1
128 85.18 93.85 27.89 403.35 20 35 1
129 81.83 98.79 18.37 142.47 21 27 1
130 3.29 57.90 15.11 425.49 13 46 1
131 40.60 95.27 37.60 367.15 6 19 1
132 9.10 89.46 1.96 67.71 15 25 1
133 60.08 90.36 28.48 223.90 21 38 1
134 13.49 26.07 6.62 67.93 9 27 1
135 18.55 24.18 15.58 482.13 8 12 1
136 27.86 53.87 12.95 411.03 3 5 1
137 63.64 26.19 6.33 328.21 4 45 1
138 26.83 12.97 49.96 411.92 8 20 1
139 29.74 49.11 30.03 135.83 8 12 1
140 42.00 89.93 30.38 432.74 15 19 1
141 35.93 88.43 16.22 288.69 10 21 1
142 14.02 18.86 19.51 278.88 9 23 1
143 87.63 17.42 5.74 75.30 3 14 1
144 18.25 21.32 49.98 189.84 14 17 1
145 21.12 41.82 38.99 424.98 12 18 1
146 33.05 65.31 16.68 493.89 14 42 1
147 96.71 35.26 0.35 475.88 24 39 1
148 63.59 22.49 27.41 188.01 0 8 1
149 56.88 55.51 23.68 84.13 12 20 1
150 67.05 3.08 44.28 421.04 6 26 1
151 95.85 82.86 6.12 443.25 19 36 1
152 6.41 84.88 8.41 435.88 23 40 1
153 21.15 66.69 27.70 344.94 5 20 1
154 64.30 35.33 38.00 354.85 2 30 1
155 65.07 60.95 27.03 301.16 1 26 1
156 95.01 12.55 33.07 272.38 12 30 1
157 59.42 87.71 19.79 436.36 16 41 1
158 67.79 89.70 13.94 191.73 15 39 1
159 79.21 59.23 22.70 494.31 11 35 1
160 32.36 86.62 28.25 424.07 9 46 1
161 49.98 90.86 48.66 201.18 6 27 1
162 80.04 43.25 5.74 63.74 6 40 1
163 35.43 49.96 47.29 415.31 3 12 1
164 29.04 53.30 39.22 463.24 1 29 1
165 26.26 14.54 49.64 79.95 8 33 1
166 44.06 80.30 36.17 246.12 23 23 1
167 41.72 35.06 9.27 354.73 20 42 1
168 33.62 96.58 12.53 327.50 5 30 1
169 88.53 70.57 4.03 246.78 22 29 1
170 60.65 72.70 32.37 162.23 16 47 1
171 16.07 43.64 15.56 281.59 8 22 1
172 8.28 60.07 5.32 369.08 10 14 1
173 0.85 40.47 8.78 54.73 1 2 1
174 68.59 95.19 37.03 440.90 9 20 1
175 51.21 64.03 36.28 453.69 5 28 1
176 19.38 42.31 9.53 432.57 2 8 1
177 67.40 67.48 38.94 333.03 2 42 1
178 28.86 74.77 34.78 134.45 24 24 1
179 38.79 10.95 30.28 455.56 9 38 1
180 69.86 85.81 33.68 101.79 14 33 1
181 18.70 73.89 39.13 155.19 1 20 1
182 11.70 65.99 0.14 364.67 14 30 1
183 82.32 19.33 36.82 186.28 12 28 1
184 81.43 83.74 48.43 293.26 22 41 1
185 13.68 82.19 40.58 313.56 17 34 1
186 64.69 35.29 13.00 484.18 7 35 1
187 10.29 38.36 48.75 447.02 23 25 1
188 35.46 11.93 37.04 384.90 14 36 1
189 34.76 20.53 27.04 313.80 6 42 1
190 44.52 64.49 19.43 338.81 17 47 1
191 32.79 59.37 38.55 393.85 8 47 1
192 63.62 39.05 4.77 278.17 13 34 1
193 93.12 36.23 40.33 319.29 9 33 1
194 23.69 64.55 47.54 148.82 4 21 1
195 98.15 24.04 42.16 63.71 16 46 1
196 54.13 95.93 38.08 416.98 16 48 1
197 93.82 44.94 28.99 267.24 24 43 1
198 69.68 23.33 32.67 364.31 23 41 1
199 64.68 60.38 28.88 73.77 5 12 1
200 41.16 30.50 23.54 432.01 3 33 1
201 50.16 36.07 17.18 74.38 9 15 1
202 52.87 67.41 17.80 422.03 5 44 1
203 68.03 42.03 15.23 212.15 5 41 1
204 14.01 15.50 20.14 190.78 11 21 1
205 7.11 66.29 42.94 103.53 20 30 1
206 51.14 31.26 28.88 214.06 19 29 1
207 30.72 90.94 14.48 188.44 2 16 1
208 35.34 64.26 45.97 379.40 9 24 1
209 92.77 7.04 36.19 131.09 13 43 1
210 48.11 9.11 1.80 216.93 1 1 1
211 36.12 31.18 33.54 314.26 7 7 1
212 1.91 4.81 49.40 328.29 11 35 1
213 30.26 87.05 9.68 121.60 12 29 1
214 22.16 36.49 46.64 480.85 10 10 1
215 45.64 16.48 47.56 344.15 15 42 1
216 77.26 46.37 47.12 161.50 12 31 1
217 43.16 5.80 5.24 244.42 7 11 1
218 39.78 1.77 21.76 339.46 16 27 1
219 14.10 3.22 30.63 339.43 20 36 1
220 67.39 50.26 32.75 254.53 17 47 1
221 41.44 37.32 1.84 334.42 0 36 1
222 2.17 21.40 2.96 424.86 12 48 1
223 68.66 57.41 11.36 478.34 22 43 1
224 5.64 69.11 41.10 110.78 7 43 1
225 44.88 75.11 44.31 339.03 15 45 1
226 80.51 41.68 42.45 228.34 22 41 1
227 44.87 65.22 37.75 201.04 20 47 1
228 80.97 65.66 35.83 410.47 15 45 1
229 61.36 60.92 31.84 475.81 21 40 1
230 66.62 7.58 24.39 313.72 7 32 1
231 49.75 20.24 42.46 160.17 16 25 1
232 15.92 74.26 12.55 445.33 7 14 1
233 79.01 85.63 3.86 225.87 21 42 1
234 43.88 25.54 27.44 392.18 13 39 1
235 8.02 50.22 22.99 445.16 16 28 1
236 19.00 90.34 39.36 301.38 24 31 1
237 19.24 39.41 26.47 202.23 22 46 1
238 75.46 38.76 8.58 346.91 4 23 1
239 39.93 55.61 33.17 306.71 5 43 1
240 90.76 62.60 39.14 409.63 6 17 1
241 3.27 96.31 35.34 411.92 16 29 1
242 47.41 17.02 10.35 469.96 22 44 1
243 2.89 95.79 28.75 343.78 23 48 1
244 72.99 18.25 30.86 107.79 13 29 1
245 36.61 78.22 19.63 236.75 10 22 1
246 83.41 21.22 21.82 465.11 18 21 1
247 54.31 14.34 33.68 124.04 22 22 1
248 89.68 74.84 2.31 235.30 22 23 1
249 12.72 98.20 44.07 129.03 20 21 1
250 98.49 19.84 34.00 474.62 19 29 1
251 35.32 5.21 1.82 490.86 10 10 1
252 63.86 53.24 22.62 369.05 9 41 1
253 90.01 93.17 1.92 197.01 6 41 1
254 65.46 85.49 41.22 411.32 24 39 1
255 79.35 1.16 11.14 391.51 17 44 1
256 99.70 25.15 25.79 199.48 5 7 1
257 76.22 43.98 15.66 331.48 4 22 1
258 53.70 63.88 19.85 313.23 21 22 1
259 59.44 82.94 2.23 306.56 5 24 1
260 59.77 86.49 42.20 192.05 23 47 1
261 70.90 96.08 27.85 183.27 14 17 1
262 81.48 98.94 32.21 172.60 10 15 1
263 91.81 65.55 30.38 409.57 2 7 1
264 9.94 39.92 30.69 329.72 0 48 1
265 48.98 20.18 20.22 364.32 8 18 1
266 29.99 66.11 12.16 432.84 24 26 1
267 6.31 4.28 36.14 438.78 3 3 1
268 6.28 39.48 48.45 314.41 22 34 1
269 46.61 76.12 13.81 263.77 9 23 1
270 72.85 20.80 38.68 263.13 5 32 1
271 38.79 58.52 49.63 210.80 23 47 1
272 6.74 35.17 30.99 180.51 21 37 1
273 37.28 36.49 20.17 380.54 16 40 1
274 47.28 28.77 34.37 396.17 17 21 1
275 66.63 9.62 4.60 301.13 18 34 1
276 83.66 80.22 8.30 337.35 22 48 1
277 55.71 28.54 33.33 467.69 5 18 1
278 94.34 22.58 25.86 184.92 4 36 1
279 10.60 67.36 11.05 62.52 5 42 1
280 10.24 99.94 5.91 321.31 13 36 1
281 55.10 96.54 47.51 52.28 15 26 1
282 38.14 38.47 33.27 115.00 0 24 1
283 89.10 42.26 23.23 285.23 17 18 1
284 33.97 5.31 15.66 151.95 19 20 1
285 24.61 80.59 19.08 487.87 7 14 1
286 25.97 11.99 38.83 272.01 16 37 1
287 21.33 63.66 22.61 485.58 16 23 1
288 33.16 16.14 9.11 413.73 20 41 1
289 11.28 23.22 30.11 288.50 16 32 1
290 99.96 96.90 12.13 77.20 7 48 1
291 70.27 91.97 28.14 202.60 4 43 1
292 54.88 42.66 30.73 278.16 8 19 1
293 79.97 32.64 36.53 430.30 5 9 1
294 45.51 76.32 13.39 325.13 0 9 1
295 34.65 14.06 21.67 396.07 17 37 1
296 73.47 72.24 2.31 412.08 3 13 1
297 71.54 1.81 14.88 442.35 3 19 1
298 40.68 71.35 42.64 423.36 15 47 1
299 41.60 72.47 5.48 305.41 4 36 1
300 20.93 52.48 24.12 349.67 21 38 1
301 80.01 54.82 23.49 172.18 21 30 1
302 94.60 7.31 18.92 184.92 5 22 1
303 12.82 95.05 37.24 165.44 1 40 1
304 98.48 80.66 14.75 103.44 19 24 1
305 18.78 24.75 49.20 323.50 16 28 1
306 58.74 98.83 45.57 177.66 23 41 1
307 46.58 14.99 27.28 273.36 0 22 1
308 52.11 3.32 11.54 441.53 3 5 1
309 5.39 70.04 9.56 482.73 19 48 1
310 7.20 9.24 43.51 74.73 7 44 1
311 26.61 4.49 6.82 408.44 16 16 1
312 66.41 67.45 1.65 358.47 10 48 1
313 62.00 37.59 3.24 410.36 19 24 1
314 4.64 44.38 24.92 212.74 3 43 1
315 74.06 6.87 19.72 69.19 1 21 1
316 44.77 95.14 45.46 166.46 14 21 1
317 72.75 83.75 4.04 233.79 0 22 1
318 10.04 9.67 39.18 176.74 1 24 1
319 89.90 39.06 8.36 480.60 14 36 1
320 52.43 21.56 6.56 129.89 17 35 1
321 62.85 59.24 45.76 347.00 24 33 1
322 49.47 1.19 30.68 176.93 14 41 1
323 22.09 96.88 36.36 96.96 20 48 1
324 46.74 87.76 38.52 267.20 0 22 1
325 25.11 98.36 29.47 353.49 0 14 1
326 38.52 46.59 25.40 273.70 22 44 1
327 24.74 56.91 11.82 410.92 16 22 1
328 95.45 81.74 22.50 229.97 1 36 1
329 44.58 5.09 38.33 96.91 14 18 1
330 80.07 43.16 32.61 67.64 11 48 1
331 65.39 9.91 18.16 167.30 14 31 1
332 68.00 63.59 16.28 443.60 5 16 1
333 28.93 60.26 23.84 128.02 17 29 1
334 21.89 82.68 0.25 499.89 19 24 1
335 22.03 6.60 33.11 369.53 7 7 1
336 33.94 52.02 20.12 123.39 15 15 1
337 8.66 37.87 9.74 463.19 22 40 1
338 44.47 54.85 9.27 55.74 1 3 1
339 62.49 84.05 2.68 407.80 22 44 1
340 31.58 83.24 19.17 385.19 11 46 1
341 10.71 71.74 32.78 365.70 12 43 1
342 10.59 49.43 42.93 307.55 5 16 1
343 88.53 73.66 22.67 348.23 5 21 1
344 1.13 39.22 6.60 340.84 10 21 1
345 86.40 27.84 26.92 160.79 13 42 1
346 95.13 74.70 30.20 476.56 6 31 1
347 56.06 55.53 17.39 175.92 2 7 1
348 37.98 62.99 12.43 298.77 13 48 1
349 63.93 84.15 10.26 324.66 11 11 1
350 43.55 8.01 47.33 59.59 18 48 1
351 88.75 83.98 27.02 313.37 14 37 1
352 19.49 76.50 9.98 471.61 7 21 1
353 65.93 49.08 42.05 165.79 4 25 1
354 5.64 7.32 16.54 442.48 6 6 1
355 33.71 50.55 28.21 189.20 22 29 1
356 36.20 50.03 41.93 175.10 8 30 1
357 41.61 21.52 33.70 260.29 15 26 1
358 64.25 65.51 21.68 419.91 13 41 1
359 88.68 78.81 29.01 139.67 16 43 1
360 29.19 62.54 48.58 345.37 23 35 1
361 46.63 51.17 34.08 158.74 22 39 1
362 15.79 58.06 26.11 170.15 19 48 1
363 62.10 92.68 10.67 473.33 13 13 1
364 72.93 35.33 16.92 160.55 18 43 1
365 91.05 89.72 9.33 223.54 9 14 1
366 83.53 87.53 20.39 138.37 12 13 1
367 97.79 7.62 30.55 278.49 11 12 1
368 85.58 3.74 37.16 115.53 5 47 1
369 43.55 35.82 42.76 71.56 14 17 1
370 60.81 82.04 17.41 323.10 1 3 1
371 76.58 38.30 16.90 270.87 14 46 1
372 12.00 78.37 36.34 69.81 22 24 1
373 7.79 61.76 24.68 105.65 18 32 1
374 4.46 72.25 32.04 241.38 19 38 1
375 55.15 70.89 34.59 78.78 16 21 1
376 13.19 14.77 29.95 178.87 22 45 1
377 5.39 93.10 2.06 352.59 14 36 1
378 95.99 58.46 9.60 224.41 11 39 1
379 94.03 43.35 42.40 213.78 24 28 1
380 58.60 39.34 44.76 225.64 4 6 1
381 62.60 94.73 12.47 222.07 4 4 1
382 56.50 71.36 21.66 441.02 24 37 1
383 3.35 63.22 22.49 276.64 12 33 1
384 28.17 56.00 48.70 350.63 3 36 1
385 63.19 8.90 7.75 76.35 0 42 1
386 33.30 64.76 9.80 445.78 16 32 1
387 24.90 25.28 5.20 66.78 24 25 1
388 62.39 22.36 45.92 304.39 6 12 1
389 79.59 16.52 19.18 77.39 14 41 1
390 59.16 91.10 16.51 117.78 22 36 1
391 7.62 44.82 16.62 350.57 12 20 1
392 88.56 59.04 4.97 410.32 16 38 1
393 93.24 57.62 28.83 135.60 13 47 1
394 6.81 54.94 20.48 444.75 17 26 1
395 21.96 48.24 6.76 250.93 24 38 1
396 48.62 99.29 35.82 295.44 3 4 1
397 45.98 15.01 28.48 464.76 5 12 1
398 18.35 64.02 36.78 412.85 8 46 1
399 98.62 19.21 40.49 169.10 11 12 1
400 99.53 48.15 31.89 318.21 16 39 1
401 14.40 98.86 30.11 460.25 24 28 1
402 33.76 25.66 19.58 75.21 2 13 1
403 91.12 75.98 9.77 490.18 11 21 1
404 16.72 46.05 38.86 292.55 0 9 1
405 13.62 58.63 47.72 373.19 21 21 1
406 35.01 86.20 14.50 256.52 7 13 1
407 96.93 42.06 21.82 165.72 6 34 1
408 28.31 49.21 7.23 451.32 16 19 1
409 23.93 50.90 15.41 124.58 15 23 1
410 26.82 41.99 16.90 234.02 17 45 1
411 79.55 94.64 43.18 305.47 7 36 1
412 31.06 96.28 14.42 335.68 7 43 1
413 71.41 82.06 21.90 449.25 11 16 1
414 42.28 7.92 48.05 66.70 12 30 1
415 49.02 41.36 31.63 367.80 8 21 1
416 17.18 55.49 36.06 95.24 13 35 1
417 21.12 76.84 3.16 388.50 22 35 1
418 63.82 30.29 6.86 215.64 20 46 1
419 60.89 87.41 16.40 177.46 22 40 1
420 32.48 24.16 2.88 353.28 9 37 1
421 63.99 66.18 28.02 94.71 11 30 1
422 90.26 48.33 33.97 414.96 7 11 1
423 92.24 35.03 22.60 254.86 1 10 1
424 76.99 8.29 22.87 113.04 6 32 1
425 47.51 45.90 43.56 397.67 21 32 1
426 1.98 40.35 11.93 450.55 22 44 1
427 91.87 46.63 38.03 115.84 10 16 1
428 37.33 51.40 24.67 230.03 14 46 1
429 30.99 34.67 2.03 438.31 22 22 1
430 39.01 46.34 10.32 78.11 16 38 1
431 55.86 26.41 44.78 455.45 15 42 1
432 82.19 53.61 26.77 101.28 4 8 1
433 29.75 87.58 0.66 164.64 16 24 1
434 74.34 17.34 14.00 111.38 24 46 1
435 96.20 31.16 17.87 143.40 1 11 1
436 52.08 20.50 10.69 311.10 7 23 1
437 86.61 43.63 40.37 372.98 6 26 1
438 90.03 6.22 19.92 247.48 22 34 1
439 88.65 5.34 24.68 432.47 1 20 1
440 96.83 20.31 26.14 145.55 22 26 1
441 65.81 20.03 25.27 321.20 10 48 1
442 32.56 25.39 33.24 160.03 4 17 1
443 71.39 27.93 34.40 496.52 0 18 1
444 9.47 12.34 17.97 373.66 19 48 1
445 94.89 42.07 46.90 244.18 5 17 1
446 16.50 15.86 46.41 196.43 10 43 1
447 81.96 45.18 14.63 133.11 1 38 1
448 48.41 81.48 28.05 296.33 16 31 1
449 40.29 90.28 18.24 155.43 8 23 1
450 9.53 21.39 44.98 220.55 6 23 1
451 99.30 90.59 16.83 120.56 2 6 1
452 27.81 92.16 23.21 83.12 15 15 1
453 13.93 66.57 14.51 411.66 1 48 1
454 91.06 73.69 18.77 273.07 12 22 1
455 8.54 44.77 21.75 400.91 23 42 1
456 9.98 85.35 3.54 141.53 23 27 1
457 88.99 91.62 33.55 105.07 11 13 1
458 40.45 55.17 45.23 476.24 15 15 1
459 34.79 70.32 1.63 252.92 2 37 1
460 32.94 40.09 13.15 172.03 17 41 1
461 63.38 68.90 35.40 445.68 14 26 1
462 36.87 28.73 17.40 334.39 9 9 1
463 35.39 60.69 23.88 411.43 24 35 1
464 25.62 84.03 12.59 439.80 24 47 1
465 17.71 66.40 10.33 497.03 19 36 1
466 46.89 39.70 31.11 100.03 2 6 1
467 90.20 78.72 19.55 222.87 5 15 1
468 1.03 72.77 29.38 358.10 11 31 1
469 83.68 14.59 36.11 233.21 24 42 1
470 47.76 61.59 45.12 207.20 4 21 1
471 47.28 45.16 38.26 59.22 12 32 1
472 35.95 22.62 46.59 480.64 21 22 1
473 7.29 8.47 14.94 289.86 17 29 1
474 20.16 11.83 36.85 252.97 24 28 1
475 30.90 38.07 34.65 102.03 18 34 1
476 62.96 7.17 21.17 359.65 14 40 1
477 65.06 37.23 14.05 439.87 1 41 1
478 23.50 89.76 27.67 166.69 17 36 1
479 61.28 63.78 41.62 315.23 2 14 1
480 75.70 80.23 24.28 436.76 2 25 1
481 44.91 69.77 30.92 373.71 19 47 1
482 5.28 14.67 40.80 265.66 9 35 1
483 68.05 57.59 1.44 296.52 19 34 1
484 71.03 11.06 43.73 106.77 11 21 1
485 5.17 35.46 33.22 306.37 16 29 1
486 56.48 73.80 18.14 67.50 11 47 1
487 96.33 33.80 35.07 211.74 16 16 1
488 37.08 22.48 26.44 200.47 5 19 1
489 13.31 4.77 40.13 78.49 7 24 1
490 60.86 21.64 26.63 109.45 18 25 1
491 91.30 98.59 6.74 460.07 21 34 1
492 89.30 85.90 13.27 211.90 20 26 1
493 84.73 97.63 44.75 431.59 16 40 1
494 77.66 90.46 4.30 113.06 21 43 1
495 44.71 56.69 20.67 441.29 23 28 1
496 50.69 60.89 32.52 235.13 19 47 1
497 30.17 16.99 19.45 329.50 15 28 1
498 81.57 63.48 49.98 215.13 21 38 1
499 44.04 35.54 23.11 213.62 1 47 1
500 94.49 45.38 29.38 414.95 0 42 1
1 102.58 2759.06 1
2 188.70 3929.78 1
3 190.01 3752.19 1
4 102.33 3628.23 1
5 145.42 4434.73 1
6 158.05 2740.16 1
1 1.16 35.50 6
2 1.70 30.62 5
3 1.27 27.43 6
4 1.11 46.36 4
5 1.47 40.31 6
6 1.66 45.81 4
7 1.46 34.91 2
8 1.61 48.38 6
9 1.72 32.62 6
10 1.82 49.92 3
11 1.13 25.51 2
12 1.39 25.40 3
13 1.05 44.30 2
14 1.41 34.39 3
15 1.14 28.10 3
16 1.15 47.56 3
