Data for Vehicle routing problem with drones - Author: Huyen Do Thi Ngoc
Number of depots: 4
Number of cities: 500
Number of trucks: 6
Number of drones: 10
Area: 100 100 50
Customer maximum demand: 500
Max capacity of truck: 200
Max energy of truck: 5000
Max capacity of drone: 2
Max energy of drone: 50
1 51.08 21.65 45.75
2 67.34 21.34 43.93
3 98.04 64.25 10.52
4 44.69 30.04 7.99
1 28.69 55.49 34.35 194.00 18 21 3
2 23.58 67.10 15.79 159.68 0 40 2
3 62.78 68.73 18.02 249.34 0 47 4
4 55.55 72.45 21.36 452.80 1 4 2
5 23.44 64.12 35.46 203.08 23 34 1
6 71.40 70.64 40.26 139.54 24 33 3
7 80.25 80.27 4.70 451.20 8 13 4
8 27.52 31.03 39.47 134.94 12 13 2
9 69.57 58.37 15.18 413.15 8 41 4
10 79.11 52.74 26.22 422.09 2 46 4
11 31.97 73.55 46.94 420.63 4 42 1
12 19.86 70.78 21.74 405.69 9 27 4
13 5.35 40.57 36.46 295.73 4 26 2
14 70.52 58.73 45.06 302.20 22 41 4
15 1.26 73.83 12.46 391.43 19 44 2
16 82.67 56.36 40.28 304.31 23 26 1
17 23.16 67.01 18.62 61.56 6 34 4
18 60.91 15.75 13.71 212.98 22 41 2
19 9.32 15.29 40.85 264.29 12 30 3
20 19.41 5.76 43.16 240.49 6 14 4
21 34.07 28.05 17.26 488.32 23 26 1
22 64.54 63.97 40.30 276.73 0 15 2
23 65.87 45.96 40.32 157.93 9 16 3
24 80.35 81.87 9.43 76.66 15 34 4
25 50.59 1.67 49.02 221.73 14 41 3
26 50.66 73.04 11.20 353.32 10 36 1
27 23.14 11.05 8.96 146.54 15 41 4
28 23.56 17.25 13.57 322.81 17 30 4
29 81.62 44.52 22.56 234.60 10 27 3
30 57.66 34.07 9.46 253.86 11 28 2
31 58.13 39.42 24.21 256.61 12 27 3
32 17.24 99.63 19.86 429.58 2 8 3
33 32.74 50.58 0.78 424.83 21 36 4
34 83.02 83.21 8.13 469.85 21 27 4
35 4.27 8.41 13.20 87.20 5 11 4
36 35.17 30.44 15.38 476.27 23 35 2
37 7.14 42.73 2.86 482.13 22 31 2
38 90.90 38.58 18.78 480.31 6 10 3
39 21.97 72.53 2.42 228.18 6 38 3
40 40.44 53.33 43.67 477.60 9 30 4
41 47.60 18.82 25.94 147.00 8 28 2
42 40.51 12.14 32.15 168.57 14 25 4
43 48.74 83.42 48.40 144.14 11 11 1
44 38.53 84.00 2.49 475.56 22 27 2
45 20.54 19.91 40.32 419.86 0 2 1
46 43.26 73.54 32.46 147.04 3 39 3
47 85.01 35.88 18.39 298.29 21 24 3
48 62.41 57.18 17.11 263.70 18 46 2
49 93.32 22.96 31.93 395.86 1 47 4
50 5.79 45.78 27.29 442.64 6 20 1
51 14.49 23.90 42.61 165.93 20 24 3
52 33.73 42.28 46.14 383.85 3 12 2
53 15.28 87.24 33.02 55.37 9 29 1
54 73.76 30.09 40.48 192.39 2 33 2
55 76.73 3.89 29.12 83.57 0 4 3
56 10.72 30.28 9.99 473.28 17 33 2
57 54.64 29.04 42.86 319.20 17 32 1
58 45.57 2.21 40.60 221.41 23 42 1
59 52.23 2.06 49.12 137.92 4 22 2
60 3.44 15.29 10.50 371.63 4 25 2
61 56.71 38.22 40.68 138.84 4 6 2
62 31.46 80.24 20.56 136.75 7 33 2
63 74.88 53.68 31.04 190.23 9 46 4
64 52.40 26.98 27.63 230.94 17 26 4
65 64.04 5.89 14.16 207.66 12 21 4
66 10.62 71.93 12.89 101.39 23 38 4
67 35.08 39.27 0.37 155.48 13 43 4
68 78.88 16.30 4.58 341.76 22 27 2
69 89.99 95.00 28.37 260.99 21 24 3
70 7.34 20.28 30.02 274.67 23 23 1
71 63.20 2.04 25.42 298.19 4 38 2
72 71.42 74.41 28.89 262.81 24 32 1
73 43.18 41.55 40.81 228.18 18 27 4
74 0.25 70.60 10.19 415.97 13 20 4
75 78.30 12.53 8.79 412.43 17 37 1
76 46.89 27.22 19.67 422.64 3 40 1
77 26.24 16.48 1.79 195.38 19 39 2
78 38.86 36.66 49.09 132.71 11 27 3
79 93.04 31.45 40.95 50.15 11 28 2
80 32.75 58.62 18.65 321.63 15 33 4
81 23.32 83.40 47.82 93.34 17 27 1
82 33.76 53.21 45.23 497.61 21 36 1
83 60.77 26.26 17.08 486.57 4 32 4
84 68.92 65.40 8.15 498.52 7 43 3
85 50.71 18.80 1.16 184.93 5 23 2
86 12.88 25.01 37.96 151.28 1 18 4
87 43.34 71.80 38.73 362.18 24 44 2
88 78.15 55.55 18.41 206.24 1 32 2
89 74.49 95.13 0.02 418.91 24 29 4
90 95.90 82.22 26.47 451.89 0 20 1
91 99.53 39.56 38.00 423.12 14 40 1
92 36.11 86.54 13.13 114.39 13 43 1
93 69.75 17.55 29.34 493.84 1 16 3
94 66.48 7.58 37.99 64.20 22 45 3
95 80.46 78.44 24.20 276.42 12 43 1
96 8.58 47.22 35.16 173.31 16 31 2
97 66.25 10.73 15.98 301.70 21 40 1
98 17.20 71.33 39.61 407.91 24 42 4
99 71.05 75.08 22.51 425.54 20 42 2
100 31.71 87.84 33.08 478.78 7 23 4
101 8.56 72.52 49.46 139.95 10 22 2
102 12.39 8.81 17.35 345.78 17 33 4
103 81.70 29.20 32.60 258.58 7 23 4
104 1.38 0.76 6.93 92.98 13 37 4
105 87.15 30.31 18.49 302.17 3 21 4
106 38.47 98.49 39.38 78.73 2 18 1
107 2.28 97.15 27.86 371.61 22 27 3
108 10.50 51.68 37.35 380.78 14 19 1
109 95.33 60.46 25.80 233.60 2 48 2
110 57.96 52.86 24.74 128.14 11 43 4
111 8.41 57.32 12.48 72.14 0 21 4
112 39.72 92.96 45.19 389.15 0 8 3
113 57.73 85.23 28.30 415.32 14 25 2
114 21.70 57.27 25.85 180.45 20 40 1
115 32.30 17.89 39.83 291.62 23 25 3
116 71.73 44.34 20.04 153.93 17 43 1
117 30.64 25.51 1.63 140.48 16 41 3
118 42.95 5.60 29.18 430.28 24 28 2
119 73.26 23.25 44.75 353.01 16 30 2
120 22.02 42.37 0.14 310.83 4 7 4
121 78.96 82.92 1.33 276.02 15 38 2
122 6.64 82.99 46.85 446.24 19 41 3
123 25.38 69.82 4.49 430.11 21 47 1
124 14.12 92.90 16.58 280.78 1 47 2
125 41.95 92.35 18.17 116.34 2 16 1
126 90.72 49.99 44.80 412.79 5 14 4
127 35.18 78.27 48.26 410.50 22 28 1
128 85.50 67.47 38.38 322.20 4 43 3
129 72.20 78.11 11.00 407.73 13 13 1
130 13.75 59.42 26.50 276.40 14 47 1
131 45.31 21.73 12.69 452.56 23 39 2
132 62.84 10.91 1.90 441.89 24 28 1
133 62.41 48.68 47.64 474.97 5 42 1
134 84.55 51.66 18.64 179.71 15 40 4
135 2.81 1.78 7.46 305.75 24 32 4
136 9.17 63.12 20.66 358.05 24 37 3
137 20.84 36.96 47.79 366.00 9 33 1
138 76.27 32.43 25.00 141.80 23 43 4
139 64.96 88.17 3.19 176.36 17 28 3
140 21.44 51.80 9.70 255.12 11 46 4
141 84.03 39.68 23.26 326.85 21 34 3
142 20.95 86.22 21.32 299.22 5 42 2
143 45.02 4.74 10.07 207.70 18 25 1
144 25.75 67.50 49.42 128.63 16 47 3
145 9.58 14.07 26.07 352.11 18 24 1
146 22.77 58.66 49.47 423.72 20 27 1
147 92.49 70.26 37.79 433.02 0 38 2
148 87.65 46.86 29.88 341.16 19 47 1
149 59.70 25.72 22.38 349.31 1 11 2
150 51.29 16.96 42.06 190.92 22 39 2
151 7.27 30.68 22.23 473.59 18 43 2
152 78.64 61.59 11.27 133.13 0 37 3
153 78.01 46.91 40.71 403.07 16 32 3
154 72.73 7.49 20.20 438.56 21 29 2
155 24.08 9.32 39.81 338.02 12 28 4
156 36.31 76.96 4.12 387.70 23 27 1
157 67.74 13.03 28.98 141.01 23 25 2
158 23.53 85.30 23.27 348.99 17 30 4
159 45.36 83.97 6.98 370.12 12 22 2
160 9.20 50.47 21.27 478.85 12 18 1
161 10.31 5.27 29.65 50.19 21 23 2
162 41.97 12.77 41.92 258.26 9 18 3
163 15.93 88.67 28.07 307.34 15 47 4
164 80.21 52.06 25.70 412.17 3 40 2
165 74.84 53.20 48.14 344.27 0 18 2
166 40.36 98.11 20.11 139.76 8 21 4
167 21.56 30.25 44.34 455.83 24 42 2
168 80.83 73.28 32.30 460.43 15 18 3
169 0.51 7.75 46.37 364.21 14 32 2
170 56.97 9.12 48.98 462.61 6 32 2
171 16.70 1.60 12.63 161.10 1 25 1
172 40.50 60.74 39.41 397.59 7 44 4
173 76.62 95.62 21.27 470.53 10 44 3
174 96.47 40.76 5.30 201.74 23 33 4
175 3.92 90.29 33.45 123.62 12 13 2
176 94.90 95.32 10.11 99.88 13 42 4
177 4.63 95.29 36.23 368.88 21 37 4
178 54.53 42.68 2.44 56.71 7 33 2
179 82.68 11.29 49.57 114.78 5 10 2
180 72.61 47.78 26.74 179.03 17 34 2
181 31.66 25.86 32.66 297.97 23 48 3
182 36.05 94.24 14.30 277.90 19 42 1
183 98.73 5.75 29.81 149.79 0 19 4
184 85.15 19.81 36.27 446.54 5 34 1
185 39.91 69.11 45.00 347.59 20 22 4
186 51.65 29.15 44.44 146.28 22 46 2
187 47.81 0.88 34.36 348.92 1 31 4
188 12.10 32.68 1.03 305.74 22 36 1
189 78.81 46.96 49.62 320.95 12 23 4
190 20.77 40.65 16.19 422.69 10 14 2
191 32.42 91.04 16.02 159.77 16 42 2
192 81.47 46.48 14.39 355.51 5 30 1
193 34.33 7.87 27.98 60.83 2 48 1
194 61.80 73.87 8.08 214.76 9 45 2
195 80.85 24.83 20.28 282.85 16 37 3
196 39.03 23.24 41.86 375.00 19 30 3
197 35.78 40.02 42.79 263.43 4 10 1
198 81.32 17.04 16.18 372.74 10 46 2
199 38.87 28.43 42.04 458.74 7 36 1
200 33.55 52.12 35.97 144.21 11 34 4
201 47.16 74.24 15.48 471.97 4 20 4
202 58.29 89.86 15.68 290.12 6 15 3
203 41.12 45.84 27.27 166.56 2 32 3
204 59.37 90.98 36.72 385.47 5 10 2
205 85.81 15.84 15.65 98.30 23 42 4
206 56.87 44.75 22.13 67.77 7 19 1
207 90.63 49.55 12.11 392.50 8 20 4
208 32.51 35.86 16.52 302.91 2 19 2
209 67.78 73.44 38.47 218.12 0 42 4
210 8.55 37.03 2.52 358.17 0 22 1
211 69.54 2.24 34.75 120.62 5 38 2
212 17.19 37.49 39.17 179.76 2 40 2
213 70.67 57.26 34.50 343.59 11 13 3
214 20.69 8.65 13.19 383.76 17 21 2
215 86.51 65.54 41.75 199.71 20 24 1
216 23.86 75.50 40.75 339.77 16 23 3
217 96.54 32.87 32.55 461.36 4 32 4
218 81.44 1.81 28.63 411.20 9 30 1
219 98.74 64.30 39.15 79.21 4 10 3
220 58.46 72.28 43.02 79.52 11 31 1
221 23.69 96.42 16.67 263.82 3 27 3
222 58.55 73.95 38.62 232.54 1 24 3
223 72.42 15.13 28.55 326.95 10 40 2
224 37.26 43.19 46.05 170.52 23 45 2
225 92.49 84.07 36.01 70.46 4 44 4
226 94.28 13.26 1.69 459.75 4 15 2
227 50.08 26.87 19.85 364.89 3 35 4
228 51.55 51.00 0.68 430.32 4 34 2
229 89.86 5.44 9.05 167.14 2 3 3
230 80.29 29.75 46.64 343.10 20 25 1
231 22.56 83.56 34.07 227.49 18 38 4
232 26.86 17.15 41.00 198.68 22 41 3
233 60.21 79.67 19.22 467.57 6 9 4
234 25.84 78.40 8.76 388.82 23 28 3
235 36.47 90.61 33.18 331.20 22 23 4
236 97.95 54.40 37.60 267.61 11 11 4
237 37.33 12.85 49.72 271.52 7 17 2
238 51.19 72.03 37.39 85.63 17 25 2
239 1.71 42.81 45.56 263.06 5 37 4
240 52.43 39.26 15.02 207.79 1 34 2
241 33.86 96.83 29.38 201.97 20 27 3
242 91.47 51.63 17.54 187.49 20 33 3
243 94.56 57.73 35.53 455.28 24 33 3
244 44.98 64.07 12.92 158.38 8 8 1
245 48.04 19.39 42.55 450.16 23 37 4
246 57.35 58.85 48.34 297.42 21 21 3
247 15.01 50.82 35.32 52.45 17 27 1
248 51.80 86.72 23.98 350.76 5 42 4
249 35.77 43.74 48.58 157.40 6 40 1
250 60.55 13.19 1.90 338.83 17 24 4
251 16.27 11.37 30.57 170.84 20 34 2
252 44.74 30.20 1.41 466.18 8 30 2
253 11.31 81.78 28.30 480.97 18 39 1
254 50.46 8.55 15.19 136.23 8 31 4
255 13.62 62.42 4.97 54.66 2 40 2
256 21.57 75.97 28.96 393.95 8 48 3
257 97.52 54.41 3.32 152.30 16 47 4
258 80.65 80.98 45.00 178.87 3 22 1
259 24.12 7.37 41.98 449.20 18 26 2
260 3.41 36.86 23.93 349.01 4 28 4
261 2.70 74.03 35.23 266.18 21 33 3
262 16.14 14.65 32.93 77.76 20 41 2
263 6.84 27.52 48.50 151.26 7 37 3
264 22.53 93.39 36.10 194.73 4 21 4
265 75.79 88.99 29.66 233.10 20 34 4
266 9.51 92.79 26.51 151.39 19 34 2
267 49.23 34.97 34.28 440.33 7 14 2
268 13.94 37.27 16.66 98.44 22 27 3
269 89.14 72.76 27.26 249.39 0 36 2
270 92.47 68.98 49.70 195.67 10 34 2
271 66.93 57.47 44.11 447.65 22 33 2
272 51.52 20.96 38.21 203.09 22 29 1
273 99.13 99.75 40.03 401.49 8 19 1
274 69.17 73.13 4.83 328.90 8 26 3
275 48.54 34.63 23.13 421.91 2 13 2
276 12.12 11.74 45.15 290.71 9 36 4
277 98.63 33.56 4.24 70.70 13 24 4
278 19.25 98.47 38.06 98.46 14 15 3
279 84.30 91.68 12.60 308.49 17 27 1
280 74.99 8.76 11.68 147.58 6 13 3
281 80.80 86.37 38.39 499.48 14 34 3
282 95.26 65.12 45.63 189.62 1 16 3
283 72.19 44.68 23.91 205.13 12 14 1
284 85.64 42.73 31.48 380.60 8 11 2
285 72.05 97.09 48.08 314.84 5 42 1
286 23.58 13.64 21.02 138.20 4 16 1
287 52.64 35.32 21.91 276.34 4 11 4
288 82.68 94.51 35.11 272.79 13 26 2
289 8.92 25.35 45.11 282.74 21 39 1
290 81.42 59.83 4.77 177.89 6 41 4
291 67.21 42.21 22.26 164.61 21 30 4
292 48.85 68.65 19.82 218.88 18 47 1
293 44.20 41.03 15.80 341.78 15 42 3
294 51.52 61.72 6.40 403.80 19 19 3
295 98.65 9.67 27.29 265.15 19 30 3
296 89.77 65.94 32.34 285.84 17 46 3
297 64.14 32.24 9.34 346.03 17 48 3
298 19.18 50.79 41.90 74.88 19 21 4
299 83.88 35.23 47.04 351.10 20 40 2
300 24.13 84.64 36.40 155.23 21 28 3
301 76.17 69.44 11.98 354.06 5 36 4
302 72.98 74.17 47.39 461.09 8 16 1
303 75.32 16.40 32.11 476.28 22 44 2
304 82.14 17.49 31.58 228.37 2 32 2
305 70.24 60.09 17.86 360.05 1 40 1
306 25.68 70.49 25.10 442.05 23 48 1
307 47.79 24.35 39.59 435.90 19 47 3
308 7.57 13.52 37.28 79.71 16 37 3
309 20.86 58.83 24.75 213.83 20 25 1
310 5.01 74.10 41.22 189.58 8 8 2
311 11.35 10.48 30.12 319.05 21 40 2
312 74.87 13.93 23.97 370.23 10 13 1
313 93.99 33.91 45.10 238.08 15 41 3
314 42.00 2.64 3.76 462.30 12 44 1
315 89.65 45.72 4.37 437.24 7 9 1
316 72.48 76.80 24.16 243.98 17 18 3
317 12.23 96.45 24.56 56.80 8 39 4
318 96.72 15.26 44.30 347.65 15 23 1
319 43.68 46.11 37.20 277.71 10 21 4
320 27.46 62.26 18.98 105.88 1 1 3
321 30.51 76.87 48.94 374.52 18 23 4
322 76.76 57.70 47.57 361.00 15 22 1
323 35.94 20.83 14.14 132.66 2 12 1
324 23.30 44.76 5.51 395.34 11 31 1
325 23.86 2.21 2.05 402.89 15 22 4
326 97.81 40.68 21.72 163.54 7 34 4
327 64.18 91.17 15.67 304.88 22 23 2
328 42.42 99.29 23.22 406.97 9 41 1
329 75.57 11.67 20.74 344.39 3 3 1
330 24.47 23.98 47.02 164.21 10 18 3
331 0.08 90.46 45.79 488.27 21 39 3
332 81.55 96.82 33.64 238.24 20 33 4
333 67.72 93.40 2.00 97.15 18 42 1
334 24.57 55.66 44.08 481.69 19 43 4
335 50.78 63.46 36.45 415.22 2 17 4
336 78.05 37.45 23.49 468.33 2 25 1
337 22.19 36.52 33.96 194.60 12 12 2
338 24.54 81.96 31.25 87.09 6 41 4
339 20.62 24.07 19.20 58.91 17 23 2
340 97.85 20.78 48.40 205.81 17 21 4
341 48.24 35.37 44.72 382.05 15 46 1
342 73.15 93.74 48.14 79.51 7 7 1
343 53.72 26.85 47.66 88.31 2 17 3
344 94.53 90.08 19.90 191.69 23 43 3
345 46.99 25.35 35.09 411.86 23 29 4
346 73.39 75.75 20.02 223.67 1 27 1
347 17.27 49.11 41.81 485.01 13 17 1
348 69.54 7.67 31.17 175.95 18 46 1
349 87.21 41.29 38.05 114.13 19 36 3
350 74.34 30.05 12.23 98.69 21 42 4
351 83.79 19.08 0.81 373.15 0 42 3
352 39.20 88.06 4.38 324.91 5 47 2
353 77.14 94.76 43.38 402.31 6 15 2
354 12.13 75.57 9.71 197.32 7 30 3
355 12.10 3.87 32.03 333.20 19 24 3
356 54.21 14.14 4.93 377.30 13 31 3
357 85.31 30.09 46.66 412.66 11 29 4
358 44.04 56.62 24.01 394.34 11 20 4
359 41.61 59.57 39.28 168.67 12 35 4
360 49.50 88.40 0.57 264.50 2 42 2
361 22.92 54.22 40.81 56.18 2 26 4
362 37.06 21.10 0.80 163.71 15 27 4
363 87.13 17.50 3.13 113.64 17 21 4
364 91.47 41.38 47.87 390.50 2 8 2
365 0.55 1.71 2.77 373.90 10 31 2
366 85.09 45.70 0.25 310.50 19 44 4
367 14.49 89.01 41.39 464.12 12 17 1
368 8.15 26.94 5.56 72.83 17 17 2
369 36.03 67.70 9.84 344.59 3 8 3
370 95.05 17.86 43.03 86.28 3 29 3
371 18.87 11.00 41.88 64.72 22 32 3
372 59.03 33.04 45.45 56.16 21 28 2
373 51.41 65.85 4.02 222.36 13 42 4
374 43.67 29.32 6.29 298.19 3 9 2
375 60.09 28.46 1.23 96.74 14 31 4
376 91.34 33.91 34.54 159.64 18 33 3
377 29.48 92.83 47.15 90.32 0 23 1
378 53.86 39.37 23.56 370.83 21 43 2
379 55.57 80.28 32.42 201.58 6 22 3
380 7.76 4.98 34.50 439.24 4 45 1
381 64.66 61.90 24.63 451.42 1 23 1
382 71.08 99.98 41.22 480.97 17 42 4
383 52.21 11.27 28.57 400.82 1 24 4
384 20.07 93.89 0.09 109.82 9 33 1
385 73.80 15.85 39.37 450.84 24 40 2
386 22.42 4.15 14.61 279.55 4 30 4
387 20.81 6.72 5.21 307.44 10 23 2
388 92.80 52.23 42.43 387.62 10 33 2
389 32.66 71.48 33.16 90.79 15 38 3
390 44.77 47.78 32.61 340.32 17 37 4
391 81.69 43.92 23.33 184.43 18 40 1
392 47.68 36.77 33.98 353.64 3 13 2
393 9.37 16.81 32.22 85.33 16 43 3
394 57.66 82.96 13.65 305.06 20 46 3
395 45.41 24.81 7.61 299.84 23 30 2
396 0.76 65.07 47.05 345.23 2 8 1
397 37.60 68.48 4.17 361.99 21 22 2
398 53.09 37.09 48.37 254.87 20 22 2
399 19.61 84.48 8.68 274.92 0 35 1
400 31.10 8.43 37.09 470.34 18 48 4
401 34.47 7.80 31.30 335.55 15 46 2
402 8.27 75.64 18.25 293.01 22 47 2
403 39.49 26.32 14.69 90.58 8 29 2
404 99.99 25.88 4.55 348.54 0 19 2
405 91.55 60.06 39.62 134.91 14 18 3
406 5.75 86.78 27.51 314.05 9 48 2
407 44.42 73.41 31.84 438.22 2 7 3
408 60.04 31.28 20.34 360.63 2 41 2
409 96.22 32.79 37.41 438.41 2 48 2
410 94.72 22.75 23.04 298.44 13 19 2
411 38.50 1.54 13.69 180.28 11 11 2
412 78.23 90.73 44.87 355.59 5 18 4
413 74.42 95.55 24.15 180.36 18 44 1
414 73.70 28.67 34.92 409.25 23 44 1
415 91.35 52.93 44.37 382.35 21 28 3
416 56.38 65.99 2.36 331.45 13 30 4
417 62.52 37.48 10.18 292.46 1 14 4
418 56.59 80.30 30.87 73.16 10 45 1
419 53.04 80.15 29.69 415.36 24 32 1
420 86.36 28.06 33.98 127.47 22 38 2
421 85.18 70.88 42.21 498.16 2 13 2
422 16.78 86.43 11.68 155.17 11 45 4
423 78.10 51.15 18.01 472.35 2 33 4
424 43.81 20.12 47.68 371.62 15 21 2
425 72.73 90.14 3.33 454.56 22 40 4
426 68.75 13.31 41.29 134.95 5 19 3
427 15.46 67.37 2.68 486.80 13 39 4
428 54.42 5.72 10.21 400.60 18 45 2
429 45.71 47.75 27.97 464.40 2 33 3
430 21.62 61.19 13.46 182.59 14 25 1
431 71.38 62.91 31.19 404.94 23 32 4
432 89.31 10.19 19.07 344.69 5 28 3
433 43.93 16.60 11.03 179.49 10 16 4
434 30.55 50.65 34.19 407.73 14 44 2
435 49.17 66.73 29.94 404.34 16 38 1
436 16.66 99.93 47.14 89.37 10 21 1
437 72.77 9.85 16.78 112.83 2 47 2
438 21.74 72.01 19.81 480.92 9 13 4
439 43.73 5.82 38.76 133.76 12 25 3
440 90.40 80.01 25.26 161.51 5 15 3
441 41.78 96.20 39.91 250.49 21 47 4
442 29.94 49.35 22.40 205.43 13 14 3
443 25.98 68.01 28.31 483.85 24 44 2
444 84.00 43.31 45.18 431.88 6 9 4
445 42.53 40.47 0.00 164.52 22 36 4
446 63.60 78.97 49.32 125.72 24 48 4
447 49.84 97.00 19.04 274.04 21 24 2
448 64.20 50.48 18.29 486.82 20 20 3
449 95.53 33.04 42.39 192.86 23 48 1
450 1.62 10.75 32.64 246.60 18 44 1
451 91.88 77.09 24.54 286.29 16 46 4
452 70.67 14.70 9.52 450.05 23 29 3
453 8.60 7.50 42.03 383.65 7 29 1
454 6.16 63.48 2.79 156.53 8 35 1
455 21.15 8.02 37.65 206.04 8 26 2
456 31.24 34.98 10.31 205.21 20 32 1
457 19.68 81.16 38.25 102.92 16 41 4
458 15.20 44.41 48.89 312.23 20 39 3
459 76.10 44.50 44.10 489.65 3 34 3
460 62.16 83.96 40.62 432.10 12 17 2
461 54.08 6.10 23.85 271.90 7 44 1
462 52.82 85.67 40.94 428.87 3 13 3
463 26.71 92.30 4.14 155.08 17 28 2
464 62.45 61.56 12.21 417.43 9 17 2
465 23.45 7.20 47.97 388.11 13 40 4
466 58.18 8.80 15.56 496.51 5 26 2
467 83.55 87.64 6.63 59.66 6 16 4
468 30.29 80.87 38.65 58.26 16 26 4
469 1.56 60.86 40.27 340.71 19 48 3
470 49.92 8.94 31.21 61.67 10 34 2
471 50.18 50.73 27.14 137.98 14 35 2
472 95.52 23.60 27.89 333.64 20 34 2
473 60.10 42.44 46.05 278.03 3 12 2
474 34.70 21.69 16.44 216.26 3 36 4
475 75.26 63.55 24.75 416.44 3 20 4
476 29.29 53.78 45.61 287.66 5 31 4
477 27.59 1.41 24.29 153.89 1 10 2
478 55.48 58.28 48.12 365.56 11 16 1
479 11.71 97.04 42.11 486.06 2 14 2
480 7.90 21.18 24.28 379.91 0 21 3
481 19.70 55.59 33.84 463.88 19 24 4
482 15.45 96.62 42.94 187.51 9 19 4
483 12.13 74.37 31.39 438.26 24 25 2
484 3.29 97.39 8.60 154.18 8 31 1
485 81.58 43.64 11.36 201.44 24 27 4
486 84.83 79.50 43.15 425.23 12 26 1
487 34.11 77.42 19.02 59.32 10 29 3
488 31.75 62.02 36.15 379.86 23 42 3
489 72.70 1.05 41.06 216.37 23 39 2
490 3.23 62.26 17.23 97.76 4 33 4
491 94.32 67.26 27.73 338.38 12 44 3
492 5.64 93.28 23.62 354.95 0 32 3
493 94.28 52.87 18.16 331.17 17 32 1
494 73.98 59.59 17.05 54.67 20 31 1
495 37.33 81.77 23.67 497.12 5 19 4
496 99.58 32.57 49.69 170.27 24 46 2
497 47.48 68.17 19.21 166.29 17 34 1
498 60.90 36.31 20.45 129.13 6 11 1
499 76.26 13.49 38.39 296.65 9 40 3
500 35.39 21.06 28.67 430.21 9 38 4
1 138.63 4401.70 1
2 149.71 4044.83 2
3 181.72 3910.94 3
4 158.83 3088.98 4
5 127.05 2702.20 1
6 164.22 2538.29 4
1 1.64 40.78 5
2 1.09 44.92 4
3 1.83 36.86 3
4 1.86 38.08 5
5 1.94 33.40 1
6 1.73 32.20 1
7 1.71 27.43 4
8 1.94 45.29 5
9 1.23 40.15 1
10 1.56 29.34 4
