Data for Vehicle routing problem with drones - Author: Huyen Do Thi Ngoc
Number of depots: 5
Number of cities: 500
Number of trucks: 5
Number of drones: 5
Area: 100 100 50
Customer maximum demand: 500
Max capacity of truck: 200
Max energy of truck: 5000
Max capacity of drone: 2
Max energy of drone: 50
1 1.61 38.08 16.97
2 48.66 38.20 3.07
3 62.01 50.01 18.01
4 18.64 59.74 21.54
5 94.83 36.07 21.69
1 6.07 48.22 33.69 389.29 21 22 3
2 85.38 21.97 6.11 84.60 10 37 3
3 7.46 71.12 36.11 316.16 17 37 4
4 4.97 42.94 33.83 412.27 23 23 3
5 54.07 24.31 26.33 129.86 6 21 4
6 23.41 69.22 5.30 308.59 17 31 3
7 42.22 29.25 8.82 244.86 16 23 2
8 75.06 56.60 33.21 368.04 15 47 5
9 78.13 3.23 38.91 417.74 4 40 1
10 60.37 12.40 13.62 339.50 20 25 3
11 80.34 57.99 0.41 451.37 10 48 4
12 24.00 69.79 45.23 174.63 12 13 1
13 21.47 18.98 27.54 213.31 2 45 2
14 6.16 97.43 19.10 98.38 21 43 1
15 89.74 39.14 25.09 232.47 23 46 2
16 80.72 91.01 33.09 118.42 5 35 1
17 93.82 84.96 3.15 424.26 20 31 1
18 66.04 31.81 19.47 425.80 21 46 2
19 30.25 65.85 46.35 219.79 5 13 3
20 52.26 3.78 6.86 86.45 12 20 4
21 61.33 25.97 48.97 267.19 2 5 2
22 41.47 69.82 25.11 443.63 0 21 4
23 48.84 87.44 5.45 110.83 23 41 5
24 74.06 89.06 48.69 84.44 0 24 5
25 19.33 46.47 11.85 348.68 13 19 5
26 16.84 90.90 23.67 302.98 7 21 4
27 66.24 92.86 17.47 166.41 13 29 1
28 54.27 58.01 31.23 205.08 5 48 1
29 10.41 69.45 19.92 199.80 4 33 5
30 38.76 13.36 33.52 341.94 9 20 5
31 97.95 65.78 11.58 99.16 10 24 1
32 41.68 82.71 7.05 107.27 17 33 5
33 43.59 56.55 9.31 454.97 11 33 4
34 75.87 70.27 10.25 74.72 15 36 1
35 85.88 27.74 40.27 360.84 5 10 1
36 61.93 48.80 36.42 160.36 15 36 3
37 9.29 85.27 2.16 68.27 9 40 4
38 46.92 14.85 30.99 154.14 22 48 2
39 5.23 14.23 3.62 90.63 1 18 5
40 94.64 78.38 16.67 382.26 17 48 5
41 41.90 2.18 7.67 140.19 16 42 1
42 21.93 33.71 40.80 148.12 13 19 4
43 70.89 47.32 48.91 165.36 9 13 2
44 42.10 50.18 11.47 270.15 21 25 3
45 58.97 41.34 49.16 219.07 21 25 1
46 44.02 0.91 4.18 66.90 5 30 5
47 3.05 87.39 7.51 154.22 13 33 4
48 95.81 43.12 26.78 439.38 15 19 1
49 79.02 1.93 26.77 261.73 6 37 2
50 60.10 78.67 24.57 210.03 22 33 4
51 72.65 4.17 37.13 90.55 0 4 5
52 35.21 39.99 49.80 424.33 11 22 2
53 92.83 16.70 39.09 387.21 24 26 3
54 89.48 87.14 19.66 310.66 10 25 3
55 53.62 18.91 35.60 211.77 12 37 1
56 40.53 14.11 33.94 335.61 17 48 2
57 21.05 77.69 13.34 70.34 8 8 1
58 72.58 12.07 10.95 301.79 8 25 4
59 16.54 16.00 23.63 130.40 9 20 3
60 80.58 87.89 43.44 116.32 23 25 4
61 51.21 63.73 11.27 452.34 21 31 2
62 52.10 36.32 29.02 112.66 12 43 2
63 61.42 53.13 2.43 378.06 20 46 1
64 76.82 93.44 28.69 379.76 6 44 5
65 43.71 52.68 23.13 158.11 17 33 5
66 9.35 14.67 24.62 307.93 14 33 3
67 47.82 7.31 40.08 444.85 9 10 4
68 83.23 63.82 11.25 109.93 21 38 3
69 83.58 27.37 9.80 132.88 22 33 1
70 50.69 75.80 0.09 244.88 5 13 2
71 71.77 55.82 0.97 52.91 1 42 2
72 14.30 4.84 12.34 291.21 14 25 4
73 11.83 4.09 39.42 288.67 12 21 2
74 11.97 30.88 44.17 239.74 24 40 4
75 32.69 1.50 10.51 271.43 24 26 1
76 50.56 33.70 2.56 206.72 20 33 2
77 72.69 60.32 7.15 227.05 21 45 4
78 52.53 15.48 36.05 345.88 5 19 4
79 28.23 66.96 15.86 164.84 2 34 5
80 43.12 23.09 37.13 476.87 7 47 3
81 93.43 39.10 23.26 269.18 14 47 2
82 66.56 84.84 6.69 379.03 14 24 4
83 84.32 11.23 20.31 112.74 7 20 5
84 31.10 54.40 44.46 55.35 17 18 3
85 6.04 43.90 6.23 417.09 17 23 3
86 99.20 67.01 45.73 442.28 20 47 5
87 17.45 18.69 32.07 91.94 14 30 2
88 87.77 94.33 4.38 405.73 11 41 2
89 51.76 91.02 46.76 416.57 11 28 3
90 2.58 36.03 43.13 374.90 11 22 2
91 3.38 31.06 44.22 217.31 14 21 5
92 70.75 69.57 44.87 116.01 7 39 4
93 79.16 85.93 1.66 208.16 8 18 3
94 30.93 13.32 33.57 344.26 11 48 4
95 87.29 13.23 25.52 476.81 0 3 1
96 75.60 1.62 21.36 325.03 6 19 4
97 35.49 83.86 31.41 248.74 13 42 1
98 57.05 83.07 39.26 124.70 4 45 3
99 53.20 38.94 11.78 233.17 19 19 5
100 79.98 15.40 27.98 50.87 17 33 5
101 18.21 62.72 5.89 293.85 15 16 3
102 59.57 23.93 17.87 404.02 5 30 1
103 83.10 50.17 36.71 194.32 22 34 5
104 44.41 85.56 37.03 102.33 15 35 3
105 92.68 2.03 5.10 205.39 20 27 4
106 37.43 22.49 24.00 82.54 9 41 2
107 94.09 48.27 49.25 331.45 20 30 2
108 79.94 69.44 12.59 365.71 14 25 1
109 10.58 15.77 33.19 146.66 10 13 2
110 36.57 45.80 25.24 191.91 11 46 2
111 90.40 18.78 27.45 60.09 3 25 4
112 16.81 90.58 32.42 356.34 22 39 1
113 1.78 31.46 48.10 423.44 18 21 3
114 13.44 61.57 38.37 463.46 11 18 3
115 41.71 97.09 39.27 260.78 9 17 1
116 11.02 59.43 37.52 307.38 16 42 2
117 90.27 12.98 43.41 436.79 24 40 4
118 42.24 5.78 22.64 168.20 1 42 5
119 0.39 12.26 42.77 343.78 2 12 5
120 53.36 31.19 16.77 375.39 4 17 3
121 87.84 78.27 30.67 194.18 4 39 1
122 75.29 8.85 16.08 107.88 24 24 1
123 15.93 85.22 19.72 388.06 16 41 3
124 7.73 16.46 12.68 227.25 24 44 2
125 26.51 87.65 24.27 491.97 4 10 5
126 17.55 81.88 9.58 455.17 22 31 1
127 62.21 83.97 36.04 288.98 18 25 5
128 70.33 24.78 7.48 330.18 2 44 5
129 79.27 59.17 4.99 292.99 23 33 4
130 34.88 98.78 10.11 348.84 0 38 4
131 37.43 18.49 31.85 189.24 18 24 1
132 70.99 56.22 13.99 405.52 14 23 2
133 91.08 34.66 44.68 405.46 2 47 2
134 79.12 33.83 33.16 414.87 2 33 4
135 47.18 91.34 43.09 170.42 15 16 2
136 14.36 91.65 10.36 291.28 2 40 5
137 31.14 96.16 2.15 239.34 23 43 1
138 89.61 28.19 47.64 327.24 23 31 4
139 54.13 62.63 24.09 451.25 17 21 3
140 72.67 16.22 20.30 413.56 19 24 5
141 34.96 30.76 11.84 214.97 4 46 1
142 39.30 55.92 6.22 440.04 0 30 3
143 49.30 8.59 10.22 289.87 2 23 4
144 58.83 24.87 36.84 449.78 11 33 1
145 88.02 67.54 22.61 61.79 19 20 5
146 19.98 33.65 37.42 56.33 3 16 1
147 48.46 47.74 39.61 491.36 9 44 5
148 85.26 81.56 8.96 221.49 20 30 2
149 51.30 45.78 28.17 154.31 17 47 2
150 15.98 52.28 39.26 242.94 9 43 1
151 48.05 84.63 39.54 84.80 24 38 2
152 60.19 71.22 33.44 392.49 20 24 2
153 55.04 90.28 9.93 466.57 4 16 5
154 37.95 45.24 6.33 331.67 13 46 3
155 87.60 25.38 33.70 327.34 6 39 4
156 78.80 5.96 44.58 448.55 7 36 1
157 1.31 24.10 12.43 195.98 20 48 5
158 14.27 68.29 14.93 420.53 19 42 3
159 5.68 69.36 8.18 184.41 1 47 4
160 98.75 96.75 37.87 459.22 2 32 4
161 6.66 81.23 44.58 116.84 20 21 1
162 27.14 16.15 5.78 258.92 4 10 4
163 2.93 39.57 18.27 455.30 19 25 5
164 66.67 80.99 44.88 401.56 2 35 5
165 66.19 4.67 47.76 172.54 10 28 2
166 55.70 38.08 34.01 491.88 14 37 1
167 33.07 54.80 39.85 85.86 2 17 1
168 92.24 66.92 24.98 258.35 19 20 3
169 67.10 83.70 19.29 498.63 9 40 3
170 57.50 5.83 33.01 129.93 17 40 4
171 91.56 84.48 1.57 272.72 7 41 1
172 20.36 47.64 22.13 70.22 14 29 1
173 29.28 97.99 23.15 229.36 12 37 3
174 18.17 19.09 16.07 156.21 19 45 1
175 3.72 0.51 20.09 258.85 13 20 2
176 50.83 78.97 42.31 177.81 23 34 4
177 44.44 84.86 16.23 96.70 0 37 4
178 83.24 20.75 7.32 331.51 1 28 3
179 46.45 68.74 32.76 217.66 17 26 3
180 51.45 12.10 33.91 338.61 3 24 3
181 87.49 50.27 44.48 347.83 12 42 4
182 96.30 74.98 14.49 128.64 12 29 4
183 76.42 25.16 22.58 361.39 17 48 5
184 41.89 42.24 31.21 136.91 5 15 5
185 65.68 56.37 28.97 238.28 3 44 2
186 37.44 8.62 4.35 85.67 17 40 1
187 46.73 49.57 22.29 178.28 1 16 4
188 95.99 47.43 4.41 403.59 8 11 3
189 77.00 20.62 15.95 282.62 24 30 3
190 43.12 29.41 19.69 266.55 4 11 5
191 75.91 22.93 17.58 212.76 6 40 5
192 68.71 57.87 22.67 86.59 21 38 2
193 59.62 65.15 47.85 83.27 3 12 4
194 55.11 48.06 31.97 155.12 24 40 1
195 61.17 48.25 2.15 151.30 23 46 3
196 31.67 66.05 31.26 195.38 16 46 1
197 55.23 74.07 3.04 55.38 8 20 5
198 48.85 7.58 18.67 283.68 5 23 3
199 40.11 45.58 32.42 446.94 2 19 1
200 19.00 87.20 35.18 63.87 4 41 2
201 78.64 5.08 34.75 140.02 0 23 2
202 81.34 66.54 16.99 433.40 23 36 2
203 98.85 22.02 17.97 405.08 7 14 5
204 43.82 84.08 33.39 421.11 9 32 2
205 24.76 88.10 3.36 465.98 16 19 2
206 40.41 85.21 20.85 333.72 0 12 4
207 7.41 34.37 20.17 440.49 21 48 2
208 11.36 11.47 35.04 410.17 22 28 2
209 45.62 51.75 43.39 246.65 24 24 2
210 58.58 12.14 38.52 244.39 2 8 1
211 6.00 53.24 7.46 216.93 6 22 4
212 27.48 27.56 26.37 213.84 20 41 1
213 37.38 61.61 35.54 300.99 11 40 2
214 10.21 7.11 13.72 231.36 17 25 3
215 83.41 69.80 47.88 176.28 21 29 2
216 72.27 58.02 24.44 108.83 24 24 2
217 38.81 53.42 16.27 140.91 17 48 5
218 18.94 40.51 33.42 303.49 19 25 5
219 55.74 25.83 27.55 69.83 11 21 5
220 24.63 75.49 28.84 253.81 11 24 4
221 51.09 14.43 33.01 160.09 16 37 3
222 73.91 63.76 47.65 347.57 8 24 1
223 24.39 60.76 49.82 201.54 18 24 5
224 72.47 98.94 46.27 492.02 12 47 5
225 73.01 39.06 16.11 384.27 18 18 5
226 87.30 1.49 10.10 54.52 7 35 1
227 9.08 2.85 48.40 364.96 8 39 4
228 51.11 98.89 19.11 120.41 19 28 4
229 70.75 39.83 18.88 51.25 16 40 4
230 14.51 42.02 24.09 195.84 12 48 2
231 94.91 68.30 25.18 107.15 18 47 4
232 35.07 13.31 25.74 367.08 12 19 4
233 49.20 81.50 5.43 127.00 17 22 4
234 45.99 19.38 24.03 292.06 22 35 5
235 47.18 60.05 28.68 264.90 5 44 2
236 33.04 4.02 28.89 374.77 10 25 4
237 87.48 33.78 31.75 265.70 20 46 1
238 75.55 93.09 4.74 364.85 11 44 4
239 79.87 91.79 37.97 436.90 10 29 1
240 14.12 88.55 21.64 371.22 1 26 5
241 51.46 49.30 44.03 86.27 6 25 5
242 20.28 89.59 5.76 205.20 19 48 2
243 16.48 41.36 32.79 97.61 14 36 1
244 37.03 94.71 39.59 123.39 21 41 1
245 76.37 29.44 26.24 353.08 9 32 4
246 6.02 38.28 6.62 286.03 24 27 1
247 95.27 38.41 7.19 392.87 1 26 1
248 63.02 42.37 18.73 93.08 20 21 5
249 5.14 90.18 4.85 175.23 6 19 4
250 21.43 81.82 5.49 71.22 4 23 5
251 22.76 23.67 33.36 140.96 23 36 3
252 67.95 1.79 27.58 406.45 23 27 1
253 50.55 62.45 20.36 152.99 23 34 5
254 40.24 36.24 49.76 353.60 5 20 3
255 2.54 6.32 14.27 457.04 21 32 5
256 96.09 69.77 15.65 283.34 19 19 1
257 4.67 95.57 21.51 241.33 8 35 2
258 66.29 19.51 33.22 460.32 4 22 2
259 26.89 15.31 1.18 471.68 16 19 3
260 40.92 47.79 15.32 389.78 9 46 3
261 43.05 6.22 42.51 130.99 21 31 5
262 43.07 64.87 46.37 273.87 0 1 1
263 63.87 12.36 2.17 498.35 1 17 4
264 86.37 83.62 43.66 209.79 22 34 4
265 2.83 73.14 10.91 387.73 4 9 1
266 12.60 78.11 30.08 147.99 2 18 2
267 72.85 92.06 26.45 120.05 4 33 5
268 75.30 5.65 35.89 61.45 7 40 1
269 3.02 86.58 23.03 308.43 3 18 4
270 89.80 93.92 27.60 64.56 3 30 3
271 74.43 36.34 43.73 104.62 23 46 1
272 52.74 81.76 44.47 57.80 6 35 5
273 86.80 66.82 24.95 64.19 17 33 1
274 2.76 51.46 45.28 476.82 11 35 2
275 11.09 75.32 16.77 492.36 22 42 4
276 31.39 99.45 23.80 313.67 3 11 4
277 54.81 47.82 19.61 175.06 2 9 3
278 24.60 52.67 12.42 444.82 12 35 1
279 16.64 98.65 41.34 484.64 6 21 3
280 46.11 48.22 31.25 100.93 13 44 4
281 58.50 24.88 11.10 66.23 5 38 1
282 39.01 91.55 43.55 200.71 17 40 5
283 86.04 42.05 22.26 92.06 10 13 3
284 14.66 4.70 29.36 84.12 5 18 4
285 56.81 92.93 43.13 462.01 0 33 3
286 14.60 43.79 45.41 198.12 2 38 4
287 3.20 51.91 5.78 50.51 15 38 2
288 97.45 34.45 4.33 99.60 13 25 3
289 23.16 35.74 4.39 174.97 20 43 2
290 26.70 2.30 16.19 291.78 1 20 3
291 18.94 94.37 2.23 303.94 7 37 4
292 77.97 55.93 41.45 403.62 10 32 4
293 54.65 75.55 1.10 280.03 15 40 1
294 62.83 21.71 47.23 267.71 1 6 3
295 68.61 97.90 3.44 272.33 6 46 3
296 54.25 98.55 13.28 94.08 18 30 1
297 21.29 69.57 24.32 89.08 11 29 4
298 16.04 63.64 11.38 454.67 12 40 4
299 25.71 40.85 5.85 387.50 5 33 2
300 47.92 15.45 42.27 239.06 1 42 4
301 40.05 42.28 45.92 366.71 20 24 3
302 2.47 30.75 22.23 318.17 4 6 1
303 25.27 85.40 24.81 180.81 21 24 4
304 52.08 22.46 41.01 387.62 21 29 2
305 73.27 29.48 23.62 105.99 13 41 1
306 39.77 42.26 23.53 300.20 9 13 4
307 29.38 13.26 21.52 260.41 18 45 4
308 76.39 10.41 10.03 88.76 19 48 2
309 97.91 32.76 2.97 333.67 21 39 4
310 53.97 50.50 29.40 289.43 2 14 5
311 39.94 14.83 46.23 117.70 14 21 5
312 87.27 37.29 21.23 216.46 15 32 3
313 84.13 54.59 7.00 271.08 13 15 1
314 78.22 42.18 2.25 285.23 13 31 1
315 36.60 54.38 33.83 476.47 10 42 5
316 5.88 58.59 41.67 266.15 1 42 5
317 27.98 62.17 11.65 399.91 16 20 4
318 62.69 58.39 7.80 345.26 3 7 3
319 99.21 86.64 18.12 119.68 16 38 2
320 44.19 96.78 2.72 169.77 6 46 1
321 20.31 97.55 48.82 303.38 7 29 3
322 57.70 76.52 7.47 155.80 2 19 4
323 55.87 51.31 7.29 306.10 7 13 5
324 80.80 96.14 26.69 451.26 13 21 5
325 68.15 76.72 2.24 335.07 9 33 4
326 45.19 24.05 16.42 122.98 15 22 4
327 26.41 79.24 37.15 259.08 3 44 2
328 86.79 79.81 21.20 217.02 9 9 3
329 62.10 47.41 36.98 399.77 5 30 5
330 14.80 72.31 19.79 416.88 5 45 5
331 8.39 88.73 42.92 329.03 21 22 1
332 22.70 57.27 10.41 424.86 17 22 2
333 81.30 73.12 19.90 352.90 11 22 1
334 77.55 52.37 11.55 168.92 17 37 1
335 56.09 33.67 19.14 280.93 24 25 4
336 68.87 60.95 15.58 169.03 8 25 3
337 58.17 80.46 7.44 158.70 4 35 3
338 49.08 74.04 14.52 497.66 0 6 5
339 83.94 18.11 45.42 178.35 21 28 5
340 93.21 75.07 34.44 351.80 12 13 5
341 93.78 70.13 25.92 117.90 24 45 4
342 92.62 15.01 13.94 290.55 3 20 2
343 57.25 15.20 4.48 487.11 14 22 3
344 91.56 2.19 12.21 251.77 14 39 2
345 43.19 96.10 19.55 118.98 22 45 3
346 2.44 70.17 47.33 140.55 2 11 2
347 10.97 77.69 10.96 57.73 23 48 4
348 42.73 82.59 3.73 214.17 23 44 4
349 47.72 54.61 5.55 281.41 20 43 5
350 69.84 62.27 28.60 334.57 14 31 1
351 48.43 53.40 22.66 156.37 0 39 4
352 34.59 75.74 47.33 351.34 23 32 1
353 59.03 57.86 26.45 95.98 16 17 3
354 70.32 89.72 39.62 211.50 4 7 5
355 78.62 95.60 12.37 90.13 14 26 5
356 56.49 21.46 33.66 324.52 11 12 1
357 42.93 56.29 9.56 202.30 5 39 3
358 56.02 48.37 22.41 370.10 20 21 1
359 70.86 79.05 26.33 83.82 8 14 3
360 6.98 91.96 13.69 237.03 5 12 5
361 77.42 74.86 11.07 405.26 6 47 1
362 6.88 99.47 45.42 218.82 16 42 2
363 37.18 91.10 2.83 128.47 6 10 3
364 83.08 27.28 39.37 292.70 16 29 4
365 59.81 68.23 29.82 184.15 10 17 1
366 88.24 12.30 4.90 179.22 8 22 5
367 34.25 83.64 3.44 433.21 21 23 4
368 59.70 37.01 24.80 385.12 8 39 3
369 92.91 71.81 7.29 318.57 22 34 2
370 29.20 4.03 9.62 189.46 23 34 1
371 66.95 0.44 34.74 226.00 21 23 5
372 95.16 27.81 12.33 409.90 2 32 4
373 92.37 5.15 5.23 198.36 12 25 4
374 61.59 92.96 21.22 104.25 19 46 4
375 26.94 41.25 35.08 407.96 24 28 1
376 63.67 81.47 24.24 139.70 1 13 5
377 42.33 65.50 23.15 180.25 23 46 3
378 73.62 37.35 23.23 146.29 16 41 4
379 58.86 8.97 30.44 245.36 21 25 5
380 93.22 42.89 7.03 223.05 24 47 5
381 20.75 83.86 41.57 69.53 9 30 1
382 83.10 13.07 8.32 220.81 12 13 3
383 34.87 45.50 10.53 87.18 23 30 5
384 99.05 84.49 1.34 81.08 10 44 1
385 57.13 95.07 26.37 443.73 9 41 3
386 26.27 55.85 39.84 325.37 6 30 3
387 0.43 10.28 13.64 289.58 1 21 1
388 30.34 76.88 43.02 90.13 3 44 2
389 99.97 33.23 16.95 67.56 7 34 2
390 79.46 59.37 34.25 469.85 24 37 2
391 76.68 31.64 15.35 440.27 14 47 2
392 22.08 31.66 22.91 245.53 19 24 4
393 15.94 15.27 14.69 163.00 14 22 1
394 49.10 33.82 37.45 314.02 21 32 4
395 39.04 71.20 25.22 316.40 9 14 4
396 84.01 62.93 23.45 104.32 10 46 1
397 56.15 41.57 28.26 85.07 24 29 5
398 38.82 39.64 38.92 269.75 20 36 3
399 46.46 12.27 3.62 455.10 23 25 4
400 59.87 55.27 39.02 327.59 9 38 2
401 22.35 53.16 23.33 413.73 17 29 3
402 60.43 28.36 21.74 69.38 19 24 3
403 48.42 37.52 22.21 380.65 24 40 1
404 99.47 60.98 2.36 292.18 11 22 5
405 91.76 75.34 0.69 490.53 6 38 4
406 43.40 89.08 32.26 161.45 11 43 2
407 39.11 91.75 4.24 170.20 1 46 3
408 10.29 25.92 42.86 104.16 9 9 4
409 91.29 85.38 7.59 253.33 13 26 5
410 97.52 38.29 28.11 194.50 23 45 3
411 79.68 75.99 46.21 447.58 18 28 2
412 24.87 23.35 10.40 298.75 9 24 2
413 66.15 48.37 28.65 399.03 23 24 2
414 89.90 63.87 25.66 164.63 15 42 3
415 52.93 42.05 14.94 481.25 21 26 5
416 64.47 9.13 48.15 211.12 15 24 1
417 68.93 28.51 6.87 346.06 24 38 3
418 4.74 14.41 39.42 67.95 1 40 1
419 3.36 79.17 1.31 340.83 5 26 4
420 60.27 97.10 5.79 239.86 1 13 5
421 75.10 98.44 4.83 314.71 20 21 5
422 77.86 41.28 42.03 229.59 18 34 3
423 21.62 69.08 4.19 125.80 7 29 1
424 33.40 26.56 12.60 223.59 0 42 1
425 66.51 60.07 36.54 482.51 24 39 1
426 54.87 1.18 37.86 395.55 6 19 1
427 48.37 6.79 33.10 422.17 5 11 1
428 16.54 11.71 46.48 312.97 22 22 3
429 96.53 67.61 10.54 311.54 2 45 4
430 17.63 96.63 20.71 191.52 23 26 2
431 35.72 37.10 15.72 250.46 20 25 1
432 67.30 90.21 37.89 479.65 15 24 4
433 34.59 12.06 4.51 70.95 10 30 4
434 66.49 3.38 20.89 420.24 10 22 3
435 29.42 62.75 1.45 224.51 22 31 4
436 22.05 82.68 27.57 94.37 16 43 5
437 15.80 93.33 3.79 356.14 16 25 2
438 54.62 75.14 48.39 271.58 7 25 5
439 10.23 42.66 10.37 269.98 1 5 5
440 98.41 93.59 46.14 188.13 22 28 4
441 81.80 14.65 9.39 73.45 2 47 1
442 19.66 55.79 45.91 190.32 12 31 3
443 71.52 97.67 37.00 167.55 20 34 3
444 64.10 48.38 15.89 450.53 8 28 5
445 65.50 99.09 21.80 342.94 4 4 4
446 17.93 78.01 19.21 169.95 8 38 4
447 54.96 4.79 38.35 434.41 5 18 3
448 34.03 87.94 24.57 118.42 15 22 4
449 96.41 26.58 18.87 106.33 16 43 5
450 13.86 55.73 44.30 262.40 0 38 2
451 64.03 67.82 18.96 116.35 5 17 3
452 31.24 50.79 5.10 368.73 5 22 4
453 39.42 50.90 44.11 224.74 8 34 5
454 89.71 1.41 40.09 447.63 22 29 1
455 70.82 53.42 39.92 217.37 12 39 3
456 93.03 33.33 29.46 477.51 3 35 5
457 98.61 28.59 46.38 352.79 13 25 5
458 86.99 37.97 43.76 369.98 0 28 1
459 0.01 47.08 8.92 468.63 1 39 1
460 44.00 62.36 28.80 457.60 7 47 5
461 71.73 44.92 34.77 69.31 14 29 4
462 20.66 12.78 8.62 118.62 12 34 3
463 50.74 71.52 42.91 235.01 12 23 3
464 46.71 36.30 44.63 262.26 15 25 2
465 3.54 26.16 46.79 165.53 3 4 2
466 14.45 8.55 21.51 294.59 19 34 1
467 84.79 32.58 7.65 60.33 11 40 2
468 50.54 58.55 12.85 93.76 10 14 4
469 64.52 62.23 32.16 470.42 3 23 2
470 20.59 38.89 41.78 259.30 9 15 4
471 38.76 23.59 30.78 416.49 13 43 5
472 92.86 67.30 39.03 391.56 6 23 5
473 66.11 56.64 21.89 401.13 24 25 2
474 38.39 82.01 33.05 56.06 24 25 1
475 42.55 31.91 17.80 182.53 19 38 1
476 14.17 96.26 38.99 137.59 1 14 2
477 3.93 1.67 49.21 496.22 20 39 3
478 52.26 50.19 24.67 220.19 19 42 4
479 7.32 96.77 11.51 127.02 20 35 5
480 86.77 81.45 17.15 196.49 22 40 4
481 47.29 97.82 11.11 404.12 0 23 5
482 59.56 15.46 48.79 181.59 21 38 5
483 46.86 44.64 18.87 499.53 12 24 4
484 96.51 37.93 32.10 86.14 2 41 3
485 75.26 24.63 21.71 297.05 5 23 1
486 14.46 2.30 18.02 375.70 0 20 5
487 66.11 64.05 31.73 190.62 1 1 5
488 86.84 61.59 16.69 441.00 13 33 5
489 82.17 30.23 39.67 98.45 6 46 4
490 2.05 19.55 43.25 466.65 1 31 3
491 6.76 90.29 33.70 140.88 13 44 3
492 61.82 83.68 8.85 374.14 3 28 1
493 85.46 1.99 14.97 439.02 9 11 2
494 70.41 90.47 42.66 218.43 22 40 4
495 24.61 40.95 16.30 281.17 4 18 1
496 55.24 32.24 18.49 451.73 18 46 4
497 62.95 3.16 38.26 359.20 5 10 2
498 63.46 79.21 12.60 215.91 22 34 1
499 11.85 86.01 36.74 386.47 13 30 2
500 75.06 99.40 32.55 444.80 2 38 2
1 124.95 2901.33 1
2 184.99 3449.17 2
3 109.22 2652.78 3
4 107.72 4839.31 4
5 158.29 4302.75 5
1 1.25 44.09 4
2 1.02 38.81 5
3 1.13 39.68 1
4 1.31 31.86 3
5 1.13 35.53 3
