Data for Vehicle routing problem with drones - Author: Huyen Do Thi Ngoc
Number of depots: 5
Number of cities: 200
Number of trucks: 7
Number of drones: 15
Area: 100 100 50
Customer maximum demand: 500
Max capacity of truck: 200
Max energy of truck: 5000
Max capacity of drone: 2
Max energy of drone: 50
1 5.08 64.19 34.37
2 48.24 98.72 3.13
3 11.51 33.79 20.36
4 6.55 59.88 23.99
5 73.44 68.04 10.69
1 11.56 16.44 11.76 442.26 10 32 5
2 40.07 92.98 20.21 193.22 23 31 4
3 36.39 59.92 25.21 401.58 22 47 3
4 54.18 25.60 9.70 118.38 13 39 2
5 27.39 1.94 14.05 321.13 1 1 1
6 24.97 26.40 36.41 75.99 24 24 3
7 6.15 18.88 47.84 354.82 14 30 3
8 49.23 51.40 29.13 436.34 4 35 1
9 17.24 15.97 26.24 86.42 19 46 2
10 68.70 44.28 0.54 165.06 14 18 1
11 82.06 4.35 11.80 167.53 21 45 3
12 18.49 32.54 28.76 264.08 23 47 2
13 60.68 42.53 39.32 417.48 8 42 2
14 25.54 52.85 14.42 413.90 16 24 3
15 90.99 22.94 24.33 311.63 22 24 1
16 31.16 25.22 11.74 93.78 4 43 5
17 65.96 5.90 12.19 327.76 1 19 2
18 35.58 18.65 23.76 345.16 22 26 4
19 75.78 89.08 29.13 387.78 11 36 5
20 86.54 75.22 2.56 98.41 21 42 4
21 67.54 43.39 3.47 230.45 10 21 2
22 43.09 75.78 13.39 409.16 18 25 4
23 21.45 65.07 20.57 463.75 8 47 3
24 15.34 40.94 33.05 470.68 10 15 4
25 27.74 2.53 35.41 110.34 6 8 5
26 35.84 79.41 10.44 307.99 24 44 4
27 59.20 9.71 3.23 431.01 6 34 5
28 54.14 62.66 40.32 194.99 8 13 3
29 61.95 53.36 1.41 271.72 14 48 2
30 65.24 69.55 48.68 248.64 24 40 3
31 30.24 57.91 7.62 105.37 1 1 2
32 1.93 42.58 13.34 433.61 23 37 4
33 52.32 61.20 29.23 233.39 7 17 5
34 1.59 59.40 44.78 50.45 5 42 2
35 30.51 50.44 34.71 414.14 8 10 1
36 32.77 62.91 43.96 313.30 9 14 4
37 75.53 34.96 11.96 185.95 11 20 1
38 84.07 86.48 41.77 217.86 12 23 2
39 4.93 69.44 11.84 184.04 11 11 5
40 88.65 25.80 45.22 390.99 19 19 2
41 0.90 47.03 6.68 351.52 10 32 5
42 71.93 29.76 4.17 158.68 6 29 1
43 87.69 58.99 27.46 284.44 17 26 5
44 26.05 7.00 35.09 461.21 4 35 3
45 75.83 97.53 16.84 185.54 11 14 5
46 63.81 59.52 15.73 425.81 22 42 3
47 78.14 4.47 31.77 294.23 23 25 2
48 99.20 52.12 37.56 319.59 1 7 4
49 72.24 76.76 1.33 207.83 12 25 2
50 79.52 4.81 7.91 354.44 1 34 3
51 79.80 9.48 41.05 133.42 23 23 5
52 82.29 34.13 37.96 322.26 7 9 4
53 53.00 83.63 43.63 290.48 0 31 3
54 23.98 58.90 41.37 455.41 7 8 1
55 58.50 42.00 21.29 50.46 6 27 3
56 4.76 3.85 28.04 233.19 17 40 1
57 32.26 67.12 41.77 320.42 22 47 2
58 18.78 77.91 37.51 281.01 22 47 2
59 56.41 38.21 44.59 270.82 12 17 2
60 47.76 46.81 3.06 368.14 13 15 4
61 64.94 35.68 24.77 388.78 14 19 2
62 73.34 41.54 1.38 64.54 11 12 3
63 92.18 62.81 0.72 359.83 7 17 5
64 74.30 75.87 36.19 321.86 21 29 2
65 11.42 16.95 45.59 136.96 16 28 4
66 40.74 46.08 14.47 266.37 16 26 3
67 98.68 77.25 15.33 188.55 5 12 1
68 35.58 93.57 19.26 336.02 14 20 3
69 7.43 85.25 29.95 467.81 12 19 2
70 91.35 86.12 37.68 468.78 13 16 2
71 41.16 46.32 11.89 419.29 5 13 1
72 84.49 23.88 18.82 193.55 6 8 3
73 82.27 99.38 23.29 448.42 18 29 3
74 46.23 73.09 48.69 379.26 1 5 2
75 90.89 17.55 30.37 422.65 19 28 5
76 20.15 87.74 1.52 424.89 20 46 5
77 23.41 69.40 27.89 482.94 24 45 2
78 94.09 1.65 18.56 285.14 4 35 3
79 71.81 88.84 42.71 133.51 8 24 1
80 71.34 6.55 45.83 112.91 18 43 3
81 97.62 11.09 38.23 50.47 21 41 2
82 51.09 6.31 4.07 382.08 7 42 3
83 23.77 15.60 14.00 208.40 0 26 3
84 5.70 68.52 38.00 268.20 23 39 1
85 72.00 79.69 24.57 376.66 5 20 4
86 51.78 21.26 28.60 216.26 2 7 1
87 27.71 15.26 43.66 319.00 12 34 4
88 16.19 46.89 22.57 291.62 8 20 4
89 50.82 3.88 18.91 297.90 24 48 5
90 71.82 88.58 38.31 304.36 17 19 3
91 72.91 94.41 37.45 316.40 23 38 3
92 42.88 69.08 40.49 235.49 24 46 4
93 7.30 28.99 29.65 149.31 9 42 5
94 57.89 91.21 45.70 96.05 11 43 1
95 71.06 34.28 45.20 457.85 2 43 3
96 38.55 57.42 17.34 470.13 4 7 4
97 40.90 46.30 25.79 378.84 12 18 3
98 65.61 48.73 46.61 448.82 7 37 5
99 50.80 26.28 46.70 423.51 0 28 4
100 23.97 39.76 24.77 264.65 14 16 4
101 36.90 21.54 20.70 181.24 14 18 4
102 2.75 1.23 31.25 366.18 22 24 3
103 40.72 91.44 23.03 435.75 14 19 5
104 96.64 81.78 30.57 389.57 1 41 2
105 16.15 94.09 25.12 141.26 16 48 4
106 82.02 20.08 17.81 203.17 10 34 2
107 93.33 7.99 43.99 114.65 16 21 5
108 73.99 76.52 11.94 491.26 24 31 5
109 98.70 35.52 30.51 373.12 6 41 5
110 42.05 54.43 47.08 159.53 6 22 4
111 47.60 68.42 33.70 84.31 12 27 3
112 96.69 60.35 18.94 155.98 15 19 4
113 50.95 67.22 42.45 491.74 10 35 4
114 97.76 46.03 37.19 217.07 14 23 5
115 7.31 90.17 22.07 307.96 6 8 3
116 13.81 60.69 28.94 264.64 2 10 4
117 30.95 85.78 33.25 67.50 2 16 4
118 79.63 61.06 26.00 383.00 17 37 1
119 43.39 34.50 14.06 253.40 4 8 1
120 90.42 78.31 31.93 273.36 17 31 2
121 16.30 97.33 26.58 95.50 1 3 3
122 22.59 3.62 24.10 427.77 15 45 5
123 69.14 54.70 17.58 277.52 24 48 1
124 28.29 29.07 40.43 107.04 13 22 3
125 70.45 74.34 10.53 168.34 1 44 2
126 68.33 33.63 2.28 223.39 5 43 3
127 48.00 2.69 44.21 161.10 22 26 1
128 23.89 72.12 35.85 251.00 16 45 5
129 46.32 17.00 38.65 216.12 18 42 4
130 95.23 86.82 17.72 369.09 3 25 1
131 3.24 97.98 27.53 311.82 8 35 2
132 27.69 0.99 45.85 269.37 0 25 4
133 2.79 84.09 10.07 470.48 21 32 3
134 74.34 46.59 23.29 462.89 9 9 2
135 27.67 60.23 6.38 124.15 15 19 3
136 25.40 35.17 18.00 414.89 6 15 1
137 42.26 88.19 13.79 215.32 24 25 2
138 51.72 96.14 17.17 372.66 16 48 4
139 2.51 13.48 41.66 52.39 12 14 4
140 22.60 30.57 13.16 488.76 20 35 4
141 55.15 49.41 12.23 184.42 7 23 4
142 88.15 83.29 9.43 110.34 2 18 4
143 31.30 18.96 4.25 125.65 0 26 2
144 33.13 98.37 38.87 440.02 11 23 3
145 75.22 58.59 15.65 256.47 9 33 2
146 42.02 35.56 5.57 478.46 15 32 2
147 18.18 53.70 17.05 411.80 22 42 2
148 91.57 86.87 48.50 279.51 9 45 3
149 1.19 69.09 46.83 315.48 2 13 5
150 41.97 8.69 1.49 306.36 14 32 4
151 38.65 12.46 49.79 203.56 14 48 1
152 95.93 65.65 9.32 78.82 14 32 5
153 33.90 75.61 2.72 52.06 10 34 1
154 93.48 46.50 26.73 251.64 11 23 3
155 55.84 30.03 46.72 88.10 17 38 3
156 76.42 31.42 7.18 99.33 15 31 1
157 93.56 69.46 21.80 309.35 6 9 1
158 4.15 33.92 29.51 407.12 1 4 1
159 31.65 86.06 0.86 300.19 2 13 5
160 68.10 6.52 25.53 90.91 2 14 4
161 99.41 28.86 27.64 146.02 20 37 1
162 36.21 31.11 22.09 255.19 23 35 5
163 39.37 5.99 6.21 369.37 18 32 4
164 88.17 9.18 43.71 320.94 16 34 5
165 25.48 6.04 45.99 496.67 8 38 1
166 39.17 82.54 45.91 142.11 23 34 4
167 85.20 85.54 11.82 345.06 14 18 2
168 88.34 46.95 24.74 195.62 0 36 5
169 29.22 20.90 36.78 421.81 18 40 2
170 8.85 26.78 48.69 155.98 22 31 5
171 89.44 72.94 34.69 190.80 19 45 3
172 87.22 23.58 17.82 219.22 6 22 5
173 27.80 50.22 5.06 218.45 5 41 4
174 3.43 42.70 9.38 97.33 10 18 2
175 57.14 6.47 10.23 349.05 24 46 1
176 78.10 64.05 45.46 182.23 14 26 2
177 67.62 15.20 29.84 194.72 5 43 4
178 93.83 94.09 0.77 275.55 15 35 1
179 5.53 29.25 1.84 339.90 20 34 3
180 58.94 8.76 15.29 355.72 12 38 4
181 54.46 19.62 9.27 476.93 11 16 1
182 61.74 49.21 47.12 141.25 12 24 3
183 24.72 99.61 33.96 264.03 24 47 5
184 76.57 28.69 39.87 260.59 15 40 1
185 44.65 36.82 23.30 383.15 8 29 1
186 89.92 49.04 21.49 456.73 23 39 5
187 48.45 22.48 4.77 412.88 1 17 1
188 95.70 42.93 48.24 364.13 0 14 5
189 6.37 0.13 48.62 406.75 21 21 4
190 54.64 86.87 23.71 222.70 14 48 4
191 6.92 35.78 34.51 309.20 12 36 5
192 25.95 87.05 29.24 378.50 22 34 5
193 76.56 64.78 28.89 379.24 10 25 2
194 84.41 63.37 33.46 426.28 24 45 5
195 94.86 86.18 43.49 110.84 1 4 4
196 82.87 53.19 46.63 153.40 21 34 3
197 36.53 90.62 19.69 262.23 3 19 5
198 26.85 80.82 25.61 336.96 8 27 2
199 40.44 78.27 33.49 193.87 20 45 1
200 87.86 47.63 40.24 124.29 16 40 3
1 124.64 2835.81 1
2 149.54 4109.75 2
3 191.88 4343.56 3
4 164.54 2647.73 4
5 175.26 4136.17 5
6 155.30 4734.41 3
7 113.81 4713.59 2
1 1.94 35.54 1
2 1.26 28.45 7
3 1.65 48.01 7
4 1.17 49.88 5
5 1.20 44.22 5
6 1.38 44.41 2
7 1.16 27.50 4
8 1.55 35.39 1
9 1.44 46.02 1
10 1.12 38.97 2
11 1.63 31.71 6
12 1.43 42.79 7
13 1.68 36.69 3
14 1.01 39.83 1
15 1.29 36.15 2
