Data for Vehicle routing problem with drones - Author: Huyen Do Thi Ngoc
Number of depots: 1
Number of cities: 300
Number of trucks: 4
Number of drones: 5
Area: 100 100 50
Customer maximum demand: 500
Max capacity of truck: 200
Max energy of truck: 5000
Max capacity of drone: 2
Max energy of drone: 50
1 18.12 82.49 39.58
1 16.81 33.94 10.96 347.84 21 43 1
2 0.85 31.35 31.58 60.16 18 18 1
3 37.37 98.64 12.13 112.92 12 18 1
4 47.24 25.42 18.48 355.39 8 8 1
5 35.49 62.79 9.38 76.00 12 46 1
6 4.11 10.85 42.95 435.03 21 23 1
7 14.03 86.55 23.22 471.61 23 46 1
8 12.60 26.66 21.52 393.35 16 20 1
9 95.01 53.23 4.17 111.30 14 43 1
10 68.59 17.81 25.09 295.76 12 16 1
11 8.06 32.88 19.29 66.20 1 38 1
12 82.54 12.51 32.63 210.59 0 9 1
13 80.02 36.09 9.21 164.94 13 36 1
14 60.28 24.42 27.52 147.77 14 45 1
15 67.04 60.69 3.97 488.62 1 16 1
16 18.63 93.13 17.22 429.05 24 31 1
17 32.44 35.88 1.83 79.25 12 20 1
18 34.58 88.15 27.22 487.21 11 17 1
19 74.96 3.62 42.04 288.10 24 44 1
20 58.98 13.44 39.01 471.61 0 2 1
21 44.08 70.72 27.37 416.48 3 3 1
22 17.69 66.86 9.01 280.23 17 46 1
23 64.16 45.25 26.54 484.02 16 26 1
24 47.08 56.77 40.17 260.72 22 42 1
25 28.49 64.69 6.66 474.68 22 40 1
26 24.92 92.41 5.60 404.83 4 19 1
27 12.59 96.04 40.39 260.63 2 18 1
28 63.93 39.61 22.65 380.01 24 41 1
29 95.34 16.15 23.06 226.40 19 23 1
30 34.31 61.89 30.37 435.07 12 16 1
31 37.16 40.21 47.81 211.06 15 46 1
32 68.02 75.30 17.61 286.55 18 32 1
33 10.03 48.70 15.15 185.04 0 37 1
34 28.68 45.28 18.14 263.00 3 27 1
35 1.57 80.88 7.49 442.60 5 40 1
36 25.17 90.78 31.18 344.68 3 28 1
37 97.33 46.34 40.51 234.01 16 22 1
38 85.71 49.96 33.38 207.93 11 20 1
39 37.93 8.42 5.45 104.22 20 41 1
40 62.13 99.92 11.51 317.68 3 46 1
41 5.10 49.05 27.20 210.99 7 41 1
42 43.70 9.08 8.28 490.74 4 41 1
43 1.38 49.24 19.79 427.53 11 46 1
44 98.60 90.82 2.75 470.28 14 44 1
45 9.07 7.46 7.37 385.54 22 40 1
46 9.54 84.79 40.05 202.63 6 13 1
47 69.27 75.92 13.67 202.00 5 5 1
48 54.16 43.07 3.65 313.90 16 44 1
49 0.93 17.14 24.28 499.86 21 33 1
50 43.27 24.56 12.17 372.93 2 28 1
51 63.16 96.18 44.54 460.04 12 18 1
52 57.20 70.13 19.44 438.69 0 23 1
53 89.75 93.45 26.44 209.42 14 47 1
54 67.21 93.77 43.89 191.99 24 43 1
55 48.55 15.16 17.12 273.06 6 33 1
56 63.86 68.06 5.22 337.09 11 22 1
57 26.59 34.20 10.00 95.60 1 31 1
58 20.37 95.78 5.60 86.80 20 29 1
59 86.48 41.40 42.76 367.46 12 30 1
60 91.66 59.63 33.20 287.57 10 11 1
61 91.95 36.40 44.60 186.64 3 26 1
62 58.35 63.77 40.10 241.21 22 34 1
63 82.84 52.65 4.91 77.02 0 42 1
64 23.73 34.31 34.15 82.46 10 43 1
65 74.60 33.10 42.87 195.28 17 29 1
66 72.47 58.17 21.37 154.83 1 45 1
67 98.64 19.53 10.81 160.22 13 39 1
68 48.87 7.37 42.46 168.94 24 45 1
69 2.90 70.35 9.81 160.57 16 24 1
70 14.66 51.15 13.54 288.96 7 21 1
71 61.95 50.55 39.41 317.93 22 46 1
72 42.82 81.34 28.11 338.25 6 38 1
73 77.71 11.91 12.16 389.19 13 17 1
74 93.92 68.46 7.14 312.72 11 42 1
75 19.55 63.72 0.13 436.28 24 29 1
76 79.45 21.27 23.97 106.15 4 30 1
77 21.02 55.65 8.94 53.65 2 45 1
78 2.01 88.36 43.06 216.04 10 29 1
79 88.42 92.23 21.78 340.21 7 44 1
80 46.46 90.27 12.00 377.39 11 34 1
81 0.91 84.86 17.79 307.58 5 43 1
82 59.29 18.09 41.79 338.25 14 26 1
83 25.37 97.95 31.20 182.95 12 28 1
84 43.19 36.42 31.83 72.49 16 39 1
85 91.97 34.36 37.21 401.23 12 28 1
86 7.65 69.12 19.44 328.06 24 24 1
87 6.88 53.42 28.70 282.59 17 45 1
88 53.57 59.71 3.79 442.94 11 45 1
89 96.30 84.57 35.62 211.41 22 24 1
90 62.13 69.18 40.43 299.43 13 48 1
91 59.78 36.57 35.42 189.52 21 23 1
92 28.34 29.87 8.54 426.96 23 31 1
93 47.23 6.85 6.21 480.05 20 39 1
94 4.59 45.40 19.29 65.25 9 45 1
95 43.16 29.41 3.02 160.69 23 32 1
96 75.07 80.06 19.99 219.79 11 11 1
97 52.25 76.59 5.96 97.20 4 24 1
98 24.67 19.52 26.31 140.12 20 36 1
99 62.99 84.20 21.12 67.56 0 41 1
100 54.61 58.16 38.43 497.60 16 16 1
101 12.67 34.96 39.36 208.76 5 25 1
102 69.68 93.29 9.58 461.98 8 29 1
103 40.66 47.96 30.43 227.66 1 28 1
104 90.71 32.84 35.15 57.49 19 20 1
105 84.74 4.04 8.76 319.20 1 9 1
106 85.13 21.89 22.99 176.59 12 48 1
107 7.26 73.03 12.92 200.51 19 38 1
108 40.32 68.77 2.55 314.14 23 35 1
109 2.04 12.08 19.76 337.95 15 30 1
110 82.92 16.37 11.36 288.26 11 25 1
111 16.15 65.59 5.44 59.60 4 9 1
112 48.58 33.55 48.28 119.51 19 38 1
113 47.19 15.46 19.61 311.18 23 38 1
114 52.93 4.46 29.86 61.86 12 25 1
115 98.35 21.47 28.17 341.00 1 19 1
116 92.08 55.64 0.87 381.99 0 40 1
117 86.05 25.70 11.20 107.16 19 35 1
118 76.19 7.31 32.54 87.03 23 24 1
119 86.10 0.81 2.92 264.68 22 36 1
120 80.20 20.80 13.15 168.32 12 19 1
121 13.48 48.79 6.44 310.62 9 17 1
122 54.87 13.68 0.55 207.06 16 48 1
123 16.01 44.39 33.82 392.65 13 27 1
124 26.67 7.69 14.51 227.37 23 44 1
125 59.72 45.15 15.73 58.92 9 45 1
126 45.25 13.28 46.65 313.35 6 11 1
127 88.73 83.95 45.94 260.50 19 46 1
128 10.55 78.41 2.44 128.32 8 26 1
129 96.95 65.84 30.19 144.75 13 45 1
130 43.32 61.14 2.04 189.68 11 28 1
131 33.61 13.77 7.97 347.73 9 17 1
132 37.87 82.20 43.65 246.79 13 35 1
133 68.24 84.13 36.34 63.08 23 47 1
134 92.17 81.27 26.08 99.84 15 27 1
135 60.28 20.10 43.91 103.21 17 20 1
136 7.06 24.21 47.55 155.90 19 30 1
137 25.34 63.05 12.97 437.17 23 44 1
138 53.75 6.64 27.61 105.87 16 36 1
139 98.92 25.42 23.19 243.41 2 5 1
140 52.97 82.97 17.97 263.11 19 38 1
141 28.10 27.25 42.40 426.33 18 47 1
142 99.34 38.58 47.92 363.62 14 38 1
143 65.72 55.46 7.55 363.63 13 29 1
144 22.11 38.78 28.16 202.42 23 31 1
145 4.83 61.40 4.18 173.05 2 6 1
146 34.61 13.47 47.82 283.08 4 9 1
147 62.51 74.75 42.35 399.73 15 29 1
148 12.55 70.35 26.55 498.71 16 26 1
149 89.82 49.27 38.80 146.43 17 18 1
150 46.66 47.20 20.83 206.00 12 43 1
151 36.35 36.56 27.71 406.64 17 26 1
152 64.76 26.09 16.96 87.90 21 32 1
153 95.19 26.24 34.91 372.58 17 41 1
154 74.28 8.64 4.28 233.93 3 36 1
155 78.58 11.98 33.72 301.02 10 26 1
156 60.84 83.69 33.98 429.47 21 40 1
157 26.97 13.85 4.28 78.02 21 39 1
158 91.65 25.43 46.09 499.63 15 43 1
159 28.15 34.01 4.30 235.48 6 23 1
160 31.24 30.14 9.39 173.53 15 30 1
161 34.35 92.80 48.32 238.72 9 48 1
162 62.85 56.53 22.35 155.78 12 39 1
163 49.63 28.25 23.30 171.28 17 44 1
164 65.30 10.61 47.41 306.71 17 18 1
165 45.26 39.78 3.70 279.24 20 37 1
166 70.02 29.95 8.68 486.66 7 8 1
167 51.77 2.57 9.71 231.25 20 44 1
168 29.37 67.02 48.39 353.63 10 48 1
169 22.93 59.72 12.00 181.37 9 34 1
170 14.33 89.24 37.31 117.92 1 30 1
171 78.87 26.15 2.19 481.97 16 45 1
172 12.22 83.38 13.03 130.45 13 14 1
173 11.77 9.12 42.19 268.84 22 37 1
174 18.59 46.26 2.47 493.98 12 45 1
175 29.53 87.64 15.52 491.29 7 44 1
176 83.47 13.60 6.55 417.70 5 21 1
177 59.41 88.06 31.61 173.16 16 46 1
178 67.66 87.81 3.28 144.24 17 18 1
179 18.68 50.43 37.43 239.90 21 35 1
180 17.23 0.32 3.07 239.05 3 23 1
181 93.13 36.05 26.20 162.03 19 32 1
182 82.54 20.77 31.77 194.91 2 11 1
183 19.71 75.83 13.42 283.43 16 30 1
184 27.60 72.95 25.20 290.00 1 47 1
185 94.50 28.86 21.68 78.96 0 46 1
186 89.64 14.41 27.66 421.02 12 35 1
187 28.22 45.94 20.78 64.41 17 32 1
188 45.80 88.18 27.13 102.88 22 25 1
189 61.38 4.12 30.48 78.92 23 37 1
190 77.35 96.95 1.31 168.62 19 31 1
191 74.27 5.89 14.12 111.40 15 23 1
192 58.67 8.65 28.67 97.87 8 38 1
193 82.15 3.88 11.86 405.26 6 19 1
194 56.29 91.11 23.70 280.86 17 36 1
195 58.70 50.64 27.93 223.75 24 32 1
196 61.70 25.07 41.49 283.59 12 22 1
197 18.10 19.29 13.92 299.47 13 48 1
198 42.27 87.46 47.50 434.68 17 22 1
199 99.53 75.28 29.94 479.52 23 29 1
200 0.39 35.50 14.23 76.41 2 27 1
201 72.83 36.28 42.94 305.19 22 28 1
202 49.62 42.54 42.67 124.11 6 33 1
203 96.25 27.53 19.88 319.10 9 33 1
204 88.19 99.54 43.58 267.85 3 7 1
205 87.92 21.75 0.41 200.32 1 7 1
206 25.79 85.77 7.14 182.33 2 45 1
207 56.61 6.60 15.90 464.17 3 17 1
208 10.92 27.63 49.40 75.92 7 27 1
209 99.61 76.43 3.00 297.81 13 28 1
210 83.57 31.23 25.93 325.37 16 26 1
211 95.69 13.90 5.20 439.80 3 24 1
212 24.56 21.02 5.40 465.57 11 24 1
213 97.22 38.53 31.02 410.27 0 28 1
214 85.15 8.84 29.92 379.17 10 30 1
215 40.87 58.02 14.50 225.29 22 38 1
216 52.55 6.33 49.88 323.86 3 33 1
217 88.26 41.59 24.05 490.66 24 29 1
218 66.96 30.06 29.05 349.69 21 36 1
219 40.72 21.85 20.26 92.79 2 20 1
220 14.54 81.29 28.96 362.49 8 45 1
221 35.39 95.47 25.30 382.22 20 45 1
222 4.36 69.64 44.30 470.71 13 25 1
223 52.67 68.97 28.85 116.60 23 30 1
224 58.82 41.24 10.22 239.93 19 41 1
225 96.61 10.02 16.35 91.83 12 48 1
226 53.55 59.09 18.90 363.81 14 28 1
227 100.00 53.25 42.39 426.76 22 48 1
228 42.71 94.26 8.37 345.20 21 38 1
229 55.99 51.20 34.21 372.90 15 25 1
230 13.50 28.43 31.27 402.42 22 30 1
231 41.01 8.14 11.17 442.50 22 32 1
232 74.38 1.74 5.90 368.51 19 46 1
233 56.23 16.82 48.23 309.92 16 36 1
234 76.57 25.69 3.11 469.44 2 9 1
235 55.81 50.95 9.93 370.17 10 27 1
236 41.69 19.51 25.73 414.57 19 22 1
237 16.74 82.80 16.87 454.03 7 48 1
238 16.43 40.52 49.56 51.41 1 38 1
239 82.13 94.36 38.48 449.62 13 39 1
240 11.30 34.58 27.05 398.97 19 33 1
241 61.05 33.49 31.10 250.82 10 38 1
242 58.31 15.16 11.61 186.57 24 27 1
243 80.81 24.83 42.90 394.99 16 44 1
244 79.78 43.09 21.34 255.12 16 41 1
245 13.27 67.23 25.30 257.62 5 42 1
246 54.14 92.94 6.66 116.01 24 42 1
247 34.14 87.59 43.64 300.49 14 21 1
248 32.06 95.26 10.15 496.18 8 26 1
249 88.05 9.42 19.69 75.40 11 11 1
250 18.07 24.82 49.47 121.40 20 40 1
251 49.77 11.85 1.52 219.65 20 41 1
252 29.04 1.99 39.01 454.13 20 26 1
253 32.72 41.08 18.67 418.53 16 38 1
254 2.76 46.27 48.87 175.41 5 10 1
255 40.72 99.60 26.21 126.45 1 8 1
256 10.86 75.99 33.59 462.20 5 34 1
257 91.57 70.76 47.88 490.99 7 12 1
258 60.52 55.39 35.42 238.22 22 34 1
259 24.13 87.60 19.04 179.82 22 39 1
260 15.33 48.74 34.58 319.09 4 20 1
261 20.08 82.60 14.58 138.94 1 8 1
262 57.97 83.27 39.98 188.35 1 33 1
263 29.86 62.50 39.28 144.91 1 30 1
264 36.99 94.66 31.41 319.18 12 40 1
265 4.33 3.40 22.37 459.70 1 39 1
266 85.24 77.45 37.66 279.44 6 27 1
267 14.13 37.70 26.84 373.61 22 45 1
268 80.25 39.75 0.79 290.76 6 12 1
269 70.76 72.58 32.16 362.01 7 43 1
270 40.09 98.50 30.15 56.58 4 10 1
271 19.40 63.89 35.95 199.13 8 38 1
272 32.99 84.97 32.25 349.82 16 39 1
273 30.51 19.35 36.38 61.63 5 15 1
274 60.84 9.00 49.78 249.53 3 5 1
275 10.54 55.58 38.40 293.08 5 26 1
276 77.11 59.04 26.97 423.06 21 36 1
277 23.80 27.57 22.87 395.06 0 27 1
278 13.23 18.45 24.91 460.41 6 31 1
279 80.04 56.20 19.68 267.04 24 39 1
280 87.77 25.65 44.51 183.23 24 43 1
281 2.91 62.49 15.11 454.83 11 41 1
282 78.65 60.17 42.05 51.97 1 6 1
283 93.65 32.89 6.37 473.48 15 21 1
284 25.86 93.54 36.17 210.02 23 47 1
285 74.31 2.48 48.26 151.93 24 48 1
286 12.94 8.87 4.73 376.77 8 32 1
287 89.46 78.57 7.04 129.97 19 23 1
288 87.76 87.87 11.70 467.60 0 33 1
289 36.73 55.55 48.01 442.40 24 25 1
290 10.08 98.18 24.61 474.66 20 34 1
291 65.96 65.75 0.61 290.58 17 44 1
292 99.10 20.46 10.87 399.70 15 31 1
293 24.05 64.56 9.72 60.56 19 26 1
294 68.81 57.98 26.98 386.34 19 24 1
295 35.53 42.53 43.85 195.10 8 34 1
296 35.47 56.46 26.21 76.36 13 16 1
297 12.82 62.66 8.61 457.92 1 46 1
298 29.14 51.36 3.12 451.95 4 43 1
299 65.32 93.86 20.73 116.65 24 46 1
300 54.74 40.31 48.09 229.55 12 18 1
1 124.55 4796.86 1
2 170.71 2766.64 1
3 100.77 3837.94 1
4 102.89 3033.84 1
1 1.11 49.24 3
2 1.05 31.78 1
3 1.59 33.96 2
4 1.90 39.79 4
5 1.82 49.46 1
