Data for Vehicle routing problem with drones - Author: Huyen Do Thi Ngoc
Number of depots: 5
Number of cities: 400
Number of trucks: 8
Number of drones: 8
Area: 100 100 50
Customer maximum demand: 500
Max capacity of truck: 200
Max energy of truck: 5000
Max capacity of drone: 2
Max energy of drone: 50
1 75.74 68.68 41.62
2 81.07 85.94 30.42
3 71.53 55.12 36.84
4 67.63 4.07 10.61
5 16.18 90.93 17.67
1 53.72 17.89 13.77 222.51 7 45 3
2 83.21 44.09 12.82 271.04 1 10 5
3 91.07 49.14 28.10 239.12 24 27 2
4 30.43 42.43 11.46 270.94 14 31 4
5 39.05 83.99 29.79 438.97 4 42 2
6 8.05 60.78 23.29 282.53 9 21 2
7 0.36 76.15 23.22 176.53 16 48 1
8 17.24 67.57 27.38 75.05 3 33 2
9 87.09 74.05 20.30 311.77 20 20 3
10 13.36 48.84 27.53 459.28 9 30 2
11 58.20 38.24 17.56 69.04 7 29 3
12 47.96 97.05 0.59 129.96 13 18 4
13 27.95 80.31 30.06 489.88 17 34 3
14 70.14 14.88 47.53 408.59 7 9 5
15 62.03 27.76 25.49 162.41 10 28 4
16 97.95 4.75 14.15 221.97 24 27 5
17 20.00 15.24 25.86 292.36 21 34 5
18 85.92 30.18 46.26 221.73 12 17 3
19 51.63 80.94 37.76 328.62 17 45 5
20 92.72 15.44 12.86 269.38 21 23 4
21 79.46 3.39 43.59 480.94 17 31 3
22 73.55 16.80 28.78 96.23 13 13 5
23 65.26 25.83 3.75 466.98 5 33 2
24 33.08 60.76 25.85 351.85 12 29 4
25 24.18 57.92 11.39 463.56 0 15 2
26 49.65 91.36 44.01 498.10 23 28 2
27 93.13 59.87 31.39 124.30 4 34 2
28 2.52 72.04 48.23 256.28 3 38 1
29 83.46 10.40 27.19 338.98 17 26 2
30 9.67 60.08 27.67 99.20 12 48 5
31 71.72 55.02 49.05 170.09 12 23 2
32 46.98 74.15 49.39 375.48 4 14 2
33 81.11 43.63 47.94 409.27 17 17 4
34 99.70 79.65 27.01 417.36 10 33 3
35 24.60 30.68 49.46 332.08 9 23 4
36 14.14 42.07 42.76 293.89 15 16 4
37 25.95 0.07 4.89 308.19 11 31 4
38 83.58 51.90 17.38 308.92 1 20 2
39 59.34 7.74 17.95 286.02 17 22 5
40 47.98 25.68 32.07 388.73 12 28 3
41 16.82 94.94 12.15 93.22 18 31 1
42 10.51 64.64 9.63 236.19 17 22 3
43 66.57 61.65 48.12 304.82 21 44 5
44 29.27 77.60 22.09 209.71 21 22 4
45 65.72 79.10 20.86 93.04 5 43 4
46 94.06 58.93 40.63 496.02 17 38 3
47 24.70 42.61 48.57 388.91 19 31 2
48 76.03 66.56 19.41 167.50 2 20 1
49 12.05 68.01 46.26 434.87 17 48 5
50 95.22 41.51 43.81 67.14 24 42 1
51 84.75 0.08 19.19 451.02 7 10 2
52 54.54 32.41 23.29 451.77 5 46 2
53 30.32 18.89 39.31 56.82 1 6 1
54 92.79 65.52 43.53 117.37 13 35 4
55 55.07 36.54 3.52 226.06 3 17 2
56 18.22 42.12 49.39 275.85 1 24 2
57 1.22 39.70 14.00 300.12 8 14 4
58 17.62 72.79 12.58 426.70 0 15 5
59 36.36 67.21 0.40 129.22 3 46 5
60 64.08 68.93 25.57 65.25 4 9 2
61 34.45 53.57 39.36 175.56 8 15 4
62 65.44 89.50 9.67 51.24 22 23 5
63 66.89 34.99 39.60 97.24 10 23 4
64 28.21 29.84 46.45 460.77 17 30 1
65 24.16 62.35 23.41 210.66 0 24 5
66 73.80 62.88 25.35 446.72 1 38 3
67 93.43 20.75 10.36 212.58 21 31 3
68 66.76 10.79 7.94 333.34 6 23 5
69 37.84 75.30 25.83 417.27 17 40 1
70 98.75 49.81 26.68 358.69 2 27 2
71 44.64 80.61 9.26 173.60 18 40 3
72 35.86 44.93 2.03 302.76 1 46 1
73 9.83 62.45 10.21 226.69 17 18 2
74 30.60 14.61 15.03 404.83 10 17 2
75 51.96 17.65 47.78 461.10 15 23 5
76 30.50 24.36 48.88 394.96 3 31 2
77 33.23 8.10 49.37 80.96 7 9 1
78 27.35 47.17 20.70 211.58 14 27 1
79 35.81 88.92 33.56 153.27 21 24 2
80 7.19 38.85 39.32 90.25 1 5 4
81 1.38 88.67 32.28 286.23 6 18 4
82 61.59 17.04 13.61 113.18 14 43 2
83 26.48 90.51 22.11 80.70 10 32 5
84 86.98 94.01 44.60 406.78 17 47 2
85 59.10 26.09 31.30 136.68 8 35 1
86 41.50 87.37 49.66 262.51 20 22 1
87 66.95 68.64 2.10 475.05 1 26 3
88 2.12 35.78 34.81 462.00 8 25 2
89 4.38 97.82 10.39 461.63 15 20 3
90 27.85 84.97 7.77 463.91 16 42 1
91 28.98 59.34 41.87 468.18 21 22 4
92 52.39 78.17 17.06 359.73 17 40 1
93 73.08 26.79 6.79 447.48 8 9 5
94 47.43 82.48 15.62 128.38 7 37 5
95 50.78 64.73 21.75 360.51 22 24 5
96 19.96 11.41 18.82 455.41 9 14 5
97 83.86 10.83 7.66 397.82 13 14 4
98 76.35 72.80 34.16 488.20 8 20 3
99 17.34 82.61 29.45 128.04 20 28 5
100 23.62 49.60 49.41 495.79 8 8 4
101 49.92 12.76 30.21 246.12 9 28 3
102 81.07 29.26 12.11 318.73 4 18 3
103 96.28 49.40 29.11 149.16 20 42 5
104 54.64 85.45 43.78 276.04 13 47 2
105 59.35 48.25 45.50 56.58 5 28 3
106 80.74 35.36 16.35 101.07 8 8 3
107 58.95 14.17 39.53 451.34 12 33 5
108 30.82 78.19 11.46 136.23 0 12 4
109 29.76 37.10 15.08 376.96 15 20 5
110 49.24 69.28 2.25 143.61 11 32 2
111 21.22 75.16 4.07 355.13 0 30 5
112 63.23 5.50 34.57 106.04 20 35 1
113 78.41 4.42 4.10 142.26 19 36 1
114 4.07 5.12 41.94 398.26 17 32 1
115 30.81 5.07 28.71 389.92 24 42 3
116 13.55 36.06 35.32 346.33 21 24 3
117 13.85 98.65 30.16 262.04 20 31 1
118 85.09 98.29 15.44 80.65 9 16 3
119 74.09 8.79 26.62 322.38 10 25 1
120 61.65 20.59 3.90 380.83 15 33 4
121 0.70 0.71 5.02 219.02 11 30 4
122 20.24 84.72 40.08 67.91 23 36 3
123 23.40 58.56 18.47 175.06 22 34 3
124 99.30 76.52 1.53 121.86 3 18 2
125 77.37 54.96 5.83 335.22 10 41 2
126 10.60 1.71 38.36 75.55 14 23 2
127 91.73 10.33 44.30 313.08 2 39 3
128 61.75 65.49 27.16 191.03 22 38 4
129 14.88 22.28 15.93 168.86 2 39 3
130 64.04 18.50 7.85 438.19 6 14 3
131 24.20 50.70 23.73 413.96 4 11 3
132 12.68 32.87 11.78 198.06 1 38 2
133 25.33 96.64 43.36 52.15 6 27 1
134 70.56 59.76 16.41 400.24 8 42 3
135 40.23 6.34 1.38 480.83 12 48 3
136 73.96 24.93 17.84 139.43 2 39 3
137 95.21 12.00 34.92 320.32 3 10 2
138 79.79 50.62 37.07 64.32 23 39 3
139 18.38 63.84 16.90 255.46 21 42 1
140 11.95 16.43 26.75 392.40 20 25 1
141 23.51 14.36 0.34 277.81 9 28 1
142 66.64 0.76 13.31 407.79 14 28 3
143 30.15 94.89 40.99 408.41 14 37 4
144 57.03 93.03 47.56 81.30 1 42 1
145 40.00 72.04 43.91 312.79 4 21 1
146 35.96 48.29 44.32 167.55 19 26 5
147 4.76 30.97 22.74 65.11 12 12 3
148 29.41 58.93 14.18 400.38 20 22 4
149 58.81 58.48 23.99 172.38 8 36 4
150 11.73 22.56 28.29 173.80 20 40 1
151 78.31 53.15 37.95 448.28 13 28 4
152 98.47 85.08 40.90 463.42 1 11 2
153 55.14 71.08 3.69 251.50 3 39 4
154 98.97 70.72 41.50 174.60 19 30 5
155 58.98 62.38 13.50 418.22 0 24 2
156 29.49 6.58 24.56 238.56 15 40 3
157 32.71 71.50 41.01 386.02 22 34 4
158 4.42 69.65 18.13 169.24 1 39 4
159 45.48 10.73 37.35 412.28 8 28 3
160 85.76 75.34 0.39 105.68 6 34 3
161 63.25 33.57 32.76 487.01 2 36 1
162 19.17 54.15 46.21 451.33 15 48 3
163 97.54 54.96 38.70 461.26 10 46 3
164 33.54 37.32 20.14 203.02 21 36 3
165 89.21 97.96 12.17 243.76 19 21 3
166 86.65 33.75 28.01 246.54 2 2 5
167 81.52 83.31 17.67 228.00 1 7 1
168 11.55 8.38 18.56 234.74 4 29 3
169 70.80 88.10 48.83 254.78 20 39 3
170 44.18 37.17 7.24 467.84 17 40 1
171 84.97 37.24 7.05 296.82 20 25 3
172 41.61 96.14 23.52 184.60 20 22 1
173 47.38 36.06 10.15 450.79 23 40 4
174 82.79 59.33 23.93 141.60 8 17 1
175 31.24 66.60 9.03 159.33 18 39 5
176 51.16 47.70 10.90 146.51 16 32 2
177 5.31 83.50 34.53 207.24 15 20 1
178 11.12 76.99 48.55 209.76 1 28 4
179 40.65 31.60 29.17 381.94 4 45 2
180 82.20 58.63 5.53 278.47 14 42 1
181 90.55 25.99 26.07 270.44 16 33 3
182 25.74 35.08 15.13 363.20 22 44 4
183 53.64 7.15 39.66 310.20 9 38 4
184 31.86 77.76 15.43 89.88 2 33 4
185 58.10 85.53 42.77 294.60 4 13 3
186 34.36 39.51 32.05 94.39 1 18 4
187 58.01 10.48 22.89 471.70 3 32 5
188 28.60 89.48 45.93 272.96 4 20 4
189 95.41 22.80 36.54 125.02 19 30 4
190 95.35 23.77 39.07 386.36 15 42 2
191 85.55 53.52 30.20 149.06 6 27 2
192 94.79 94.07 43.60 108.00 5 14 1
193 34.99 63.43 4.39 222.22 4 44 4
194 41.35 71.69 38.39 474.14 18 18 4
195 37.66 10.47 37.95 316.94 13 30 5
196 8.94 32.12 11.30 216.69 17 28 3
197 65.86 61.99 23.87 81.93 5 27 1
198 53.14 38.64 31.74 337.26 22 44 4
199 26.29 40.44 9.01 145.35 10 11 3
200 90.64 57.08 9.44 127.21 6 43 2
201 46.31 66.89 6.32 315.49 11 38 4
202 63.15 67.91 0.95 111.42 7 39 2
203 86.16 83.02 47.39 375.02 17 30 4
204 51.40 73.20 7.60 350.37 16 21 2
205 60.91 45.04 7.99 480.19 7 17 4
206 98.19 38.03 33.79 113.48 12 13 5
207 79.77 91.42 37.54 305.96 4 39 3
208 4.55 4.43 40.68 471.97 24 24 2
209 79.31 88.60 46.51 446.81 15 36 1
210 27.81 6.86 13.64 321.27 17 36 2
211 99.18 29.80 35.98 160.66 16 42 5
212 70.27 51.27 29.34 363.96 17 21 1
213 8.12 30.34 13.63 336.44 1 36 5
214 91.71 61.45 0.57 340.03 8 22 5
215 66.03 15.80 34.28 149.60 3 25 1
216 78.00 66.22 7.59 135.13 21 34 5
217 22.15 74.70 3.28 471.11 5 43 5
218 23.77 59.16 7.28 114.92 17 37 5
219 18.67 53.56 43.66 50.66 16 45 2
220 49.55 76.03 21.11 469.47 17 35 2
221 40.10 31.14 17.03 307.48 7 10 5
222 7.70 28.45 3.91 114.19 10 12 4
223 87.32 10.96 36.18 234.89 24 46 3
224 28.61 3.54 35.99 426.67 8 29 4
225 94.08 53.84 7.37 250.55 6 21 3
226 17.49 38.58 26.76 461.40 8 12 2
227 69.34 6.81 1.68 432.13 13 13 2
228 74.78 20.80 19.69 225.11 17 48 3
229 43.17 1.34 14.11 217.01 5 29 1
230 35.39 99.53 14.04 59.41 19 29 2
231 41.73 39.71 5.73 391.53 8 34 2
232 24.92 7.70 24.95 207.98 21 41 5
233 3.00 24.55 17.50 221.12 2 40 1
234 27.40 61.13 31.70 51.73 23 39 1
235 4.40 37.39 30.28 284.57 21 27 5
236 15.60 37.90 31.89 220.22 3 31 3
237 59.49 97.87 2.00 198.47 11 34 4
238 45.99 10.99 24.56 154.05 24 48 1
239 23.11 56.21 17.99 328.69 19 43 2
240 12.01 41.28 24.97 348.06 14 30 3
241 48.84 96.12 15.99 166.80 22 24 1
242 16.89 6.18 11.36 449.45 9 33 2
243 66.46 86.01 31.46 60.09 4 34 2
244 67.01 48.91 45.43 192.79 3 42 4
245 5.90 73.30 28.61 240.40 1 46 5
246 66.39 91.16 32.43 354.31 9 30 2
247 50.71 37.09 36.69 97.85 1 15 5
248 31.13 62.25 5.75 370.85 8 13 2
249 11.50 62.68 26.49 172.24 2 3 4
250 72.85 38.06 0.41 285.71 6 30 3
251 61.21 70.56 39.15 217.64 14 27 4
252 33.01 2.49 16.02 186.13 7 34 3
253 50.30 29.08 36.88 202.18 23 45 5
254 43.53 42.97 23.77 259.23 11 33 3
255 9.34 58.34 45.36 141.24 19 46 3
256 60.82 32.49 33.67 283.77 8 31 1
257 2.38 31.15 33.01 120.98 15 15 4
258 97.24 62.45 12.96 247.29 15 32 4
259 34.09 32.90 9.66 156.57 15 18 2
260 79.96 69.88 48.81 158.40 21 27 3
261 18.16 8.29 46.03 283.30 3 10 5
262 92.50 3.34 31.63 122.92 1 14 4
263 53.39 91.67 18.75 109.89 6 7 1
264 27.58 15.97 36.46 467.76 13 29 1
265 71.37 81.18 37.70 341.17 21 22 4
266 19.68 65.14 1.72 489.77 10 14 5
267 21.68 82.52 43.37 269.91 18 40 1
268 65.73 69.13 31.48 373.59 11 47 1
269 22.80 49.02 42.36 378.87 8 29 2
270 76.83 1.17 25.63 256.68 12 22 1
271 17.21 69.47 28.83 82.91 5 46 5
272 0.72 45.03 8.08 468.31 16 34 3
273 1.67 25.42 45.50 176.65 23 23 1
274 40.38 5.82 7.83 348.31 24 45 3
275 48.50 64.34 48.97 499.14 0 17 2
276 63.06 36.64 25.05 183.49 14 27 4
277 3.11 81.93 37.06 333.56 2 6 3
278 6.44 98.76 4.50 486.57 12 14 4
279 98.79 66.66 19.15 424.19 19 21 1
280 73.07 43.22 9.45 476.68 24 25 1
281 96.18 15.85 27.53 296.19 2 3 2
282 10.95 60.33 44.34 129.66 13 37 2
283 67.66 3.43 40.96 430.10 1 44 5
284 91.73 76.59 15.22 448.99 5 33 5
285 26.17 99.75 45.42 59.68 23 25 4
286 78.51 69.48 40.71 131.63 15 19 4
287 75.44 45.29 23.59 494.40 17 41 4
288 21.71 75.63 25.08 161.70 19 37 4
289 20.88 76.63 16.26 125.62 13 18 1
290 71.10 98.84 21.25 82.61 13 22 3
291 39.44 39.98 18.68 398.99 23 33 2
292 26.41 45.50 4.39 422.91 20 20 3
293 82.49 20.64 13.03 260.73 1 43 3
294 93.22 32.02 23.82 96.78 16 25 5
295 30.65 88.08 20.13 463.60 9 44 5
296 84.44 80.87 13.52 133.39 5 6 3
297 3.64 28.22 35.48 496.96 23 45 4
298 11.08 87.51 15.66 331.34 19 27 2
299 69.64 22.13 0.99 87.82 11 36 4
300 33.56 44.01 32.28 192.16 21 34 3
301 66.35 63.17 36.09 293.46 14 27 1
302 72.31 40.18 31.56 467.98 20 21 1
303 82.94 75.66 14.99 186.21 19 34 3
304 12.99 71.93 3.76 239.53 9 15 1
305 77.91 72.19 10.33 191.84 8 9 1
306 63.94 40.04 45.58 473.77 13 43 3
307 81.87 41.53 19.03 203.46 22 45 3
308 97.64 73.81 34.31 361.61 17 17 1
309 7.62 91.03 0.31 140.06 13 16 3
310 0.16 10.78 3.73 132.33 19 41 2
311 34.10 55.63 43.99 406.82 0 17 2
312 46.15 26.86 37.38 273.84 2 21 5
313 5.64 80.66 27.01 68.19 21 30 2
314 39.50 69.89 20.45 154.04 2 15 2
315 96.95 32.47 32.13 445.77 8 34 4
316 6.49 64.71 11.37 224.95 20 41 5
317 40.59 2.20 45.34 97.78 6 44 1
318 87.41 52.71 42.45 338.70 1 37 4
319 59.44 26.94 48.90 422.17 7 32 1
320 59.29 69.36 37.11 481.13 24 36 2
321 60.35 87.88 13.80 205.82 19 35 5
322 73.64 80.25 2.91 118.10 3 36 4
323 89.97 80.71 33.39 120.10 18 23 3
324 31.32 7.34 22.10 412.52 24 45 5
325 82.94 2.54 7.91 249.87 21 36 4
326 72.42 41.44 17.80 293.44 7 40 4
327 80.71 14.47 12.73 414.46 3 7 2
328 67.52 62.80 18.58 289.23 6 22 4
329 45.64 21.46 0.98 101.35 16 40 4
330 96.52 99.08 2.12 135.58 12 13 1
331 10.91 22.42 45.92 238.82 1 17 4
332 29.84 17.86 3.86 283.39 15 25 3
333 86.81 74.46 11.57 80.11 1 7 1
334 48.44 77.86 2.90 331.07 20 32 3
335 34.78 94.52 22.26 367.80 22 45 4
336 65.49 65.05 21.26 61.85 8 11 1
337 52.06 88.43 46.09 303.34 0 19 4
338 53.55 4.79 42.90 401.81 24 47 5
339 64.75 44.15 28.14 79.73 17 25 3
340 18.59 47.30 45.30 215.95 8 40 2
341 98.10 88.20 6.99 170.98 16 33 5
342 72.88 37.54 18.13 74.92 16 46 4
343 0.06 65.62 46.75 388.45 5 48 2
344 31.11 64.72 43.11 457.11 24 35 1
345 14.15 94.02 17.81 340.87 13 46 1
346 33.45 91.28 35.90 308.47 14 47 4
347 36.30 74.76 41.00 318.00 16 42 3
348 26.52 70.10 3.32 349.57 5 31 4
349 7.23 44.08 40.43 264.14 8 48 1
350 12.68 95.27 24.57 449.39 14 30 5
351 81.43 52.68 30.40 279.52 6 11 2
352 0.67 10.49 22.68 143.80 18 20 2
353 0.39 85.35 39.04 298.47 9 47 1
354 87.65 89.58 9.04 350.87 24 33 3
355 81.38 45.30 29.10 78.88 22 30 5
356 85.42 18.40 23.59 241.71 17 41 3
357 76.34 63.76 21.07 347.15 20 34 2
358 21.26 82.62 22.49 193.21 18 48 4
359 1.89 7.54 33.72 442.85 12 31 4
360 77.23 20.57 32.67 343.31 16 32 5
361 85.59 32.39 42.44 230.16 3 12 5
362 7.53 11.04 0.86 187.23 6 20 1
363 48.87 60.50 21.46 404.42 21 22 1
364 77.06 32.28 15.44 492.55 23 32 3
365 11.79 43.94 47.31 205.41 10 37 3
366 69.80 98.85 49.96 93.59 5 25 1
367 53.32 5.03 24.98 63.42 8 34 2
368 29.36 80.91 3.98 413.94 15 33 1
369 16.76 27.26 37.98 197.74 18 33 2
370 66.00 13.93 17.18 172.08 14 45 1
371 24.84 43.66 30.93 444.39 6 24 5
372 46.13 36.68 10.23 217.25 20 41 5
373 58.81 92.70 9.38 302.60 16 40 4
374 72.96 12.47 10.73 304.89 2 36 4
375 83.62 6.61 40.01 122.99 7 43 1
376 60.21 51.56 37.73 303.95 23 36 1
377 16.88 25.63 49.86 132.79 12 38 4
378 22.05 47.72 15.15 190.94 8 31 4
379 18.36 88.35 43.39 281.57 2 13 3
380 17.58 54.32 17.21 406.90 1 19 4
381 21.59 29.40 12.60 484.49 14 23 3
382 51.00 36.70 17.08 403.10 13 17 3
383 48.87 84.90 21.50 158.88 19 20 1
384 34.55 34.33 17.71 286.82 21 45 3
385 12.74 24.78 44.29 180.31 16 30 5
386 82.53 89.58 26.26 381.27 17 27 2
387 45.80 55.46 25.69 452.34 23 47 5
388 20.28 66.12 19.25 111.70 13 41 1
389 39.34 34.75 9.87 157.41 14 15 3
390 4.19 79.61 23.04 114.80 14 48 1
391 65.26 58.60 9.43 349.93 15 19 5
392 76.62 68.76 1.66 200.94 18 30 2
393 99.19 86.98 9.32 173.44 24 25 1
394 85.44 5.28 35.78 221.74 14 40 1
395 4.48 36.98 26.45 80.78 2 27 3
396 79.21 99.71 18.50 57.46 2 47 1
397 6.68 67.70 48.98 322.25 0 25 1
398 65.62 75.90 25.33 231.93 13 16 2
399 33.66 14.85 40.52 359.79 16 21 1
400 33.14 8.83 37.71 190.52 18 24 3
1 164.91 3394.59 1
2 187.70 3508.52 2
3 165.82 2940.86 3
4 161.29 4587.69 4
5 155.66 3018.48 5
6 163.27 3944.90 3
7 169.80 2970.63 2
8 195.48 3256.82 1
1 1.61 44.82 7
2 1.90 43.33 3
3 1.13 33.44 3
4 1.49 29.36 4
5 1.59 47.33 7
6 1.96 45.37 3
7 1.21 27.34 3
8 1.83 33.19 5
