Data for Vehicle routing problem with drones - Author: Huyen Do Thi Ngoc
Number of depots: 2
Number of cities: 500
Number of trucks: 5
Number of drones: 6
Area: 100 100 50
Customer maximum demand: 500
Max capacity of truck: 200
Max energy of truck: 5000
Max capacity of drone: 2
Max energy of drone: 50
1 70.79 42.74 39.12
2 25.74 33.23 15.06
1 66.80 30.64 15.45 123.75 5 40 2
2 29.29 37.35 3.32 224.65 1 19 2
3 69.07 52.46 32.93 144.14 12 21 2
4 37.44 35.86 15.19 227.10 6 13 1
5 8.35 45.21 41.26 281.24 22 45 2
6 25.39 59.57 39.40 151.64 4 25 1
7 86.77 31.32 9.83 139.37 16 39 1
8 85.77 75.64 42.93 139.86 6 7 1
9 78.35 77.82 15.16 265.11 12 43 1
10 28.11 92.90 0.81 429.77 6 25 2
11 27.36 91.77 18.41 136.55 22 34 2
12 97.36 73.70 43.42 446.83 19 31 2
13 56.32 37.87 14.92 252.40 21 40 1
14 97.13 18.63 19.92 391.69 6 18 2
15 88.64 15.47 4.72 471.51 14 24 2
16 69.66 29.53 47.89 463.18 6 20 1
17 65.21 65.27 27.55 119.33 24 24 1
18 94.56 56.03 27.92 174.81 2 44 1
19 74.55 62.96 27.01 278.69 19 46 2
20 73.85 43.31 4.31 243.53 11 40 1
21 43.03 11.64 3.46 77.10 15 19 2
22 95.30 44.68 19.92 265.76 14 28 1
23 47.80 65.00 37.73 68.19 20 29 1
24 65.92 76.69 24.30 477.53 12 43 2
25 42.48 51.74 33.57 474.90 15 41 1
26 30.22 52.98 15.59 260.73 2 4 1
27 55.89 99.25 36.39 58.36 24 33 1
28 30.56 12.35 29.90 100.02 20 25 1
29 51.00 70.18 22.53 275.27 6 13 1
30 60.26 24.68 35.48 69.62 6 25 2
31 98.16 7.00 19.86 440.82 2 18 2
32 15.23 86.18 42.23 397.11 9 48 1
33 73.66 33.39 4.08 485.27 6 45 1
34 54.84 70.80 35.42 103.60 12 27 2
35 67.25 75.31 7.61 90.50 22 39 1
36 26.44 90.97 44.82 297.13 1 33 2
37 23.48 28.40 5.65 223.32 0 11 2
38 33.29 56.02 16.90 214.28 3 35 2
39 69.56 0.62 2.44 265.13 1 43 1
40 14.23 36.27 19.52 418.85 4 16 1
41 66.85 34.89 27.95 335.43 2 9 2
42 57.69 8.30 7.31 385.17 6 13 1
43 74.90 78.23 35.79 332.56 20 30 1
44 0.12 82.17 46.14 104.40 12 27 1
45 11.26 17.31 1.84 445.54 5 5 1
46 62.73 58.57 8.35 74.21 10 48 2
47 75.07 58.78 39.75 436.81 15 27 2
48 93.25 20.25 17.59 260.71 4 16 1
49 30.61 42.44 16.90 116.01 8 24 1
50 47.20 34.41 11.62 166.51 5 7 2
51 96.95 24.07 36.23 233.56 12 45 1
52 81.52 11.11 47.24 423.58 6 6 1
53 40.86 96.61 5.87 257.15 18 34 1
54 98.24 31.23 12.25 103.27 22 23 1
55 84.85 70.05 30.44 424.74 4 41 1
56 51.95 74.19 19.15 95.08 23 47 1
57 19.05 18.81 35.58 301.44 23 33 1
58 22.60 16.48 23.65 73.07 3 40 1
59 12.60 69.18 40.77 200.53 3 37 2
60 56.75 9.70 21.39 96.98 1 45 2
61 32.07 42.84 12.41 136.88 21 23 2
62 86.12 72.49 21.00 369.03 15 48 2
63 54.13 27.20 25.11 84.91 17 31 1
64 79.92 65.90 43.50 266.47 12 35 2
65 41.40 44.05 3.92 459.62 15 20 2
66 44.59 3.05 15.77 302.76 17 34 2
67 14.59 81.29 35.67 298.45 4 39 1
68 61.02 26.41 0.40 169.11 7 18 2
69 39.28 31.69 11.05 252.40 10 25 1
70 28.80 53.66 27.37 334.84 3 25 2
71 40.21 40.63 49.51 419.67 12 31 1
72 32.62 15.36 39.54 228.41 23 23 2
73 32.63 23.90 41.89 406.07 23 42 1
74 45.78 54.01 24.19 470.97 15 44 2
75 85.57 73.73 27.87 403.61 19 35 1
76 8.64 77.00 36.38 75.47 11 22 1
77 11.31 94.25 33.01 452.86 6 42 2
78 60.31 61.31 19.56 150.91 4 19 2
79 72.41 56.98 2.82 386.13 23 43 1
80 5.48 39.98 30.01 418.21 13 16 1
81 66.08 19.52 45.97 155.50 18 38 2
82 96.79 33.67 40.41 413.03 4 15 1
83 5.61 64.36 1.42 444.79 21 33 2
84 33.59 91.00 8.71 74.54 20 31 2
85 38.43 43.00 40.36 434.24 14 48 1
86 57.48 62.73 38.26 126.91 4 44 2
87 93.74 91.51 11.49 90.35 24 31 2
88 44.93 17.34 16.48 97.31 19 29 1
89 65.25 45.73 18.34 178.54 23 40 1
90 82.82 57.09 20.18 117.28 11 26 2
91 34.19 69.47 23.49 495.07 0 18 2
92 79.50 91.60 20.76 50.04 11 37 2
93 68.03 51.46 17.34 186.25 8 44 2
94 64.94 48.94 11.62 100.46 20 30 1
95 8.76 86.09 9.81 452.47 1 46 2
96 77.69 6.20 32.20 469.59 18 33 2
97 55.59 32.79 40.30 459.97 11 44 2
98 58.16 0.49 6.25 389.33 11 12 2
99 4.35 13.77 9.44 371.52 1 9 2
100 26.77 99.03 37.51 72.47 1 48 2
101 48.78 52.57 20.15 159.53 19 39 2
102 85.73 10.33 7.19 253.29 6 31 2
103 14.68 67.00 18.04 162.62 9 48 1
104 63.81 63.91 12.24 436.43 7 44 2
105 86.77 81.75 6.62 129.56 19 30 1
106 8.26 80.67 49.42 314.66 6 30 1
107 32.41 63.67 36.68 238.83 10 30 2
108 84.41 64.79 25.26 211.76 18 20 2
109 58.17 67.98 2.05 246.12 3 22 2
110 42.48 68.09 0.25 410.31 10 12 1
111 17.30 33.68 30.75 247.97 8 17 2
112 90.39 14.47 25.57 163.18 18 47 1
113 60.32 49.88 7.29 248.45 22 39 1
114 87.80 1.80 22.04 444.03 8 45 2
115 37.97 44.60 34.07 163.63 4 30 1
116 64.23 14.82 39.17 294.48 8 9 2
117 1.10 98.92 42.83 251.31 5 45 1
118 70.25 50.63 30.34 145.80 18 45 2
119 4.23 10.09 48.61 53.48 12 32 1
120 78.01 65.04 44.45 281.96 12 47 1
121 78.14 18.05 12.22 255.65 4 31 1
122 19.16 10.85 40.89 300.27 11 38 1
123 11.68 86.39 26.60 411.58 21 24 2
124 22.06 29.03 14.53 371.60 16 16 2
125 50.67 54.28 1.94 484.58 5 38 2
126 57.12 86.49 26.13 219.66 7 21 1
127 84.91 53.81 29.88 76.31 5 47 2
128 31.16 89.76 21.60 446.42 18 38 1
129 56.62 45.35 0.52 371.29 0 35 2
130 71.66 92.70 29.45 239.85 13 18 2
131 15.02 0.29 2.45 335.39 11 43 2
132 61.09 2.56 34.06 235.93 17 27 2
133 62.31 37.81 28.34 314.54 16 25 2
134 98.18 58.20 22.32 459.86 24 32 1
135 8.40 38.01 31.13 284.35 3 4 2
136 70.63 4.66 27.71 426.31 12 35 2
137 82.19 5.89 47.84 140.73 4 10 1
138 8.50 46.56 44.39 469.91 8 20 1
139 67.59 64.36 28.90 273.33 4 36 2
140 3.37 4.80 45.74 176.20 4 31 2
141 20.03 61.53 35.49 204.10 4 4 1
142 21.97 66.54 42.22 197.46 4 46 1
143 5.69 78.48 34.51 110.93 2 33 1
144 67.85 30.92 16.14 389.44 1 26 2
145 21.32 65.54 7.60 292.61 9 48 2
146 53.99 43.23 4.36 73.03 13 21 2
147 55.62 14.90 35.81 189.03 23 37 1
148 86.11 77.40 11.17 352.20 5 47 2
149 60.49 59.86 40.50 400.12 22 25 2
150 18.02 36.74 11.61 113.37 11 27 2
151 52.77 82.42 38.65 181.99 6 8 1
152 93.20 51.76 20.21 137.08 18 33 1
153 19.09 96.27 29.88 145.10 11 41 2
154 57.75 36.87 24.80 225.57 21 24 1
155 49.70 20.77 36.05 470.84 9 19 1
156 70.43 80.02 1.93 481.78 22 48 2
157 99.46 90.57 49.05 303.71 18 46 1
158 86.78 33.35 30.89 177.13 11 39 2
159 98.22 89.13 26.91 337.57 2 40 1
160 80.27 6.36 16.70 492.28 14 38 1
161 97.80 28.11 46.61 313.20 8 39 1
162 21.75 1.99 30.56 133.86 10 44 2
163 42.43 25.09 15.18 322.96 18 22 1
164 1.87 46.77 40.16 163.06 10 40 2
165 86.40 76.55 9.49 139.15 24 25 1
166 62.96 82.94 41.90 69.24 16 30 1
167 49.93 22.94 2.15 307.65 12 12 2
168 65.30 99.62 5.47 492.85 22 22 1
169 94.29 66.61 19.48 90.03 20 33 2
170 26.84 87.34 18.27 395.43 14 24 1
171 6.65 45.56 27.32 73.13 16 17 1
172 98.12 40.77 14.25 279.02 5 34 2
173 48.99 79.53 41.00 408.69 10 44 2
174 56.53 60.81 31.17 384.98 8 27 1
175 13.02 79.28 15.73 404.85 1 20 2
176 46.47 41.89 34.85 260.88 11 46 2
177 53.63 1.27 32.42 341.24 8 48 1
178 40.19 30.23 45.55 452.98 5 43 1
179 37.76 6.69 33.53 338.43 15 23 1
180 18.04 54.40 23.07 144.68 13 47 1
181 63.85 40.34 27.68 250.27 3 35 2
182 65.56 25.98 2.11 237.04 19 32 1
183 49.31 39.61 14.86 141.47 12 12 1
184 48.18 26.81 4.26 266.93 15 17 1
185 31.39 80.20 32.56 78.59 18 41 2
186 50.03 27.93 28.96 51.65 23 24 2
187 65.05 58.61 20.90 212.95 11 13 1
188 52.36 34.42 36.03 490.56 14 37 2
189 81.44 47.85 17.80 324.37 3 6 1
190 99.73 11.21 38.95 397.37 2 17 1
191 25.96 53.94 21.59 131.49 20 35 2
192 22.74 93.94 35.52 438.75 4 41 2
193 31.59 74.24 28.43 448.33 13 32 2
194 34.73 73.60 11.11 163.33 14 16 2
195 70.50 68.58 23.34 106.04 5 27 1
196 16.68 57.26 19.58 492.12 20 38 1
197 3.92 60.67 28.08 448.68 8 12 1
198 1.96 63.22 49.20 285.52 12 20 1
199 46.13 97.51 28.07 266.39 3 35 1
200 32.89 36.26 8.94 485.86 21 43 2
201 36.06 48.67 27.44 280.16 1 23 2
202 65.76 25.55 2.04 445.80 18 41 2
203 56.24 27.23 22.04 180.88 20 30 1
204 54.04 31.13 24.23 138.16 9 9 1
205 63.10 33.08 3.50 179.49 7 27 1
206 77.63 47.89 25.17 465.23 17 42 2
207 0.88 23.05 39.08 399.04 0 0 2
208 68.77 30.72 7.89 393.35 0 38 1
209 24.91 52.43 15.49 259.08 12 32 1
210 99.94 14.23 22.22 317.29 19 23 2
211 15.65 70.91 38.83 322.30 14 22 2
212 79.69 96.00 48.59 285.99 16 48 2
213 65.75 27.69 17.34 180.01 18 36 1
214 35.17 84.86 31.27 352.52 0 45 1
215 94.47 38.32 10.05 471.13 0 42 2
216 22.42 71.75 28.84 456.94 3 11 2
217 43.01 66.63 22.86 301.65 7 40 2
218 9.31 57.70 29.82 363.73 8 39 2
219 73.60 99.76 20.13 123.59 23 26 1
220 57.38 45.42 20.92 483.33 9 37 1
221 31.51 93.82 31.74 297.56 1 20 2
222 43.31 45.97 47.58 304.27 24 26 1
223 0.85 73.36 29.43 473.49 2 14 2
224 45.50 16.27 18.12 162.38 12 45 1
225 84.06 44.54 10.51 150.93 24 34 1
226 20.23 46.30 37.29 150.12 21 37 2
227 12.14 70.84 30.16 230.35 0 9 2
228 38.69 58.82 35.47 231.16 24 46 1
229 22.53 71.54 11.27 232.70 16 31 1
230 48.36 67.49 12.87 362.47 2 26 2
231 38.12 80.51 43.88 69.74 1 17 1
232 91.40 60.40 15.84 437.42 19 48 1
233 57.22 24.75 20.05 322.16 16 19 2
234 29.33 47.70 21.80 382.95 3 33 1
235 26.84 69.16 36.46 258.95 14 29 1
236 47.97 81.79 23.47 127.43 24 26 1
237 8.92 49.30 16.43 464.50 5 13 2
238 98.18 41.86 21.14 415.86 8 33 1
239 12.04 85.75 4.73 415.59 0 17 2
240 87.21 10.45 37.45 265.13 11 40 2
241 0.55 93.17 23.17 86.87 3 23 2
242 90.69 71.50 18.30 228.46 24 33 2
243 87.60 18.54 10.47 187.30 7 11 1
244 48.89 12.87 14.17 183.56 20 41 1
245 59.12 91.67 39.86 388.37 16 21 2
246 56.52 15.33 31.14 181.53 22 48 2
247 39.69 6.07 0.77 75.20 16 40 1
248 35.23 16.71 6.43 292.44 0 34 2
249 94.13 70.75 5.20 210.94 9 32 1
250 81.56 89.98 22.30 295.55 23 31 1
251 47.40 32.62 37.49 306.73 17 33 2
252 29.92 12.54 42.12 154.17 2 45 1
253 86.51 87.48 33.26 497.99 21 38 1
254 95.66 30.34 37.65 190.34 6 47 1
255 45.73 41.32 18.73 212.35 7 8 2
256 76.73 67.91 32.55 392.93 12 25 1
257 12.56 21.52 47.11 78.85 20 31 2
258 95.86 75.70 30.16 163.21 18 35 1
259 10.75 68.05 37.93 404.17 1 32 2
260 16.05 97.74 28.84 468.93 15 45 2
261 65.07 44.33 37.28 322.44 14 25 2
262 32.58 91.92 29.48 106.30 16 34 2
263 53.62 8.64 20.63 94.01 21 39 1
264 39.32 69.53 22.22 279.48 10 11 1
265 83.26 60.06 37.55 465.92 11 13 2
266 15.62 82.69 7.92 331.01 0 46 1
267 92.97 90.17 27.01 250.70 24 39 1
268 18.18 91.32 47.27 177.26 9 29 1
269 62.13 60.18 34.14 198.44 6 27 2
270 91.75 62.18 38.86 162.89 7 37 1
271 26.71 9.70 9.03 65.49 0 41 2
272 3.74 42.50 17.63 240.03 16 46 2
273 7.19 13.73 26.81 284.75 21 38 1
274 49.58 41.66 1.31 307.14 18 34 1
275 31.86 12.67 21.73 366.44 15 30 2
276 94.72 6.54 38.38 118.25 8 35 1
277 94.91 48.72 26.70 403.19 17 46 2
278 26.42 70.59 47.20 168.07 17 20 2
279 78.10 73.33 40.58 409.50 18 35 2
280 12.53 80.58 18.26 127.78 19 39 2
281 64.20 71.63 13.62 361.58 24 34 2
282 6.28 32.52 8.98 365.01 16 18 1
283 83.71 33.75 6.16 431.42 22 30 2
284 60.00 29.32 45.32 422.97 5 30 2
285 38.05 98.66 24.51 184.66 17 29 1
286 34.52 89.83 48.37 297.22 14 43 1
287 53.99 0.16 21.27 249.88 9 19 1
288 92.92 3.94 2.30 412.72 2 27 1
289 47.91 85.49 10.07 454.24 18 32 2
290 6.81 95.21 6.69 202.04 16 16 2
291 56.94 51.72 43.72 52.53 15 47 1
292 26.85 36.22 29.52 339.91 14 16 1
293 93.72 72.20 2.59 108.70 15 36 2
294 13.06 63.86 33.68 106.03 22 38 2
295 90.57 2.52 34.65 497.18 10 43 1
296 26.61 41.47 4.28 430.69 14 34 2
297 68.54 3.69 22.37 98.36 10 12 1
298 21.07 65.04 25.83 231.20 6 9 1
299 0.06 37.61 29.98 97.54 9 20 2
300 23.10 84.01 7.45 443.62 8 14 1
301 98.00 0.84 10.65 68.80 11 46 2
302 65.50 36.18 15.46 478.11 2 41 1
303 61.40 34.84 45.76 444.01 20 48 1
304 35.81 11.02 22.95 305.50 22 43 1
305 31.14 79.74 24.55 116.38 2 18 1
306 10.55 66.34 3.83 89.39 24 47 1
307 95.20 69.34 9.94 306.08 9 36 2
308 88.13 53.93 9.57 138.03 23 44 2
309 51.66 29.89 32.46 483.68 6 45 2
310 22.16 49.61 21.47 240.37 4 5 1
311 77.96 81.77 23.17 307.27 21 48 2
312 54.16 19.59 26.58 88.50 20 23 1
313 81.01 46.96 21.02 309.42 4 48 2
314 70.46 34.16 47.97 153.64 5 42 2
315 42.27 36.58 30.78 239.62 21 37 2
316 12.07 21.45 34.14 355.42 20 43 2
317 20.24 99.45 3.67 369.59 10 33 2
318 95.13 17.33 22.08 89.18 10 34 2
319 67.96 38.28 29.93 66.78 15 22 2
320 80.33 92.82 23.33 378.68 0 48 2
321 58.33 51.90 37.44 106.70 13 48 1
322 69.12 76.58 18.35 120.35 15 31 2
323 53.14 66.69 40.01 313.33 1 18 1
324 86.32 24.18 10.83 215.94 2 15 1
325 79.93 33.47 3.02 450.11 22 44 1
326 13.88 36.44 38.82 189.08 12 27 1
327 81.44 59.79 35.11 223.63 22 23 2
328 92.39 7.26 9.03 289.34 5 38 1
329 96.36 66.19 23.12 71.21 6 36 1
330 5.69 90.01 47.67 280.76 13 31 2
331 56.96 24.32 41.20 230.19 19 48 1
332 20.74 45.98 35.68 163.14 12 38 2
333 79.85 3.82 4.81 380.00 3 40 1
334 72.73 8.74 0.49 271.99 5 17 2
335 20.45 78.30 45.60 373.84 4 25 1
336 70.05 28.56 41.18 488.24 2 48 2
337 13.37 40.51 8.59 468.76 14 35 1
338 83.02 46.21 31.76 59.83 2 46 2
339 73.25 25.43 5.78 76.83 3 24 1
340 94.03 78.28 2.04 349.21 20 27 1
341 18.69 2.57 30.36 230.41 19 23 1
342 7.10 81.36 4.76 311.93 22 48 2
343 61.48 91.65 47.59 179.97 24 44 1
344 97.56 60.19 25.08 422.47 20 20 2
345 1.81 54.68 15.08 188.91 14 14 2
346 36.12 29.05 23.92 464.81 16 39 2
347 19.28 65.51 45.30 90.03 12 24 2
348 88.51 21.26 12.38 422.18 0 7 1
349 9.44 68.86 7.77 405.14 18 45 1
350 2.19 52.39 48.05 405.93 15 31 1
351 50.19 60.86 31.58 136.97 7 28 2
352 60.30 80.08 27.74 169.63 8 28 1
353 39.07 98.22 24.30 257.39 13 36 2
354 64.31 92.53 41.04 450.45 8 21 1
355 30.20 73.71 19.83 331.69 24 39 1
356 67.53 35.38 8.46 348.21 4 22 2
357 84.93 54.83 41.53 439.71 8 28 1
358 46.11 8.91 1.90 280.80 9 37 2
359 50.96 74.25 37.23 301.55 15 22 2
360 61.63 95.05 35.44 413.24 11 47 1
361 14.71 25.53 31.14 213.01 11 33 1
362 62.68 43.62 8.56 387.70 18 27 1
363 46.49 64.50 45.68 207.87 11 24 1
364 86.57 98.93 44.31 77.90 10 20 1
365 71.56 22.90 21.94 293.93 1 11 2
366 72.88 37.77 6.55 95.16 7 32 1
367 54.73 27.25 34.94 118.94 13 16 1
368 98.74 38.71 3.09 438.49 12 37 1
369 60.20 39.53 17.92 442.06 0 24 2
370 32.50 89.03 41.75 231.98 13 31 1
371 6.94 74.07 44.98 153.55 6 30 1
372 7.17 43.89 28.75 114.84 21 31 2
373 4.36 34.77 5.91 313.70 15 45 1
374 90.23 5.29 20.22 229.25 13 15 1
375 50.40 7.23 49.00 140.07 3 9 2
376 7.27 19.88 32.83 374.44 5 10 1
377 67.81 28.61 42.68 60.66 18 22 1
378 10.77 90.17 39.18 434.11 23 47 2
379 58.57 30.94 15.00 197.60 17 17 2
380 16.94 70.16 27.27 377.38 4 15 1
381 58.85 66.41 40.86 92.01 19 43 2
382 34.49 15.65 33.56 411.47 7 29 2
383 67.88 73.09 14.73 317.69 1 28 1
384 86.39 37.23 45.88 163.66 9 28 1
385 40.41 97.42 23.19 316.81 2 44 1
386 45.80 10.80 35.00 312.13 7 45 2
387 87.34 16.88 7.45 497.27 7 16 2
388 59.62 21.99 15.70 135.96 23 26 2
389 95.06 0.14 3.83 188.25 21 21 2
390 5.49 72.46 47.93 361.98 10 28 2
391 67.04 70.08 41.24 80.64 13 42 1
392 71.43 6.48 22.89 357.70 18 35 1
393 79.78 83.33 9.84 153.93 21 41 1
394 1.52 69.32 18.64 228.63 16 23 1
395 44.11 98.47 39.20 334.26 2 5 2
396 78.16 63.47 44.65 279.75 3 16 1
397 34.85 21.61 24.25 124.33 6 45 1
398 14.18 70.43 6.90 442.83 22 42 1
399 81.37 63.29 37.83 97.76 14 39 1
400 80.22 93.24 17.50 130.45 12 27 2
401 69.03 62.20 8.23 415.55 23 44 2
402 42.44 80.76 24.55 181.84 4 24 2
403 11.14 55.58 6.36 108.51 0 38 2
404 28.17 49.04 39.33 434.63 7 43 2
405 83.57 47.43 35.00 431.49 21 30 2
406 16.45 20.37 3.11 423.49 15 33 1
407 16.63 46.17 29.93 348.47 0 36 2
408 57.03 36.70 38.35 222.11 14 37 2
409 15.14 78.56 10.82 368.21 2 28 1
410 30.83 68.81 26.80 418.03 1 24 1
411 89.86 23.78 10.75 290.99 11 42 1
412 30.32 47.99 32.79 484.42 19 25 1
413 93.82 64.71 6.06 378.80 1 43 1
414 63.46 88.02 5.33 259.60 21 47 1
415 7.96 67.11 5.08 392.16 1 47 2
416 22.13 28.72 36.68 232.73 11 21 1
417 77.22 55.68 37.37 410.02 21 21 1
418 7.91 51.83 18.96 118.96 5 19 2
419 35.81 75.55 42.24 462.51 24 45 2
420 37.66 89.79 37.60 126.81 11 20 2
421 99.49 0.81 24.98 412.74 17 39 1
422 93.86 12.12 44.35 418.97 11 26 1
423 81.40 97.34 6.28 128.30 18 43 2
424 30.79 33.17 4.00 261.03 2 17 2
425 58.80 57.49 24.47 278.48 11 41 1
426 44.16 89.46 15.93 487.49 15 26 1
427 73.78 33.43 6.97 427.64 24 27 2
428 13.00 3.79 8.24 465.33 11 11 1
429 93.86 46.09 40.17 284.53 21 48 2
430 22.93 76.69 45.85 277.27 15 36 1
431 72.20 86.43 47.00 161.35 13 15 1
432 14.24 54.28 27.83 350.06 11 21 2
433 34.76 47.86 29.52 104.94 8 17 2
434 52.22 56.02 20.34 247.81 13 19 1
435 76.78 97.90 8.61 378.13 16 47 2
436 4.60 52.95 4.96 355.12 11 18 2
437 33.18 49.24 11.63 450.40 24 29 1
438 5.06 5.86 29.61 95.78 0 14 1
439 22.36 29.71 22.69 261.26 14 44 2
440 6.65 36.99 27.94 475.69 6 31 2
441 80.14 17.60 44.95 360.56 19 34 1
442 59.08 95.34 35.77 405.13 17 21 2
443 64.71 4.80 41.53 496.61 10 28 1
444 71.78 85.70 35.61 194.96 6 35 2
445 19.02 46.89 23.18 295.85 8 32 2
446 8.89 60.89 36.01 364.45 8 45 1
447 58.98 57.24 3.19 265.82 5 7 1
448 49.74 64.61 23.51 429.19 4 7 2
449 41.64 17.86 47.35 182.54 17 27 1
450 49.91 56.81 26.71 86.68 16 24 1
451 53.98 57.61 24.63 307.13 14 19 1
452 88.08 86.65 33.89 438.92 11 20 1
453 32.20 52.83 26.35 386.12 19 30 2
454 48.59 9.91 3.67 205.78 5 36 2
455 71.46 58.58 30.21 366.69 12 19 1
456 61.29 30.56 43.05 332.63 19 46 1
457 38.61 19.40 45.99 149.53 12 37 2
458 32.73 14.32 37.27 120.96 17 26 1
459 52.43 41.97 45.91 355.29 3 34 2
460 76.48 17.07 41.38 98.72 22 36 2
461 85.32 85.01 30.69 323.32 24 39 2
462 74.95 4.50 14.45 50.86 8 26 2
463 69.50 75.90 6.87 479.15 10 18 2
464 71.07 26.92 34.79 175.42 10 39 1
465 68.03 28.78 20.95 231.72 3 25 2
466 83.24 80.03 12.75 373.75 22 33 2
467 60.26 32.50 32.81 459.68 22 45 1
468 32.69 20.97 18.62 337.22 18 40 1
469 17.52 41.96 33.28 471.62 16 26 1
470 12.57 90.39 19.18 233.07 17 40 1
471 11.42 29.50 19.70 498.00 0 13 2
472 4.56 62.67 47.31 286.56 4 19 2
473 31.63 88.68 12.58 339.43 13 35 1
474 91.42 92.24 42.62 266.38 14 26 2
475 62.41 43.03 28.48 158.04 15 37 1
476 51.28 62.10 28.01 351.53 20 28 1
477 62.89 95.95 44.76 477.63 2 14 2
478 14.67 59.25 23.42 167.05 24 27 1
479 79.31 54.08 38.97 107.07 6 23 1
480 29.43 17.24 13.86 175.04 5 24 1
481 82.10 89.23 21.90 346.63 17 23 1
482 12.83 51.08 0.22 462.51 4 5 1
483 93.11 29.46 2.38 194.16 5 24 2
484 2.84 53.58 16.80 414.40 9 46 2
485 79.44 45.92 27.56 104.38 6 28 2
486 26.78 32.13 49.29 374.46 8 26 2
487 20.61 41.50 34.91 272.01 16 36 1
488 34.03 55.99 24.22 161.87 8 15 2
489 30.38 55.39 39.98 122.86 2 26 2
490 68.80 70.37 7.13 184.61 8 11 2
491 62.09 63.08 39.71 248.30 22 41 1
492 6.83 53.23 46.53 161.87 11 48 2
493 36.82 83.73 29.35 490.75 9 47 1
494 76.70 11.69 17.30 392.94 22 25 1
495 81.61 25.84 42.37 105.02 10 26 2
496 68.29 39.91 26.11 202.09 22 48 1
497 13.19 81.18 5.13 284.33 17 42 1
498 57.96 63.93 25.55 337.52 0 11 2
499 67.10 19.44 24.85 174.78 21 26 2
500 49.97 67.85 13.55 214.76 24 37 2
1 110.05 3676.68 1
2 156.26 2782.22 2
3 117.37 2655.58 2
4 198.99 3086.78 1
5 160.88 3205.51 2
1 1.95 34.29 2
2 1.63 34.09 1
3 1.68 29.48 5
4 1.93 48.65 5
5 1.46 45.37 1
6 1.27 25.73 4
