Data for Vehicle routing problem with drones - Author: Huyen Do Thi Ngoc
Number of depots: 2
Number of cities: 100
Number of trucks: 7
Number of drones: 15
Area: 100 100 50
Customer maximum demand: 500
Max capacity of truck: 200
Max energy of truck: 5000
Max capacity of drone: 2
Max energy of drone: 50
1 81.70 47.88 17.44
2 23.44 63.03 41.38
1 30.80 78.41 26.21 489.64 16 23 1
2 17.96 81.54 9.05 368.69 24 38 1
3 43.75 87.85 14.07 56.15 22 30 1
4 31.51 34.20 38.55 334.30 6 8 2
5 10.95 3.83 11.92 183.24 1 33 1
6 92.19 77.92 17.52 213.50 12 38 2
7 55.23 66.47 7.36 305.34 3 42 1
8 5.25 74.50 30.72 307.32 8 8 2
9 57.66 81.65 35.96 399.61 7 17 1
10 34.64 33.55 43.97 376.31 16 24 1
11 36.04 23.77 4.72 50.31 13 19 1
12 71.69 5.73 13.13 385.90 16 20 1
13 57.49 7.56 41.99 490.25 1 10 2
14 81.06 33.75 44.48 489.55 9 33 2
15 23.84 16.57 18.07 108.45 17 24 1
16 88.57 53.06 30.76 376.47 1 6 2
17 58.74 56.29 0.83 375.76 14 38 1
18 3.19 31.02 14.39 447.43 3 29 1
19 34.34 15.44 37.98 126.24 3 44 2
20 94.80 81.74 42.58 192.64 6 9 2
21 11.24 6.43 37.31 468.89 19 42 1
22 55.19 44.22 23.45 286.41 18 19 1
23 65.06 80.71 13.56 166.00 0 1 1
24 45.32 94.40 3.46 176.61 17 46 2
25 53.93 94.94 25.88 428.12 14 47 2
26 90.52 68.11 22.66 130.22 6 41 2
27 94.11 93.10 5.66 201.42 18 33 1
28 64.76 77.46 2.40 249.08 20 43 2
29 49.03 34.70 49.69 143.88 18 29 1
30 20.70 94.97 41.71 437.61 11 45 2
31 26.92 57.18 10.44 297.51 24 39 1
32 15.74 85.33 45.47 218.34 6 26 2
33 21.38 86.44 8.88 301.46 12 12 2
34 89.50 89.90 15.12 281.04 14 36 2
35 95.52 15.23 20.70 388.56 12 16 1
36 36.01 18.53 42.41 58.51 23 33 1
37 81.46 89.55 27.23 235.48 8 42 1
38 60.88 85.95 25.52 439.07 0 46 1
39 97.82 16.06 38.86 331.13 22 22 2
40 75.90 28.67 12.56 69.26 6 42 1
41 41.41 9.26 1.78 75.56 0 23 2
42 10.07 84.56 13.27 91.90 23 39 1
43 87.53 32.95 1.80 248.96 13 20 1
44 12.74 6.36 42.45 213.33 9 39 1
45 90.98 59.01 24.21 171.95 20 21 1
46 12.90 14.90 10.04 323.12 17 31 2
47 13.22 42.85 46.03 330.99 7 23 1
48 85.61 94.40 28.75 260.44 1 29 2
49 52.28 46.49 40.28 464.44 14 24 2
50 98.13 23.63 3.51 70.56 7 34 2
51 35.88 62.88 35.17 93.78 11 23 2
52 44.87 98.32 28.24 355.72 18 28 1
53 69.70 43.60 44.32 270.68 19 21 1
54 92.73 49.58 6.01 325.97 8 43 1
55 22.14 12.45 34.85 466.72 5 34 2
56 86.48 94.18 18.84 438.62 20 24 2
57 39.69 70.24 40.92 113.79 10 25 2
58 96.10 81.70 44.08 174.95 5 34 1
59 81.88 15.77 30.52 216.14 22 27 2
60 3.83 86.96 33.25 283.38 14 32 2
61 25.97 5.08 17.39 140.09 9 41 2
62 10.56 6.49 6.02 262.02 15 37 2
63 68.70 73.71 16.80 210.88 23 43 1
64 75.16 62.01 25.46 416.34 8 41 1
65 9.07 70.83 8.99 411.16 0 29 2
66 80.00 21.91 41.07 496.56 0 35 2
67 19.66 42.93 20.10 390.58 11 23 1
68 60.68 81.14 2.54 54.80 15 40 2
69 58.25 44.27 17.45 85.45 1 35 1
70 16.70 12.67 45.98 318.51 6 42 1
71 18.51 8.65 6.47 421.32 17 37 2
72 24.29 12.63 23.99 220.53 8 39 1
73 75.94 58.92 36.99 243.50 14 27 2
74 17.12 91.07 26.26 293.39 16 47 2
75 65.56 54.26 7.10 262.26 20 22 2
76 56.67 49.87 47.40 256.63 9 24 1
77 45.58 36.88 34.50 447.86 4 33 1
78 52.86 80.03 46.17 184.27 16 39 2
79 83.24 30.39 36.75 64.90 22 23 2
80 69.86 92.52 13.34 460.58 6 43 1
81 41.73 2.08 37.54 463.51 21 28 1
82 43.13 42.40 19.12 230.28 21 33 1
83 89.72 32.89 2.03 413.14 17 40 1
84 29.73 24.18 23.13 491.90 2 30 2
85 91.15 42.86 24.08 130.98 19 25 2
86 37.83 81.34 49.33 129.31 12 25 2
87 71.07 0.53 43.90 103.93 12 45 2
88 19.23 71.63 39.84 279.28 21 37 2
89 6.60 6.71 19.63 316.88 5 37 2
90 86.56 38.76 10.80 397.33 11 32 1
91 95.52 24.78 28.74 53.22 11 39 2
92 56.77 30.93 19.32 107.79 3 44 1
93 0.94 98.37 22.44 186.49 6 22 1
94 70.21 17.75 19.86 172.96 2 5 1
95 73.53 82.43 41.28 354.88 17 20 2
96 43.77 75.97 26.32 95.74 19 41 1
97 63.09 74.39 23.22 293.04 13 41 1
98 31.15 83.53 7.50 414.22 8 18 2
99 94.89 88.62 46.06 477.23 2 40 1
100 95.14 0.75 40.51 315.04 12 28 2
1 193.37 3543.47 1
2 198.98 4035.51 2
3 118.81 3514.29 1
4 101.57 4770.33 2
5 195.85 4370.78 1
6 168.05 2709.66 1
7 124.32 3544.56 2
1 1.76 27.23 3
2 1.85 47.57 2
3 1.49 33.41 2
4 1.01 42.77 2
5 1.67 42.71 2
6 1.01 39.31 7
7 1.51 47.35 6
8 1.12 44.61 1
9 1.48 28.84 7
10 1.76 39.82 5
11 1.71 38.24 2
12 1.33 27.81 4
13 1.58 30.38 6
14 1.47 40.34 1
15 1.16 35.50 1
