Data for Vehicle routing problem with drones - Author: Huyen Do Thi Ngoc
Number of depots: 3
Number of cities: 400
Number of trucks: 7
Number of drones: 8
Area: 100 100 50
Customer maximum demand: 500
Max capacity of truck: 200
Max energy of truck: 5000
Max capacity of drone: 2
Max energy of drone: 50
1 47.42 42.88 44.67
2 54.24 43.21 13.04
3 12.15 60.93 5.31
1 41.24 68.72 10.73 264.39 16 43 3
2 48.54 76.95 34.53 498.32 2 37 2
3 82.37 21.00 33.60 237.93 22 38 3
4 85.45 52.65 34.91 274.50 16 28 3
5 8.78 54.47 32.80 484.11 15 23 1
6 39.52 43.03 27.72 370.08 12 44 1
7 82.80 54.13 1.54 435.64 22 34 1
8 1.16 30.95 22.22 325.88 8 19 1
9 78.16 15.21 47.95 57.06 11 26 1
10 71.40 38.94 34.67 102.46 23 38 2
11 95.25 83.26 27.29 323.70 16 44 1
12 62.65 8.70 23.87 329.38 13 35 1
13 48.11 5.19 2.17 281.44 24 25 3
14 49.22 11.84 33.65 68.55 12 28 3
15 62.60 60.06 21.04 298.36 6 33 3
16 47.99 34.07 10.40 192.05 14 36 1
17 1.73 75.15 4.35 303.22 0 28 2
18 31.42 69.24 23.16 317.39 14 43 3
19 68.58 4.03 38.39 456.19 14 23 1
20 17.41 44.17 28.16 88.96 9 37 1
21 42.94 37.91 23.54 224.58 22 47 1
22 2.76 90.47 38.72 71.31 15 36 1
23 63.47 53.70 35.92 492.09 16 27 2
24 67.95 24.41 29.35 402.62 2 10 1
25 84.94 90.10 15.56 269.72 10 18 1
26 98.56 87.33 7.66 213.89 4 43 3
27 52.06 76.66 3.31 415.69 17 36 1
28 79.77 32.16 9.97 349.93 23 41 3
29 66.81 50.94 4.35 396.41 18 34 3
30 64.75 95.80 46.85 66.15 23 35 1
31 98.23 51.59 44.36 173.68 6 9 2
32 94.31 18.07 36.45 439.00 20 31 2
33 8.84 36.84 37.20 236.44 15 39 1
34 40.15 92.74 20.09 234.76 16 21 3
35 92.76 92.09 32.09 313.90 3 9 3
36 96.91 58.69 17.83 75.83 17 48 2
37 9.69 56.71 45.67 417.20 21 41 3
38 38.09 40.62 11.23 475.88 10 33 2
39 59.85 80.98 3.95 344.56 18 23 3
40 52.93 40.22 32.79 143.95 22 26 1
41 12.45 3.99 16.01 94.15 1 34 3
42 8.86 70.23 42.16 195.16 2 15 3
43 32.74 66.56 3.34 119.30 10 17 2
44 54.79 39.62 15.17 258.51 12 25 3
45 15.04 90.42 15.05 249.54 16 31 2
46 7.35 76.07 35.22 480.67 18 28 3
47 65.53 70.79 37.92 201.97 14 35 1
48 1.80 45.09 16.95 82.79 4 33 3
49 99.67 21.19 37.03 61.66 3 5 2
50 39.23 71.40 21.68 64.81 17 41 3
51 84.18 53.11 17.12 164.24 1 29 3
52 46.68 78.98 14.94 440.05 9 22 1
53 2.13 16.69 45.37 153.08 12 28 2
54 99.18 44.93 48.45 225.84 3 44 3
55 57.09 60.02 32.23 334.61 0 21 2
56 69.96 23.70 9.65 300.17 4 5 1
57 60.13 92.42 23.72 377.63 16 36 2
58 24.83 81.86 39.01 211.77 17 37 1
59 9.64 23.05 40.29 55.31 15 43 3
60 10.70 13.53 10.44 148.03 2 7 2
61 58.13 76.22 44.02 427.77 11 31 2
62 95.02 40.54 35.34 477.09 23 41 2
63 16.28 0.05 24.22 136.15 8 8 2
64 67.73 14.36 49.38 78.56 13 46 2
65 41.90 48.12 11.98 289.02 24 40 2
66 4.19 8.69 16.85 359.40 5 5 1
67 79.21 76.22 38.03 220.90 11 22 1
68 25.03 5.49 9.05 199.43 21 31 2
69 69.59 94.98 8.36 271.46 23 40 3
70 13.69 80.94 47.61 229.39 12 37 1
71 82.38 77.41 0.17 174.33 0 15 3
72 97.06 53.57 25.00 439.41 16 24 3
73 26.94 52.11 23.61 445.33 18 37 2
74 33.63 14.10 45.74 94.48 12 23 3
75 58.85 15.49 27.40 496.94 2 7 1
76 84.15 69.54 15.31 363.20 4 43 2
77 39.54 54.08 23.52 367.42 20 36 3
78 23.74 40.91 15.53 201.67 18 46 2
79 32.02 30.32 26.78 217.47 2 3 1
80 41.83 94.26 27.24 70.94 8 29 3
81 88.39 47.24 35.31 376.73 24 35 2
82 85.09 60.54 38.88 202.42 14 29 2
83 6.13 2.08 6.24 76.33 17 36 3
84 2.59 62.83 48.59 321.55 10 31 1
85 45.32 29.53 8.59 67.04 10 28 3
86 63.87 82.27 42.15 477.71 7 11 2
87 39.52 39.53 30.52 155.23 12 48 1
88 13.50 76.88 44.04 172.30 6 12 3
89 65.97 69.30 30.26 338.09 16 32 1
90 30.88 31.07 41.81 420.74 14 42 3
91 55.59 50.47 17.60 105.16 13 37 1
92 96.95 24.56 23.20 172.16 11 42 2
93 1.49 67.73 36.58 88.51 13 31 1
94 61.64 94.06 14.85 341.76 4 47 3
95 62.12 66.02 3.12 232.35 9 34 2
96 79.17 4.59 32.77 107.02 15 37 1
97 12.17 78.74 47.32 114.02 19 39 2
98 27.78 72.57 1.67 74.52 14 37 2
99 20.66 82.00 47.89 483.96 3 28 3
100 96.85 1.85 10.00 198.30 15 30 1
101 23.30 39.07 15.09 410.51 20 32 1
102 14.11 99.08 31.83 92.56 24 33 3
103 65.19 80.14 26.24 256.73 4 45 2
104 55.88 83.48 31.22 312.25 4 5 2
105 9.09 1.82 45.50 230.24 14 38 3
106 15.68 58.56 0.14 147.49 5 26 2
107 59.32 40.84 28.71 145.08 15 23 1
108 39.08 67.85 20.99 278.37 24 27 2
109 12.84 63.82 43.75 468.52 13 47 1
110 64.12 34.83 41.09 136.08 13 26 1
111 48.17 82.69 5.68 464.22 2 17 3
112 86.30 50.03 18.27 92.71 7 9 3
113 35.94 84.41 4.64 230.25 17 33 3
114 18.62 2.28 16.58 315.96 8 23 2
115 14.94 89.29 11.56 152.53 20 31 2
116 48.65 53.33 20.03 301.72 2 12 3
117 91.07 69.57 30.71 180.63 23 28 1
118 69.25 40.42 24.08 492.06 9 15 3
119 22.28 26.71 40.82 301.55 15 18 1
120 97.87 90.52 31.91 227.01 6 21 2
121 86.22 20.87 26.51 457.58 23 41 1
122 93.49 1.09 34.72 235.57 4 9 3
123 48.46 48.64 9.88 272.45 19 29 2
124 77.73 97.91 20.20 458.07 4 22 3
125 90.07 56.55 14.22 383.07 21 25 1
126 86.19 93.11 0.02 319.61 22 24 2
127 13.73 14.78 1.06 157.27 22 47 1
128 82.45 98.16 46.28 324.69 19 28 3
129 34.87 36.75 0.88 390.98 13 48 2
130 82.41 3.80 0.12 295.05 4 17 1
131 2.47 84.31 13.65 184.38 18 47 2
132 85.76 18.48 35.65 242.32 23 23 2
133 40.88 5.62 3.09 112.33 3 4 2
134 54.75 69.36 30.11 382.67 9 22 3
135 99.61 46.16 26.73 477.77 8 18 2
136 95.42 13.51 15.94 463.05 5 46 3
137 88.09 2.26 6.46 470.25 23 27 1
138 83.01 28.45 24.52 494.88 15 28 2
139 88.92 9.70 2.64 57.58 2 25 2
140 89.90 29.59 8.02 333.31 19 37 2
141 33.36 82.09 17.08 186.30 11 44 1
142 99.64 37.96 20.80 156.20 17 43 1
143 31.40 54.39 19.42 473.27 16 43 1
144 73.65 66.38 9.07 330.45 5 29 2
145 10.71 96.07 47.27 258.26 2 12 1
146 79.79 33.32 3.55 204.34 10 19 2
147 8.99 71.05 17.70 99.33 12 20 1
148 8.64 86.46 33.22 381.43 7 7 2
149 65.40 60.46 1.89 339.97 24 28 3
150 17.67 32.17 4.46 300.28 8 16 2
151 36.51 40.81 1.79 120.48 24 44 1
152 8.31 59.39 25.16 175.38 6 30 3
153 19.71 12.84 8.32 95.67 16 16 2
154 13.44 87.07 48.73 344.98 17 42 1
155 3.38 8.92 26.75 140.25 24 45 3
156 75.43 71.94 0.44 286.67 4 19 3
157 58.95 93.93 25.15 392.19 15 29 2
158 83.19 60.34 18.73 127.27 1 35 2
159 97.40 2.18 11.51 325.87 2 29 1
160 20.18 60.37 45.40 252.13 2 45 1
161 61.18 82.96 43.03 368.43 6 8 2
162 61.80 84.95 33.71 173.01 4 8 1
163 17.83 2.28 43.54 479.71 17 27 2
164 97.34 85.67 32.65 184.38 3 41 1
165 60.37 34.91 26.39 206.96 21 40 3
166 24.32 23.32 38.61 303.95 3 3 3
167 77.66 51.25 34.30 305.14 12 33 1
168 86.37 33.77 45.65 226.80 7 34 1
169 98.46 75.58 0.27 246.22 2 8 1
170 66.49 78.63 35.88 259.31 18 22 2
171 94.62 57.28 33.39 212.12 20 46 1
172 20.52 57.66 42.05 101.20 24 35 2
173 55.49 48.59 13.57 293.92 19 22 2
174 8.57 40.04 24.63 326.40 2 28 2
175 15.97 84.80 43.61 169.44 7 29 2
176 13.66 49.80 46.94 286.63 22 24 2
177 76.97 66.23 30.62 216.78 8 10 1
178 22.11 59.62 22.14 199.60 20 30 2
179 89.64 95.48 45.80 53.69 2 31 3
180 67.85 18.32 22.75 269.31 6 38 1
181 77.42 22.10 28.53 70.42 14 40 1
182 42.01 46.78 47.33 142.11 13 14 1
183 82.57 80.68 24.35 90.93 7 32 2
184 42.49 37.29 39.77 436.33 11 26 3
185 89.72 76.57 36.83 335.80 14 14 1
186 52.48 51.55 34.56 177.42 5 30 3
187 95.58 83.63 40.21 90.19 12 36 3
188 23.71 4.68 25.11 123.17 10 40 2
189 75.08 28.53 15.55 50.85 16 32 1
190 86.89 23.33 39.02 327.69 12 21 2
191 86.73 34.91 36.85 329.22 12 14 1
192 98.33 65.62 7.01 74.47 10 43 1
193 12.12 44.68 23.64 389.41 13 15 2
194 32.55 34.37 19.13 170.27 11 27 1
195 58.60 4.17 43.72 179.98 22 45 3
196 19.25 57.60 31.54 74.83 20 20 1
197 71.58 20.76 38.92 222.51 22 34 2
198 74.38 69.14 36.61 232.57 17 27 3
199 18.47 7.00 41.46 349.85 14 29 2
200 94.36 32.20 40.85 208.41 14 27 2
201 25.48 80.62 5.22 412.00 23 38 2
202 17.48 37.19 6.83 496.31 3 18 3
203 0.24 84.32 6.67 125.61 14 34 1
204 21.18 68.35 31.64 122.99 6 35 2
205 19.85 82.98 13.51 110.52 22 37 3
206 99.95 54.10 23.89 296.49 4 42 1
207 65.15 85.94 38.01 301.49 1 4 1
208 86.31 90.93 26.50 469.75 12 28 1
209 89.23 15.39 40.79 218.59 5 17 2
210 48.19 52.34 24.19 286.50 19 36 1
211 46.65 27.81 37.87 293.98 3 13 2
212 81.47 25.00 27.72 236.82 9 17 1
213 45.01 59.19 39.53 240.72 22 34 2
214 44.28 3.49 13.77 492.76 18 28 3
215 68.29 26.08 37.16 385.41 8 40 2
216 48.22 60.13 18.94 423.17 13 37 2
217 59.12 27.64 39.49 194.55 16 32 1
218 90.33 43.79 20.76 262.98 20 27 1
219 5.37 62.03 16.53 65.55 18 20 2
220 42.36 65.76 0.52 111.24 24 35 2
221 48.45 0.67 35.53 214.55 24 31 1
222 14.11 80.48 27.94 101.63 15 26 2
223 72.26 34.57 32.93 56.00 1 17 3
224 16.40 42.50 47.35 135.22 4 14 1
225 13.74 99.12 25.74 343.25 13 44 1
226 21.13 49.49 2.99 409.00 2 4 1
227 88.28 50.53 48.33 102.41 1 34 3
228 77.47 49.93 14.93 96.18 10 25 3
229 87.74 43.13 3.33 108.58 2 5 1
230 25.39 20.33 37.30 302.81 15 48 1
231 51.37 21.58 10.04 392.02 8 26 3
232 50.85 19.20 38.04 404.68 12 39 2
233 41.10 26.87 40.17 180.72 3 14 1
234 86.18 11.27 13.89 77.41 17 33 2
235 38.61 13.26 38.00 211.64 12 12 2
236 2.90 96.16 41.38 303.33 14 47 3
237 23.96 65.41 9.73 395.24 5 38 1
238 79.72 36.98 36.55 407.35 9 26 3
239 41.02 36.87 47.10 448.60 1 19 3
240 55.90 94.14 30.82 67.42 22 25 2
241 80.70 72.07 44.36 321.06 12 21 3
242 3.69 46.64 17.15 272.39 0 6 2
243 65.09 60.53 18.15 129.12 0 30 3
244 46.28 68.31 19.90 203.33 0 46 2
245 37.62 92.34 32.82 421.41 5 16 3
246 38.28 73.42 4.97 84.23 7 23 1
247 11.48 1.24 5.70 234.40 2 6 3
248 51.69 36.37 12.06 105.70 13 40 2
249 96.52 55.30 39.06 202.82 23 37 1
250 26.34 91.55 44.59 265.48 19 20 3
251 2.38 85.12 24.54 460.77 7 28 3
252 73.96 38.02 15.22 202.39 5 39 3
253 51.22 51.51 16.86 478.62 5 44 1
254 73.44 39.62 3.68 143.16 0 38 2
255 53.91 56.35 5.21 70.87 14 21 3
256 66.84 40.70 49.71 232.81 22 46 1
257 87.50 72.51 0.93 190.81 13 40 2
258 33.01 81.58 44.84 317.50 10 11 1
259 35.65 17.73 43.62 68.75 5 17 2
260 82.84 57.04 40.99 368.73 23 38 2
261 6.70 5.57 28.80 354.24 5 37 3
262 26.95 60.49 9.11 253.08 23 40 2
263 33.64 10.44 27.65 322.96 3 22 3
264 11.33 74.45 46.88 420.61 3 33 2
265 10.25 33.03 8.65 187.16 13 24 2
266 2.80 74.27 30.55 159.75 6 43 3
267 46.62 21.64 2.22 105.79 1 20 2
268 39.63 27.48 25.04 343.95 17 43 1
269 18.71 82.68 30.41 330.56 13 37 3
270 62.78 95.02 28.26 337.21 20 21 1
271 12.93 3.12 30.88 256.24 2 39 2
272 68.90 79.32 27.63 81.09 9 35 2
273 98.62 80.33 19.49 199.91 10 12 2
274 36.18 20.18 10.71 317.20 3 43 1
275 96.58 89.43 14.23 139.41 6 36 2
276 87.41 42.22 12.16 102.68 12 24 1
277 39.89 78.77 39.92 54.35 18 42 3
278 66.56 98.36 39.98 442.43 8 23 2
279 8.92 31.28 31.53 485.96 6 15 2
280 84.52 0.24 4.07 143.03 15 16 1
281 93.69 97.26 45.20 87.29 22 38 2
282 27.66 98.26 17.45 154.86 5 16 2
283 6.65 40.46 47.97 212.45 5 28 3
284 75.89 84.43 12.37 210.15 14 33 3
285 89.17 87.49 19.70 232.87 9 34 3
286 23.28 58.64 2.34 156.35 1 7 1
287 3.75 61.41 33.38 236.98 20 43 2
288 6.61 19.43 49.19 260.71 5 45 2
289 86.44 97.44 9.19 391.51 5 37 2
290 16.97 0.79 4.95 78.62 17 45 3
291 43.50 79.04 31.81 288.52 23 42 2
292 37.98 87.77 33.90 359.69 11 27 3
293 81.37 77.20 31.21 237.04 7 18 3
294 42.58 96.66 37.61 275.39 1 28 1
295 18.90 89.27 29.09 106.72 14 43 2
296 89.15 67.37 25.36 229.76 20 43 2
297 25.36 69.37 33.34 78.35 24 42 3
298 85.45 88.56 40.68 351.60 12 34 1
299 98.01 88.47 31.32 309.24 21 38 2
300 81.34 36.01 13.16 430.76 2 15 3
301 48.69 92.31 46.22 485.72 21 43 3
302 6.00 33.33 32.40 357.68 3 30 2
303 1.57 51.84 45.47 328.15 24 47 1
304 26.58 67.99 44.34 192.90 2 34 1
305 16.71 9.69 14.75 61.77 15 19 2
306 13.40 15.72 28.15 372.45 14 29 3
307 21.23 31.49 7.32 470.14 7 37 1
308 95.97 55.51 36.30 453.25 12 36 2
309 98.04 39.33 1.75 230.71 7 16 1
310 82.42 7.42 16.86 426.76 16 32 2
311 71.38 98.90 18.02 425.60 12 41 1
312 6.42 94.95 37.32 164.66 15 30 2
313 24.44 69.11 35.26 223.88 21 45 1
314 59.86 86.18 20.37 72.29 1 39 3
315 91.67 71.13 30.11 342.65 0 41 2
316 85.59 89.79 45.31 493.02 23 23 1
317 12.00 7.18 4.48 256.83 22 48 1
318 76.31 57.92 30.06 188.18 22 38 1
319 2.88 18.31 15.82 214.60 24 47 2
320 89.66 94.99 11.63 125.79 11 26 1
321 64.05 54.24 19.56 493.69 16 47 2
322 54.48 39.70 3.26 240.95 5 30 3
323 37.35 53.91 4.74 208.07 6 17 1
324 43.64 11.72 23.64 260.40 5 21 3
325 95.08 44.58 22.02 96.78 4 17 1
326 88.42 0.41 12.69 486.20 17 27 1
327 83.23 48.56 37.40 285.89 17 30 3
328 44.80 85.83 17.82 375.54 4 48 1
329 2.89 69.57 45.45 411.61 2 3 3
330 41.33 78.56 8.54 267.94 10 44 3
331 82.12 64.28 20.55 273.78 13 31 3
332 45.69 63.20 37.74 488.66 11 31 2
333 58.49 7.93 20.23 256.67 10 39 2
334 8.12 45.25 4.99 164.55 24 27 1
335 80.68 30.50 10.40 356.42 18 40 2
336 66.39 15.90 11.57 222.53 24 39 1
337 45.59 63.73 14.47 415.41 22 43 2
338 35.01 25.82 28.66 420.49 2 39 2
339 24.74 58.18 23.52 106.69 13 19 2
340 74.63 28.19 42.57 312.08 21 37 3
341 9.03 57.90 28.14 438.73 10 44 3
342 66.01 41.36 11.11 350.13 1 30 3
343 49.13 64.70 33.27 354.40 0 37 1
344 19.94 57.13 33.89 128.75 8 34 3
345 52.56 49.22 37.58 290.63 8 30 3
346 6.70 96.06 11.86 411.21 18 29 1
347 69.23 64.79 45.19 111.42 16 35 3
348 50.93 3.89 2.55 170.46 12 30 2
349 45.15 26.90 7.05 68.27 0 39 1
350 7.03 12.82 26.56 391.19 23 36 1
351 77.21 0.33 24.00 474.19 4 18 1
352 20.38 35.65 13.05 368.98 15 34 1
353 20.52 70.72 30.75 474.14 9 24 1
354 85.43 12.96 19.97 411.94 17 22 2
355 33.54 75.78 26.73 135.94 13 21 1
356 3.40 59.45 38.32 298.00 3 7 1
357 78.95 26.29 27.92 109.00 18 25 3
358 97.54 91.02 31.44 436.47 3 42 3
359 69.54 31.03 32.90 288.55 8 8 1
360 61.24 22.61 18.07 292.48 20 23 2
361 72.28 73.32 22.13 256.51 16 35 3
362 59.52 59.65 20.73 278.40 4 45 3
363 33.31 46.81 42.76 356.58 14 21 1
364 18.36 10.71 12.08 463.73 21 33 3
365 80.22 91.62 3.82 208.45 24 24 2
366 70.77 12.12 9.35 425.44 5 33 1
367 73.07 89.36 29.71 201.19 9 24 3
368 69.84 89.50 10.33 124.84 14 48 2
369 33.05 9.23 41.86 102.25 21 41 2
370 43.26 60.23 26.53 201.82 5 29 3
371 50.02 49.93 45.96 144.44 17 37 2
372 44.63 73.71 48.46 356.55 0 17 1
373 11.29 84.91 24.59 206.66 13 28 3
374 39.02 79.97 43.60 442.90 5 42 3
375 7.01 67.14 39.15 153.57 21 37 3
376 92.49 46.58 13.76 379.70 9 32 3
377 29.84 36.92 46.20 402.02 6 22 1
378 28.82 23.77 2.69 151.81 3 46 2
379 23.49 48.39 0.45 100.23 11 14 3
380 3.01 6.04 41.22 350.28 2 34 3
381 94.96 82.12 14.94 215.28 1 47 2
382 4.81 95.30 13.85 254.70 7 31 2
383 29.66 33.53 20.61 59.14 15 27 2
384 46.67 50.42 27.33 152.54 6 23 2
385 45.12 69.83 35.33 450.22 21 35 1
386 17.84 74.40 41.76 234.69 11 13 1
387 22.84 95.87 48.81 286.11 15 43 1
388 97.65 30.66 47.38 346.95 10 47 2
389 40.52 11.91 39.20 255.54 19 45 1
390 92.22 63.32 40.25 343.93 3 46 3
391 50.95 55.05 9.69 163.39 9 44 3
392 30.17 27.73 22.79 85.88 4 35 1
393 81.81 63.90 16.27 373.09 10 35 3
394 99.51 30.55 49.69 254.00 14 35 1
395 41.92 16.14 20.32 318.85 11 33 2
396 81.67 8.38 26.70 217.09 23 38 1
397 11.68 80.10 18.13 141.64 24 33 3
398 23.33 93.06 36.08 462.15 3 37 1
399 92.96 42.86 17.79 275.54 12 26 1
400 58.86 46.86 4.77 116.86 2 12 1
1 155.89 3531.69 1
2 180.16 3153.32 2
3 161.79 4237.38 3
4 194.05 3153.66 1
5 109.45 4359.45 3
6 123.05 3158.71 2
7 110.04 4849.67 3
1 1.77 37.37 6
2 1.88 26.90 7
3 1.56 47.26 3
4 1.04 38.54 6
5 1.29 42.05 5
6 1.63 37.92 6
7 1.06 44.85 6
8 1.20 38.14 4
