Data for Vehicle routing problem with drones - Author: Huyen Do Thi Ngoc
Number of depots: 5
Number of cities: 400
Number of trucks: 7
Number of drones: 16
Area: 100 100 50
Customer maximum demand: 500
Max capacity of truck: 200
Max energy of truck: 5000
Max capacity of drone: 2
Max energy of drone: 50
1 4.81 85.17 37.74
2 24.31 91.66 32.60
3 79.56 4.04 16.41
4 63.06 56.48 7.26
5 95.52 57.99 16.15
1 81.06 92.44 19.40 156.89 14 28 1
2 38.49 87.05 16.01 94.36 10 19 1
3 31.42 13.26 4.61 98.03 19 40 4
4 61.50 10.55 37.06 235.29 11 30 3
5 12.42 78.80 35.34 488.30 2 9 4
6 20.82 2.78 45.56 190.33 21 39 5
7 35.87 26.86 36.81 394.38 0 6 2
8 97.19 12.31 47.22 425.80 4 44 4
9 34.97 40.01 14.33 199.15 17 48 5
10 47.19 45.48 4.17 323.25 17 42 2
11 64.40 48.78 44.61 310.28 23 39 2
12 52.22 76.33 26.31 212.09 7 11 5
13 2.56 94.93 42.31 316.37 1 46 4
14 20.18 91.33 2.52 411.40 10 26 2
15 31.72 29.18 5.48 72.09 23 32 2
16 63.90 3.62 1.66 315.20 21 31 4
17 91.14 84.85 47.90 255.27 15 15 3
18 23.52 19.72 29.42 176.84 20 43 5
19 86.42 35.41 5.12 465.75 7 29 5
20 84.27 51.88 44.13 273.00 6 19 2
21 43.84 81.69 49.91 296.58 5 7 5
22 65.79 50.67 48.59 54.66 12 29 5
23 93.83 60.77 8.77 233.16 15 22 4
24 61.43 29.79 6.39 337.41 11 45 1
25 21.03 49.60 5.08 160.79 22 34 4
26 4.81 89.01 1.84 457.12 24 31 1
27 15.06 52.34 19.15 341.31 23 48 3
28 13.44 1.61 3.23 445.01 5 6 2
29 85.81 18.09 14.54 226.66 0 14 3
30 18.17 19.23 13.79 98.60 17 37 3
31 76.62 14.49 8.94 201.04 19 27 5
32 8.34 12.93 7.67 116.71 1 21 5
33 87.00 97.84 43.11 442.95 9 23 4
34 99.83 80.97 20.18 429.52 5 39 3
35 4.83 2.27 42.70 466.90 10 30 4
36 94.26 66.75 34.93 483.14 5 35 5
37 0.87 90.82 31.57 265.57 12 42 4
38 30.12 67.64 17.64 490.56 7 32 3
39 29.05 36.39 47.24 485.65 0 25 5
40 72.76 64.79 42.41 334.17 8 42 2
41 15.56 95.74 22.40 413.70 8 12 2
42 52.55 82.95 41.97 486.15 20 29 5
43 66.79 78.45 8.79 103.83 7 22 2
44 74.75 31.72 35.23 182.28 19 31 4
45 25.98 39.13 1.26 413.57 9 11 3
46 94.88 61.14 9.19 486.50 1 38 4
47 4.26 41.68 9.65 115.95 17 19 1
48 95.50 39.17 30.64 74.88 7 32 4
49 82.41 93.06 45.87 351.81 6 21 4
50 71.78 58.18 45.65 252.87 13 32 3
51 65.54 16.97 49.34 164.57 7 20 4
52 39.86 10.65 45.03 147.74 6 34 1
53 77.27 98.32 12.68 338.33 24 48 1
54 87.03 9.68 24.00 186.09 1 48 2
55 54.62 59.12 40.51 417.43 8 27 2
56 13.87 52.62 32.77 410.29 24 24 5
57 57.21 82.67 45.89 279.90 7 33 4
58 49.85 50.85 9.10 497.96 22 43 2
59 21.22 21.57 21.01 184.72 1 37 3
60 95.80 17.83 5.72 356.37 22 22 2
61 66.32 22.30 15.85 449.83 15 27 2
62 31.10 12.84 41.63 319.30 2 2 1
63 48.93 72.18 2.00 325.87 10 20 1
64 59.68 34.92 16.96 388.95 21 25 5
65 31.86 3.93 29.34 220.87 12 26 2
66 43.61 1.48 1.77 50.16 14 45 3
67 2.22 96.87 18.41 50.12 24 24 5
68 15.97 16.77 22.11 200.15 20 23 4
69 63.51 18.94 8.96 388.88 5 28 1
70 6.54 12.60 30.97 233.15 23 44 4
71 92.64 24.84 10.87 358.08 21 44 4
72 90.54 73.21 41.36 173.85 9 23 1
73 16.68 27.32 39.07 489.12 17 26 1
74 15.68 4.04 9.45 306.48 5 12 5
75 3.43 49.82 40.52 310.17 2 48 3
76 58.44 99.59 9.20 374.93 6 17 3
77 7.78 24.39 32.20 416.01 9 17 5
78 22.37 46.49 26.54 100.31 11 11 2
79 41.61 16.24 23.16 476.09 24 47 5
80 27.26 7.06 26.38 119.87 12 14 2
81 61.53 46.60 0.80 497.64 0 43 1
82 19.96 85.97 16.92 411.29 1 9 3
83 86.90 28.21 7.79 373.95 22 31 3
84 52.24 16.70 38.94 84.69 16 25 2
85 58.36 19.18 5.02 344.91 17 33 5
86 92.62 70.60 16.27 110.20 9 23 5
87 69.67 10.41 48.57 205.22 13 26 5
88 24.76 45.98 35.74 123.03 15 31 5
89 98.73 69.12 36.35 453.73 3 37 1
90 53.17 22.73 21.51 415.81 21 25 5
91 7.76 25.20 35.81 471.22 22 40 2
92 54.99 55.52 45.19 86.71 20 36 3
93 8.23 89.88 24.39 206.13 1 6 2
94 0.15 90.29 25.87 430.45 0 46 2
95 27.93 42.98 10.16 495.40 15 20 1
96 7.87 91.79 21.82 151.52 0 46 5
97 97.25 8.11 26.86 184.02 11 28 5
98 87.12 54.85 45.16 109.27 17 39 4
99 69.76 67.14 49.04 230.23 18 40 3
100 83.78 46.24 5.46 434.72 11 14 3
101 92.49 66.51 11.74 311.33 7 11 4
102 58.23 96.39 23.41 102.44 5 47 3
103 85.57 80.48 48.09 68.28 12 22 3
104 49.04 5.03 48.31 376.68 13 39 1
105 38.70 98.37 18.98 388.75 15 37 4
106 14.48 40.47 3.02 365.89 21 30 5
107 67.47 21.34 48.50 257.59 11 15 3
108 76.12 25.51 38.18 478.52 10 31 4
109 32.29 35.49 46.62 456.03 3 30 5
110 75.84 39.11 32.42 397.33 14 41 3
111 75.07 71.84 36.82 265.61 20 42 2
112 25.92 98.58 49.33 109.70 13 47 1
113 73.26 48.15 39.05 483.09 8 21 3
114 27.10 54.73 35.43 214.02 10 11 2
115 66.78 50.60 19.74 113.49 1 41 2
116 28.47 58.25 36.43 318.50 24 47 2
117 63.02 45.57 42.78 435.90 24 40 5
118 85.77 57.31 14.72 292.79 12 35 3
119 2.88 63.06 25.17 95.07 6 32 3
120 7.31 27.02 8.75 273.77 7 33 4
121 27.15 20.52 17.49 398.89 5 38 2
122 84.09 12.80 21.69 271.16 23 42 4
123 43.23 2.34 17.68 467.37 14 22 3
124 91.44 21.81 44.56 253.28 16 46 1
125 10.58 97.06 40.17 63.10 6 41 1
126 40.83 54.47 42.77 354.40 19 22 4
127 26.80 39.00 28.40 449.97 17 41 1
128 23.68 86.87 15.81 61.43 6 25 2
129 81.31 24.61 3.78 447.76 10 10 2
130 74.79 30.38 40.03 455.53 8 23 3
131 7.75 79.71 43.23 280.00 14 14 4
132 80.58 22.69 28.24 407.67 10 21 3
133 26.39 74.74 2.99 189.33 9 29 2
134 90.88 27.02 8.87 90.39 15 26 3
135 79.31 91.49 5.62 474.67 20 41 2
136 87.63 54.62 13.01 479.28 5 8 3
137 87.89 49.91 41.40 130.94 15 15 2
138 32.18 60.85 41.36 105.97 22 32 4
139 10.47 41.21 38.46 93.28 17 28 5
140 60.65 12.73 36.87 456.33 4 33 4
141 88.99 12.81 34.25 429.86 20 34 3
142 16.49 17.48 9.94 348.05 24 40 4
143 77.67 26.57 24.05 259.00 11 15 1
144 99.25 50.24 12.70 55.55 10 12 2
145 46.27 94.29 40.91 324.43 15 42 4
146 43.67 85.49 5.84 274.22 2 28 4
147 21.49 14.58 14.12 133.73 17 42 2
148 61.56 45.85 14.83 230.99 3 22 4
149 32.71 44.12 40.24 355.32 23 41 2
150 63.44 91.39 39.35 336.20 4 36 5
151 12.83 26.43 39.80 115.14 9 14 5
152 80.86 68.04 6.01 300.02 23 43 3
153 46.34 15.04 16.65 489.92 8 20 2
154 37.96 2.31 30.21 395.00 0 23 5
155 78.28 46.50 23.44 144.79 22 23 3
156 72.56 68.07 33.56 380.31 24 29 2
157 61.33 82.55 48.46 249.96 0 0 2
158 94.91 62.09 5.75 372.42 2 10 5
159 17.15 39.84 19.46 101.10 16 39 1
160 51.62 15.07 40.98 223.70 13 32 2
161 32.30 5.63 45.13 478.06 14 19 5
162 2.73 44.85 33.22 124.32 22 30 4
163 99.98 75.84 47.39 315.84 7 37 4
164 50.84 54.35 25.55 496.84 6 10 4
165 30.70 71.30 29.99 189.82 13 30 3
166 19.98 82.50 1.36 114.64 23 41 4
167 5.05 67.24 48.53 114.04 16 39 3
168 62.97 81.04 33.40 104.82 10 23 2
169 38.55 60.74 4.75 343.17 15 41 1
170 92.44 55.40 22.82 359.27 22 48 5
171 7.97 96.60 2.73 68.42 4 24 5
172 1.25 86.09 0.41 427.47 2 17 5
173 46.61 4.73 21.16 103.12 5 5 4
174 0.84 45.41 28.31 317.55 3 6 4
175 71.42 18.55 42.60 84.09 23 39 3
176 69.48 97.96 6.54 107.92 18 35 3
177 67.03 43.17 41.84 108.86 16 17 5
178 67.08 62.94 31.06 87.96 20 43 4
179 23.40 20.75 1.91 92.20 14 19 5
180 16.97 39.16 11.21 386.80 16 39 3
181 88.09 12.59 2.67 163.11 1 4 4
182 93.39 7.31 16.69 285.57 19 45 2
183 54.66 48.16 3.56 275.77 10 36 1
184 48.65 40.03 47.02 54.14 3 28 4
185 94.72 54.24 11.98 78.41 2 4 2
186 78.97 81.40 31.60 384.71 14 26 5
187 2.73 78.93 32.55 98.48 17 38 4
188 41.70 46.84 36.99 119.67 16 44 2
189 65.41 23.14 19.41 185.89 5 21 2
190 62.14 20.34 17.52 407.18 16 43 3
191 13.41 40.03 34.41 398.85 24 31 4
192 93.80 81.11 9.02 54.30 4 47 3
193 60.22 46.87 29.77 365.72 18 39 4
194 74.69 40.06 13.35 214.28 22 28 5
195 25.76 71.38 2.00 278.75 18 21 1
196 85.91 73.93 47.70 120.15 6 42 1
197 93.61 62.71 14.98 124.30 24 47 5
198 86.65 76.31 46.31 70.05 8 12 4
199 29.50 14.27 40.03 311.15 10 34 2
200 47.09 47.27 19.60 240.44 16 43 5
201 85.32 11.17 1.15 125.74 15 22 4
202 62.42 39.66 20.96 369.79 20 46 1
203 59.75 52.99 49.16 279.70 14 33 1
204 24.47 30.26 20.44 113.85 12 42 2
205 25.88 13.40 14.77 201.27 11 46 4
206 89.66 3.56 2.08 57.25 1 40 3
207 98.45 38.67 4.85 420.70 16 20 1
208 92.37 10.13 9.53 147.71 8 39 3
209 57.46 88.85 49.48 159.52 16 39 2
210 18.02 69.28 36.09 399.51 12 41 3
211 43.26 52.34 6.84 203.67 13 22 2
212 18.91 96.24 1.37 429.81 0 39 2
213 86.55 74.39 6.83 407.75 14 23 2
214 45.58 4.25 47.41 153.54 11 37 1
215 9.25 67.56 41.83 414.46 17 37 1
216 73.67 70.39 28.93 367.60 18 27 1
217 73.08 41.83 1.17 96.61 3 12 2
218 33.09 93.06 31.50 61.22 22 33 2
219 94.13 19.52 41.12 314.38 15 47 3
220 83.34 92.10 22.13 90.31 5 39 3
221 19.81 37.92 31.44 474.80 20 31 5
222 84.22 79.34 6.79 380.59 17 48 5
223 17.69 12.61 18.65 499.34 13 41 3
224 48.50 61.40 16.88 215.61 10 29 3
225 53.88 43.37 42.00 410.81 9 48 3
226 96.42 4.14 3.53 316.03 11 30 2
227 60.71 35.08 26.33 65.88 14 34 4
228 42.88 56.52 14.02 427.93 16 27 1
229 92.11 55.14 4.47 286.36 4 40 2
230 16.80 38.07 2.60 89.04 6 34 5
231 34.60 62.95 5.64 173.71 3 45 4
232 27.41 42.20 49.06 134.00 9 41 4
233 20.46 49.07 9.17 167.71 10 17 2
234 61.73 31.52 16.53 379.22 18 34 1
235 47.66 37.38 29.84 129.96 21 33 4
236 1.89 67.06 10.74 255.59 13 14 2
237 23.10 98.93 16.53 384.78 6 33 5
238 97.17 10.19 32.32 428.72 17 27 5
239 25.92 70.64 3.43 227.48 17 22 5
240 34.73 22.40 20.93 88.59 14 24 5
241 65.90 57.82 24.50 145.16 11 20 1
242 55.12 92.54 44.84 122.52 21 46 1
243 74.75 99.00 12.53 415.57 20 37 4
244 11.89 46.82 22.44 332.51 23 36 1
245 95.38 72.96 44.53 389.81 23 41 3
246 27.21 58.71 10.02 487.36 3 42 4
247 80.63 62.02 24.68 490.35 14 26 3
248 47.30 25.65 15.39 115.54 0 23 3
249 49.25 99.04 31.22 120.98 17 29 5
250 33.05 65.57 21.87 408.28 16 40 5
251 82.47 55.76 9.30 358.13 3 10 2
252 57.86 72.90 10.93 337.85 24 33 1
253 84.51 14.72 10.73 85.04 21 47 5
254 99.53 69.99 38.46 255.68 21 30 4
255 54.92 14.98 16.60 348.34 0 13 4
256 71.50 54.02 9.57 100.46 22 39 2
257 88.08 5.86 15.40 390.13 20 45 4
258 32.90 33.60 7.01 61.27 11 28 5
259 85.65 7.93 32.42 461.53 13 18 4
260 6.24 37.33 24.84 209.17 11 42 4
261 35.98 60.76 37.29 322.10 1 13 5
262 80.09 60.78 44.65 109.28 15 38 1
263 80.00 28.83 0.90 88.22 21 48 5
264 31.76 19.06 16.02 279.03 9 44 3
265 4.45 94.13 47.80 226.96 11 43 5
266 68.80 91.82 45.83 251.80 22 31 4
267 67.79 53.45 42.88 70.43 9 36 4
268 22.64 91.71 43.67 354.28 21 21 3
269 96.49 45.17 26.87 390.38 17 39 4
270 68.14 61.97 22.87 331.41 11 12 4
271 48.89 99.46 0.48 161.08 17 25 2
272 36.02 10.43 6.12 310.03 14 48 4
273 41.33 94.70 13.15 400.18 4 45 2
274 42.12 40.95 0.20 51.10 1 11 2
275 77.45 73.20 33.61 390.28 10 20 5
276 19.34 94.62 26.41 395.63 5 39 3
277 36.52 72.95 22.48 159.29 24 47 2
278 86.37 41.71 20.24 134.22 0 21 5
279 56.11 60.43 4.83 251.79 11 36 4
280 77.89 12.99 17.34 291.82 8 24 4
281 54.18 97.32 30.69 95.53 7 13 1
282 52.70 54.46 21.75 494.95 20 22 2
283 64.62 28.63 14.20 351.54 6 22 5
284 43.35 59.41 38.77 221.67 2 18 3
285 89.13 90.09 44.55 196.97 2 22 3
286 71.35 68.88 12.22 184.01 7 34 2
287 73.15 63.43 17.93 229.33 15 21 4
288 31.24 57.69 20.18 307.23 8 19 5
289 58.00 3.05 45.14 418.37 24 47 4
290 57.22 72.67 8.14 109.56 24 31 5
291 95.79 41.82 42.53 294.53 24 30 2
292 2.47 76.70 31.14 491.78 14 38 3
293 85.01 5.30 30.74 327.10 18 35 2
294 76.47 58.50 43.69 442.30 0 15 4
295 72.33 76.78 16.17 202.81 4 36 3
296 45.09 57.03 0.14 479.74 14 34 1
297 65.19 8.96 33.45 75.38 20 47 2
298 71.46 92.70 20.74 310.98 22 45 5
299 64.56 3.44 27.39 410.78 6 14 1
300 47.33 53.12 24.52 335.16 24 45 4
301 50.21 79.81 29.71 448.39 9 13 4
302 55.64 37.85 25.35 282.34 13 45 2
303 38.82 1.08 1.79 151.97 18 37 4
304 30.45 94.75 45.91 207.34 20 47 5
305 71.85 58.95 41.01 419.47 1 15 4
306 94.42 96.88 36.90 490.85 15 42 3
307 62.75 29.83 15.08 234.08 4 19 4
308 49.82 73.40 8.94 468.09 20 31 4
309 20.30 68.65 16.24 244.63 12 22 4
310 65.43 98.76 33.28 59.31 10 18 4
311 81.06 44.12 1.03 164.92 4 16 3
312 1.90 19.22 10.68 292.19 20 32 1
313 34.10 42.68 49.41 193.48 20 37 3
314 62.04 85.72 14.37 270.81 6 8 4
315 83.04 27.92 22.88 363.55 6 6 5
316 21.49 17.29 30.55 419.58 21 39 4
317 27.43 78.86 13.68 164.06 24 37 5
318 72.73 10.54 0.61 125.34 19 31 3
319 18.02 27.32 7.92 464.64 7 14 2
320 43.18 30.56 0.74 318.00 7 29 3
321 43.35 19.56 41.18 362.26 12 47 3
322 52.57 27.32 12.32 442.36 22 34 1
323 97.75 87.97 37.01 161.48 5 6 3
324 77.66 40.30 29.86 178.94 7 45 3
325 84.48 24.28 37.80 245.32 12 34 3
326 84.22 89.86 37.19 395.89 21 38 2
327 59.11 93.76 45.63 494.63 2 28 4
328 1.34 42.29 11.11 367.53 13 38 3
329 8.87 46.58 40.97 295.17 17 21 5
330 3.28 25.54 11.36 215.45 0 31 3
331 30.77 28.40 18.24 83.91 4 27 2
332 88.64 85.06 39.40 156.16 2 43 2
333 5.24 72.75 8.90 357.98 18 43 5
334 53.49 26.64 37.88 343.20 16 36 3
335 17.28 82.71 39.92 57.72 17 46 3
336 36.52 78.42 7.96 284.13 24 28 2
337 65.86 5.67 8.03 363.28 10 22 1
338 46.19 14.14 5.56 331.53 8 29 1
339 77.80 52.17 36.04 419.92 10 29 1
340 11.07 16.34 37.90 395.57 5 45 3
341 53.18 78.93 32.57 213.70 22 23 2
342 53.20 33.91 34.93 458.04 20 30 3
343 56.55 55.50 22.37 215.83 4 9 4
344 92.50 26.52 32.61 212.44 13 31 5
345 98.24 53.64 44.10 343.32 23 32 2
346 23.71 74.90 4.62 221.67 19 48 3
347 86.14 96.44 5.19 177.08 14 29 2
348 68.49 16.81 36.62 246.46 13 13 3
349 48.68 36.48 13.77 94.87 18 21 4
350 89.09 26.91 20.52 418.95 1 15 1
351 71.26 27.43 37.88 445.34 12 26 1
352 42.16 22.14 1.86 199.65 6 7 3
353 98.16 15.60 45.30 467.56 7 42 1
354 43.92 91.47 35.62 276.17 17 23 1
355 9.77 10.98 45.89 295.55 24 29 1
356 14.18 38.13 8.00 169.79 17 43 4
357 21.24 89.31 20.36 204.82 13 21 3
358 66.84 23.61 31.79 290.62 17 37 5
359 63.84 45.10 18.97 442.67 9 16 3
360 37.49 77.22 44.05 353.83 22 25 2
361 0.02 74.49 21.91 219.93 2 22 2
362 59.70 59.02 42.70 289.77 19 24 3
363 6.80 53.69 7.44 81.57 7 34 1
364 89.45 62.74 27.35 308.39 17 41 2
365 32.06 36.11 24.00 356.24 21 21 5
366 2.43 6.34 10.38 445.38 8 37 1
367 34.56 96.37 42.81 313.68 7 24 5
368 28.64 13.09 43.89 375.57 23 46 5
369 61.08 98.91 49.20 162.96 4 20 2
370 18.65 86.59 27.79 391.75 20 46 2
371 8.00 52.68 42.82 59.24 3 4 5
372 12.06 8.88 34.92 456.84 9 40 5
373 34.99 97.49 47.85 419.88 6 27 4
374 61.23 12.85 39.57 186.20 2 15 3
375 43.39 22.03 15.75 246.07 22 31 1
376 5.93 82.95 21.74 153.23 5 21 1
377 40.91 49.84 32.93 457.82 11 26 1
378 68.48 12.90 31.44 67.98 7 34 2
379 7.54 49.55 25.18 98.89 23 48 4
380 58.86 61.51 18.45 102.92 6 37 2
381 1.50 11.96 49.64 178.31 20 39 1
382 23.53 72.53 49.74 327.05 6 28 5
383 78.12 28.30 11.77 378.07 2 9 1
384 50.31 91.66 34.20 325.64 3 23 1
385 87.29 94.13 24.53 396.24 3 18 2
386 26.46 99.52 23.91 471.87 18 24 5
387 46.21 48.57 1.52 204.57 19 24 3
388 16.77 65.36 28.34 129.67 23 46 3
389 10.01 71.52 13.90 63.18 14 34 1
390 16.60 28.73 9.97 201.29 0 5 2
391 42.97 20.69 5.41 390.83 8 40 5
392 68.85 6.35 36.72 388.49 5 35 4
393 47.37 71.96 19.98 292.85 0 2 1
394 34.97 20.25 19.75 80.76 20 41 1
395 2.62 3.98 30.32 194.23 8 13 3
396 82.98 32.83 24.35 368.73 21 29 2
397 94.91 30.43 19.91 281.79 11 42 5
398 64.85 49.07 29.94 434.78 9 15 3
399 66.50 23.41 40.74 116.66 12 46 2
400 44.85 6.02 42.76 448.08 0 32 2
1 103.06 3869.31 1
2 147.33 4424.94 2
3 181.44 3370.04 3
4 103.48 3258.93 4
5 152.91 4210.40 5
6 120.25 4973.07 2
7 169.01 3588.04 3
1 1.61 28.33 7
2 1.11 42.60 6
3 1.36 39.14 5
4 1.52 47.61 5
5 1.93 44.99 3
6 1.02 39.17 4
7 1.60 30.47 4
8 1.27 48.43 5
9 1.63 26.88 7
10 1.88 35.13 3
11 1.05 33.59 4
12 1.77 32.96 5
13 1.22 48.08 5
14 1.34 43.62 3
15 1.90 33.28 5
16 1.29 45.00 2
