Data for Vehicle routing problem with drones - Author: Huyen Do Thi Ngoc
Number of depots: 1
Number of cities: 200
Number of trucks: 1
Number of drones: 10
Area: 100 100 50
Customer maximum demand: 500
Max capacity of truck: 200
Max energy of truck: 5000
Max capacity of drone: 2
Max energy of drone: 50
1 71.36 44.91 16.58
1 11.29 30.34 6.90 247.79 15 46 1
2 64.53 91.15 28.26 104.95 4 24 1
3 83.39 14.54 34.76 190.32 15 38 1
4 13.92 47.70 37.53 102.17 13 30 1
5 80.56 50.30 20.62 222.19 17 35 1
6 7.55 93.29 44.73 461.89 11 14 1
7 17.03 63.40 39.40 499.26 10 47 1
8 25.72 10.85 41.00 154.10 21 28 1
9 67.45 34.94 20.69 294.65 21 32 1
10 88.91 41.07 24.55 486.16 16 19 1
11 53.36 42.40 39.56 460.02 5 39 1
12 36.76 64.26 30.97 156.64 9 9 1
13 1.05 5.42 38.37 473.98 5 24 1
14 88.56 43.24 22.15 82.96 23 48 1
15 44.99 0.09 11.82 496.70 6 45 1
16 81.44 81.78 30.68 264.89 18 25 1
17 22.45 64.04 48.60 51.29 19 25 1
18 14.94 11.03 24.75 434.67 10 13 1
19 9.26 33.89 12.13 110.64 5 19 1
20 76.79 51.17 42.21 355.65 20 32 1
21 75.01 97.21 13.15 300.00 15 38 1
22 55.77 11.95 21.78 113.02 14 38 1
23 38.01 2.17 48.16 414.89 2 48 1
24 61.30 36.76 8.10 115.90 11 18 1
25 42.88 90.57 46.02 296.87 3 41 1
26 71.43 57.16 1.73 174.53 9 43 1
27 89.61 37.51 42.09 346.98 19 27 1
28 34.96 75.33 13.89 252.19 4 29 1
29 97.46 50.39 12.17 437.18 17 37 1
30 71.82 6.62 31.33 474.72 10 20 1
31 16.10 27.02 19.32 70.07 21 47 1
32 37.65 35.27 0.87 359.35 16 41 1
33 94.95 5.93 42.04 184.10 10 40 1
34 32.55 45.81 21.00 480.61 23 47 1
35 4.01 64.85 8.94 73.09 13 48 1
36 84.69 3.78 5.12 336.49 16 41 1
37 39.57 0.79 41.15 166.45 10 10 1
38 5.27 96.44 20.58 486.81 18 24 1
39 98.54 33.49 20.41 402.22 7 17 1
40 45.95 80.06 13.96 240.78 13 47 1
41 40.12 68.43 38.26 232.25 11 30 1
42 70.15 68.14 14.08 220.19 21 48 1
43 68.72 15.50 5.19 260.49 13 31 1
44 56.64 27.47 21.88 312.36 13 43 1
45 77.58 6.56 27.79 222.12 10 13 1
46 81.50 65.95 14.41 434.06 13 15 1
47 50.69 53.01 21.80 233.53 13 26 1
48 67.01 30.93 24.23 457.53 14 18 1
49 8.31 47.48 37.75 395.22 17 21 1
50 67.60 19.79 3.84 118.89 17 29 1
51 31.88 66.63 25.52 193.64 14 15 1
52 93.77 25.21 26.69 122.06 9 27 1
53 7.75 84.89 14.27 493.64 16 27 1
54 5.22 54.35 11.88 274.81 8 40 1
55 57.31 66.76 15.26 242.67 1 25 1
56 26.43 48.21 29.26 326.33 12 15 1
57 72.63 80.22 40.72 105.55 6 28 1
58 20.26 68.08 9.13 178.67 10 46 1
59 25.53 50.39 29.53 448.47 21 43 1
60 49.47 66.55 32.33 357.56 18 32 1
61 1.14 74.32 11.97 179.03 19 35 1
62 5.05 67.36 1.97 113.16 16 47 1
63 39.08 10.25 47.95 382.36 22 45 1
64 13.17 92.32 49.32 348.37 17 42 1
65 61.39 97.81 13.46 385.48 24 35 1
66 92.20 64.71 10.15 194.16 24 31 1
67 90.06 0.85 1.56 148.96 6 20 1
68 0.35 78.21 42.35 351.32 16 48 1
69 20.62 54.33 40.11 341.95 16 17 1
70 32.99 29.68 1.36 269.32 5 37 1
71 71.73 91.37 35.42 127.06 21 34 1
72 7.25 59.35 9.33 104.46 12 34 1
73 69.00 14.08 28.58 156.90 14 22 1
74 57.24 3.40 14.49 359.36 24 25 1
75 39.36 65.06 48.31 114.11 9 21 1
76 77.53 74.66 28.16 341.56 12 40 1
77 86.15 30.54 37.11 155.06 5 47 1
78 52.32 62.62 14.65 354.43 1 39 1
79 60.43 89.35 43.22 465.17 7 42 1
80 33.20 38.85 18.66 58.28 5 15 1
81 15.17 39.65 43.61 384.12 8 24 1
82 44.77 17.28 46.17 328.86 23 29 1
83 62.27 78.88 26.88 378.11 17 20 1
84 17.63 91.89 42.69 148.65 4 14 1
85 85.27 89.93 41.95 482.33 17 36 1
86 94.36 16.56 33.49 470.36 16 38 1
87 31.75 19.58 14.35 139.97 20 46 1
88 91.94 83.73 45.35 286.12 17 44 1
89 0.30 29.73 15.63 414.62 8 40 1
90 12.13 60.72 41.04 115.57 1 5 1
91 19.95 62.07 31.53 276.89 2 44 1
92 46.14 4.26 24.49 274.13 10 43 1
93 88.75 25.04 6.97 50.99 2 44 1
94 23.49 53.07 4.57 312.85 8 36 1
95 3.27 67.83 13.67 346.96 0 0 1
96 4.33 8.69 14.22 104.92 17 46 1
97 85.89 90.24 30.98 336.72 11 31 1
98 39.83 19.85 13.56 230.36 8 30 1
99 75.08 55.29 3.36 229.19 17 17 1
100 36.41 70.64 24.76 242.51 14 30 1
101 55.51 67.29 49.37 236.35 12 25 1
102 54.92 73.53 41.06 147.90 19 38 1
103 6.05 36.50 31.19 348.72 19 46 1
104 26.48 35.47 33.26 194.09 18 28 1
105 73.00 66.69 44.76 434.35 15 48 1
106 31.42 71.50 18.69 121.77 18 24 1
107 37.23 64.45 33.84 86.60 14 14 1
108 44.57 48.65 16.02 166.73 16 37 1
109 53.48 17.68 18.50 435.66 4 22 1
110 76.57 37.30 32.65 258.79 10 22 1
111 33.63 9.09 49.39 269.13 7 37 1
112 90.12 80.89 23.08 395.99 15 30 1
113 96.95 54.30 29.55 150.39 17 43 1
114 87.11 89.51 0.83 138.52 23 27 1
115 30.03 3.89 25.85 226.56 15 37 1
116 40.10 32.88 18.82 319.39 8 14 1
117 8.78 61.43 9.41 189.73 16 34 1
118 56.90 52.89 42.37 449.03 17 31 1
119 58.97 94.79 22.53 469.01 4 23 1
120 11.55 96.30 14.37 68.64 16 31 1
121 2.43 13.35 9.55 319.94 18 38 1
122 99.97 21.24 46.31 219.87 13 25 1
123 98.63 70.92 35.15 224.25 8 22 1
124 68.74 57.54 17.32 179.48 11 14 1
125 57.23 8.06 0.56 381.01 8 40 1
126 69.90 63.91 39.18 480.95 20 33 1
127 57.18 38.53 23.84 464.58 15 15 1
128 39.43 22.44 38.53 141.09 4 5 1
129 92.40 43.51 5.57 200.37 18 42 1
130 13.06 51.67 16.45 304.59 6 12 1
131 88.83 23.50 28.90 64.14 13 26 1
132 84.75 69.33 27.23 353.64 2 37 1
133 82.84 2.99 14.80 498.63 12 21 1
134 32.29 89.50 45.07 421.82 4 40 1
135 21.41 36.79 44.94 477.05 9 13 1
136 35.73 58.95 22.50 437.10 5 44 1
137 55.56 55.55 45.22 70.24 22 46 1
138 50.26 26.38 12.84 116.12 3 41 1
139 54.95 6.14 16.10 204.24 15 34 1
140 26.54 83.23 47.22 276.16 3 6 1
141 13.35 21.99 12.42 55.78 0 9 1
142 2.86 92.37 28.40 82.81 6 8 1
143 29.40 13.42 34.03 297.99 8 48 1
144 63.03 5.50 13.90 488.17 10 13 1
145 98.97 96.36 21.67 190.11 6 6 1
146 73.69 62.91 3.57 72.32 4 14 1
147 95.07 98.08 41.52 318.21 12 36 1
148 66.16 41.24 34.79 283.45 4 48 1
149 72.91 45.20 14.08 461.72 16 47 1
150 4.69 20.84 41.12 190.27 20 37 1
151 8.99 88.38 39.47 290.09 12 32 1
152 30.70 19.92 9.82 324.51 11 17 1
153 59.03 70.07 7.35 205.89 0 11 1
154 84.53 26.12 29.55 476.33 11 37 1
155 99.92 37.50 45.45 92.14 24 27 1
156 94.41 94.11 31.77 77.28 13 40 1
157 52.94 97.73 32.55 452.25 7 37 1
158 94.68 22.99 48.19 286.67 8 34 1
159 52.05 36.59 12.50 137.88 2 35 1
160 73.78 85.96 5.64 237.18 10 21 1
161 6.16 87.32 40.70 405.37 12 34 1
162 7.54 1.35 3.23 142.45 22 41 1
163 33.28 86.59 49.68 240.62 10 23 1
164 19.14 12.59 18.68 473.61 13 19 1
165 99.12 73.61 4.87 221.15 15 32 1
166 12.61 12.83 1.59 415.51 15 25 1
167 3.84 84.95 2.94 400.20 21 48 1
168 15.76 84.00 20.93 309.96 24 29 1
169 1.27 23.50 47.84 497.00 15 21 1
170 17.69 71.92 6.27 487.14 6 37 1
171 9.62 42.26 43.10 250.94 15 34 1
172 23.72 59.63 22.40 341.89 9 16 1
173 89.81 49.58 3.88 292.57 13 45 1
174 18.90 22.48 13.85 431.60 0 19 1
175 37.42 16.54 29.37 269.16 7 26 1
176 61.62 29.19 6.39 124.93 5 42 1
177 37.80 67.69 39.23 277.51 17 42 1
178 55.98 58.16 6.59 411.32 10 24 1
179 31.91 66.84 3.75 151.24 2 19 1
180 46.97 61.09 39.53 164.65 9 30 1
181 33.20 23.32 35.05 323.16 15 32 1
182 19.79 43.48 10.98 379.39 0 17 1
183 11.26 96.98 21.40 465.60 19 40 1
184 77.47 77.49 48.72 470.24 7 45 1
185 31.29 44.39 30.07 435.98 4 32 1
186 95.50 82.81 6.66 227.06 14 32 1
187 22.62 92.62 20.16 82.63 14 14 1
188 37.09 92.91 1.29 123.72 24 40 1
189 88.63 75.69 28.57 204.09 24 33 1
190 86.93 64.27 14.32 177.96 13 19 1
191 41.16 82.16 37.88 247.80 0 24 1
192 1.65 26.41 49.12 93.88 5 10 1
193 69.83 68.08 17.77 298.45 18 40 1
194 93.81 88.96 44.01 67.95 19 43 1
195 91.56 80.50 19.44 163.73 13 38 1
196 53.61 22.47 13.59 340.57 11 41 1
197 22.87 32.69 15.68 130.09 3 22 1
198 95.22 95.47 43.09 153.35 18 27 1
199 66.14 30.07 31.94 145.61 12 43 1
200 71.51 6.22 29.59 179.56 19 28 1
1 190.41 3364.26 1
1 1.35 35.76 1
2 1.35 30.93 1
3 1.65 35.66 1
4 1.07 32.03 1
5 1.39 31.77 1
6 1.40 38.58 1
7 1.98 29.28 1
8 1.21 46.00 1
9 1.25 40.01 1
10 1.92 38.56 1
