Data for Vehicle routing problem with drones - Author: Huyen Do Thi Ngoc
Number of depots: 4
Number of cities: 300
Number of trucks: 8
Number of drones: 12
Area: 100 100 50
Customer maximum demand: 500
Max capacity of truck: 200
Max energy of truck: 5000
Max capacity of drone: 2
Max energy of drone: 50
1 25.19 10.28 29.45
2 29.97 96.50 15.31
3 0.39 32.61 22.76
4 11.01 32.50 35.71
1 45.23 55.10 4.79 329.15 23 38 2
2 64.19 40.80 37.34 479.63 24 40 1
3 51.84 41.13 33.43 170.68 19 20 4
4 60.54 40.84 34.49 281.17 20 22 1
5 64.46 42.45 21.23 190.15 20 39 3
6 96.89 97.56 41.33 390.67 24 47 4
7 26.85 26.26 9.87 484.66 20 44 4
8 86.44 86.67 20.94 136.98 14 24 4
9 35.55 2.55 18.18 385.40 24 47 4
10 89.83 63.41 27.88 240.94 5 45 4
11 9.74 40.32 11.88 357.98 7 9 3
12 37.83 67.89 47.87 289.17 14 18 2
13 65.59 19.33 40.40 154.24 24 34 2
14 84.67 70.86 23.14 383.55 14 35 3
15 79.68 84.17 32.24 158.39 6 28 2
16 74.97 2.80 40.80 262.89 7 39 1
17 56.01 53.42 36.46 410.71 7 30 2
18 34.52 44.95 23.96 167.57 2 47 3
19 71.37 78.07 36.34 334.81 11 20 1
20 74.41 53.90 38.33 66.28 0 1 3
21 28.29 24.76 30.72 317.93 8 45 1
22 85.09 12.37 36.88 197.08 17 44 3
23 62.69 73.01 19.00 324.14 21 23 2
24 11.63 81.27 21.91 351.07 21 29 3
25 2.00 46.89 15.16 450.57 4 17 4
26 5.24 50.00 42.28 413.88 20 30 3
27 0.57 61.32 39.48 482.68 15 20 2
28 68.07 84.63 22.15 480.24 2 31 1
29 56.94 18.46 11.04 482.19 14 18 2
30 18.11 7.01 17.43 363.99 2 14 3
31 6.75 97.33 33.72 491.81 7 24 3
32 53.38 89.21 14.73 478.67 22 31 2
33 59.50 76.99 22.82 475.49 2 40 1
34 15.56 90.01 37.71 456.98 22 39 1
35 45.59 88.33 20.07 463.99 15 44 4
36 14.54 9.65 8.12 297.78 10 14 4
37 88.70 18.84 33.81 298.31 19 37 3
38 99.37 28.37 38.23 430.45 2 47 1
39 23.02 52.81 23.16 417.39 18 20 1
40 64.49 40.65 5.43 308.62 1 20 3
41 69.51 54.08 12.58 99.97 7 13 2
42 68.03 50.40 12.92 233.89 0 17 3
43 2.49 9.55 19.61 99.67 8 40 1
44 88.99 5.53 17.10 426.14 0 48 1
45 33.95 99.83 29.00 447.43 15 36 2
46 42.69 52.68 29.00 314.24 18 42 4
47 84.20 65.02 37.38 284.20 17 30 3
48 85.44 73.31 29.20 426.28 20 27 2
49 15.87 15.19 22.17 306.17 12 33 1
50 96.17 41.10 36.69 147.05 5 33 2
51 88.16 55.28 35.35 365.89 15 22 3
52 8.11 58.55 25.61 285.24 15 33 3
53 61.57 74.04 21.38 386.69 3 16 1
54 56.14 12.58 2.50 275.73 18 18 2
55 83.27 5.48 25.18 230.12 20 39 3
56 81.83 71.43 33.34 144.22 20 44 1
57 53.96 74.29 43.49 166.44 10 33 4
58 72.31 33.94 33.70 238.04 15 20 3
59 87.26 32.77 21.40 107.59 4 47 1
60 64.36 45.05 42.68 457.24 4 10 3
61 49.66 45.45 8.14 149.43 23 32 3
62 36.44 91.95 1.32 365.81 6 7 1
63 66.83 0.83 44.14 224.20 2 10 4
64 37.70 63.22 13.03 445.34 3 18 3
65 19.32 97.75 9.81 211.18 4 27 2
66 22.16 44.13 49.57 487.27 3 37 1
67 91.30 76.54 7.25 270.62 16 46 1
68 74.47 10.53 27.43 224.06 2 13 4
69 71.28 69.22 42.44 331.14 22 40 3
70 17.18 59.03 18.04 168.86 22 39 3
71 32.39 24.56 43.53 56.27 1 16 3
72 41.70 66.33 27.52 272.65 0 47 1
73 37.17 81.10 24.08 498.16 11 39 2
74 17.93 82.98 44.35 470.17 2 15 1
75 71.83 69.51 16.03 294.98 14 18 2
76 34.38 23.70 10.65 154.34 18 34 3
77 45.98 25.19 30.22 424.83 3 25 2
78 37.97 98.65 24.91 176.06 7 45 1
79 86.87 30.11 30.15 53.55 21 44 1
80 50.45 48.31 8.41 267.20 18 42 2
81 25.65 79.55 35.63 278.52 17 20 3
82 74.32 11.66 27.71 103.13 4 24 4
83 18.63 41.21 13.10 58.19 2 10 1
84 36.97 68.76 15.32 423.87 21 29 3
85 88.24 74.36 39.80 279.69 22 48 3
86 75.25 64.69 16.61 405.11 23 39 4
87 36.57 39.87 34.86 315.63 22 31 1
88 23.28 92.04 29.05 316.33 24 47 3
89 22.78 81.14 19.87 154.16 23 28 3
90 80.80 85.21 25.09 304.37 19 48 4
91 31.81 17.63 2.27 121.49 12 12 4
92 92.47 28.99 2.55 324.32 2 43 2
93 27.97 56.84 10.06 244.25 6 39 3
94 82.91 0.83 40.69 311.92 4 26 4
95 92.87 74.96 32.40 381.25 7 37 2
96 89.75 54.73 48.86 83.82 13 25 1
97 55.14 33.66 42.41 420.66 15 26 1
98 90.37 23.63 29.83 364.36 17 34 1
99 62.32 34.39 18.48 131.56 21 41 3
100 63.26 79.66 47.56 111.81 11 13 2
101 94.80 98.65 24.23 199.91 19 36 4
102 38.17 0.49 35.10 361.91 3 47 2
103 5.13 36.95 42.03 110.07 11 43 4
104 23.95 17.44 27.48 362.63 10 38 3
105 39.11 61.57 39.76 110.14 0 28 2
106 60.61 39.58 11.90 105.88 0 17 4
107 20.72 51.62 16.95 194.18 21 43 4
108 93.19 0.34 32.89 232.36 17 27 2
109 32.91 88.85 46.46 393.89 23 34 3
110 50.50 74.55 6.87 130.03 23 24 3
111 90.99 96.57 45.26 99.45 12 28 4
112 36.50 12.35 18.29 368.47 20 48 4
113 97.46 85.62 5.93 132.83 20 46 3
114 37.22 65.34 10.00 246.62 17 48 2
115 22.81 26.51 17.05 417.13 7 35 4
116 21.34 31.20 3.94 261.16 0 29 2
117 8.23 14.04 31.39 82.37 0 4 1
118 17.96 91.07 11.32 429.53 0 33 1
119 19.16 36.40 17.20 207.12 2 19 4
120 57.81 43.92 27.69 396.97 2 29 3
121 45.64 28.30 3.91 371.74 4 39 2
122 80.42 63.70 49.82 421.90 19 43 1
123 74.81 73.79 11.34 50.51 1 48 4
124 98.71 29.86 32.33 373.31 12 30 4
125 48.50 78.52 30.85 209.24 19 45 2
126 59.24 7.37 18.80 477.05 9 30 4
127 86.08 34.32 4.77 130.88 22 41 3
128 25.81 58.85 16.97 70.38 2 14 3
129 16.50 80.80 2.81 316.50 3 27 2
130 83.75 60.91 0.82 213.66 9 12 4
131 27.27 17.34 35.11 167.63 12 39 3
132 66.53 94.17 19.69 133.34 8 22 3
133 22.83 88.41 44.95 445.96 3 44 3
134 33.99 71.74 43.94 290.44 23 46 2
135 97.57 92.58 12.12 392.98 10 44 3
136 96.35 28.36 25.41 197.82 2 12 2
137 67.84 80.48 45.39 130.54 16 39 2
138 34.98 75.24 36.72 199.61 23 48 3
139 72.21 21.99 36.82 130.30 13 35 4
140 58.29 82.56 5.06 417.32 13 18 1
141 49.39 76.29 7.75 248.72 3 18 1
142 85.63 62.28 35.54 98.96 23 30 1
143 25.27 5.03 43.42 215.24 24 44 1
144 23.94 91.83 48.55 306.34 20 39 4
145 98.36 28.43 1.08 91.00 7 12 3
146 6.74 62.45 43.05 140.22 13 43 1
147 25.50 55.15 29.97 219.22 5 32 1
148 32.55 11.30 10.44 166.10 23 37 2
149 77.31 51.55 44.23 112.39 23 24 3
150 93.07 32.78 26.99 69.48 1 4 1
151 83.63 90.02 13.37 311.61 21 25 3
152 18.50 47.77 26.70 206.87 6 22 1
153 73.96 55.57 38.84 219.66 19 27 4
154 34.36 7.50 49.46 386.55 11 45 2
155 41.21 17.96 7.58 485.24 9 43 2
156 71.15 50.66 32.12 244.79 1 19 1
157 27.81 42.38 0.41 471.77 18 35 2
158 12.80 54.12 23.65 274.11 4 14 4
159 59.29 67.72 3.77 58.14 0 38 2
160 88.47 64.64 27.54 114.75 18 41 2
161 38.14 92.74 1.24 68.40 7 8 1
162 45.47 19.00 6.49 146.48 10 15 2
163 40.71 98.79 45.44 404.96 6 29 3
164 43.65 18.69 45.14 149.74 9 11 3
165 12.67 83.90 4.33 372.88 8 18 4
166 60.53 1.33 17.35 431.96 7 26 1
167 97.78 67.69 40.16 273.53 2 20 2
168 39.30 64.08 10.58 55.70 5 6 4
169 26.38 1.36 34.05 303.35 3 6 4
170 21.53 24.87 13.66 378.00 12 45 1
171 67.49 49.82 42.09 183.25 21 29 1
172 88.02 5.66 4.38 260.08 7 27 4
173 19.91 35.37 29.28 467.65 8 28 2
174 75.22 99.72 41.39 183.58 15 29 4
175 26.04 61.54 12.71 463.01 24 26 3
176 74.41 55.21 6.68 370.76 4 16 4
177 76.86 78.15 38.70 308.32 0 43 4
178 69.59 17.79 18.43 170.29 21 23 2
179 74.01 74.84 20.32 65.93 4 41 1
180 57.39 57.20 37.40 66.28 11 11 4
181 22.55 88.38 7.01 455.56 20 20 1
182 99.88 93.85 3.96 301.33 20 31 2
183 16.88 62.34 29.52 466.67 15 38 1
184 89.65 72.50 30.55 213.01 6 32 2
185 31.51 0.68 1.26 459.21 24 37 1
186 69.19 0.93 7.59 80.66 19 40 2
187 96.38 99.97 0.18 224.16 21 44 3
188 67.33 20.25 3.05 406.37 13 21 1
189 28.50 98.20 4.97 265.79 11 34 4
190 54.47 8.20 36.44 96.37 19 30 1
191 58.38 57.47 3.65 84.87 11 46 1
192 69.40 1.56 5.93 138.56 18 34 1
193 63.66 79.52 2.47 267.08 20 37 1
194 46.98 65.00 39.49 484.80 0 45 4
195 88.16 26.17 23.53 315.99 23 43 3
196 55.78 92.97 31.34 183.71 17 42 3
197 99.49 94.41 10.10 429.86 12 43 4
198 17.36 8.14 1.21 461.23 18 22 3
199 96.70 11.88 7.45 156.60 9 42 3
200 29.99 49.35 34.87 443.47 20 37 2
201 79.06 35.20 28.72 426.12 22 45 2
202 60.39 21.65 42.36 145.75 19 41 3
203 17.29 88.94 37.74 403.87 23 25 2
204 23.13 88.51 8.27 91.56 11 35 3
205 60.81 6.38 3.21 458.26 14 32 3
206 7.92 28.51 23.34 400.92 21 34 4
207 3.48 80.02 13.05 175.34 14 32 4
208 77.48 56.03 28.88 378.05 11 18 1
209 41.33 13.21 13.78 478.31 24 24 2
210 48.91 48.82 47.58 66.59 6 19 3
211 6.52 65.96 28.36 71.79 3 27 1
212 64.91 33.64 44.17 337.92 22 26 1
213 23.75 6.59 5.36 470.18 8 13 1
214 82.05 72.97 32.63 139.29 14 25 3
215 96.73 90.80 36.27 499.97 22 26 4
216 6.68 62.76 0.03 202.57 21 31 1
217 32.78 58.53 26.11 390.77 5 16 4
218 41.07 35.22 2.14 87.42 8 39 4
219 85.63 94.35 6.90 76.18 22 30 3
220 27.19 0.41 28.20 406.37 21 36 1
221 29.56 5.68 33.42 253.16 14 34 4
222 31.23 69.11 27.65 396.00 24 38 2
223 6.18 52.82 24.88 85.52 5 15 2
224 20.39 53.67 7.65 455.45 20 27 2
225 32.54 7.41 47.30 411.58 8 26 1
226 64.63 0.45 24.57 56.54 1 5 4
227 39.02 36.18 15.65 459.04 0 32 4
228 8.03 10.42 9.80 227.88 12 29 4
229 89.60 75.60 34.21 375.15 7 19 4
230 1.72 67.39 27.54 170.24 21 46 2
231 23.91 57.14 24.81 136.84 0 20 2
232 38.94 85.60 46.02 496.62 8 22 4
233 36.28 41.58 47.73 187.78 6 20 4
234 96.66 66.51 35.38 261.83 0 12 3
235 6.41 75.89 18.54 53.77 24 32 3
236 34.42 91.65 48.77 437.68 10 12 4
237 3.01 79.23 48.93 138.17 10 29 1
238 34.01 17.68 28.00 388.68 0 22 4
239 16.67 42.70 7.01 410.42 21 36 1
240 33.35 26.73 22.18 314.54 23 42 4
241 98.12 82.88 31.18 162.79 13 30 3
242 94.00 79.09 12.64 276.68 17 19 2
243 80.79 48.54 40.94 53.75 6 42 1
244 10.41 38.18 26.36 478.73 21 47 1
245 71.72 18.09 46.46 391.80 0 12 3
246 68.17 18.04 37.10 216.70 24 39 2
247 76.86 38.88 48.14 117.38 8 28 3
248 33.49 6.33 10.40 488.03 11 29 4
249 42.73 72.28 47.42 248.58 22 33 1
250 92.47 88.75 37.17 411.73 23 23 3
251 0.17 59.96 31.81 347.76 4 8 1
252 88.52 78.25 44.52 447.83 8 47 4
253 22.97 72.57 41.44 70.97 15 32 1
254 43.26 85.61 32.96 462.09 6 18 1
255 76.58 90.90 32.56 431.81 11 18 3
256 21.84 42.44 6.91 184.05 0 0 4
257 97.28 60.72 6.52 417.00 9 31 1
258 86.40 53.49 47.27 182.87 9 10 3
259 88.00 17.60 44.67 488.37 20 35 4
260 23.62 54.22 28.28 330.08 15 36 3
261 9.23 60.03 10.13 120.24 0 26 3
262 5.14 29.01 35.57 404.48 20 29 2
263 94.77 83.59 8.98 494.05 18 20 4
264 36.32 86.73 45.88 326.52 11 38 4
265 88.72 34.91 30.34 129.98 23 27 4
266 89.47 50.67 43.46 96.39 7 20 3
267 55.17 71.68 11.95 159.55 7 43 4
268 15.26 82.99 49.93 348.80 19 32 4
269 93.74 43.40 35.73 471.02 24 28 4
270 55.37 22.68 6.32 81.30 21 25 2
271 17.60 4.66 43.95 62.99 7 14 1
272 52.70 25.54 32.20 259.71 18 23 3
273 37.67 71.62 31.48 105.83 17 34 2
274 12.38 12.79 49.77 224.82 14 35 3
275 10.31 16.06 13.48 123.53 22 31 1
276 77.77 44.75 41.42 279.84 0 23 2
277 30.29 88.55 19.16 288.03 19 47 4
278 93.94 10.76 25.80 426.41 14 28 4
279 74.56 95.29 21.75 459.40 24 30 2
280 82.78 38.72 42.65 192.20 11 41 2
281 91.03 77.44 28.05 465.73 6 25 1
282 93.15 38.75 39.27 357.70 4 6 4
283 55.00 65.76 23.57 397.56 23 30 3
284 75.55 81.70 47.42 359.46 0 11 4
285 44.86 41.43 11.41 397.18 18 37 4
286 55.63 12.59 12.62 437.87 8 8 1
287 89.89 4.46 22.32 110.59 1 45 1
288 77.94 81.51 49.09 363.37 14 43 3
289 22.45 28.90 5.42 227.71 4 44 2
290 21.95 23.95 8.63 223.76 23 48 2
291 7.22 76.02 8.20 98.56 4 21 1
292 87.81 51.59 35.74 148.36 7 13 2
293 72.97 62.30 5.67 280.13 4 41 1
294 97.36 40.86 25.31 494.44 20 29 1
295 27.11 17.26 16.08 373.44 22 42 3
296 96.96 90.70 32.57 442.29 14 23 4
297 72.96 95.13 42.58 131.38 3 5 2
298 58.53 86.18 45.71 390.19 7 36 2
299 76.55 59.12 16.33 105.26 6 38 2
300 20.09 48.53 12.28 487.53 5 34 4
1 180.11 3145.18 1
2 175.96 4966.02 2
3 130.21 3540.41 3
4 100.93 3809.32 4
5 152.00 3337.43 2
6 169.33 3890.16 3
7 130.91 3019.98 3
8 154.20 3311.12 3
1 1.71 32.84 1
2 1.97 29.60 5
3 1.69 47.05 2
4 1.36 36.30 5
5 1.96 29.53 8
6 1.31 26.21 7
7 1.40 34.57 2
8 1.80 39.08 7
9 1.63 33.22 7
10 1.67 43.72 3
11 1.97 43.65 4
12 1.73 44.89 1
