Data for Vehicle routing problem with drones - Author: Huyen Do Thi Ngoc
Number of depots: 4
Number of cities: 200
Number of trucks: 7
Number of drones: 10
Area: 100 100 50
Customer maximum demand: 500
Max capacity of truck: 200
Max energy of truck: 5000
Max capacity of drone: 2
Max energy of drone: 50
1 29.91 53.77 47.65
2 6.82 84.79 12.20
3 62.84 23.92 19.28
4 73.81 28.85 28.46
1 11.36 59.61 49.74 483.93 1 13 4
2 47.14 73.51 47.44 141.30 12 26 2
3 88.84 7.06 4.80 197.75 12 14 3
4 44.85 75.13 10.90 69.20 4 33 2
5 6.71 19.81 14.43 200.51 10 35 1
6 65.28 99.79 24.94 293.45 11 35 4
7 10.20 18.85 36.90 72.22 18 40 4
8 75.05 14.31 3.14 340.30 8 39 2
9 39.16 65.06 19.35 176.22 19 35 1
10 37.39 49.38 34.64 340.66 20 28 4
11 84.32 37.77 42.64 353.51 7 45 1
12 9.01 35.30 3.36 486.65 21 34 1
13 15.24 41.44 12.24 53.50 17 17 2
14 23.63 90.33 7.13 184.71 24 25 3
15 0.88 23.01 46.45 81.89 24 45 2
16 42.18 75.40 7.77 50.89 4 25 1
17 24.47 0.14 45.52 463.04 3 30 2
18 71.12 86.02 26.04 333.26 19 34 2
19 30.66 12.55 4.30 495.04 19 31 2
20 57.36 78.22 8.19 135.77 14 19 3
21 20.09 34.35 25.49 377.70 1 34 2
22 31.27 14.71 42.70 257.74 13 22 4
23 74.09 1.12 12.22 118.72 11 42 4
24 34.76 72.63 37.35 128.53 21 27 3
25 82.60 23.48 1.14 151.51 17 48 4
26 60.85 20.86 40.47 344.75 9 44 1
27 62.42 58.16 17.20 97.89 4 48 4
28 44.69 91.72 37.33 175.65 19 26 4
29 79.12 50.90 30.24 415.50 17 20 4
30 12.70 75.30 41.69 381.45 24 39 2
31 12.59 93.54 43.83 95.52 5 10 1
32 25.49 12.54 37.64 293.52 2 18 2
33 86.92 55.88 9.75 462.07 7 35 3
34 55.37 19.41 5.55 397.68 8 47 2
35 31.35 67.70 47.11 267.60 15 37 4
36 68.19 98.61 41.84 423.70 0 13 1
37 26.56 84.76 32.50 466.42 4 30 3
38 37.54 31.99 26.85 200.49 20 35 4
39 32.25 30.19 7.79 78.72 12 32 4
40 45.70 57.53 26.07 133.86 12 25 2
41 15.40 45.81 45.02 480.17 12 18 1
42 10.44 90.88 32.12 419.55 18 41 4
43 59.38 80.04 1.23 380.50 10 37 2
44 35.45 85.80 21.21 340.77 6 46 3
45 22.84 88.11 36.75 453.49 22 47 2
46 90.98 55.17 29.21 81.81 5 34 3
47 41.33 84.01 10.99 431.56 12 13 3
48 61.12 48.07 41.57 149.97 21 48 4
49 5.70 2.31 3.74 494.54 13 24 2
50 10.63 24.69 27.64 389.05 20 39 3
51 63.63 51.52 30.02 401.45 7 33 4
52 88.11 50.38 8.91 299.33 24 28 3
53 43.09 83.27 0.76 433.41 10 13 4
54 12.10 64.68 27.88 95.97 2 13 4
55 79.68 0.54 34.96 368.80 14 25 2
56 33.98 90.73 24.92 327.51 17 34 4
57 76.59 73.45 46.03 194.28 19 46 2
58 52.09 72.47 36.40 134.65 2 21 1
59 51.95 37.35 25.14 395.07 8 26 2
60 13.04 35.24 7.48 60.38 11 31 3
61 2.78 11.10 38.01 341.07 24 45 4
62 55.84 68.43 41.31 253.63 21 24 2
63 56.45 36.74 5.65 401.17 13 35 1
64 11.87 41.80 21.78 442.07 8 31 4
65 2.97 39.40 1.65 136.36 10 17 2
66 31.65 85.75 24.15 206.60 14 36 1
67 70.89 29.17 27.65 423.04 9 15 4
68 22.46 99.36 38.66 406.47 3 16 4
69 28.99 69.13 6.91 247.99 17 17 2
70 24.99 6.89 12.69 243.00 9 32 4
71 53.44 50.99 12.02 499.28 17 18 1
72 10.88 74.27 33.40 89.71 12 31 3
73 13.65 83.46 25.56 266.65 24 42 2
74 74.15 79.07 22.67 66.45 17 18 3
75 82.20 94.52 26.12 435.84 6 7 3
76 85.86 55.78 30.80 166.95 10 40 3
77 48.33 41.10 42.64 156.79 9 18 2
78 55.52 8.27 23.04 343.41 0 24 2
79 15.61 86.69 23.49 269.11 5 39 3
80 27.15 20.89 36.50 354.08 16 23 1
81 70.90 82.65 40.21 274.67 13 43 1
82 38.32 14.03 48.03 108.40 11 24 3
83 21.90 47.88 27.48 319.41 16 44 3
84 59.63 96.61 16.63 107.51 6 33 2
85 14.01 26.39 17.10 371.59 8 13 2
86 56.98 70.38 8.59 306.19 17 22 3
87 23.30 86.93 47.73 407.91 11 39 1
88 65.21 11.61 2.67 480.16 17 42 2
89 49.30 43.33 5.43 453.80 0 6 3
90 5.82 76.65 37.50 79.41 24 32 4
91 91.81 67.14 19.79 256.60 10 29 2
92 32.20 10.55 34.83 409.91 15 46 1
93 90.00 88.99 13.60 431.65 11 15 4
94 5.90 2.66 17.19 116.25 19 48 1
95 56.92 53.84 29.23 468.99 7 46 2
96 49.26 72.18 17.66 326.28 8 17 4
97 20.97 9.44 31.94 387.93 17 21 1
98 77.04 65.04 4.46 398.60 11 44 1
99 45.55 61.22 32.50 415.99 10 45 1
100 16.22 55.18 10.82 493.72 23 43 4
101 44.53 30.08 26.25 381.68 8 11 3
102 75.05 15.54 19.03 355.35 3 3 4
103 42.69 23.60 14.09 398.24 11 38 1
104 64.63 47.99 33.91 95.62 17 44 3
105 14.37 94.32 17.91 129.25 1 41 2
106 52.44 80.08 48.30 137.86 15 29 4
107 24.60 29.97 28.41 261.41 5 30 3
108 48.06 25.04 12.86 481.12 2 35 4
109 57.48 6.18 34.94 96.04 18 18 4
110 2.53 33.31 47.84 464.67 21 22 1
111 11.18 83.37 6.50 492.79 12 29 4
112 27.31 86.94 22.52 299.58 11 17 3
113 18.84 30.54 16.85 56.04 15 38 3
114 49.10 14.45 45.02 61.99 0 48 4
115 93.88 67.96 37.35 439.64 0 5 3
116 4.08 80.59 17.49 366.52 8 22 2
117 38.67 88.71 7.42 242.18 4 27 2
118 16.71 28.14 26.10 236.32 16 19 4
119 58.84 85.76 23.31 182.49 24 40 1
120 47.16 58.16 31.22 134.55 19 20 4
121 61.08 68.08 1.82 355.63 17 46 2
122 32.48 24.30 13.02 302.84 23 26 4
123 82.89 38.21 40.94 144.10 15 19 4
124 44.25 74.52 24.57 453.34 0 18 2
125 47.60 76.09 15.28 288.13 1 20 4
126 50.24 59.78 3.54 356.63 12 38 1
127 81.84 48.02 30.51 123.47 8 39 3
128 22.99 61.26 9.47 252.08 17 17 1
129 84.75 17.23 24.03 331.12 11 40 1
130 44.00 60.03 19.49 153.25 14 35 3
131 72.12 44.87 6.62 140.31 1 28 3
132 6.34 59.09 43.93 68.07 8 39 3
133 62.25 59.60 23.28 448.22 8 42 2
134 71.89 41.12 49.36 264.26 22 38 4
135 15.01 2.92 12.34 314.71 22 24 1
136 88.55 12.36 37.05 160.76 5 27 4
137 57.61 59.51 14.69 390.04 20 44 3
138 21.54 64.11 19.80 359.01 5 35 2
139 12.28 41.22 15.97 226.02 15 42 1
140 88.17 3.20 18.04 221.79 16 43 3
141 88.16 16.81 33.33 143.10 12 25 3
142 15.11 1.66 21.19 223.23 11 41 4
143 6.45 66.35 21.83 143.06 7 22 3
144 31.18 17.99 30.01 121.55 23 25 4
145 93.93 80.63 4.80 329.04 16 46 1
146 92.70 31.14 36.75 434.57 16 40 1
147 23.79 14.30 40.28 216.66 10 13 3
148 19.25 67.54 24.19 177.08 3 24 1
149 48.59 72.26 3.02 176.49 2 36 3
150 82.76 84.91 44.99 376.40 9 43 1
151 25.20 65.35 7.15 133.63 5 25 2
152 23.30 32.03 23.11 227.06 16 39 2
153 68.60 95.63 39.34 205.51 15 37 2
154 86.57 4.88 9.85 276.67 14 41 3
155 51.08 40.81 41.39 101.54 12 20 4
156 72.21 61.77 10.60 374.03 19 30 4
157 53.05 72.49 5.39 380.22 2 37 4
158 28.68 72.95 44.77 163.72 5 42 3
159 67.91 53.71 7.09 90.87 22 43 2
160 99.97 67.03 19.94 381.35 2 5 3
161 3.21 79.60 22.79 418.39 10 19 1
162 25.41 4.31 4.62 409.00 3 29 3
163 43.35 45.48 19.43 205.37 9 14 3
164 34.97 59.77 4.91 52.57 12 44 4
165 18.68 12.02 11.26 247.50 23 42 3
166 27.76 59.96 5.70 181.68 14 39 3
167 36.99 59.44 2.78 247.84 0 22 1
168 35.25 90.47 25.30 326.68 18 25 2
169 27.27 88.80 38.31 345.05 3 48 1
170 61.09 64.25 49.03 64.31 19 22 1
171 81.40 76.08 32.54 298.36 13 34 3
172 55.13 33.96 28.81 124.27 3 8 1
173 0.08 11.93 23.37 388.13 19 26 3
174 24.07 84.91 0.89 498.22 5 11 1
175 65.28 79.32 30.24 483.36 23 31 1
176 93.60 58.39 45.80 254.38 12 15 3
177 0.58 98.11 2.71 193.18 1 18 1
178 78.18 90.32 37.14 366.01 14 21 1
179 61.50 85.86 16.99 220.54 4 12 1
180 6.55 22.31 43.17 472.63 21 42 2
181 81.68 42.08 16.74 433.69 10 39 4
182 96.18 50.69 19.39 229.77 16 31 3
183 21.83 75.31 44.28 150.94 5 6 1
184 97.21 87.15 39.13 96.62 16 34 1
185 2.43 13.17 42.43 67.91 0 21 4
186 37.51 3.43 42.98 270.63 5 13 4
187 93.54 99.94 41.91 149.56 12 28 4
188 90.40 28.30 41.34 150.64 23 26 2
189 81.06 11.39 25.37 134.45 14 26 1
190 58.19 96.82 43.50 319.86 6 42 3
191 45.69 57.59 15.54 249.71 18 34 3
192 12.61 13.59 48.28 469.41 0 12 2
193 99.41 50.73 25.81 496.18 1 27 3
194 86.27 38.26 40.38 261.41 13 22 3
195 62.45 3.29 0.70 193.34 5 15 4
196 94.06 69.49 6.53 250.66 17 41 3
197 10.17 9.14 35.89 268.42 6 17 4
198 49.92 22.18 20.47 342.66 10 32 2
199 86.81 12.89 12.83 136.77 4 42 1
200 92.42 4.71 34.98 167.56 20 37 1
1 180.56 4835.04 1
2 168.04 3709.58 2
3 192.69 4922.05 3
4 156.61 2996.27 4
5 178.23 3453.11 2
6 174.18 3419.63 4
7 154.53 4022.51 4
1 1.78 43.36 3
2 1.48 25.86 2
3 1.48 38.35 3
4 1.97 33.11 1
5 1.58 46.80 7
6 1.85 36.30 4
7 1.92 33.19 7
8 1.78 48.44 5
9 1.53 31.71 6
10 1.95 25.53 6
