Data for Vehicle routing problem with drones - Author: Huyen Do Thi Ngoc
Number of depots: 3
Number of cities: 400
Number of trucks: 8
Number of drones: 8
Area: 100 100 50
Customer maximum demand: 500
Max capacity of truck: 200
Max energy of truck: 5000
Max capacity of drone: 2
Max energy of drone: 50
1 45.11 47.46 47.61
2 57.67 85.38 21.87
3 66.79 18.39 15.24
1 5.94 9.62 46.05 469.15 13 39 3
2 73.37 5.24 36.46 459.65 16 20 3
3 56.40 92.14 28.33 341.22 6 39 3
4 13.38 32.91 45.82 150.80 23 46 1
5 35.61 57.33 36.10 153.04 7 10 1
6 72.13 94.24 13.76 71.57 6 24 3
7 1.97 39.11 30.07 268.90 3 32 2
8 31.40 40.08 49.81 338.31 18 19 2
9 38.96 37.17 44.51 419.68 11 46 1
10 64.59 60.21 18.60 385.81 10 20 2
11 48.65 26.06 5.55 210.73 4 45 3
12 93.73 60.25 25.54 426.31 21 39 1
13 5.35 23.33 38.74 383.37 16 41 2
14 7.20 11.91 8.17 442.40 22 39 1
15 74.31 23.99 23.96 285.86 20 24 1
16 63.65 36.38 41.11 103.61 22 22 3
17 56.33 41.12 15.92 117.79 19 23 2
18 3.93 92.49 41.43 362.24 23 26 2
19 78.01 2.62 20.21 155.55 12 37 2
20 9.86 57.51 27.70 328.94 13 36 3
21 70.10 50.03 35.58 496.43 15 24 2
22 98.25 66.37 13.28 273.48 14 29 1
23 82.78 29.21 22.39 327.42 16 20 3
24 32.59 26.58 35.90 259.92 23 42 3
25 11.19 49.39 27.27 321.80 3 29 1
26 38.07 92.72 21.16 285.31 13 43 1
27 84.93 62.33 26.47 50.13 0 39 3
28 52.74 0.85 48.12 345.25 10 20 2
29 50.21 98.96 12.47 180.08 0 20 1
30 7.93 84.87 47.18 194.81 20 42 1
31 63.80 94.24 23.26 135.20 9 12 3
32 34.79 16.70 7.33 223.52 18 28 1
33 77.64 60.60 4.23 401.95 18 25 2
34 82.64 62.24 8.81 55.46 13 25 1
35 0.75 46.78 33.76 292.15 9 12 3
36 28.18 31.99 46.92 170.42 1 42 3
37 40.24 64.30 39.34 480.31 11 31 1
38 25.16 64.16 27.36 295.00 14 27 3
39 43.07 67.56 37.90 368.92 8 18 2
40 10.91 70.14 41.08 229.87 17 24 3
41 68.09 8.64 26.37 417.63 11 30 1
42 31.66 42.79 43.05 429.61 9 23 1
43 24.38 77.13 21.06 312.54 9 28 3
44 86.80 69.80 15.64 465.47 2 4 3
45 86.18 51.52 33.91 378.65 24 24 2
46 67.37 10.66 20.41 282.65 12 12 1
47 95.24 47.78 2.09 244.77 12 37 1
48 12.99 53.68 19.18 335.96 11 42 3
49 63.47 35.12 26.16 453.38 7 25 3
50 11.25 43.20 42.97 256.29 2 3 1
51 12.22 76.84 28.44 169.48 10 48 1
52 62.45 6.65 14.31 318.61 9 15 1
53 39.70 76.94 1.17 327.48 9 31 1
54 7.19 74.12 40.96 229.47 11 23 1
55 99.65 43.85 39.43 482.96 20 37 2
56 77.58 14.90 48.19 490.36 17 44 2
57 17.78 94.69 17.73 402.95 5 41 2
58 17.34 96.68 12.63 51.05 19 47 3
59 99.26 78.13 33.98 245.63 9 34 1
60 78.48 87.40 13.15 168.46 5 17 1
61 73.66 83.60 27.37 284.37 8 31 1
62 50.49 78.43 5.18 289.18 2 22 3
63 89.86 53.06 10.38 366.69 14 43 3
64 36.06 1.32 21.97 324.12 18 25 1
65 74.93 94.90 47.42 181.94 11 24 1
66 58.27 10.91 27.20 497.82 15 36 1
67 51.66 7.75 30.55 452.44 7 14 2
68 91.10 3.25 13.69 191.90 15 18 2
69 85.15 22.48 10.34 88.09 7 30 3
70 39.70 86.70 32.87 149.39 9 39 1
71 4.04 2.94 41.58 186.49 16 35 3
72 96.89 46.21 41.47 191.36 5 22 2
73 80.31 97.70 49.99 444.99 9 41 2
74 16.76 44.35 14.72 318.33 14 42 2
75 94.96 16.98 40.45 229.12 20 25 1
76 47.02 76.50 33.80 421.83 4 17 2
77 84.14 28.78 49.68 148.40 23 31 2
78 42.84 55.75 43.19 176.05 19 43 2
79 3.69 59.19 3.82 159.75 7 27 1
80 84.47 95.95 15.35 76.63 6 8 1
81 40.75 83.21 43.58 248.59 6 32 1
82 99.80 51.98 39.70 163.36 8 37 2
83 36.04 7.90 20.84 415.82 12 48 2
84 5.29 21.29 25.00 144.35 22 31 3
85 86.47 48.99 14.51 198.10 18 23 3
86 60.89 92.06 9.25 384.37 19 26 3
87 15.31 78.73 5.38 269.99 23 42 3
88 19.06 26.91 6.69 267.21 11 42 3
89 94.63 99.67 23.89 75.60 5 35 3
90 52.52 22.36 8.05 245.22 20 32 1
91 48.34 95.51 17.76 462.45 13 29 3
92 0.29 35.87 7.71 475.10 2 46 2
93 98.29 91.39 3.37 307.88 21 25 1
94 38.62 4.78 8.04 200.04 2 21 2
95 46.84 84.57 38.55 311.53 16 39 2
96 99.43 79.81 35.86 371.99 7 7 3
97 0.93 11.31 12.81 160.45 21 41 3
98 19.25 64.00 44.74 465.59 8 21 2
99 83.15 43.32 13.60 390.03 18 37 2
100 77.30 87.61 3.43 406.59 8 18 1
101 66.19 51.77 25.96 313.92 12 28 1
102 96.47 50.02 46.89 157.62 11 46 2
103 28.65 35.38 3.17 484.70 12 31 2
104 87.47 85.88 44.55 305.06 3 41 3
105 17.96 6.59 40.10 486.04 6 27 2
106 0.87 0.54 35.12 50.29 15 33 2
107 10.53 12.99 13.76 447.60 23 47 1
108 27.75 39.77 6.63 297.36 21 44 1
109 80.40 36.41 6.79 53.17 6 13 2
110 64.91 22.85 36.85 252.99 6 39 1
111 6.53 15.37 1.47 136.01 20 33 1
112 71.97 39.30 35.82 429.81 13 13 1
113 25.07 22.98 11.30 235.11 13 42 2
114 59.44 47.11 19.82 445.27 12 45 1
115 48.34 47.56 22.40 69.03 0 22 3
116 42.60 99.92 34.26 184.35 21 21 1
117 42.43 95.72 30.17 477.32 18 46 2
118 47.68 80.53 41.16 329.80 2 46 2
119 68.23 94.58 6.95 451.84 6 13 1
120 27.11 92.90 25.09 368.30 23 26 3
121 94.91 88.36 21.47 462.27 5 41 3
122 95.85 26.49 49.29 176.70 4 19 3
123 2.95 1.77 45.96 102.79 6 9 1
124 35.91 78.04 20.86 244.19 23 45 1
125 39.69 16.68 28.69 198.02 19 29 1
126 45.85 41.78 41.44 244.15 17 33 2
127 75.50 11.39 3.79 491.79 12 34 2
128 76.22 34.06 19.58 103.61 24 40 3
129 90.00 10.43 42.49 284.38 11 35 3
130 52.95 31.15 18.12 435.04 23 24 1
131 11.79 25.75 5.01 331.05 24 48 1
132 98.10 37.01 21.19 278.69 1 1 3
133 71.73 26.53 46.31 95.22 6 27 1
134 84.29 57.82 15.74 98.29 12 39 2
135 8.05 73.43 25.66 382.64 4 26 1
136 76.20 78.76 38.90 106.52 22 38 2
137 55.27 34.90 26.80 191.51 0 8 2
138 51.90 77.54 43.33 320.81 11 15 2
139 19.24 17.94 26.44 341.81 9 37 3
140 50.59 12.88 35.50 329.73 17 30 3
141 6.59 85.47 1.79 158.94 7 31 2
142 35.78 30.58 34.40 472.75 6 44 1
143 3.96 64.84 2.16 134.07 19 45 2
144 34.47 38.88 9.09 476.10 12 23 2
145 36.06 8.99 13.04 356.19 17 28 3
146 66.25 20.47 26.41 82.65 24 48 3
147 79.25 3.07 47.44 266.73 23 34 1
148 3.28 58.40 43.20 151.20 24 41 3
149 16.95 53.00 46.70 186.53 20 27 1
150 74.39 39.79 40.11 378.11 7 30 1
151 79.63 98.24 39.38 200.64 0 16 1
152 24.32 83.75 30.99 489.43 19 45 1
153 35.52 1.42 7.84 470.52 5 20 2
154 48.60 45.74 13.39 402.56 5 35 2
155 44.70 83.64 19.39 53.79 15 30 2
156 99.23 81.70 24.20 379.62 19 19 1
157 51.40 16.94 36.21 157.34 2 40 2
158 76.17 18.63 34.72 370.72 21 24 1
159 18.47 64.31 24.35 301.27 22 22 1
160 84.54 55.11 33.15 72.88 0 47 1
161 83.99 51.56 49.61 461.86 1 41 1
162 24.50 36.43 36.33 376.70 20 39 2
163 23.90 55.89 17.49 338.63 19 38 1
164 55.98 51.30 40.63 160.50 14 33 1
165 36.63 0.58 6.15 64.13 18 47 1
166 42.06 51.06 11.89 352.51 10 42 1
167 87.78 6.60 38.99 233.57 6 39 2
168 6.47 31.09 15.26 355.96 19 24 1
169 12.85 1.89 16.18 247.31 17 32 3
170 42.76 9.32 35.69 278.22 18 48 3
171 78.57 35.15 5.19 266.34 14 36 2
172 64.05 99.62 22.45 475.84 19 32 3
173 40.52 48.03 4.13 54.60 21 39 2
174 80.20 59.32 35.90 151.69 20 38 1
175 22.93 87.49 30.79 273.86 15 22 1
176 86.55 47.29 37.29 296.85 20 48 1
177 2.34 1.94 37.37 344.45 18 29 3
178 65.37 13.06 43.29 447.45 1 16 3
179 41.99 22.48 36.48 203.56 4 32 3
180 56.23 40.26 32.24 426.55 13 45 2
181 81.06 4.75 42.96 144.73 3 38 2
182 42.23 18.26 12.50 98.72 12 47 3
183 7.31 80.70 47.83 237.38 20 22 3
184 64.62 2.69 14.84 133.24 20 35 3
185 26.32 54.66 9.15 339.02 3 28 3
186 29.32 59.96 25.22 300.28 11 46 2
187 81.78 67.04 25.68 406.74 19 36 2
188 29.10 75.43 38.69 359.43 6 31 1
189 3.64 9.37 20.34 380.54 4 45 1
190 24.62 77.68 18.47 466.32 13 19 2
191 19.01 64.36 47.05 349.34 11 42 2
192 53.93 82.05 28.62 255.63 1 14 3
193 2.52 7.81 44.11 105.18 23 37 1
194 12.63 46.29 33.57 447.90 4 20 3
195 35.82 80.68 13.00 344.91 15 33 1
196 52.74 91.71 37.70 135.45 9 20 2
197 4.94 58.80 32.34 432.93 12 39 3
198 42.81 8.22 34.48 389.51 19 29 1
199 54.88 51.82 10.93 383.61 2 3 1
200 55.57 46.33 25.39 125.45 21 25 1
201 82.45 28.93 23.56 77.72 5 7 1
202 92.59 67.90 10.66 94.41 17 24 2
203 25.62 15.36 49.22 223.15 6 26 1
204 67.11 48.48 2.12 309.64 14 17 3
205 90.76 57.01 39.90 403.74 18 27 2
206 42.94 59.85 45.66 322.82 18 45 1
207 79.64 41.23 27.67 353.04 12 25 3
208 91.97 28.73 45.64 370.29 20 27 3
209 87.89 52.50 21.72 407.49 19 25 2
210 99.47 33.21 8.40 386.41 20 46 3
211 61.54 2.70 4.54 397.45 23 39 2
212 86.83 25.04 37.01 164.63 10 11 1
213 16.23 34.16 12.96 217.23 13 24 1
214 22.44 91.22 22.00 480.66 12 20 3
215 80.50 61.21 5.28 400.38 22 37 3
216 47.24 45.80 30.75 276.62 13 16 3
217 32.49 44.10 42.34 419.03 20 37 2
218 37.91 78.84 33.58 417.86 0 29 2
219 36.47 50.86 1.99 64.52 17 48 2
220 93.73 65.66 23.84 285.05 8 12 1
221 23.35 74.84 28.30 190.71 0 39 2
222 70.34 48.67 23.71 432.37 20 37 1
223 78.16 75.54 40.45 150.15 2 3 3
224 27.20 2.52 44.94 183.80 17 33 1
225 83.53 36.91 12.20 149.00 20 43 1
226 10.56 24.93 42.29 152.53 0 6 2
227 22.78 12.59 24.68 372.83 24 38 2
228 84.61 0.83 44.63 441.20 5 44 3
229 93.80 25.09 20.44 339.67 17 44 1
230 78.70 49.11 16.89 392.08 4 26 3
231 8.58 45.93 29.56 396.41 11 47 3
232 55.01 3.46 10.44 415.89 1 8 1
233 86.34 22.80 3.75 339.87 1 8 2
234 70.61 79.22 43.09 492.96 13 31 3
235 42.21 17.71 17.37 220.86 14 44 1
236 5.19 82.55 2.32 446.18 23 47 3
237 34.97 90.12 37.36 233.55 23 39 3
238 56.29 23.78 17.37 210.70 8 10 2
239 93.79 59.71 13.44 237.95 9 17 2
240 60.05 33.87 11.70 489.63 14 39 1
241 60.67 13.40 10.75 384.83 17 33 3
242 94.60 52.57 46.61 193.72 4 43 1
243 43.82 58.06 36.51 137.30 11 12 2
244 8.90 75.72 29.04 188.77 4 7 3
245 69.47 9.05 20.64 439.88 21 32 3
246 79.31 71.22 38.96 323.48 10 15 2
247 30.46 41.38 22.36 188.96 12 30 3
248 3.09 51.77 22.18 435.31 11 42 3
249 88.22 60.05 36.17 194.53 10 16 2
250 2.47 47.45 2.54 370.14 13 47 2
251 48.52 12.62 36.42 135.08 17 42 1
252 19.73 37.76 45.31 164.93 1 33 2
253 2.61 16.49 0.09 195.13 9 45 1
254 92.33 49.38 3.11 336.98 14 30 3
255 69.38 12.93 18.29 51.54 1 39 1
256 87.16 10.60 10.90 63.13 16 32 2
257 50.89 33.80 27.69 377.81 0 47 3
258 67.72 47.09 40.59 362.57 6 45 3
259 1.10 9.19 30.61 397.30 22 32 3
260 35.49 66.15 3.66 161.90 12 37 3
261 89.94 50.50 40.53 71.80 11 11 2
262 82.85 75.73 2.49 188.36 9 27 1
263 14.61 46.92 36.54 106.74 23 45 3
264 72.70 40.19 26.51 317.02 0 37 2
265 74.69 11.41 42.01 279.78 17 29 3
266 98.70 42.55 37.71 279.92 7 8 1
267 1.01 67.18 46.26 224.49 9 11 3
268 1.41 77.15 5.56 353.73 22 29 2
269 17.62 61.79 4.70 155.60 19 39 3
270 48.97 6.41 19.23 135.80 2 17 1
271 43.83 44.00 41.70 330.81 9 33 3
272 94.18 67.02 30.29 214.68 2 41 3
273 31.40 51.74 40.52 116.41 13 18 1
274 29.26 62.44 24.07 225.48 24 35 2
275 41.03 74.65 2.10 277.09 19 26 3
276 2.92 11.75 27.94 283.68 1 3 1
277 88.96 66.99 47.96 181.53 4 17 1
278 59.87 85.03 1.29 349.61 5 47 2
279 51.38 0.76 32.59 242.14 21 35 2
280 77.64 15.38 39.84 282.78 15 21 1
281 45.70 23.80 30.98 189.26 1 3 2
282 54.88 81.91 21.75 324.17 16 47 3
283 43.64 52.87 18.72 224.31 2 44 3
284 53.87 72.50 43.58 106.25 14 33 2
285 35.61 5.90 3.55 411.76 20 46 2
286 95.76 78.02 35.18 67.74 14 42 1
287 51.25 78.87 14.23 437.84 3 47 3
288 51.49 71.78 36.58 487.13 7 40 1
289 27.57 94.51 4.55 399.38 8 20 1
290 19.47 90.06 17.67 168.34 9 36 3
291 18.41 92.16 19.65 409.82 18 45 1
292 53.73 37.07 0.00 469.15 10 21 2
293 18.58 73.13 33.37 424.85 24 29 3
294 44.89 67.49 8.02 75.38 18 34 3
295 6.22 19.88 12.15 499.77 23 47 1
296 50.41 69.47 39.42 421.56 5 23 3
297 98.99 13.47 7.43 443.71 7 41 2
298 12.24 76.26 22.49 78.20 12 14 2
299 26.48 95.25 47.34 92.39 9 21 3
300 8.15 62.86 45.49 110.30 1 16 1
301 20.44 11.25 21.47 221.89 2 37 3
302 31.71 8.59 32.58 76.28 5 18 3
303 49.56 69.25 29.92 400.02 24 44 2
304 68.77 96.43 41.72 229.47 18 35 2
305 86.94 56.28 35.62 91.34 3 48 2
306 1.35 0.82 3.93 489.12 6 34 3
307 15.98 91.85 48.45 286.44 3 22 3
308 25.59 97.29 10.43 402.22 17 45 1
309 11.59 9.10 6.48 120.45 16 47 1
310 20.17 39.13 46.42 94.92 3 6 2
311 77.38 57.58 25.66 354.16 15 25 1
312 48.17 69.25 7.03 438.82 4 22 2
313 46.60 3.97 39.41 88.21 4 16 2
314 69.11 6.65 31.66 446.07 0 41 3
315 78.97 44.75 44.62 478.13 5 41 3
316 80.42 29.93 33.57 72.67 2 4 1
317 35.55 78.39 12.99 412.77 18 37 3
318 16.65 77.53 40.49 411.47 11 16 3
319 21.58 58.15 12.28 293.48 4 10 2
320 44.89 61.45 11.32 406.72 18 19 2
321 38.13 76.38 28.84 207.73 20 37 1
322 10.74 26.09 14.21 479.78 10 43 2
323 79.29 59.35 18.56 446.18 22 44 2
324 11.48 55.53 21.57 389.04 21 29 3
325 75.09 0.81 12.01 102.15 16 37 2
326 1.18 11.49 42.27 364.31 17 19 3
327 74.34 84.79 20.82 482.18 12 43 2
328 11.70 72.01 21.47 400.91 6 20 3
329 53.37 12.46 36.19 54.30 9 30 3
330 88.41 68.94 2.53 189.89 5 38 3
331 48.29 86.31 11.89 148.13 10 12 2
332 15.90 27.56 11.91 196.05 17 27 3
333 80.34 44.66 47.62 406.49 6 31 3
334 12.03 18.05 28.82 109.53 2 32 3
335 19.14 9.24 18.92 437.47 13 37 2
336 73.57 60.73 23.16 314.11 1 37 3
337 89.41 64.03 27.33 151.34 16 22 3
338 37.76 29.12 48.88 485.10 18 18 2
339 22.18 0.23 28.21 124.82 5 18 3
340 7.14 36.32 11.06 435.16 16 24 3
341 85.08 37.79 29.14 335.18 5 44 3
342 2.89 31.90 7.70 427.86 3 44 2
343 87.76 93.67 28.92 449.68 2 10 1
344 27.54 25.01 22.01 183.97 13 21 1
345 38.76 3.45 32.22 344.57 14 46 2
346 40.94 34.60 34.61 303.33 19 31 1
347 78.89 73.72 31.73 189.34 7 42 1
348 24.00 43.62 13.11 390.40 19 30 1
349 82.09 49.34 49.32 398.92 1 5 1
350 7.99 39.99 47.17 362.31 22 48 1
351 52.60 0.98 26.81 406.17 6 46 1
352 9.82 60.79 24.86 143.33 10 42 2
353 90.09 92.78 31.69 490.78 10 17 1
354 32.00 3.19 33.12 271.97 5 46 3
355 51.26 22.26 11.15 323.41 2 5 2
356 73.54 11.57 19.66 356.99 21 38 2
357 9.67 30.73 7.53 168.18 7 16 3
358 29.62 28.70 34.23 370.03 20 37 1
359 34.52 37.22 31.14 384.58 4 42 2
360 24.61 34.98 14.74 109.47 14 22 1
361 26.00 44.93 11.73 431.64 19 46 1
362 58.81 26.84 28.26 348.11 5 44 2
363 4.79 81.96 3.69 266.02 7 46 3
364 18.48 98.48 40.05 387.76 15 20 1
365 90.00 14.22 46.81 401.89 23 32 2
366 31.39 83.79 28.86 307.51 22 31 1
367 83.36 51.97 17.07 450.82 14 18 3
368 34.10 78.71 27.89 117.24 5 30 1
369 89.99 95.53 27.49 211.85 10 34 1
370 13.13 33.45 2.46 151.38 21 32 3
371 7.15 24.10 36.37 100.24 22 23 3
372 95.15 64.23 28.79 288.10 6 29 1
373 99.92 85.72 40.09 398.40 2 16 2
374 47.35 17.58 45.62 463.22 19 37 2
375 59.11 49.34 30.08 108.27 19 36 1
376 52.32 71.40 45.89 439.16 6 30 1
377 55.85 43.50 42.50 188.92 2 48 3
378 95.10 13.03 17.21 387.76 20 43 1
379 87.19 34.62 24.94 82.17 3 20 1
380 35.10 53.97 44.81 324.57 23 29 3
381 92.67 89.91 3.61 330.33 10 33 2
382 61.99 72.42 36.16 422.52 2 27 1
383 78.26 31.13 45.10 97.42 23 36 2
384 44.77 45.52 38.31 314.12 21 27 1
385 16.53 5.08 5.41 455.73 8 13 3
386 80.61 40.23 28.66 479.37 19 44 3
387 95.24 78.81 15.10 364.17 11 17 3
388 16.90 4.54 19.71 377.31 14 28 3
389 7.30 97.37 24.37 265.40 20 47 1
390 2.24 10.02 39.66 368.20 19 23 1
391 86.36 41.78 37.11 471.63 15 42 3
392 33.65 89.56 40.60 147.21 14 28 3
393 73.70 58.69 36.54 430.90 5 29 2
394 86.95 69.18 9.52 292.91 20 39 2
395 78.06 5.17 11.46 269.53 24 39 2
396 93.88 95.72 34.37 55.49 17 45 1
397 72.54 88.27 2.22 467.85 3 47 3
398 2.43 85.40 1.07 354.69 19 19 2
399 98.68 20.61 1.68 289.20 3 19 2
400 74.71 8.51 1.59 144.90 18 31 1
1 107.42 2630.46 1
2 117.82 3716.70 2
3 180.29 3442.54 3
4 103.14 4827.62 1
5 172.88 3500.32 1
6 195.25 2670.91 2
7 164.42 3959.18 2
8 175.19 3095.26 1
1 1.57 41.45 8
2 1.62 27.40 2
3 1.07 41.10 6
4 1.53 44.76 7
5 1.56 29.66 7
6 1.63 32.71 8
7 1.97 31.65 5
8 1.73 41.41 2
