Data for Vehicle routing problem with drones - Author: Huyen Do Thi Ngoc
Number of depots: 5
Number of cities: 500
Number of trucks: 10
Number of drones: 13
Area: 100 100 50
Customer maximum demand: 500
Max capacity of truck: 200
Max energy of truck: 5000
Max capacity of drone: 2
Max energy of drone: 50
1 70.75 21.08 30.41
2 40.97 94.67 26.95
3 57.74 92.18 46.12
4 63.15 8.11 49.53
5 95.45 30.65 7.50
1 19.43 59.38 31.77 105.38 11 28 1
2 40.84 76.56 34.38 242.94 22 28 1
3 17.20 78.07 6.96 273.88 14 34 3
4 58.00 73.74 48.63 60.80 8 18 3
5 71.63 57.38 47.81 140.30 19 25 4
6 64.10 71.93 3.99 338.25 16 35 4
7 0.72 13.29 43.43 259.51 22 29 2
8 8.44 84.26 37.90 107.85 22 34 5
9 44.19 18.98 35.22 165.43 8 47 5
10 92.07 20.36 31.10 487.58 2 46 2
11 84.74 20.13 34.44 336.86 4 36 3
12 91.25 83.70 32.78 493.84 6 44 2
13 41.98 29.51 42.82 70.11 5 47 1
14 95.70 81.64 47.56 385.25 5 25 2
15 39.09 72.97 28.14 164.51 17 47 3
16 25.80 37.28 21.91 252.01 20 20 2
17 1.49 38.17 5.59 102.92 0 27 2
18 4.44 15.73 28.14 142.91 16 38 4
19 43.24 7.61 44.85 370.42 7 20 5
20 14.68 19.67 0.14 399.38 14 16 3
21 44.85 92.09 44.40 235.89 22 22 1
22 78.62 52.02 35.48 139.94 10 37 5
23 10.07 83.10 12.14 219.83 18 26 2
24 32.58 67.09 36.49 283.81 20 23 4
25 75.67 16.47 32.87 319.78 16 17 2
26 6.36 12.37 37.32 163.66 16 26 3
27 74.95 47.92 1.33 204.30 23 29 4
28 95.03 88.68 16.78 315.59 15 33 3
29 87.08 10.09 0.12 201.06 4 18 5
30 75.41 26.81 26.31 160.33 3 9 1
31 64.93 66.60 13.94 170.94 7 28 1
32 27.62 91.34 19.37 224.89 20 35 2
33 94.57 32.57 2.97 58.86 3 26 4
34 80.40 4.32 22.81 480.15 19 38 5
35 42.39 77.71 41.04 64.46 6 46 2
36 90.67 14.39 3.37 462.66 17 22 1
37 24.31 91.91 20.03 50.17 18 22 3
38 47.80 90.76 21.54 142.86 13 47 1
39 6.89 93.88 13.92 473.57 19 35 2
40 76.31 2.88 17.17 348.53 18 30 4
41 67.78 15.59 44.55 86.82 20 36 2
42 40.72 91.23 28.72 162.43 8 11 5
43 78.79 83.15 35.79 81.15 16 41 2
44 78.22 29.84 36.50 415.91 1 24 4
45 55.40 15.14 5.06 341.34 24 34 3
46 47.66 73.27 22.31 175.03 11 48 4
47 41.23 76.11 39.70 97.26 8 27 3
48 69.71 27.25 27.79 353.11 12 31 4
49 91.63 70.08 6.50 52.86 1 20 3
50 99.69 44.81 33.17 191.14 23 45 2
51 68.33 0.56 26.71 172.60 19 20 5
52 33.85 75.61 29.79 181.31 9 44 3
53 58.74 64.00 38.08 97.03 20 29 5
54 98.70 32.14 23.79 440.44 24 48 1
55 49.86 89.46 18.00 303.39 13 17 5
56 43.77 53.99 1.03 123.85 8 45 4
57 91.69 8.48 41.16 187.52 17 30 4
58 56.89 97.73 28.73 384.44 23 30 3
59 3.69 43.48 2.15 132.30 7 25 3
60 29.84 13.25 47.96 58.16 4 23 2
61 86.59 5.96 31.82 128.85 5 18 3
62 69.94 82.14 29.39 179.70 13 28 5
63 83.12 16.44 25.92 237.37 9 17 4
64 51.21 7.99 44.70 225.07 5 45 5
65 43.65 40.65 19.99 260.16 20 33 4
66 74.74 74.91 41.43 193.69 21 22 2
67 46.09 36.42 30.84 159.50 8 38 1
68 15.51 68.61 5.69 452.83 14 34 3
69 18.01 50.04 11.58 408.35 16 16 1
70 33.24 5.51 21.36 77.94 8 24 2
71 35.86 48.05 29.09 191.43 4 38 5
72 55.22 52.68 0.92 133.15 2 20 4
73 84.49 13.87 26.10 63.75 3 9 2
74 82.78 3.48 19.76 109.73 16 28 2
75 79.37 12.88 37.88 377.46 4 38 5
76 42.74 49.39 5.76 272.53 4 44 2
77 37.63 41.68 39.22 494.16 15 33 5
78 54.17 98.39 34.58 112.16 6 33 1
79 22.94 30.36 16.95 431.97 24 25 4
80 49.80 35.36 23.39 493.74 10 26 1
81 68.07 6.81 36.55 399.74 24 28 3
82 37.05 19.97 23.34 456.62 11 24 2
83 96.97 21.37 32.60 263.39 5 36 3
84 61.99 33.76 49.96 66.48 19 47 5
85 63.70 29.19 7.76 471.94 5 5 3
86 88.85 25.28 2.02 209.00 19 33 5
87 0.58 89.99 44.71 343.08 18 43 2
88 90.91 44.02 47.38 346.69 18 35 4
89 14.35 55.02 33.13 109.84 4 25 1
90 63.89 61.36 24.52 206.38 2 4 3
91 53.92 50.60 0.03 113.32 23 43 4
92 52.61 4.31 16.87 335.67 12 33 4
93 84.17 31.31 19.57 405.29 0 28 1
94 11.41 14.23 26.66 179.94 17 41 4
95 83.10 6.39 45.59 98.80 16 44 2
96 84.01 33.45 33.90 68.45 11 18 3
97 81.74 5.72 2.90 122.02 24 41 4
98 1.98 13.88 25.57 66.86 18 25 2
99 70.94 37.84 8.67 150.43 2 47 3
100 53.67 72.26 10.45 373.72 4 14 4
101 95.75 38.53 18.72 228.72 8 36 2
102 40.24 60.91 40.65 436.96 16 30 2
103 35.73 17.83 37.55 60.16 4 45 4
104 28.18 36.45 13.76 459.43 8 12 1
105 96.37 15.39 24.92 97.10 4 14 1
106 90.38 91.79 9.00 226.99 18 33 4
107 59.18 0.41 22.79 428.71 14 45 1
108 42.22 87.07 14.13 218.24 9 38 5
109 15.06 68.47 47.26 154.91 7 45 5
110 1.36 90.28 25.79 196.75 2 24 5
111 78.52 8.34 24.08 83.33 0 37 4
112 67.45 36.00 41.77 228.17 19 39 2
113 95.13 56.91 14.45 339.44 11 31 2
114 41.19 24.32 22.54 415.22 17 41 4
115 37.73 26.18 2.05 208.86 10 18 1
116 15.72 12.37 19.18 111.47 1 13 4
117 91.19 14.01 15.44 125.21 5 47 2
118 38.61 91.11 17.31 300.39 7 29 3
119 44.97 62.48 23.03 410.15 8 24 3
120 39.70 94.75 39.97 283.58 20 44 1
121 5.58 22.44 3.95 359.12 4 46 3
122 3.58 49.35 29.91 168.07 8 16 1
123 39.10 97.66 24.07 390.18 12 25 2
124 91.22 86.99 22.47 448.72 10 43 3
125 24.10 44.82 2.35 342.32 19 46 2
126 74.00 12.24 4.26 193.63 15 24 3
127 70.17 2.63 41.53 178.14 19 33 5
128 28.07 47.52 35.42 271.03 14 17 5
129 37.08 85.64 8.27 322.58 15 21 5
130 38.01 21.71 1.36 494.32 10 41 2
131 80.13 71.16 33.47 198.90 3 7 5
132 99.99 13.60 11.03 135.68 24 29 4
133 59.90 13.38 9.09 402.99 3 16 4
134 18.44 40.42 7.66 197.65 10 22 5
135 36.50 88.70 47.67 479.32 3 23 4
136 43.33 51.90 18.70 128.16 1 35 4
137 21.20 42.54 2.12 307.58 19 37 1
138 50.84 47.93 27.10 487.31 14 31 5
139 15.58 76.41 22.46 496.12 11 15 2
140 31.31 31.49 29.82 65.43 2 43 3
141 81.78 93.35 46.85 275.72 11 36 3
142 16.32 87.96 21.21 411.85 5 34 5
143 67.02 0.32 4.19 280.92 3 30 2
144 58.35 81.12 27.00 180.49 23 36 2
145 61.13 89.90 20.24 217.48 12 31 1
146 49.67 96.60 25.07 65.74 17 48 2
147 50.40 79.25 11.30 85.97 6 43 3
148 94.56 71.72 19.30 168.68 4 8 5
149 90.43 52.44 44.23 61.78 7 39 5
150 68.80 95.81 11.55 252.46 13 39 2
151 62.18 31.03 37.39 307.66 9 21 4
152 72.11 32.95 31.69 133.52 13 13 4
153 34.31 70.60 28.14 463.76 22 27 5
154 44.75 29.24 18.64 353.91 24 42 2
155 33.57 66.91 45.65 257.45 11 33 4
156 62.30 3.08 43.16 343.82 8 46 1
157 80.48 54.59 7.90 154.54 19 21 1
158 38.03 93.11 1.71 382.37 19 32 4
159 62.32 66.29 1.21 228.71 20 42 2
160 34.76 71.54 27.03 201.29 9 31 5
161 19.75 75.62 9.79 66.75 2 23 2
162 88.91 51.68 47.93 80.35 6 26 3
163 33.90 25.37 48.49 78.35 18 39 4
164 20.23 95.31 31.96 456.50 8 22 4
165 3.03 45.11 32.54 212.00 4 42 4
166 61.07 40.42 27.37 223.59 16 16 4
167 63.65 51.47 33.53 328.55 12 19 4
168 88.21 51.27 36.76 200.40 2 44 5
169 62.00 99.19 38.92 202.88 10 47 4
170 87.67 95.63 15.31 90.97 15 29 5
171 90.52 13.17 20.98 154.76 4 23 3
172 61.44 79.45 47.76 226.00 11 42 5
173 24.66 56.15 38.84 124.77 16 43 1
174 28.37 49.66 17.22 345.46 15 33 4
175 24.00 16.56 22.18 234.82 7 25 3
176 74.68 46.55 27.71 439.58 4 46 5
177 17.43 60.85 33.68 275.96 13 35 2
178 84.83 44.98 32.43 447.93 14 31 1
179 28.02 41.61 21.66 465.93 19 33 3
180 67.39 9.93 26.52 334.21 8 43 1
181 6.71 86.97 29.62 310.30 8 37 2
182 1.84 84.88 5.85 246.39 9 11 1
183 65.38 22.22 40.13 269.64 11 20 2
184 43.10 54.29 47.29 388.28 6 45 3
185 47.94 96.34 2.82 318.20 17 20 2
186 62.88 2.63 38.74 442.22 16 38 4
187 63.88 47.76 43.39 54.01 8 15 2
188 87.07 86.49 23.09 428.22 19 30 3
189 29.66 33.45 42.95 349.79 19 32 1
190 99.58 81.48 5.06 91.74 17 22 1
191 44.39 83.98 11.78 155.28 12 35 5
192 0.91 64.25 22.35 94.80 14 21 1
193 66.39 19.76 43.83 63.26 20 36 5
194 17.76 40.18 31.59 109.56 2 45 3
195 96.44 43.00 22.61 158.48 13 32 4
196 81.85 36.15 47.19 496.30 22 25 4
197 91.09 70.64 7.06 448.22 2 26 2
198 36.32 38.97 38.12 474.49 21 34 1
199 89.86 32.47 46.08 482.35 11 15 1
200 58.82 81.83 19.92 75.61 16 27 4
201 25.62 38.02 47.37 227.77 20 21 1
202 88.57 31.21 6.45 233.33 4 23 3
203 10.24 69.20 15.58 114.86 10 17 1
204 82.82 7.27 39.54 231.66 19 39 4
205 44.29 98.17 47.99 94.81 5 44 4
206 45.86 99.47 36.87 242.66 22 27 3
207 91.56 80.62 9.63 148.01 8 18 3
208 71.38 21.50 42.52 208.72 12 44 3
209 54.09 40.08 4.54 413.89 0 13 3
210 71.99 92.20 22.17 427.51 5 30 4
211 65.15 55.36 15.31 346.09 13 24 3
212 3.43 84.51 8.66 103.32 3 42 5
213 28.81 63.75 47.04 488.93 18 44 3
214 66.77 99.46 37.55 147.29 17 18 1
215 84.51 74.09 14.69 243.86 20 39 4
216 93.99 13.60 46.97 198.92 22 26 4
217 99.77 4.48 22.65 378.47 2 48 3
218 61.59 85.77 47.95 498.90 16 29 1
219 3.92 73.34 9.94 353.80 14 35 1
220 83.08 79.07 0.89 398.42 13 25 4
221 60.58 68.51 35.05 237.88 22 29 2
222 89.73 66.51 49.89 269.17 13 37 5
223 52.90 86.75 33.13 300.68 21 32 3
224 89.82 33.70 38.42 446.89 9 9 4
225 27.60 27.55 4.19 160.19 24 33 2
226 47.56 63.47 44.89 88.95 22 40 4
227 24.67 25.08 16.66 89.19 2 39 4
228 56.77 41.80 40.00 217.14 6 34 4
229 63.70 34.97 23.61 223.57 4 41 1
230 69.07 48.18 25.63 242.45 23 27 1
231 47.44 18.44 2.10 461.61 22 30 2
232 23.13 11.68 25.20 177.45 9 32 2
233 96.03 34.77 34.48 56.04 1 41 5
234 5.88 58.43 28.67 186.54 6 39 1
235 70.98 9.17 16.78 165.67 22 26 1
236 44.85 79.24 37.29 441.43 1 11 1
237 36.00 90.59 34.82 402.00 10 20 2
238 5.69 50.62 37.00 322.89 8 9 4
239 23.38 27.69 3.07 339.13 16 23 2
240 38.03 69.91 5.25 165.35 21 32 4
241 36.85 91.38 35.07 305.19 12 16 5
242 93.31 9.08 18.67 143.47 15 36 4
243 64.90 24.40 14.29 250.91 14 19 1
244 53.52 93.56 7.32 75.70 6 44 2
245 75.96 45.58 25.82 303.98 16 27 4
246 84.56 94.63 16.50 127.40 13 32 2
247 48.99 75.58 11.60 478.94 23 41 4
248 97.79 26.23 14.39 123.40 0 33 2
249 29.28 68.28 23.53 120.57 2 39 1
250 17.71 73.61 35.58 124.02 22 45 1
251 76.88 56.51 30.06 471.56 19 36 4
252 96.53 66.82 33.91 277.29 7 16 4
253 30.12 8.67 29.90 219.18 3 25 3
254 79.15 74.74 47.57 408.18 21 39 1
255 90.09 94.10 4.85 89.02 3 33 2
256 57.37 93.80 39.37 164.51 3 24 1
257 60.40 19.96 23.78 209.63 6 9 5
258 75.69 60.11 21.17 200.87 5 32 2
259 7.23 40.68 19.13 95.90 21 40 1
260 8.75 10.16 13.73 78.13 14 31 1
261 25.72 40.02 7.17 237.69 15 29 3
262 41.36 42.48 44.94 117.73 1 31 2
263 20.72 84.53 42.30 486.25 4 42 5
264 31.15 3.96 11.72 481.03 0 10 3
265 56.13 90.88 20.90 381.63 5 37 1
266 9.41 53.42 22.84 60.60 23 44 5
267 41.20 53.61 37.72 422.96 3 43 1
268 28.17 31.85 28.71 335.26 22 46 4
269 98.35 87.19 27.90 422.51 1 26 2
270 89.58 67.32 0.07 477.45 11 30 3
271 96.68 21.56 4.79 247.37 20 37 1
272 51.67 43.56 46.69 435.34 3 32 3
273 29.18 43.42 27.43 424.85 14 45 3
274 72.72 70.45 13.70 332.94 14 22 3
275 23.29 11.47 46.12 138.80 24 45 3
276 66.24 51.55 36.48 243.96 21 30 1
277 57.32 15.51 42.43 140.39 12 46 4
278 44.59 66.02 18.81 208.85 24 32 2
279 79.49 85.27 18.97 290.26 2 11 2
280 33.46 97.69 2.59 198.37 23 40 2
281 91.84 73.32 8.75 145.28 18 37 2
282 13.19 3.95 29.35 262.18 11 45 4
283 67.82 4.91 42.97 266.28 24 41 1
284 46.48 23.10 18.67 96.57 14 31 1
285 34.42 48.98 0.45 406.69 20 31 4
286 59.93 44.86 1.19 487.89 6 15 4
287 41.40 7.93 17.62 311.39 6 25 3
288 92.37 73.15 42.06 329.74 6 40 1
289 94.63 84.91 47.14 285.85 15 25 3
290 46.72 82.24 15.85 132.24 5 17 3
291 31.56 88.14 1.53 383.87 13 40 3
292 55.49 25.98 42.26 231.80 13 41 3
293 55.35 58.10 9.19 165.59 17 23 5
294 67.19 26.70 19.57 430.39 3 43 1
295 9.38 90.88 9.06 291.18 14 24 4
296 0.65 7.36 14.87 146.20 10 38 2
297 9.66 9.16 7.28 259.91 12 32 5
298 29.46 97.51 0.95 191.25 24 41 4
299 56.42 89.62 38.39 446.99 22 42 4
300 9.02 44.21 24.58 75.71 9 44 2
301 67.69 52.52 8.29 258.68 9 44 5
302 69.69 87.39 47.16 347.05 17 30 5
303 81.72 38.98 17.70 179.51 11 37 3
304 8.17 63.93 36.22 305.49 7 41 4
305 98.03 82.25 44.60 124.96 11 23 1
306 19.18 64.40 15.29 63.77 21 35 4
307 36.75 67.83 39.73 472.36 5 5 5
308 28.48 82.04 40.10 218.92 6 46 2
309 27.75 18.42 19.17 197.20 24 36 5
310 17.17 92.12 35.04 462.25 19 47 2
311 76.68 59.12 32.66 349.03 10 18 3
312 29.03 43.12 2.22 323.21 14 47 3
313 11.48 56.98 41.89 419.58 7 33 1
314 22.94 80.26 7.12 282.53 19 47 5
315 93.88 79.27 49.67 299.14 8 17 3
316 1.35 37.07 39.28 188.60 16 37 5
317 0.67 82.57 39.15 175.17 24 32 2
318 59.95 61.39 16.82 149.85 4 42 5
319 27.15 69.09 37.42 202.02 6 11 4
320 51.65 53.55 46.94 385.80 20 42 3
321 17.09 2.02 5.22 248.22 9 28 1
322 94.66 44.18 41.20 297.57 14 17 3
323 8.31 79.58 22.27 493.58 12 13 3
324 67.10 50.64 36.92 174.80 20 27 5
325 40.48 49.86 31.13 169.97 1 48 3
326 49.13 37.32 38.85 388.95 0 1 5
327 3.83 92.32 21.88 453.85 17 24 2
328 25.09 75.78 27.89 491.18 16 23 4
329 10.93 10.13 43.22 306.08 21 34 2
330 76.89 22.62 48.00 378.99 4 6 1
331 35.64 93.29 12.68 72.88 20 48 1
332 45.73 4.56 3.91 185.76 1 27 1
333 63.05 17.29 10.82 407.17 24 40 4
334 96.27 13.90 16.98 222.17 23 31 5
335 93.68 64.08 31.60 285.83 17 42 4
336 8.98 14.19 42.95 415.72 16 44 5
337 20.43 82.95 33.52 138.93 3 21 3
338 50.80 11.47 40.46 63.89 19 37 4
339 56.31 86.54 35.37 330.90 21 29 3
340 50.98 43.03 8.88 251.32 19 40 1
341 75.72 8.65 39.34 227.92 12 22 3
342 99.19 56.90 31.31 344.99 2 42 5
343 71.65 1.08 20.39 182.21 8 9 4
344 86.23 17.47 15.78 323.30 18 23 4
345 33.88 29.71 40.13 57.52 17 18 2
346 88.99 8.16 45.08 404.80 2 19 2
347 41.75 69.87 18.48 96.72 2 2 4
348 83.25 81.31 29.41 133.06 1 1 1
349 24.40 48.00 29.29 85.36 18 42 2
350 57.97 49.96 8.36 232.12 8 39 1
351 57.97 33.67 27.04 308.61 19 44 2
352 62.92 85.58 49.50 189.37 19 34 4
353 56.10 30.50 26.08 138.41 14 18 2
354 21.00 17.14 10.34 456.32 14 17 1
355 2.14 27.23 10.27 216.87 0 0 4
356 50.95 84.34 27.83 164.11 11 48 2
357 60.06 49.82 42.38 124.12 7 44 3
358 79.13 45.36 41.35 178.14 22 22 2
359 5.54 46.99 2.24 54.75 11 19 5
360 69.25 52.28 47.13 448.31 8 11 4
361 2.09 41.15 8.13 137.73 4 22 1
362 90.85 7.19 42.11 201.86 0 35 1
363 4.14 50.98 16.64 221.22 7 42 3
364 71.06 1.57 21.62 362.82 3 16 3
365 6.37 86.42 23.52 234.59 10 41 1
366 16.64 78.01 4.46 276.36 1 32 3
367 53.89 2.35 41.92 405.53 12 27 5
368 11.70 2.93 7.05 478.80 6 14 5
369 78.08 58.11 48.20 240.93 6 24 1
370 91.98 93.54 44.57 308.33 16 22 1
371 74.93 68.53 12.20 86.08 3 6 5
372 33.72 55.80 20.62 361.77 10 24 1
373 5.10 63.23 16.02 138.94 0 45 4
374 37.30 42.33 30.61 343.96 13 37 5
375 97.58 4.16 1.64 260.94 9 15 3
376 45.59 97.79 33.06 107.46 2 14 2
377 33.17 70.24 7.87 52.14 7 15 5
378 97.62 91.06 28.49 275.27 5 27 5
379 53.81 59.55 4.48 101.73 14 15 4
380 72.51 20.12 25.03 110.65 10 40 3
381 49.46 39.03 13.88 479.85 17 43 2
382 9.82 70.02 22.33 481.30 24 47 4
383 61.65 26.93 5.36 107.81 1 33 2
384 45.94 55.83 18.01 381.35 10 32 5
385 35.84 66.89 23.59 73.33 21 23 1
386 95.79 79.97 4.64 109.63 14 28 4
387 61.95 31.41 8.68 250.10 11 36 1
388 98.59 85.65 12.86 363.45 9 13 1
389 47.28 45.85 20.94 381.64 12 14 1
390 2.00 39.53 44.68 279.64 10 47 2
391 26.28 50.43 42.15 227.51 19 27 4
392 51.13 29.22 26.25 436.49 2 9 3
393 25.23 35.05 15.05 364.88 20 34 4
394 79.56 85.53 40.71 113.68 8 9 3
395 84.46 92.57 21.57 204.65 24 32 4
396 56.81 89.37 47.07 352.86 7 20 4
397 45.50 67.25 26.46 246.85 10 20 3
398 67.79 98.32 1.19 429.14 16 24 4
399 2.86 15.71 23.39 476.92 1 45 2
400 54.96 73.61 49.65 468.36 10 30 3
401 71.23 23.79 15.07 176.67 12 22 3
402 94.89 77.07 32.83 90.92 24 35 4
403 45.03 80.91 8.40 234.54 22 32 3
404 27.47 63.26 34.93 422.72 8 13 4
405 2.59 55.60 37.91 114.45 12 21 4
406 50.86 28.44 4.75 495.91 5 44 5
407 49.96 49.30 8.45 482.78 9 46 4
408 44.10 66.40 0.55 133.06 14 35 1
409 39.80 92.52 38.28 50.70 1 29 5
410 10.29 28.98 48.34 103.18 22 42 1
411 20.18 48.34 13.25 253.40 24 30 1
412 17.76 1.41 43.60 484.38 12 41 3
413 31.77 81.12 27.82 68.89 22 23 5
414 49.34 31.73 18.82 382.84 9 37 3
415 59.65 87.90 33.74 103.33 5 26 2
416 83.20 13.68 40.74 151.80 15 26 2
417 60.24 95.29 5.82 118.50 23 35 3
418 33.60 67.21 12.04 183.24 7 40 2
419 79.92 97.62 39.80 382.30 15 37 1
420 53.85 67.51 29.59 246.97 5 39 1
421 68.34 48.83 15.44 249.24 0 13 5
422 43.01 59.95 15.90 339.56 15 19 5
423 13.59 54.64 36.85 397.59 3 14 5
424 1.48 91.94 2.07 214.65 13 22 1
425 20.14 35.87 22.07 251.07 4 14 4
426 14.90 33.67 9.92 156.73 18 39 5
427 10.73 91.34 49.86 233.13 4 18 2
428 75.39 27.60 31.94 438.18 19 33 5
429 4.95 37.86 5.61 461.90 24 38 1
430 21.95 26.76 35.48 485.81 15 45 4
431 69.25 46.99 0.22 166.45 8 9 4
432 98.95 8.94 17.58 130.79 2 22 3
433 79.63 89.61 2.26 222.08 16 31 3
434 84.83 99.34 32.45 102.99 10 29 3
435 92.76 56.93 30.51 378.93 22 42 4
436 44.34 93.91 38.07 197.29 3 24 4
437 9.01 97.48 40.69 209.11 10 16 5
438 95.66 57.48 5.63 52.16 20 26 2
439 30.78 65.14 38.15 177.22 11 15 1
440 69.37 83.44 49.40 60.61 13 24 1
441 30.58 10.01 2.40 164.33 4 39 2
442 18.60 35.07 10.55 86.41 0 39 5
443 13.61 25.51 5.05 461.08 7 28 5
444 80.40 71.29 18.13 265.16 7 36 2
445 96.17 52.44 44.48 238.32 1 38 5
446 73.42 87.42 30.68 174.27 7 25 1
447 26.36 29.89 12.69 122.84 14 15 4
448 33.63 62.14 17.13 383.17 12 31 3
449 82.40 43.66 34.86 59.27 12 47 2
450 10.34 78.69 9.88 366.01 23 23 3
451 92.53 18.02 6.39 162.71 15 17 4
452 99.50 1.38 5.87 337.62 4 9 5
453 65.47 62.61 11.85 171.49 19 45 3
454 20.97 76.11 45.68 122.27 8 39 5
455 2.50 47.27 16.37 386.22 14 22 3
456 19.17 5.65 34.76 292.86 24 29 4
457 70.13 11.87 43.79 363.08 6 22 1
458 53.71 28.78 12.43 400.44 4 9 4
459 91.35 63.75 32.08 296.98 9 42 5
460 81.01 69.44 28.92 258.83 12 13 1
461 77.45 12.43 46.63 274.98 5 19 2
462 78.62 86.55 9.78 313.89 4 34 1
463 97.95 64.19 6.18 241.54 2 47 2
464 46.51 71.56 28.67 227.51 3 28 3
465 87.54 85.15 29.72 351.46 5 15 5
466 5.42 86.63 27.43 119.34 17 43 4
467 70.54 7.84 46.54 454.40 17 44 5
468 89.28 98.98 5.92 404.77 10 19 5
469 5.36 57.10 13.98 390.91 11 24 2
470 8.53 24.30 2.45 174.84 3 42 2
471 74.48 56.17 45.05 81.13 10 32 3
472 62.64 56.55 9.93 338.30 1 4 2
473 6.46 36.87 9.06 195.47 8 10 4
474 93.43 9.68 15.69 205.68 12 39 4
475 86.68 95.22 15.53 363.89 20 36 3
476 57.00 48.33 2.40 84.91 9 9 5
477 46.94 38.74 7.54 468.31 11 27 4
478 36.02 34.96 3.39 323.17 20 26 5
479 13.87 76.88 27.98 147.40 11 42 2
480 16.41 92.66 14.50 268.05 21 40 3
481 7.60 28.05 2.01 361.34 16 31 1
482 90.89 14.28 36.00 244.53 7 34 1
483 26.91 59.07 44.26 362.81 21 41 4
484 57.83 94.04 12.52 463.27 19 27 4
485 29.41 43.43 37.35 423.65 13 16 5
486 31.74 82.38 34.19 499.15 7 8 2
487 27.57 69.45 46.95 142.95 21 27 1
488 57.21 38.27 33.65 224.17 16 36 1
489 83.67 14.18 33.23 499.34 13 38 4
490 53.42 9.32 4.04 181.81 1 10 3
491 1.42 51.70 10.45 328.68 18 48 1
492 49.85 76.30 7.34 221.90 3 25 1
493 33.08 31.12 37.85 132.32 1 22 4
494 27.54 94.37 30.58 389.76 10 36 3
495 67.12 25.49 39.55 464.85 2 13 3
496 41.37 26.49 43.06 206.94 3 36 3
497 87.06 0.94 13.10 175.16 16 42 4
498 87.12 0.23 28.84 340.73 20 24 2
499 32.56 63.94 17.46 265.27 24 43 2
500 56.91 52.77 35.85 367.37 12 40 4
1 159.88 4244.35 1
2 103.09 4415.52 2
3 119.99 4494.58 3
4 159.97 4248.33 4
5 164.31 3748.15 5
6 171.44 3591.78 5
7 131.21 3551.34 5
8 130.82 4818.69 3
9 168.96 3675.09 3
10 153.88 3910.71 2
1 1.25 26.37 10
2 1.55 47.01 5
3 1.55 37.67 2
4 2.00 39.52 1
5 1.73 33.85 2
6 1.24 44.47 2
7 1.92 46.69 4
8 1.60 33.64 10
9 1.49 46.46 5
10 1.14 35.26 6
11 1.55 34.74 3
12 1.03 28.29 3
13 1.91 26.77 5
