Data for Vehicle routing problem with drones - Author: Huyen Do Thi Ngoc
Number of depots: 1
Number of cities: 500
Number of trucks: 4
Number of drones: 14
Area: 100 100 50
Customer maximum demand: 500
Max capacity of truck: 200
Max energy of truck: 5000
Max capacity of drone: 2
Max energy of drone: 50
1 92.95 78.93 34.49
1 72.96 91.32 43.16 168.85 17 18 1
2 75.26 99.08 20.21 205.15 16 16 1
3 23.00 45.03 46.83 334.26 19 43 1
4 13.51 67.43 24.60 391.88 23 31 1
5 93.64 18.53 25.92 281.70 7 37 1
6 80.44 29.07 35.37 199.33 10 30 1
7 84.25 17.16 2.03 305.29 20 40 1
8 21.05 28.38 6.35 283.94 2 47 1
9 33.20 78.94 28.68 436.97 17 34 1
10 23.86 34.01 49.07 193.97 4 13 1
11 24.68 36.60 21.69 469.97 8 43 1
12 55.39 76.54 0.89 396.08 3 5 1
13 16.14 43.64 43.90 375.67 9 27 1
14 66.21 36.41 23.98 434.30 17 37 1
15 25.54 32.07 29.79 499.12 16 37 1
16 24.48 76.07 18.65 331.44 9 12 1
17 50.49 60.07 47.97 220.97 11 23 1
18 11.43 12.90 38.06 52.02 18 24 1
19 63.39 35.54 18.38 309.25 8 42 1
20 49.51 89.07 31.33 264.29 12 25 1
21 25.76 58.91 0.45 401.75 4 7 1
22 12.43 72.08 19.61 316.74 24 46 1
23 7.76 41.50 25.98 278.51 0 8 1
24 58.28 82.82 44.38 379.88 2 4 1
25 30.35 1.20 15.63 73.68 6 14 1
26 6.45 3.38 25.89 176.86 2 12 1
27 50.14 0.97 3.51 149.00 0 24 1
28 96.34 49.26 27.43 467.88 3 38 1
29 58.17 41.83 38.61 340.91 4 16 1
30 43.97 23.00 21.83 468.43 8 27 1
31 94.50 51.82 33.25 195.85 6 43 1
32 80.24 4.48 32.45 84.35 16 37 1
33 1.64 59.68 14.77 117.11 0 29 1
34 71.10 24.20 20.00 342.16 16 18 1
35 44.51 79.45 15.41 178.25 22 45 1
36 67.76 69.16 5.78 115.07 11 35 1
37 1.10 7.88 21.95 89.56 12 37 1
38 26.88 78.90 47.07 184.24 12 15 1
39 31.41 38.10 38.37 261.11 24 40 1
40 22.52 61.39 48.18 269.35 13 19 1
41 83.46 71.86 43.33 291.60 21 44 1
42 99.69 15.72 35.53 137.34 8 32 1
43 65.43 49.93 14.86 155.86 14 30 1
44 4.42 88.57 43.48 82.98 20 27 1
45 44.04 4.90 14.25 258.34 4 12 1
46 46.83 73.66 9.01 252.53 0 24 1
47 79.24 29.98 18.96 397.28 12 20 1
48 56.18 38.64 0.57 76.57 0 41 1
49 36.91 40.07 48.60 139.42 6 43 1
50 11.71 70.91 31.22 105.45 15 31 1
51 82.70 65.94 11.30 71.97 13 24 1
52 70.60 53.51 18.10 221.37 3 22 1
53 12.52 37.43 7.70 206.46 17 23 1
54 94.60 40.92 20.76 242.97 17 21 1
55 65.73 22.12 0.73 70.53 12 13 1
56 88.66 78.14 27.20 258.01 5 15 1
57 48.12 41.15 17.22 360.11 20 30 1
58 76.23 55.76 47.99 456.80 3 8 1
59 54.45 90.78 14.79 348.31 12 45 1
60 84.74 99.61 23.60 234.20 7 30 1
61 77.09 94.63 48.64 78.06 14 16 1
62 47.45 71.16 6.76 196.18 3 11 1
63 39.70 8.67 1.33 453.55 3 22 1
64 59.97 45.01 3.00 140.16 8 44 1
65 76.43 33.47 19.03 487.72 13 36 1
66 52.87 68.61 11.16 282.12 22 25 1
67 1.85 63.80 31.81 86.57 20 47 1
68 39.21 97.50 45.64 484.43 2 29 1
69 40.38 96.40 46.18 224.88 24 25 1
70 85.28 50.73 42.85 315.18 19 29 1
71 43.69 84.21 31.76 74.98 9 35 1
72 79.85 25.83 37.67 493.76 21 28 1
73 15.39 8.88 13.56 469.73 1 12 1
74 53.40 79.31 4.00 267.53 10 11 1
75 97.77 15.61 5.59 449.26 5 47 1
76 56.41 51.08 13.02 412.87 4 11 1
77 0.96 96.46 12.68 459.03 11 16 1
78 13.00 80.70 12.49 82.41 10 25 1
79 78.66 76.50 32.49 461.95 19 48 1
80 42.12 18.21 47.91 236.33 3 46 1
81 91.97 53.01 20.55 433.10 24 42 1
82 71.12 52.17 38.86 349.36 9 35 1
83 83.92 90.94 5.31 350.32 19 22 1
84 64.07 21.83 26.50 429.90 16 44 1
85 5.65 79.61 22.97 54.82 6 41 1
86 71.16 55.56 42.47 212.83 13 30 1
87 69.19 46.74 15.06 452.42 16 28 1
88 15.38 31.17 5.51 234.26 19 20 1
89 45.77 16.47 46.42 231.53 10 36 1
90 87.56 65.22 29.98 433.08 14 41 1
91 48.49 68.00 25.39 351.61 15 18 1
92 26.09 23.55 26.74 270.59 23 44 1
93 43.76 15.26 41.34 403.50 20 37 1
94 60.45 34.70 42.94 263.72 13 28 1
95 97.28 46.99 47.27 284.98 9 33 1
96 36.65 30.28 34.60 396.25 8 30 1
97 98.90 68.65 27.93 335.88 19 38 1
98 6.17 68.32 4.99 493.20 2 40 1
99 69.42 87.28 39.12 186.58 16 46 1
100 89.49 95.31 14.91 439.98 7 14 1
101 36.79 50.87 19.98 131.78 13 39 1
102 35.35 88.11 11.40 435.87 11 31 1
103 1.43 38.88 42.44 108.96 13 25 1
104 68.97 24.47 10.06 340.68 22 46 1
105 41.70 9.33 10.98 341.21 24 29 1
106 0.05 94.20 9.20 64.58 5 9 1
107 81.95 45.95 4.19 244.36 18 37 1
108 70.04 79.17 8.29 180.23 21 35 1
109 11.97 11.61 44.24 130.87 10 17 1
110 72.87 51.99 11.96 226.78 16 37 1
111 73.61 55.46 26.58 296.12 13 45 1
112 78.13 16.22 21.64 480.74 22 33 1
113 36.39 86.85 19.60 190.15 7 41 1
114 60.83 85.38 21.36 304.39 13 13 1
115 41.74 17.94 8.05 257.41 23 31 1
116 44.38 0.01 40.50 323.65 5 22 1
117 75.12 77.69 40.56 195.39 8 33 1
118 23.86 80.40 27.27 420.00 19 38 1
119 83.04 12.59 38.30 458.16 17 42 1
120 71.57 99.26 29.99 91.70 5 15 1
121 44.20 41.66 28.44 108.77 5 16 1
122 34.84 25.14 49.68 53.41 22 31 1
123 2.27 20.45 23.45 322.11 6 35 1
124 1.58 86.32 29.12 403.15 17 28 1
125 58.51 51.11 35.14 492.92 8 33 1
126 65.66 58.10 43.40 138.41 23 33 1
127 67.68 32.92 24.99 416.34 21 35 1
128 25.65 0.47 33.42 55.09 1 9 1
129 92.28 0.61 43.12 104.67 4 19 1
130 98.48 18.91 49.96 384.63 11 37 1
131 5.46 2.69 10.55 438.83 23 31 1
132 30.78 45.27 27.43 444.16 22 39 1
133 40.38 75.24 8.68 380.93 0 48 1
134 11.58 16.47 1.78 83.51 1 2 1
135 91.90 10.80 24.83 102.28 11 16 1
136 35.27 55.49 26.27 120.14 3 10 1
137 84.45 41.67 30.04 117.72 6 6 1
138 4.18 91.53 3.83 275.70 23 29 1
139 97.41 53.57 17.73 228.36 7 46 1
140 38.57 63.46 34.44 322.09 3 18 1
141 24.64 29.68 39.14 236.29 9 46 1
142 55.43 40.72 3.33 79.74 5 36 1
143 4.55 31.42 22.17 304.22 9 22 1
144 14.88 32.47 0.67 496.24 11 30 1
145 12.43 26.66 34.37 195.12 14 27 1
146 21.04 12.33 29.97 485.96 24 40 1
147 75.53 57.69 26.33 216.94 6 16 1
148 98.65 82.48 8.44 266.98 14 24 1
149 59.14 24.07 39.82 196.29 0 30 1
150 84.21 62.54 46.55 491.14 14 42 1
151 66.49 84.30 11.33 80.31 9 34 1
152 96.33 28.81 4.80 277.23 18 44 1
153 77.02 1.22 29.67 469.83 0 25 1
154 9.86 40.42 20.14 388.51 21 40 1
155 10.53 64.24 43.42 259.48 0 18 1
156 7.83 19.21 28.54 270.20 1 46 1
157 23.98 92.43 28.83 452.03 22 29 1
158 99.12 86.53 11.35 411.63 8 33 1
159 8.72 73.41 28.90 199.19 0 36 1
160 47.02 27.91 4.18 52.99 24 45 1
161 17.93 68.58 46.16 477.43 17 25 1
162 70.63 97.38 21.34 260.55 22 24 1
163 8.42 30.40 38.46 369.17 21 36 1
164 98.48 85.55 4.49 177.76 2 5 1
165 18.64 95.74 14.80 289.83 16 27 1
166 15.84 87.91 15.27 87.15 12 31 1
167 94.06 69.28 20.22 299.91 19 30 1
168 0.45 50.06 10.58 265.63 22 45 1
169 62.38 39.11 1.12 65.64 14 38 1
170 53.74 54.75 21.71 173.12 23 38 1
171 38.84 73.24 3.31 349.21 18 28 1
172 36.43 34.83 25.28 414.71 9 29 1
173 20.72 67.55 30.77 472.12 0 46 1
174 90.89 54.15 48.83 428.53 10 31 1
175 18.87 70.80 29.78 396.19 19 34 1
176 80.79 1.88 48.17 56.50 5 24 1
177 61.26 20.28 48.79 395.51 15 20 1
178 86.56 48.39 49.93 251.76 9 41 1
179 69.85 62.41 26.30 86.62 21 43 1
180 60.69 58.17 26.33 268.60 3 17 1
181 31.13 69.11 45.20 114.45 4 42 1
182 80.37 18.76 41.14 414.34 3 18 1
183 44.79 31.64 33.79 153.50 15 47 1
184 4.17 47.84 23.13 351.24 22 30 1
185 65.06 7.54 11.32 245.75 17 20 1
186 69.75 0.05 25.37 448.68 0 3 1
187 53.76 44.50 28.43 174.01 5 36 1
188 66.14 24.89 11.72 161.67 14 46 1
189 85.88 55.23 39.76 188.66 17 39 1
190 61.47 32.27 28.52 387.66 11 18 1
191 10.15 54.01 26.63 160.63 15 23 1
192 41.02 49.13 1.03 68.14 24 37 1
193 98.22 15.44 48.57 124.37 1 46 1
194 71.38 58.77 0.43 190.77 8 16 1
195 80.11 19.03 9.96 175.22 4 45 1
196 86.43 48.03 10.42 314.24 4 38 1
197 35.65 14.90 29.70 61.51 24 40 1
198 81.17 60.27 19.20 191.17 0 0 1
199 89.47 34.20 42.32 147.75 15 33 1
200 67.24 80.79 27.96 181.68 11 48 1
201 13.71 40.36 4.94 74.95 16 37 1
202 57.13 83.41 29.44 406.75 13 23 1
203 44.19 31.10 22.75 247.39 17 38 1
204 34.18 16.04 30.91 371.97 15 44 1
205 55.40 18.44 38.91 71.91 16 33 1
206 34.66 21.43 31.46 54.39 13 43 1
207 35.33 10.77 24.04 426.92 15 17 1
208 34.10 21.19 37.00 490.71 17 26 1
209 13.53 37.03 12.85 313.30 21 37 1
210 37.04 16.67 10.95 137.27 12 34 1
211 78.78 22.38 6.65 223.63 0 11 1
212 37.88 89.83 48.85 296.95 14 40 1
213 74.37 90.34 27.58 88.53 20 47 1
214 12.97 50.41 4.76 210.67 3 27 1
215 58.65 17.39 3.40 407.75 12 24 1
216 11.65 62.79 9.34 463.99 2 42 1
217 89.50 30.96 49.00 267.70 7 36 1
218 39.77 53.25 38.77 277.25 20 25 1
219 93.87 15.74 15.74 456.44 5 42 1
220 58.82 60.03 47.63 273.58 1 2 1
221 7.41 41.75 9.66 377.15 16 38 1
222 78.05 56.36 38.85 76.56 21 34 1
223 71.45 69.24 9.71 175.34 12 17 1
224 83.33 19.48 36.53 257.58 23 40 1
225 55.21 10.39 48.75 477.76 3 31 1
226 98.12 69.33 39.39 480.58 14 46 1
227 1.35 23.89 37.27 465.58 12 42 1
228 54.98 77.60 20.72 106.01 8 47 1
229 7.10 33.12 43.94 227.04 17 45 1
230 3.30 23.57 5.94 79.87 15 20 1
231 72.51 34.66 21.12 115.43 9 42 1
232 97.26 27.51 35.30 270.24 14 43 1
233 89.41 12.42 45.14 326.87 3 39 1
234 47.81 76.18 46.38 423.55 17 43 1
235 79.44 34.91 36.77 245.25 2 13 1
236 25.83 94.39 19.82 236.77 5 11 1
237 17.41 23.73 41.84 376.63 14 27 1
238 82.62 2.46 43.87 186.67 7 47 1
239 67.59 37.80 6.30 356.12 12 47 1
240 85.17 29.32 22.93 231.93 3 30 1
241 57.20 0.03 40.72 165.08 16 39 1
242 6.79 2.38 49.17 87.46 9 23 1
243 5.46 9.95 9.70 163.47 7 26 1
244 10.96 58.74 6.43 121.49 2 30 1
245 84.00 29.07 15.76 433.72 16 22 1
246 26.20 75.99 23.35 212.26 24 37 1
247 0.92 68.75 33.52 414.16 21 26 1
248 97.82 1.71 44.27 496.12 3 40 1
249 1.03 23.93 26.32 252.91 23 37 1
250 63.09 2.54 31.19 99.38 13 30 1
251 64.24 27.42 25.42 89.25 16 41 1
252 27.10 13.86 29.68 318.03 15 37 1
253 28.79 2.00 24.23 441.23 17 47 1
254 53.57 72.77 2.55 295.03 8 22 1
255 56.80 88.17 46.35 425.92 24 40 1
256 86.58 66.68 7.08 136.21 3 46 1
257 57.85 89.20 49.85 436.95 19 36 1
258 57.53 26.16 28.27 187.70 17 29 1
259 25.65 7.26 23.52 394.51 20 22 1
260 11.51 8.26 37.33 384.13 21 33 1
261 29.38 15.01 1.82 263.34 15 32 1
262 31.53 38.58 5.39 103.89 14 14 1
263 84.98 19.17 49.11 200.64 4 44 1
264 99.19 74.86 37.33 108.49 16 41 1
265 64.19 34.50 4.72 191.32 14 39 1
266 57.59 17.93 9.77 221.41 20 30 1
267 68.25 85.30 9.87 258.44 23 30 1
268 20.04 87.03 25.84 203.19 9 46 1
269 97.19 60.36 30.25 387.53 18 37 1
270 49.03 91.87 19.43 450.24 21 32 1
271 17.84 35.00 27.74 436.98 18 30 1
272 39.96 23.28 8.64 403.06 14 15 1
273 7.85 38.40 42.37 208.71 19 38 1
274 53.36 67.08 46.17 258.39 21 35 1
275 53.62 49.81 22.36 148.84 3 48 1
276 24.94 63.27 24.34 168.76 12 46 1
277 7.64 68.37 14.20 368.90 5 45 1
278 9.76 34.99 43.46 334.47 11 31 1
279 99.98 37.05 34.51 340.68 5 27 1
280 89.21 15.13 34.70 285.23 20 26 1
281 35.14 84.69 0.67 284.53 5 30 1
282 18.98 82.19 44.83 386.92 8 43 1
283 20.18 87.55 11.47 162.79 7 44 1
284 94.22 65.45 48.78 80.95 10 14 1
285 39.54 49.70 32.30 430.68 9 15 1
286 77.56 1.41 10.61 256.89 17 19 1
287 12.99 21.26 17.81 215.34 9 17 1
288 44.64 70.94 39.92 266.30 11 15 1
289 72.36 80.88 7.10 94.28 3 39 1
290 33.16 33.81 42.54 108.13 12 47 1
291 90.37 1.17 6.22 206.93 22 32 1
292 20.99 91.08 2.65 442.82 3 17 1
293 20.02 29.42 10.08 129.32 24 47 1
294 77.31 79.89 24.09 267.66 18 25 1
295 93.48 63.47 33.95 328.25 15 40 1
296 67.19 72.84 6.71 82.48 8 28 1
297 9.33 68.44 2.06 270.95 3 4 1
298 46.76 85.31 37.41 305.20 22 30 1
299 77.66 36.05 11.91 210.52 10 34 1
300 0.91 57.29 43.35 64.83 2 34 1
301 60.53 56.75 4.89 239.22 13 36 1
302 51.97 30.87 44.98 187.65 22 29 1
303 33.23 37.52 33.70 212.79 24 48 1
304 95.45 16.23 41.55 328.58 5 21 1
305 72.79 56.63 17.28 395.38 0 44 1
306 43.87 48.61 5.94 348.88 23 31 1
307 67.97 85.15 20.47 149.43 14 26 1
308 45.16 81.58 30.46 234.92 24 47 1
309 40.59 6.69 35.87 189.56 4 28 1
310 16.09 99.72 38.55 434.18 2 29 1
311 40.81 28.40 36.49 75.49 8 26 1
312 3.27 42.10 34.17 184.46 18 36 1
313 75.52 2.05 0.83 65.43 11 47 1
314 50.05 96.03 39.00 251.37 23 35 1
315 76.12 90.99 3.14 112.67 13 45 1
316 35.53 87.23 29.00 183.45 15 40 1
317 13.96 82.45 4.26 278.50 7 16 1
318 62.43 73.53 11.01 418.09 12 46 1
319 69.74 5.97 27.41 166.04 2 2 1
320 87.45 77.16 1.71 287.43 12 27 1
321 77.54 26.31 12.23 173.12 16 17 1
322 70.95 96.18 7.90 149.96 4 13 1
323 38.47 33.62 1.32 309.20 8 16 1
324 69.81 29.96 10.85 345.85 23 30 1
325 68.35 20.00 38.50 234.79 21 46 1
326 23.22 73.53 1.04 456.94 22 26 1
327 75.67 82.77 6.67 499.37 9 29 1
328 64.92 22.84 49.72 472.02 6 14 1
329 43.19 2.08 38.06 308.86 12 21 1
330 7.83 39.26 9.20 312.81 21 47 1
331 96.75 36.64 5.50 497.19 16 40 1
332 47.05 12.56 35.90 462.59 14 15 1
333 58.54 80.64 42.99 364.19 24 30 1
334 69.35 14.78 13.30 387.22 11 14 1
335 62.47 10.07 9.81 361.44 22 27 1
336 58.91 34.95 40.59 278.06 17 38 1
337 22.27 64.66 25.05 334.36 20 45 1
338 19.06 4.88 33.17 224.89 12 22 1
339 70.61 97.71 25.07 321.64 20 42 1
340 35.97 16.83 47.70 410.13 21 35 1
341 63.57 47.43 41.10 194.21 11 23 1
342 59.09 84.46 8.15 442.73 24 27 1
343 6.18 50.00 14.75 131.93 4 45 1
344 9.55 55.52 14.32 99.98 17 19 1
345 15.33 93.24 36.19 228.55 0 26 1
346 25.76 80.81 42.68 161.46 9 37 1
347 67.61 42.99 23.42 58.34 15 48 1
348 35.73 5.86 33.48 78.68 7 24 1
349 46.33 88.24 39.68 76.01 17 22 1
350 21.68 71.93 47.50 282.12 6 8 1
351 27.66 32.39 3.68 259.74 8 24 1
352 78.65 48.11 40.35 412.99 6 17 1
353 99.65 4.85 49.21 98.19 23 47 1
354 93.63 36.51 9.98 454.91 9 18 1
355 11.98 4.09 16.35 439.07 22 34 1
356 15.65 63.84 4.69 90.77 13 21 1
357 85.02 6.68 13.57 129.32 16 30 1
358 48.48 33.47 16.97 212.44 21 28 1
359 94.45 15.00 20.57 228.86 23 29 1
360 73.70 64.15 0.76 234.25 18 35 1
361 70.61 98.87 5.89 452.60 24 26 1
362 20.92 25.40 19.33 411.44 22 26 1
363 54.97 72.88 22.81 441.80 14 17 1
364 78.91 67.64 42.34 102.42 4 39 1
365 79.41 25.95 45.41 61.07 9 15 1
366 47.89 6.60 7.54 285.02 4 23 1
367 59.94 64.05 22.01 333.45 7 12 1
368 49.52 72.80 17.99 209.45 20 24 1
369 17.27 22.04 33.74 287.20 11 37 1
370 36.04 64.99 7.33 201.19 1 32 1
371 94.05 45.48 38.06 179.42 0 28 1
372 14.81 21.18 43.50 331.67 17 30 1
373 77.16 25.36 25.12 310.17 14 35 1
374 18.33 94.41 33.42 100.40 1 38 1
375 88.64 83.85 15.65 320.03 3 21 1
376 57.15 30.75 13.67 313.54 17 27 1
377 12.20 52.30 30.14 53.69 18 29 1
378 92.70 5.41 3.03 50.55 10 18 1
379 33.20 14.88 33.22 354.69 20 25 1
380 77.08 69.78 33.00 108.58 13 22 1
381 45.86 11.38 9.81 173.10 14 48 1
382 0.73 41.54 39.11 446.16 9 32 1
383 27.43 23.57 13.33 242.60 23 45 1
384 11.53 2.24 2.64 447.07 8 37 1
385 72.88 89.84 48.03 433.65 0 15 1
386 44.61 51.18 7.96 204.92 22 23 1
387 70.37 15.16 42.55 463.72 1 31 1
388 63.43 23.83 12.31 303.04 0 15 1
389 59.75 3.16 19.16 292.60 23 31 1
390 12.68 82.29 24.96 194.57 17 20 1
391 26.81 35.63 9.68 459.08 2 42 1
392 83.88 25.68 13.60 290.78 5 30 1
393 67.01 60.15 4.82 163.68 6 8 1
394 2.76 7.75 33.94 374.53 8 8 1
395 88.59 22.36 22.77 215.49 13 47 1
396 49.04 53.94 40.96 468.61 6 12 1
397 98.58 1.56 28.40 391.69 4 42 1
398 26.77 21.48 39.87 374.27 4 9 1
399 13.07 4.27 10.44 473.74 3 41 1
400 69.59 87.24 37.82 334.05 8 34 1
401 27.60 66.60 32.93 435.18 3 6 1
402 96.97 77.77 20.90 343.57 11 41 1
403 24.53 82.49 41.30 478.47 22 34 1
404 20.79 32.77 2.63 479.43 14 24 1
405 40.90 69.73 26.20 164.34 17 18 1
406 29.70 91.71 28.83 228.18 6 11 1
407 8.18 78.78 21.72 365.91 24 39 1
408 34.69 77.20 7.42 82.79 8 46 1
409 54.93 43.78 19.17 186.24 3 26 1
410 6.11 40.63 17.42 85.23 11 23 1
411 77.23 71.56 12.10 452.19 10 43 1
412 67.77 97.82 22.31 316.20 15 30 1
413 61.00 62.52 10.37 328.72 14 17 1
414 58.73 92.08 4.46 149.02 3 28 1
415 64.22 23.41 22.57 402.65 16 42 1
416 49.23 55.29 22.39 243.97 10 14 1
417 16.45 14.99 14.55 247.72 6 28 1
418 82.75 68.21 21.79 211.52 16 30 1
419 41.00 80.08 23.09 65.22 18 27 1
420 38.23 25.58 28.87 270.47 12 30 1
421 39.68 25.06 47.54 462.17 3 20 1
422 64.43 31.56 7.90 414.84 7 36 1
423 20.23 56.65 11.30 217.92 1 46 1
424 27.19 92.59 9.13 466.82 7 44 1
425 15.97 64.06 40.23 152.83 10 21 1
426 81.42 67.64 3.06 270.90 15 22 1
427 57.85 71.93 26.46 92.10 13 38 1
428 93.19 56.83 20.09 491.61 18 18 1
429 75.52 0.49 34.25 290.61 14 34 1
430 8.69 27.33 25.69 281.58 2 26 1
431 81.03 64.36 44.73 456.83 12 31 1
432 61.02 47.29 13.83 465.64 23 23 1
433 96.76 38.01 39.47 114.60 12 14 1
434 42.78 6.90 18.39 328.65 20 20 1
435 58.77 95.30 37.90 432.25 15 47 1
436 85.10 6.53 40.95 352.44 21 41 1
437 45.63 59.53 44.23 451.62 13 24 1
438 48.12 91.79 11.64 245.38 19 27 1
439 99.69 72.78 16.85 155.52 2 4 1
440 42.29 35.56 26.41 152.59 8 31 1
441 92.75 71.46 33.88 135.47 5 11 1
442 61.89 14.73 43.54 465.51 18 36 1
443 63.34 21.60 12.73 221.89 8 46 1
444 36.30 50.23 45.47 95.33 18 48 1
445 19.55 4.56 41.90 64.49 1 12 1
446 93.22 3.93 11.12 178.57 4 31 1
447 85.10 19.21 48.02 119.49 23 27 1
448 48.97 77.72 3.90 193.85 17 46 1
449 82.77 26.38 34.93 173.80 4 5 1
450 64.81 50.53 19.32 392.85 23 48 1
451 2.54 3.58 24.44 300.59 10 45 1
452 46.94 48.00 25.64 300.75 18 38 1
453 23.17 63.63 17.64 396.61 0 36 1
454 95.09 75.06 44.45 194.61 1 18 1
455 41.83 79.06 17.16 450.48 15 20 1
456 10.17 94.44 17.06 276.75 22 35 1
457 8.51 42.73 9.25 459.06 9 18 1
458 36.44 19.95 49.62 232.52 13 31 1
459 53.73 22.81 39.30 434.90 14 22 1
460 49.53 31.91 6.21 340.76 0 21 1
461 44.09 31.62 23.53 415.80 23 41 1
462 15.04 84.93 6.86 160.29 19 48 1
463 35.67 43.29 44.35 108.00 10 11 1
464 92.11 54.01 22.64 60.44 18 23 1
465 29.84 28.09 4.16 417.63 7 18 1
466 75.87 96.88 8.86 324.46 24 30 1
467 86.42 57.56 14.09 171.28 15 24 1
468 25.27 11.14 34.54 224.57 15 34 1
469 30.95 74.62 42.29 323.24 4 8 1
470 76.78 23.82 48.43 204.82 13 18 1
471 71.72 65.04 41.70 376.31 20 26 1
472 39.01 79.54 18.62 216.68 14 30 1
473 95.09 43.17 26.73 94.38 11 21 1
474 17.96 19.45 16.66 377.53 12 37 1
475 48.79 51.64 24.22 309.53 23 42 1
476 67.01 63.43 11.55 338.14 14 34 1
477 89.50 58.59 43.76 148.53 18 31 1
478 26.56 36.00 13.98 229.50 0 31 1
479 13.07 4.06 39.25 329.12 14 25 1
480 85.83 2.23 1.42 191.76 21 47 1
481 95.16 72.45 9.54 431.07 19 28 1
482 50.59 33.96 19.42 145.77 10 46 1
483 22.81 26.23 34.41 301.20 9 29 1
484 15.84 45.39 0.80 415.06 22 24 1
485 36.34 69.73 37.18 152.25 1 12 1
486 3.33 68.40 37.84 342.99 18 25 1
487 77.44 97.29 46.21 336.99 16 27 1
488 46.97 53.43 44.83 467.55 4 32 1
489 57.10 46.93 21.16 56.14 1 30 1
490 37.38 24.76 14.89 253.21 24 42 1
491 3.13 86.82 24.88 397.15 14 30 1
492 51.55 72.45 27.25 88.13 1 12 1
493 33.52 62.71 38.44 76.42 15 26 1
494 99.25 88.23 4.81 359.49 20 41 1
495 0.44 19.65 3.39 261.38 7 38 1
496 21.40 89.90 26.61 104.85 3 32 1
497 95.50 0.60 9.68 156.24 19 31 1
498 36.94 84.25 26.28 356.76 8 47 1
499 75.51 48.47 24.18 413.33 7 8 1
500 55.07 97.86 7.93 280.29 0 18 1
1 132.57 2834.32 1
2 186.65 4169.90 1
3 168.97 2742.62 1
4 110.20 4784.86 1
1 1.46 37.59 4
2 1.05 49.93 4
3 1.99 47.28 1
4 1.08 26.16 4
5 1.31 48.14 4
6 1.50 28.71 1
7 1.99 40.88 3
8 1.28 29.06 1
9 1.80 38.83 2
10 1.74 43.34 3
11 1.47 45.18 3
12 1.11 37.33 4
13 1.32 28.56 2
14 1.79 25.81 2
