Data for Vehicle routing problem with drones - Author: Huyen Do Thi Ngoc
Number of depots: 3
Number of cities: 300
Number of trucks: 8
Number of drones: 10
Area: 100 100 50
Customer maximum demand: 500
Max capacity of truck: 200
Max energy of truck: 5000
Max capacity of drone: 2
Max energy of drone: 50
1 80.67 54.31 23.30
2 64.29 34.55 3.96
3 71.05 34.80 26.45
1 24.09 27.40 22.23 245.00 0 11 3
2 99.64 63.49 24.97 206.68 21 28 1
3 68.18 51.20 28.90 356.60 13 43 2
4 16.47 31.78 4.98 341.47 24 28 3
5 60.46 42.91 20.50 390.11 8 46 3
6 37.02 98.27 33.23 107.66 24 44 2
7 35.85 90.75 34.32 301.68 7 34 2
8 42.90 76.99 27.83 460.88 10 29 1
9 72.38 47.73 4.37 207.38 5 44 2
10 40.59 43.30 5.86 154.49 22 40 2
11 61.68 95.71 9.50 126.11 21 35 2
12 73.49 48.85 37.61 341.78 23 27 3
13 76.68 45.95 26.07 341.60 19 29 3
14 53.20 67.70 31.58 349.67 1 24 2
15 79.97 66.75 48.76 271.69 21 39 2
16 28.07 61.77 21.57 93.81 3 12 2
17 47.84 58.04 34.39 405.01 24 38 2
18 78.83 85.82 24.69 203.42 8 40 2
19 44.33 97.77 20.85 289.65 1 18 2
20 50.56 69.29 28.48 237.92 14 29 2
21 45.38 66.94 6.98 410.63 18 45 1
22 82.57 97.19 21.78 237.62 4 43 2
23 25.94 6.46 6.48 300.87 21 37 2
24 20.87 54.69 37.25 176.28 11 36 2
25 5.94 75.33 15.74 53.88 20 37 2
26 66.94 6.86 18.80 81.98 16 43 1
27 61.57 32.63 31.63 179.92 19 26 1
28 44.64 52.95 41.09 454.93 13 18 1
29 49.01 43.31 41.23 137.39 15 34 2
30 46.46 56.05 7.29 452.87 9 17 2
31 97.93 13.46 22.90 344.91 21 46 1
32 53.36 57.39 31.61 474.77 0 6 2
33 88.08 34.25 26.73 328.28 23 48 3
34 44.72 24.31 17.56 363.60 4 28 1
35 47.31 4.40 45.65 409.72 22 42 3
36 15.76 55.39 20.42 169.99 0 19 2
37 24.39 85.66 30.02 168.00 0 30 1
38 37.56 96.82 27.58 309.37 16 44 3
39 44.43 20.87 34.92 302.45 21 40 1
40 71.63 81.84 35.35 434.40 18 33 3
41 43.80 70.78 26.87 215.55 21 44 2
42 60.48 52.76 38.60 347.22 20 40 2
43 14.00 30.96 4.31 446.41 20 28 2
44 63.89 90.90 29.39 439.33 2 46 3
45 82.56 40.63 20.46 97.25 24 31 3
46 87.37 40.48 31.94 372.99 6 15 2
47 17.01 22.21 12.27 311.85 20 28 2
48 3.40 93.58 35.52 251.41 17 43 1
49 8.69 89.85 35.60 248.50 7 27 1
50 65.19 6.09 35.14 100.04 16 46 3
51 87.64 73.32 37.65 415.13 7 47 3
52 16.18 91.39 17.59 175.50 15 35 2
53 95.55 9.77 18.74 417.12 0 16 3
54 99.64 4.61 32.00 103.31 3 41 1
55 93.45 43.54 47.77 219.81 2 28 1
56 87.57 38.04 36.38 350.70 14 14 3
57 2.66 54.11 6.18 438.62 14 35 2
58 98.83 73.28 17.23 443.69 20 47 1
59 37.10 21.36 42.22 241.66 18 39 1
60 85.96 84.84 11.56 346.83 0 34 2
61 65.22 82.74 40.46 289.97 19 38 1
62 22.44 25.39 30.55 359.16 10 48 3
63 92.58 21.47 23.00 341.81 8 21 1
64 32.10 50.42 5.84 290.67 3 18 3
65 95.26 47.80 5.69 176.09 19 44 1
66 88.61 70.41 27.38 355.09 24 39 3
67 40.85 73.94 49.55 156.20 20 45 2
68 89.75 96.69 27.61 258.98 8 23 3
69 44.24 22.24 17.08 434.13 10 13 3
70 93.73 27.09 22.90 323.50 16 23 3
71 21.10 87.37 10.47 363.48 8 9 2
72 99.91 24.76 6.93 494.54 12 46 2
73 67.19 17.30 44.35 82.80 19 25 1
74 97.26 53.59 43.63 311.87 20 26 1
75 26.36 8.24 6.56 230.07 5 47 2
76 19.83 33.27 4.58 150.82 6 13 1
77 17.93 8.55 38.57 455.78 5 9 3
78 10.23 19.15 9.14 264.71 13 24 2
79 11.75 40.90 46.48 105.09 6 38 1
80 80.33 16.07 1.61 275.15 5 25 1
81 16.09 84.13 41.21 283.50 11 46 1
82 1.27 62.77 20.44 239.77 13 42 2
83 80.37 16.70 17.36 219.41 16 33 3
84 10.23 0.93 17.55 310.89 19 23 1
85 16.37 96.57 17.07 128.52 6 41 2
86 40.07 1.73 40.61 302.97 6 23 2
87 85.60 77.66 20.42 329.82 18 44 1
88 90.30 12.92 42.21 206.33 17 45 1
89 81.60 91.66 24.87 171.93 15 15 3
90 18.77 95.48 48.92 184.74 4 37 2
91 19.36 12.90 34.15 457.90 9 31 3
92 91.86 72.21 39.22 488.21 22 37 2
93 57.37 9.23 22.28 260.77 15 43 3
94 53.95 6.22 12.93 191.91 21 45 1
95 1.59 63.14 12.96 183.24 17 47 3
96 44.90 16.66 25.20 132.15 21 27 3
97 69.93 73.73 3.59 261.42 21 23 3
98 31.49 36.23 19.48 71.17 10 28 1
99 11.41 67.79 4.81 492.75 7 38 3
100 41.68 29.54 8.47 231.64 1 3 2
101 12.99 15.64 21.95 102.26 2 37 3
102 97.60 39.39 10.71 229.23 4 29 3
103 0.08 77.11 23.50 381.54 12 41 2
104 29.21 24.33 49.03 385.46 11 11 1
105 6.24 1.11 40.37 369.48 1 17 3
106 74.93 1.13 46.92 227.45 9 33 2
107 13.87 32.47 7.40 370.51 4 12 1
108 60.60 95.01 20.84 338.85 17 39 3
109 24.60 27.45 11.34 337.71 14 14 1
110 57.79 83.08 18.98 70.32 3 31 2
111 29.63 50.14 46.78 363.95 18 41 1
112 97.86 83.18 9.09 93.74 19 24 3
113 21.52 35.94 24.88 177.90 19 45 1
114 82.73 16.00 1.73 207.42 8 33 2
115 25.15 24.86 30.10 280.70 7 32 3
116 61.83 39.39 39.00 109.54 18 30 1
117 89.94 3.61 13.79 247.51 4 14 1
118 29.80 19.46 6.89 438.13 2 8 1
119 81.91 85.51 18.44 300.18 19 42 1
120 66.18 91.79 12.19 357.93 14 33 2
121 9.79 5.62 40.70 98.88 1 15 1
122 68.75 70.13 41.44 228.76 0 35 1
123 8.51 9.23 5.48 213.86 11 22 1
124 83.09 26.50 6.87 119.66 13 13 3
125 4.16 55.08 47.57 254.48 19 29 1
126 94.97 59.40 11.07 443.41 7 37 2
127 8.82 28.41 10.71 308.92 19 25 2
128 23.05 46.97 26.34 88.03 22 30 3
129 84.05 74.16 0.54 455.12 11 39 3
130 51.32 14.14 20.33 264.79 2 41 3
131 23.16 37.71 20.59 186.42 9 48 3
132 45.52 69.80 3.08 130.91 2 9 3
133 92.06 64.78 21.93 230.31 15 36 2
134 32.81 43.69 23.08 420.18 8 9 2
135 47.95 59.72 40.11 59.59 2 14 3
136 3.54 2.82 22.16 449.55 18 22 1
137 82.86 11.27 43.00 448.41 14 17 2
138 62.26 39.33 34.42 153.54 17 26 1
139 50.62 90.17 21.75 174.53 15 39 3
140 30.52 82.07 33.03 302.78 23 42 3
141 4.18 56.45 21.85 482.49 5 36 2
142 31.96 47.91 43.18 351.86 23 41 3
143 71.57 4.10 8.74 142.44 4 26 3
144 27.41 85.31 6.64 230.10 15 38 1
145 0.85 29.31 49.47 180.75 6 14 1
146 15.11 16.53 6.02 324.17 24 40 1
147 49.01 79.81 29.92 377.21 19 46 3
148 91.81 39.49 0.96 215.72 7 40 1
149 91.40 52.81 31.46 326.60 11 14 1
150 50.06 76.34 48.90 177.08 11 48 3
151 98.03 20.88 22.53 499.12 19 24 3
152 94.12 13.28 16.64 198.63 19 39 1
153 25.41 78.51 9.11 288.99 5 37 1
154 39.38 4.21 2.03 190.74 13 31 2
155 94.60 49.96 23.42 172.73 6 6 1
156 29.15 46.17 21.78 264.59 7 23 2
157 77.25 96.12 20.61 192.30 22 48 1
158 92.39 69.47 33.74 338.79 20 20 1
159 55.47 13.81 16.74 328.92 15 25 2
160 56.01 89.47 38.12 403.49 22 46 3
161 33.33 86.08 27.40 381.80 23 33 2
162 47.51 91.02 0.99 207.62 17 23 3
163 93.92 56.49 1.15 85.03 6 29 2
164 28.53 47.29 45.29 472.86 8 48 2
165 23.62 68.24 4.00 239.61 14 40 1
166 11.28 44.76 49.44 170.85 21 22 2
167 10.36 81.29 34.57 202.99 11 18 3
168 82.97 52.27 43.72 177.17 3 41 2
169 1.29 50.34 39.61 63.19 24 48 1
170 14.65 51.88 3.94 349.07 18 27 1
171 61.31 4.54 3.77 183.40 9 28 2
172 28.63 4.41 41.46 109.63 12 28 2
173 98.92 94.14 46.43 230.83 0 5 2
174 47.60 11.02 4.38 298.83 18 36 3
175 42.43 31.88 5.20 327.60 19 30 3
176 8.56 26.03 45.14 490.46 5 13 3
177 33.74 6.21 46.69 384.80 7 20 3
178 68.55 50.73 11.54 372.32 18 48 2
179 93.66 61.81 32.63 483.66 3 12 2
180 49.48 15.17 12.95 363.96 12 45 2
181 31.88 29.02 45.45 222.56 23 32 1
182 99.90 43.54 41.35 390.43 10 13 3
183 12.30 63.32 21.62 132.46 4 39 1
184 41.54 91.56 8.65 105.92 0 45 3
185 89.87 44.70 28.53 122.09 16 17 3
186 1.63 63.34 3.59 293.78 12 29 3
187 47.02 23.42 28.26 118.40 15 45 3
188 89.10 79.14 3.23 305.09 17 34 3
189 2.93 77.44 0.39 141.62 2 43 2
190 54.93 68.01 2.81 151.46 16 27 1
191 6.86 23.38 44.05 288.85 14 25 3
192 87.28 9.45 18.91 369.04 19 23 2
193 44.53 84.98 27.99 455.25 15 45 2
194 28.42 25.69 14.65 452.99 22 45 1
195 51.90 4.70 3.04 242.57 17 48 3
196 72.96 34.41 28.51 473.33 18 32 2
197 51.12 32.54 34.14 476.01 2 33 3
198 66.00 54.18 13.61 432.99 2 22 2
199 17.08 77.75 16.38 430.64 13 35 3
200 60.95 76.13 31.55 136.80 2 25 3
201 94.54 30.44 21.66 288.97 16 37 2
202 30.93 3.41 2.13 114.42 19 21 2
203 10.51 8.96 28.55 245.43 6 47 3
204 13.21 74.71 33.15 86.76 24 41 2
205 34.82 79.09 39.35 128.87 18 23 1
206 54.92 38.19 0.25 370.30 5 15 1
207 9.07 84.77 17.12 70.59 14 45 3
208 94.37 46.57 15.52 424.13 3 7 1
209 41.41 0.62 8.55 383.58 17 32 1
210 96.78 77.56 47.51 407.86 22 27 1
211 63.57 30.21 3.46 272.90 9 20 1
212 9.71 51.89 16.01 397.65 0 20 1
213 76.73 5.63 28.76 260.65 0 34 1
214 38.96 65.10 21.77 73.80 9 33 3
215 61.29 40.11 19.84 356.25 9 12 1
216 92.87 5.71 6.82 175.05 3 35 1
217 71.32 40.23 39.94 160.33 7 38 3
218 42.89 30.38 21.17 308.25 9 37 3
219 25.35 67.70 41.02 378.10 12 33 2
220 83.89 27.81 33.35 132.92 15 17 2
221 61.59 94.42 22.26 72.03 14 42 3
222 81.85 29.09 18.46 494.63 4 27 2
223 78.31 63.38 7.32 171.02 16 17 2
224 2.51 84.18 24.01 412.13 14 27 1
225 5.77 22.39 24.10 100.50 22 39 1
226 81.77 33.46 3.91 254.78 5 13 2
227 42.48 66.20 39.83 372.48 17 40 2
228 32.00 94.41 21.13 111.28 4 46 1
229 41.57 89.44 34.00 485.22 0 11 3
230 62.73 16.48 0.31 484.95 22 42 1
231 8.79 18.13 37.16 231.52 5 39 1
232 55.01 61.27 12.26 459.65 14 17 2
233 12.89 11.15 18.90 416.38 0 27 1
234 46.65 71.67 24.67 332.23 0 22 1
235 53.88 7.05 34.83 437.14 1 31 2
236 92.98 12.25 0.64 50.76 13 32 3
237 13.87 78.80 17.49 200.90 14 40 2
238 70.60 26.46 30.56 309.28 21 21 3
239 49.91 44.39 16.87 350.19 12 37 1
240 77.55 61.58 36.36 144.23 7 46 1
241 88.19 50.38 42.68 412.63 9 41 3
242 99.16 73.86 23.19 106.66 14 29 2
243 18.70 50.72 13.14 317.77 6 10 2
244 86.16 17.66 33.66 76.70 20 32 3
245 3.04 46.75 3.22 170.57 10 47 1
246 20.38 90.61 1.86 445.21 14 24 2
247 25.54 29.14 36.14 125.73 6 38 2
248 78.61 53.33 34.79 322.55 16 17 3
249 27.50 36.98 4.14 109.77 11 47 1
250 71.75 42.76 24.29 327.72 18 39 2
251 47.78 82.40 34.20 438.90 8 25 3
252 46.23 11.51 45.73 51.45 11 17 1
253 54.00 16.48 20.41 134.16 6 27 3
254 63.30 80.13 21.69 69.13 11 15 3
255 56.06 81.32 32.41 139.33 9 25 3
256 54.85 86.98 30.76 259.65 20 29 3
257 92.90 15.31 43.97 167.15 9 42 2
258 50.02 9.94 4.51 134.27 4 44 1
259 88.75 70.22 40.78 475.87 21 35 2
260 72.63 67.03 36.44 121.99 22 46 1
261 42.45 54.36 12.65 94.24 3 14 1
262 17.16 99.31 13.09 418.34 11 37 2
263 31.07 73.30 22.27 382.08 5 23 2
264 65.64 30.78 40.85 223.90 4 17 3
265 68.89 63.81 14.45 193.04 5 32 2
266 45.09 43.64 32.05 328.16 1 33 2
267 54.46 51.44 14.59 242.86 2 33 2
268 21.05 17.26 19.93 264.03 8 38 3
269 48.20 86.23 36.36 423.78 14 32 2
270 4.85 14.46 47.20 457.32 9 47 3
271 97.09 32.68 34.08 335.68 4 45 2
272 76.49 66.77 28.53 348.37 13 38 2
273 26.44 94.27 13.94 175.97 4 35 3
274 29.26 29.94 34.12 297.11 22 46 3
275 14.77 96.14 16.41 149.09 11 37 1
276 91.95 68.21 17.03 243.25 3 33 2
277 10.74 63.55 33.93 100.11 10 35 1
278 54.62 73.49 0.88 494.08 7 32 1
279 50.93 84.85 36.74 479.69 12 18 1
280 77.75 16.32 26.50 103.65 22 39 1
281 75.17 81.16 25.72 177.72 15 43 1
282 35.27 41.61 2.14 205.84 12 30 2
283 82.43 74.05 47.23 431.84 2 30 3
284 12.38 72.32 20.15 245.05 7 11 3
285 45.16 62.78 4.57 125.64 18 19 2
286 26.26 84.96 22.45 433.55 12 30 1
287 36.94 58.07 2.38 164.35 22 29 3
288 33.64 62.84 11.69 420.69 16 26 3
289 26.23 56.62 16.04 362.79 5 19 1
290 18.49 86.96 49.73 274.90 10 34 1
291 94.32 65.82 0.07 105.58 9 48 2
292 12.94 87.52 10.13 215.74 20 39 3
293 77.52 81.61 6.73 377.96 7 22 1
294 23.87 17.59 45.74 423.29 2 9 3
295 99.95 32.44 23.26 457.49 17 40 1
296 54.16 87.02 7.43 246.98 6 48 3
297 26.69 78.81 35.18 379.31 14 25 2
298 28.97 20.61 46.13 441.09 18 38 3
299 85.24 59.85 28.72 211.16 20 44 3
300 97.44 15.20 6.01 144.81 3 38 3
1 143.86 4061.81 1
2 179.35 2692.49 2
3 163.23 4787.12 3
4 118.81 4121.17 1
5 172.45 2595.57 2
6 155.03 3538.20 2
7 167.36 4240.69 2
8 191.62 4263.28 3
1 1.30 34.34 7
2 1.46 49.23 2
3 1.42 36.78 7
4 1.81 39.52 1
5 1.39 48.90 6
6 1.68 32.67 1
7 1.59 40.88 8
8 1.76 26.75 1
9 1.11 26.36 3
10 1.08 33.72 3
