Data for Vehicle routing problem with drones - Author: Huyen Do Thi Ngoc
Number of depots: 1
Number of cities: 200
Number of trucks: 3
Number of drones: 8
Area: 100 100 50
Customer maximum demand: 500
Max capacity of truck: 200
Max energy of truck: 5000
Max capacity of drone: 2
Max energy of drone: 50
1 50.05 68.12 31.26
1 87.16 53.77 35.39 262.53 24 35 1
2 29.88 41.17 31.45 293.76 3 10 1
3 19.88 69.02 25.66 161.98 15 44 1
4 81.55 12.13 45.85 464.35 9 42 1
5 25.76 23.83 20.14 75.08 9 12 1
6 42.75 31.12 14.78 126.40 20 43 1
7 63.17 85.84 1.65 400.42 14 33 1
8 65.62 74.37 7.23 350.47 15 20 1
9 17.68 56.48 4.10 175.83 0 4 1
10 44.54 45.42 20.63 297.46 11 43 1
11 60.09 17.16 28.62 248.82 10 16 1
12 9.58 76.27 3.29 381.64 11 13 1
13 1.83 58.04 19.20 215.01 17 45 1
14 66.62 27.29 28.47 157.09 15 44 1
15 96.09 14.09 6.35 135.51 12 19 1
16 67.00 19.45 1.88 91.25 20 46 1
17 61.35 6.57 24.02 263.56 0 10 1
18 73.14 34.77 29.61 168.93 15 29 1
19 83.96 0.42 32.50 201.56 19 20 1
20 25.05 17.69 9.70 59.30 23 24 1
21 19.74 4.32 15.65 487.87 8 23 1
22 77.13 8.35 6.54 326.20 10 28 1
23 20.51 22.13 20.14 178.81 22 29 1
24 39.17 37.76 40.36 211.06 22 31 1
25 86.49 88.27 12.01 366.11 14 27 1
26 51.40 99.34 20.08 128.38 0 34 1
27 33.84 27.43 2.92 212.88 7 19 1
28 95.01 13.47 25.34 213.71 20 30 1
29 66.91 29.65 10.91 157.79 5 25 1
30 24.64 92.94 46.78 338.63 6 46 1
31 64.90 5.46 29.43 306.78 15 22 1
32 99.07 85.94 40.69 497.03 24 25 1
33 72.77 3.76 14.68 234.03 8 14 1
34 92.43 28.89 24.07 433.22 23 25 1
35 34.66 47.00 41.98 127.02 11 46 1
36 63.46 74.43 17.63 149.30 21 25 1
37 95.38 44.65 28.16 121.35 22 36 1
38 37.87 88.89 10.19 213.10 17 24 1
39 38.84 49.37 16.14 354.85 4 28 1
40 58.67 68.46 29.58 174.12 0 18 1
41 60.64 93.70 8.10 122.10 2 23 1
42 29.69 7.35 49.26 69.52 5 14 1
43 18.55 1.84 14.50 101.07 13 40 1
44 82.45 25.79 26.79 426.53 1 33 1
45 90.38 86.70 8.71 103.96 19 35 1
46 57.95 20.91 26.78 156.31 7 19 1
47 63.92 76.27 35.03 214.38 5 39 1
48 93.40 67.04 21.66 314.62 13 18 1
49 56.24 67.63 18.52 261.39 7 22 1
50 80.25 82.44 3.07 316.26 19 30 1
51 68.56 47.39 45.34 344.68 12 13 1
52 45.24 46.69 11.90 309.48 15 43 1
53 52.76 95.80 34.37 147.36 24 28 1
54 76.34 80.25 1.01 404.44 21 35 1
55 62.37 92.56 0.42 175.69 4 19 1
56 56.46 50.04 40.20 218.31 5 18 1
57 90.97 54.78 35.09 138.29 21 23 1
58 70.63 24.06 27.92 405.09 21 31 1
59 98.38 30.30 21.36 396.93 20 23 1
60 34.44 31.30 27.65 334.15 14 28 1
61 46.43 38.69 20.85 103.68 15 22 1
62 53.66 67.55 9.04 473.93 17 43 1
63 68.11 56.00 11.62 396.16 4 22 1
64 74.67 71.21 3.88 144.90 3 23 1
65 24.68 3.24 21.11 444.15 3 18 1
66 94.72 60.37 45.20 173.01 1 25 1
67 4.53 61.49 33.39 245.22 0 36 1
68 98.16 23.72 16.97 450.42 8 31 1
69 86.26 83.71 41.40 461.11 4 48 1
70 78.65 82.51 23.06 196.10 15 16 1
71 47.25 50.58 20.49 328.13 9 12 1
72 97.61 40.05 5.80 92.39 6 35 1
73 99.51 32.95 13.44 196.62 20 31 1
74 53.28 20.19 26.87 456.42 4 34 1
75 75.15 27.42 34.93 206.26 5 35 1
76 17.67 20.05 2.92 380.55 10 16 1
77 67.23 61.04 15.21 405.10 15 27 1
78 45.07 12.93 43.26 372.55 8 24 1
79 54.88 25.03 18.33 449.39 24 38 1
80 83.97 75.41 34.68 235.04 6 48 1
81 39.01 62.29 6.56 266.70 14 38 1
82 12.38 45.58 3.74 363.65 22 47 1
83 38.08 97.25 19.51 324.54 8 26 1
84 38.78 37.54 26.13 308.61 7 31 1
85 1.18 21.52 19.64 164.62 16 19 1
86 76.21 89.12 39.45 371.14 21 30 1
87 3.05 24.91 49.12 107.63 4 35 1
88 25.40 40.04 12.50 456.81 9 10 1
89 20.80 57.61 30.50 436.77 20 37 1
90 15.12 30.67 38.36 51.63 20 32 1
91 87.65 67.68 16.08 226.38 20 32 1
92 38.06 49.11 32.09 241.47 0 22 1
93 86.83 77.99 23.80 406.57 12 36 1
94 98.00 11.21 49.87 492.79 15 44 1
95 11.54 57.50 10.46 479.66 7 30 1
96 54.62 55.96 23.53 205.63 15 22 1
97 93.51 74.78 44.83 433.01 8 27 1
98 38.67 53.47 3.19 196.48 22 41 1
99 59.58 93.27 33.18 55.49 13 30 1
100 50.44 58.72 4.60 70.96 2 19 1
101 97.20 9.58 0.68 201.45 3 38 1
102 95.81 58.38 33.43 198.59 18 30 1
103 39.11 5.50 38.28 181.30 23 29 1
104 42.24 77.33 22.12 466.06 20 26 1
105 67.30 66.68 6.85 392.18 14 35 1
106 97.84 34.82 1.36 95.22 14 39 1
107 44.99 15.24 43.20 65.69 22 40 1
108 20.62 49.96 43.44 98.99 10 19 1
109 66.82 97.77 24.03 325.51 7 10 1
110 60.61 2.85 19.48 146.00 7 29 1
111 62.79 37.06 49.97 386.98 5 29 1
112 36.88 99.57 49.17 195.78 2 21 1
113 98.99 80.73 9.89 156.80 5 35 1
114 82.32 16.21 44.39 422.81 3 45 1
115 45.39 71.81 26.67 259.39 2 11 1
116 54.62 92.01 20.40 286.37 1 12 1
117 54.08 74.34 28.66 100.01 0 10 1
118 99.34 47.51 2.77 335.49 4 41 1
119 79.32 49.62 25.96 259.16 0 47 1
120 30.05 52.61 20.10 305.69 21 35 1
121 22.01 60.58 12.01 488.03 19 35 1
122 9.81 82.12 27.50 452.48 6 33 1
123 9.62 60.92 4.33 379.34 23 40 1
124 4.13 9.23 36.63 430.72 4 16 1
125 98.49 64.13 24.37 417.96 15 27 1
126 36.06 13.97 32.52 415.93 17 38 1
127 0.06 24.65 42.65 356.20 2 5 1
128 17.37 73.63 23.38 260.30 24 35 1
129 26.73 3.19 43.85 426.49 17 39 1
130 18.85 5.39 13.69 82.39 12 41 1
131 59.29 52.45 8.37 103.81 17 29 1
132 38.28 11.78 49.94 297.53 3 42 1
133 35.91 99.25 39.11 269.76 17 36 1
134 39.29 15.31 16.70 108.90 6 41 1
135 26.80 51.01 0.85 346.83 22 32 1
136 14.54 22.09 21.56 244.14 12 24 1
137 99.79 28.26 2.97 225.59 24 44 1
138 34.18 97.47 22.34 472.59 5 29 1
139 43.23 73.72 21.18 250.45 8 39 1
140 59.96 68.96 40.16 195.15 20 45 1
141 54.95 80.94 46.07 159.64 24 40 1
142 64.88 10.46 15.77 168.19 22 43 1
143 94.44 79.90 18.67 88.68 20 26 1
144 81.84 84.08 1.60 385.23 0 36 1
145 43.28 42.50 22.17 151.32 20 43 1
146 75.60 54.47 26.35 127.72 22 42 1
147 92.83 93.39 7.79 306.29 8 22 1
148 10.29 48.74 27.62 95.80 5 34 1
149 48.07 6.74 38.26 145.65 5 11 1
150 20.69 14.54 10.75 348.09 23 33 1
151 61.67 30.52 35.40 145.65 16 40 1
152 10.84 3.07 33.84 489.22 0 42 1
153 69.62 19.43 47.64 464.77 7 40 1
154 6.00 69.48 18.52 214.79 1 25 1
155 28.57 5.29 7.78 239.14 21 35 1
156 83.77 56.62 30.31 54.25 23 27 1
157 0.65 72.61 2.66 151.54 3 33 1
158 89.26 26.65 15.35 351.89 11 22 1
159 70.23 38.63 33.15 54.41 7 38 1
160 72.45 93.18 19.53 431.26 0 38 1
161 1.40 77.52 5.34 342.64 10 34 1
162 75.77 11.62 39.28 165.29 9 16 1
163 11.67 30.82 35.05 247.19 18 33 1
164 90.45 66.12 3.88 495.89 20 48 1
165 78.89 31.75 39.18 184.23 7 39 1
166 16.11 65.14 43.48 296.49 14 27 1
167 21.91 57.37 49.35 228.68 11 26 1
168 56.55 93.61 36.64 147.21 5 10 1
169 11.24 75.58 38.20 324.98 6 6 1
170 74.87 65.24 0.76 68.52 24 31 1
171 91.59 98.31 25.35 403.69 4 15 1
172 60.19 21.67 7.26 158.80 6 21 1
173 97.32 46.64 34.17 178.65 2 22 1
174 93.00 63.46 9.75 483.52 24 27 1
175 76.52 55.33 11.47 97.51 0 26 1
176 75.01 34.27 39.79 63.11 7 38 1
177 41.73 36.94 4.93 118.44 15 40 1
178 21.76 93.40 33.45 237.86 0 15 1
179 89.81 84.58 18.97 464.77 10 30 1
180 92.23 88.81 45.75 267.55 20 48 1
181 79.03 11.09 42.24 226.06 2 7 1
182 9.85 70.03 0.20 97.91 12 16 1
183 28.56 67.11 15.04 246.10 17 32 1
184 47.82 14.15 30.31 378.66 3 29 1
185 36.14 32.73 37.47 369.39 8 10 1
186 14.83 25.13 27.66 459.32 23 44 1
187 71.03 65.94 24.73 169.27 9 16 1
188 52.20 40.54 32.05 197.40 0 10 1
189 33.01 52.12 21.79 369.47 5 41 1
190 57.74 58.37 43.26 475.32 5 21 1
191 11.79 81.97 48.11 371.27 1 28 1
192 9.41 57.93 0.68 299.36 6 35 1
193 50.19 0.15 0.91 362.82 4 17 1
194 33.68 91.13 31.20 450.22 3 24 1
195 64.31 1.76 25.92 479.97 9 16 1
196 91.48 6.04 28.52 391.19 8 26 1
197 44.37 16.02 11.15 50.04 11 43 1
198 2.96 36.93 23.48 487.17 2 38 1
199 82.76 91.76 46.51 281.70 8 12 1
200 34.98 76.29 12.49 339.95 20 46 1
1 100.50 4673.78 1
2 189.63 2733.12 1
3 164.32 3556.52 1
1 1.73 29.19 1
2 1.74 38.98 3
3 1.05 37.64 2
4 1.48 36.54 1
5 1.87 30.38 3
6 1.93 47.89 1
7 1.41 40.65 3
8 1.78 40.57 3
