Data for Vehicle routing problem with drones - Author: Huyen Do Thi Ngoc
Number of depots: 3
Number of cities: 100
Number of trucks: 3
Number of drones: 11
Area: 100 100 50
Customer maximum demand: 500
Max capacity of truck: 200
Max energy of truck: 5000
Max capacity of drone: 2
Max energy of drone: 50
1 53.57 28.81 4.98
2 4.63 79.11 45.38
3 62.09 39.07 33.50
1 11.62 89.04 29.16 463.54 14 17 3
2 20.29 12.57 49.02 309.70 12 37 3
3 47.60 4.59 6.82 95.52 24 45 2
4 77.26 91.92 23.57 307.50 0 34 2
5 77.95 3.34 42.02 201.61 17 42 2
6 97.23 76.34 42.29 334.24 23 44 1
7 66.15 46.80 14.01 107.97 9 9 3
8 19.44 66.21 43.61 329.45 24 45 3
9 79.57 93.44 24.86 289.03 22 24 3
10 58.87 73.69 10.83 318.06 11 41 3
11 22.02 4.63 27.75 134.01 7 29 3
12 73.82 97.09 2.71 468.01 1 25 3
13 13.69 69.78 14.59 440.46 12 13 3
14 28.35 61.90 34.44 225.28 0 23 2
15 3.18 11.82 32.76 159.62 16 20 2
16 54.56 36.56 24.70 131.55 3 10 3
17 79.41 20.95 42.88 449.57 19 19 3
18 34.75 80.22 41.66 401.79 0 42 1
19 57.58 6.94 37.82 184.75 21 32 2
20 7.00 29.57 34.76 402.44 8 37 3
21 26.39 17.95 34.76 195.81 10 27 3
22 80.49 69.20 16.20 296.76 2 25 1
23 31.93 30.42 47.38 394.52 10 15 1
24 37.39 75.64 43.07 394.68 12 34 1
25 20.52 95.25 10.99 303.32 3 28 1
26 0.25 33.77 4.17 430.00 18 30 3
27 62.64 78.61 14.92 202.28 16 46 3
28 94.47 89.29 37.91 335.03 6 23 2
29 87.78 59.76 9.00 87.31 10 22 1
30 67.22 7.75 1.12 384.30 20 24 1
31 40.89 5.61 46.04 156.87 9 30 1
32 43.01 81.40 23.72 224.57 23 26 1
33 59.41 19.94 46.03 299.52 8 9 1
34 73.87 58.22 39.02 343.20 1 29 2
35 70.70 38.69 15.23 78.38 19 43 1
36 42.51 58.92 23.32 366.25 24 30 1
37 52.60 62.91 44.00 144.53 11 25 3
38 41.57 68.87 24.15 242.07 12 41 2
39 56.52 68.14 48.30 321.69 8 27 3
40 1.54 14.42 7.30 498.10 23 38 2
41 21.17 15.45 45.01 142.16 3 46 2
42 5.33 69.21 27.87 153.41 3 46 2
43 53.24 82.21 0.14 154.41 1 25 2
44 42.52 57.01 15.52 360.06 17 48 1
45 89.25 63.14 25.22 165.60 11 42 1
46 88.81 33.77 41.70 155.04 15 33 1
47 5.83 86.35 32.73 270.32 24 37 1
48 6.03 78.89 49.24 164.06 18 47 3
49 65.62 33.85 32.89 142.87 11 12 2
50 9.12 33.18 24.62 352.27 1 21 3
51 55.86 4.96 20.38 348.31 18 26 3
52 49.66 83.74 16.63 110.88 12 12 2
53 88.34 69.61 6.74 378.13 11 27 3
54 11.42 73.06 44.19 476.27 11 27 3
55 62.61 35.41 11.69 69.83 19 45 3
56 58.30 80.42 18.40 297.21 21 45 2
57 45.82 92.02 42.13 486.82 9 41 3
58 1.81 91.91 20.81 309.94 9 14 1
59 74.41 41.87 41.25 95.09 23 25 2
60 69.21 8.03 31.83 364.80 15 27 3
61 38.64 66.01 44.41 454.26 9 41 2
62 86.28 95.00 39.60 274.37 18 45 1
63 75.20 87.99 44.70 212.33 17 19 2
64 5.50 58.23 16.70 411.69 15 45 1
65 46.19 19.77 31.30 111.09 3 19 2
66 61.54 67.21 35.10 428.42 16 37 1
67 62.34 8.74 45.90 456.96 5 14 1
68 92.59 39.60 16.43 158.23 2 23 3
69 36.39 28.78 48.44 222.03 24 25 2
70 60.29 35.10 25.53 138.75 9 47 2
71 52.65 30.58 1.46 394.32 19 40 1
72 11.93 45.45 19.76 301.39 0 13 3
73 50.55 83.49 11.24 248.86 24 25 3
74 47.44 49.34 47.71 412.17 6 31 2
75 24.65 27.88 42.13 253.84 3 13 3
76 29.10 66.16 46.67 286.29 2 42 3
77 86.54 99.08 49.98 312.91 6 7 2
78 41.17 85.67 30.95 242.11 17 30 3
79 82.54 33.41 31.51 301.23 24 37 1
80 81.87 20.92 13.15 233.25 10 36 2
81 98.26 84.58 16.31 244.76 17 27 1
82 54.05 27.08 7.26 421.12 7 14 3
83 89.46 89.55 27.53 381.36 2 12 3
84 16.37 77.81 3.50 424.78 21 34 3
85 64.74 49.87 30.29 101.54 13 24 3
86 85.96 73.57 46.37 170.38 5 15 3
87 88.65 95.59 1.45 143.42 20 21 3
88 75.43 78.25 48.90 325.55 24 24 3
89 66.14 81.82 27.30 316.90 15 43 2
90 27.23 86.31 48.92 362.31 23 37 2
91 1.42 53.37 29.62 322.59 12 46 2
92 60.94 59.89 16.74 485.28 5 10 3
93 11.51 67.61 31.60 307.71 11 32 1
94 53.48 52.44 42.05 157.53 0 48 3
95 29.05 54.00 27.58 476.30 1 24 1
96 8.18 47.06 36.73 84.90 14 28 3
97 8.85 5.10 47.33 461.80 21 21 2
98 26.31 60.33 42.49 110.49 8 19 2
99 18.63 12.33 24.42 131.80 11 12 1
100 74.91 71.12 38.01 155.81 11 23 3
1 141.82 3163.50 1
2 106.49 4126.29 2
3 159.22 2926.12 3
1 1.03 44.66 3
2 1.03 49.87 1
3 1.29 40.70 2
4 1.80 29.77 2
5 1.35 33.53 2
6 1.56 41.13 1
7 1.24 33.29 3
8 1.78 47.51 3
9 1.17 34.28 2
10 1.37 45.87 3
11 1.45 48.25 2
