Data for Vehicle routing problem with drones - Author: Huyen Do Thi Ngoc
Number of depots: 1
Number of cities: 400
Number of trucks: 5
Number of drones: 8
Area: 100 100 50
Customer maximum demand: 500
Max capacity of truck: 200
Max energy of truck: 5000
Max capacity of drone: 2
Max energy of drone: 50
1 17.92 95.09 42.42
1 72.35 38.26 21.24 346.17 23 48 1
2 96.71 7.03 3.84 273.62 6 42 1
3 80.51 29.73 5.95 291.08 23 45 1
4 79.00 57.63 19.11 302.65 18 40 1
5 89.50 93.15 33.45 487.20 18 45 1
6 89.11 41.12 43.19 191.50 2 5 1
7 1.52 46.56 48.07 128.47 3 29 1
8 72.60 13.20 42.29 429.00 17 35 1
9 80.64 43.63 29.21 260.26 16 27 1
10 81.73 18.99 5.65 423.52 3 39 1
11 49.58 41.91 12.71 177.64 17 33 1
12 45.71 77.54 24.83 149.09 15 41 1
13 80.30 73.08 34.96 404.38 8 17 1
14 21.78 54.94 24.92 333.62 14 47 1
15 41.37 58.46 1.75 467.63 18 45 1
16 1.61 98.70 19.68 63.88 20 42 1
17 46.38 76.27 12.82 422.56 16 42 1
18 0.33 71.23 26.28 439.46 12 41 1
19 86.58 87.90 17.27 272.52 10 36 1
20 97.40 23.89 39.09 91.38 5 44 1
21 86.49 53.67 32.60 382.85 1 18 1
22 39.74 2.30 20.28 339.36 10 40 1
23 73.53 71.73 35.90 415.70 1 8 1
24 83.46 90.40 1.38 248.95 7 41 1
25 26.05 70.01 29.96 462.28 1 33 1
26 87.06 60.11 3.78 410.70 17 40 1
27 82.02 73.46 40.69 310.15 17 46 1
28 70.44 9.10 18.22 133.51 24 27 1
29 47.26 97.20 14.25 320.22 21 43 1
30 15.69 31.80 31.71 65.21 18 39 1
31 77.42 85.05 47.40 185.24 17 41 1
32 37.15 35.37 21.58 226.38 13 28 1
33 84.31 7.63 18.58 409.85 5 46 1
34 65.98 53.97 29.28 432.20 17 45 1
35 78.72 48.03 11.22 303.97 8 23 1
36 72.28 67.52 12.65 93.95 16 19 1
37 2.00 43.66 13.01 151.53 6 36 1
38 75.89 28.66 32.15 180.98 20 44 1
39 32.48 24.03 21.83 210.71 18 29 1
40 6.88 27.04 19.57 132.84 20 37 1
41 51.72 68.23 18.92 429.34 5 42 1
42 57.38 56.96 40.83 225.93 15 39 1
43 66.49 7.80 0.28 405.31 22 38 1
44 90.41 45.37 28.46 340.64 0 3 1
45 40.38 21.71 44.29 279.57 20 23 1
46 50.18 32.55 48.53 87.12 13 40 1
47 55.42 33.01 10.56 392.36 16 16 1
48 80.92 83.02 10.05 152.49 2 2 1
49 27.43 13.13 16.58 446.33 8 33 1
50 5.64 28.70 34.46 53.09 2 34 1
51 52.55 23.39 11.31 470.48 11 18 1
52 41.44 40.22 8.89 297.93 12 30 1
53 0.25 45.83 0.19 373.88 23 43 1
54 42.88 65.01 3.85 257.51 3 3 1
55 23.60 77.68 44.52 290.95 2 27 1
56 96.10 46.84 33.57 233.23 20 21 1
57 7.27 53.49 9.79 454.18 10 44 1
58 85.54 79.83 38.43 148.09 7 30 1
59 89.59 75.54 34.03 152.69 12 20 1
60 75.91 17.29 5.52 406.60 9 13 1
61 3.81 4.92 31.00 191.37 10 28 1
62 96.05 6.23 12.07 69.34 2 5 1
63 28.82 49.89 8.36 293.15 11 17 1
64 86.70 71.04 5.84 201.20 17 25 1
65 35.12 96.15 15.06 268.09 13 41 1
66 69.91 20.02 32.53 305.26 1 37 1
67 74.78 23.15 41.11 103.40 17 47 1
68 80.27 20.04 19.93 69.11 24 45 1
69 85.09 57.11 23.56 482.46 10 46 1
70 27.57 88.96 3.99 274.85 10 20 1
71 62.14 59.18 5.15 113.17 5 10 1
72 53.72 52.69 48.75 200.93 5 33 1
73 55.27 44.22 14.64 453.05 24 33 1
74 98.75 53.93 34.71 115.48 12 14 1
75 19.32 17.22 16.46 165.96 17 33 1
76 82.59 34.54 11.15 358.28 24 39 1
77 37.97 10.84 40.36 410.31 13 16 1
78 82.78 44.54 41.00 426.39 0 36 1
79 48.57 99.54 34.61 340.32 11 11 1
80 40.87 97.35 10.53 154.93 7 42 1
81 38.37 56.66 36.44 371.00 14 14 1
82 6.99 48.54 43.35 394.02 0 36 1
83 78.28 18.79 5.55 221.03 13 42 1
84 21.28 33.60 6.46 105.70 4 8 1
85 68.89 39.30 22.29 110.83 4 15 1
86 20.11 12.84 45.61 165.63 7 31 1
87 17.69 17.65 5.08 458.51 7 37 1
88 86.82 22.08 33.72 250.34 5 23 1
89 73.68 89.65 20.82 310.80 10 33 1
90 34.35 91.96 38.77 489.36 15 39 1
91 10.19 40.35 31.40 181.23 0 33 1
92 9.82 75.26 45.64 480.76 4 33 1
93 78.24 37.50 13.32 381.30 13 17 1
94 54.58 64.83 27.51 267.39 0 29 1
95 39.96 56.01 35.83 183.63 23 32 1
96 76.94 51.60 43.19 366.57 7 47 1
97 20.83 17.61 3.19 322.33 0 45 1
98 30.51 38.39 21.24 180.77 0 2 1
99 68.39 41.76 37.21 366.61 21 45 1
100 90.99 56.81 4.19 489.99 23 42 1
101 45.41 73.83 32.18 205.28 11 16 1
102 67.71 92.88 14.22 416.45 23 39 1
103 89.93 98.11 1.42 159.29 0 36 1
104 20.87 61.55 29.47 374.52 12 19 1
105 19.14 54.68 40.46 92.81 6 9 1
106 57.45 51.86 45.92 152.14 15 29 1
107 55.44 81.18 8.12 99.94 15 22 1
108 38.88 18.63 28.89 207.31 10 35 1
109 97.72 48.80 33.36 172.68 13 33 1
110 19.11 8.67 25.47 448.87 20 37 1
111 24.19 53.29 17.95 469.52 3 32 1
112 44.64 7.85 49.82 351.73 17 28 1
113 18.87 21.79 21.58 234.46 9 17 1
114 49.39 59.32 6.75 259.96 7 23 1
115 74.21 11.53 42.80 134.50 4 15 1
116 33.71 97.00 1.48 341.47 21 22 1
117 93.02 35.73 19.64 237.63 2 3 1
118 29.03 65.38 4.39 90.48 11 46 1
119 85.18 22.36 4.30 360.02 0 30 1
120 21.97 12.01 27.54 57.47 23 38 1
121 45.99 34.30 33.50 271.01 9 27 1
122 5.68 47.01 45.80 351.34 19 27 1
123 62.16 56.04 46.48 165.02 22 32 1
124 61.04 29.62 20.33 422.70 7 26 1
125 27.65 78.68 16.79 312.10 20 30 1
126 24.56 49.83 0.85 92.71 4 31 1
127 20.88 14.68 1.08 284.64 17 33 1
128 62.74 48.59 23.88 196.72 0 31 1
129 57.55 36.14 24.66 195.68 20 37 1
130 98.26 63.20 8.77 261.36 22 23 1
131 67.43 48.79 45.95 277.37 10 20 1
132 54.75 83.42 48.96 198.06 9 16 1
133 12.76 16.71 47.49 78.14 13 34 1
134 5.28 81.19 37.69 108.20 18 35 1
135 97.71 84.10 7.58 142.29 4 41 1
136 26.85 32.69 14.00 76.17 24 33 1
137 92.11 96.09 2.95 405.49 22 29 1
138 81.44 22.83 19.77 378.02 5 6 1
139 27.75 85.07 32.42 372.87 16 17 1
140 12.64 23.76 13.02 303.39 10 10 1
141 99.04 94.08 9.44 300.32 11 36 1
142 99.46 15.31 44.91 291.38 3 8 1
143 71.91 36.21 22.56 359.98 22 36 1
144 49.83 33.49 11.71 415.35 19 38 1
145 27.90 83.84 46.95 365.30 16 17 1
146 84.49 20.13 20.58 211.86 5 25 1
147 91.39 0.55 13.58 210.42 6 9 1
148 45.94 83.71 44.45 67.13 9 44 1
149 71.02 98.05 4.75 384.31 21 23 1
150 51.40 10.69 16.48 122.81 5 26 1
151 71.65 48.61 45.20 99.70 10 40 1
152 88.99 49.86 12.28 76.68 17 47 1
153 49.54 88.98 16.23 117.76 17 28 1
154 36.19 88.62 43.99 422.16 7 29 1
155 73.42 21.94 46.11 383.17 22 38 1
156 58.77 59.40 7.22 119.13 16 30 1
157 98.25 67.28 40.13 397.66 21 43 1
158 3.36 80.68 38.29 409.94 22 26 1
159 71.94 20.59 13.77 225.66 20 44 1
160 61.24 27.30 5.14 462.66 16 41 1
161 54.15 98.96 7.17 226.09 12 15 1
162 97.68 95.02 6.40 289.35 10 44 1
163 29.07 90.48 20.93 267.73 10 39 1
164 80.09 42.38 27.42 161.38 18 41 1
165 79.02 35.31 7.84 405.98 4 17 1
166 2.96 8.88 49.99 149.46 2 39 1
167 58.48 97.24 2.14 484.88 7 46 1
168 72.18 0.85 6.17 395.08 14 24 1
169 79.78 59.76 25.94 421.78 10 21 1
170 23.81 11.92 21.50 454.43 10 48 1
171 32.05 16.71 10.15 118.24 18 24 1
172 86.49 30.90 48.11 176.31 9 30 1
173 26.68 24.84 39.88 217.20 2 46 1
174 6.03 99.71 16.38 195.60 18 40 1
175 29.60 34.11 13.46 457.68 13 45 1
176 74.94 12.29 13.44 141.88 10 45 1
177 14.14 43.61 15.68 257.47 22 30 1
178 81.65 2.21 42.06 202.54 6 23 1
179 29.43 82.04 38.62 255.54 6 34 1
180 84.11 12.12 33.16 413.10 24 42 1
181 72.78 87.32 40.65 174.01 1 45 1
182 23.59 73.76 45.85 62.71 4 17 1
183 75.86 87.41 41.71 481.86 3 43 1
184 3.60 93.95 45.59 499.18 10 42 1
185 38.48 26.28 23.04 424.64 19 37 1
186 95.56 84.38 27.56 222.75 13 27 1
187 37.08 33.53 28.84 108.44 2 42 1
188 68.90 96.76 39.09 388.17 4 12 1
189 55.99 27.60 14.35 395.73 23 28 1
190 39.99 3.39 19.94 204.74 4 10 1
191 97.11 34.00 3.12 113.59 6 35 1
192 86.70 11.90 33.94 63.43 19 27 1
193 59.75 82.19 5.35 262.18 7 28 1
194 93.02 46.42 20.30 241.41 9 13 1
195 34.80 46.96 36.75 184.44 9 24 1
196 75.86 25.23 0.19 66.96 3 19 1
197 23.60 10.30 44.60 379.04 18 34 1
198 10.16 11.09 20.53 124.43 4 17 1
199 33.01 29.88 33.24 322.87 23 42 1
200 80.71 74.45 18.47 72.33 24 44 1
201 6.76 38.58 2.24 173.82 23 23 1
202 68.52 31.55 21.04 270.29 18 38 1
203 87.38 83.15 38.55 331.51 22 39 1
204 49.38 78.87 21.65 180.97 24 24 1
205 77.09 62.81 21.88 125.52 15 48 1
206 96.70 39.45 18.98 77.75 6 33 1
207 37.75 74.85 45.99 402.77 0 5 1
208 22.68 56.74 31.57 277.76 23 40 1
209 4.90 35.46 2.94 67.34 19 41 1
210 97.19 2.66 2.51 77.28 2 5 1
211 87.11 32.59 40.22 237.11 21 44 1
212 13.34 51.52 44.75 484.72 3 11 1
213 25.37 53.96 5.33 465.78 12 24 1
214 54.13 88.90 23.49 184.73 9 39 1
215 0.98 14.27 42.06 168.72 2 36 1
216 47.03 56.97 15.23 101.89 20 38 1
217 13.45 57.26 16.71 491.60 18 46 1
218 58.28 62.48 29.48 415.34 21 27 1
219 70.66 3.66 8.47 450.48 1 4 1
220 25.70 41.91 29.37 445.43 24 43 1
221 22.99 29.60 2.17 116.54 11 19 1
222 73.49 23.86 9.12 58.66 23 45 1
223 78.80 24.38 23.26 155.14 17 36 1
224 59.98 55.05 43.00 307.26 17 25 1
225 68.02 97.17 40.30 450.30 10 39 1
226 52.74 72.26 35.61 229.13 16 20 1
227 11.57 20.20 3.49 79.73 24 36 1
228 93.09 29.98 16.79 491.62 14 35 1
229 32.42 41.89 41.30 204.05 18 24 1
230 2.01 95.30 28.80 83.86 16 43 1
231 53.35 88.49 33.64 247.86 6 22 1
232 1.86 20.92 28.44 447.61 14 40 1
233 17.04 29.62 31.96 344.40 0 12 1
234 66.95 63.36 2.44 54.09 23 40 1
235 19.48 59.79 13.26 495.61 5 8 1
236 99.48 51.18 7.82 134.36 19 21 1
237 70.30 27.33 10.37 123.72 2 25 1
238 78.93 85.37 42.34 391.76 14 27 1
239 48.33 67.56 17.72 151.00 8 23 1
240 83.09 30.66 42.11 355.60 16 21 1
241 39.28 54.20 14.82 405.66 16 32 1
242 50.18 99.68 34.04 185.31 11 20 1
243 2.95 83.51 44.01 329.99 6 37 1
244 40.82 76.04 5.01 468.70 7 40 1
245 97.83 4.41 27.26 379.56 23 36 1
246 67.16 51.81 6.58 151.90 24 39 1
247 28.14 35.60 46.16 471.01 4 40 1
248 45.29 86.42 16.16 337.37 14 14 1
249 48.62 24.91 30.55 69.48 0 19 1
250 52.55 44.19 25.59 69.95 23 25 1
251 24.05 2.10 16.93 165.61 22 42 1
252 48.17 84.49 48.69 54.06 21 26 1
253 31.00 33.53 38.69 225.37 12 14 1
254 17.61 27.74 22.16 323.61 13 40 1
255 26.34 70.48 27.21 348.49 11 38 1
256 53.29 69.11 2.95 113.36 5 34 1
257 15.82 5.32 49.12 50.11 7 40 1
258 50.65 60.43 26.03 280.72 17 37 1
259 30.49 83.24 27.50 71.39 0 32 1
260 53.31 27.09 13.75 190.71 8 31 1
261 1.38 94.63 16.47 489.77 17 19 1
262 47.52 26.41 48.85 407.45 19 32 1
263 80.46 58.73 31.49 364.94 10 42 1
264 6.86 96.42 34.70 275.89 0 29 1
265 78.54 46.59 38.95 113.69 0 20 1
266 70.47 0.52 35.54 99.50 24 31 1
267 74.67 90.10 6.46 247.64 15 25 1
268 27.93 25.54 0.21 289.99 13 15 1
269 51.32 62.02 28.12 84.83 12 37 1
270 48.26 98.91 12.71 185.15 6 23 1
271 97.85 59.90 19.78 491.00 17 23 1
272 42.40 39.56 9.44 268.34 8 13 1
273 72.11 77.72 4.56 266.94 6 9 1
274 75.31 20.36 31.21 349.79 15 36 1
275 77.83 42.46 17.80 481.98 10 37 1
276 9.32 17.63 8.52 145.40 12 33 1
277 68.45 34.44 19.40 122.84 4 16 1
278 88.03 44.64 19.69 376.07 8 28 1
279 91.09 19.03 41.10 382.17 24 44 1
280 36.21 25.13 34.98 198.06 10 39 1
281 45.11 83.79 38.01 82.50 15 26 1
282 2.13 94.10 49.21 133.80 24 36 1
283 84.96 2.27 14.96 488.84 24 28 1
284 72.42 38.20 39.69 476.41 20 30 1
285 22.02 82.47 47.32 324.94 22 28 1
286 17.10 19.74 7.94 154.25 17 29 1
287 69.44 92.92 2.53 358.74 23 34 1
288 56.44 32.97 48.87 403.69 14 48 1
289 20.04 2.67 41.97 431.81 10 12 1
290 15.77 64.04 16.02 111.05 7 27 1
291 92.30 26.97 48.16 119.58 18 45 1
292 25.62 69.64 46.11 121.99 13 35 1
293 28.26 75.83 23.08 269.27 4 42 1
294 36.75 14.24 18.40 268.29 15 15 1
295 55.07 58.98 46.88 467.30 24 40 1
296 65.61 15.72 25.43 460.30 21 46 1
297 77.83 80.10 2.01 244.29 24 25 1
298 93.55 5.37 29.87 197.28 19 21 1
299 91.42 73.34 31.48 209.65 5 31 1
300 57.75 24.82 39.50 323.06 11 43 1
301 37.38 75.40 7.55 81.76 14 47 1
302 89.20 76.95 17.40 415.05 17 29 1
303 88.49 99.23 45.56 418.89 6 12 1
304 77.94 77.48 41.95 456.82 8 16 1
305 48.95 45.95 43.22 295.73 13 24 1
306 78.08 2.06 33.30 309.23 13 16 1
307 54.65 8.40 38.44 151.07 21 48 1
308 49.07 28.39 43.84 376.38 9 9 1
309 29.29 29.40 23.85 262.60 4 46 1
310 61.95 48.63 37.34 284.83 22 23 1
311 13.45 27.66 23.37 355.90 20 39 1
312 49.99 76.93 36.00 230.10 23 44 1
313 28.36 48.49 30.55 464.18 5 39 1
314 4.43 92.88 13.85 111.76 14 16 1
315 80.69 63.79 11.12 254.85 12 43 1
316 52.85 98.05 19.48 198.52 15 27 1
317 19.85 58.83 48.70 425.62 6 26 1
318 46.02 12.71 49.54 51.12 16 37 1
319 62.84 22.95 32.59 141.39 13 41 1
320 27.02 23.50 11.85 237.09 1 40 1
321 2.76 68.95 37.90 108.83 16 28 1
322 21.12 22.34 5.08 315.37 22 29 1
323 7.40 41.72 3.80 386.65 20 26 1
324 9.05 0.26 23.74 473.15 12 15 1
325 26.13 32.38 32.66 402.95 14 20 1
326 9.57 68.39 23.98 156.20 10 12 1
327 85.56 89.49 9.58 401.14 10 44 1
328 0.95 33.40 2.33 303.90 0 44 1
329 76.10 96.44 2.75 385.14 1 27 1
330 3.62 43.26 22.86 442.59 15 25 1
331 30.82 49.92 37.60 492.83 20 33 1
332 17.88 32.44 36.55 355.27 4 39 1
333 31.52 29.26 5.85 244.37 1 45 1
334 4.73 71.35 26.09 55.46 17 39 1
335 6.73 41.12 23.25 452.99 19 33 1
336 78.23 78.92 2.90 209.51 17 48 1
337 60.24 40.29 19.77 469.25 14 23 1
338 16.67 40.96 40.10 460.68 0 11 1
339 8.55 84.57 49.35 199.77 22 42 1
340 14.29 78.15 19.67 308.11 1 47 1
341 4.59 39.09 23.03 475.70 16 47 1
342 18.87 35.88 48.95 113.62 7 9 1
343 50.05 31.62 48.82 77.17 19 39 1
344 89.94 86.17 35.94 431.32 20 36 1
345 53.32 74.03 15.57 105.00 4 12 1
346 47.72 24.22 26.74 482.95 8 36 1
347 12.80 4.48 28.76 404.33 15 24 1
348 14.75 90.27 39.92 281.57 10 18 1
349 16.17 12.66 14.00 482.39 23 36 1
350 73.07 62.45 13.81 384.55 5 11 1
351 62.04 28.70 11.00 130.12 13 18 1
352 48.81 20.41 38.43 329.85 11 36 1
353 6.02 2.82 47.92 426.43 1 14 1
354 89.62 16.29 42.71 91.93 9 16 1
355 94.13 93.95 43.03 241.11 6 32 1
356 8.47 24.86 38.56 372.46 18 34 1
357 64.72 88.66 25.24 364.41 11 25 1
358 25.30 27.64 6.60 438.56 8 33 1
359 79.25 13.02 42.91 336.15 0 13 1
360 78.91 73.66 32.64 367.55 21 30 1
361 97.79 36.40 22.78 305.38 4 21 1
362 38.10 21.75 33.23 306.11 17 38 1
363 55.41 7.42 49.96 421.01 1 45 1
364 47.08 33.43 19.78 229.14 19 25 1
365 11.67 69.77 19.38 493.48 16 37 1
366 8.07 13.94 29.58 148.13 22 47 1
367 21.45 79.25 16.53 481.18 14 40 1
368 16.31 53.38 31.94 439.54 17 22 1
369 26.08 5.03 37.96 57.85 9 42 1
370 18.58 15.27 0.11 441.23 8 35 1
371 15.85 75.69 20.83 316.65 11 21 1
372 14.41 64.16 5.42 88.80 9 32 1
373 27.14 13.55 22.27 377.41 8 27 1
374 45.89 36.05 27.58 111.12 11 39 1
375 0.15 21.39 20.96 317.88 11 40 1
376 91.47 43.06 11.79 465.56 0 44 1
377 80.13 77.32 46.92 99.57 12 14 1
378 3.98 8.01 44.67 428.53 16 34 1
379 66.37 5.75 37.87 403.77 20 22 1
380 58.68 6.49 20.22 334.28 23 24 1
381 98.30 86.87 5.78 390.41 7 33 1
382 38.17 83.60 22.13 314.61 8 30 1
383 60.32 71.76 40.31 181.28 4 14 1
384 81.19 49.69 10.04 221.00 18 21 1
385 99.08 1.32 1.73 270.44 24 44 1
386 59.38 17.96 23.02 462.73 24 40 1
387 42.36 5.64 9.89 199.12 23 32 1
388 58.44 20.50 36.22 345.04 24 29 1
389 20.48 42.40 5.49 297.80 12 26 1
390 65.44 15.94 4.53 422.77 22 48 1
391 87.86 78.08 45.79 228.87 24 39 1
392 70.77 33.95 20.19 324.84 9 20 1
393 89.96 24.28 0.56 83.91 20 41 1
394 84.03 27.02 9.39 128.07 23 28 1
395 33.39 69.27 15.94 308.35 18 24 1
396 11.22 61.33 5.98 284.23 7 39 1
397 64.49 10.73 44.75 157.11 11 12 1
398 12.50 57.99 27.11 445.32 24 44 1
399 56.68 78.09 36.38 231.06 22 37 1
400 57.51 57.00 45.99 317.67 4 36 1
1 133.40 3581.84 1
2 196.89 4965.57 1
3 133.66 2792.63 1
4 155.33 3782.00 1
5 102.48 4246.59 1
1 1.13 48.06 3
2 1.08 37.10 5
3 1.82 39.07 2
4 1.12 29.97 3
5 1.38 36.51 1
6 1.01 30.00 4
7 1.87 30.49 5
8 1.97 27.35 4
