Data for Vehicle routing problem with drones - Author: Huyen Do Thi Ngoc
Number of depots: 4
Number of cities: 200
Number of trucks: 8
Number of drones: 13
Area: 100 100 50
Customer maximum demand: 500
Max capacity of truck: 200
Max energy of truck: 5000
Max capacity of drone: 2
Max energy of drone: 50
1 61.72 91.18 0.32
2 51.67 2.91 14.78
3 6.17 67.70 1.46
4 96.09 23.58 17.29
1 39.72 58.31 42.45 339.77 19 24 1
2 9.51 15.93 0.00 85.97 6 41 2
3 74.79 20.43 39.71 419.79 2 12 3
4 35.35 39.42 13.19 293.85 22 23 4
5 14.13 92.52 39.64 334.50 23 33 2
6 25.58 7.15 46.96 95.02 3 48 4
7 94.34 98.13 1.58 363.80 9 31 2
8 95.69 60.98 42.39 455.96 10 26 1
9 48.81 35.62 27.27 344.64 4 35 2
10 20.27 91.13 36.04 438.12 12 14 4
11 6.38 62.54 14.07 331.19 5 46 1
12 32.40 40.85 36.85 121.96 9 47 3
13 21.91 22.85 23.70 499.08 19 35 3
14 28.85 26.57 17.50 258.14 18 27 2
15 82.44 54.00 28.16 404.69 10 39 4
16 67.85 3.70 4.63 151.21 15 28 4
17 33.09 19.11 18.75 185.72 13 46 4
18 83.14 61.92 22.30 280.21 11 23 3
19 79.55 57.97 10.07 106.58 13 26 4
20 81.17 57.35 14.67 224.00 13 44 1
21 10.15 5.32 26.26 359.26 7 10 1
22 72.64 85.93 35.89 440.16 7 7 4
23 78.26 13.33 10.47 300.31 8 9 1
24 92.75 55.03 43.49 247.82 13 21 3
25 36.40 2.11 47.65 143.79 3 13 2
26 93.50 70.92 0.58 362.90 20 39 1
27 59.55 42.14 10.05 298.06 11 23 1
28 27.73 18.68 31.32 109.25 1 15 4
29 43.56 0.91 1.06 280.68 1 15 2
30 27.33 48.46 34.68 324.46 22 28 1
31 18.63 84.28 40.97 182.31 9 25 1
32 63.60 10.11 25.54 59.21 16 42 2
33 48.59 64.38 38.24 209.92 22 28 1
34 96.30 67.35 5.38 487.06 19 19 3
35 55.90 19.93 19.66 190.73 5 44 1
36 43.54 90.59 15.77 233.85 0 34 2
37 10.93 43.77 29.26 71.34 12 27 1
38 52.82 92.34 25.38 274.11 23 24 4
39 77.12 94.91 38.63 465.27 3 44 3
40 40.57 23.62 32.88 309.43 5 20 3
41 42.58 23.23 3.83 154.16 18 40 1
42 85.57 39.93 24.34 211.42 5 10 2
43 14.20 97.19 49.84 261.88 10 11 4
44 24.54 23.53 41.77 107.79 4 33 1
45 91.43 44.73 6.20 232.86 0 36 1
46 10.90 84.44 43.11 357.66 5 20 3
47 16.52 49.02 48.55 56.93 2 15 3
48 7.42 0.09 20.97 341.81 16 28 3
49 73.14 57.53 20.26 300.60 17 40 4
50 35.79 2.34 2.59 88.00 14 41 2
51 44.61 57.77 28.29 231.41 20 25 1
52 6.11 95.18 5.52 96.94 5 28 4
53 86.80 59.48 10.06 179.67 6 26 1
54 62.41 72.27 30.62 390.10 20 23 4
55 38.49 73.28 11.80 170.32 7 18 2
56 45.98 62.00 33.89 353.86 17 44 3
57 19.47 70.18 15.75 256.96 8 20 3
58 12.07 43.68 18.66 442.42 0 23 4
59 55.62 64.46 30.10 300.37 5 41 2
60 38.94 76.66 8.94 347.83 1 46 2
61 67.23 63.83 43.17 297.00 6 46 2
62 81.28 51.19 26.00 113.80 19 39 3
63 13.80 44.42 42.47 264.14 20 31 4
64 4.46 27.98 48.49 364.11 1 14 1
65 61.49 31.70 25.38 336.54 2 16 1
66 78.78 59.39 0.00 273.54 6 40 2
67 1.47 36.31 11.97 132.26 23 33 3
68 46.38 75.96 3.72 339.99 22 32 1
69 38.23 7.82 29.84 397.84 1 21 3
70 93.19 30.20 18.30 436.44 10 44 1
71 99.16 37.98 33.21 314.30 21 33 1
72 62.50 69.67 37.14 214.65 13 32 4
73 11.09 83.03 48.98 466.78 8 18 3
74 65.69 37.20 47.87 339.99 7 47 3
75 33.14 75.87 22.91 174.76 12 34 4
76 53.35 88.81 33.03 237.71 0 23 3
77 81.88 38.56 39.00 120.37 16 18 2
78 95.83 74.01 16.85 291.03 24 46 3
79 86.01 71.98 38.98 325.26 17 40 3
80 30.89 38.42 17.56 268.61 0 8 1
81 64.43 29.73 42.59 327.31 9 16 4
82 50.87 29.61 26.71 53.82 1 38 4
83 16.69 67.08 39.15 58.61 15 17 1
84 51.95 30.15 26.31 73.25 14 45 4
85 36.76 73.93 27.30 290.73 12 19 1
86 80.39 73.65 23.33 220.50 11 48 4
87 88.52 59.78 9.91 219.29 18 39 3
88 50.55 49.64 36.14 160.24 10 12 3
89 89.66 56.40 47.01 250.00 10 32 3
90 18.54 60.47 35.38 293.56 10 39 1
91 22.28 41.71 43.05 209.97 21 47 3
92 38.28 25.64 26.74 473.20 20 42 2
93 8.71 35.03 29.64 181.42 5 30 2
94 6.76 74.16 1.69 245.63 4 32 4
95 14.61 63.35 16.59 275.14 20 30 4
96 7.00 95.33 49.63 118.25 24 24 3
97 37.88 5.16 40.22 290.68 20 27 4
98 5.66 88.72 10.61 222.86 24 42 2
99 15.43 56.26 27.69 268.01 17 28 1
100 32.88 90.72 19.57 327.77 24 25 4
101 93.47 74.09 5.59 117.70 10 47 2
102 43.27 5.64 10.41 450.93 1 28 2
103 80.53 89.65 49.42 236.75 14 42 4
104 38.09 26.09 24.15 187.25 15 43 3
105 90.50 28.46 45.74 295.23 19 25 4
106 89.13 56.20 48.20 96.37 0 2 2
107 33.71 94.30 6.41 467.28 15 24 3
108 55.35 82.74 11.57 74.59 7 47 1
109 82.10 97.34 40.01 423.61 8 16 4
110 95.02 84.51 2.86 68.27 16 24 4
111 49.25 62.64 30.34 319.91 11 17 1
112 60.16 32.80 12.90 71.00 8 46 4
113 94.92 3.69 42.49 381.07 24 48 1
114 83.32 34.43 0.84 286.66 6 20 3
115 6.32 87.52 33.06 135.54 5 22 4
116 84.88 79.81 5.48 239.15 7 35 2
117 81.31 39.90 16.85 132.50 15 46 4
118 34.92 16.11 47.15 74.79 17 20 1
119 46.66 55.38 1.46 438.43 18 20 2
120 27.47 86.39 14.43 135.28 16 17 4
121 37.42 52.69 10.51 185.56 3 9 1
122 58.41 10.41 0.44 489.33 13 20 3
123 5.20 24.14 8.72 88.30 6 39 2
124 8.01 14.84 32.05 259.82 4 34 1
125 1.47 88.56 35.35 174.31 24 38 1
126 84.80 26.34 28.45 461.90 14 43 1
127 11.68 14.49 17.10 494.99 3 26 3
128 16.30 10.70 13.93 347.66 12 26 1
129 70.63 43.66 3.85 460.23 1 44 3
130 4.27 10.86 6.21 292.57 16 39 3
131 15.02 55.78 1.61 365.09 17 18 1
132 95.33 9.40 20.10 467.65 11 12 3
133 78.61 99.88 43.30 292.26 1 46 2
134 42.61 29.84 25.47 125.95 22 39 2
135 83.49 2.54 22.37 74.28 21 42 1
136 28.23 63.09 15.43 226.87 0 29 1
137 7.35 72.27 23.23 281.78 20 29 3
138 39.80 46.82 20.86 229.15 3 6 3
139 31.76 44.02 20.98 84.56 14 43 1
140 56.38 20.79 6.76 119.32 15 34 1
141 31.85 77.46 11.75 286.47 13 44 3
142 80.09 64.92 48.92 390.83 18 36 2
143 53.51 9.61 42.70 290.71 17 40 3
144 0.11 5.08 32.72 86.52 12 44 1
145 83.59 31.07 28.29 497.47 23 45 4
146 77.16 70.22 39.72 137.61 9 30 2
147 59.59 83.56 13.24 76.23 1 40 2
148 43.10 84.67 32.35 357.15 1 33 2
149 29.91 4.25 40.02 278.99 8 28 1
150 46.25 41.58 41.86 336.17 0 7 1
151 52.95 80.01 0.36 186.11 5 31 1
152 34.82 87.73 34.81 317.58 2 6 4
153 22.76 57.98 20.10 351.26 23 39 4
154 4.45 25.45 2.32 303.80 8 9 4
155 57.27 94.81 30.55 394.39 22 39 4
156 7.37 74.36 4.19 336.98 19 33 1
157 72.47 14.26 45.71 300.06 7 21 4
158 16.64 53.19 24.61 438.61 3 8 1
159 38.49 78.23 13.52 93.25 3 23 1
160 57.48 21.75 2.24 211.65 8 31 1
161 51.53 95.96 34.12 491.48 9 32 1
162 1.56 10.74 20.11 217.51 0 13 2
163 96.08 29.51 30.87 468.19 4 5 1
164 27.02 77.17 40.08 139.58 18 47 3
165 20.88 13.59 41.88 207.44 5 39 1
166 50.93 80.21 33.07 297.49 6 17 3
167 53.23 31.67 32.01 313.08 4 9 1
168 7.55 52.21 27.14 169.68 8 24 2
169 16.42 19.05 0.11 64.94 9 27 1
170 91.20 76.60 9.34 276.61 23 29 3
171 3.99 90.05 6.96 358.23 19 23 2
172 82.79 9.16 20.07 105.40 3 48 2
173 78.57 27.65 21.96 248.92 2 38 4
174 65.64 24.50 8.66 167.29 23 24 2
175 60.77 27.60 25.91 439.34 4 7 1
176 18.58 93.65 31.19 319.05 1 23 1
177 26.73 10.67 18.87 457.11 1 4 3
178 57.39 79.85 46.74 373.64 11 42 4
179 75.07 71.44 17.67 123.12 2 43 3
180 59.85 41.46 24.23 464.93 5 12 3
181 87.14 36.65 35.48 199.07 19 47 2
182 7.14 33.38 10.61 110.44 10 31 4
183 63.99 84.04 4.69 477.04 6 45 4
184 68.74 21.74 12.84 210.94 4 24 3
185 32.04 67.78 1.55 471.88 3 3 4
186 54.77 48.35 30.91 226.75 0 0 3
187 21.99 24.71 40.06 276.43 23 38 2
188 34.33 84.37 22.07 110.05 0 36 4
189 15.74 66.76 31.62 216.09 24 36 2
190 58.20 78.39 24.68 254.29 13 40 2
191 6.83 61.19 24.82 240.70 6 46 3
192 16.50 51.47 31.93 238.32 5 16 1
193 51.00 7.24 40.09 281.48 3 8 1
194 18.11 81.05 22.09 129.51 20 39 2
195 34.64 5.23 11.30 63.37 4 45 1
196 89.08 31.22 12.33 283.08 12 48 4
197 3.91 76.50 39.77 187.38 23 44 4
198 46.87 11.70 43.05 129.94 2 12 4
199 96.01 67.52 20.83 175.28 14 27 1
200 8.50 62.61 34.92 341.73 12 29 2
1 184.21 4012.21 1
2 165.65 2655.16 2
3 199.91 4406.53 3
4 196.73 4365.34 4
5 118.18 4401.99 2
6 140.82 4122.97 1
7 183.89 4109.03 4
8 107.87 3467.12 2
1 1.58 31.73 2
2 1.92 31.09 8
3 1.72 34.97 3
4 1.48 28.56 4
5 1.26 32.75 5
6 1.79 29.03 2
7 1.04 40.01 3
8 1.72 44.26 5
9 1.79 49.16 3
10 1.06 43.22 8
11 1.11 42.56 7
12 1.27 27.57 8
13 1.13 46.98 3
