Data for Vehicle routing problem with drones - Author: Huyen Do Thi Ngoc
Number of depots: 4
Number of cities: 100
Number of trucks: 6
Number of drones: 14
Area: 100 100 50
Customer maximum demand: 500
Max capacity of truck: 200
Max energy of truck: 5000
Max capacity of drone: 2
Max energy of drone: 50
1 2.87 96.73 31.53
2 12.20 62.01 48.27
3 82.03 7.34 46.06
4 94.24 77.15 7.14
1 92.69 0.17 37.27 239.03 13 35 1
2 64.29 40.42 10.51 477.02 18 36 4
3 20.94 84.55 9.75 386.11 20 29 3
4 64.27 61.86 15.23 368.02 18 38 1
5 19.58 42.05 27.04 349.87 4 26 1
6 5.58 32.58 38.73 52.64 9 41 1
7 82.18 70.80 35.53 312.18 22 29 4
8 10.70 20.14 39.46 202.45 6 38 1
9 73.68 81.00 34.23 161.47 18 32 2
10 67.49 30.58 13.47 456.69 19 21 4
11 94.55 45.03 21.53 482.74 6 10 1
12 68.69 36.67 13.50 491.86 15 46 3
13 11.74 39.24 11.65 63.88 19 30 1
14 62.33 46.24 30.09 493.01 15 36 3
15 85.60 13.52 11.28 283.96 10 37 3
16 32.96 78.81 41.73 65.93 23 26 4
17 17.04 11.09 7.69 410.90 18 26 4
18 57.19 84.65 29.33 346.58 16 37 2
19 63.26 10.45 46.26 411.43 6 40 2
20 14.87 67.02 24.27 62.96 4 8 4
21 38.52 83.62 21.96 418.02 8 46 4
22 89.69 72.25 30.95 428.14 17 31 3
23 89.00 26.88 15.86 100.81 4 13 1
24 88.42 23.75 33.77 96.55 4 5 4
25 95.94 28.33 35.76 395.50 24 30 2
26 34.36 41.00 35.93 311.92 16 34 1
27 30.37 76.09 22.66 216.46 11 29 4
28 82.48 59.77 28.10 492.82 9 13 2
29 81.83 98.96 13.05 358.58 24 44 2
30 90.85 50.34 12.98 432.82 2 34 2
31 45.42 99.73 4.21 493.92 9 35 4
32 27.38 40.37 36.93 255.05 8 46 3
33 18.56 8.70 49.52 184.07 4 5 1
34 85.52 26.39 9.54 127.48 8 22 2
35 87.97 72.04 7.96 478.23 8 48 1
36 87.96 13.99 19.70 257.57 2 46 1
37 71.16 68.66 35.38 137.73 13 28 1
38 12.95 91.36 6.02 64.96 16 41 2
39 80.54 74.86 21.78 362.03 6 35 1
40 5.72 0.94 40.34 171.01 23 44 1
41 66.22 24.85 40.82 187.59 7 18 1
42 64.86 59.35 39.68 343.74 19 31 3
43 44.83 47.87 13.19 55.79 22 31 2
44 94.47 81.54 6.62 411.12 11 43 4
45 23.13 20.89 31.05 287.01 19 32 4
46 70.29 39.07 2.07 89.28 17 27 1
47 94.31 79.89 48.21 221.91 5 28 1
48 27.92 82.75 29.14 360.77 10 47 2
49 4.20 8.26 33.00 495.38 15 48 2
50 7.20 77.51 3.27 291.88 14 24 2
51 94.51 46.64 8.75 190.82 21 27 4
52 71.56 34.00 13.57 462.45 0 36 4
53 23.74 41.07 42.88 170.83 13 31 4
54 86.10 92.24 10.21 320.37 2 20 2
55 69.90 62.21 27.02 320.12 1 15 2
56 59.34 17.18 22.33 275.69 3 11 4
57 20.99 52.90 0.48 337.92 24 46 1
58 61.85 22.46 26.84 295.66 0 35 2
59 98.00 86.37 19.42 133.86 11 11 2
60 7.22 43.34 1.71 232.81 6 31 1
61 64.38 4.79 20.82 394.97 18 46 1
62 89.72 29.63 33.65 434.99 11 19 3
63 49.81 69.67 26.77 61.75 15 45 1
64 65.32 38.23 30.46 382.48 6 31 4
65 13.05 48.74 44.78 244.88 12 38 2
66 32.46 40.73 41.17 129.27 1 27 2
67 61.42 63.62 32.84 269.57 4 21 3
68 20.76 99.01 14.05 94.52 15 32 1
69 68.82 88.23 42.89 389.26 16 26 2
70 37.92 74.74 22.71 147.31 17 29 3
71 39.86 77.71 0.58 115.31 16 18 3
72 63.75 98.73 8.89 407.89 10 23 4
73 88.23 64.68 6.66 327.33 14 48 3
74 48.49 6.66 40.35 325.67 10 34 3
75 96.99 84.71 29.20 264.26 22 28 4
76 52.75 66.23 9.93 315.92 11 46 3
77 66.03 54.06 27.06 95.69 22 48 2
78 92.51 74.65 31.10 101.52 15 15 1
79 61.98 92.83 22.61 134.74 24 34 4
80 60.46 85.93 16.47 473.68 10 22 3
81 33.98 34.47 42.57 135.98 15 41 1
82 4.71 77.02 27.74 167.11 6 14 1
83 25.73 96.52 36.67 99.27 1 2 4
84 59.72 12.02 34.83 268.11 20 35 2
85 92.44 95.94 25.62 355.59 0 30 2
86 92.52 40.86 13.13 291.71 12 13 2
87 24.64 27.31 36.45 132.05 4 48 1
88 54.78 45.95 14.27 307.45 10 33 1
89 34.02 23.34 45.82 476.66 10 40 4
90 86.13 7.96 4.83 488.11 24 40 3
91 43.81 53.94 21.01 228.90 23 41 3
92 61.74 72.67 5.06 52.18 7 25 4
93 41.18 10.80 49.38 393.11 22 40 1
94 25.65 17.43 30.48 120.70 9 29 4
95 61.05 14.59 15.40 326.35 3 7 2
96 2.40 95.82 43.05 274.36 15 24 1
97 72.70 60.39 8.88 142.68 19 32 3
98 17.59 27.72 20.09 208.71 23 28 4
99 15.66 49.90 0.34 300.96 10 12 1
100 26.14 12.07 0.08 163.05 16 33 1
1 122.88 3802.17 1
2 173.96 4791.16 2
3 102.04 3718.79 3
4 119.77 3120.68 4
5 184.29 4892.54 2
6 123.16 3691.85 4
1 1.26 36.18 1
2 2.00 35.80 2
3 1.73 38.55 2
4 1.12 27.35 3
5 1.38 43.97 5
6 1.63 44.36 5
7 1.13 26.13 1
8 1.37 34.82 2
9 1.74 34.01 5
10 1.33 46.84 3
11 1.54 29.61 1
12 1.32 34.47 2
13 1.13 47.96 2
14 1.30 33.81 4
