Data for Vehicle routing problem with drones - Author: Huyen Do Thi Ngoc
Number of depots: 2
Number of cities: 500
Number of trucks: 4
Number of drones: 7
Area: 100 100 50
Customer maximum demand: 500
Max capacity of truck: 200
Max energy of truck: 5000
Max capacity of drone: 2
Max energy of drone: 50
1 90.94 44.63 35.00
2 84.05 42.51 15.88
1 62.77 64.62 10.89 295.74 17 18 2
2 57.05 96.11 23.95 470.68 20 23 1
3 57.00 89.11 5.54 345.90 23 31 1
4 21.67 62.14 19.02 472.19 14 31 2
5 32.14 89.78 27.39 351.34 17 31 1
6 61.71 18.80 4.28 494.28 23 32 2
7 6.42 12.55 48.06 376.68 18 39 2
8 89.60 92.17 1.74 232.89 8 41 1
9 62.31 83.34 5.88 335.92 4 16 1
10 98.57 50.08 19.34 452.98 11 28 1
11 38.53 80.16 18.60 167.22 9 16 2
12 4.70 38.29 3.82 365.15 18 46 1
13 59.20 13.54 49.47 238.74 20 42 2
14 34.28 21.23 24.40 393.59 9 20 2
15 72.88 57.33 33.59 122.25 19 36 1
16 59.32 31.28 39.07 231.84 11 14 2
17 60.83 38.40 7.01 124.93 24 32 2
18 48.67 45.12 28.46 478.96 2 47 1
19 19.46 96.08 10.86 302.52 18 25 2
20 85.73 36.53 18.64 212.72 16 46 2
21 78.85 24.15 33.67 276.37 8 15 1
22 86.99 17.19 15.59 55.23 22 35 1
23 16.34 5.71 9.70 270.96 24 33 2
24 4.02 51.90 23.55 104.66 8 30 1
25 84.31 0.86 33.41 364.61 16 45 1
26 41.51 5.57 49.47 433.97 4 34 1
27 59.25 70.96 0.56 354.38 6 32 1
28 58.43 34.92 5.99 378.00 21 40 1
29 95.90 71.19 29.89 305.08 23 46 2
30 18.52 78.90 35.26 88.11 19 41 1
31 28.51 72.83 20.33 433.29 18 28 2
32 64.00 93.64 13.63 259.74 1 9 2
33 48.27 62.77 40.39 171.30 6 47 2
34 99.55 70.78 36.56 350.38 4 14 2
35 0.67 89.33 49.08 207.57 7 41 1
36 94.95 36.99 14.36 345.73 6 25 2
37 70.28 75.81 3.41 127.22 1 4 2
38 16.06 79.62 16.64 156.43 20 48 2
39 96.79 5.66 41.60 119.10 10 48 1
40 50.61 49.29 3.42 125.32 14 25 1
41 32.73 96.82 37.39 488.90 14 20 1
42 99.48 2.15 24.66 57.16 2 15 1
43 84.06 39.15 35.83 395.18 9 46 2
44 6.57 15.41 13.53 326.78 12 15 1
45 69.22 6.05 46.51 455.64 18 22 1
46 71.59 87.41 47.02 205.52 10 10 1
47 6.47 13.49 3.95 54.71 2 34 2
48 72.78 30.36 33.46 474.81 12 27 2
49 93.16 89.81 8.89 231.20 19 23 1
50 36.97 57.34 38.99 499.94 13 46 2
51 90.66 99.17 21.49 177.80 24 43 2
52 40.42 38.56 47.60 330.02 17 48 1
53 25.01 89.65 25.57 280.72 22 22 2
54 49.76 11.71 46.20 156.28 15 27 1
55 80.16 94.53 36.19 402.51 10 13 2
56 30.53 69.96 26.00 119.06 19 45 2
57 30.61 67.87 22.50 243.30 22 48 1
58 4.54 90.89 6.17 146.99 3 22 1
59 36.23 25.39 39.16 242.34 14 48 2
60 83.07 77.99 16.77 147.41 22 37 2
61 23.62 0.05 10.49 290.81 5 18 2
62 90.60 60.53 11.49 156.13 14 47 2
63 81.86 10.07 18.15 222.11 12 20 2
64 47.79 6.10 26.81 299.69 12 18 2
65 62.36 53.85 8.72 210.54 5 40 2
66 3.51 85.01 14.97 95.70 4 34 2
67 34.52 38.43 1.62 89.36 7 25 2
68 57.43 66.32 22.04 193.45 5 20 1
69 29.39 83.61 4.96 401.95 13 38 1
70 7.51 52.33 46.29 189.20 6 39 1
71 7.47 5.12 47.67 187.22 14 28 2
72 85.76 85.95 47.72 105.32 21 40 1
73 47.20 40.49 11.83 145.56 21 25 2
74 56.13 25.60 32.36 121.22 13 28 1
75 70.45 58.64 11.95 102.98 15 21 2
76 5.83 18.77 44.84 214.71 22 44 1
77 2.76 79.48 49.70 200.34 6 39 2
78 3.36 31.89 6.11 440.17 4 36 2
79 85.84 95.38 45.59 85.91 0 39 1
80 52.69 24.18 10.01 333.13 14 38 2
81 98.52 52.70 3.04 364.08 12 35 1
82 97.67 29.97 35.65 464.69 14 48 1
83 49.95 99.05 12.44 99.53 24 33 2
84 78.62 56.43 48.14 304.45 19 39 1
85 82.18 29.70 29.44 92.92 8 43 2
86 8.72 45.69 18.28 363.86 17 33 2
87 7.71 40.63 19.54 223.60 1 26 1
88 55.44 42.41 16.29 271.92 15 34 1
89 95.93 60.37 45.35 50.24 10 19 2
90 78.38 41.18 24.80 337.93 11 38 2
91 13.90 18.42 12.55 127.65 2 8 2
92 73.03 93.59 12.16 371.25 9 21 1
93 90.46 80.46 47.70 51.04 5 25 2
94 38.63 2.45 16.59 321.04 9 11 1
95 93.83 3.84 15.67 385.59 11 27 2
96 44.74 13.58 8.57 470.71 4 45 2
97 32.45 30.38 21.89 401.01 13 20 2
98 21.77 11.83 39.06 176.16 8 17 2
99 12.69 45.20 46.75 77.09 3 42 1
100 89.13 10.63 0.41 348.32 16 27 2
101 84.45 21.22 19.79 309.69 1 48 1
102 83.51 98.78 33.89 179.14 5 6 2
103 73.41 32.06 30.12 380.49 24 25 2
104 5.98 11.52 39.46 56.11 0 13 1
105 77.48 40.58 7.19 102.90 18 44 2
106 88.06 55.95 38.57 281.38 19 43 1
107 99.22 55.65 47.40 487.89 22 39 1
108 84.11 91.47 26.10 76.47 4 5 1
109 65.76 36.97 15.18 67.49 3 37 1
110 95.48 49.04 7.16 491.94 15 18 1
111 25.38 80.35 24.16 295.50 24 36 2
112 69.88 43.47 15.82 322.53 15 20 1
113 18.83 49.71 18.09 335.95 18 30 2
114 30.22 25.25 38.46 381.95 19 24 2
115 75.32 36.05 37.82 318.52 18 32 1
116 69.85 71.91 13.96 97.59 14 25 1
117 89.28 66.13 25.13 84.10 12 37 2
118 40.90 56.19 24.67 117.78 10 12 2
119 34.29 40.19 26.16 361.95 22 42 2
120 61.34 7.84 36.39 344.49 22 41 2
121 28.86 81.25 11.42 244.48 7 23 2
122 7.50 21.03 3.74 378.64 12 20 1
123 10.32 31.17 14.14 354.31 21 40 1
124 85.19 43.34 32.37 498.72 20 37 2
125 98.57 55.51 29.47 372.15 24 36 1
126 9.51 21.54 27.90 303.95 9 30 2
127 65.18 13.27 39.37 198.55 3 22 1
128 93.96 60.45 26.65 428.88 15 41 2
129 50.01 46.71 0.55 354.41 2 9 1
130 10.15 29.67 20.75 405.12 11 34 2
131 55.28 20.72 22.04 162.41 21 22 1
132 70.35 92.34 4.27 60.78 12 14 1
133 64.32 97.60 13.52 151.29 7 10 1
134 19.86 38.48 21.22 104.66 2 47 1
135 53.86 78.35 41.56 397.66 14 47 1
136 98.31 49.25 33.60 282.05 4 14 1
137 11.11 48.77 4.74 208.71 11 45 1
138 33.81 82.30 39.93 198.68 17 34 2
139 75.00 89.18 11.49 402.89 19 26 1
140 54.68 56.56 21.30 232.11 5 14 2
141 22.21 47.49 13.58 399.63 8 14 1
142 97.85 17.70 32.88 140.71 3 4 2
143 94.57 98.92 16.47 440.02 1 38 2
144 33.71 10.80 46.30 164.69 3 25 2
145 84.45 8.08 48.75 228.96 24 28 1
146 8.48 52.72 28.21 176.45 0 1 1
147 7.80 19.71 19.36 452.63 14 42 2
148 13.16 32.60 30.46 172.73 9 24 2
149 91.12 71.99 44.82 450.31 4 29 2
150 27.04 91.91 17.94 352.23 3 13 1
151 69.87 29.75 44.36 330.83 6 11 2
152 50.02 70.66 17.21 472.06 6 44 1
153 94.03 25.68 44.35 329.60 17 40 1
154 88.32 80.83 48.93 237.21 19 41 1
155 70.80 78.55 13.75 436.95 19 46 2
156 6.45 37.86 2.34 270.73 12 17 1
157 23.89 51.56 1.91 329.16 9 15 1
158 13.39 71.01 0.56 374.18 15 45 1
159 93.40 54.11 13.81 112.63 0 18 1
160 37.86 32.87 19.36 329.20 8 21 1
161 22.01 85.24 0.32 499.88 14 22 1
162 51.31 27.55 22.02 320.45 2 11 2
163 89.07 54.71 48.27 152.81 16 31 2
164 56.57 54.72 5.25 463.31 18 47 2
165 73.76 94.25 45.33 204.03 1 23 1
166 62.56 77.62 40.81 55.92 7 11 2
167 30.04 39.13 41.93 154.10 23 41 1
168 69.99 61.97 48.58 288.79 5 9 1
169 69.50 67.70 4.56 377.95 4 7 2
170 18.96 5.09 45.92 219.97 11 13 2
171 61.29 97.94 25.73 455.69 10 30 2
172 83.56 51.06 20.17 462.89 20 21 1
173 79.88 59.59 11.72 228.64 19 47 2
174 23.52 33.57 44.99 494.51 22 42 2
175 37.63 61.28 49.01 133.39 14 22 2
176 1.40 5.55 6.53 363.28 5 24 1
177 3.27 47.31 18.33 57.51 20 26 2
178 8.08 60.08 2.21 109.79 9 22 1
179 14.82 67.67 46.28 270.70 0 27 2
180 69.07 37.21 2.56 80.59 18 44 2
181 69.42 34.09 0.78 299.33 0 5 2
182 93.73 76.66 4.27 479.28 12 44 1
183 17.17 35.65 1.12 393.30 2 21 2
184 22.67 19.35 32.02 483.41 2 25 2
185 28.72 35.22 23.74 212.46 23 43 2
186 39.81 12.90 18.18 279.45 1 21 1
187 66.09 81.71 14.27 472.44 8 34 2
188 73.82 75.29 49.38 302.34 14 27 2
189 97.30 54.25 21.75 458.18 14 24 2
190 99.56 81.13 32.45 312.40 11 23 2
191 53.78 78.68 16.81 161.71 18 33 2
192 98.25 10.26 38.38 180.87 21 22 1
193 49.58 0.32 21.30 203.21 4 34 1
194 1.83 54.28 11.14 235.44 4 36 1
195 50.78 65.28 6.25 137.85 7 35 2
196 59.80 6.08 1.61 196.71 22 46 1
197 52.27 88.28 22.48 86.74 7 25 2
198 31.18 41.76 48.02 175.66 17 26 2
199 81.71 65.73 47.10 117.72 5 15 2
200 91.28 24.89 31.10 107.54 6 19 1
201 9.68 31.66 20.13 443.83 7 35 1
202 75.86 64.71 49.32 266.73 0 18 1
203 70.72 48.71 35.18 288.20 20 24 1
204 52.04 66.82 46.37 193.12 0 11 1
205 72.39 2.95 22.81 354.70 3 20 2
206 6.32 60.73 34.93 229.91 6 7 2
207 41.69 70.92 31.79 110.11 22 46 1
208 17.41 5.61 8.15 469.51 17 39 1
209 56.09 39.37 49.31 477.98 5 7 2
210 27.20 39.77 37.33 144.30 22 39 1
211 54.28 81.22 43.41 197.07 3 7 2
212 11.30 78.31 21.37 97.10 5 27 2
213 43.10 29.01 38.15 144.43 22 27 1
214 72.46 85.51 33.45 367.71 21 41 1
215 77.39 51.28 19.69 160.67 5 47 1
216 19.15 19.50 26.63 264.42 16 20 2
217 33.18 23.30 9.92 314.06 0 15 1
218 95.84 60.15 20.28 452.74 8 29 2
219 26.77 52.62 38.95 422.26 18 26 2
220 3.10 56.96 8.55 167.79 17 44 2
221 1.79 8.62 18.94 207.76 2 32 1
222 57.12 31.23 18.08 235.10 4 15 1
223 39.56 54.89 39.98 247.65 14 16 1
224 34.23 37.05 5.47 98.58 24 42 1
225 94.10 86.29 20.53 480.28 13 28 1
226 28.23 3.39 33.33 292.22 11 48 2
227 15.73 88.94 15.21 156.93 23 33 1
228 89.62 32.52 13.61 490.10 21 46 2
229 61.10 48.53 44.05 60.45 0 5 2
230 64.59 15.80 31.42 271.14 22 32 2
231 8.97 41.97 4.87 261.87 23 23 2
232 63.48 41.72 40.85 450.29 13 41 2
233 30.39 70.14 39.97 240.14 1 16 1
234 58.74 22.11 16.81 85.10 18 27 2
235 88.46 93.14 14.75 222.96 0 4 1
236 94.45 52.12 13.11 235.41 17 18 2
237 42.46 36.95 37.92 137.58 6 13 2
238 25.45 52.29 14.28 318.99 4 23 1
239 75.06 10.77 26.73 310.05 23 47 2
240 23.64 31.68 14.69 156.99 13 18 1
241 72.96 72.06 38.72 163.16 3 33 2
242 36.36 35.74 6.78 125.93 18 20 2
243 51.03 2.53 9.45 106.17 7 44 2
244 61.61 25.39 22.04 443.76 13 16 2
245 77.60 78.74 27.93 377.23 15 47 2
246 70.22 67.00 33.15 477.39 1 38 1
247 18.57 31.48 44.89 405.51 11 26 2
248 49.43 26.94 4.72 131.48 18 21 1
249 53.24 85.82 15.82 277.63 21 30 2
250 11.38 40.68 14.05 159.91 20 38 1
251 96.33 55.95 2.22 213.86 4 9 1
252 99.40 87.74 40.06 312.23 3 39 1
253 96.30 61.29 28.08 410.33 11 24 1
254 96.76 98.41 44.76 281.05 6 8 2
255 96.83 34.04 14.21 203.23 17 28 1
256 26.67 77.68 33.33 111.67 5 45 2
257 79.33 37.02 43.74 108.92 5 20 2
258 12.51 60.05 9.28 473.63 7 35 1
259 18.56 12.71 6.23 319.36 24 25 1
260 59.06 98.93 37.61 259.09 2 28 1
261 79.22 66.28 35.91 211.14 14 22 1
262 8.50 50.15 32.84 317.26 21 35 2
263 70.21 49.03 27.42 341.44 6 26 2
264 63.75 97.89 21.72 59.06 13 13 2
265 90.68 87.36 6.07 166.04 5 48 2
266 26.30 4.03 32.96 167.16 10 40 2
267 89.23 83.60 25.34 321.07 16 44 1
268 88.48 49.91 4.28 290.85 2 40 2
269 29.48 73.97 35.98 332.85 10 36 2
270 42.99 86.54 40.49 83.50 11 44 1
271 53.18 98.56 21.09 439.43 0 3 2
272 38.21 3.61 16.86 385.91 23 42 2
273 91.91 77.32 18.74 490.75 5 44 2
274 37.13 52.52 34.88 169.77 0 18 2
275 56.19 39.45 46.92 160.76 12 12 2
276 89.21 29.48 48.79 254.63 7 18 1
277 27.84 31.07 17.22 107.17 13 24 1
278 22.87 86.92 43.91 205.99 16 24 1
279 39.11 64.15 39.14 225.83 20 48 2
280 56.13 27.43 23.31 194.58 24 39 1
281 77.28 92.32 0.15 417.99 24 46 2
282 99.14 51.88 6.47 333.43 24 34 1
283 23.16 58.49 11.17 88.39 8 48 1
284 53.04 45.80 45.68 477.56 4 22 1
285 64.12 55.72 27.62 361.01 16 37 1
286 44.39 56.59 25.33 312.05 19 26 1
287 21.72 57.33 38.98 189.09 10 38 2
288 52.15 80.77 6.73 405.10 17 17 2
289 36.56 99.78 24.96 380.91 23 28 1
290 12.73 20.49 13.24 432.68 7 12 1
291 27.61 80.67 26.24 98.51 21 43 2
292 57.99 44.14 38.91 193.64 8 11 1
293 28.14 61.29 23.87 260.15 8 31 2
294 72.10 51.26 36.45 288.40 4 42 2
295 69.82 62.06 36.50 85.10 23 39 1
296 22.91 11.10 14.57 446.97 8 29 1
297 70.36 28.47 4.43 97.35 20 23 2
298 99.91 5.56 37.10 306.59 10 37 1
299 29.27 3.07 39.97 317.42 4 24 2
300 56.06 10.83 11.57 99.99 16 16 2
301 26.32 5.63 23.84 328.10 24 38 2
302 68.32 57.94 18.34 473.88 13 35 1
303 0.48 92.38 24.26 283.75 20 45 1
304 78.96 61.66 27.13 65.23 14 32 1
305 65.92 74.52 6.46 136.47 16 34 2
306 63.26 53.79 42.41 76.63 14 34 1
307 27.07 73.26 16.13 208.09 5 44 1
308 43.20 59.16 30.96 410.64 6 37 1
309 98.66 79.15 27.67 216.27 18 22 2
310 52.59 78.75 28.28 456.35 6 43 1
311 64.81 83.85 41.37 108.23 1 36 2
312 62.39 97.03 38.55 379.75 14 47 1
313 80.68 48.62 35.97 369.65 22 40 2
314 96.99 60.99 40.55 298.84 19 26 1
315 53.83 28.54 5.84 271.15 23 34 1
316 74.20 9.65 26.72 280.13 21 22 1
317 37.78 4.55 14.60 380.87 1 30 2
318 94.07 16.07 45.59 52.20 3 31 1
319 51.42 61.29 9.28 149.12 5 37 2
320 95.86 86.16 26.04 243.70 24 47 1
321 98.82 11.58 31.39 144.73 7 27 1
322 57.44 75.29 12.86 332.86 11 27 2
323 51.46 85.29 48.15 273.43 20 43 1
324 73.86 77.60 25.90 258.27 6 48 1
325 76.93 72.19 33.15 402.34 3 5 1
326 67.87 2.59 11.78 60.26 15 44 2
327 73.08 45.69 16.58 348.22 21 27 2
328 33.56 82.04 39.49 119.47 19 48 1
329 34.79 2.97 36.83 210.91 22 43 2
330 37.71 74.33 20.26 280.22 9 30 1
331 38.07 89.54 0.46 213.80 2 41 2
332 14.75 0.20 48.32 485.97 16 22 2
333 0.72 92.91 1.98 162.53 19 26 2
334 5.80 95.21 8.44 337.01 17 38 2
335 52.39 24.02 41.65 300.92 19 31 2
336 33.27 60.30 0.64 215.43 10 32 1
337 40.43 30.43 18.63 75.65 2 33 2
338 90.17 20.45 14.85 59.62 24 38 1
339 73.97 28.43 40.60 152.78 1 4 1
340 75.74 62.02 45.88 310.52 18 20 2
341 26.55 97.83 49.74 285.97 23 35 1
342 3.54 52.84 2.41 392.80 23 42 1
343 52.80 65.82 44.59 438.39 0 25 2
344 88.43 74.63 29.31 418.12 9 48 1
345 48.05 78.18 17.53 321.57 9 46 1
346 26.41 96.48 2.79 211.22 1 12 1
347 84.61 70.48 47.29 179.17 4 38 2
348 74.16 54.09 44.51 137.97 18 20 2
349 21.56 71.80 43.20 180.51 15 34 1
350 48.63 75.72 40.27 426.00 4 5 1
351 29.27 89.29 22.90 330.93 7 31 2
352 15.22 65.01 21.71 246.41 14 18 1
353 27.70 62.84 44.79 392.12 7 7 2
354 1.47 60.50 47.72 272.89 18 48 2
355 43.73 93.51 8.65 122.78 15 38 1
356 74.01 6.03 1.69 235.46 13 21 1
357 90.97 20.86 39.79 464.18 2 5 1
358 2.82 9.27 29.42 131.17 5 21 1
359 87.52 51.35 2.52 78.94 23 25 1
360 72.97 55.20 39.02 456.02 0 30 1
361 28.03 20.18 35.93 115.10 1 3 1
362 20.87 67.97 10.85 448.38 6 8 1
363 47.94 73.86 0.16 491.94 8 41 1
364 78.01 68.71 45.47 215.85 1 26 2
365 86.20 74.57 6.72 379.97 3 14 2
366 74.39 62.35 31.78 414.25 10 21 2
367 9.68 8.63 40.57 116.93 21 46 1
368 2.11 74.34 24.29 103.21 23 28 2
369 26.25 93.28 10.63 97.32 10 16 2
370 44.90 43.18 22.35 486.00 0 14 1
371 25.51 19.03 2.86 303.25 22 44 1
372 48.98 10.93 19.76 336.59 13 17 2
373 46.01 88.16 20.36 412.48 14 47 1
374 53.33 3.24 19.11 425.85 16 23 2
375 72.93 87.59 15.46 464.38 12 20 2
376 3.09 92.39 32.33 347.04 3 43 2
377 87.23 75.83 0.83 264.09 20 46 2
378 71.35 6.54 16.13 285.54 6 47 1
379 24.05 33.64 26.10 159.03 0 7 2
380 8.93 50.36 6.36 206.41 14 29 2
381 76.02 57.81 5.66 484.62 16 41 2
382 48.33 68.29 10.45 205.95 0 25 2
383 7.05 95.14 32.78 130.22 21 24 2
384 94.73 33.17 20.93 429.05 0 40 1
385 56.07 66.38 18.43 166.84 13 17 1
386 59.37 96.91 35.76 373.40 22 38 2
387 54.66 78.36 24.17 216.08 18 18 2
388 11.48 90.99 26.67 154.19 0 22 1
389 12.56 87.83 22.70 147.69 4 8 1
390 68.50 65.86 11.75 278.10 12 21 2
391 41.86 26.26 5.16 112.65 3 4 2
392 84.33 47.72 23.74 208.32 3 36 2
393 44.50 15.03 16.70 104.49 24 45 1
394 78.81 73.32 42.56 394.36 8 24 2
395 39.48 51.29 45.87 173.92 8 21 1
396 14.61 28.88 41.39 54.48 12 37 2
397 11.04 40.99 5.21 253.09 5 32 1
398 24.34 64.54 3.86 361.54 18 44 2
399 95.44 30.90 27.63 161.65 19 48 1
400 19.84 43.61 31.75 316.09 19 26 1
401 86.54 96.32 35.15 408.32 0 48 2
402 26.91 15.54 11.73 176.15 24 41 2
403 36.66 19.77 48.72 107.96 3 26 1
404 82.01 67.59 18.30 186.06 6 34 1
405 22.06 90.20 4.68 415.68 10 39 2
406 65.98 56.70 14.67 158.21 16 38 2
407 97.56 2.22 46.47 59.83 5 39 2
408 53.65 30.07 47.54 411.79 19 31 1
409 16.59 20.87 23.52 447.49 10 37 1
410 25.88 9.35 4.65 489.30 23 25 2
411 1.65 55.69 21.91 455.30 24 38 1
412 78.50 59.01 4.09 246.64 21 28 1
413 46.66 24.56 23.54 479.49 9 9 2
414 10.61 35.60 21.93 54.09 19 31 1
415 57.81 57.47 44.50 128.37 18 26 1
416 6.20 58.40 22.42 354.21 20 45 1
417 20.86 6.40 11.61 352.78 8 10 1
418 92.79 23.71 7.91 135.21 16 16 1
419 37.46 62.39 35.66 246.36 23 40 2
420 93.44 1.26 23.29 412.89 1 25 2
421 36.47 82.34 29.80 108.86 16 19 1
422 5.98 54.19 23.62 286.44 24 36 1
423 13.70 32.96 4.71 97.42 16 29 2
424 75.82 22.36 27.65 246.09 21 35 1
425 62.95 1.41 32.75 435.89 3 40 2
426 67.74 90.47 25.34 387.83 7 30 2
427 0.57 97.28 8.27 315.33 13 27 1
428 74.01 66.12 33.75 278.16 1 23 1
429 88.43 33.26 25.08 60.74 14 33 1
430 52.95 80.31 18.24 110.85 9 11 2
431 75.41 47.03 17.74 489.92 24 28 2
432 26.45 68.28 37.36 148.40 11 12 2
433 19.95 97.49 2.32 399.11 17 29 2
434 18.52 27.30 13.71 61.05 8 33 2
435 98.47 48.64 31.53 238.21 4 21 1
436 92.10 25.07 40.06 320.29 19 32 1
437 94.74 51.65 17.96 173.51 23 39 1
438 64.19 81.41 40.65 285.30 12 17 1
439 44.41 60.86 31.97 317.79 14 30 2
440 85.49 38.57 5.85 284.62 3 12 1
441 99.25 36.62 20.46 280.18 22 24 1
442 47.14 0.34 11.05 399.23 11 47 1
443 15.51 81.11 3.70 262.13 17 28 1
444 76.57 8.76 26.79 141.74 16 18 2
445 28.32 4.82 35.86 80.76 23 31 2
446 59.21 59.16 21.34 426.21 0 2 1
447 2.19 71.86 44.40 243.94 10 12 1
448 52.13 35.97 20.80 56.45 23 30 2
449 8.51 16.38 47.04 479.69 16 23 1
450 69.58 29.03 8.08 169.05 6 10 2
451 87.96 37.08 46.47 254.90 2 41 2
452 80.71 15.71 5.05 488.46 19 28 2
453 38.80 65.34 46.75 277.78 14 22 2
454 60.51 99.23 19.72 185.60 15 30 2
455 35.21 14.85 33.92 472.86 15 16 2
456 69.10 17.74 37.50 422.25 19 48 1
457 64.86 15.76 15.47 55.12 9 21 1
458 86.37 76.94 29.98 242.69 11 15 1
459 83.54 94.46 12.51 478.01 22 43 2
460 57.86 71.42 10.40 412.25 12 13 2
461 66.72 52.96 28.47 495.76 1 17 2
462 57.11 7.78 37.44 212.07 21 27 2
463 29.13 74.68 46.07 127.44 6 26 2
464 22.10 5.16 1.27 168.14 18 26 2
465 69.88 36.54 35.77 324.92 21 26 2
466 48.67 2.17 0.59 187.11 2 9 1
467 69.11 64.68 13.18 480.36 18 30 2
468 87.56 5.75 33.51 97.94 14 20 1
469 11.10 55.32 49.20 134.16 10 15 1
470 71.36 58.01 27.33 321.45 6 37 1
471 70.53 79.15 16.30 351.16 12 37 1
472 57.11 78.22 16.51 281.03 15 48 2
473 45.73 38.79 37.98 402.09 15 21 2
474 99.48 84.52 27.70 373.51 22 30 2
475 20.08 43.82 4.59 266.59 2 7 1
476 78.39 93.94 6.69 384.84 9 13 2
477 64.74 67.56 21.74 233.75 21 46 2
478 77.70 56.33 34.11 425.15 1 41 2
479 45.89 48.66 48.97 154.70 12 38 1
480 5.78 2.52 35.15 131.35 16 36 1
481 14.68 18.63 48.19 396.23 2 44 1
482 4.83 8.42 18.09 148.37 17 44 2
483 73.96 32.62 38.56 250.43 11 31 2
484 0.74 85.22 5.35 84.77 15 45 2
485 72.97 25.31 10.87 408.12 3 22 2
486 74.97 70.64 35.89 454.40 20 44 2
487 85.97 85.86 32.11 252.93 1 34 1
488 30.24 52.93 22.16 491.38 0 20 2
489 51.37 46.60 38.14 359.67 17 44 2
490 22.19 53.20 42.80 334.47 16 43 1
491 83.95 66.37 21.37 354.24 1 28 2
492 93.35 33.95 26.56 162.08 2 39 1
493 81.99 27.30 46.29 298.47 19 26 2
494 92.21 74.89 47.93 174.52 15 18 2
495 85.25 49.06 2.77 464.64 16 44 2
496 46.06 76.09 24.86 204.88 5 39 2
497 90.18 8.45 17.63 478.47 4 35 1
498 93.23 59.81 8.23 97.34 17 30 1
499 65.13 86.47 3.35 365.95 19 44 2
500 24.75 55.16 16.07 375.29 1 42 2
1 185.17 4034.55 1
2 179.03 3523.54 2
3 124.77 4492.45 1
4 192.05 4395.26 1
1 1.29 25.23 3
2 1.95 43.99 3
3 1.37 48.79 4
4 1.65 42.70 4
5 1.36 27.73 4
6 1.52 48.17 4
7 1.72 40.20 1
