Data for Vehicle routing problem with drones - Author: Huyen Do Thi Ngoc
Number of depots: 3
Number of cities: 200
Number of trucks: 5
Number of drones: 14
Area: 100 100 50
Customer maximum demand: 500
Max capacity of truck: 200
Max energy of truck: 5000
Max capacity of drone: 2
Max energy of drone: 50
1 30.18 66.66 9.29
2 70.37 92.64 18.47
3 30.07 85.22 29.76
1 10.41 65.30 33.29 237.15 9 24 2
2 0.40 29.92 42.81 315.29 4 24 1
3 2.34 29.21 26.36 207.67 3 44 3
4 37.49 79.77 35.81 145.46 5 42 1
5 36.81 0.71 3.97 256.30 0 36 3
6 56.44 10.09 17.87 104.13 20 38 3
7 81.61 17.76 26.69 364.08 12 28 3
8 22.54 65.50 6.70 237.15 22 33 1
9 25.74 52.64 7.47 306.12 1 24 2
10 89.98 96.24 37.16 358.60 2 5 2
11 29.55 40.57 28.51 110.11 4 23 3
12 99.97 78.95 8.75 386.43 17 44 2
13 33.42 5.01 6.19 215.14 21 34 3
14 62.84 77.70 2.04 349.39 24 31 1
15 79.19 10.52 28.78 55.21 1 14 3
16 63.22 71.54 47.14 396.13 14 35 2
17 20.22 54.22 29.65 118.25 5 25 3
18 42.90 49.83 25.38 247.00 20 20 3
19 36.10 10.66 2.07 77.81 15 16 1
20 93.06 81.19 20.34 426.88 1 46 1
21 1.96 45.32 42.59 388.21 10 22 1
22 20.59 94.46 44.16 342.62 8 21 3
23 33.17 49.38 34.88 195.51 2 13 1
24 15.26 15.89 18.78 482.87 18 30 2
25 50.88 77.74 21.51 403.16 2 18 2
26 63.50 18.46 0.58 257.05 18 43 1
27 27.28 37.78 11.46 454.12 11 41 1
28 25.61 41.01 1.36 115.12 18 21 1
29 49.66 43.29 48.29 210.16 9 23 1
30 57.62 37.48 1.77 124.91 14 26 3
31 41.00 59.12 46.72 270.22 14 41 3
32 33.44 30.80 43.69 234.23 4 47 3
33 32.43 30.25 16.34 304.02 15 18 2
34 83.25 57.42 41.15 206.32 8 16 2
35 6.83 13.66 32.11 197.99 14 21 3
36 2.10 22.64 35.59 441.79 9 16 3
37 26.57 24.88 14.66 242.37 0 7 1
38 41.13 84.13 28.42 476.61 14 18 2
39 16.83 58.83 15.27 81.86 23 24 3
40 30.98 3.18 42.06 451.19 3 22 3
41 21.56 41.12 48.83 454.01 9 37 3
42 54.73 31.92 28.24 84.25 20 30 3
43 38.14 97.57 16.42 133.88 15 36 2
44 26.33 39.58 18.50 495.57 7 44 3
45 27.25 52.47 37.20 251.79 11 36 3
46 61.41 50.22 23.51 303.94 15 39 1
47 54.17 4.56 38.77 457.05 16 33 3
48 38.60 53.28 39.62 498.65 23 43 1
49 24.28 91.21 6.98 111.03 3 43 3
50 39.49 9.94 13.33 73.91 19 36 1
51 51.62 46.52 19.75 54.56 7 18 3
52 60.88 55.59 10.44 429.27 22 29 3
53 76.69 46.63 12.09 411.05 22 44 1
54 78.35 0.22 3.07 321.97 10 14 3
55 13.05 17.84 3.59 468.45 11 32 1
56 15.20 70.30 8.87 169.16 22 33 2
57 96.68 75.35 36.30 95.49 4 6 3
58 77.33 27.56 43.78 193.24 16 40 1
59 84.59 78.28 7.74 157.99 24 32 1
60 56.56 73.45 39.95 196.47 11 11 3
61 45.99 39.31 44.14 308.57 24 29 2
62 68.31 76.16 2.18 105.15 24 40 1
63 80.16 42.17 36.22 83.31 15 45 1
64 72.90 71.45 0.54 291.14 8 25 1
65 42.34 18.05 37.49 261.55 23 24 3
66 74.63 8.72 42.49 380.63 7 41 2
67 21.60 83.77 41.79 240.49 20 29 3
68 56.00 40.41 0.44 357.53 17 33 2
69 88.77 18.34 42.47 83.49 21 23 3
70 8.84 91.95 5.30 462.27 2 6 2
71 45.23 59.15 13.75 451.49 17 22 1
72 22.37 39.17 35.49 189.44 7 12 2
73 67.33 30.56 8.70 295.35 20 47 1
74 60.33 99.00 35.22 185.26 6 42 2
75 17.50 71.18 26.67 245.67 20 36 1
76 40.70 84.40 27.69 137.60 11 26 2
77 24.58 70.09 47.00 115.55 11 48 3
78 43.99 91.65 39.62 444.26 0 16 1
79 42.40 88.24 0.86 229.44 12 21 3
80 14.18 8.21 27.18 330.70 4 43 2
81 72.76 50.67 47.75 408.30 12 41 2
82 97.61 16.04 35.92 365.30 4 34 1
83 61.25 17.35 7.40 433.24 0 22 3
84 17.31 58.77 37.52 491.32 13 33 3
85 83.90 33.72 45.22 355.63 7 20 1
86 99.10 34.30 37.19 414.49 11 36 2
87 24.06 52.31 5.25 452.16 24 25 3
88 15.94 58.02 1.73 358.18 11 34 3
89 76.40 64.49 48.46 92.70 5 45 2
90 50.44 50.97 18.75 50.10 20 40 2
91 52.55 75.73 20.02 226.38 15 16 2
92 80.87 74.18 11.21 354.97 8 29 2
93 93.50 57.91 40.55 119.25 7 14 2
94 64.29 83.67 48.84 208.49 21 36 3
95 74.73 80.82 20.48 224.23 8 33 3
96 71.03 27.96 25.54 476.38 6 31 2
97 46.40 93.65 20.77 81.71 21 42 2
98 72.26 79.63 13.02 280.16 18 44 1
99 21.42 93.68 13.39 140.07 12 45 1
100 90.51 20.14 36.19 408.79 20 39 2
101 54.44 62.79 19.91 449.06 18 43 2
102 42.70 48.25 11.05 84.83 23 46 2
103 26.11 24.84 23.22 255.66 21 31 3
104 64.35 63.14 10.33 199.99 18 48 2
105 5.97 58.25 10.76 82.76 2 22 3
106 71.66 2.64 21.74 108.21 14 31 1
107 39.45 81.09 49.21 470.80 24 29 3
108 2.20 2.59 13.81 51.14 1 26 2
109 85.63 0.99 21.35 179.31 2 6 3
110 0.12 59.91 16.32 200.34 23 33 3
111 55.80 59.63 39.14 138.43 13 16 2
112 45.75 9.19 10.65 63.64 10 14 2
113 87.22 44.62 18.44 464.63 6 10 3
114 26.52 56.89 11.38 64.80 6 35 3
115 11.12 10.38 31.21 284.32 9 39 2
116 63.59 63.15 5.25 231.39 0 30 2
117 92.18 24.40 39.51 271.26 17 37 1
118 0.69 8.95 20.59 407.02 19 46 2
119 84.89 71.71 29.83 430.15 16 38 2
120 30.63 15.74 46.49 227.26 23 43 2
121 27.86 70.86 16.31 461.22 24 32 3
122 86.96 48.63 16.63 187.36 11 30 1
123 24.30 84.25 11.10 486.08 15 44 3
124 92.45 39.20 25.98 488.36 16 20 2
125 61.45 22.82 26.44 276.05 6 21 1
126 20.06 60.36 28.20 348.27 20 31 3
127 19.95 31.66 0.27 107.09 7 23 1
128 97.99 31.87 24.59 443.08 18 33 3
129 42.50 48.52 14.62 248.47 13 24 1
130 38.69 79.80 41.32 297.48 10 19 2
131 11.84 91.16 38.37 419.95 5 47 2
132 39.34 62.32 38.65 482.18 22 25 3
133 62.81 38.29 33.97 236.95 0 37 3
134 65.07 14.52 48.46 94.36 0 20 1
135 82.63 47.36 16.97 231.22 0 15 1
136 61.77 1.40 4.45 219.89 14 16 2
137 77.82 1.99 10.83 477.65 19 46 2
138 42.80 73.75 28.00 321.32 9 20 1
139 24.69 82.98 9.27 140.33 4 10 3
140 61.64 89.09 33.55 303.43 15 20 1
141 35.09 8.29 30.31 139.35 1 17 3
142 85.31 53.14 4.08 92.51 12 29 1
143 74.97 34.20 48.93 427.08 1 1 2
144 94.59 20.63 32.94 75.39 22 24 3
145 40.16 57.05 14.67 478.19 8 33 2
146 24.67 79.62 49.61 186.43 15 32 3
147 19.40 74.84 35.89 373.16 19 46 2
148 5.35 94.81 39.70 84.77 0 32 3
149 92.90 93.91 21.66 318.87 11 39 3
150 84.23 27.07 2.16 429.99 14 44 3
151 90.22 91.96 18.72 63.54 21 36 1
152 83.76 53.19 41.82 309.11 13 25 2
153 98.62 25.14 36.27 382.74 18 37 1
154 61.91 45.50 2.26 311.89 7 7 1
155 10.59 22.91 40.27 301.45 21 45 2
156 15.58 36.83 17.45 299.10 16 17 2
157 92.83 28.31 7.72 447.69 22 26 1
158 90.16 36.11 4.15 225.23 22 48 2
159 69.06 72.55 21.94 127.41 5 45 2
160 45.58 36.52 12.69 287.30 9 10 1
161 39.20 95.50 12.33 319.90 3 12 1
162 5.02 33.10 43.10 227.72 19 26 2
163 10.93 64.08 49.55 144.89 23 24 2
164 71.51 73.62 28.13 314.06 15 37 3
165 42.57 37.90 6.07 469.37 17 17 3
166 58.74 15.36 44.23 85.22 6 6 3
167 48.15 13.39 9.52 386.32 18 37 3
168 66.99 43.47 1.99 243.70 8 30 1
169 39.09 10.67 13.76 89.02 23 28 2
170 32.69 10.34 11.54 493.76 20 36 3
171 12.42 62.63 49.10 392.39 16 37 3
172 28.00 16.75 38.21 155.60 17 19 3
173 96.61 70.91 10.23 149.17 21 35 2
174 16.53 33.75 10.90 259.53 1 43 3
175 47.95 39.69 22.79 403.78 22 32 2
176 69.82 81.43 10.58 248.99 13 36 3
177 4.48 88.15 11.72 86.87 3 21 2
178 66.63 29.01 23.29 123.16 22 30 2
179 11.77 69.23 12.38 292.40 0 9 1
180 29.70 34.24 17.19 106.29 9 46 1
181 74.97 25.87 34.38 199.27 6 9 2
182 15.72 13.93 4.58 146.19 16 20 1
183 10.24 13.09 25.93 101.31 16 21 2
184 32.49 57.03 31.31 78.42 13 44 1
185 72.76 25.82 23.02 282.15 14 42 1
186 21.44 2.03 47.70 126.76 7 14 1
187 51.99 39.49 7.62 296.82 14 48 2
188 11.03 60.82 42.91 471.12 13 15 2
189 9.41 16.43 49.86 433.52 2 11 2
190 45.08 52.39 12.53 179.41 13 22 1
191 94.87 30.34 16.57 378.42 14 18 2
192 46.07 81.30 14.97 122.09 4 26 2
193 68.49 62.38 6.69 327.99 10 23 3
194 72.22 87.98 30.77 98.50 10 19 1
195 84.56 22.58 48.31 395.87 7 23 2
196 3.65 84.70 12.14 431.47 3 45 1
197 21.62 63.64 22.77 66.21 1 24 3
198 82.96 40.48 16.02 343.21 24 35 2
199 24.47 5.86 12.84 90.79 8 30 2
200 26.50 76.28 29.86 455.67 24 27 3
1 180.25 4780.25 1
2 139.82 2585.48 2
3 148.74 4901.17 3
4 161.84 3303.43 2
5 106.88 4793.69 1
1 1.79 42.05 3
2 1.06 36.55 3
3 1.15 31.85 5
4 1.93 27.73 5
5 1.52 48.65 4
6 1.83 43.33 1
7 1.23 42.88 2
8 1.47 38.90 3
9 1.33 47.12 4
10 1.81 48.34 3
11 1.59 42.20 5
12 1.83 32.02 4
13 1.67 39.42 4
14 1.24 44.08 3
