Data for Vehicle routing problem with drones - Author: Huyen Do Thi Ngoc
Number of depots: 1
Number of cities: 200
Number of trucks: 6
Number of drones: 16
Area: 100 100 50
Customer maximum demand: 500
Max capacity of truck: 200
Max energy of truck: 5000
Max capacity of drone: 2
Max energy of drone: 50
1 30.43 0.99 15.72
1 35.62 54.01 46.92 72.26 0 13 1
2 20.17 43.44 38.34 210.56 2 15 1
3 11.67 70.59 5.50 170.34 12 41 1
4 18.19 86.44 37.81 450.42 15 19 1
5 90.76 98.24 0.86 357.10 15 24 1
6 94.29 81.87 7.27 175.64 0 30 1
7 4.86 32.18 49.11 439.02 6 36 1
8 5.16 49.04 37.46 482.88 0 16 1
9 22.32 84.84 13.00 468.49 0 43 1
10 46.16 31.18 27.68 415.93 18 31 1
11 74.27 17.19 38.77 358.36 11 39 1
12 57.33 41.57 14.91 67.19 17 48 1
13 93.11 22.39 13.29 355.81 7 20 1
14 88.38 14.29 17.84 250.07 19 26 1
15 75.41 84.12 29.26 389.66 24 24 1
16 39.19 54.38 6.73 254.56 23 43 1
17 74.31 1.74 39.51 420.60 16 45 1
18 98.76 8.60 17.72 359.33 1 39 1
19 38.52 46.41 31.83 85.50 3 5 1
20 46.62 42.86 31.65 54.12 21 28 1
21 35.79 70.14 46.74 460.76 12 38 1
22 20.77 40.47 20.00 131.13 22 32 1
23 31.61 73.05 2.66 176.90 14 27 1
24 21.48 14.45 20.20 115.95 3 43 1
25 86.96 86.24 32.29 394.36 12 24 1
26 47.17 80.16 9.39 498.85 15 23 1
27 26.00 9.92 21.23 244.33 22 27 1
28 35.14 12.64 34.72 436.55 20 37 1
29 70.30 56.87 16.82 150.78 17 32 1
30 69.74 76.19 30.32 122.36 0 6 1
31 24.05 60.01 10.10 273.24 21 48 1
32 88.59 11.38 31.36 421.34 19 46 1
33 21.51 12.36 6.12 122.94 5 39 1
34 55.75 43.29 0.83 82.94 23 32 1
35 14.81 34.27 10.53 444.93 4 40 1
36 93.63 83.75 4.11 182.85 24 26 1
37 72.02 83.34 16.99 64.07 1 8 1
38 62.68 74.36 13.81 415.83 16 26 1
39 39.27 7.73 43.21 116.70 3 5 1
40 77.99 60.70 38.46 178.53 15 26 1
41 30.27 15.63 23.12 428.92 16 23 1
42 38.00 14.80 19.31 396.53 10 10 1
43 79.94 33.55 30.59 173.29 9 18 1
44 80.32 76.74 33.01 385.72 12 17 1
45 35.38 46.41 32.08 450.41 4 35 1
46 43.94 81.13 38.51 129.57 8 13 1
47 27.42 76.88 13.76 420.59 10 43 1
48 56.50 78.95 34.16 259.96 17 34 1
49 64.36 49.08 6.37 219.30 19 44 1
50 69.17 51.28 29.18 385.37 8 47 1
51 27.41 83.95 0.93 229.06 1 44 1
52 6.41 14.36 13.51 170.55 17 35 1
53 16.90 12.71 25.38 323.00 6 9 1
54 21.04 50.18 8.51 441.02 17 37 1
55 81.21 24.76 15.86 117.77 21 34 1
56 70.77 55.32 35.69 389.50 15 15 1
57 10.51 35.27 24.49 157.42 0 40 1
58 35.53 47.60 44.89 493.18 19 41 1
59 13.34 61.76 2.03 361.28 8 24 1
60 12.34 82.00 20.15 456.14 21 47 1
61 13.65 34.36 0.52 100.84 19 42 1
62 88.81 0.88 7.33 479.35 20 29 1
63 41.08 91.50 5.86 287.88 17 31 1
64 95.52 2.68 20.59 319.58 21 45 1
65 51.85 42.62 11.82 385.89 11 40 1
66 85.82 13.41 24.54 108.56 14 19 1
67 84.15 71.41 35.38 226.69 8 21 1
68 4.57 47.48 36.97 88.66 0 28 1
69 55.72 45.77 3.17 203.30 2 6 1
70 17.63 67.77 39.87 326.37 13 13 1
71 25.45 48.86 49.74 176.44 16 20 1
72 31.82 91.97 22.92 340.40 8 40 1
73 1.00 40.59 47.73 477.27 1 2 1
74 0.46 27.48 44.40 365.29 16 22 1
75 69.54 26.18 0.25 372.67 9 47 1
76 45.28 1.16 47.48 319.08 4 27 1
77 66.04 64.62 4.71 275.78 12 26 1
78 78.74 60.91 42.49 259.39 2 9 1
79 50.92 50.41 11.82 365.26 12 21 1
80 14.07 70.93 0.64 89.23 23 46 1
81 66.87 1.76 21.28 428.11 2 40 1
82 57.47 41.43 32.20 208.92 0 46 1
83 92.82 33.70 42.77 303.01 2 8 1
84 6.52 53.38 6.01 179.15 13 37 1
85 13.26 37.78 7.78 322.28 23 32 1
86 42.18 88.12 10.11 369.22 10 10 1
87 94.00 69.05 29.93 141.77 4 13 1
88 39.88 84.71 14.26 80.26 17 31 1
89 30.75 64.54 27.58 459.18 3 10 1
90 5.17 67.62 7.03 244.51 14 26 1
91 1.48 52.39 28.54 457.11 6 11 1
92 15.40 36.61 26.50 149.72 16 36 1
93 69.38 26.15 26.83 354.44 5 43 1
94 97.20 45.74 34.41 219.67 15 48 1
95 21.19 44.33 8.80 66.74 13 17 1
96 28.84 88.08 45.44 61.02 8 31 1
97 75.44 94.83 47.23 279.97 5 14 1
98 53.93 15.46 32.42 188.06 19 37 1
99 99.26 19.84 18.52 203.63 7 35 1
100 13.54 78.08 10.78 366.49 6 41 1
101 95.55 17.48 18.18 240.52 16 41 1
102 4.67 53.53 4.76 343.39 8 44 1
103 1.66 10.35 31.00 166.90 11 16 1
104 18.93 21.16 34.96 285.52 13 46 1
105 42.04 45.44 10.33 85.59 0 20 1
106 81.23 26.40 1.56 244.87 11 38 1
107 67.94 41.32 44.76 60.73 18 36 1
108 24.69 85.07 34.97 263.98 14 34 1
109 8.90 26.92 49.12 392.27 13 36 1
110 76.70 27.67 49.48 362.64 2 48 1
111 56.92 53.30 29.68 336.39 22 27 1
112 60.68 85.73 29.07 394.74 11 43 1
113 82.85 1.63 2.40 471.17 2 37 1
114 32.33 53.30 46.95 53.66 23 45 1
115 36.72 6.88 10.14 51.54 0 45 1
116 52.75 37.63 0.32 351.18 14 18 1
117 75.99 44.01 1.36 264.27 6 14 1
118 0.38 66.80 7.54 198.56 19 43 1
119 22.38 62.20 1.39 228.02 9 44 1
120 31.04 39.58 13.68 64.53 11 38 1
121 37.58 10.10 28.20 52.68 17 32 1
122 30.00 38.32 24.71 113.96 7 9 1
123 12.86 38.96 44.76 368.47 2 14 1
124 38.01 78.17 33.70 194.87 5 30 1
125 0.94 85.24 43.44 322.42 0 4 1
126 64.98 45.19 30.00 268.48 3 23 1
127 92.39 30.25 21.20 94.06 7 21 1
128 27.87 78.79 15.90 467.15 4 38 1
129 72.82 42.50 8.52 197.25 1 39 1
130 22.25 81.83 11.52 80.54 21 25 1
131 35.89 99.46 49.59 88.22 20 28 1
132 89.92 84.36 6.28 231.04 6 36 1
133 20.21 95.94 45.00 488.92 21 46 1
134 21.68 31.95 7.38 354.48 2 26 1
135 48.26 62.71 20.20 366.45 16 19 1
136 33.34 6.04 30.83 58.85 6 36 1
137 85.11 43.94 34.95 131.20 12 29 1
138 50.94 40.06 20.24 375.23 2 45 1
139 53.02 61.61 35.46 482.69 1 16 1
140 81.46 13.19 6.41 126.52 1 25 1
141 33.88 44.37 5.71 292.70 4 42 1
142 29.80 98.59 13.31 79.19 23 43 1
143 67.58 33.04 38.16 361.70 2 30 1
144 52.25 45.52 13.49 295.43 2 33 1
145 67.22 14.54 19.69 438.46 24 48 1
146 87.78 74.86 4.71 467.69 21 38 1
147 69.10 43.36 43.44 346.01 4 27 1
148 72.88 73.72 49.78 207.14 13 29 1
149 30.99 65.69 46.81 466.77 17 24 1
150 62.43 86.00 22.87 311.33 10 10 1
151 70.70 38.86 0.67 404.81 3 22 1
152 20.44 71.27 23.62 71.78 14 31 1
153 31.71 91.54 3.79 285.58 18 41 1
154 89.78 56.28 2.62 400.75 13 31 1
155 61.39 62.52 45.27 192.61 14 37 1
156 17.44 71.49 45.26 61.12 9 20 1
157 87.37 79.38 28.69 88.86 10 16 1
158 1.51 57.98 6.53 71.96 10 14 1
159 26.08 12.25 36.51 127.59 20 37 1
160 47.56 95.33 36.83 211.80 14 29 1
161 49.14 48.45 38.93 265.74 23 41 1
162 60.44 62.44 33.21 255.10 10 24 1
163 45.28 5.17 9.93 413.06 16 19 1
164 49.22 60.15 15.82 305.88 0 20 1
165 58.17 70.31 19.08 471.94 8 32 1
166 19.38 80.46 20.54 198.61 14 18 1
167 27.84 98.90 31.14 242.40 4 18 1
168 48.09 42.75 38.65 368.51 0 25 1
169 7.04 38.37 20.33 186.62 0 6 1
170 91.36 39.31 37.81 259.46 13 15 1
171 6.54 87.71 16.55 432.62 13 19 1
172 42.29 76.67 24.62 209.59 5 45 1
173 42.68 3.87 47.62 492.01 11 37 1
174 16.38 28.29 32.78 479.62 23 28 1
175 7.24 59.01 6.52 404.41 1 28 1
176 91.78 47.27 12.48 333.41 13 26 1
177 74.89 34.40 24.36 162.42 1 34 1
178 38.55 0.84 11.04 222.33 7 8 1
179 59.75 27.05 32.09 56.81 13 41 1
180 96.24 45.35 40.70 405.11 15 47 1
181 85.44 29.48 27.22 488.37 10 37 1
182 11.00 75.02 28.43 192.04 8 43 1
183 71.19 14.39 11.07 272.88 22 22 1
184 94.11 71.81 35.79 231.28 14 34 1
185 30.72 53.80 40.60 78.70 14 44 1
186 82.30 94.40 19.72 380.97 13 17 1
187 86.66 98.88 29.68 286.36 22 22 1
188 36.07 65.95 15.37 255.60 18 31 1
189 75.36 23.55 20.20 232.51 16 44 1
190 73.18 16.38 36.25 404.46 2 10 1
191 42.33 99.58 1.13 204.96 19 47 1
192 91.56 62.53 20.97 62.81 23 48 1
193 50.55 23.08 10.01 74.44 8 34 1
194 76.38 62.17 38.19 240.00 19 43 1
195 89.86 94.86 9.94 108.58 19 33 1
196 56.77 82.50 1.33 194.94 5 19 1
197 88.08 43.77 46.92 311.66 24 31 1
198 98.29 44.85 30.65 156.07 10 11 1
199 76.76 35.83 37.27 390.78 18 40 1
200 42.91 35.64 43.63 151.22 7 15 1
1 147.54 4329.79 1
2 146.61 4992.23 1
3 124.94 4781.85 1
4 191.81 3792.46 1
5 194.11 2600.45 1
6 105.18 3726.57 1
1 1.61 48.50 3
2 1.48 37.43 5
3 1.72 40.93 5
4 1.48 35.42 2
5 1.28 43.75 6
6 1.42 33.04 6
7 1.75 33.47 3
8 1.40 26.47 1
9 1.36 36.64 5
10 1.23 40.38 3
11 1.80 27.18 6
12 1.49 40.16 1
13 1.26 49.36 4
14 1.30 48.12 3
15 1.71 36.35 5
16 1.40 30.02 5
