Data for Vehicle routing problem with drones - Author: Huyen Do Thi Ngoc
Number of depots: 5
Number of cities: 500
Number of trucks: 10
Number of drones: 12
Area: 100 100 50
Customer maximum demand: 500
Max capacity of truck: 200
Max energy of truck: 5000
Max capacity of drone: 2
Max energy of drone: 50
1 49.97 96.97 31.82
2 15.99 48.30 3.89
3 65.81 31.41 5.08
4 40.85 31.02 12.76
5 13.25 88.49 8.91
1 93.82 30.25 42.22 184.86 10 18 2
2 35.47 13.21 33.47 226.20 21 28 5
3 97.00 32.56 12.21 392.19 14 22 2
4 11.41 23.90 32.61 160.15 11 45 5
5 26.48 41.16 48.76 238.37 4 19 1
6 54.01 13.88 3.10 383.61 10 23 1
7 85.12 15.34 19.72 141.84 13 31 4
8 7.33 71.59 44.48 266.82 13 44 4
9 30.82 6.45 13.25 436.30 17 44 4
10 19.24 17.81 42.14 386.24 1 8 1
11 0.18 69.82 45.51 305.53 10 16 1
12 52.63 46.51 18.28 245.16 16 48 2
13 80.97 32.36 14.13 388.94 0 40 4
14 29.86 2.85 32.48 465.92 9 20 1
15 12.18 58.11 49.32 350.55 1 33 5
16 84.24 95.37 34.84 414.54 17 36 2
17 4.53 7.88 23.67 393.60 22 31 4
18 97.93 84.45 42.30 272.71 6 37 5
19 55.80 70.65 41.55 473.17 5 17 1
20 19.37 15.21 23.89 186.95 20 39 1
21 37.48 76.28 2.10 485.36 16 26 3
22 25.18 41.70 46.66 294.34 9 37 5
23 58.34 98.07 20.70 379.13 23 47 5
24 70.20 79.28 32.07 115.29 7 36 2
25 90.31 10.10 31.09 383.57 10 47 4
26 62.24 81.69 46.62 258.98 24 31 4
27 32.97 49.83 35.61 475.24 23 29 4
28 27.40 98.16 34.24 160.58 16 29 5
29 5.12 14.97 37.84 365.46 20 20 5
30 30.77 35.68 38.42 134.33 16 30 3
31 17.92 17.58 30.23 171.81 13 43 2
32 60.89 27.51 6.00 61.93 23 38 3
33 10.04 32.20 26.72 351.09 20 45 2
34 1.10 45.52 16.14 133.75 0 24 1
35 38.31 39.14 40.12 302.73 16 38 3
36 39.38 94.49 11.92 347.66 7 15 4
37 40.36 8.92 11.46 379.70 10 22 2
38 37.70 81.05 26.90 331.59 4 10 3
39 51.22 32.53 41.09 92.51 9 14 4
40 5.33 95.00 17.03 274.17 17 33 4
41 1.40 31.21 22.87 353.66 22 37 3
42 18.22 84.73 22.20 98.60 22 43 1
43 88.88 30.10 26.98 55.74 8 19 3
44 72.63 8.17 18.84 207.26 5 5 4
45 19.36 32.69 7.15 288.40 14 21 1
46 7.57 87.64 13.21 483.71 0 3 4
47 11.46 87.13 11.56 306.33 9 41 4
48 39.66 64.37 8.49 158.20 5 38 1
49 24.79 14.97 14.71 343.17 18 36 1
50 50.97 45.40 30.42 483.39 19 39 1
51 10.87 32.45 24.99 447.10 11 45 1
52 83.49 8.06 17.01 217.72 4 18 4
53 72.03 3.16 9.78 246.45 20 26 5
54 93.93 71.32 30.53 210.70 20 27 1
55 95.13 98.32 27.37 403.41 4 40 1
56 24.57 68.91 14.27 346.72 17 27 3
57 26.51 56.46 8.69 410.61 9 26 1
58 27.79 88.51 28.12 447.93 15 35 3
59 58.69 50.93 30.95 318.94 14 22 1
60 11.73 40.41 42.07 160.68 4 34 3
61 61.26 42.87 24.62 240.27 23 31 2
62 4.54 19.91 24.04 162.98 7 32 2
63 72.17 82.42 40.54 122.14 23 36 5
64 77.57 99.86 1.33 69.23 16 24 2
65 87.05 69.30 30.13 104.93 22 41 5
66 65.14 60.26 16.45 339.61 20 28 1
67 32.98 68.00 22.59 356.67 5 18 5
68 16.75 81.36 7.95 336.13 24 30 3
69 71.54 65.83 14.38 51.57 21 33 3
70 98.45 7.50 37.72 389.57 20 32 1
71 23.85 28.59 35.47 455.79 17 39 5
72 98.70 28.85 43.32 92.59 13 44 4
73 50.78 0.00 26.10 254.70 19 43 4
74 77.45 38.55 35.90 206.21 18 27 2
75 81.76 68.18 47.06 126.40 20 33 2
76 49.99 43.54 38.79 157.11 21 48 4
77 3.26 19.64 18.32 431.24 3 17 5
78 2.06 33.31 33.52 396.30 15 35 2
79 35.21 84.72 15.26 92.76 11 29 5
80 81.36 88.19 35.12 305.14 15 16 5
81 68.23 9.16 8.29 360.77 7 25 3
82 6.73 36.72 13.05 177.93 20 30 3
83 37.37 42.17 39.21 205.88 11 48 5
84 94.47 39.13 21.69 318.93 21 26 5
85 14.41 6.50 45.57 165.21 4 6 4
86 28.49 32.92 24.31 216.90 4 13 4
87 30.05 9.28 22.08 470.05 22 40 1
88 87.04 90.48 40.99 284.57 7 43 4
89 9.85 99.13 29.53 225.77 4 26 5
90 21.17 63.36 25.61 118.08 19 48 3
91 82.66 47.70 9.84 94.28 11 13 3
92 78.29 85.07 2.20 300.37 4 14 4
93 66.30 74.42 31.46 99.08 6 31 5
94 9.43 98.73 4.31 250.23 2 8 3
95 54.39 20.55 41.84 369.45 2 34 1
96 9.86 25.09 13.34 416.49 0 39 4
97 50.95 70.77 8.29 331.12 10 45 5
98 55.06 40.25 17.67 286.05 22 26 5
99 97.36 25.57 34.62 56.62 21 42 3
100 66.50 46.12 22.93 447.90 7 9 3
101 16.25 32.19 17.17 125.31 15 26 2
102 20.31 17.57 20.98 128.14 2 2 3
103 9.28 93.56 40.75 479.77 0 16 4
104 45.71 31.53 6.45 409.26 20 25 1
105 60.16 95.48 41.93 254.29 11 29 1
106 46.50 66.21 14.19 218.89 15 30 2
107 94.49 16.59 28.06 351.90 19 37 2
108 63.57 42.89 24.32 123.51 23 41 3
109 20.47 68.85 42.66 92.53 1 3 4
110 88.16 91.50 7.36 128.88 17 19 1
111 6.20 87.26 9.95 475.58 6 38 3
112 47.39 1.35 31.65 183.16 24 28 3
113 10.49 94.00 38.41 443.27 15 40 4
114 95.11 38.65 10.97 259.96 23 41 1
115 94.17 63.67 27.59 133.45 12 36 5
116 85.50 15.73 33.44 192.74 19 21 3
117 20.86 67.31 47.38 440.38 22 44 1
118 53.06 86.98 28.40 274.61 2 9 2
119 61.10 63.18 20.34 386.28 15 15 2
120 4.68 42.41 8.58 178.51 12 20 5
121 46.43 2.98 0.58 116.89 11 47 4
122 40.31 1.06 33.89 446.92 10 26 1
123 42.71 89.69 47.00 392.57 19 21 4
124 49.32 64.98 20.15 459.46 22 37 2
125 72.13 32.33 44.49 349.69 10 48 4
126 97.26 20.76 38.25 205.11 0 47 2
127 76.07 19.91 8.38 154.64 6 43 2
128 30.94 83.73 19.67 298.05 9 41 5
129 31.94 84.20 44.01 340.27 5 36 4
130 73.58 27.32 11.91 171.79 9 25 5
131 9.25 28.28 16.88 289.74 3 47 1
132 48.38 88.84 9.82 152.19 11 30 3
133 60.56 95.55 28.77 137.27 1 15 1
134 10.32 89.61 13.83 369.93 0 1 2
135 68.42 96.02 0.61 457.10 16 18 4
136 29.51 16.08 5.38 93.40 23 36 5
137 19.85 38.31 11.34 135.64 4 15 4
138 29.65 73.89 31.09 120.04 15 25 2
139 25.62 78.30 27.70 55.21 15 18 1
140 39.11 34.68 44.69 363.25 18 29 1
141 36.99 68.76 0.34 395.66 19 43 4
142 79.51 37.68 48.44 134.90 3 3 5
143 0.40 52.17 41.26 472.16 24 44 4
144 51.65 64.63 33.13 242.86 9 41 5
145 5.12 70.51 17.66 115.60 6 37 4
146 11.06 27.27 28.23 478.89 6 9 3
147 68.65 71.01 13.10 127.02 4 5 4
148 14.40 22.44 48.03 168.88 20 28 2
149 98.83 80.60 27.39 326.49 6 22 3
150 88.66 53.15 18.67 221.28 2 35 2
151 44.07 58.21 36.94 397.57 2 22 3
152 24.54 95.26 8.19 233.31 14 29 4
153 87.74 77.05 37.68 54.80 3 20 1
154 30.11 28.18 7.25 287.17 1 34 3
155 77.11 36.10 49.15 332.42 1 16 1
156 40.36 73.84 4.97 472.67 15 38 1
157 70.76 16.05 7.16 71.20 4 47 4
158 14.68 2.17 3.47 433.62 22 46 3
159 30.34 29.89 4.19 196.40 6 12 1
160 50.73 73.40 18.86 421.68 0 17 3
161 99.51 30.70 44.50 432.00 18 22 1
162 46.25 74.61 42.80 362.72 10 41 3
163 66.72 24.18 46.13 307.67 9 39 3
164 28.64 6.35 22.60 192.68 2 15 4
165 71.95 70.42 46.41 400.17 2 24 4
166 13.17 77.33 4.56 473.51 1 22 2
167 50.04 69.65 44.53 403.62 17 39 4
168 12.05 79.64 47.24 51.88 16 18 5
169 73.48 25.50 26.33 128.75 9 42 2
170 6.82 8.79 7.86 408.80 6 15 5
171 72.20 93.70 0.14 179.39 0 39 1
172 96.89 66.70 17.64 364.80 7 13 4
173 73.67 34.19 11.62 194.97 21 42 5
174 7.81 5.39 2.52 441.02 24 32 1
175 83.00 70.37 4.26 65.24 17 21 4
176 9.56 80.43 12.28 150.55 11 47 1
177 45.63 95.75 2.02 421.93 13 28 1
178 66.82 85.67 10.25 436.42 2 5 3
179 36.90 72.66 6.42 315.94 10 41 2
180 23.68 31.20 17.05 354.39 11 15 4
181 79.24 44.51 26.17 67.66 13 29 4
182 56.26 60.42 23.77 199.24 5 43 2
183 26.88 6.66 34.05 183.44 5 33 4
184 52.93 24.87 25.44 75.11 16 48 5
185 10.21 30.43 25.10 52.49 0 16 4
186 33.30 80.50 31.93 127.59 12 17 3
187 89.30 88.42 17.88 257.17 23 41 5
188 71.67 90.65 25.35 315.43 6 32 5
189 41.77 88.87 7.99 346.56 4 12 5
190 88.38 63.99 1.56 315.31 23 44 5
191 12.88 72.11 49.14 168.02 6 13 2
192 25.56 82.07 33.67 109.60 8 30 3
193 69.16 22.49 36.99 169.20 16 26 3
194 84.65 83.23 43.13 395.46 11 39 4
195 16.54 60.91 1.20 321.77 7 43 2
196 89.17 86.50 11.52 448.61 9 9 5
197 85.16 18.01 39.40 308.91 7 37 3
198 19.09 12.89 35.52 432.90 10 21 2
199 3.10 58.90 13.37 127.86 24 48 2
200 42.01 47.95 39.26 454.89 23 47 1
201 85.71 44.13 46.79 98.32 17 46 3
202 68.26 87.51 12.11 51.38 11 13 5
203 62.99 99.71 4.07 254.78 4 44 1
204 28.12 99.54 15.85 281.38 5 26 1
205 91.59 71.91 39.93 438.46 24 44 2
206 31.35 79.71 8.91 443.77 9 37 2
207 91.77 38.48 34.28 496.81 5 33 4
208 2.60 11.31 45.15 393.44 6 39 4
209 54.95 71.58 9.60 270.35 0 20 2
210 0.33 61.88 45.93 499.10 7 35 3
211 3.18 4.97 16.44 100.34 13 21 5
212 63.93 43.70 39.92 189.17 17 18 1
213 18.67 79.10 21.07 426.99 23 27 4
214 94.59 73.01 14.66 367.09 4 41 4
215 7.65 21.02 25.28 365.88 3 25 4
216 49.95 9.65 43.04 77.42 6 43 3
217 77.27 44.46 22.41 450.60 7 8 4
218 58.50 59.14 14.65 184.39 5 25 5
219 72.82 67.79 32.09 343.83 16 44 5
220 11.91 8.77 30.51 124.18 0 18 5
221 82.67 87.66 47.99 72.21 11 39 2
222 10.31 85.25 16.60 333.76 15 22 5
223 56.51 24.83 5.16 80.20 11 27 1
224 69.05 58.02 30.35 433.38 6 47 3
225 14.16 47.18 8.57 385.51 5 40 1
226 56.16 60.23 3.46 449.17 24 32 2
227 79.54 50.36 39.29 116.55 15 16 3
228 81.96 47.07 18.69 409.34 0 31 2
229 78.73 74.06 44.62 172.80 11 25 3
230 37.60 17.12 47.23 478.05 12 36 4
231 0.06 84.35 24.61 349.06 2 15 4
232 26.05 48.58 33.41 109.70 2 17 4
233 63.04 85.73 12.27 298.33 22 36 3
234 30.16 87.75 26.64 366.20 5 18 1
235 35.99 78.38 33.59 324.79 17 38 4
236 62.21 98.68 22.03 273.27 21 39 2
237 56.73 73.93 43.56 86.18 24 29 5
238 12.92 70.79 30.94 354.34 14 42 5
239 87.21 16.64 4.51 316.69 17 42 3
240 44.40 64.69 41.58 353.82 24 36 3
241 55.13 31.11 40.12 138.67 21 21 2
242 50.52 64.73 12.99 250.60 13 42 4
243 78.23 23.45 34.82 134.73 16 38 1
244 12.63 65.23 37.62 387.88 21 31 5
245 14.62 55.89 42.38 417.59 0 17 1
246 77.11 49.79 8.68 448.05 23 33 4
247 45.57 33.74 13.99 224.80 11 32 4
248 61.56 97.47 12.47 208.20 2 33 4
249 66.24 89.30 38.63 490.06 6 25 3
250 89.70 51.44 41.16 310.95 21 25 5
251 48.74 9.98 10.24 412.32 16 34 3
252 7.99 29.26 19.92 247.08 3 15 3
253 93.77 23.91 11.39 147.43 5 39 4
254 47.58 5.30 36.64 187.58 23 34 1
255 49.14 11.06 33.37 163.07 18 37 2
256 15.32 68.92 35.92 383.08 1 39 5
257 9.80 66.66 10.99 74.00 8 17 1
258 74.98 76.75 4.74 62.35 21 26 2
259 53.17 56.67 16.94 423.56 20 42 1
260 62.38 42.79 47.72 338.49 14 22 4
261 82.94 56.28 33.01 180.68 24 30 2
262 85.85 78.43 43.53 324.88 16 24 5
263 43.83 74.09 22.61 118.52 4 11 3
264 9.40 92.98 30.67 239.94 24 36 5
265 75.71 33.10 21.41 101.80 13 44 4
266 5.79 45.99 27.48 353.48 15 17 5
267 86.19 61.93 15.67 101.13 3 39 1
268 82.87 14.01 33.13 370.60 6 13 3
269 97.68 62.84 1.24 52.55 15 21 5
270 54.90 77.54 45.51 208.77 3 27 1
271 68.16 83.54 5.02 300.40 7 25 5
272 97.77 73.96 10.67 448.61 8 21 1
273 97.75 54.88 1.50 287.21 0 29 2
274 8.29 2.68 8.11 384.97 22 35 4
275 9.19 58.38 6.73 208.52 22 33 1
276 47.49 81.04 40.25 354.39 14 32 3
277 16.89 21.74 28.44 268.40 23 39 3
278 83.29 57.28 3.13 326.65 4 17 1
279 57.26 65.39 29.50 126.13 21 23 4
280 6.24 19.62 25.87 171.95 5 31 3
281 4.51 81.26 42.25 79.40 17 17 5
282 35.91 2.29 35.64 298.90 12 42 1
283 76.67 70.34 23.59 137.76 11 30 5
284 16.95 92.03 47.95 416.88 14 40 3
285 43.38 73.78 28.91 112.54 23 32 5
286 20.94 18.00 47.02 461.00 7 15 1
287 73.72 48.97 38.07 300.88 22 45 2
288 12.90 72.02 26.58 479.88 19 38 2
289 7.04 89.94 42.24 295.49 15 46 5
290 51.62 71.18 20.20 490.74 8 26 4
291 2.40 59.38 6.69 109.37 15 41 3
292 10.14 73.22 49.11 99.31 22 27 1
293 23.56 57.31 20.00 427.07 8 24 3
294 80.48 5.78 12.46 58.96 1 30 1
295 97.79 40.54 27.27 274.32 11 18 5
296 68.61 52.85 46.43 240.86 21 25 3
297 19.28 62.86 9.88 388.41 14 46 3
298 67.24 30.07 45.67 179.50 16 47 4
299 35.10 41.30 39.80 63.55 17 30 2
300 46.73 71.31 45.71 166.19 23 29 4
301 40.59 31.41 23.19 167.77 8 35 5
302 68.23 20.57 0.14 178.76 23 40 4
303 99.22 75.14 6.41 310.31 4 42 4
304 22.57 87.53 35.17 223.49 1 4 4
305 92.08 59.21 41.55 225.88 1 48 3
306 58.97 14.02 15.97 55.74 16 25 1
307 80.02 10.42 39.43 349.44 21 31 5
308 7.64 75.23 7.03 191.09 24 47 5
309 56.07 43.39 43.16 445.37 11 33 4
310 39.74 38.05 48.46 437.79 0 33 1
311 70.35 27.90 30.51 91.89 20 31 3
312 8.37 97.10 46.04 385.78 21 39 3
313 60.51 96.58 1.95 434.52 6 18 4
314 15.85 50.81 38.84 463.60 22 39 1
315 3.96 28.98 47.91 103.62 4 7 2
316 94.03 20.91 8.32 481.66 10 45 3
317 55.05 91.35 33.98 422.60 12 18 2
318 87.58 30.32 24.55 408.23 2 46 3
319 13.84 41.94 22.82 213.85 6 46 4
320 53.35 53.68 0.61 404.34 19 19 3
321 79.97 81.93 26.57 377.39 24 31 4
322 91.96 33.60 46.64 316.53 13 17 2
323 11.11 1.73 40.50 200.89 16 18 2
324 57.31 36.84 30.41 58.14 8 13 1
325 43.32 74.26 11.61 440.85 0 8 5
326 87.95 60.66 15.98 100.49 7 25 1
327 48.92 3.35 2.98 265.99 4 47 2
328 66.17 3.88 9.11 189.90 14 23 2
329 57.93 87.82 41.72 167.06 0 9 1
330 51.89 24.58 17.12 404.06 5 5 5
331 85.36 34.15 29.38 383.57 22 32 2
332 35.87 56.00 46.38 287.15 16 25 1
333 28.93 65.67 46.83 431.97 3 25 1
334 8.82 6.38 7.65 84.47 20 27 4
335 70.24 41.56 1.01 76.07 14 32 1
336 51.69 14.40 12.48 349.20 14 44 5
337 73.56 44.65 15.45 444.56 7 37 1
338 93.99 75.36 4.15 435.46 24 28 2
339 1.64 1.42 19.17 227.43 1 24 5
340 58.16 54.88 3.81 284.24 12 40 4
341 3.97 51.79 46.35 409.46 7 30 5
342 27.41 81.34 2.79 386.77 24 47 1
343 21.98 25.19 8.73 210.21 16 27 2
344 11.20 38.76 30.76 236.23 21 29 5
345 59.64 43.10 26.97 454.83 19 41 3
346 26.16 92.61 19.77 98.98 5 44 5
347 44.17 80.72 48.07 479.22 23 41 5
348 22.21 50.56 42.21 401.80 22 28 5
349 65.84 83.53 47.47 204.89 1 1 4
350 35.65 92.53 7.52 493.86 9 34 5
351 0.81 86.20 45.03 301.59 21 34 1
352 50.65 57.58 9.94 65.75 22 37 1
353 81.39 62.75 14.95 202.56 21 42 4
354 80.80 95.76 39.62 378.51 2 34 5
355 57.90 65.72 30.10 442.37 9 30 4
356 87.18 99.56 35.13 77.42 5 36 1
357 1.22 29.92 32.48 407.99 13 25 4
358 21.80 18.72 30.08 104.18 24 26 1
359 23.83 14.72 14.28 91.50 14 21 1
360 76.83 13.52 33.81 232.45 1 41 2
361 75.41 97.79 36.96 330.72 21 31 2
362 49.18 62.04 4.93 66.45 19 43 1
363 52.38 8.79 30.39 144.76 3 40 1
364 13.49 17.64 29.36 231.44 15 31 3
365 23.92 39.57 39.40 129.25 1 36 4
366 28.64 0.18 2.94 174.68 24 27 4
367 62.77 40.08 35.15 182.32 2 2 1
368 75.45 91.25 20.28 255.32 5 35 4
369 65.97 6.82 35.18 105.82 2 3 5
370 40.28 44.39 25.61 256.46 2 42 1
371 3.62 89.10 1.24 235.70 21 22 3
372 38.97 7.61 40.93 105.95 4 45 5
373 35.17 21.54 43.33 420.73 16 33 2
374 90.52 10.35 3.84 111.13 22 26 1
375 32.49 33.35 3.04 121.03 5 16 1
376 67.25 39.51 42.08 193.26 24 42 5
377 40.22 69.04 9.04 212.16 3 41 1
378 71.11 52.03 26.43 215.79 9 45 1
379 91.52 94.61 1.19 133.19 0 23 1
380 63.26 28.86 21.15 346.49 13 23 3
381 55.16 35.61 36.39 490.25 16 41 2
382 22.55 51.02 7.04 93.76 9 45 4
383 17.01 59.96 8.87 404.53 23 44 4
384 86.77 83.18 17.98 120.58 21 48 2
385 8.74 87.06 21.20 472.06 3 44 5
386 78.99 28.29 23.53 162.08 21 46 5
387 43.70 53.31 48.59 430.89 13 18 5
388 97.18 94.25 14.88 288.15 4 4 1
389 44.87 83.86 1.29 66.29 18 27 4
390 47.26 32.65 49.72 377.99 5 38 3
391 15.02 90.91 19.90 188.55 21 29 2
392 93.14 1.63 22.62 76.96 11 35 4
393 43.26 82.40 8.05 296.67 3 9 4
394 23.56 39.57 30.33 269.13 1 42 3
395 76.58 13.60 45.62 374.54 7 48 3
396 54.06 28.74 21.46 85.27 13 16 5
397 14.75 12.76 29.58 277.47 13 31 4
398 70.46 37.58 15.07 385.76 0 11 1
399 53.23 8.14 0.81 182.64 18 48 3
400 42.83 90.74 31.81 128.95 4 21 4
401 42.25 51.56 27.19 388.05 13 36 5
402 70.92 27.25 31.40 200.24 19 21 3
403 89.07 27.93 18.56 293.77 13 26 3
404 57.54 10.29 8.49 408.71 13 36 2
405 53.59 60.46 7.57 389.63 15 41 3
406 80.55 7.13 0.17 288.11 5 39 1
407 95.83 79.17 16.39 458.75 17 17 4
408 37.94 56.54 35.04 108.55 9 36 4
409 83.67 74.60 33.21 222.12 2 27 3
410 27.32 73.92 0.29 365.24 9 14 3
411 52.74 17.60 27.87 190.28 10 48 1
412 48.82 17.34 18.06 230.88 13 15 2
413 96.78 5.21 48.78 334.75 20 39 1
414 86.29 64.13 41.13 290.86 9 26 1
415 8.25 1.02 19.46 258.74 3 33 1
416 99.89 76.97 32.03 437.99 17 43 1
417 85.19 63.45 0.18 304.44 24 29 2
418 62.56 67.17 2.08 92.12 0 21 1
419 43.55 73.86 19.91 342.41 7 16 2
420 42.77 8.88 17.90 110.27 3 23 2
421 37.81 72.52 1.34 72.10 6 47 2
422 3.72 58.31 35.82 189.08 2 44 4
423 37.63 67.50 45.83 439.12 24 32 5
424 31.21 89.17 5.76 166.91 16 22 3
425 69.66 16.70 24.70 120.71 8 39 3
426 2.34 35.44 44.52 203.43 9 18 4
427 0.09 3.45 8.19 96.09 0 21 3
428 7.80 19.75 14.77 117.90 11 42 2
429 67.57 37.39 37.87 373.68 15 36 1
430 87.12 60.92 16.30 333.56 21 35 2
431 47.57 5.71 38.85 54.17 23 35 5
432 20.79 31.33 3.44 53.85 10 38 2
433 39.27 55.34 4.79 328.64 24 36 4
434 82.56 98.98 12.30 167.33 8 38 3
435 23.55 34.41 0.79 343.08 2 7 1
436 83.55 89.45 39.79 131.22 5 39 4
437 73.91 99.25 20.80 432.23 0 32 4
438 46.65 72.98 3.69 358.08 21 43 2
439 96.47 42.29 46.68 163.84 18 42 3
440 91.85 90.27 45.34 488.31 12 23 3
441 34.44 10.30 44.60 264.68 22 30 2
442 83.99 92.18 32.24 198.73 10 12 2
443 80.85 64.02 37.91 249.31 4 11 1
444 89.16 91.71 11.47 293.20 15 42 1
445 27.94 92.35 2.88 428.20 16 42 3
446 12.48 89.18 35.16 462.09 9 19 4
447 59.34 96.20 36.09 299.76 13 33 5
448 8.25 17.76 20.77 497.19 20 28 2
449 60.98 22.89 35.37 337.06 6 27 1
450 36.98 13.15 17.96 69.26 4 16 5
451 86.09 76.51 34.57 476.15 12 13 5
452 70.93 87.28 3.04 185.66 7 42 1
453 12.89 9.76 11.64 484.66 23 30 2
454 70.22 3.05 0.44 147.28 6 18 2
455 95.82 1.87 18.04 331.49 20 20 3
456 97.66 67.36 47.50 274.00 1 32 3
457 20.75 50.84 19.13 442.74 5 16 4
458 47.90 71.30 17.22 216.28 23 47 5
459 32.82 40.87 3.22 405.37 14 22 2
460 66.14 80.66 21.02 172.02 14 32 5
461 79.69 64.45 45.16 208.66 13 29 2
462 5.92 72.81 20.86 412.89 3 11 2
463 88.42 30.20 22.85 100.19 21 47 3
464 4.32 5.88 32.38 185.01 16 17 3
465 40.91 91.49 34.58 160.02 22 24 4
466 34.60 47.08 20.23 139.22 7 15 2
467 56.76 3.30 9.82 334.28 9 29 5
468 54.21 80.54 23.25 235.73 1 13 2
469 19.88 19.05 6.88 388.15 24 38 1
470 97.93 12.62 30.34 285.67 3 31 5
471 85.60 7.38 20.41 368.71 24 24 3
472 35.43 12.44 5.88 445.12 17 19 1
473 43.96 35.88 14.35 353.36 11 32 3
474 75.18 81.07 31.96 472.92 1 34 5
475 33.25 57.63 35.21 353.10 18 30 2
476 91.81 23.56 31.76 109.63 5 31 5
477 66.80 44.37 16.91 410.35 18 25 5
478 30.73 30.32 36.67 135.66 2 25 3
479 87.94 71.40 46.33 64.71 4 24 3
480 32.47 56.38 1.04 371.13 11 12 4
481 17.39 85.17 11.16 357.86 22 25 5
482 32.12 61.17 2.57 84.80 19 29 4
483 4.42 85.29 49.01 147.67 5 16 5
484 68.33 90.82 3.56 150.19 0 34 3
485 40.47 83.14 40.40 280.63 15 42 2
486 29.19 12.93 42.99 374.53 11 43 2
487 5.94 53.47 17.64 361.98 11 36 3
488 18.53 82.60 29.76 281.07 7 25 4
489 55.99 0.92 43.89 447.89 21 22 5
490 89.11 57.88 33.28 158.18 14 34 5
491 77.54 56.88 10.83 338.73 3 16 1
492 7.95 75.50 33.57 419.66 10 45 1
493 52.01 36.23 47.26 268.55 17 33 1
494 22.94 32.97 45.22 425.98 23 34 2
495 12.63 73.53 2.52 274.36 11 16 4
496 7.14 30.52 15.04 324.43 2 22 5
497 46.20 50.79 34.27 357.77 9 28 2
498 87.98 18.36 23.43 118.09 16 41 5
499 30.46 21.91 40.13 60.21 24 28 3
500 44.97 80.56 24.06 100.68 10 32 5
1 151.85 3991.41 1
2 190.02 3453.51 2
3 164.16 2803.02 3
4 143.50 2580.25 4
5 107.87 3583.43 5
6 112.21 3231.33 2
7 178.31 4458.02 2
8 113.83 3277.44 1
9 101.08 4039.63 3
10 198.23 3544.03 4
1 1.77 26.28 3
2 1.70 36.48 7
3 1.42 41.72 10
4 1.82 30.32 9
5 1.42 30.58 10
6 1.98 40.56 1
7 1.88 37.37 3
8 1.12 47.55 10
9 1.71 40.34 8
10 1.54 44.03 7
11 1.22 29.07 8
12 1.05 39.52 10
