Data for Vehicle routing problem with drones - Author: Huyen Do Thi Ngoc
Number of depots: 3
Number of cities: 500
Number of trucks: 3
Number of drones: 7
Area: 100 100 50
Customer maximum demand: 500
Max capacity of truck: 200
Max energy of truck: 5000
Max capacity of drone: 2
Max energy of drone: 50
1 45.45 27.45 33.24
2 15.03 76.10 19.32
3 43.37 34.47 3.01
1 52.08 14.47 4.54 190.92 20 21 1
2 67.80 0.39 35.67 342.76 5 26 1
3 4.14 24.27 13.20 474.02 21 29 2
4 71.73 16.65 13.89 283.15 24 26 3
5 9.20 72.98 10.21 227.93 2 2 3
6 54.56 61.15 25.68 237.88 13 46 2
7 3.16 78.08 25.19 227.39 14 24 2
8 68.94 43.80 13.18 456.75 10 12 2
9 41.78 81.65 17.80 239.59 2 36 1
10 63.67 8.01 25.60 470.55 4 46 3
11 38.53 16.91 48.42 149.25 6 12 1
12 33.81 93.78 25.02 427.32 20 33 2
13 70.42 43.76 29.19 436.17 17 38 3
14 33.60 31.54 34.56 213.93 14 39 2
15 1.81 35.28 36.78 171.73 8 41 3
16 75.39 55.70 21.13 238.65 2 31 1
17 73.69 33.82 5.92 354.46 2 25 3
18 44.03 39.70 8.38 451.68 13 40 2
19 7.68 5.02 7.16 400.66 15 29 3
20 72.73 25.13 9.83 83.81 21 44 3
21 4.28 13.62 40.21 115.01 20 24 3
22 84.02 57.92 36.75 197.54 5 43 2
23 77.49 23.70 30.65 263.87 14 21 3
24 34.53 69.73 6.42 100.38 17 43 2
25 42.68 54.36 18.37 379.85 24 35 2
26 69.56 18.91 44.99 228.50 19 41 2
27 15.14 11.76 24.83 359.65 16 41 3
28 80.58 64.27 8.34 321.35 1 23 1
29 46.15 31.97 21.96 94.78 24 41 1
30 72.15 36.25 45.32 498.17 3 32 3
31 55.43 56.35 16.81 483.48 7 42 2
32 72.50 21.94 45.36 125.05 15 31 3
33 19.72 14.27 28.73 430.43 1 46 1
34 52.28 64.34 33.84 117.33 10 37 1
35 43.40 92.50 31.61 435.19 22 37 3
36 46.81 21.64 4.18 282.66 23 31 1
37 72.68 11.63 41.55 211.06 16 30 1
38 5.32 18.97 37.36 277.04 14 14 3
39 32.85 8.21 14.80 286.12 19 24 1
40 28.06 65.68 31.24 257.72 14 18 3
41 45.46 34.80 4.60 254.50 15 16 1
42 12.59 17.80 28.87 212.86 5 15 3
43 10.69 79.68 33.98 305.13 14 47 1
44 95.68 86.82 5.99 163.36 13 39 2
45 89.71 0.46 41.30 373.76 9 22 2
46 63.23 26.35 44.52 278.53 20 42 1
47 20.02 63.14 1.69 235.89 2 23 3
48 21.65 20.80 37.81 143.72 14 21 3
49 13.47 94.28 48.46 373.03 1 38 3
50 25.65 89.35 25.62 83.99 15 47 2
51 16.48 26.59 17.23 454.66 17 27 1
52 44.62 96.88 34.70 157.15 21 21 1
53 57.54 70.17 16.53 62.52 15 25 1
54 8.93 78.28 24.65 68.36 1 11 2
55 82.52 80.78 49.67 168.40 4 21 2
56 31.43 26.74 31.81 464.72 19 40 1
57 63.72 6.13 41.04 484.25 1 26 2
58 96.56 85.71 26.97 368.92 16 26 2
59 73.49 90.77 25.38 110.51 7 9 1
60 8.83 64.59 24.99 273.61 15 37 2
61 79.34 73.72 25.47 251.67 12 23 3
62 47.39 49.95 8.69 250.78 15 17 1
63 81.49 100.00 27.74 280.99 1 27 3
64 7.67 72.03 21.40 436.86 5 48 2
65 47.80 59.04 8.28 104.87 24 38 2
66 61.46 1.03 44.39 473.69 12 45 3
67 97.72 98.91 43.47 313.06 8 10 3
68 66.26 33.94 16.62 471.19 5 38 2
69 23.65 28.48 30.29 364.23 15 28 1
70 5.55 81.76 10.68 52.05 4 10 1
71 7.16 92.08 43.97 74.78 1 18 2
72 60.33 5.74 11.04 129.19 5 40 2
73 80.76 86.55 25.22 278.50 2 8 1
74 23.90 13.58 23.16 266.04 23 30 3
75 74.71 73.46 47.05 85.06 2 25 2
76 56.01 97.99 22.38 406.72 4 7 2
77 53.32 22.55 6.32 499.95 7 36 1
78 63.45 55.16 3.85 113.82 16 29 2
79 87.55 34.01 12.89 271.39 8 36 2
80 18.92 36.38 46.87 368.93 15 47 2
81 48.41 39.95 21.38 211.00 16 21 1
82 44.20 38.42 46.86 148.86 16 36 1
83 59.02 32.18 12.17 151.50 17 20 3
84 53.91 80.52 14.77 480.26 19 39 2
85 4.96 72.20 43.41 498.93 9 38 1
86 51.03 75.83 15.21 358.51 19 34 1
87 29.58 59.12 20.86 277.48 4 10 1
88 52.82 17.09 3.84 277.42 9 32 2
89 30.72 97.57 47.20 388.35 0 34 1
90 68.48 41.15 14.78 249.23 24 48 1
91 98.59 62.71 22.23 271.34 15 22 1
92 25.74 74.09 14.36 281.68 23 36 1
93 68.53 6.17 3.95 322.14 18 36 2
94 76.76 6.81 12.69 397.59 24 48 3
95 1.70 94.73 11.83 448.47 4 39 3
96 27.32 39.42 32.52 237.55 4 22 3
97 81.26 62.97 46.00 296.64 9 10 1
98 73.62 26.73 43.46 174.89 4 10 2
99 16.26 26.19 21.13 273.88 16 37 3
100 7.11 17.54 3.91 489.55 19 19 2
101 53.87 97.85 27.38 311.85 10 29 3
102 85.26 95.62 44.85 218.61 1 42 3
103 93.03 28.30 23.42 284.58 0 41 3
104 59.73 42.71 16.74 262.44 3 11 1
105 35.18 75.92 13.01 493.95 11 36 2
106 9.71 48.88 22.95 159.92 2 37 3
107 8.97 76.13 19.57 125.88 19 42 1
108 65.40 65.20 44.95 419.09 8 33 2
109 69.98 55.40 33.29 178.05 13 31 2
110 73.31 83.04 26.54 388.68 22 46 1
111 47.63 60.85 48.41 321.51 5 29 1
112 52.74 29.32 24.08 331.91 12 41 1
113 68.01 15.36 17.26 282.24 22 47 1
114 0.15 69.48 4.26 298.94 2 37 1
115 65.99 51.58 48.88 333.09 5 19 3
116 60.31 88.32 18.12 206.40 4 14 2
117 26.76 12.44 16.75 140.37 9 19 2
118 89.35 70.01 35.83 188.77 16 32 1
119 10.32 87.47 25.14 408.46 21 28 2
120 26.20 58.52 21.25 120.30 14 33 1
121 47.92 97.49 11.06 116.70 0 8 2
122 64.90 30.38 15.43 246.51 10 22 3
123 30.10 84.63 14.08 102.74 18 48 2
124 69.42 29.96 9.40 134.92 7 38 1
125 55.86 34.48 36.57 214.35 20 23 1
126 13.92 92.96 22.50 436.63 21 34 1
127 20.59 57.57 31.86 283.47 24 39 1
128 38.58 28.10 20.09 157.33 1 45 2
129 11.45 8.88 21.63 235.98 5 19 2
130 62.12 42.00 32.96 322.19 18 27 3
131 75.94 15.80 45.79 498.45 10 33 3
132 16.52 86.12 38.36 86.12 14 17 2
133 10.01 79.00 34.28 264.01 14 48 2
134 33.00 65.31 13.00 372.30 7 19 2
135 49.61 34.75 22.42 262.29 16 44 1
136 82.52 19.01 31.37 377.62 4 9 2
137 9.75 64.30 21.92 170.75 4 4 3
138 7.52 35.55 10.05 433.61 10 31 2
139 10.73 51.15 16.74 75.34 15 18 2
140 9.62 21.04 24.44 428.47 20 36 1
141 75.82 67.93 43.78 439.64 3 27 3
142 72.10 55.82 12.49 375.97 13 43 1
143 83.04 93.33 33.48 488.02 2 40 2
144 44.40 7.84 40.39 440.78 14 32 1
145 31.35 58.42 3.03 419.33 19 35 3
146 20.87 10.05 7.36 117.79 18 45 2
147 69.37 29.79 30.06 194.23 18 35 1
148 70.46 79.42 11.34 462.99 9 13 3
149 39.63 66.70 45.39 415.42 10 10 1
150 4.04 14.53 14.82 296.82 1 16 1
151 92.88 11.52 1.86 210.62 17 46 2
152 10.95 19.36 32.08 447.55 8 28 3
153 76.07 9.24 22.79 192.36 12 28 3
154 28.10 27.11 15.93 408.81 23 31 1
155 68.99 47.86 7.26 223.09 19 29 2
156 80.92 93.90 39.75 366.86 22 33 3
157 53.32 97.40 34.49 181.21 12 29 3
158 5.29 95.40 33.79 329.96 1 18 3
159 11.65 27.46 39.26 290.75 13 25 3
160 66.54 7.04 7.35 284.12 9 15 1
161 66.73 99.43 44.29 443.04 21 44 3
162 62.96 70.11 17.04 171.90 8 44 2
163 41.11 2.00 23.07 491.46 11 26 3
164 54.52 96.95 4.83 348.07 2 6 2
165 29.78 11.15 39.15 483.47 1 41 3
166 15.90 84.26 17.28 136.43 20 30 2
167 41.28 16.12 21.58 469.35 20 34 2
168 7.80 38.44 40.96 187.11 5 42 1
169 16.11 22.20 22.03 401.51 9 16 3
170 35.23 97.47 6.58 451.06 1 10 1
171 29.17 38.51 49.10 114.07 20 39 2
172 71.39 76.21 35.01 65.70 9 27 2
173 64.50 40.99 29.99 340.76 4 23 1
174 45.07 89.60 46.83 366.38 9 19 2
175 72.95 35.25 35.17 196.09 17 38 2
176 86.82 0.26 0.54 451.57 7 18 3
177 18.72 92.74 21.16 444.57 15 27 1
178 86.85 13.18 6.89 173.80 13 27 3
179 5.00 98.69 39.54 315.71 18 42 1
180 89.20 39.02 33.96 334.68 17 40 1
181 41.40 27.59 49.49 282.90 7 9 3
182 11.01 65.38 22.04 80.28 3 20 2
183 45.82 92.43 15.03 337.19 4 21 2
184 80.41 1.07 34.67 151.12 0 29 2
185 71.27 76.06 24.22 448.85 7 33 3
186 58.75 9.15 11.77 274.49 14 30 1
187 22.30 33.68 6.79 426.66 22 36 2
188 77.95 58.71 12.22 273.31 0 13 2
189 89.50 73.15 33.23 379.93 19 46 3
190 72.69 30.77 30.18 84.70 23 29 3
191 55.61 54.16 47.35 340.83 0 29 3
192 60.85 45.37 35.56 324.67 0 41 3
193 54.00 87.90 8.02 420.16 17 35 3
194 30.64 61.88 49.71 213.14 9 31 3
195 23.20 61.07 1.77 340.84 5 48 2
196 10.97 58.64 45.94 437.86 17 32 2
197 20.84 30.85 38.75 383.09 20 30 3
198 66.57 5.44 49.59 322.49 2 43 3
199 40.28 38.36 27.12 483.56 5 8 3
200 71.73 33.00 5.09 393.25 16 41 1
201 18.81 53.11 17.08 276.11 13 34 1
202 47.24 20.88 9.82 291.94 17 37 1
203 11.81 86.17 25.90 263.26 21 23 1
204 84.23 96.34 29.82 306.33 15 45 2
205 71.73 96.91 26.55 486.07 1 45 2
206 35.61 0.96 14.54 153.56 10 42 1
207 16.52 18.05 33.75 255.60 17 18 1
208 43.18 76.14 8.13 372.68 22 38 1
209 11.96 52.81 13.84 416.51 16 44 2
210 81.61 15.18 6.66 292.63 21 23 3
211 98.75 93.61 12.47 120.86 24 30 2
212 17.23 50.36 41.64 330.38 20 26 1
213 23.79 61.75 12.76 335.04 14 29 3
214 74.35 44.28 6.27 88.31 18 43 3
215 9.39 87.37 17.99 93.48 24 40 2
216 42.95 32.51 18.45 66.45 0 36 1
217 16.01 14.67 46.27 149.47 19 38 3
218 30.77 93.84 47.28 454.00 24 46 3
219 13.87 31.99 0.73 476.61 10 27 2
220 82.68 50.09 10.11 60.01 8 33 2
221 81.10 68.16 8.12 408.25 13 13 2
222 85.62 96.82 47.07 307.28 24 42 1
223 86.32 76.86 27.37 340.48 22 28 2
224 88.56 80.50 18.32 180.43 5 38 2
225 95.04 78.43 3.78 80.20 20 28 1
226 14.01 99.53 47.11 379.38 0 24 3
227 95.49 6.68 42.40 176.04 8 27 2
228 42.77 5.21 10.91 176.33 21 24 1
229 22.29 99.38 10.06 406.22 11 11 3
230 6.00 31.55 24.46 63.01 7 9 3
231 79.67 18.98 0.15 267.06 13 14 1
232 24.45 31.99 20.55 363.78 22 46 3
233 22.25 13.51 21.91 249.57 12 12 1
234 73.69 22.18 3.18 218.26 16 23 2
235 89.59 80.00 39.98 88.57 20 24 2
236 0.03 47.06 13.09 198.73 12 37 2
237 44.69 51.02 19.32 381.73 5 12 3
238 71.07 79.02 45.13 329.42 12 19 3
239 10.12 31.26 43.20 263.12 8 38 2
240 45.89 18.91 27.99 214.03 2 35 1
241 31.22 50.35 49.58 458.34 23 44 1
242 19.34 90.70 23.59 459.86 0 4 1
243 13.09 53.23 29.67 421.74 6 19 2
244 98.66 21.73 31.51 433.51 1 8 1
245 25.85 73.32 3.31 272.53 5 10 3
246 31.79 28.80 39.36 306.23 19 46 2
247 89.44 40.85 10.96 135.32 5 16 3
248 72.04 48.90 12.77 240.17 18 23 2
249 95.75 44.28 37.81 134.87 7 44 2
250 90.03 87.41 30.85 168.24 22 45 1
251 41.39 94.07 20.18 220.43 11 14 2
252 89.33 80.65 28.21 101.15 8 22 3
253 39.97 45.85 9.71 265.67 2 32 2
254 32.96 33.64 8.47 440.88 11 31 1
255 85.60 25.67 24.97 321.69 14 43 3
256 66.79 31.17 8.31 372.19 20 37 3
257 69.99 94.82 40.51 349.15 23 44 2
258 38.61 80.36 9.48 340.13 21 22 1
259 68.92 30.26 27.01 434.34 2 41 2
260 95.77 53.00 45.76 391.22 10 43 3
261 65.79 62.30 35.96 400.60 5 48 1
262 93.48 91.63 21.28 272.27 0 45 3
263 23.54 36.71 39.37 194.54 12 19 3
264 41.82 78.73 20.54 433.19 15 29 3
265 2.03 76.40 16.03 374.24 10 22 3
266 65.80 60.27 41.37 86.42 16 20 3
267 9.41 92.97 24.30 251.29 7 24 1
268 88.44 66.68 9.08 258.38 18 36 1
269 30.19 82.13 44.84 367.74 20 40 3
270 55.60 15.76 9.41 437.69 11 48 2
271 85.00 15.94 37.46 295.55 10 40 2
272 34.72 14.27 21.18 396.16 14 47 3
273 30.55 2.45 0.75 196.15 5 17 2
274 40.15 47.29 8.85 459.82 17 37 3
275 89.60 29.42 43.31 320.63 14 20 3
276 31.27 76.40 36.78 251.32 2 8 3
277 89.20 73.32 35.22 146.36 24 31 1
278 88.53 96.88 31.21 428.03 8 27 1
279 76.06 78.33 19.10 268.85 0 26 2
280 79.59 12.46 4.91 107.12 8 43 1
281 35.51 31.69 2.27 176.74 16 22 3
282 44.60 34.20 15.35 56.82 23 32 2
283 41.68 53.65 23.07 125.22 19 34 2
284 85.83 93.81 31.43 161.42 17 29 1
285 89.56 38.43 11.62 311.99 4 12 3
286 65.45 91.04 0.91 270.52 16 23 1
287 78.24 70.56 32.08 302.51 16 35 1
288 31.07 48.06 49.02 206.63 11 23 2
289 85.60 84.63 24.93 356.60 14 33 3
290 30.52 6.36 27.05 230.80 5 25 1
291 64.57 61.29 27.36 290.26 17 30 3
292 7.36 52.49 28.77 210.85 20 35 1
293 43.67 7.00 6.57 178.15 9 15 1
294 27.40 36.14 16.88 70.70 3 47 2
295 39.42 84.06 46.43 308.55 9 40 3
296 70.54 62.90 26.10 391.91 20 39 3
297 23.98 81.60 12.00 55.40 18 18 3
298 70.04 18.38 3.94 150.94 12 43 2
299 22.20 43.18 20.17 479.67 14 45 2
300 96.72 66.17 13.69 255.03 17 28 3
301 30.32 95.78 15.35 351.36 10 29 1
302 66.94 10.82 44.77 250.56 23 35 2
303 69.85 45.31 31.81 106.16 0 9 3
304 35.75 82.96 22.33 237.50 10 44 3
305 2.67 23.45 12.31 340.03 14 20 2
306 64.69 34.55 36.70 320.29 24 29 1
307 17.12 67.21 46.89 268.04 9 18 2
308 73.59 39.48 14.53 388.47 1 19 3
309 24.35 30.87 14.46 294.47 14 32 3
310 60.51 83.66 28.13 360.91 11 45 1
311 45.93 31.18 23.48 484.68 8 30 3
312 88.63 44.58 49.18 228.44 19 25 3
313 27.31 22.05 43.54 455.26 0 10 2
314 99.97 69.32 29.91 140.40 23 44 3
315 52.16 72.75 1.43 58.72 3 42 1
316 23.38 85.27 46.01 415.65 7 39 2
317 85.93 12.17 44.81 292.39 11 46 3
318 40.92 80.88 44.77 340.76 3 45 1
319 17.79 41.42 32.13 157.26 8 16 2
320 57.62 3.67 7.21 449.32 9 37 2
321 28.38 15.67 23.99 279.98 3 4 2
322 52.26 50.51 28.57 377.73 23 47 2
323 95.32 12.65 27.79 482.53 0 4 1
324 68.72 10.28 31.37 422.52 12 18 1
325 43.06 85.75 25.86 76.59 9 20 1
326 55.33 90.28 22.46 461.15 23 38 1
327 0.76 66.79 7.59 413.35 19 27 2
328 46.41 9.50 17.25 223.35 20 38 2
329 27.03 96.15 49.59 479.71 24 43 2
330 91.19 37.54 1.53 468.92 7 13 1
331 80.84 11.67 31.84 446.86 11 39 1
332 10.99 63.82 4.46 469.99 4 45 1
333 14.98 97.46 42.58 494.82 16 41 2
334 58.51 23.86 27.34 265.90 3 5 1
335 87.21 99.92 38.60 462.26 22 31 2
336 88.40 87.88 45.83 149.97 24 25 2
337 39.32 36.12 27.26 235.30 20 44 1
338 43.14 42.30 14.79 161.72 15 48 1
339 57.04 34.98 45.25 341.94 2 10 2
340 41.50 24.66 11.83 139.06 24 43 2
341 49.51 90.90 49.40 54.68 14 41 3
342 66.98 2.37 18.32 66.11 14 40 3
343 62.16 28.78 35.59 151.35 23 32 2
344 69.64 16.89 32.49 286.03 23 29 2
345 74.55 27.30 14.30 198.99 3 31 2
346 36.38 39.52 46.63 406.09 18 19 1
347 4.36 66.82 13.51 119.74 4 21 1
348 77.16 11.06 9.87 447.58 23 35 1
349 86.21 87.60 2.93 148.33 22 43 2
350 19.04 1.49 19.15 55.14 22 27 2
351 67.65 6.88 28.29 116.46 18 21 1
352 26.49 57.88 7.40 99.61 22 43 3
353 87.77 29.27 39.14 205.48 9 29 2
354 80.84 95.16 28.74 195.91 3 27 2
355 76.62 76.38 43.88 126.36 14 46 3
356 9.39 98.16 23.80 186.58 7 20 2
357 4.99 42.61 18.41 374.76 11 22 1
358 43.33 40.67 5.46 353.82 21 30 3
359 72.07 52.40 25.87 87.33 20 20 3
360 4.21 42.23 3.78 149.19 21 24 1
361 20.60 35.62 17.85 270.29 11 36 2
362 55.81 37.87 24.96 347.80 1 8 3
363 82.60 42.60 8.96 462.30 13 31 1
364 72.51 71.02 11.10 365.38 19 34 2
365 9.90 44.45 30.25 389.77 0 6 2
366 75.54 61.38 10.16 142.60 21 28 1
367 4.08 21.23 46.01 209.63 24 27 2
368 46.00 67.91 32.31 374.07 0 24 3
369 26.41 88.98 45.80 140.20 21 30 1
370 9.34 68.55 21.20 167.71 21 24 1
371 96.07 78.02 41.96 221.46 16 19 2
372 82.22 65.41 10.35 327.29 5 35 1
373 50.27 87.38 2.54 56.19 19 40 2
374 5.30 30.52 38.30 176.27 15 34 2
375 78.08 60.80 46.89 270.69 4 15 1
376 47.06 23.44 47.78 72.39 16 21 2
377 61.69 39.50 40.85 165.36 10 19 3
378 15.03 48.94 43.58 173.55 3 27 2
379 22.74 44.51 22.66 264.76 23 46 3
380 59.99 67.06 27.93 289.93 17 17 1
381 61.00 62.06 29.79 416.12 9 12 2
382 92.39 39.32 49.54 233.13 19 34 1
383 52.85 87.36 41.46 188.78 3 4 3
384 58.82 89.66 22.11 179.21 14 28 3
385 90.99 97.34 5.67 258.74 8 23 1
386 47.34 94.66 37.46 378.73 19 35 1
387 84.26 36.05 23.69 138.03 13 28 3
388 61.06 92.13 15.15 457.16 2 5 3
389 62.60 94.27 12.05 292.35 13 36 1
390 91.39 57.66 24.25 401.00 9 14 2
391 32.64 51.80 2.12 486.96 20 37 3
392 88.34 46.97 7.20 100.65 0 19 1
393 66.03 59.15 23.16 135.06 13 23 2
394 24.20 27.47 28.48 178.56 2 31 3
395 10.15 43.32 28.24 209.31 8 43 2
396 65.55 21.86 13.07 435.44 7 18 2
397 9.83 60.79 45.88 198.31 23 28 1
398 97.71 40.44 9.02 200.11 23 26 1
399 16.95 23.80 37.64 335.16 14 27 1
400 52.28 77.65 6.04 352.15 22 48 3
401 78.14 31.08 45.51 331.09 4 19 2
402 4.63 55.02 18.02 423.29 1 42 1
403 4.95 37.31 24.42 262.72 0 14 3
404 27.50 97.22 5.39 85.35 4 27 3
405 40.53 11.66 8.14 316.07 0 26 1
406 58.14 64.53 5.46 219.45 6 46 3
407 18.53 14.04 19.21 319.04 6 29 3
408 19.82 19.53 4.26 133.18 1 18 1
409 13.28 23.84 13.09 54.08 3 40 2
410 57.59 16.21 5.42 55.25 11 18 1
411 3.52 8.38 47.34 434.97 10 48 2
412 4.71 18.62 48.93 463.13 3 15 3
413 46.61 10.15 18.90 78.75 18 34 3
414 14.89 0.38 7.22 204.58 21 43 1
415 34.27 87.51 22.69 169.41 7 48 3
416 22.78 54.77 5.11 368.75 17 41 1
417 12.16 76.92 37.16 324.02 5 13 3
418 53.87 64.11 21.92 86.43 20 36 1
419 27.77 3.62 45.03 139.15 3 42 3
420 13.11 42.78 8.85 235.44 6 29 3
421 74.49 16.83 39.09 434.78 5 44 2
422 72.92 97.74 3.61 50.69 18 26 1
423 71.06 67.28 29.88 116.85 10 14 2
424 23.56 64.95 18.34 162.72 13 40 2
425 12.29 51.07 2.05 299.99 10 28 3
426 82.81 3.60 20.16 146.66 18 31 2
427 15.25 5.76 33.72 428.16 0 35 1
428 36.67 17.06 49.82 404.59 19 20 2
429 21.79 22.08 9.66 351.23 7 16 3
430 18.99 79.78 42.96 108.98 1 30 2
431 45.16 55.76 26.40 384.27 4 41 1
432 67.54 77.89 23.88 246.49 8 12 1
433 10.77 11.94 25.92 270.82 8 46 3
434 94.79 13.34 22.43 73.23 1 16 1
435 23.44 49.36 18.85 104.92 3 27 1
436 42.61 80.95 27.22 367.66 17 40 2
437 79.78 76.76 34.44 320.01 10 27 3
438 25.92 5.19 29.56 343.29 10 33 2
439 64.46 96.05 27.32 116.18 12 43 2
440 94.16 8.51 39.39 62.14 0 6 1
441 35.52 77.32 44.06 350.38 11 14 1
442 49.37 94.69 0.24 67.53 5 6 2
443 34.08 82.06 6.77 449.58 23 42 1
444 39.51 15.05 10.92 473.20 8 35 3
445 24.45 50.67 14.80 354.82 12 24 2
446 39.75 66.14 38.01 307.21 18 44 1
447 35.04 72.12 30.62 381.43 8 16 3
448 33.26 32.68 41.02 338.30 9 22 1
449 3.59 0.20 28.92 475.83 15 25 2
450 12.21 3.38 21.42 438.04 5 21 1
451 93.48 41.09 13.86 355.05 16 18 2
452 90.84 78.13 5.06 93.25 1 21 3
453 53.98 35.24 9.49 109.17 1 20 2
454 40.16 21.94 41.23 144.64 12 43 1
455 69.22 8.43 39.87 460.96 20 35 2
456 93.68 13.67 8.56 126.64 23 23 2
457 14.94 64.26 12.86 271.82 18 47 1
458 79.45 38.12 38.13 207.39 8 29 2
459 57.53 66.53 21.55 169.89 3 25 1
460 32.34 78.44 21.16 85.21 9 46 1
461 14.34 73.18 42.09 451.60 5 31 1
462 27.66 42.93 20.03 404.55 16 38 3
463 89.28 43.52 33.10 89.99 4 38 2
464 10.88 41.55 42.21 376.11 13 20 1
465 41.93 48.68 29.25 76.68 23 35 2
466 78.45 73.27 40.76 197.80 12 42 2
467 65.17 18.11 5.98 220.14 8 41 1
468 48.90 79.19 24.89 318.74 23 29 1
469 5.59 24.01 16.88 104.14 22 24 2
470 96.44 60.92 5.21 147.21 8 17 3
471 74.93 88.87 10.81 228.88 13 36 2
472 86.93 3.91 31.43 230.09 20 40 3
473 21.24 64.69 48.46 172.77 6 40 3
474 35.38 44.10 40.75 410.52 23 34 3
475 25.95 65.04 37.79 452.08 3 20 3
476 23.84 52.49 15.24 382.66 11 16 3
477 5.31 43.31 27.51 306.61 6 8 3
478 33.66 80.85 47.85 106.62 8 21 2
479 92.93 89.77 16.12 79.77 8 25 1
480 59.68 59.45 30.67 454.61 1 12 3
481 29.30 28.81 19.24 248.93 3 36 2
482 2.59 6.00 5.24 198.37 8 33 3
483 2.26 36.85 6.45 288.31 1 3 2
484 13.21 3.68 12.59 183.60 3 41 3
485 86.76 23.96 26.98 291.22 23 30 1
486 97.47 30.89 24.97 220.66 7 35 1
487 15.28 99.52 8.31 378.74 16 19 3
488 23.92 51.07 31.80 253.80 8 20 3
489 0.27 62.85 24.80 102.60 6 25 1
490 31.54 15.42 15.58 433.87 22 31 1
491 42.39 15.07 22.24 295.36 8 31 1
492 19.08 62.01 45.39 68.94 3 45 3
493 86.07 7.44 6.84 144.55 0 44 1
494 68.28 47.98 38.62 396.03 9 26 2
495 3.29 44.38 14.27 276.04 24 48 3
496 84.36 83.61 12.67 142.36 24 41 3
497 47.66 60.02 40.84 393.05 8 34 1
498 0.25 46.52 7.02 138.98 10 46 3
499 52.58 28.51 7.20 389.12 4 5 1
500 62.10 88.40 41.65 469.16 15 17 2
1 176.93 3981.43 1
2 164.99 3238.53 2
3 142.51 4488.78 3
1 1.96 46.28 1
2 1.93 49.93 2
3 1.56 46.34 2
4 1.51 32.06 3
5 1.22 47.97 2
6 1.98 29.52 3
7 1.80 40.81 3
