Data for Vehicle routing problem with drones - Author: Huyen Do Thi Ngoc
Number of depots: 2
Number of cities: 300
Number of trucks: 4
Number of drones: 13
Area: 100 100 50
Customer maximum demand: 500
Max capacity of truck: 200
Max energy of truck: 5000
Max capacity of drone: 2
Max energy of drone: 50
1 41.16 44.49 27.23
2 59.56 17.77 25.91
1 20.51 5.99 1.12 359.16 9 24 1
2 65.20 88.69 27.59 116.48 3 47 2
3 24.49 26.27 49.62 393.91 1 13 2
4 79.53 80.16 21.30 77.76 0 14 1
5 75.60 5.64 38.51 475.67 7 18 2
6 51.44 48.03 38.44 121.23 19 39 2
7 72.69 44.50 5.48 455.92 11 24 2
8 53.99 29.10 49.46 384.08 22 35 2
9 78.70 10.60 10.36 82.98 17 44 1
10 4.31 60.41 8.42 466.07 24 45 2
11 11.96 11.55 36.74 72.85 8 47 1
12 87.56 17.08 40.53 387.71 13 13 2
13 41.05 80.67 20.70 353.45 0 30 1
14 54.17 45.13 27.46 67.24 7 24 1
15 67.29 57.62 37.36 338.14 11 38 2
16 46.58 73.99 9.08 476.87 6 10 1
17 98.53 80.13 25.13 192.14 22 28 1
18 0.29 88.73 11.63 272.09 22 44 2
19 21.02 90.72 23.40 99.72 24 38 1
20 70.23 73.12 46.16 144.74 23 45 1
21 19.62 60.34 17.12 114.51 1 40 1
22 63.54 15.44 37.74 460.75 10 22 1
23 34.33 55.26 46.80 306.94 5 8 2
24 2.62 86.82 46.68 373.07 10 36 1
25 64.36 88.77 24.47 99.40 21 38 2
26 10.94 63.23 23.59 230.72 2 42 1
27 43.31 78.65 20.71 326.07 10 23 1
28 71.77 57.00 40.86 93.82 8 35 2
29 25.11 3.12 23.93 492.04 2 45 2
30 69.95 79.71 26.32 359.87 24 42 2
31 64.81 6.58 18.23 134.66 12 47 1
32 86.72 11.99 32.73 197.70 22 39 2
33 64.96 3.34 49.40 263.71 13 35 1
34 16.62 76.43 11.02 465.58 17 40 1
35 38.89 55.45 49.95 379.01 23 48 2
36 31.22 44.87 33.69 494.04 5 40 1
37 66.76 70.45 25.19 346.78 16 24 2
38 11.52 23.51 25.98 437.44 9 43 2
39 51.84 49.12 32.19 240.95 23 24 2
40 58.26 57.65 48.50 492.83 12 43 1
41 53.38 31.10 23.15 415.34 13 14 1
42 76.78 37.16 32.33 149.19 1 33 2
43 14.41 87.47 16.38 242.84 3 13 1
44 58.56 73.57 38.36 61.63 12 18 2
45 22.23 50.03 41.23 182.30 5 15 1
46 25.14 64.93 20.13 213.59 11 32 1
47 26.23 57.32 10.95 239.31 4 40 2
48 85.24 35.18 26.58 364.27 17 34 1
49 50.42 87.20 19.19 390.22 12 13 2
50 21.25 98.58 33.61 394.88 24 24 2
51 63.44 58.39 49.50 373.22 19 33 1
52 8.34 83.52 13.91 427.96 10 47 1
53 32.58 98.60 5.80 356.65 20 28 1
54 91.19 78.54 35.07 93.48 6 22 1
55 35.15 31.92 13.93 117.92 17 35 2
56 72.35 87.07 0.86 324.21 23 31 2
57 15.15 69.96 14.71 217.11 10 46 1
58 16.92 77.56 38.65 271.11 24 37 2
59 91.38 55.13 48.04 435.73 10 27 2
60 78.78 54.36 36.09 290.53 4 13 2
61 27.47 85.72 0.27 111.77 11 40 2
62 34.16 54.19 15.53 279.47 21 24 2
63 24.54 73.06 43.62 456.49 6 30 2
64 46.24 71.26 12.13 232.07 6 15 1
65 73.81 61.90 18.12 149.45 15 15 2
66 65.64 17.71 47.75 406.37 3 38 2
67 48.43 20.45 25.18 104.49 11 36 1
68 12.86 90.47 32.09 287.92 14 20 2
69 94.58 92.87 3.28 147.61 19 27 2
70 35.86 18.40 23.24 245.86 12 16 1
71 53.40 56.75 4.00 127.11 11 16 1
72 53.63 58.95 7.10 263.67 15 16 2
73 20.56 86.48 15.38 299.52 2 21 1
74 52.99 98.90 10.88 70.72 0 9 2
75 76.97 14.70 30.45 310.68 19 45 1
76 86.99 12.30 22.72 58.07 9 13 1
77 90.76 84.83 34.96 483.96 19 45 2
78 13.56 21.70 9.04 488.33 1 7 1
79 5.57 2.96 24.90 271.72 18 30 1
80 4.63 66.72 28.72 131.10 15 41 2
81 67.84 35.63 18.63 327.55 0 33 1
82 44.26 46.69 4.59 446.06 3 48 2
83 84.11 29.61 2.52 106.31 17 47 2
84 95.04 95.60 44.98 159.83 13 34 1
85 1.80 14.38 19.03 499.79 3 10 2
86 28.27 62.50 47.96 89.64 10 40 1
87 59.09 6.83 1.59 196.61 21 21 2
88 56.64 53.94 18.31 52.60 10 32 1
89 60.17 23.67 47.33 290.40 11 20 2
90 83.11 12.80 26.00 376.74 13 46 2
91 53.50 1.25 37.40 244.74 7 48 2
92 96.53 40.22 41.57 89.97 20 21 2
93 79.82 3.14 9.37 425.19 14 47 2
94 42.41 45.96 17.50 493.75 17 23 2
95 4.23 59.12 25.34 287.65 21 39 1
96 72.13 8.95 29.24 402.20 18 25 2
97 11.16 47.20 36.78 360.51 14 37 1
98 38.20 58.96 24.33 197.30 12 38 2
99 92.64 95.45 42.93 487.56 17 32 1
100 92.55 36.77 11.34 396.48 0 4 2
101 1.08 60.87 6.15 495.70 13 47 1
102 80.52 97.49 42.55 232.94 24 33 2
103 60.57 58.14 9.69 355.19 12 26 1
104 78.34 54.90 7.99 189.60 5 31 1
105 68.41 50.43 49.92 426.04 1 2 2
106 24.65 52.38 16.81 358.25 16 17 2
107 18.73 20.15 37.94 357.80 5 20 2
108 10.09 15.00 39.73 321.31 8 34 1
109 6.18 16.24 26.83 228.37 14 25 1
110 12.59 98.34 46.49 355.63 18 41 2
111 1.12 49.24 29.61 153.27 0 27 1
112 36.31 69.00 36.49 480.07 14 18 2
113 70.84 55.98 42.91 370.15 22 22 1
114 36.68 73.70 41.54 117.42 24 25 2
115 60.40 16.49 47.41 237.08 24 39 2
116 14.93 24.67 12.80 460.26 23 48 1
117 56.81 81.88 49.68 354.93 2 16 2
118 90.78 31.62 46.72 292.89 16 38 1
119 37.05 94.40 42.73 370.79 1 26 1
120 65.57 13.20 44.97 299.10 2 6 1
121 25.93 61.89 22.97 400.97 6 23 1
122 16.01 36.76 42.54 227.99 14 39 2
123 64.15 13.67 49.65 343.33 22 29 2
124 92.10 90.32 39.91 115.54 5 37 2
125 87.42 79.69 5.61 129.68 0 8 2
126 69.21 39.73 21.82 499.44 8 43 1
127 14.39 99.00 45.86 115.00 23 27 2
128 22.73 87.90 26.19 427.50 14 21 1
129 21.15 72.22 19.85 150.16 15 19 2
130 19.01 99.50 25.52 118.75 17 29 1
131 6.80 30.00 45.26 173.31 24 27 2
132 50.29 13.88 11.60 474.25 16 35 2
133 50.18 99.51 3.60 134.51 21 22 2
134 67.24 18.26 37.90 197.12 5 27 2
135 69.32 70.31 36.25 306.13 14 21 2
136 27.73 57.18 41.86 176.28 16 20 1
137 38.59 56.49 4.74 233.07 19 43 1
138 78.02 61.88 32.95 236.22 18 44 1
139 76.12 71.61 30.82 283.78 18 48 2
140 50.87 77.51 49.59 298.97 12 15 2
141 60.13 66.46 7.54 130.24 12 13 2
142 28.58 65.28 23.46 50.93 1 4 2
143 52.74 83.62 11.26 162.65 22 39 2
144 67.18 30.22 49.31 424.22 22 48 1
145 57.91 59.06 37.78 488.27 1 39 1
146 27.37 26.34 7.73 99.89 23 45 2
147 75.50 65.32 17.63 221.05 3 16 2
148 78.26 49.20 36.45 192.85 24 29 1
149 50.91 6.14 41.04 438.78 19 23 2
150 60.48 35.57 43.90 209.23 2 34 1
151 83.16 18.27 3.24 85.85 2 10 2
152 92.36 8.79 34.44 322.90 8 12 2
153 96.86 25.89 26.27 155.55 5 25 1
154 54.86 87.67 40.70 102.63 7 42 1
155 50.40 79.85 2.84 446.28 22 40 2
156 5.65 55.31 25.01 327.50 5 38 2
157 1.85 28.33 29.01 163.55 14 37 2
158 29.16 35.47 12.37 61.64 10 19 2
159 0.87 9.17 7.63 182.26 0 0 2
160 18.05 32.32 43.07 222.58 21 45 1
161 32.44 3.81 27.74 454.41 17 27 2
162 55.60 89.97 33.81 152.71 3 34 1
163 37.50 89.03 10.19 289.21 2 20 2
164 52.46 60.95 34.30 208.67 16 38 1
165 51.05 4.21 39.07 258.22 11 13 2
166 89.45 76.20 22.78 254.63 6 7 2
167 30.99 37.34 41.45 129.46 24 44 2
168 82.35 75.14 44.68 153.69 14 20 2
169 8.88 36.54 49.58 487.83 4 44 2
170 10.56 62.78 41.03 486.33 22 22 1
171 5.25 90.75 14.66 159.07 0 19 1
172 5.23 43.43 29.66 53.78 3 23 2
173 90.25 18.69 30.96 292.54 4 44 1
174 53.56 28.14 49.29 235.89 23 35 1
175 65.36 19.70 20.47 147.97 3 38 2
176 90.48 77.96 3.66 263.10 1 9 2
177 61.19 15.23 24.01 471.97 15 41 1
178 21.76 71.21 31.79 492.40 16 24 2
179 2.59 27.88 33.24 420.24 9 45 1
180 17.72 30.47 37.05 185.75 9 24 2
181 75.40 52.66 47.86 109.26 18 42 2
182 74.31 79.31 33.14 406.00 20 40 2
183 17.33 31.75 34.28 263.16 21 35 1
184 73.94 65.99 42.00 264.10 17 17 2
185 94.96 41.33 25.35 252.90 12 30 2
186 28.48 58.60 42.15 107.20 10 37 2
187 39.29 32.98 8.44 50.71 24 40 2
188 99.89 23.06 41.83 379.00 24 32 2
189 61.86 43.87 8.03 487.38 3 29 2
190 53.36 6.95 24.17 363.65 16 40 2
191 4.88 2.34 16.16 369.85 14 46 2
192 73.91 82.99 2.33 126.32 22 48 1
193 11.47 72.21 10.30 205.12 4 8 2
194 50.47 60.57 42.50 300.90 7 41 2
195 88.75 63.63 49.41 354.58 11 20 2
196 61.11 29.57 22.80 313.18 20 39 2
197 70.05 47.55 36.20 307.64 14 45 1
198 95.55 96.24 40.24 131.10 5 34 2
199 86.79 80.76 16.64 149.39 18 21 2
200 93.81 13.42 28.76 94.67 18 34 1
201 94.22 35.50 1.47 491.76 2 27 1
202 84.77 48.60 21.68 83.78 7 33 2
203 2.02 3.96 38.08 493.41 19 29 1
204 21.85 43.52 32.11 209.52 2 46 1
205 61.64 80.73 45.35 117.95 5 6 1
206 63.46 45.38 19.43 215.63 11 38 2
207 20.21 76.73 11.56 59.04 9 10 2
208 34.01 30.80 11.82 105.09 17 38 1
209 2.65 45.30 44.87 252.84 12 12 1
210 22.74 92.14 43.16 425.54 10 21 2
211 61.79 97.65 30.38 341.38 17 47 2
212 85.00 48.90 32.41 451.32 9 19 2
213 84.68 34.30 6.78 346.75 18 20 1
214 49.57 53.76 29.37 411.16 12 25 2
215 62.63 71.81 36.24 235.75 22 39 2
216 32.24 33.76 23.44 242.88 16 32 1
217 14.78 9.21 35.39 497.48 2 21 1
218 30.70 73.69 22.27 380.32 15 32 2
219 78.52 18.85 48.75 322.72 13 15 1
220 35.69 20.37 34.33 453.85 21 47 2
221 14.70 22.28 48.94 324.71 16 36 2
222 56.16 29.56 19.99 313.75 21 29 1
223 64.45 51.44 17.06 295.82 11 42 1
224 78.01 83.31 8.16 297.75 24 45 1
225 51.33 70.29 27.56 84.23 1 33 1
226 10.47 75.53 36.92 105.77 11 17 1
227 56.29 53.11 5.27 374.35 4 5 1
228 91.64 47.82 3.26 164.75 5 15 2
229 11.37 45.04 16.07 495.51 8 20 1
230 89.46 36.72 28.49 493.25 19 43 1
231 44.23 53.66 36.52 242.76 6 47 1
232 37.70 21.42 8.33 165.52 14 46 1
233 47.38 29.99 7.80 211.75 14 30 2
234 71.58 90.43 23.68 475.78 13 44 1
235 14.70 95.43 11.98 375.99 3 24 2
236 47.65 64.61 15.70 121.23 19 30 1
237 99.53 3.50 49.59 195.69 24 25 2
238 3.84 15.23 6.84 226.27 21 24 1
239 0.05 74.25 2.51 481.89 19 28 2
240 98.71 43.73 21.81 65.47 10 39 2
241 9.69 90.23 32.69 416.90 16 30 2
242 14.09 67.75 0.58 289.63 8 10 1
243 72.29 93.77 11.65 53.06 0 17 2
244 20.84 68.52 0.07 417.89 14 44 1
245 98.19 2.26 12.40 177.15 20 37 2
246 53.30 2.42 11.84 117.08 22 33 2
247 82.08 20.38 28.80 57.86 3 29 2
248 36.06 38.35 28.56 279.51 23 25 2
249 30.97 1.74 47.02 264.00 16 46 1
250 73.36 1.24 1.37 160.66 11 44 2
251 37.80 5.54 29.63 51.84 18 27 2
252 4.27 83.11 34.73 306.59 5 11 2
253 26.75 6.23 21.56 86.64 13 20 2
254 96.14 45.40 45.43 274.37 2 31 2
255 3.49 48.63 24.94 430.41 22 48 1
256 52.20 75.58 19.05 433.18 12 38 1
257 46.98 42.78 12.53 477.79 20 41 1
258 40.02 3.13 27.39 140.08 8 46 2
259 33.18 6.39 45.49 235.09 5 8 2
260 46.25 41.16 35.15 188.02 19 36 2
261 79.29 99.18 15.52 322.85 4 6 1
262 0.54 8.95 20.89 426.46 23 25 1
263 0.56 44.89 40.66 223.99 3 41 2
264 64.58 16.68 27.05 288.38 6 39 2
265 65.99 97.79 4.49 299.34 8 40 2
266 12.69 66.31 43.33 451.97 6 13 2
267 58.02 39.75 40.14 301.03 21 33 1
268 60.66 14.32 4.64 363.94 22 47 1
269 22.57 25.45 5.62 287.84 2 23 2
270 62.11 18.91 47.22 393.62 14 17 2
271 67.52 43.42 26.41 75.46 20 42 2
272 44.11 25.58 22.28 136.78 9 23 1
273 96.39 93.58 10.00 113.30 24 25 1
274 28.36 28.21 14.76 93.08 19 44 2
275 15.81 33.56 7.56 67.75 13 21 1
276 11.22 48.21 16.53 55.82 2 41 1
277 6.85 73.36 4.96 225.74 3 42 2
278 18.25 25.95 19.83 79.95 19 30 2
279 72.00 10.35 26.07 127.66 13 32 2
280 54.59 31.81 46.73 256.36 13 45 2
281 11.23 57.18 37.55 381.54 8 8 2
282 46.20 61.65 9.15 101.75 23 47 2
283 7.06 66.38 7.19 168.81 0 22 1
284 33.05 25.36 22.61 218.16 24 38 1
285 42.65 25.63 5.51 219.20 6 44 1
286 29.65 68.42 35.78 299.72 19 24 1
287 82.87 78.27 5.38 408.24 14 25 2
288 2.82 17.89 31.31 384.40 2 9 2
289 37.55 82.34 15.11 412.45 21 30 2
290 17.42 42.63 26.90 108.68 22 48 2
291 7.94 88.88 44.97 373.88 0 21 2
292 87.77 45.85 21.51 491.78 21 39 2
293 32.26 24.48 10.70 451.41 11 48 1
294 44.56 96.86 21.97 147.99 5 31 1
295 66.90 83.17 49.06 383.91 0 45 1
296 19.45 71.59 38.78 444.77 3 20 1
297 47.59 64.89 38.35 310.44 1 46 1
298 19.01 51.11 42.94 210.56 13 32 2
299 13.66 84.26 33.40 337.43 23 39 1
300 62.81 25.65 17.46 268.96 8 44 1
1 122.43 4646.16 1
2 120.05 4976.58 2
3 106.10 4044.62 1
4 156.09 4437.11 1
1 1.71 46.65 4
2 1.74 46.30 1
3 1.60 33.41 3
4 1.39 35.29 4
5 1.59 41.98 1
6 1.24 41.20 1
7 1.82 35.82 4
8 1.03 28.07 2
9 1.63 25.30 1
10 1.06 42.16 1
11 1.19 45.78 3
12 1.45 48.13 4
13 1.97 25.29 4
