Data for Vehicle routing problem with drones - Author: Huyen Do Thi Ngoc
Number of depots: 1
Number of cities: 100
Number of trucks: 4
Number of drones: 11
Area: 100 100 50
Customer maximum demand: 500
Max capacity of truck: 200
Max energy of truck: 5000
Max capacity of drone: 2
Max energy of drone: 50
1 62.72 1.79 31.38
1 12.39 75.98 13.53 414.23 16 34 1
2 51.18 12.94 39.42 240.90 23 25 1
3 67.04 9.46 39.34 157.16 9 12 1
4 90.02 6.41 0.29 346.79 19 20 1
5 92.17 32.92 7.08 168.61 24 48 1
6 2.03 53.07 29.75 322.65 17 43 1
7 89.15 50.47 16.95 268.24 10 12 1
8 3.07 57.50 24.06 473.84 5 42 1
9 4.29 76.98 39.38 77.24 0 39 1
10 17.41 88.40 21.28 100.45 19 33 1
11 10.83 0.37 34.03 304.24 18 20 1
12 64.25 19.70 11.16 153.10 3 32 1
13 40.23 76.76 49.67 258.17 17 36 1
14 34.63 16.35 33.72 368.98 0 44 1
15 74.43 42.41 21.27 205.80 6 40 1
16 23.17 29.41 29.96 397.96 13 21 1
17 72.95 63.75 23.55 121.89 20 33 1
18 74.59 26.67 21.97 259.25 14 22 1
19 93.44 89.14 9.22 458.97 15 16 1
20 10.52 11.57 13.76 490.12 4 46 1
21 0.53 62.32 46.48 248.80 16 31 1
22 12.63 12.58 38.12 387.31 10 18 1
23 99.36 91.67 4.25 262.45 10 42 1
24 47.73 69.70 13.86 338.30 19 36 1
25 35.42 74.77 33.07 325.80 18 31 1
26 14.99 18.49 14.98 192.41 13 35 1
27 94.79 3.33 19.17 413.18 24 35 1
28 82.14 17.86 42.18 487.47 2 43 1
29 7.16 74.48 27.65 236.01 1 37 1
30 69.32 11.59 7.07 477.38 21 28 1
31 47.73 78.34 41.72 273.34 3 23 1
32 28.79 86.47 26.13 325.32 13 17 1
33 36.76 5.53 27.26 96.08 21 37 1
34 41.20 25.16 39.99 419.54 16 36 1
35 23.21 5.92 37.15 419.97 11 11 1
36 12.27 86.35 26.01 443.55 10 46 1
37 13.43 88.04 23.23 436.20 19 29 1
38 35.90 70.83 33.84 462.37 23 36 1
39 66.58 14.98 24.88 435.13 14 43 1
40 5.19 8.28 43.26 462.33 16 32 1
41 92.98 98.56 31.44 461.67 18 22 1
42 70.41 58.16 26.85 377.19 10 30 1
43 73.82 84.87 4.55 460.20 17 44 1
44 6.82 7.86 1.33 470.93 10 38 1
45 83.00 26.58 6.11 459.82 5 20 1
46 26.98 57.35 16.23 473.34 22 35 1
47 85.48 25.12 7.47 170.85 8 22 1
48 66.62 41.48 20.56 474.29 6 42 1
49 9.01 75.22 27.89 298.50 5 14 1
50 8.02 43.43 5.79 353.09 19 44 1
51 78.10 20.67 17.66 315.37 9 11 1
52 54.21 58.15 49.60 359.75 21 24 1
53 37.65 96.18 35.14 199.48 1 24 1
54 19.66 57.88 2.49 53.62 20 48 1
55 74.19 78.27 4.92 193.80 4 31 1
56 16.70 79.25 9.66 255.65 0 16 1
57 38.64 0.32 17.88 241.75 1 22 1
58 9.15 96.89 43.98 419.68 5 45 1
59 75.84 28.71 34.98 469.48 23 48 1
60 35.74 86.96 28.32 485.08 19 37 1
61 35.63 23.39 40.03 79.51 11 41 1
62 63.34 28.22 3.07 463.31 22 41 1
63 27.93 36.45 0.77 52.33 2 10 1
64 60.42 82.35 49.22 198.10 23 30 1
65 78.10 59.03 44.97 218.57 9 29 1
66 22.91 8.96 14.16 71.34 19 20 1
67 1.47 87.05 26.46 495.33 22 30 1
68 46.08 10.55 34.51 483.44 19 26 1
69 60.38 66.65 16.52 416.42 13 40 1
70 79.80 40.11 33.89 299.81 14 46 1
71 64.86 27.71 31.19 397.11 2 28 1
72 17.91 13.75 40.27 80.07 9 40 1
73 47.61 89.55 21.19 286.23 1 39 1
74 64.25 58.44 34.47 379.93 14 31 1
75 75.06 67.03 32.02 138.35 14 41 1
76 94.30 8.80 21.21 415.85 23 41 1
77 99.78 27.81 18.61 484.71 14 39 1
78 12.22 11.90 12.42 311.43 16 17 1
79 54.67 58.19 14.54 410.04 14 45 1
80 72.67 43.56 1.42 392.91 20 42 1
81 12.12 22.78 21.21 190.75 3 13 1
82 50.51 75.96 44.66 179.43 20 20 1
83 50.93 62.55 18.02 351.68 17 47 1
84 99.33 77.99 45.35 132.11 16 45 1
85 50.84 79.97 26.45 383.81 5 33 1
86 69.72 93.01 7.63 313.93 6 20 1
87 1.78 51.55 19.92 168.25 0 36 1
88 69.15 69.79 26.27 324.96 11 45 1
89 97.42 12.68 9.20 86.70 17 20 1
90 11.31 6.39 17.17 207.81 7 10 1
91 73.75 41.14 0.59 440.07 6 18 1
92 24.59 37.18 0.30 432.72 20 28 1
93 97.50 56.67 44.87 405.99 23 41 1
94 36.42 54.86 4.36 366.42 2 13 1
95 10.14 41.35 6.72 167.85 10 27 1
96 52.02 75.16 14.68 137.55 16 35 1
97 15.05 52.63 21.87 465.18 9 37 1
98 86.68 36.27 5.72 486.78 20 31 1
99 39.31 11.53 38.95 351.04 18 47 1
100 28.85 90.82 2.78 459.10 2 44 1
1 121.86 4349.14 1
2 178.07 4246.81 1
3 167.61 2965.39 1
4 125.56 3516.27 1
1 1.35 41.03 2
2 1.49 49.05 3
3 1.96 31.90 3
4 1.57 42.50 4
5 1.87 27.56 1
6 1.06 30.28 1
7 1.14 34.16 4
8 1.50 38.05 2
9 1.03 41.58 2
10 1.77 29.77 4
11 1.89 37.71 3
