Data for Vehicle routing problem with drones - Author: Huyen Do Thi Ngoc
Number of depots: 4
Number of cities: 300
Number of trucks: 6
Number of drones: 14
Area: 100 100 50
Customer maximum demand: 500
Max capacity of truck: 200
Max energy of truck: 5000
Max capacity of drone: 2
Max energy of drone: 50
1 55.55 75.33 41.81
2 68.21 28.10 12.91
3 42.46 43.65 43.29
4 42.33 55.97 3.06
1 31.99 9.37 24.39 309.66 23 38 1
2 37.28 66.87 43.27 311.66 6 27 2
3 44.99 28.05 17.50 125.59 8 32 4
4 3.82 18.64 48.91 317.33 1 31 2
5 4.55 39.57 35.94 355.07 24 40 3
6 78.82 45.32 47.89 263.04 18 43 4
7 49.15 53.57 44.84 466.48 14 29 1
8 91.63 98.54 19.07 346.75 4 45 2
9 14.58 94.39 36.17 316.77 13 29 1
10 94.55 87.75 18.00 240.47 0 31 3
11 11.41 28.37 25.72 167.10 21 33 4
12 83.12 86.27 14.72 287.23 17 30 3
13 81.52 31.11 16.13 88.18 0 20 1
14 12.58 48.42 41.55 131.10 12 40 2
15 97.60 69.79 34.79 222.47 21 35 4
16 71.58 31.16 20.72 361.19 23 42 3
17 30.23 64.20 0.47 290.93 0 10 1
18 76.08 83.15 31.99 158.06 0 47 2
19 35.29 52.19 21.16 403.53 11 16 4
20 50.19 57.92 29.13 81.42 24 34 2
21 80.78 60.12 4.38 57.07 11 23 3
22 5.92 57.23 18.01 217.97 11 24 2
23 21.63 45.28 10.76 456.57 13 21 2
24 85.67 1.03 32.10 293.43 6 21 2
25 43.15 56.34 40.13 342.22 0 28 3
26 49.12 1.24 5.87 174.05 23 23 3
27 77.44 91.85 45.00 427.16 6 34 3
28 77.33 61.35 6.68 134.69 18 48 4
29 96.15 80.30 26.77 268.22 5 26 1
30 9.34 18.16 49.27 383.32 4 33 2
31 42.34 41.12 6.89 251.23 8 23 3
32 95.70 96.42 49.37 183.79 4 26 4
33 37.14 16.46 15.42 309.99 21 34 2
34 90.57 66.59 38.00 437.43 19 43 1
35 69.91 14.58 17.62 473.84 13 41 4
36 58.71 87.02 49.35 94.27 11 31 1
37 84.21 84.98 5.45 478.17 3 45 2
38 26.47 12.03 2.23 316.46 15 25 2
39 70.30 98.74 39.76 497.26 13 22 2
40 73.69 44.07 16.49 325.44 10 36 4
41 2.46 79.31 24.63 244.18 15 18 1
42 10.47 56.63 24.85 121.85 20 28 2
43 22.00 34.77 4.25 464.83 18 40 4
44 83.52 62.34 20.74 487.62 15 27 3
45 35.32 58.23 31.11 219.48 23 23 2
46 51.13 56.07 15.27 336.11 21 48 2
47 23.16 47.00 28.56 469.65 24 31 1
48 64.41 1.04 31.56 492.98 5 40 2
49 93.56 24.45 37.06 104.66 9 40 3
50 2.95 73.46 26.35 377.00 4 38 4
51 38.43 24.59 11.22 234.00 13 36 1
52 48.24 70.57 0.49 154.14 3 31 1
53 42.92 90.39 31.37 146.66 11 45 2
54 85.17 21.33 19.68 51.56 0 10 1
55 90.11 4.58 7.04 378.49 3 41 1
56 68.27 51.82 9.98 212.72 15 31 1
57 48.69 98.37 11.61 136.48 22 32 1
58 9.44 52.19 24.26 459.97 21 40 1
59 69.17 75.22 17.74 60.79 20 44 2
60 81.99 44.25 42.33 235.25 17 44 3
61 63.28 61.37 10.99 131.17 24 43 1
62 3.83 42.57 11.69 376.16 7 35 3
63 86.14 60.29 36.41 213.01 14 37 2
64 32.67 62.62 43.76 166.45 10 35 1
65 70.61 77.62 23.57 56.05 8 13 1
66 96.71 70.83 35.37 487.88 20 46 4
67 74.06 77.78 48.40 412.37 18 38 4
68 83.54 54.55 22.66 495.01 19 25 2
69 93.91 44.93 38.48 170.04 6 33 2
70 95.27 74.30 26.87 106.49 6 41 2
71 86.75 55.57 25.72 257.35 13 39 2
72 76.41 4.04 25.72 252.29 21 23 2
73 59.25 30.68 9.34 157.50 5 12 3
74 66.94 89.04 7.86 467.60 17 28 4
75 37.63 41.78 46.33 412.82 12 39 4
76 3.52 7.19 29.75 109.31 9 22 3
77 73.57 12.58 18.03 209.34 5 30 3
78 8.02 59.73 41.46 446.38 9 21 4
79 12.30 58.66 41.76 277.03 12 16 1
80 60.10 74.59 10.65 402.04 4 32 3
81 25.03 57.35 4.51 331.09 12 46 2
82 89.12 32.17 19.89 434.69 13 17 2
83 42.28 33.67 49.25 391.56 12 26 4
84 65.38 79.29 21.98 492.37 15 23 3
85 53.85 86.71 48.73 360.93 18 26 2
86 63.23 36.22 31.36 299.46 6 38 4
87 15.47 22.45 7.94 125.80 10 28 4
88 50.96 67.28 22.38 458.07 8 36 4
89 71.81 13.60 5.75 133.22 12 43 1
90 92.81 85.40 35.76 220.06 11 23 1
91 36.14 72.16 46.37 484.31 21 28 3
92 26.97 55.63 12.43 387.19 21 23 3
93 20.94 22.96 18.91 257.03 13 36 2
94 83.95 98.78 28.60 363.96 23 41 4
95 72.27 32.43 26.90 264.16 6 16 2
96 43.13 64.12 7.01 122.56 20 34 4
97 68.69 8.86 31.29 181.44 14 19 1
98 49.29 7.36 31.36 138.94 9 25 2
99 76.52 92.89 30.13 262.13 15 16 3
100 56.15 45.48 11.46 334.74 24 40 4
101 75.24 32.70 28.65 163.97 20 24 4
102 56.58 80.86 14.02 247.34 12 34 4
103 32.00 7.80 33.76 283.77 4 33 1
104 79.66 46.52 33.28 52.21 10 20 4
105 36.84 5.56 19.85 275.96 21 39 2
106 26.56 78.03 25.45 396.65 2 25 1
107 43.69 3.08 33.22 491.43 19 36 1
108 8.59 88.73 47.94 498.39 8 31 1
109 89.61 7.65 22.45 448.04 6 19 3
110 79.17 56.36 2.91 99.94 9 38 1
111 72.11 2.00 11.67 388.21 2 25 4
112 8.81 44.82 29.77 200.95 12 17 3
113 53.48 1.23 2.00 195.67 17 34 1
114 67.07 9.63 47.76 124.15 19 46 2
115 7.72 37.33 15.47 336.61 23 41 3
116 53.09 59.18 45.91 206.23 21 23 2
117 87.50 64.12 34.14 65.56 12 30 2
118 56.42 15.45 29.75 464.27 15 31 1
119 3.79 16.87 2.68 66.08 1 43 2
120 51.67 63.31 26.51 386.15 10 41 2
121 10.67 93.21 44.89 185.03 16 35 3
122 59.50 29.26 34.43 429.64 15 30 4
123 53.87 88.38 10.09 211.02 17 40 4
124 33.27 89.38 46.85 181.61 9 28 3
125 13.88 60.71 18.59 438.91 23 41 2
126 18.78 12.62 0.86 242.13 12 42 4
127 76.95 96.74 36.13 393.68 15 23 1
128 92.64 79.35 26.28 175.24 23 38 3
129 54.74 55.46 5.85 73.20 12 32 3
130 18.97 45.34 19.73 468.98 18 35 1
131 77.47 85.54 23.19 254.60 18 36 1
132 81.34 84.90 46.46 372.34 16 20 4
133 77.82 50.65 9.65 255.79 8 42 2
134 32.38 47.20 17.26 58.26 2 17 3
135 2.78 4.13 2.89 247.59 21 25 3
136 90.39 23.95 38.31 112.57 9 44 3
137 92.68 12.17 15.49 205.88 19 24 1
138 22.01 18.93 33.65 282.62 15 37 2
139 65.03 46.50 5.87 257.58 10 39 3
140 74.27 25.54 2.32 376.37 5 16 4
141 43.96 40.52 25.89 151.80 2 14 1
142 48.30 10.21 24.14 457.77 1 23 2
143 73.10 39.23 0.17 130.08 9 32 2
144 4.09 55.18 45.56 119.30 16 25 4
145 75.12 68.31 35.55 498.62 17 22 3
146 53.46 48.74 14.06 334.27 19 30 1
147 71.27 39.02 42.69 422.76 16 25 3
148 2.54 91.59 10.03 143.55 16 34 2
149 4.48 92.12 0.41 477.92 19 24 3
150 68.31 8.47 19.24 369.60 0 37 1
151 24.10 63.77 37.20 79.68 8 44 4
152 2.08 64.25 1.50 411.14 10 18 1
153 8.83 66.22 40.19 181.75 13 38 2
154 10.13 89.40 8.04 401.00 19 22 3
155 95.13 94.90 5.71 450.23 9 21 1
156 68.77 49.06 29.57 138.18 2 47 1
157 83.99 17.42 36.12 404.22 18 25 1
158 11.57 14.35 18.75 113.50 12 17 2
159 81.36 93.88 33.44 111.08 4 47 1
160 98.19 39.71 18.78 381.58 6 22 2
161 43.41 30.85 45.41 406.14 13 27 1
162 87.48 99.49 32.94 60.97 10 21 4
163 30.16 43.64 15.29 178.05 6 27 2
164 36.17 33.93 36.13 279.99 20 26 3
165 21.96 5.38 46.26 187.68 4 10 1
166 99.02 63.61 32.42 89.49 15 47 4
167 19.98 51.17 5.84 185.31 6 24 1
168 13.52 94.42 34.83 190.68 7 41 1
169 16.23 29.40 10.44 429.53 17 23 3
170 95.41 89.76 2.72 202.42 19 38 2
171 25.92 82.15 28.09 122.96 10 23 4
172 64.51 87.23 44.17 250.44 9 39 1
173 14.99 77.18 35.15 469.84 13 14 2
174 56.75 53.11 22.62 197.27 1 12 1
175 87.20 18.01 24.08 427.57 19 20 4
176 83.97 52.90 16.72 109.85 23 38 3
177 10.96 57.09 29.20 447.78 11 42 4
178 49.73 88.57 34.52 291.97 8 46 3
179 41.28 13.10 41.61 471.17 10 14 3
180 16.59 32.54 42.95 285.13 15 44 4
181 89.22 43.79 37.01 485.43 3 4 2
182 37.50 94.07 9.48 350.15 24 27 2
183 11.75 90.54 4.26 404.37 19 32 1
184 29.92 50.60 1.89 219.99 14 41 1
185 83.36 95.13 14.53 309.76 0 40 1
186 91.80 45.59 44.18 156.14 24 36 2
187 95.11 63.46 18.87 142.56 3 30 1
188 68.52 5.74 49.98 353.69 14 23 4
189 92.50 57.77 13.12 62.32 9 34 1
190 1.25 2.46 41.46 488.98 6 13 1
191 51.96 18.68 13.93 292.45 23 26 3
192 53.41 80.05 4.99 392.18 11 41 3
193 56.01 31.28 0.54 322.07 3 48 3
194 89.07 40.75 45.28 62.69 14 38 1
195 94.00 59.29 26.27 156.38 7 33 1
196 1.17 70.43 6.99 343.52 10 45 3
197 44.60 15.16 20.86 417.87 17 36 3
198 36.05 11.86 14.31 437.14 15 35 2
199 98.31 93.20 11.11 275.95 24 44 3
200 45.29 24.66 20.70 435.47 22 38 2
201 91.95 74.80 14.11 155.06 15 20 4
202 24.83 71.67 44.48 131.48 22 37 4
203 68.92 9.38 14.91 228.56 15 41 2
204 79.41 25.54 10.06 283.41 15 29 2
205 37.79 35.47 17.41 242.25 10 23 2
206 10.65 19.51 4.21 249.28 16 45 3
207 81.12 54.60 29.49 177.33 5 21 4
208 32.15 73.70 15.00 361.62 16 29 4
209 35.20 46.40 3.08 379.36 16 16 3
210 18.85 72.74 49.39 230.36 3 19 2
211 51.65 88.70 10.95 451.61 6 44 4
212 94.32 26.12 40.20 126.50 19 45 1
213 55.19 94.40 13.21 140.29 7 41 4
214 13.89 49.88 45.39 263.47 23 45 3
215 60.14 85.98 14.94 460.95 24 40 4
216 66.40 94.32 16.10 353.39 8 17 3
217 19.47 0.59 9.32 312.09 13 38 3
218 36.11 62.59 42.14 337.94 9 37 1
219 75.95 66.12 34.37 357.52 18 34 1
220 76.43 98.01 31.60 56.30 3 32 3
221 98.39 65.55 17.05 461.57 6 34 3
222 86.35 29.39 18.06 303.21 1 45 2
223 62.18 35.53 0.29 334.94 19 33 4
224 47.37 89.28 27.88 477.92 18 38 4
225 80.66 17.37 30.78 162.69 11 20 2
226 22.52 36.24 32.51 345.35 13 36 4
227 81.54 40.45 41.03 151.86 14 45 1
228 90.68 55.88 38.17 125.80 21 40 2
229 17.63 56.42 49.05 300.23 14 47 3
230 51.57 9.47 6.67 486.27 15 38 1
231 54.66 61.34 33.59 228.40 2 47 2
232 52.27 64.34 10.41 105.80 20 29 2
233 78.50 96.17 15.54 262.30 10 32 4
234 86.78 81.62 16.18 423.73 23 38 1
235 30.71 59.72 6.15 399.31 20 25 4
236 55.20 80.59 11.24 399.22 8 37 2
237 25.57 52.43 42.29 272.93 5 8 2
238 43.32 0.24 5.39 148.65 24 24 3
239 44.29 81.74 46.95 469.24 21 22 1
240 95.71 65.97 26.73 138.36 23 38 3
241 81.25 10.08 47.78 395.99 15 47 3
242 93.02 82.51 20.54 477.45 16 19 3
243 24.07 45.14 31.21 135.49 6 21 4
244 97.35 2.86 3.11 218.90 4 43 1
245 5.81 25.90 5.41 490.58 2 20 3
246 28.50 52.44 18.62 167.47 14 26 1
247 48.84 69.12 1.12 308.87 8 23 4
248 76.16 93.48 12.38 175.02 23 48 3
249 67.65 26.57 26.73 342.38 19 45 1
250 51.11 29.14 36.70 306.91 11 40 2
251 14.42 61.27 42.42 170.95 9 28 1
252 36.80 74.01 19.81 114.54 2 10 1
253 35.22 20.28 43.43 132.37 6 29 1
254 10.26 17.81 36.69 401.63 18 33 3
255 20.82 40.64 9.44 321.57 4 11 2
256 41.52 48.99 17.04 171.65 24 35 3
257 61.74 72.47 24.78 181.52 6 27 3
258 84.25 86.14 8.31 57.73 17 44 2
259 3.86 93.95 3.36 423.31 11 32 1
260 64.11 75.14 18.84 259.31 11 48 3
261 66.93 11.14 10.75 233.24 24 35 3
262 84.08 22.45 3.17 161.31 19 33 4
263 77.68 36.26 9.72 87.78 19 21 1
264 76.50 94.79 27.19 53.21 19 40 4
265 87.51 47.32 25.44 127.30 12 15 4
266 31.09 19.67 22.10 280.27 1 10 3
267 28.04 34.88 2.82 341.36 16 48 4
268 96.05 9.31 35.36 349.94 18 34 4
269 58.67 37.60 44.28 272.41 9 42 2
270 6.27 62.52 10.82 190.17 4 17 3
271 7.60 31.34 9.48 387.77 18 42 4
272 99.78 34.31 35.47 386.27 11 28 3
273 83.01 83.61 32.45 387.71 7 12 4
274 77.65 86.45 4.56 171.62 23 46 3
275 46.98 92.56 15.36 427.92 3 16 4
276 91.02 83.85 16.16 213.14 22 40 4
277 32.95 29.07 26.92 339.74 12 19 4
278 83.29 35.69 20.40 341.54 16 24 3
279 89.48 90.61 38.66 173.26 14 26 4
280 85.34 7.07 17.52 70.06 12 34 3
281 54.17 46.87 23.03 379.77 22 47 4
282 78.79 31.25 36.04 433.40 10 44 1
283 29.42 96.01 20.02 341.50 2 30 2
284 25.16 51.36 2.42 174.40 19 23 3
285 50.59 30.97 37.47 385.03 12 44 4
286 70.61 52.92 34.46 146.63 18 24 4
287 11.85 14.22 9.86 128.94 19 20 2
288 68.84 64.35 11.68 438.63 13 29 2
289 39.64 84.99 46.62 136.23 17 45 2
290 32.46 10.00 4.35 185.13 12 15 1
291 33.20 90.56 10.09 129.22 19 38 1
292 84.26 53.22 47.68 278.56 4 24 3
293 70.67 40.95 1.96 206.97 19 25 2
294 5.43 51.05 20.25 325.29 0 1 4
295 67.05 0.75 32.02 219.77 1 26 2
296 4.23 53.49 42.74 139.86 24 36 2
297 24.82 88.31 11.73 193.60 4 36 2
298 36.04 69.73 39.66 279.05 9 21 4
299 57.50 7.51 0.79 360.10 9 43 3
300 65.14 29.34 48.24 409.89 11 39 1
1 191.49 4195.84 1
2 123.69 3089.62 2
3 186.63 3117.30 3
4 125.58 3092.62 4
5 121.95 4262.34 3
6 182.22 3818.24 2
1 1.64 33.76 2
2 1.96 37.08 4
3 1.10 48.84 2
4 1.44 47.93 2
5 1.91 40.96 5
6 1.69 29.20 6
7 1.05 26.95 3
8 1.20 46.38 4
9 1.54 48.27 2
10 1.12 33.24 2
11 1.77 36.42 4
12 1.10 38.60 1
13 1.69 40.98 1
14 1.61 43.85 1
