Data for Vehicle routing problem with drones - Author: Huyen Do Thi Ngoc
Number of depots: 3
Number of cities: 300
Number of trucks: 6
Number of drones: 9
Area: 100 100 50
Customer maximum demand: 500
Max capacity of truck: 200
Max energy of truck: 5000
Max capacity of drone: 2
Max energy of drone: 50
1 79.36 57.82 40.93
2 69.34 67.41 7.41
3 45.43 93.12 19.95
1 99.76 5.24 39.03 235.82 2 37 3
2 28.80 24.06 40.17 192.58 4 5 3
3 81.26 3.94 1.58 359.58 5 41 2
4 65.50 27.63 27.36 467.46 5 32 1
5 57.90 30.93 20.08 60.30 5 42 3
6 71.09 63.84 20.44 277.86 2 39 3
7 44.56 55.11 6.70 218.41 4 47 3
8 30.66 99.78 7.60 434.70 7 15 2
9 37.63 42.68 13.57 73.98 19 22 2
10 82.57 43.26 36.86 491.13 0 23 1
11 72.78 83.41 17.91 245.54 11 23 2
12 71.26 37.59 19.89 436.35 15 35 2
13 49.28 42.11 18.75 321.68 23 41 1
14 41.67 17.23 10.78 411.91 16 34 2
15 17.35 97.81 42.65 332.16 2 47 3
16 45.40 91.41 37.34 344.81 24 46 1
17 54.70 72.74 10.79 294.59 23 45 3
18 67.29 40.21 43.35 148.28 0 20 3
19 61.17 65.12 25.51 398.16 7 23 3
20 94.96 75.70 10.53 135.68 15 20 3
21 8.56 1.57 19.99 56.39 2 10 1
22 1.48 18.19 21.29 326.41 3 9 1
23 88.76 33.74 6.49 355.37 13 22 3
24 26.25 64.13 3.39 63.13 8 8 1
25 94.52 49.97 7.09 262.97 14 41 2
26 67.92 73.00 21.50 80.71 1 41 3
27 28.18 52.95 12.54 63.35 22 24 3
28 89.27 30.05 33.94 411.55 4 15 3
29 80.24 40.63 7.69 371.35 7 16 3
30 97.47 50.67 6.42 277.81 2 19 1
31 26.80 60.37 34.43 397.03 7 33 2
32 83.64 91.87 28.51 170.37 6 8 1
33 11.04 29.73 25.92 353.32 10 43 2
34 24.84 1.69 31.27 114.52 18 35 3
35 10.38 10.97 43.30 250.29 19 37 3
36 20.67 40.48 2.16 122.24 5 30 3
37 1.90 38.02 18.37 474.79 19 25 3
38 7.16 10.45 46.68 386.88 11 48 2
39 30.59 97.79 49.47 382.75 0 24 2
40 96.01 92.46 5.30 289.26 8 30 2
41 95.98 79.47 31.47 244.39 18 42 3
42 98.23 22.54 13.90 140.59 10 43 2
43 25.34 22.89 9.93 241.66 23 35 1
44 50.13 98.27 36.73 65.99 5 43 1
45 79.64 3.41 26.16 485.10 22 34 3
46 51.37 69.65 9.35 151.01 22 32 2
47 79.21 41.98 49.40 430.25 21 21 2
48 24.45 4.28 25.23 424.87 7 14 3
49 44.73 8.90 4.58 353.63 0 1 2
50 74.30 9.58 17.05 205.46 19 45 2
51 10.56 8.14 0.89 76.85 20 36 1
52 91.20 6.77 0.72 125.28 24 26 3
53 54.97 27.36 5.14 240.40 0 11 3
54 40.10 8.00 27.99 113.62 0 0 3
55 40.30 15.35 10.00 68.00 2 48 1
56 33.27 14.07 2.31 212.15 9 39 2
57 46.76 41.14 13.94 233.69 19 36 3
58 17.94 79.81 16.82 380.71 20 36 1
59 52.74 69.11 19.57 182.77 11 14 2
60 63.67 69.68 43.60 295.60 16 18 1
61 22.59 58.96 29.96 377.60 16 43 2
62 87.30 62.77 31.06 51.03 2 13 1
63 9.29 74.86 22.20 433.36 23 34 2
64 48.57 62.57 33.47 314.50 12 31 2
65 54.35 52.74 18.48 244.77 1 24 3
66 44.73 98.28 34.94 417.33 1 46 1
67 87.36 5.65 43.48 180.71 22 42 1
68 48.73 44.27 47.23 227.12 23 29 1
69 48.41 62.16 36.54 348.13 11 16 1
70 70.49 93.30 34.25 442.84 24 36 2
71 22.82 34.81 29.10 285.32 14 41 3
72 27.55 53.28 18.99 186.73 13 37 2
73 60.48 24.65 26.58 424.88 19 21 3
74 97.28 38.82 49.95 393.13 15 22 3
75 12.26 42.35 43.28 184.51 5 16 2
76 9.33 11.38 38.90 281.76 23 32 3
77 12.04 63.04 24.88 172.77 17 37 1
78 81.17 12.21 28.16 393.48 15 31 1
79 90.34 94.22 38.22 368.69 14 14 3
80 30.30 67.91 13.76 476.18 6 14 3
81 6.38 9.09 35.52 408.85 11 16 3
82 23.11 14.09 28.06 352.42 23 44 1
83 51.94 62.39 33.89 260.05 6 26 3
84 77.68 86.26 34.90 475.98 24 42 2
85 37.96 52.69 27.38 454.99 20 25 1
86 73.85 9.13 17.44 434.94 8 32 2
87 10.88 81.75 18.67 108.73 8 41 1
88 7.22 22.76 6.46 273.18 12 28 2
89 92.69 66.56 32.79 143.14 13 35 1
90 29.41 67.49 13.41 160.41 15 20 2
91 32.48 41.66 7.32 366.94 24 33 3
92 25.75 32.85 17.04 363.65 19 31 1
93 19.62 97.77 26.89 340.86 16 19 3
94 15.29 53.26 9.58 211.32 0 18 1
95 44.75 66.77 18.01 452.22 7 9 2
96 56.31 3.53 26.47 245.76 6 42 3
97 79.32 43.62 9.31 406.18 19 44 3
98 94.82 2.96 11.45 270.77 18 40 2
99 78.99 83.84 4.67 158.35 0 18 2
100 11.91 74.16 27.49 240.17 2 47 2
101 91.10 84.84 49.68 155.64 24 40 1
102 66.49 31.79 11.05 233.60 15 40 1
103 43.22 41.52 9.63 234.80 2 43 3
104 98.91 2.93 13.48 151.20 24 47 3
105 49.69 13.42 32.03 72.92 1 35 3
106 64.57 43.04 31.39 341.46 5 22 3
107 60.36 22.10 15.34 287.22 9 23 2
108 29.36 68.38 19.26 460.49 3 8 1
109 50.22 75.46 18.71 178.88 24 48 3
110 43.74 66.17 24.72 246.28 17 47 1
111 57.34 66.61 15.02 301.53 3 32 1
112 29.35 59.27 45.48 71.26 1 13 1
113 17.20 78.30 7.11 117.66 0 25 3
114 6.23 90.90 40.98 82.27 6 20 3
115 5.76 43.66 33.56 346.07 13 37 1
116 59.96 49.42 15.92 253.34 16 47 1
117 76.20 56.52 21.81 209.38 1 32 2
118 75.88 12.91 46.79 338.50 23 47 2
119 14.42 20.30 25.25 201.09 11 37 2
120 24.61 21.30 46.90 229.67 5 42 1
121 30.48 9.03 41.83 496.32 8 31 3
122 24.77 42.13 24.09 263.86 3 13 2
123 17.69 19.53 24.10 178.06 24 43 2
124 41.95 87.96 24.00 419.44 21 35 3
125 47.01 70.79 10.88 182.60 18 43 2
126 52.23 1.46 12.93 391.01 5 45 2
127 5.98 62.74 36.51 60.23 24 24 2
128 74.81 60.07 20.27 268.59 1 26 3
129 39.07 42.09 19.48 268.31 3 13 1
130 27.91 82.55 42.59 429.70 22 27 1
131 71.95 21.94 32.30 426.42 23 34 1
132 9.24 55.36 41.35 76.97 10 36 1
133 16.33 53.36 36.14 254.06 6 8 1
134 98.22 68.64 26.56 112.52 4 27 3
135 75.10 62.24 37.64 215.35 8 12 1
136 96.60 41.08 42.49 111.59 0 33 3
137 55.99 93.85 44.03 268.51 7 33 3
138 47.16 63.62 41.90 100.95 4 7 3
139 28.56 1.27 19.81 172.06 8 35 3
140 39.39 62.00 46.97 65.93 20 34 3
141 97.13 25.39 34.43 259.44 19 47 1
142 28.64 70.39 46.35 130.12 20 46 1
143 58.38 90.64 3.74 369.76 18 20 2
144 13.64 14.67 17.57 450.38 4 42 1
145 44.35 14.15 3.94 208.97 21 47 1
146 81.02 5.83 35.84 497.29 21 30 1
147 37.39 33.85 47.99 286.76 2 31 1
148 82.22 79.16 39.74 150.72 4 19 3
149 27.57 42.40 37.78 348.65 22 29 2
150 36.43 88.61 2.97 487.76 7 42 2
151 84.68 91.76 49.56 219.46 22 43 2
152 85.62 77.16 41.21 379.00 2 6 1
153 28.57 18.49 26.76 365.99 19 36 3
154 96.85 0.25 31.88 188.49 14 32 3
155 30.85 7.14 37.56 352.40 22 40 3
156 56.08 26.29 10.69 201.15 14 48 2
157 31.67 27.53 15.61 349.00 21 27 2
158 57.13 22.86 11.65 458.10 20 40 1
159 74.20 43.74 8.38 433.77 22 39 2
160 91.65 95.27 5.54 481.06 21 38 2
161 19.96 91.46 25.74 186.66 23 48 2
162 23.43 61.95 3.47 223.42 1 45 1
163 14.39 13.06 15.01 163.66 9 42 3
164 85.85 6.02 22.40 214.04 0 4 3
165 51.27 82.90 20.61 231.05 13 15 3
166 99.50 8.08 16.59 345.04 14 32 3
167 63.24 13.14 26.57 232.35 24 32 2
168 82.53 68.38 39.68 93.84 0 7 1
169 40.17 51.68 28.01 360.92 2 31 1
170 83.95 51.05 31.16 117.01 7 29 2
171 30.10 88.81 45.91 332.51 12 35 3
172 31.37 40.92 42.77 332.45 19 33 1
173 16.22 37.09 46.97 251.55 3 42 2
174 62.50 92.28 9.29 210.53 9 43 3
175 55.65 98.00 31.60 118.06 1 25 3
176 90.04 10.42 18.23 149.30 23 23 2
177 85.27 62.64 46.42 261.67 17 39 2
178 80.55 97.05 17.43 421.84 7 32 3
179 27.51 5.21 9.98 434.32 16 31 3
180 10.82 0.57 27.48 179.65 23 42 3
181 34.56 78.33 21.65 247.11 10 42 1
182 79.21 44.85 21.94 164.41 14 37 3
183 34.87 74.06 26.76 280.76 23 26 3
184 64.24 53.46 42.55 105.21 4 36 2
185 90.92 35.39 39.36 329.12 8 27 3
186 9.44 91.07 36.51 51.66 10 22 3
187 50.85 25.84 28.85 163.08 3 31 3
188 33.40 73.14 12.06 209.00 17 42 2
189 2.94 25.09 15.56 222.05 4 9 1
190 6.18 60.03 1.87 205.85 22 45 2
191 93.58 23.85 6.16 212.45 10 14 3
192 83.65 94.79 41.54 339.96 13 40 3
193 89.37 40.08 45.21 305.59 13 20 1
194 64.78 14.91 48.64 147.65 6 46 1
195 23.32 73.31 17.80 174.32 11 22 2
196 79.46 54.43 28.04 157.97 5 17 1
197 37.43 69.26 31.03 415.16 15 26 2
198 27.10 9.13 22.46 141.33 21 46 2
199 15.97 54.75 20.02 110.28 15 35 3
200 40.76 6.19 8.90 377.58 21 47 3
201 33.71 42.84 15.69 93.99 7 14 2
202 9.48 72.14 19.78 59.17 5 34 3
203 85.41 81.24 31.08 152.90 0 39 3
204 32.54 11.17 10.21 284.30 11 21 2
205 16.10 15.21 36.37 327.61 14 15 1
206 37.01 68.33 32.41 93.25 15 41 2
207 61.49 77.62 33.24 138.33 16 39 2
208 86.44 39.42 36.32 476.54 10 17 1
209 24.12 61.66 27.97 166.61 0 29 3
210 84.10 24.98 28.96 492.45 0 22 1
211 41.42 17.83 13.29 84.34 17 29 1
212 45.28 40.76 15.61 343.38 21 37 1
213 55.94 44.63 14.75 223.25 8 28 3
214 78.70 80.23 36.53 133.93 10 40 1
215 94.78 51.81 6.42 361.11 2 12 3
216 88.80 18.20 0.01 154.93 11 46 2
217 88.08 28.25 6.66 443.42 4 28 2
218 2.63 6.48 47.71 107.26 14 45 2
219 92.52 52.68 4.69 367.11 23 47 2
220 32.19 18.05 44.79 418.15 1 6 2
221 16.98 92.78 2.13 468.89 5 23 2
222 20.74 96.92 6.37 313.40 3 43 2
223 15.37 33.37 39.63 169.16 11 42 3
224 67.30 52.41 1.42 276.94 15 33 2
225 58.87 31.69 24.02 191.76 18 48 3
226 74.07 37.28 38.60 439.52 4 36 2
227 59.97 20.19 5.73 348.36 8 48 3
228 45.58 24.39 0.97 63.26 2 6 3
229 42.07 3.57 14.68 232.83 2 23 2
230 85.97 87.63 23.93 391.02 10 23 2
231 82.60 47.45 5.12 455.42 3 37 1
232 81.18 64.59 37.08 362.26 2 32 1
233 41.93 22.22 39.43 201.89 9 45 1
234 7.33 97.14 26.76 404.61 24 29 3
235 17.89 40.81 40.22 446.58 10 18 3
236 7.42 86.92 18.85 246.42 17 17 2
237 56.11 50.27 49.20 378.04 4 36 3
238 31.06 23.39 29.90 53.32 5 32 1
239 37.14 99.80 20.27 84.80 10 18 1
240 12.71 43.41 48.43 225.96 21 40 2
241 89.47 8.68 1.94 283.32 12 27 3
242 46.31 88.38 13.39 289.27 8 17 2
243 26.44 80.28 41.04 235.41 5 29 1
244 5.41 93.45 48.10 108.71 8 34 3
245 24.83 46.60 7.33 355.17 12 20 2
246 80.99 51.27 29.08 215.16 24 38 2
247 32.29 45.72 16.50 107.76 21 27 1
248 29.71 29.22 29.36 249.99 1 29 3
249 56.05 99.93 0.19 81.47 22 26 3
250 67.83 29.45 16.20 352.25 11 37 1
251 89.61 15.22 27.87 295.65 8 36 1
252 29.98 39.62 42.40 191.27 20 35 3
253 48.23 90.79 12.41 130.38 15 30 2
254 49.19 64.09 0.17 137.91 9 11 2
255 24.62 13.88 24.03 337.06 24 34 1
256 61.75 78.04 24.43 493.87 9 39 1
257 28.28 17.60 44.50 366.13 15 34 2
258 52.84 91.14 34.26 204.19 5 8 3
259 46.86 93.30 44.70 249.84 21 31 3
260 21.20 50.14 41.63 319.23 0 21 1
261 97.60 21.95 35.23 237.72 8 43 3
262 72.35 2.63 43.21 463.96 20 43 2
263 12.62 6.34 2.96 313.22 24 46 3
264 30.05 81.04 28.85 260.83 13 29 1
265 18.77 31.48 1.69 264.76 15 42 2
266 7.55 83.27 26.74 404.31 11 44 2
267 77.39 39.11 7.41 391.20 2 5 2
268 3.77 62.85 12.43 428.54 1 46 1
269 34.62 17.06 41.45 333.30 7 38 2
270 43.48 26.05 26.89 200.47 15 19 1
271 79.79 91.93 43.76 114.38 20 24 1
272 98.06 24.76 30.01 161.86 9 22 1
273 48.59 81.73 7.53 55.40 0 16 2
274 81.19 44.67 37.99 234.66 7 47 1
275 88.21 96.44 15.00 215.93 9 44 1
276 0.67 70.50 39.42 402.06 24 48 2
277 57.49 83.03 37.69 59.89 17 42 3
278 69.31 0.01 43.98 477.56 24 48 2
279 21.86 20.72 9.05 139.77 24 42 2
280 35.62 89.78 20.41 115.52 23 46 2
281 24.37 88.83 49.04 334.11 5 19 1
282 19.85 38.44 15.09 367.34 5 10 2
283 71.49 83.34 0.30 231.14 8 11 3
284 51.11 78.17 12.08 359.74 15 33 1
285 68.60 31.88 0.62 289.41 10 27 2
286 68.62 76.51 18.62 111.62 23 36 2
287 19.79 33.53 39.91 349.40 4 30 2
288 99.45 34.03 13.37 262.78 13 44 3
289 5.26 25.68 28.99 58.95 17 40 1
290 95.71 27.59 14.52 157.31 12 39 2
291 37.29 29.79 45.50 98.20 3 34 1
292 90.57 25.62 31.10 232.60 19 42 1
293 14.13 43.80 36.27 242.43 19 40 2
294 43.82 97.65 29.11 324.72 5 32 1
295 38.74 44.05 49.41 184.61 17 22 2
296 28.85 17.84 45.73 486.82 0 32 3
297 39.16 16.27 45.98 239.39 23 27 3
298 0.03 33.73 47.65 338.87 22 31 3
299 54.18 2.12 28.44 497.33 14 40 3
300 51.32 66.50 34.08 110.82 24 46 1
1 115.47 3862.39 1
2 132.20 4420.63 2
3 121.33 4893.75 3
4 134.64 4777.29 3
5 185.86 4810.87 1
6 160.65 3598.66 1
1 1.10 44.66 4
2 1.58 33.97 1
3 1.38 44.20 6
4 1.12 26.19 2
5 1.94 47.52 3
6 1.02 34.01 2
7 1.52 38.82 1
8 1.26 35.77 5
9 1.58 45.67 2
