Data for Vehicle routing problem with drones - Author: Huyen Do Thi Ngoc
Number of depots: 4
Number of cities: 100
Number of trucks: 6
Number of drones: 16
Area: 100 100 50
Customer maximum demand: 500
Max capacity of truck: 200
Max energy of truck: 5000
Max capacity of drone: 2
Max energy of drone: 50
1 41.66 5.34 35.60
2 24.55 20.62 13.20
3 29.06 73.96 37.47
4 23.54 80.44 27.57
1 21.92 25.04 44.15 117.61 0 29 3
2 25.68 6.56 8.50 128.34 2 33 3
3 82.48 86.56 39.45 86.80 0 48 4
4 19.06 83.63 8.36 229.19 17 42 2
5 30.90 72.24 7.27 336.56 4 14 3
6 46.94 52.65 49.38 372.70 5 25 2
7 75.97 71.91 21.90 195.05 18 36 3
8 65.58 33.86 11.69 101.80 10 46 2
9 11.36 22.49 7.31 377.02 8 14 2
10 9.96 58.02 22.15 334.35 8 40 4
11 32.80 55.61 37.08 238.24 24 40 1
12 37.10 63.86 43.12 245.82 4 17 2
13 21.60 0.23 2.38 405.05 21 48 2
14 43.80 90.89 8.16 113.19 12 38 1
15 35.59 93.41 48.62 322.59 5 24 3
16 13.00 90.01 8.49 80.20 0 38 4
17 3.74 36.14 31.42 278.16 10 33 2
18 71.54 19.93 29.67 356.74 20 20 2
19 99.61 40.07 46.32 59.89 5 9 4
20 63.04 78.47 44.42 478.04 1 18 2
21 98.32 5.64 2.70 275.02 14 29 1
22 11.07 61.48 19.56 336.09 8 13 1
23 19.11 35.29 42.13 418.14 10 39 4
24 79.14 94.02 3.47 282.23 2 48 3
25 41.86 50.81 18.64 284.29 23 41 4
26 38.45 19.09 3.66 272.89 4 17 1
27 85.75 99.62 43.85 498.63 23 36 3
28 29.96 78.61 14.46 379.32 17 43 3
29 87.96 21.50 26.57 244.71 15 43 2
30 54.27 4.48 15.37 290.73 0 14 2
31 63.93 44.70 22.62 412.05 12 35 1
32 52.44 73.30 35.94 109.63 15 26 2
33 82.52 1.34 26.04 275.55 1 45 2
34 85.92 58.62 44.77 292.25 11 25 3
35 62.07 15.34 6.34 470.33 2 2 3
36 61.61 83.31 31.03 147.68 3 37 3
37 4.94 29.29 25.65 206.97 22 43 4
38 7.39 30.17 31.77 351.53 20 20 3
39 34.12 5.61 29.58 349.07 24 30 4
40 15.66 27.45 26.84 324.96 16 21 4
41 21.91 7.31 6.92 146.49 18 35 4
42 16.92 31.61 25.07 389.14 17 46 3
43 85.04 99.76 16.61 315.99 23 41 3
44 85.18 8.67 32.43 399.01 22 38 2
45 84.72 30.58 27.93 453.45 23 24 2
46 0.07 62.46 39.17 481.90 14 34 2
47 99.42 63.16 6.63 64.25 4 39 1
48 96.40 45.92 17.40 95.52 8 42 1
49 70.77 86.31 41.14 440.29 1 26 1
50 7.03 85.19 25.06 299.53 23 30 1
51 77.62 75.99 36.54 88.06 8 9 1
52 9.69 30.74 5.85 231.89 24 36 4
53 87.46 33.72 43.30 144.37 11 29 2
54 72.05 0.17 43.04 481.60 2 9 2
55 51.96 1.65 26.65 202.92 18 42 3
56 34.91 1.99 7.33 276.08 16 29 4
57 12.61 45.08 47.52 278.76 3 47 2
58 35.37 38.87 21.58 104.65 17 20 4
59 17.66 30.64 22.52 318.98 19 46 1
60 95.27 32.31 21.31 347.13 23 34 3
61 42.97 36.59 3.17 68.88 24 37 4
62 32.70 43.87 32.42 192.67 10 29 3
63 80.62 90.53 49.49 377.84 17 18 1
64 19.93 36.75 31.72 216.84 4 16 2
65 10.91 81.96 12.14 139.71 2 24 2
66 1.43 42.44 20.87 369.72 16 48 3
67 9.19 47.63 11.97 224.94 3 46 3
68 37.79 50.17 20.97 482.67 4 31 1
69 27.28 3.35 10.92 404.99 9 37 1
70 86.48 63.29 49.12 320.48 7 22 4
71 45.41 27.80 13.66 454.92 20 28 1
72 68.56 61.10 35.58 181.39 24 29 4
73 22.02 18.80 0.18 87.47 18 28 3
74 84.99 86.97 14.65 328.82 23 47 4
75 11.89 57.58 45.53 490.12 11 43 4
76 50.33 47.29 42.74 455.31 3 17 3
77 73.93 62.06 24.72 230.63 12 31 1
78 81.64 84.67 38.55 363.00 19 48 2
79 85.47 62.73 30.43 285.48 6 24 3
80 48.52 75.34 48.94 212.33 22 25 3
81 93.21 34.72 19.78 298.77 9 41 2
82 94.11 25.42 24.88 122.56 22 32 1
83 13.45 66.50 45.06 484.86 21 35 1
84 19.22 9.71 35.64 407.70 22 35 3
85 79.97 8.53 39.73 492.78 12 33 1
86 69.72 40.83 18.35 394.57 11 16 4
87 13.81 65.24 0.13 308.48 22 46 1
88 50.35 91.02 31.32 265.37 18 36 1
89 20.11 61.16 20.45 158.39 4 40 1
90 1.28 91.11 48.86 372.46 19 34 4
91 4.31 44.87 35.67 160.59 23 27 1
92 18.77 74.32 37.26 212.22 24 37 2
93 9.99 41.52 45.45 238.74 17 44 3
94 35.57 83.79 4.48 278.61 12 15 1
95 43.95 77.88 13.46 275.27 21 24 3
96 36.48 37.61 15.72 104.93 11 32 3
97 85.69 0.68 15.54 319.36 12 12 4
98 23.67 40.93 39.82 203.31 1 1 1
99 32.71 79.99 48.64 497.66 8 27 2
100 97.68 98.63 35.82 207.45 14 16 4
1 191.40 3423.07 1
2 133.54 3977.04 2
3 140.63 2934.34 3
4 124.72 4562.47 4
5 169.47 4275.93 2
6 137.21 4936.72 1
1 1.05 41.87 2
2 1.21 35.81 5
3 1.29 49.37 1
4 1.16 45.18 4
5 1.41 41.22 1
6 1.64 42.52 1
7 1.93 29.42 6
8 1.35 36.37 6
9 1.27 27.89 2
10 1.70 32.79 2
11 1.66 40.50 3
12 1.37 42.47 4
13 1.71 42.29 1
14 1.03 45.60 5
15 1.85 33.00 4
16 1.22 25.05 5
