Data for Vehicle routing problem with drones - Author: Huyen Do Thi Ngoc
Number of depots: 2
Number of cities: 400
Number of trucks: 3
Number of drones: 6
Area: 100 100 50
Customer maximum demand: 500
Max capacity of truck: 200
Max energy of truck: 5000
Max capacity of drone: 2
Max energy of drone: 50
1 6.92 51.65 38.84
2 93.84 72.71 28.11
1 12.43 43.01 47.73 413.21 17 17 1
2 85.18 68.69 12.84 391.19 15 34 2
3 33.30 85.92 2.01 320.85 13 48 1
4 73.77 2.60 21.04 485.89 10 17 1
5 64.82 69.77 47.50 97.09 4 13 2
6 65.21 5.10 17.39 140.41 17 35 1
7 49.42 51.87 20.21 137.57 17 36 2
8 99.10 22.76 4.66 74.46 12 14 2
9 93.20 42.63 12.66 324.79 10 16 1
10 24.50 26.62 15.06 163.78 0 45 1
11 21.92 40.09 18.93 225.56 18 20 1
12 26.49 22.46 16.71 145.29 14 29 2
13 74.84 46.55 27.56 214.80 16 42 2
14 88.83 69.02 15.25 217.83 22 35 2
15 33.82 37.89 36.18 101.62 10 27 1
16 50.09 61.17 9.57 163.86 8 27 1
17 69.16 82.12 29.03 163.40 9 29 1
18 77.93 3.42 5.08 255.98 5 15 1
19 8.39 56.59 18.35 112.24 16 34 2
20 39.70 1.62 41.70 129.71 7 35 1
21 73.36 88.97 44.68 311.24 7 13 2
22 64.38 11.39 14.97 149.21 21 42 1
23 32.68 35.40 19.51 414.08 10 27 1
24 3.48 15.43 44.45 211.34 21 48 1
25 0.64 10.19 11.76 183.64 16 45 2
26 11.47 47.38 28.14 207.17 11 37 1
27 48.25 89.09 35.07 266.87 2 18 2
28 7.02 30.20 5.99 74.48 21 35 1
29 24.76 74.39 46.84 214.68 9 14 2
30 51.30 86.70 36.11 387.87 13 35 1
31 53.52 33.64 47.25 409.77 7 26 1
32 30.03 39.00 26.68 340.19 10 37 1
33 63.46 76.90 27.80 193.64 15 18 2
34 47.38 84.20 38.97 422.40 4 19 1
35 4.73 43.10 46.18 136.46 20 22 1
36 34.56 19.15 26.75 280.68 0 23 1
37 77.25 44.71 9.07 165.97 0 4 2
38 1.93 48.82 4.25 332.61 12 12 1
39 80.00 19.78 7.64 201.60 23 48 2
40 61.93 68.67 3.88 364.67 10 28 2
41 74.56 74.44 28.12 246.73 3 34 2
42 15.11 73.19 15.79 200.43 4 13 1
43 19.22 1.65 27.57 164.01 16 33 2
44 27.67 91.47 46.21 449.34 13 34 2
45 6.90 52.64 10.18 189.60 24 39 2
46 58.16 3.09 20.51 113.66 16 22 2
47 61.04 78.54 31.67 176.98 2 28 2
48 97.92 42.10 49.31 281.78 3 7 1
49 80.21 58.75 11.42 94.49 22 47 2
50 23.11 80.84 40.59 304.31 5 20 1
51 35.42 41.26 48.29 216.66 17 43 2
52 21.14 22.51 28.43 436.67 3 24 1
53 97.33 2.97 34.80 88.43 6 46 1
54 94.54 16.96 26.68 70.62 22 34 2
55 61.69 63.35 10.72 248.65 9 45 1
56 3.52 75.89 19.22 301.07 14 33 1
57 84.95 96.60 30.40 65.30 20 38 1
58 98.87 8.86 49.65 102.04 8 9 2
59 29.20 87.17 10.14 406.84 24 40 1
60 76.23 61.21 40.81 440.11 19 38 1
61 39.02 85.60 48.73 81.92 2 37 2
62 14.26 33.78 45.78 118.90 13 43 1
63 67.40 17.79 17.14 205.61 16 33 2
64 66.41 99.97 23.08 354.51 13 31 2
65 45.71 97.69 19.61 363.41 15 38 1
66 3.04 9.32 22.68 300.23 10 45 2
67 74.47 11.74 13.58 109.24 22 38 2
68 93.90 14.24 10.17 111.04 17 36 2
69 48.03 90.39 20.49 395.14 16 48 2
70 83.91 40.97 34.07 274.99 0 2 1
71 64.01 37.24 21.53 410.52 1 23 2
72 54.67 27.57 10.54 210.70 23 35 1
73 90.61 39.14 22.81 293.59 4 14 1
74 16.87 55.89 20.57 441.50 17 17 1
75 31.68 39.64 37.94 436.18 3 48 2
76 50.10 36.88 24.47 451.78 16 38 1
77 94.43 70.20 37.66 304.26 10 46 2
78 67.82 98.85 38.24 88.67 10 18 1
79 13.75 35.89 26.99 398.97 12 35 2
80 6.40 27.31 33.33 300.48 15 24 2
81 46.54 51.83 37.43 282.36 17 44 1
82 31.23 57.88 8.07 271.47 3 9 1
83 25.43 63.97 12.14 153.20 4 8 2
84 12.91 92.40 29.18 396.68 18 19 1
85 82.84 46.11 10.17 463.38 10 11 2
86 5.24 97.96 33.89 234.07 1 3 1
87 21.09 79.82 24.90 87.93 15 21 1
88 66.16 60.30 5.06 362.98 15 26 2
89 21.57 68.52 36.31 112.58 7 17 2
90 54.45 21.52 17.27 339.87 10 18 1
91 75.36 39.13 31.39 395.97 9 30 1
92 50.37 22.52 48.68 472.47 15 41 2
93 35.97 97.62 48.69 121.80 0 30 2
94 28.54 9.45 43.77 207.82 10 22 2
95 35.87 38.69 39.63 264.09 17 37 1
96 79.58 2.64 8.35 456.15 19 32 1
97 15.99 56.83 30.19 497.19 21 43 2
98 56.18 78.75 33.66 149.23 19 30 2
99 92.54 60.82 3.51 321.94 7 43 1
100 26.55 4.75 3.93 421.18 5 14 1
101 38.98 64.25 39.19 341.32 5 48 2
102 12.89 52.99 5.22 118.75 0 23 2
103 51.64 78.05 47.00 484.76 1 29 2
104 81.76 15.11 9.60 255.80 18 46 2
105 0.93 69.12 26.92 71.04 11 43 1
106 21.34 41.49 7.88 158.12 11 11 1
107 69.61 81.84 20.16 94.12 14 31 2
108 75.61 17.85 12.09 132.09 2 13 2
109 79.90 95.22 4.07 387.97 19 47 1
110 19.32 42.71 38.23 275.19 21 38 1
111 67.03 65.61 18.49 314.04 10 29 1
112 11.52 66.59 4.51 413.60 19 20 2
113 1.31 82.42 9.19 219.79 11 18 2
114 20.71 33.78 17.80 265.95 10 29 2
115 36.51 38.99 11.41 261.10 16 35 1
116 75.49 80.76 26.06 263.54 20 39 1
117 81.37 34.13 20.12 341.33 7 42 1
118 36.53 94.49 35.06 352.89 22 30 2
119 79.84 47.52 25.90 121.06 2 20 2
120 17.06 58.50 11.46 329.53 2 9 2
121 35.70 85.12 12.50 136.42 18 28 1
122 20.04 38.69 40.14 114.33 17 41 1
123 0.40 76.44 9.04 70.91 12 28 2
124 49.55 53.14 15.21 481.19 23 39 1
125 72.29 42.68 36.66 295.90 8 16 2
126 64.54 47.47 16.20 356.66 3 18 2
127 80.76 75.48 10.26 211.00 5 14 1
128 0.88 13.36 47.99 286.39 9 10 1
129 22.63 61.01 27.40 391.01 15 39 2
130 10.35 65.88 8.50 419.56 20 24 1
131 41.01 29.38 5.71 150.65 14 38 2
132 6.93 99.36 32.07 378.55 8 36 2
133 60.52 54.55 42.85 227.77 6 47 1
134 15.04 89.34 21.75 113.65 19 36 2
135 26.82 66.70 42.08 242.30 8 14 2
136 66.13 94.41 20.93 58.31 21 43 1
137 98.93 38.32 26.07 371.49 6 35 1
138 5.04 46.85 23.96 210.32 6 18 2
139 34.85 73.83 35.50 234.61 21 31 2
140 1.23 13.02 41.95 393.72 8 19 1
141 71.52 84.64 8.98 238.28 0 26 2
142 95.42 20.73 15.40 453.22 1 46 2
143 48.39 63.73 19.17 480.77 0 37 1
144 97.68 75.72 1.53 71.35 23 32 2
145 56.17 33.83 20.41 198.26 14 42 1
146 95.99 85.89 40.91 145.84 21 38 2
147 27.12 98.83 23.47 344.36 22 31 1
148 86.97 24.47 12.18 320.06 17 31 1
149 10.99 82.42 18.30 323.36 20 39 1
150 31.23 61.59 26.61 167.83 3 32 1
151 57.18 63.73 16.28 63.57 0 23 1
152 52.69 52.45 34.51 267.60 0 31 1
153 3.79 15.95 27.14 493.27 19 27 1
154 74.94 61.21 20.83 411.27 5 20 1
155 17.97 70.52 36.90 215.24 22 40 2
156 20.89 43.46 39.85 65.08 14 29 2
157 75.28 33.11 12.37 201.85 15 30 1
158 74.72 1.64 29.50 237.38 4 44 2
159 53.91 18.90 4.16 191.75 6 24 1
160 34.86 10.48 21.97 375.55 5 24 1
161 27.94 20.90 45.13 211.22 0 13 1
162 15.98 21.56 28.82 259.44 17 39 2
163 4.23 9.89 43.33 177.90 9 30 2
164 79.09 75.98 38.95 131.27 24 42 2
165 0.14 38.93 45.38 409.71 0 10 1
166 15.04 26.15 43.82 436.25 11 33 1
167 88.14 47.66 19.77 182.31 18 19 2
168 29.05 7.89 2.64 364.22 0 20 1
169 99.19 60.17 49.94 324.54 16 20 2
170 59.17 82.95 26.23 227.25 0 12 2
171 58.24 38.36 17.94 138.26 1 48 2
172 43.54 25.01 40.90 258.38 5 28 1
173 3.29 59.08 8.41 123.69 15 34 2
174 57.51 43.66 35.90 252.13 16 26 2
175 67.42 6.73 46.26 91.74 6 8 1
176 99.95 95.35 34.67 380.63 22 41 2
177 67.70 97.06 39.07 92.07 2 5 1
178 72.73 4.17 36.92 387.10 0 42 2
179 73.01 48.80 43.39 68.76 6 14 1
180 74.94 14.53 30.48 373.37 20 34 2
181 24.84 13.20 27.57 242.87 13 23 2
182 86.36 29.43 16.31 367.54 18 48 1
183 33.10 16.56 39.90 373.32 12 32 1
184 78.98 58.95 48.02 60.16 0 36 2
185 32.46 12.90 42.27 431.51 15 30 2
186 31.85 75.43 36.01 348.17 17 43 1
187 38.58 38.69 43.78 243.19 20 23 1
188 73.70 62.02 44.25 232.83 20 38 2
189 58.53 33.73 20.26 399.95 1 46 1
190 5.19 43.51 0.99 403.29 13 45 2
191 43.65 99.36 45.88 453.99 22 44 1
192 44.47 72.19 40.58 316.68 2 46 1
193 69.16 59.08 45.88 306.73 4 37 1
194 38.81 86.11 49.91 315.85 15 41 1
195 53.33 5.58 24.93 281.11 20 44 2
196 71.32 81.09 45.00 379.87 11 12 1
197 12.88 48.30 30.90 435.29 12 41 2
198 95.50 0.75 6.15 298.81 6 23 1
199 52.58 13.10 6.96 199.50 12 14 2
200 19.33 28.30 43.45 204.38 9 29 1
201 5.43 92.27 31.06 98.47 6 44 1
202 88.07 72.44 34.01 101.96 0 34 1
203 71.50 47.77 31.15 402.30 0 9 2
204 71.68 27.35 31.04 394.98 6 19 1
205 32.38 90.61 3.59 310.82 3 48 2
206 53.86 43.48 13.79 408.72 13 23 1
207 49.27 72.56 17.93 192.93 17 28 1
208 47.70 26.78 39.77 52.65 20 44 2
209 81.51 10.31 40.86 96.31 13 18 2
210 79.75 98.02 16.00 309.23 22 46 1
211 94.60 58.18 10.96 407.38 19 44 1
212 73.15 94.38 40.06 90.60 8 45 2
213 90.59 40.86 48.19 421.95 10 10 2
214 46.83 84.75 49.27 176.71 15 28 2
215 84.35 40.10 25.85 175.52 7 46 1
216 55.35 95.21 20.01 472.48 0 9 2
217 21.38 90.52 30.96 408.39 8 29 1
218 19.78 74.25 41.73 237.56 19 28 1
219 88.10 9.43 19.57 62.73 10 46 1
220 79.89 32.05 18.29 134.74 20 26 1
221 61.87 28.60 45.65 147.02 21 46 2
222 29.37 73.95 1.69 477.10 3 29 2
223 36.35 15.56 18.48 190.61 4 19 2
224 16.97 74.53 46.78 82.35 21 30 2
225 5.76 40.98 10.44 498.01 1 26 2
226 23.56 43.22 3.61 189.96 3 11 2
227 53.12 10.46 29.26 188.59 17 26 1
228 97.73 3.27 6.02 257.94 1 12 2
229 59.53 73.92 16.45 481.50 17 17 2
230 86.03 91.29 8.79 140.78 14 47 2
231 35.22 87.10 24.11 265.13 22 28 2
232 22.69 44.32 45.98 238.60 19 24 1
233 46.79 75.55 20.39 341.40 1 17 1
234 1.23 23.85 0.10 81.26 16 38 2
235 88.04 77.17 40.26 116.10 8 38 1
236 91.33 45.50 49.98 93.76 0 23 1
237 59.74 75.12 25.38 477.06 16 29 1
238 20.18 18.87 39.38 303.42 10 27 1
239 41.63 63.68 14.47 138.99 2 25 1
240 51.85 23.12 12.51 68.25 23 24 2
241 83.68 1.66 32.77 342.29 10 25 2
242 97.46 12.65 23.88 115.97 20 24 2
243 97.21 49.39 43.94 361.43 18 42 1
244 84.00 30.64 14.05 352.88 22 34 2
245 22.46 7.47 22.62 266.17 4 11 1
246 89.99 62.66 39.69 482.00 14 34 1
247 52.75 95.98 25.73 298.70 23 32 1
248 70.34 48.35 7.88 194.97 7 25 1
249 69.69 17.50 39.73 239.41 23 29 2
250 96.56 45.75 7.95 239.63 1 16 2
251 68.47 70.57 20.90 467.95 9 42 2
252 80.07 85.42 7.57 406.60 5 24 2
253 14.04 2.88 18.07 205.10 4 30 1
254 62.33 6.76 38.74 190.76 1 40 2
255 20.43 78.24 11.83 164.79 9 27 1
256 64.91 47.06 24.96 101.46 15 40 1
257 7.20 86.47 48.08 132.22 7 40 2
258 78.81 45.66 4.84 59.08 23 28 2
259 11.68 71.38 16.00 481.71 4 26 2
260 27.26 70.13 34.70 118.82 7 19 1
261 52.98 71.13 21.34 358.03 9 46 2
262 91.07 89.82 24.55 55.59 18 32 2
263 19.51 57.81 38.16 484.93 23 43 2
264 61.02 47.69 36.45 58.46 10 20 1
265 12.02 47.90 29.64 438.80 8 35 1
266 61.49 97.69 18.93 395.68 20 41 2
267 78.69 33.43 3.74 455.78 14 40 1
268 36.77 77.91 26.01 386.37 19 33 1
269 58.77 96.17 24.66 412.03 21 25 1
270 73.55 35.63 2.60 214.71 15 35 2
271 23.06 97.50 25.88 86.58 0 27 1
272 20.93 99.47 46.70 236.06 9 17 1
273 27.66 31.92 43.42 379.95 1 30 1
274 91.43 35.33 11.04 69.75 14 17 1
275 96.74 81.77 21.80 410.85 0 19 1
276 40.77 29.14 37.44 69.44 16 35 2
277 86.21 80.64 28.83 335.28 7 35 1
278 69.37 39.68 45.29 389.09 12 16 1
279 59.54 1.42 21.89 124.27 17 22 1
280 98.93 76.63 10.35 497.30 22 37 2
281 97.32 19.65 35.91 481.83 23 44 2
282 59.27 66.00 15.04 166.89 21 23 2
283 22.11 62.24 24.54 96.22 17 43 2
284 78.92 66.58 30.10 489.29 4 38 1
285 58.72 51.35 42.51 247.61 21 38 2
286 85.97 5.48 36.84 68.05 21 24 2
287 76.62 14.31 28.40 62.48 19 41 1
288 63.33 50.68 28.25 255.00 4 24 2
289 40.64 90.85 41.39 356.69 4 38 1
290 76.77 75.03 8.34 193.91 6 43 1
291 62.20 53.78 40.24 266.07 13 43 1
292 90.48 53.97 47.43 443.55 1 32 2
293 12.04 42.14 4.44 253.47 19 47 2
294 74.42 60.91 36.78 165.13 13 44 2
295 72.34 83.09 17.56 430.16 7 18 1
296 52.08 19.80 4.26 290.55 9 20 1
297 26.76 77.93 17.96 216.05 9 17 2
298 13.80 77.89 17.08 498.31 0 29 1
299 52.57 56.94 46.64 65.78 15 23 1
300 80.67 5.22 12.58 66.78 24 45 2
301 4.21 94.12 28.79 202.12 3 45 1
302 55.18 68.91 38.57 111.91 15 34 1
303 97.57 21.25 48.14 118.14 7 15 2
304 96.19 48.91 44.26 127.91 1 2 1
305 85.29 17.29 9.57 226.19 1 14 1
306 69.23 22.80 41.44 316.04 8 19 1
307 75.23 36.89 42.10 298.38 16 22 2
308 84.25 66.67 23.32 330.97 17 28 2
309 89.10 20.46 11.36 99.75 7 39 1
310 13.70 62.28 21.29 173.23 16 28 1
311 45.80 58.17 36.63 244.77 22 22 2
312 18.09 36.32 40.62 382.50 21 25 2
313 74.91 5.35 24.59 428.76 10 46 2
314 35.96 60.53 29.85 306.21 10 16 1
315 59.65 30.50 9.15 427.28 9 40 1
316 33.58 85.92 48.16 392.65 10 29 2
317 45.55 24.80 25.05 281.02 17 44 1
318 0.50 63.34 6.11 293.62 8 34 1
319 19.91 18.44 10.67 250.34 17 26 1
320 74.38 58.04 7.53 261.42 6 24 1
321 1.11 15.71 49.74 471.00 23 23 2
322 87.95 92.30 46.65 246.75 20 36 1
323 42.17 95.75 14.52 160.39 22 29 2
324 8.37 99.40 37.09 371.09 11 18 2
325 4.91 42.66 28.35 368.35 4 13 1
326 25.16 73.92 2.16 78.66 14 21 1
327 48.28 18.31 29.71 437.64 13 23 2
328 32.67 38.54 17.61 260.85 24 26 2
329 52.35 27.77 21.57 463.02 9 32 1
330 44.84 15.19 43.57 231.02 17 38 2
331 3.31 79.28 21.25 231.82 4 38 2
332 58.20 98.41 24.50 239.43 8 21 2
333 20.62 73.03 9.10 347.84 14 30 2
334 38.58 4.26 19.75 105.46 5 5 2
335 20.35 44.95 4.31 383.92 23 23 2
336 68.59 56.01 1.72 129.03 6 40 2
337 62.39 64.53 36.42 163.58 17 47 1
338 63.78 98.24 27.04 452.45 10 13 1
339 92.13 99.75 38.79 325.28 9 40 1
340 27.42 34.16 1.47 52.22 3 21 1
341 52.78 27.53 44.44 316.80 23 29 2
342 62.28 91.54 40.18 472.13 20 26 2
343 13.02 72.64 14.29 310.69 8 22 2
344 73.82 72.67 33.90 232.37 11 11 2
345 8.95 60.81 12.89 433.52 13 48 2
346 86.23 43.53 19.40 436.83 8 13 2
347 30.92 96.56 20.22 301.00 21 27 2
348 8.27 2.06 0.57 395.05 4 33 1
349 42.19 53.30 33.37 165.78 6 47 1
350 16.77 25.22 39.29 448.07 24 29 1
351 40.20 20.70 45.74 179.05 15 45 1
352 37.17 36.11 43.54 479.94 23 41 2
353 5.47 17.69 30.19 373.52 11 27 1
354 32.24 0.32 12.41 353.84 20 34 2
355 27.40 33.65 8.12 367.65 23 31 1
356 91.95 63.73 0.82 74.17 23 36 1
357 42.16 62.89 14.83 102.03 6 18 1
358 93.80 1.39 27.93 318.34 19 25 2
359 88.44 86.16 13.97 283.87 7 20 2
360 54.63 55.00 40.22 220.57 4 13 1
361 38.62 96.22 17.78 375.98 3 13 2
362 65.00 32.02 38.65 94.06 22 24 2
363 17.87 86.98 19.88 89.57 3 9 1
364 85.89 35.89 47.56 151.07 6 30 2
365 36.88 45.32 8.12 92.55 4 16 2
366 53.27 87.83 10.93 410.35 16 34 2
367 99.32 69.26 44.74 443.49 22 38 2
368 79.47 85.45 20.86 489.35 13 36 1
369 69.86 42.32 17.90 213.55 11 48 2
370 3.12 24.89 31.50 66.57 0 44 2
371 61.61 53.91 38.83 467.34 11 42 1
372 42.06 89.77 5.81 324.01 12 20 1
373 63.39 66.51 12.28 223.65 18 25 1
374 94.74 95.92 26.45 78.49 16 34 1
375 22.98 31.08 46.41 320.48 14 24 1
376 18.26 57.42 9.47 461.93 0 39 2
377 68.36 14.82 26.51 344.41 20 34 1
378 58.99 61.05 23.88 124.01 0 20 1
379 3.65 47.09 46.04 168.91 8 47 2
380 67.48 17.26 5.01 68.76 3 9 2
381 6.55 72.71 37.46 326.03 23 44 1
382 45.00 30.74 3.63 192.51 21 43 2
383 34.03 41.07 1.84 421.27 16 25 1
384 94.14 12.84 40.94 281.32 8 14 2
385 11.86 3.93 18.67 414.08 16 40 1
386 12.79 37.99 48.57 417.18 7 8 1
387 30.77 85.98 20.37 73.39 22 46 1
388 88.35 4.53 8.64 72.34 5 10 2
389 82.26 67.69 15.79 283.42 10 18 2
390 58.80 10.28 45.96 472.18 22 46 1
391 39.50 64.82 48.02 434.58 11 16 2
392 89.46 96.63 11.72 435.16 17 37 1
393 9.58 45.96 20.25 68.10 17 43 2
394 61.65 92.92 25.59 385.07 7 27 1
395 44.61 77.20 7.54 273.72 6 36 1
396 21.91 88.46 22.11 59.86 1 34 2
397 17.33 82.71 32.52 464.82 17 18 2
398 40.56 24.90 45.67 487.09 17 23 1
399 65.80 55.05 43.35 111.72 1 36 1
400 76.16 20.19 39.58 212.67 19 33 1
1 176.22 4025.44 1
2 126.86 3360.61 2
3 191.15 3101.48 1
1 1.78 25.00 2
2 1.02 26.16 1
3 1.07 47.69 3
4 1.47 32.36 3
5 1.72 47.34 1
6 1.94 43.41 1
