Data for Vehicle routing problem with drones - Author: Huyen Do Thi Ngoc
Number of depots: 5
Number of cities: 400
Number of trucks: 7
Number of drones: 14
Area: 100 100 50
Customer maximum demand: 500
Max capacity of truck: 200
Max energy of truck: 5000
Max capacity of drone: 2
Max energy of drone: 50
1 57.68 13.56 23.06
2 26.36 36.56 42.85
3 58.31 90.74 44.66
4 65.65 93.25 13.81
5 56.31 20.61 28.68
1 19.06 41.45 37.62 207.96 9 29 4
2 85.71 98.44 43.69 128.69 13 32 1
3 84.57 40.24 20.31 448.88 7 23 4
4 65.66 36.19 47.69 467.92 11 37 5
5 76.85 44.26 9.14 451.07 1 15 5
6 18.53 67.62 23.43 331.56 5 40 1
7 62.44 94.43 19.06 317.05 11 34 4
8 21.30 18.92 25.72 488.98 18 20 3
9 37.69 54.94 27.79 332.71 3 8 2
10 53.62 51.27 5.77 422.48 24 41 2
11 44.22 31.59 9.08 278.37 3 7 4
12 26.52 5.74 4.65 477.69 5 46 1
13 30.38 1.92 47.58 210.63 3 18 1
14 7.08 39.66 26.19 308.20 20 36 3
15 45.19 95.91 1.37 235.29 15 36 4
16 68.34 19.11 45.41 210.53 15 40 2
17 18.99 14.80 6.96 243.39 22 46 1
18 55.35 44.09 14.34 359.32 1 43 1
19 36.37 29.89 32.61 308.69 18 27 3
20 34.11 82.11 34.80 199.36 19 43 5
21 70.17 5.97 22.15 438.40 19 28 1
22 12.01 83.32 24.92 454.54 2 46 2
23 9.31 62.84 34.45 140.21 10 13 3
24 89.87 23.22 2.30 396.03 18 38 5
25 21.48 6.51 23.28 222.38 17 33 2
26 57.39 95.27 32.76 390.23 24 29 3
27 60.46 34.41 16.88 135.49 24 44 3
28 91.23 62.11 16.46 491.91 2 48 4
29 12.12 16.97 32.71 73.87 10 33 1
30 64.71 4.00 38.90 268.52 3 46 1
31 40.14 43.21 10.92 61.76 18 47 4
32 6.45 26.96 26.91 480.93 11 34 1
33 84.17 22.47 33.26 109.82 0 22 4
34 14.93 66.97 23.11 428.91 18 19 5
35 52.69 65.28 28.90 311.75 18 23 1
36 23.55 36.19 37.12 316.41 2 14 1
37 72.65 85.23 41.01 110.68 16 34 4
38 73.35 27.99 32.98 214.08 3 4 5
39 51.91 40.82 30.56 498.28 16 22 5
40 41.07 24.60 1.84 158.87 1 4 4
41 99.52 75.31 48.25 268.93 1 7 5
42 6.10 38.85 41.82 127.29 10 21 4
43 21.87 88.61 9.09 354.88 17 24 2
44 62.43 98.48 47.88 474.94 12 23 3
45 51.82 84.42 4.61 78.96 7 26 1
46 88.52 53.73 29.78 303.36 14 15 2
47 18.28 36.19 46.73 146.63 0 23 4
48 83.57 17.31 34.75 419.86 19 26 5
49 38.53 7.86 34.53 341.08 18 25 3
50 20.04 53.85 0.41 425.85 19 44 2
51 66.26 63.90 21.74 115.19 17 34 2
52 91.68 17.35 44.46 406.50 0 26 5
53 11.79 53.80 31.91 336.99 1 17 3
54 72.58 28.21 5.24 168.54 10 12 4
55 2.26 28.21 38.10 408.42 24 33 2
56 3.10 69.54 0.29 168.90 19 35 3
57 51.81 64.54 43.16 314.48 14 22 1
58 2.39 11.20 40.25 275.23 11 14 2
59 89.87 77.86 45.03 224.58 7 23 2
60 65.54 53.94 0.71 51.96 10 44 4
61 22.64 58.55 2.30 200.40 20 20 3
62 84.96 11.77 39.13 342.70 15 36 5
63 44.91 25.08 22.84 423.13 11 46 4
64 49.71 13.96 28.88 323.25 15 39 5
65 82.64 97.53 39.26 363.47 23 24 5
66 58.81 76.64 30.64 353.15 24 24 1
67 97.28 92.96 21.66 112.39 9 22 4
68 15.00 22.28 17.79 263.37 19 26 1
69 41.06 63.19 11.76 69.39 9 47 2
70 23.03 7.27 8.31 478.20 11 48 2
71 34.59 50.32 25.35 177.20 15 39 4
72 60.27 53.25 46.68 265.65 18 34 4
73 44.43 44.85 48.11 93.39 12 41 2
74 87.92 98.17 33.16 377.01 4 35 5
75 38.20 34.94 35.06 57.08 11 11 2
76 55.05 96.80 17.03 79.27 9 9 5
77 60.70 26.10 37.09 263.32 22 41 3
78 88.83 62.46 38.20 336.60 14 33 3
79 27.28 99.50 12.33 244.12 5 29 3
80 2.12 15.92 7.35 76.56 13 29 4
81 77.19 83.64 49.82 338.66 5 41 5
82 66.04 90.57 37.05 321.15 6 23 1
83 33.37 93.34 28.16 254.45 12 17 5
84 60.81 93.17 23.51 59.19 11 42 1
85 69.44 13.98 49.62 323.84 16 33 2
86 61.06 16.41 40.44 427.82 3 11 1
87 32.30 52.22 10.68 289.44 19 37 1
88 98.35 9.47 15.40 484.25 20 46 1
89 64.39 29.90 45.65 240.21 1 27 2
90 29.59 75.78 1.28 196.09 2 8 3
91 26.66 93.95 36.21 362.37 19 46 4
92 30.44 49.80 45.09 131.02 2 9 2
93 82.24 40.97 0.53 420.27 2 41 5
94 75.97 4.90 3.46 497.33 22 28 1
95 30.37 21.71 38.27 62.25 13 16 1
96 74.44 51.52 19.21 168.14 5 11 1
97 27.90 57.39 37.23 231.87 8 33 4
98 85.85 10.11 16.36 487.58 14 47 4
99 0.58 76.60 32.17 158.92 22 28 4
100 97.32 92.18 22.54 467.45 23 46 2
101 55.84 17.01 4.66 169.00 2 4 3
102 29.17 52.69 5.59 364.39 13 35 5
103 66.77 83.95 28.99 221.98 7 21 5
104 77.59 57.36 21.40 55.15 2 28 1
105 61.99 64.53 7.37 256.96 21 22 5
106 14.49 29.10 21.49 171.88 19 30 2
107 50.22 4.86 21.90 114.70 3 43 3
108 59.91 57.09 28.52 321.98 8 22 1
109 69.73 0.43 35.69 257.67 24 45 1
110 61.98 27.38 2.97 190.04 14 23 3
111 10.53 24.66 42.29 429.99 14 46 3
112 65.94 97.36 7.84 136.26 8 18 2
113 26.37 98.16 0.08 281.10 18 26 4
114 11.27 20.93 49.66 212.99 5 5 1
115 39.18 31.84 2.00 284.70 17 32 1
116 43.69 23.26 23.23 146.41 23 35 1
117 76.50 73.00 11.61 86.38 20 37 1
118 66.30 95.16 10.94 378.48 23 38 3
119 34.85 18.88 15.16 254.59 24 32 1
120 67.78 7.80 25.75 405.89 22 29 1
121 10.94 6.46 15.37 226.77 2 48 1
122 82.73 7.73 16.36 64.81 19 44 2
123 73.30 99.03 33.42 104.84 24 45 5
124 76.88 50.96 24.33 317.30 5 44 1
125 81.74 2.25 12.83 378.58 12 41 2
126 8.92 28.39 7.24 494.72 2 44 2
127 17.51 30.53 36.27 60.11 10 43 4
128 6.47 21.15 0.34 338.66 22 35 4
129 61.90 55.15 40.73 239.14 8 9 3
130 69.47 73.59 8.74 56.08 19 41 4
131 10.75 5.59 14.03 433.03 0 6 2
132 69.74 84.38 23.57 141.21 9 13 5
133 47.79 17.98 10.46 160.51 0 44 2
134 32.57 52.05 15.19 376.51 18 46 5
135 44.97 84.95 48.21 229.68 15 48 4
136 50.50 63.84 6.53 298.31 6 14 2
137 25.90 46.04 30.86 476.26 8 35 4
138 41.76 81.91 25.91 392.32 9 35 4
139 84.52 7.58 24.21 410.11 3 20 5
140 58.97 58.35 35.54 232.18 13 37 3
141 96.12 18.19 24.12 319.30 8 35 3
142 43.93 84.70 3.33 55.56 19 48 3
143 44.53 68.65 11.07 279.85 22 45 4
144 16.60 3.31 14.02 424.17 12 25 2
145 29.03 33.11 7.25 496.74 0 44 5
146 76.90 65.73 42.07 168.66 1 21 2
147 35.44 77.45 42.14 337.38 1 31 3
148 43.66 49.47 37.67 377.99 19 45 4
149 19.18 68.84 26.04 219.45 24 35 1
150 26.64 54.35 45.26 262.72 17 28 4
151 41.03 5.49 1.85 434.50 19 44 4
152 52.91 32.91 36.86 169.67 4 36 3
153 40.54 58.48 38.93 319.31 19 24 4
154 18.41 74.67 45.41 478.32 13 37 3
155 47.77 97.33 0.65 415.77 22 39 4
156 79.95 7.98 42.95 253.74 23 43 4
157 75.95 44.86 49.42 468.11 7 47 5
158 32.94 93.64 16.45 487.94 6 34 4
159 75.13 35.57 48.72 106.90 13 37 5
160 10.40 96.59 22.71 421.38 13 19 5
161 90.62 40.68 20.13 324.94 2 2 5
162 68.01 53.76 39.18 307.04 24 31 2
163 66.65 52.96 28.64 424.27 5 27 1
164 50.32 99.12 32.65 417.38 19 20 5
165 91.80 24.72 26.81 224.73 1 6 1
166 98.70 85.65 14.01 356.95 1 31 4
167 29.62 37.84 3.70 293.18 19 31 2
168 14.10 94.69 46.22 134.75 13 13 4
169 96.17 34.56 21.97 62.00 10 14 3
170 43.31 46.10 38.34 464.26 21 21 2
171 77.66 85.26 48.63 330.03 11 30 3
172 36.15 63.82 15.52 421.68 5 14 2
173 17.18 82.65 43.48 108.81 1 41 1
174 68.09 74.17 23.95 56.95 10 26 5
175 69.70 20.58 14.08 172.65 21 40 1
176 75.25 24.21 3.22 300.71 20 40 3
177 63.91 55.50 17.40 334.61 1 6 5
178 94.73 0.84 29.25 435.81 14 44 3
179 67.93 2.99 8.63 132.57 12 25 5
180 84.35 64.48 29.45 270.51 0 33 3
181 54.73 46.45 19.34 404.98 8 24 2
182 18.75 49.15 39.23 100.01 2 19 5
183 59.96 25.00 34.83 156.22 24 30 5
184 1.29 59.22 25.71 483.02 21 41 1
185 5.58 20.10 24.94 286.34 13 15 3
186 48.82 19.11 10.30 260.89 15 36 2
187 45.04 31.68 32.82 431.37 11 14 2
188 78.08 12.45 37.03 239.58 8 34 2
189 87.59 25.64 42.01 437.26 4 40 4
190 92.30 15.34 16.37 73.41 17 43 1
191 47.63 24.66 7.27 215.93 18 19 5
192 4.57 74.23 20.12 251.05 16 20 5
193 37.87 44.33 1.92 131.26 15 37 3
194 11.81 28.83 6.97 217.98 18 42 2
195 3.79 27.54 28.82 273.62 8 13 1
196 25.65 33.90 41.70 443.21 6 46 1
197 3.15 89.55 41.87 322.03 18 18 4
198 63.80 37.95 33.51 489.66 0 25 1
199 41.98 98.21 43.54 216.11 18 43 1
200 33.86 20.12 47.29 279.55 6 12 2
201 97.84 22.95 32.41 397.87 17 47 1
202 44.10 60.93 46.07 132.81 11 15 4
203 99.51 25.82 19.29 208.96 18 34 4
204 44.37 71.50 27.67 266.92 2 11 1
205 30.66 20.96 9.63 498.93 21 38 1
206 30.14 96.09 44.14 339.60 5 8 4
207 19.55 37.68 1.48 489.57 14 31 1
208 47.55 72.77 47.51 248.20 15 46 1
209 20.48 93.33 9.32 225.75 22 40 2
210 34.04 36.73 43.56 232.20 20 39 1
211 98.86 96.54 21.88 479.80 6 39 3
212 35.82 74.28 31.48 406.96 7 13 3
213 10.64 10.26 24.29 326.56 20 24 4
214 64.99 33.46 18.23 493.13 0 18 4
215 63.53 37.21 33.95 140.92 0 22 4
216 31.37 31.17 7.90 220.25 19 19 4
217 16.03 87.26 22.26 327.27 18 20 3
218 58.55 15.28 18.91 353.88 6 39 1
219 27.86 26.21 32.34 410.41 14 17 2
220 43.16 33.58 45.10 195.82 23 25 1
221 8.98 71.20 21.71 273.53 13 37 5
222 88.95 52.54 21.47 124.26 12 34 5
223 27.12 11.80 45.63 390.61 9 12 4
224 87.52 52.74 35.55 108.54 4 25 3
225 51.21 67.71 15.10 65.47 0 42 1
226 39.33 22.17 23.96 338.03 19 42 4
227 37.49 6.99 41.79 150.92 11 11 1
228 85.72 18.61 40.21 139.22 21 25 2
229 77.95 9.47 6.57 369.07 19 36 5
230 26.65 47.74 48.25 92.70 7 7 4
231 74.43 82.02 19.48 233.60 7 30 2
232 97.83 85.99 33.21 175.96 14 20 2
233 53.44 6.25 39.50 482.46 9 20 2
234 60.95 61.22 19.58 52.69 13 44 4
235 95.97 0.23 29.75 136.55 22 25 1
236 37.81 91.60 0.41 267.71 2 19 1
237 21.79 64.67 32.42 77.17 21 38 5
238 37.93 78.70 6.11 487.35 6 8 2
239 34.32 45.54 13.01 340.24 13 28 1
240 9.98 75.97 15.65 147.77 2 2 1
241 97.30 29.79 28.41 131.29 14 26 5
242 85.30 71.26 13.85 481.70 6 44 3
243 7.99 56.81 46.62 358.66 9 30 3
244 25.38 11.64 34.49 448.77 19 47 1
245 87.26 76.57 10.28 255.09 1 40 4
246 45.46 71.86 10.82 83.30 19 34 2
247 15.63 5.46 3.54 336.25 11 33 4
248 30.81 40.44 42.28 345.68 14 36 4
249 75.46 9.57 29.92 60.81 16 20 1
250 71.46 75.14 42.76 273.41 14 39 2
251 51.15 57.84 5.17 402.84 23 27 4
252 79.21 51.76 21.17 200.46 17 19 4
253 48.95 40.91 6.91 357.64 14 48 1
254 37.23 77.56 4.47 79.71 14 20 1
255 2.72 43.29 16.67 488.50 1 13 5
256 60.81 14.09 40.78 477.55 1 17 1
257 99.71 15.43 22.21 180.43 16 20 2
258 6.09 49.56 23.18 101.37 0 33 2
259 92.99 28.29 26.62 287.57 10 10 3
260 2.46 88.97 33.67 258.72 11 20 3
261 69.43 15.63 5.32 493.72 19 38 3
262 74.41 26.81 22.25 162.04 18 46 3
263 57.48 41.93 9.71 67.19 16 26 5
264 97.90 85.24 39.33 69.67 24 38 4
265 96.88 16.80 30.03 477.42 17 21 3
266 50.72 74.19 43.01 341.98 0 2 3
267 89.23 54.66 33.84 333.24 8 19 4
268 10.44 76.59 30.17 449.05 20 34 2
269 6.36 59.51 2.14 412.72 9 17 2
270 30.03 12.80 32.51 295.56 22 26 5
271 37.26 62.70 21.62 130.23 3 42 1
272 11.74 61.79 33.81 286.83 16 41 1
273 25.99 2.45 43.45 254.68 4 28 1
274 58.03 31.20 3.46 410.32 20 22 5
275 16.00 86.98 0.18 298.05 17 31 5
276 41.11 0.94 5.87 479.30 13 30 2
277 92.62 15.66 36.19 149.07 15 47 4
278 97.39 97.30 46.06 240.05 17 19 2
279 47.96 0.18 23.11 371.02 12 13 5
280 85.02 31.30 43.04 331.55 22 27 3
281 6.07 53.12 41.44 300.21 12 28 5
282 88.57 44.38 19.98 430.93 10 33 1
283 20.58 39.36 1.03 129.22 16 42 1
284 34.47 94.44 10.05 274.64 4 42 1
285 78.15 64.60 47.25 381.56 10 26 1
286 12.47 84.82 22.07 467.00 18 20 3
287 32.27 92.20 3.32 379.12 10 11 5
288 27.40 44.71 11.99 52.17 17 46 2
289 33.16 71.83 40.77 313.91 2 13 4
290 66.69 38.98 33.83 459.33 16 44 2
291 29.97 23.91 2.06 484.84 14 28 3
292 24.93 98.63 3.54 239.78 13 32 5
293 82.10 27.15 38.10 175.37 10 13 2
294 68.90 55.29 32.66 239.03 4 20 1
295 67.96 46.65 34.16 359.52 16 30 3
296 58.60 10.52 47.52 398.89 23 26 2
297 26.96 71.87 46.18 109.69 8 15 5
298 89.59 39.90 32.76 97.90 5 19 1
299 5.06 6.49 33.99 331.15 10 15 4
300 14.76 98.86 25.44 111.68 19 38 3
301 94.34 31.87 3.82 297.43 19 33 5
302 31.64 19.68 41.58 237.29 22 26 2
303 58.49 99.20 3.52 299.21 16 23 2
304 0.58 85.82 25.50 283.99 16 18 3
305 61.26 79.98 33.41 347.85 17 33 5
306 83.48 18.76 43.64 249.96 2 3 4
307 85.71 45.37 38.19 150.36 22 41 2
308 83.43 52.74 12.34 485.84 2 23 2
309 17.16 51.96 12.83 366.93 8 39 2
310 93.34 12.52 3.75 75.40 15 25 3
311 10.61 84.47 13.76 447.35 16 40 1
312 29.87 35.05 5.51 173.32 4 30 1
313 90.68 4.44 38.72 414.77 21 41 3
314 3.23 21.39 9.32 242.60 5 15 3
315 13.34 30.20 20.66 343.59 19 19 1
316 67.89 25.63 11.20 105.83 23 29 4
317 80.05 29.97 49.41 186.18 21 23 1
318 27.86 86.31 38.36 140.01 9 12 4
319 79.15 67.76 40.70 156.84 16 39 2
320 63.22 88.59 14.20 233.97 18 22 1
321 9.12 43.91 36.50 88.36 19 35 3
322 10.42 35.65 19.55 106.31 6 19 5
323 7.30 58.20 16.24 335.64 23 28 3
324 55.54 46.60 20.52 115.96 8 34 2
325 68.09 95.01 48.58 392.92 7 26 4
326 28.37 45.39 19.35 294.99 7 20 2
327 39.25 45.75 48.10 345.43 24 32 1
328 10.91 42.95 36.95 237.41 20 46 1
329 13.42 22.93 14.11 283.79 10 31 1
330 35.82 53.71 11.76 404.14 20 47 3
331 28.91 89.40 26.16 305.84 4 6 2
332 70.17 58.75 32.96 331.65 19 31 1
333 37.41 31.99 23.92 61.49 8 22 1
334 33.00 74.62 38.98 466.00 14 47 4
335 14.38 45.97 7.22 425.76 11 15 2
336 53.24 6.81 28.83 454.99 13 30 1
337 11.72 47.61 38.14 221.84 14 43 2
338 28.87 81.70 15.81 291.51 23 25 2
339 69.39 48.75 25.35 122.91 14 25 4
340 90.45 27.69 14.63 367.16 9 34 4
341 24.22 9.06 38.13 483.78 20 29 2
342 57.43 96.59 31.38 427.60 12 44 4
343 96.63 1.69 16.66 349.61 16 30 5
344 15.51 88.55 21.96 275.95 12 14 1
345 27.47 35.41 48.94 129.30 15 22 3
346 47.37 73.42 41.26 228.82 24 38 3
347 9.65 89.01 0.99 388.35 2 14 3
348 45.19 15.51 17.70 444.26 21 27 2
349 85.42 96.35 32.65 273.01 23 46 1
350 25.53 41.82 26.90 416.05 24 48 4
351 3.91 61.77 16.49 193.78 3 14 5
352 32.53 17.63 32.93 436.50 23 27 3
353 52.14 62.90 48.33 283.06 10 38 5
354 5.52 16.48 21.00 93.28 5 32 2
355 81.11 16.61 25.84 392.71 6 47 2
356 36.37 23.00 42.25 409.51 13 29 2
357 64.49 17.12 13.77 308.13 21 29 5
358 6.59 28.17 6.03 304.88 23 35 3
359 92.14 59.72 17.54 450.14 18 21 5
360 47.92 45.00 38.44 67.16 9 40 2
361 18.35 85.96 14.17 325.07 7 43 2
362 76.02 49.80 9.01 461.16 0 13 2
363 85.69 74.90 5.60 214.75 2 46 1
364 3.32 70.76 48.21 402.29 17 27 4
365 45.17 62.26 23.26 270.00 11 39 2
366 93.33 9.95 44.33 279.51 3 3 4
367 91.71 97.25 25.25 224.35 5 22 1
368 76.46 57.89 30.49 246.69 18 48 1
369 43.79 91.03 12.90 305.76 3 7 4
370 12.51 47.71 33.60 435.62 16 24 4
371 47.30 52.68 21.50 339.32 18 19 4
372 25.69 15.62 37.82 208.53 12 21 4
373 83.42 83.77 29.93 262.39 14 40 2
374 52.64 33.17 10.51 466.71 13 27 5
375 57.39 52.29 41.51 205.56 17 17 4
376 97.41 77.46 0.27 421.11 8 27 4
377 83.87 77.33 13.95 401.27 12 28 5
378 41.87 55.52 13.70 449.16 10 23 5
379 12.68 24.00 20.68 322.98 9 9 3
380 34.80 74.95 24.68 176.38 10 18 4
381 43.57 0.48 49.67 420.15 18 25 1
382 23.25 46.27 17.90 159.83 7 35 1
383 51.96 60.22 35.54 360.99 0 21 4
384 67.53 52.51 26.47 184.09 18 28 1
385 91.28 62.25 1.31 454.66 1 40 3
386 65.96 49.10 16.02 288.60 6 10 3
387 45.35 33.31 20.85 264.07 24 38 3
388 91.81 23.36 29.36 107.58 3 32 2
389 43.36 55.21 39.13 256.56 18 48 2
390 92.03 35.16 8.34 308.43 22 46 4
391 92.03 73.71 24.71 135.54 19 40 4
392 28.74 81.47 25.16 417.44 17 36 2
393 25.81 6.29 31.35 232.95 8 14 1
394 10.48 1.71 6.46 174.85 1 5 5
395 12.34 88.03 25.61 375.52 5 34 1
396 18.55 14.11 27.06 70.47 17 31 3
397 82.93 70.96 44.06 105.20 1 8 3
398 15.73 6.70 33.67 318.12 20 35 5
399 30.20 84.28 34.19 457.16 13 41 1
400 73.58 46.50 32.20 369.56 5 39 5
1 139.75 3234.29 1
2 118.55 4969.51 2
3 129.35 4239.28 3
4 112.22 2904.86 4
5 173.84 3705.25 5
6 108.70 3288.56 2
7 141.81 2865.84 2
1 1.31 28.52 7
2 1.79 25.37 4
3 1.36 39.49 4
4 1.40 25.06 7
5 1.50 46.34 6
6 1.58 25.98 5
7 1.12 48.13 3
8 1.11 46.59 4
9 1.54 42.14 4
10 1.12 26.69 7
11 1.66 44.17 7
12 1.54 37.84 2
13 1.70 40.51 5
14 1.36 25.10 3
