Data for Vehicle routing problem with drones - Author: Huyen Do Thi Ngoc
Number of depots: 5
Number of cities: 300
Number of trucks: 6
Number of drones: 10
Area: 100 100 50
Customer maximum demand: 500
Max capacity of truck: 200
Max energy of truck: 5000
Max capacity of drone: 2
Max energy of drone: 50
1 14.99 70.97 7.34
2 63.39 56.75 45.87
3 32.07 61.36 46.01
4 16.49 6.53 16.76
5 1.56 90.47 19.63
1 94.48 50.38 9.87 85.13 0 16 2
2 78.71 31.10 38.77 434.02 2 38 1
3 81.95 35.85 33.81 121.85 15 26 2
4 75.54 1.41 19.61 166.95 15 27 2
5 40.92 6.15 16.99 92.48 10 36 1
6 66.16 33.26 1.13 307.40 24 41 5
7 7.97 59.44 48.04 301.47 10 27 4
8 23.20 20.01 7.66 270.28 23 30 1
9 44.50 79.07 4.30 208.13 24 28 5
10 94.61 22.16 14.50 63.99 14 28 4
11 68.21 60.65 38.66 66.37 7 31 1
12 32.69 26.76 26.71 130.42 23 43 4
13 80.52 12.33 0.47 443.95 4 29 5
14 32.67 70.80 7.37 140.35 18 30 5
15 32.69 21.95 1.83 242.37 2 47 5
16 4.70 96.00 15.62 484.38 3 35 3
17 88.95 38.27 40.94 158.58 13 44 3
18 76.46 54.37 47.81 175.13 17 33 5
19 0.76 31.94 31.83 487.26 19 46 1
20 23.75 30.99 18.81 396.67 15 44 5
21 23.52 20.81 2.53 145.13 16 22 5
22 76.26 37.75 44.64 426.35 12 37 5
23 63.56 52.02 18.12 118.45 0 23 1
24 80.12 94.24 41.20 281.78 11 16 5
25 74.15 73.15 4.82 359.66 11 30 5
26 60.09 53.60 43.42 94.05 13 15 5
27 23.18 87.92 45.90 110.48 21 47 4
28 57.26 38.71 49.30 108.98 16 31 3
29 70.67 94.15 29.53 293.23 0 23 2
30 73.30 97.47 21.20 102.47 6 33 1
31 57.35 62.71 5.59 369.91 14 34 2
32 2.02 70.68 38.48 308.55 24 25 3
33 2.47 40.75 9.95 494.69 12 42 2
34 67.19 95.93 1.77 275.63 5 32 3
35 55.60 35.72 24.68 271.21 2 10 3
36 10.49 50.76 0.32 183.38 2 3 2
37 30.32 94.45 1.68 75.29 1 36 1
38 64.59 69.26 25.07 55.67 11 35 1
39 71.58 2.74 0.13 120.56 2 12 2
40 51.77 59.42 24.57 401.46 22 23 1
41 40.61 47.62 22.36 378.38 24 30 5
42 44.45 45.32 49.53 336.67 8 47 2
43 88.72 59.37 39.28 157.91 5 42 4
44 23.93 65.88 30.47 253.11 20 33 5
45 20.01 74.50 25.59 195.82 12 48 4
46 54.95 36.25 21.70 335.52 17 33 1
47 88.66 44.49 16.68 475.49 12 22 2
48 19.46 98.99 36.31 51.94 18 46 3
49 12.83 19.42 6.65 475.22 22 42 4
50 1.35 20.07 28.63 292.16 13 22 1
51 3.32 35.99 39.44 110.12 12 16 2
52 6.18 13.94 22.37 478.24 1 4 2
53 46.96 42.16 36.12 425.06 15 46 4
54 98.88 1.64 22.69 317.75 16 41 4
55 65.42 50.60 27.93 136.73 0 28 2
56 89.68 61.91 0.94 426.68 2 4 5
57 83.71 10.81 10.01 90.61 12 35 2
58 38.35 35.30 46.36 92.37 4 23 1
59 32.56 27.17 22.64 376.51 19 34 1
60 29.02 4.12 34.42 492.10 14 32 3
61 85.28 64.99 19.59 98.59 2 27 4
62 53.01 46.94 32.97 124.01 11 26 3
63 87.55 3.50 49.64 410.50 11 14 3
64 73.35 3.64 25.83 85.34 13 35 2
65 66.98 41.58 21.52 70.61 15 38 5
66 39.59 96.84 48.13 285.86 10 21 2
67 54.87 67.43 44.93 277.83 0 41 2
68 16.71 14.25 4.78 322.69 0 17 5
69 43.90 69.95 14.11 191.18 8 31 3
70 51.85 94.45 15.75 491.18 14 20 1
71 8.98 99.76 3.02 402.49 12 23 5
72 25.66 63.14 15.23 261.17 23 44 3
73 62.11 44.49 21.24 90.02 8 20 5
74 38.14 97.35 37.76 314.62 7 11 2
75 19.86 98.06 7.55 88.73 10 34 4
76 34.39 47.55 9.38 93.89 12 27 1
77 9.32 48.77 11.01 412.56 6 41 1
78 87.74 86.29 27.32 462.37 1 35 5
79 76.40 0.48 3.44 497.25 23 24 1
80 10.94 88.92 13.58 209.12 21 46 2
81 95.40 31.81 38.98 241.21 0 21 1
82 41.51 24.60 48.07 357.86 7 41 2
83 78.27 67.05 19.19 59.63 13 43 2
84 7.82 62.72 19.59 78.41 9 35 3
85 21.13 16.89 47.59 287.00 14 19 3
86 52.60 29.76 22.48 211.65 17 26 5
87 30.99 5.57 10.63 233.13 22 26 3
88 50.94 94.44 21.65 124.71 8 19 5
89 89.56 69.80 34.09 364.47 24 47 5
90 99.61 7.24 42.68 130.38 10 38 4
91 71.74 81.63 43.87 369.64 3 26 4
92 26.65 89.91 33.38 351.79 8 43 3
93 29.66 42.98 28.52 493.18 24 31 2
94 35.13 4.24 35.42 57.65 21 35 1
95 24.91 31.85 5.94 334.66 2 45 2
96 84.95 15.86 9.07 475.16 8 27 2
97 56.52 74.80 45.79 333.72 16 41 1
98 27.70 47.90 11.57 469.41 24 36 4
99 46.75 59.17 34.85 290.21 9 15 1
100 92.80 18.28 1.43 271.34 19 23 3
101 50.09 91.06 27.59 392.68 15 25 5
102 56.06 28.39 29.32 57.87 18 22 2
103 90.49 51.66 30.58 487.63 14 22 1
104 69.43 31.58 18.80 382.31 7 28 2
105 55.60 84.13 38.06 471.21 18 32 4
106 77.90 69.65 24.64 72.29 0 40 1
107 94.40 48.77 19.53 129.16 2 16 3
108 8.26 25.47 27.68 141.77 11 21 2
109 95.19 23.62 4.47 218.09 9 48 4
110 16.39 94.55 29.10 471.74 15 29 1
111 19.80 34.73 41.06 257.57 10 23 3
112 13.36 68.66 23.57 241.69 9 14 5
113 4.32 74.56 4.57 421.04 17 19 1
114 57.83 27.48 36.07 164.68 19 27 5
115 57.73 31.72 3.57 164.53 13 25 4
116 65.93 44.63 11.10 175.51 1 29 2
117 28.79 29.28 30.11 190.39 15 19 5
118 8.62 15.96 36.54 340.32 17 28 1
119 45.55 40.39 49.19 245.38 1 12 5
120 21.07 18.49 21.41 132.42 17 40 4
121 60.64 9.00 0.88 405.19 3 36 2
122 87.31 6.41 44.42 294.98 9 34 1
123 85.35 57.17 12.12 403.00 5 12 3
124 94.70 70.85 2.85 390.56 23 30 4
125 14.20 31.36 43.00 394.45 13 26 4
126 83.49 12.82 45.11 490.04 16 16 1
127 16.02 70.38 25.94 72.31 18 41 3
128 82.46 67.27 38.09 392.30 10 40 5
129 41.55 34.12 4.90 326.42 13 25 5
130 2.05 2.15 20.84 161.47 10 30 1
131 93.41 11.87 26.13 285.10 20 39 2
132 93.85 62.19 8.39 292.04 24 47 3
133 46.41 47.60 31.03 311.01 20 37 3
134 26.81 67.11 46.82 322.95 5 13 5
135 22.48 95.94 31.76 196.77 22 46 3
136 19.07 61.01 44.22 443.48 1 42 4
137 4.32 76.69 45.85 221.76 14 41 5
138 37.08 60.95 17.88 251.90 15 39 4
139 61.37 7.11 31.95 214.84 21 38 3
140 54.70 14.94 40.61 373.11 10 26 5
141 41.99 44.32 25.47 466.62 20 25 4
142 56.07 61.45 20.61 379.69 21 41 4
143 59.53 47.92 17.79 419.30 17 35 2
144 51.46 99.46 5.33 417.86 14 21 5
145 68.77 7.74 46.75 173.17 0 14 3
146 48.60 5.55 43.34 427.83 15 45 2
147 62.63 50.49 30.16 299.72 14 41 4
148 79.30 23.19 22.05 247.03 22 48 5
149 51.50 54.76 38.57 410.28 19 46 1
150 11.17 82.14 3.06 129.13 14 44 5
151 79.57 3.45 38.39 108.51 12 16 4
152 57.88 6.50 16.44 493.89 15 47 5
153 20.15 69.27 14.69 429.54 23 42 4
154 79.96 39.98 7.85 384.96 3 3 3
155 48.23 73.31 47.19 162.36 15 24 4
156 25.32 20.52 35.09 83.61 14 17 2
157 11.92 0.18 17.58 189.15 16 31 4
158 81.79 44.31 6.36 476.44 11 27 4
159 68.63 58.93 33.48 171.19 16 33 5
160 97.69 92.42 35.83 52.27 10 12 3
161 28.60 70.02 35.47 137.24 10 21 4
162 53.89 52.85 3.84 382.79 19 36 5
163 75.99 62.40 43.27 454.32 23 45 5
164 35.09 58.69 36.14 439.01 24 45 3
165 81.76 80.40 37.70 194.24 17 32 5
166 58.19 44.26 46.17 279.11 0 47 3
167 12.71 83.16 1.50 446.80 23 23 4
168 86.77 17.00 42.48 462.57 23 37 5
169 96.85 58.48 21.00 149.88 23 35 2
170 25.78 33.67 45.10 161.98 7 30 3
171 87.28 12.51 45.09 427.90 11 21 2
172 41.95 83.48 18.71 388.04 10 12 2
173 95.44 92.04 19.97 199.94 4 11 1
174 53.29 17.72 31.92 62.24 6 29 5
175 13.71 44.59 37.56 234.64 7 24 3
176 68.49 13.08 17.59 249.05 20 24 5
177 8.71 30.32 3.97 484.31 7 40 2
178 0.45 33.69 34.36 370.39 21 32 1
179 0.66 3.09 7.00 152.72 21 38 3
180 60.73 79.30 45.68 165.20 10 32 2
181 7.58 1.31 6.56 154.32 23 31 1
182 61.86 52.22 20.89 262.63 3 32 2
183 2.21 1.25 46.56 246.05 9 41 5
184 53.52 10.45 35.44 120.78 22 31 2
185 79.19 53.24 7.81 281.69 19 19 1
186 98.49 81.33 0.83 222.29 1 30 2
187 99.19 15.15 37.74 304.25 12 42 2
188 90.86 15.37 15.93 66.36 2 22 5
189 60.07 81.68 5.08 185.39 14 23 5
190 90.34 5.65 2.59 162.47 14 30 1
191 80.89 5.03 13.26 63.39 22 39 3
192 98.06 63.24 22.66 95.64 22 36 2
193 67.21 78.39 20.23 131.92 11 44 2
194 27.54 43.44 40.52 326.39 21 31 5
195 25.84 49.24 35.40 367.84 7 25 1
196 72.65 80.03 19.57 64.05 5 41 3
197 76.08 86.80 19.54 61.47 19 21 2
198 77.67 2.79 12.67 238.14 24 28 1
199 18.28 4.57 41.39 211.14 5 16 2
200 49.39 10.41 22.91 274.11 12 46 1
201 16.89 20.83 27.43 246.29 3 12 3
202 52.65 1.76 11.05 378.26 5 40 4
203 80.53 2.58 44.69 153.24 11 12 5
204 65.32 55.13 35.00 206.79 2 7 5
205 77.28 53.68 18.24 392.01 23 23 1
206 83.53 99.35 42.23 428.51 7 47 4
207 80.70 23.32 12.88 487.45 18 45 3
208 78.37 75.07 13.87 53.00 9 17 1
209 69.15 16.76 2.05 174.01 21 47 4
210 64.13 3.39 33.38 207.49 23 28 3
211 93.99 41.61 18.27 473.83 9 41 5
212 21.90 20.62 24.66 442.30 12 14 5
213 80.05 30.67 3.40 67.79 2 39 1
214 5.59 64.21 32.49 238.89 15 29 4
215 96.92 64.27 28.29 69.36 8 41 4
216 8.51 23.79 40.20 83.33 0 9 4
217 96.60 56.69 49.21 185.14 6 34 1
218 24.06 80.76 43.38 359.45 4 16 4
219 81.58 88.58 5.45 494.68 12 17 3
220 15.47 15.64 33.93 234.57 9 27 4
221 81.24 29.26 18.97 483.68 9 15 4
222 41.04 36.98 36.47 339.20 8 31 1
223 41.11 0.54 16.10 94.87 0 40 2
224 27.04 45.39 25.96 373.98 5 16 3
225 39.29 4.31 47.90 380.67 17 47 5
226 59.75 82.78 14.74 464.88 20 44 5
227 5.61 62.07 18.78 90.09 16 31 1
228 95.49 47.86 12.12 378.07 13 36 5
229 42.08 15.45 30.19 401.60 24 48 2
230 31.39 55.53 5.56 382.60 6 30 1
231 21.66 85.95 2.58 175.53 0 17 2
232 42.44 93.69 47.30 76.61 9 18 2
233 57.77 35.30 20.18 224.44 18 22 1
234 12.38 78.48 40.58 260.02 14 47 1
235 24.13 29.20 16.74 461.07 24 32 1
236 29.30 66.86 2.33 237.29 7 21 5
237 17.88 12.57 32.89 184.17 14 20 5
238 59.79 42.29 1.50 398.44 16 48 3
239 1.90 19.64 47.92 209.70 10 25 1
240 67.61 37.88 38.41 311.18 8 14 3
241 48.40 63.14 40.92 469.05 10 37 3
242 31.44 38.75 7.00 63.88 3 30 3
243 90.06 22.32 36.06 388.39 17 47 3
244 40.04 87.83 11.76 130.36 10 32 3
245 77.05 22.24 1.87 181.86 0 39 4
246 21.89 20.25 41.73 361.08 9 21 2
247 99.85 39.90 19.43 56.00 8 45 1
248 25.84 46.11 32.13 234.87 14 20 5
249 2.56 52.42 20.20 456.95 24 36 5
250 5.07 95.42 17.36 103.78 17 32 4
251 20.06 80.40 8.22 207.75 3 12 4
252 1.35 8.85 43.31 347.29 18 45 1
253 73.22 45.07 38.27 95.23 3 22 3
254 51.96 71.95 9.58 296.42 18 34 5
255 12.46 11.18 28.83 179.25 1 15 1
256 82.93 22.35 7.90 257.05 3 47 4
257 19.09 2.96 19.86 143.61 19 40 5
258 19.72 26.66 46.06 473.11 21 36 3
259 78.32 41.20 47.86 146.34 8 11 1
260 78.16 59.70 33.82 249.02 14 28 4
261 88.13 53.48 48.74 107.62 7 45 2
262 91.59 99.45 40.35 311.29 2 28 5
263 90.59 9.19 9.78 261.54 1 11 4
264 58.11 18.25 7.28 327.02 10 23 5
265 61.66 23.19 26.14 364.71 23 48 4
266 45.10 11.85 39.84 264.32 17 22 1
267 28.47 81.43 49.17 406.75 14 30 2
268 21.65 49.23 14.94 348.15 8 47 2
269 31.11 50.54 36.98 489.87 15 18 5
270 84.20 6.27 8.53 279.89 23 46 4
271 46.17 73.21 39.06 286.27 18 32 3
272 89.81 61.74 47.56 146.92 24 43 5
273 73.67 3.01 41.27 389.22 9 10 4
274 36.33 96.01 33.53 431.91 13 28 5
275 52.03 76.55 45.50 72.96 11 32 5
276 8.88 57.38 0.31 451.06 21 35 5
277 73.81 2.46 3.40 306.88 16 37 3
278 82.46 30.43 5.60 389.98 13 25 4
279 97.19 8.49 0.15 195.80 0 42 5
280 98.44 89.75 8.34 264.83 18 29 3
281 5.46 68.33 12.40 147.30 8 38 4
282 26.03 6.57 37.49 252.70 4 36 4
283 96.34 91.34 47.14 122.49 22 41 5
284 65.58 47.80 22.07 366.29 8 45 1
285 85.56 34.38 39.31 76.83 15 36 1
286 83.11 80.85 11.64 130.53 14 28 3
287 83.40 4.32 17.76 485.07 0 33 1
288 32.12 66.85 49.56 492.85 20 28 5
289 13.14 20.68 47.78 352.94 16 29 4
290 30.93 17.31 13.02 82.71 9 28 3
291 90.84 37.38 40.26 497.93 7 17 1
292 88.50 43.16 25.76 250.49 18 39 5
293 70.24 39.29 48.35 219.23 9 10 3
294 81.84 90.88 11.60 117.02 9 9 4
295 45.79 33.61 11.68 446.02 23 44 2
296 80.63 6.43 8.43 480.36 9 33 5
297 97.47 11.97 37.12 338.35 20 23 2
298 77.60 35.43 46.52 451.63 6 33 2
299 42.07 58.33 33.92 385.94 18 20 2
300 16.19 1.85 42.87 274.01 8 45 4
1 167.78 3610.58 1
2 151.04 4765.09 2
3 170.11 4987.54 3
4 184.98 2796.05 4
5 191.23 4289.02 5
6 112.48 4700.11 4
1 1.49 40.05 4
2 1.52 39.64 5
3 1.33 36.70 3
4 1.25 40.32 6
5 1.87 25.27 4
6 1.33 44.99 4
7 1.24 28.69 4
8 1.17 26.77 2
9 1.16 33.71 2
10 1.52 33.84 3
