Data for Vehicle routing problem with drones - Author: Huyen Do Thi Ngoc
Number of depots: 1
Number of cities: 400
Number of trucks: 2
Number of drones: 2
Area: 100 100 50
Customer maximum demand: 500
Max capacity of truck: 200
Max energy of truck: 5000
Max capacity of drone: 2
Max energy of drone: 50
1 83.13 2.62 44.83
1 11.04 61.72 24.28 391.40 3 43 1
2 82.91 23.73 42.86 127.70 12 34 1
3 74.54 12.35 14.63 82.86 19 40 1
4 93.66 10.82 20.42 205.24 9 39 1
5 89.95 35.50 24.26 144.33 13 41 1
6 33.48 93.67 2.13 431.80 2 27 1
7 78.95 43.23 13.15 195.60 7 36 1
8 81.81 81.49 25.16 333.09 14 32 1
9 41.96 84.96 25.43 220.35 9 10 1
10 49.11 47.42 48.59 346.04 11 39 1
11 40.64 85.21 17.29 333.74 6 23 1
12 94.87 1.85 47.95 72.31 24 33 1
13 61.05 16.76 35.34 186.92 0 0 1
14 79.59 48.47 49.93 102.75 23 45 1
15 81.55 97.58 34.81 434.33 4 48 1
16 38.06 52.48 33.28 165.28 7 28 1
17 9.35 82.13 34.43 339.72 9 34 1
18 47.34 29.20 22.67 112.76 21 21 1
19 13.36 42.60 6.12 315.11 17 23 1
20 74.62 76.58 43.00 130.26 15 15 1
21 88.96 71.28 19.96 161.25 4 46 1
22 55.90 12.71 47.37 399.05 8 27 1
23 16.62 31.87 28.74 489.86 12 38 1
24 58.24 68.48 29.29 211.40 21 25 1
25 15.40 49.41 26.51 395.53 2 47 1
26 1.45 50.14 25.25 272.11 11 48 1
27 44.71 10.01 4.26 336.43 11 31 1
28 29.71 87.55 8.18 219.41 15 18 1
29 68.99 38.33 20.09 454.28 7 18 1
30 50.89 18.47 38.64 296.69 20 35 1
31 57.23 22.01 31.53 317.08 0 43 1
32 26.63 89.42 15.66 104.84 21 26 1
33 25.20 85.36 38.65 316.70 23 26 1
34 18.25 93.39 41.01 222.07 15 44 1
35 36.24 23.21 29.26 85.98 7 39 1
36 59.79 66.43 29.00 225.72 1 40 1
37 2.21 43.34 27.62 471.34 12 44 1
38 80.67 42.51 10.10 184.94 21 30 1
39 3.43 2.58 15.44 419.19 21 44 1
40 17.50 29.56 47.44 178.69 1 29 1
41 65.97 25.62 34.40 76.00 21 43 1
42 25.07 71.29 39.79 189.18 22 48 1
43 8.68 51.40 48.65 318.05 3 21 1
44 83.43 59.04 23.02 132.08 3 43 1
45 66.14 23.84 49.33 454.97 14 29 1
46 43.31 6.37 11.64 73.02 8 46 1
47 94.00 82.78 44.27 402.33 13 38 1
48 98.21 32.13 48.00 490.03 11 12 1
49 74.76 46.09 43.26 77.81 10 25 1
50 61.91 45.86 41.37 141.52 20 27 1
51 62.98 55.76 26.81 389.59 2 10 1
52 46.22 94.45 28.12 386.23 10 24 1
53 45.68 48.64 9.81 248.02 18 46 1
54 78.47 5.90 36.81 499.51 3 33 1
55 6.27 93.30 13.54 326.08 19 45 1
56 38.88 68.42 29.91 361.74 3 45 1
57 89.70 78.94 46.97 235.60 17 18 1
58 40.18 32.04 10.62 462.64 12 36 1
59 19.45 76.22 44.38 484.67 4 27 1
60 86.07 34.80 35.39 319.02 0 42 1
61 98.58 32.06 11.81 143.42 24 35 1
62 25.60 95.75 45.33 182.42 23 44 1
63 64.37 49.38 37.77 205.45 13 42 1
64 18.34 71.59 29.35 491.60 24 47 1
65 69.01 13.62 44.41 194.00 11 34 1
66 72.98 53.24 8.72 71.49 21 41 1
67 82.09 76.27 41.74 74.77 14 15 1
68 28.03 50.74 17.24 339.98 2 46 1
69 57.45 68.83 25.73 422.99 14 28 1
70 52.83 74.33 12.14 233.13 21 48 1
71 22.91 61.56 22.92 54.43 4 35 1
72 3.84 13.36 11.51 476.60 12 39 1
73 43.30 82.03 44.74 335.78 17 25 1
74 89.08 84.57 29.64 494.39 12 24 1
75 8.56 66.05 2.94 75.36 1 16 1
76 8.92 16.39 38.74 444.07 16 32 1
77 92.04 48.54 5.67 178.85 11 32 1
78 50.85 86.92 6.16 174.71 21 38 1
79 77.90 55.34 43.59 367.00 12 35 1
80 89.30 67.15 46.86 291.78 22 32 1
81 83.72 35.75 11.56 375.34 1 7 1
82 82.58 13.70 19.85 126.09 2 7 1
83 4.85 83.25 29.60 81.19 0 41 1
84 89.11 35.04 24.40 403.29 21 35 1
85 84.14 15.26 8.50 77.52 9 12 1
86 20.33 3.99 9.38 344.34 3 6 1
87 88.23 9.89 37.21 221.69 2 37 1
88 97.36 32.20 3.76 265.44 22 46 1
89 65.27 12.89 12.14 192.91 12 21 1
90 53.51 72.85 0.95 406.09 11 26 1
91 95.38 37.80 26.97 382.11 19 22 1
92 75.27 9.98 22.64 160.08 10 28 1
93 63.00 57.15 15.67 319.80 3 17 1
94 3.00 0.47 15.51 361.08 12 33 1
95 65.33 76.49 14.73 158.84 23 29 1
96 32.66 68.46 27.23 112.18 12 40 1
97 96.12 93.99 42.66 275.32 3 9 1
98 23.60 84.18 44.68 159.22 20 37 1
99 47.37 61.12 44.47 256.89 12 32 1
100 87.20 13.68 23.99 249.16 6 41 1
101 34.03 42.79 10.63 111.28 5 21 1
102 58.64 86.74 11.98 238.24 21 28 1
103 45.88 57.25 34.58 445.87 18 34 1
104 86.09 30.36 30.04 193.94 21 26 1
105 41.38 34.75 41.87 82.13 3 13 1
106 8.87 5.43 43.91 377.45 4 10 1
107 19.11 77.42 29.78 278.67 5 37 1
108 95.41 38.27 11.48 274.98 1 36 1
109 91.44 33.83 14.88 121.60 13 27 1
110 82.30 35.67 49.38 417.54 12 34 1
111 60.23 48.93 34.29 428.98 9 48 1
112 24.59 30.23 16.63 374.90 23 31 1
113 50.97 99.19 6.23 395.16 8 8 1
114 37.70 34.09 41.48 493.01 20 38 1
115 12.19 64.78 22.00 257.31 17 48 1
116 17.94 88.89 1.92 369.17 20 38 1
117 95.16 87.44 37.92 229.15 22 31 1
118 0.72 14.08 27.33 296.67 23 26 1
119 32.34 22.20 49.54 55.36 22 32 1
120 68.47 1.75 3.96 226.70 16 20 1
121 86.85 67.59 24.05 313.91 4 45 1
122 56.95 71.94 15.66 414.71 20 46 1
123 37.93 92.12 48.87 226.43 12 15 1
124 73.46 77.30 6.15 187.14 1 33 1
125 7.05 6.83 11.08 193.80 18 42 1
126 75.85 49.42 30.30 163.69 7 7 1
127 31.23 32.78 21.42 441.23 19 36 1
128 93.83 58.46 20.04 162.01 6 12 1
129 74.73 0.33 15.71 338.05 7 13 1
130 15.66 97.62 33.50 145.78 15 33 1
131 1.02 83.14 25.18 361.09 7 29 1
132 45.51 56.43 49.91 171.22 6 8 1
133 84.79 21.51 18.92 116.85 20 33 1
134 59.13 97.72 49.30 274.46 7 26 1
135 23.32 76.73 46.81 220.87 20 47 1
136 50.28 76.99 19.33 229.95 18 42 1
137 75.58 1.35 19.02 413.64 12 38 1
138 48.71 0.77 3.76 498.82 9 21 1
139 79.22 30.96 35.88 123.57 11 31 1
140 46.61 20.11 3.27 420.87 13 31 1
141 14.32 12.47 38.24 478.31 5 44 1
142 99.36 27.93 15.88 394.13 17 18 1
143 92.19 57.87 7.99 228.12 19 34 1
144 33.64 68.88 46.40 65.76 5 34 1
145 68.13 74.08 3.66 257.18 1 26 1
146 70.12 5.21 4.41 247.55 19 19 1
147 18.75 6.01 10.36 300.44 18 42 1
148 87.44 42.87 31.91 92.84 18 41 1
149 13.76 80.71 19.17 64.38 15 35 1
150 62.43 15.85 23.43 289.86 18 36 1
151 81.82 63.61 42.82 236.40 6 16 1
152 27.33 52.28 37.39 121.55 3 30 1
153 91.19 92.55 39.03 490.00 13 47 1
154 82.55 96.50 25.39 468.32 21 22 1
155 7.74 5.58 48.55 71.87 19 28 1
156 17.27 0.78 7.75 303.17 7 14 1
157 32.45 34.46 32.46 184.14 11 18 1
158 46.63 58.76 45.51 51.27 8 18 1
159 80.96 40.77 41.68 199.01 1 34 1
160 97.90 50.72 9.29 243.50 4 22 1
161 80.36 37.26 5.07 283.41 11 26 1
162 38.47 53.06 48.72 309.21 11 33 1
163 30.77 70.43 8.38 133.98 9 42 1
164 5.19 66.93 25.38 470.37 19 23 1
165 59.73 73.23 37.01 70.66 15 44 1
166 19.61 58.32 36.43 291.52 22 48 1
167 57.99 45.91 48.64 70.35 3 30 1
168 42.81 26.53 37.78 272.61 23 46 1
169 9.42 72.76 24.69 344.40 8 40 1
170 98.95 93.90 29.90 258.49 15 24 1
171 92.05 64.10 10.03 288.30 9 26 1
172 8.24 9.50 21.89 167.79 11 14 1
173 95.34 69.00 21.57 201.62 0 48 1
174 40.97 26.04 1.49 427.20 6 21 1
175 57.02 88.35 22.56 73.53 17 45 1
176 83.71 77.45 20.35 395.00 17 38 1
177 27.53 10.21 8.81 348.01 21 43 1
178 63.16 73.48 21.28 313.89 22 24 1
179 37.02 72.96 20.91 254.39 16 41 1
180 65.83 45.92 10.62 131.36 18 38 1
181 90.15 71.77 3.03 381.42 0 44 1
182 16.79 5.31 38.98 316.05 8 10 1
183 58.36 98.64 46.96 224.57 1 3 1
184 54.66 72.36 6.42 454.72 22 43 1
185 16.70 80.11 28.13 258.42 2 40 1
186 35.12 22.27 15.50 444.40 11 36 1
187 62.24 25.47 26.91 159.61 11 20 1
188 61.26 91.29 49.21 83.81 5 23 1
189 47.27 81.00 48.24 445.98 23 34 1
190 92.52 20.29 18.42 493.61 11 29 1
191 30.97 88.64 7.20 291.30 15 22 1
192 18.27 59.14 6.45 351.42 21 40 1
193 5.47 94.45 29.00 110.35 16 32 1
194 44.85 63.38 22.52 333.95 14 28 1
195 95.49 50.49 12.03 300.67 9 43 1
196 92.59 61.89 36.34 177.96 19 44 1
197 98.70 98.06 8.24 65.65 11 44 1
198 11.47 83.69 27.05 302.99 17 18 1
199 10.19 30.69 6.87 167.53 6 12 1
200 79.61 50.93 36.80 407.22 15 25 1
201 54.03 83.75 23.77 368.93 14 29 1
202 89.39 50.46 25.92 104.61 21 36 1
203 97.80 89.52 32.58 377.20 4 38 1
204 13.36 49.03 3.62 179.81 3 40 1
205 65.18 34.21 31.80 414.33 24 40 1
206 41.60 75.76 46.64 232.63 9 23 1
207 97.39 47.18 10.96 97.63 24 42 1
208 67.88 23.70 27.10 458.05 13 16 1
209 12.53 85.47 4.80 335.11 20 23 1
210 33.17 11.72 45.92 54.27 18 43 1
211 31.82 18.04 24.13 69.38 22 31 1
212 1.22 87.85 16.43 497.63 13 48 1
213 35.32 41.87 32.96 152.41 14 28 1
214 71.02 71.35 43.38 262.40 3 29 1
215 2.30 32.30 45.70 133.26 0 8 1
216 83.45 8.63 34.99 347.84 19 41 1
217 11.33 28.00 1.95 223.89 11 31 1
218 39.23 31.63 38.75 282.69 14 35 1
219 26.85 68.03 23.60 101.47 24 24 1
220 9.78 98.50 28.67 70.11 3 45 1
221 82.99 14.16 6.63 89.03 11 27 1
222 78.06 65.45 16.69 146.77 6 21 1
223 89.42 1.65 35.17 197.92 4 19 1
224 51.77 31.72 30.23 156.38 13 33 1
225 41.30 63.30 4.25 109.36 20 23 1
226 39.50 60.74 7.28 108.42 7 43 1
227 66.37 40.77 26.14 399.90 24 35 1
228 98.80 20.01 44.11 495.40 23 47 1
229 69.63 81.24 24.44 183.02 10 47 1
230 56.59 37.18 0.41 364.30 21 26 1
231 26.80 26.85 19.06 305.01 21 26 1
232 7.56 35.03 2.97 100.66 12 12 1
233 72.00 6.80 36.93 150.60 23 30 1
234 76.04 20.75 24.42 222.33 16 21 1
235 80.12 98.46 2.03 173.64 9 39 1
236 16.93 32.35 23.35 317.08 16 44 1
237 38.62 61.89 4.65 359.42 3 29 1
238 28.53 97.85 24.73 305.07 24 27 1
239 96.32 99.02 12.35 168.29 17 19 1
240 57.36 81.22 17.33 458.20 18 26 1
241 44.38 8.24 30.90 145.10 19 20 1
242 49.32 8.09 40.35 74.17 21 38 1
243 49.79 42.23 19.26 396.99 21 38 1
244 24.48 7.23 3.16 279.49 15 40 1
245 65.95 14.33 8.49 139.47 6 21 1
246 37.16 72.02 30.39 285.79 0 19 1
247 66.38 28.55 25.25 299.71 16 39 1
248 34.05 52.06 16.42 346.19 3 23 1
249 86.02 43.40 6.18 210.24 4 38 1
250 40.68 54.99 11.54 353.41 20 44 1
251 37.24 5.72 45.78 118.82 22 30 1
252 6.18 94.21 35.89 254.54 16 40 1
253 52.93 55.99 7.62 267.36 2 48 1
254 6.14 65.69 22.93 264.92 8 48 1
255 62.80 63.10 16.43 118.01 3 14 1
256 40.54 40.05 36.65 393.06 8 29 1
257 0.36 39.36 37.60 449.39 20 34 1
258 22.55 58.29 48.99 220.27 1 8 1
259 32.25 19.97 26.26 149.67 16 47 1
260 0.76 78.85 33.98 50.31 1 48 1
261 38.76 2.30 5.20 263.03 2 26 1
262 44.60 85.50 31.19 129.12 12 37 1
263 58.09 71.58 2.89 218.00 13 29 1
264 75.66 16.70 22.43 251.57 4 15 1
265 11.47 5.50 6.31 226.38 14 34 1
266 14.57 55.53 41.38 314.01 7 7 1
267 41.76 26.16 32.07 312.16 0 2 1
268 33.05 0.94 15.82 112.26 19 29 1
269 65.16 78.88 17.79 116.34 10 10 1
270 32.49 58.59 8.38 295.26 23 45 1
271 95.18 35.68 32.67 335.01 5 27 1
272 72.37 26.34 39.97 436.58 23 38 1
273 72.84 19.68 41.28 187.64 4 28 1
274 63.26 61.86 33.68 268.45 7 44 1
275 80.91 22.89 4.30 287.82 17 37 1
276 98.54 14.01 44.65 264.22 22 35 1
277 21.00 6.30 16.12 308.73 2 38 1
278 58.18 78.13 29.75 459.38 18 47 1
279 47.68 19.60 28.89 447.32 23 47 1
280 40.40 31.03 25.72 397.48 1 33 1
281 75.23 44.43 29.09 57.13 18 22 1
282 15.82 3.36 46.25 314.52 14 45 1
283 56.05 78.81 8.37 117.64 18 36 1
284 34.88 91.29 22.96 407.47 13 48 1
285 73.75 71.53 8.19 440.16 21 22 1
286 43.88 28.59 3.65 256.83 13 27 1
287 33.90 20.94 23.17 137.45 19 28 1
288 18.72 7.11 39.72 134.97 12 36 1
289 76.03 50.43 28.63 129.04 21 23 1
290 63.37 29.40 19.15 187.96 23 33 1
291 45.41 17.72 24.04 373.19 15 29 1
292 37.22 85.99 34.80 408.60 18 45 1
293 14.04 37.43 38.07 321.28 6 15 1
294 91.67 1.42 18.38 218.87 4 5 1
295 4.91 7.93 25.41 371.12 23 24 1
296 82.34 48.93 11.53 476.46 0 31 1
297 58.97 32.43 3.53 315.78 15 28 1
298 77.02 86.40 14.83 135.26 23 30 1
299 14.03 85.11 36.06 110.39 7 38 1
300 29.39 35.25 30.63 114.91 15 36 1
301 29.70 78.89 40.76 149.07 20 27 1
302 60.47 83.00 19.76 493.92 4 47 1
303 68.34 13.73 17.07 142.96 12 21 1
304 87.76 71.61 14.61 479.17 0 8 1
305 48.99 9.64 16.22 139.40 15 15 1
306 0.49 9.75 36.20 366.84 17 27 1
307 43.77 32.00 3.89 426.71 11 47 1
308 34.20 62.29 40.45 247.63 5 6 1
309 64.41 97.23 4.04 187.86 18 45 1
310 7.03 14.05 21.66 160.74 24 46 1
311 8.89 48.45 43.41 473.55 1 5 1
312 76.07 57.81 30.33 271.07 11 26 1
313 77.60 92.13 10.69 117.73 5 21 1
314 81.57 26.12 35.79 368.35 13 31 1
315 20.51 55.04 17.11 294.13 21 22 1
316 4.46 21.36 37.92 485.43 8 24 1
317 54.80 77.66 29.75 436.34 24 40 1
318 46.32 7.11 7.62 297.37 5 22 1
319 58.39 95.13 0.37 281.92 23 26 1
320 47.87 51.76 46.09 296.27 20 36 1
321 4.61 19.78 37.84 213.88 4 5 1
322 44.49 80.29 21.79 299.29 20 37 1
323 41.24 49.51 20.59 310.75 2 21 1
324 49.51 88.95 36.67 322.79 12 44 1
325 67.95 95.89 24.50 438.86 19 23 1
326 42.41 77.18 22.56 375.46 10 30 1
327 26.63 48.60 12.03 219.26 23 47 1
328 8.17 86.67 35.72 455.16 4 15 1
329 42.90 54.27 7.45 250.26 22 39 1
330 79.53 9.72 6.22 434.29 12 27 1
331 40.26 34.30 25.04 114.03 11 19 1
332 16.65 41.56 32.21 469.75 3 36 1
333 95.89 50.01 32.90 174.07 2 3 1
334 83.02 77.25 15.36 369.57 20 24 1
335 54.25 11.08 39.38 98.64 0 31 1
336 85.09 63.13 6.20 441.64 19 30 1
337 39.28 34.43 37.98 88.24 5 22 1
338 7.83 3.79 28.01 64.71 14 21 1
339 59.99 10.78 5.64 76.59 9 40 1
340 37.17 49.56 20.59 160.76 20 30 1
341 5.75 50.09 11.27 189.02 9 44 1
342 14.45 26.11 6.83 465.44 11 27 1
343 9.63 21.35 4.41 452.99 9 15 1
344 81.43 46.48 32.73 155.36 11 36 1
345 52.11 90.06 24.61 137.62 14 25 1
346 53.12 28.37 33.99 142.82 5 23 1
347 25.82 38.87 35.81 239.98 23 35 1
348 94.64 62.83 31.49 139.36 1 4 1
349 1.18 68.68 19.94 78.11 5 24 1
350 22.05 82.63 20.47 169.67 10 44 1
351 10.10 27.89 7.44 239.01 1 40 1
352 9.76 78.71 3.81 246.42 14 27 1
353 39.68 3.56 4.10 219.74 5 25 1
354 82.08 47.08 1.14 327.06 21 21 1
355 91.22 77.31 48.20 126.56 19 35 1
356 59.88 88.54 46.19 84.68 21 21 1
357 51.98 91.76 23.91 143.34 18 45 1
358 11.34 49.38 12.13 163.03 12 33 1
359 69.42 92.70 28.85 81.54 7 29 1
360 16.83 27.17 2.41 180.72 23 24 1
361 10.98 39.03 6.61 65.67 5 40 1
362 4.04 68.35 10.49 232.64 13 40 1
363 76.40 79.12 35.91 111.12 0 25 1
364 78.79 45.89 4.43 174.18 19 48 1
365 34.51 41.29 47.21 238.05 4 40 1
366 68.76 63.79 29.50 368.01 16 35 1
367 15.26 75.93 48.41 102.46 1 5 1
368 43.50 16.66 41.64 364.09 11 39 1
369 32.33 56.31 36.48 200.00 9 34 1
370 22.90 9.45 44.74 297.87 13 36 1
371 3.79 53.13 6.18 167.75 8 39 1
372 86.89 51.87 20.63 356.26 9 14 1
373 29.70 82.63 15.43 487.47 15 16 1
374 26.71 26.20 29.91 55.73 20 34 1
375 7.83 27.07 38.44 260.73 17 45 1
376 93.90 25.43 31.61 393.77 7 12 1
377 83.61 24.03 19.32 407.21 4 40 1
378 59.01 10.34 40.63 317.19 2 11 1
379 42.38 70.27 7.06 293.85 19 19 1
380 47.71 25.62 47.32 286.12 20 47 1
381 9.28 48.51 24.01 161.02 18 37 1
382 23.55 12.77 36.50 409.34 18 40 1
383 93.70 30.92 0.31 228.45 21 21 1
384 77.38 31.69 47.10 438.13 4 19 1
385 43.85 57.00 38.13 474.34 20 43 1
386 82.07 32.43 26.62 239.56 5 14 1
387 37.22 39.04 45.72 366.54 11 11 1
388 32.04 43.53 7.64 116.56 15 32 1
389 56.67 72.69 49.78 306.66 17 44 1
390 37.11 58.93 29.21 176.56 18 28 1
391 48.42 38.36 44.60 460.16 6 23 1
392 80.20 96.48 41.40 432.65 5 23 1
393 66.40 97.66 29.91 405.41 24 39 1
394 78.78 89.63 16.68 217.57 16 35 1
395 42.83 99.86 17.09 281.60 7 39 1
396 94.12 21.12 2.95 90.87 19 34 1
397 17.52 48.80 15.61 265.39 15 38 1
398 28.61 76.51 40.90 111.43 19 48 1
399 44.76 22.55 16.79 151.64 23 39 1
400 13.15 59.37 11.18 377.24 13 15 1
1 110.12 4340.42 1
2 185.13 2577.97 1
1 1.57 36.29 1
2 1.64 48.31 2
