Data for Vehicle routing problem with drones - Author: Huyen Do Thi Ngoc
Number of depots: 2
Number of cities: 100
Number of trucks: 4
Number of drones: 11
Area: 100 100 50
Customer maximum demand: 500
Max capacity of truck: 200
Max energy of truck: 5000
Max capacity of drone: 2
Max energy of drone: 50
1 7.76 29.44 26.18
2 64.91 89.46 16.51
1 78.54 2.65 20.73 439.91 5 15 2
2 83.28 42.68 31.95 484.03 21 46 1
3 44.56 73.06 4.51 379.38 15 31 2
4 8.47 27.05 32.77 376.00 8 11 2
5 66.89 52.79 20.46 271.76 11 45 2
6 98.65 94.90 6.28 316.97 18 46 2
7 54.05 82.86 31.50 199.83 4 22 1
8 56.01 78.45 47.65 437.42 13 20 1
9 42.66 96.21 32.22 105.99 10 19 2
10 92.75 92.70 14.28 177.46 6 33 1
11 65.66 60.04 8.13 180.41 11 44 1
12 83.42 57.16 11.54 371.14 18 19 1
13 25.24 42.98 49.19 333.28 20 32 2
14 33.92 28.22 27.11 236.17 21 33 2
15 86.12 73.26 19.41 308.97 4 9 2
16 62.60 44.49 3.53 133.64 3 25 1
17 12.24 2.66 39.95 327.48 22 43 2
18 88.41 52.72 35.90 56.98 15 40 1
19 4.48 17.47 33.50 278.43 22 36 2
20 15.81 57.51 11.53 392.06 9 44 1
21 29.06 91.38 8.79 432.74 6 13 1
22 13.03 67.75 40.30 364.55 12 24 2
23 90.53 89.27 11.38 405.38 21 32 2
24 95.95 44.81 45.45 225.13 1 7 1
25 27.11 9.94 26.92 214.59 22 46 1
26 90.89 71.30 45.40 373.93 24 28 2
27 54.67 96.63 5.76 266.00 22 27 1
28 58.07 90.23 14.42 441.99 7 22 1
29 30.91 14.50 0.27 233.99 4 20 1
30 77.64 76.56 46.78 425.93 24 38 2
31 1.17 4.62 30.10 149.43 22 27 1
32 24.47 90.85 36.85 139.80 21 25 1
33 61.94 48.36 48.46 74.91 2 35 1
34 98.50 21.23 40.13 340.86 12 43 2
35 32.00 19.01 2.08 368.28 13 39 1
36 27.30 10.89 19.83 186.70 19 22 2
37 95.56 3.57 18.59 149.13 5 35 2
38 96.73 42.34 24.88 191.32 24 28 2
39 27.12 21.77 32.96 65.39 15 39 2
40 3.22 35.12 24.32 159.23 1 29 1
41 45.24 93.95 21.63 60.40 19 44 1
42 3.01 65.47 5.51 455.47 17 43 2
43 98.04 56.18 33.99 137.35 18 19 2
44 0.83 53.17 5.95 458.98 1 21 2
45 1.66 87.79 34.64 469.08 21 46 1
46 3.48 48.05 23.18 179.86 23 31 2
47 68.81 41.59 11.30 404.56 4 36 2
48 0.49 32.05 37.30 375.15 24 30 2
49 2.38 75.92 38.45 366.56 23 45 1
50 49.80 21.61 27.96 94.72 7 46 1
51 53.67 76.83 0.05 412.12 15 26 1
52 4.87 15.06 10.26 494.91 24 39 2
53 40.39 70.22 10.42 202.89 15 34 2
54 3.96 11.77 2.83 443.84 6 35 1
55 17.87 12.03 12.51 272.05 18 26 2
56 54.26 45.66 29.11 139.01 17 30 1
57 18.06 56.90 33.24 137.85 20 45 2
58 96.56 69.17 14.51 479.34 1 27 2
59 3.97 62.32 26.04 313.25 15 44 1
60 79.70 42.41 27.48 154.70 6 33 2
61 43.03 58.49 13.44 241.95 3 16 1
62 78.04 63.00 33.74 276.74 20 38 1
63 64.01 77.31 45.01 369.08 15 44 1
64 7.46 80.96 39.69 492.21 5 44 1
65 1.21 24.76 18.54 297.97 24 46 1
66 21.66 6.88 42.16 51.69 6 22 2
67 56.93 33.57 25.68 253.35 4 24 2
68 13.68 57.82 23.32 489.48 23 45 1
69 9.85 47.07 1.57 346.70 11 18 1
70 61.54 70.49 40.49 438.45 14 32 2
71 56.54 58.73 9.14 350.82 4 22 2
72 30.44 42.96 34.83 254.24 2 30 2
73 10.66 19.16 48.38 263.44 15 46 1
74 8.60 13.92 1.07 463.79 19 43 1
75 70.84 4.07 14.53 442.84 0 24 1
76 24.37 81.69 4.30 127.77 3 22 2
77 77.51 22.60 24.68 369.23 5 46 2
78 75.15 87.62 29.36 311.82 20 24 2
79 79.67 24.66 11.17 304.70 9 38 2
80 19.58 85.26 0.21 360.94 9 26 1
81 79.69 36.67 4.52 284.94 23 32 1
82 69.56 75.10 14.43 80.89 21 34 1
83 96.92 7.21 37.06 141.27 1 34 2
84 54.79 21.48 20.65 231.43 20 20 2
85 8.25 71.58 27.42 169.25 6 21 1
86 31.07 96.62 46.31 117.63 1 27 2
87 9.77 51.99 43.79 262.85 16 16 1
88 37.38 42.37 48.20 341.14 11 46 2
89 41.28 4.30 45.89 130.36 10 14 2
90 45.72 16.02 0.16 438.81 15 39 2
91 14.52 29.79 36.09 384.89 20 31 1
92 5.52 65.01 6.08 370.47 7 23 2
93 99.02 11.74 41.90 66.66 15 26 1
94 19.88 26.94 28.93 68.94 6 13 1
95 18.53 14.33 13.70 289.68 14 17 1
96 31.13 81.48 8.20 317.01 16 45 1
97 20.46 48.87 40.24 134.59 15 28 1
98 37.89 18.35 0.22 405.37 13 46 2
99 80.77 72.88 1.58 463.59 17 25 1
100 62.27 13.09 15.06 441.23 7 20 2
1 156.29 3592.18 1
2 104.29 4369.70 2
3 170.02 3280.96 2
4 182.28 3620.72 1
1 1.90 36.50 1
2 1.63 45.54 3
3 1.57 39.60 1
4 1.56 28.89 3
5 1.97 31.71 2
6 1.78 32.96 3
7 1.76 49.44 3
8 1.29 40.33 1
9 1.35 43.23 4
10 1.21 31.72 3
11 1.00 43.34 1
