Data for Vehicle routing problem with drones - Author: Huyen Do Thi Ngoc
Number of depots: 5
Number of cities: 300
Number of trucks: 10
Number of drones: 10
Area: 100 100 50
Customer maximum demand: 500
Max capacity of truck: 200
Max energy of truck: 5000
Max capacity of drone: 2
Max energy of drone: 50
1 81.99 25.78 35.57
2 50.33 35.21 12.25
3 39.53 6.39 6.00
4 10.46 75.21 24.29
5 9.09 57.39 25.53
1 28.36 98.13 49.26 337.40 2 19 5
2 44.65 76.20 20.89 307.45 15 46 1
3 46.52 42.28 49.72 353.15 21 24 2
4 10.20 44.22 35.88 275.14 19 31 1
5 14.43 67.18 11.20 262.56 2 27 3
6 39.64 62.42 3.01 213.38 8 28 3
7 33.90 28.88 16.38 415.41 0 5 3
8 41.16 61.96 40.59 283.92 23 43 2
9 8.74 4.84 49.27 327.11 12 27 4
10 40.66 5.17 37.10 401.92 20 37 1
11 90.06 9.99 31.52 494.32 18 45 1
12 27.69 26.70 30.63 160.48 17 36 5
13 8.22 87.11 7.99 244.09 0 3 2
14 92.98 7.48 31.48 75.85 9 19 5
15 86.34 13.49 27.60 175.98 9 46 5
16 64.28 84.42 43.63 97.31 10 47 1
17 85.76 41.65 44.68 143.45 8 12 5
18 34.32 78.75 16.91 179.12 13 30 2
19 13.44 8.99 4.42 66.89 5 46 2
20 98.67 49.23 12.13 75.99 2 31 5
21 36.68 42.33 38.70 371.83 4 15 1
22 70.71 76.55 13.13 139.43 1 45 2
23 73.92 79.38 23.54 452.31 13 46 3
24 59.44 7.25 17.89 121.75 17 38 1
25 23.60 86.45 16.45 258.44 23 28 1
26 33.15 56.79 24.68 353.15 16 18 5
27 53.08 76.34 15.28 430.33 14 17 1
28 85.21 69.76 36.21 334.68 16 30 2
29 3.55 64.92 30.82 142.99 23 47 1
30 6.66 94.01 0.02 297.10 0 47 5
31 10.95 81.21 25.05 176.33 14 17 5
32 79.86 32.14 45.37 65.80 7 14 1
33 66.01 2.93 20.02 327.17 22 36 4
34 14.38 61.55 12.68 366.27 16 31 5
35 57.81 2.80 35.46 313.99 24 42 1
36 20.98 52.60 48.78 392.78 5 43 3
37 89.83 28.77 31.97 367.79 18 30 1
38 68.50 88.16 36.81 497.98 5 24 5
39 20.03 85.47 20.80 350.28 4 4 2
40 36.98 33.16 14.53 164.97 10 19 4
41 77.75 24.40 18.64 152.60 24 42 5
42 52.53 23.83 1.80 204.03 6 44 4
43 55.13 9.85 10.06 232.66 5 12 1
44 72.88 68.31 49.19 131.55 0 20 5
45 98.31 52.68 49.55 53.75 8 26 2
46 98.94 28.76 17.27 308.58 6 43 3
47 85.59 72.32 8.21 80.54 21 28 5
48 54.21 78.68 17.25 180.27 24 35 1
49 97.64 12.64 21.73 170.75 9 16 3
50 14.29 86.41 19.55 373.38 16 31 4
51 28.01 61.46 30.49 325.30 17 32 2
52 74.55 35.43 15.49 384.34 6 42 2
53 91.18 59.50 27.50 459.71 2 17 5
54 59.70 54.68 1.15 280.24 20 28 2
55 47.98 27.52 21.51 416.45 11 39 1
56 51.29 21.40 33.06 475.73 1 16 2
57 56.93 18.19 4.76 471.06 1 9 4
58 2.09 32.22 19.36 355.42 11 47 2
59 74.58 6.58 44.17 444.56 23 35 3
60 83.45 78.62 1.31 122.08 5 40 5
61 45.03 15.11 16.43 326.87 13 39 4
62 41.51 80.77 29.00 145.57 8 13 5
63 48.01 55.10 27.96 240.73 23 47 4
64 73.27 2.89 38.55 199.02 19 40 4
65 26.19 38.58 25.63 316.67 13 48 2
66 97.09 48.36 24.32 315.02 24 36 1
67 28.44 51.60 12.45 70.57 18 36 4
68 36.03 98.99 39.36 93.67 14 32 3
69 97.98 49.89 30.79 344.87 9 28 1
70 65.68 2.21 36.30 130.13 16 38 2
71 74.43 60.40 16.20 435.30 7 17 5
72 60.72 66.55 24.23 70.69 23 41 5
73 61.62 91.40 30.08 479.76 9 34 5
74 90.26 48.03 13.59 165.87 16 48 2
75 25.51 33.61 47.01 287.40 7 34 4
76 91.67 57.07 28.85 343.12 5 16 5
77 67.67 71.15 40.33 339.70 19 24 4
78 68.49 14.71 25.28 330.34 22 27 4
79 21.27 47.97 7.45 164.48 19 28 3
80 33.47 20.14 48.86 427.69 17 38 4
81 39.53 96.89 16.91 404.08 20 23 5
82 26.53 6.14 32.06 260.64 21 33 1
83 79.71 21.57 40.63 305.62 23 46 3
84 71.69 67.12 39.50 385.01 14 26 4
85 81.98 11.06 6.81 258.37 5 17 1
86 90.97 3.48 26.44 415.81 11 35 5
87 8.51 11.74 33.08 299.96 13 35 2
88 24.12 36.19 17.48 202.53 13 23 2
89 14.97 0.75 22.14 405.75 2 4 4
90 16.69 44.37 0.68 103.83 9 40 5
91 44.61 22.76 17.34 310.61 10 23 3
92 25.39 87.81 7.65 365.30 9 17 2
93 94.26 18.93 10.29 115.45 14 29 3
94 76.97 10.74 26.97 412.91 1 17 4
95 54.83 59.26 36.80 310.99 2 45 1
96 97.72 88.14 7.91 57.28 20 22 1
97 80.73 50.51 33.14 422.38 19 26 4
98 81.60 81.62 10.34 394.05 0 25 4
99 77.43 78.17 3.11 429.39 12 37 1
100 74.48 41.23 27.79 81.62 19 22 4
101 84.52 30.44 6.39 465.15 11 36 4
102 46.32 70.50 9.12 293.73 6 9 1
103 78.56 40.59 5.19 205.90 0 39 3
104 0.91 14.97 45.72 189.86 2 19 4
105 22.44 54.37 18.16 201.73 20 41 2
106 9.92 83.25 13.63 81.87 3 24 1
107 70.90 43.04 32.81 320.04 9 27 2
108 2.04 87.95 20.88 119.13 17 20 4
109 63.01 22.17 4.08 483.63 19 27 5
110 5.55 15.47 35.15 229.58 14 40 4
111 99.00 51.21 7.83 454.90 12 17 1
112 96.27 80.48 32.59 239.40 1 22 4
113 92.28 54.14 2.09 446.51 11 28 1
114 78.86 28.60 11.54 162.81 19 36 4
115 36.02 47.31 43.58 323.89 23 41 3
116 55.70 34.04 46.40 356.40 4 48 2
117 20.63 45.71 8.37 52.94 0 7 2
118 39.60 29.72 2.51 172.28 11 22 5
119 63.92 56.06 27.52 450.15 5 39 1
120 6.50 95.69 3.07 64.79 18 31 4
121 74.83 10.50 29.14 130.55 18 33 4
122 66.71 81.68 38.26 155.77 19 47 4
123 45.19 84.50 4.88 452.30 16 42 5
124 28.18 81.71 13.91 442.47 16 35 4
125 71.27 75.43 22.77 233.82 3 30 3
126 92.59 20.70 19.05 177.15 2 19 5
127 89.74 46.38 29.02 325.29 16 27 4
128 56.56 6.14 49.22 129.86 11 44 1
129 53.89 97.19 16.46 476.42 10 31 4
130 79.78 29.67 35.04 335.23 2 19 1
131 55.05 56.22 25.57 183.47 17 36 2
132 59.02 34.20 8.24 293.64 5 16 3
133 1.28 11.73 5.81 460.42 23 46 1
134 33.18 61.65 23.19 460.33 8 46 4
135 19.56 57.81 35.85 112.61 5 16 2
136 96.92 14.82 15.16 410.05 2 31 2
137 44.44 7.24 11.40 490.89 1 46 4
138 91.48 50.90 6.73 244.70 16 37 2
139 75.03 0.51 7.14 247.86 17 31 4
140 70.30 51.25 35.99 415.97 23 36 5
141 97.21 52.52 1.41 239.80 24 45 1
142 66.54 95.68 32.31 221.31 8 27 1
143 63.50 24.29 38.03 116.91 23 35 3
144 77.88 26.15 18.49 411.11 7 10 1
145 24.74 19.36 10.05 227.27 6 10 4
146 61.40 61.75 27.52 167.07 16 17 4
147 84.62 6.88 41.60 371.54 7 35 3
148 31.46 22.99 49.08 198.29 23 29 2
149 6.31 34.47 29.62 210.67 3 39 1
150 6.07 96.55 7.57 169.32 3 5 4
151 75.04 61.39 18.19 127.05 4 9 3
152 8.57 99.67 11.97 206.29 11 15 2
153 14.35 1.54 12.60 71.67 24 35 2
154 88.46 93.78 31.56 296.61 9 20 1
155 20.94 14.02 3.98 285.99 6 48 1
156 53.99 15.47 3.97 147.46 5 31 1
157 8.18 63.18 23.35 116.23 11 26 3
158 64.60 1.85 22.22 479.81 22 34 4
159 47.17 52.03 8.93 456.59 5 40 1
160 79.93 63.95 24.61 448.78 12 12 4
161 0.99 11.97 28.84 239.58 1 30 2
162 55.42 81.91 36.14 255.93 13 45 4
163 73.76 99.82 15.40 310.68 3 12 3
164 29.88 85.97 27.80 101.16 10 35 1
165 3.63 43.44 45.69 181.87 19 28 5
166 24.57 80.64 47.70 253.31 14 19 1
167 73.60 81.16 17.14 284.63 8 26 1
168 59.84 39.43 38.51 270.18 8 39 2
169 7.89 8.63 12.40 349.96 12 46 1
170 51.23 41.48 20.79 352.75 22 25 1
171 65.25 81.65 14.56 245.14 17 20 4
172 17.78 68.25 28.29 307.77 20 28 2
173 14.17 34.96 12.10 458.44 8 16 1
174 84.38 78.01 15.90 91.06 13 17 2
175 68.96 38.74 42.16 488.50 0 3 3
176 98.44 23.92 4.50 258.63 3 5 5
177 81.49 9.04 3.81 292.88 20 46 5
178 36.60 11.51 44.39 188.28 11 46 2
179 93.10 54.29 38.18 482.35 8 33 2
180 64.59 37.87 46.03 303.77 23 24 2
181 27.51 75.54 38.13 318.79 7 30 5
182 90.25 24.36 42.65 361.27 20 37 2
183 43.20 95.54 6.11 87.74 11 44 3
184 28.78 82.05 44.70 60.15 6 17 3
185 46.96 46.03 34.95 198.25 22 41 4
186 46.38 24.08 40.33 453.02 4 22 2
187 42.71 10.87 40.72 146.22 8 34 5
188 91.74 48.85 30.53 299.69 0 19 4
189 76.49 2.37 35.72 311.97 3 23 4
190 25.06 11.94 26.92 490.04 14 30 3
191 86.27 34.77 22.70 457.40 0 29 5
192 30.63 17.36 19.53 376.96 10 41 4
193 63.24 27.84 37.96 494.39 22 42 2
194 16.14 78.61 11.81 291.14 6 47 2
195 2.06 98.94 16.01 415.72 3 28 1
196 98.49 54.31 19.91 73.01 12 45 2
197 52.70 11.58 21.45 295.24 24 32 4
198 24.51 44.89 39.66 385.11 6 39 2
199 2.16 9.96 32.08 489.90 9 44 1
200 93.36 12.65 1.95 468.47 14 43 2
201 86.22 80.41 27.05 359.32 5 24 1
202 41.71 8.74 28.96 151.22 20 39 2
203 17.43 94.06 22.94 138.45 18 32 3
204 52.21 95.36 36.98 310.52 9 22 3
205 41.57 16.05 36.53 301.32 3 47 3
206 49.50 32.91 41.15 380.13 19 46 2
207 59.33 43.76 29.92 275.93 16 47 4
208 37.53 27.23 39.76 384.79 0 27 3
209 42.95 66.99 18.82 179.75 22 29 1
210 60.01 29.95 8.52 50.26 11 33 3
211 43.97 3.32 5.33 227.49 17 18 3
212 70.18 97.10 41.19 429.97 22 38 4
213 16.96 1.09 38.83 345.48 16 26 3
214 86.98 0.19 19.91 80.74 8 30 2
215 36.46 70.69 32.85 457.85 4 18 5
216 5.17 67.72 31.28 300.70 21 29 3
217 17.29 22.79 15.56 91.94 12 30 3
218 34.93 6.72 23.53 484.15 16 22 2
219 52.98 96.64 39.64 484.22 4 30 3
220 84.60 30.05 27.00 137.85 24 43 3
221 12.90 75.09 37.21 370.49 15 17 1
222 33.71 23.41 22.61 160.37 8 12 4
223 94.22 24.84 44.52 406.84 3 33 4
224 58.78 30.77 39.89 81.48 0 39 4
225 66.68 88.68 16.98 166.95 19 39 2
226 8.06 61.50 34.51 178.70 13 28 5
227 95.34 43.11 41.15 320.29 9 48 1
228 5.24 19.64 44.87 432.52 6 28 5
229 58.98 82.50 43.15 308.79 20 23 5
230 71.26 44.68 10.89 126.20 24 26 1
231 44.74 34.03 45.77 306.39 0 40 5
232 38.41 27.83 14.44 132.96 4 11 1
233 70.16 8.20 35.03 494.99 12 14 5
234 38.80 11.24 22.55 70.95 20 34 1
235 81.88 79.32 32.94 432.59 14 41 3
236 51.38 35.86 34.71 270.63 3 12 2
237 36.70 96.67 37.37 143.86 11 35 5
238 10.57 59.47 18.53 201.01 14 34 4
239 33.79 49.18 13.59 334.51 8 14 3
240 96.89 86.15 3.83 149.97 9 11 5
241 92.31 81.20 38.53 451.11 11 20 3
242 88.26 6.58 13.84 443.84 21 21 1
243 95.02 68.32 18.76 492.49 13 45 2
244 29.62 15.05 27.86 378.09 15 33 2
245 62.25 40.05 5.98 430.43 23 45 4
246 50.01 16.94 14.09 375.98 24 31 5
247 5.25 5.70 16.45 477.61 18 48 5
248 40.21 76.65 2.20 122.60 15 26 3
249 62.30 51.52 49.64 439.47 22 46 2
250 71.90 33.30 47.30 186.98 11 29 5
251 38.85 98.85 38.86 443.68 9 14 2
252 12.15 48.54 31.06 499.97 13 15 2
253 12.21 65.66 17.03 457.10 2 32 1
254 12.69 56.92 30.96 412.43 0 1 1
255 70.14 11.65 9.11 236.94 17 42 5
256 68.95 11.34 45.89 327.94 11 20 1
257 75.52 72.96 32.82 291.06 4 48 5
258 67.43 53.11 10.36 474.49 10 10 4
259 75.37 16.49 9.08 249.98 21 42 2
260 63.07 93.44 31.55 287.01 8 42 2
261 26.24 25.73 24.56 415.56 24 42 1
262 68.68 23.91 41.49 282.58 4 4 1
263 15.64 8.16 43.00 303.15 22 42 1
264 9.01 41.70 16.27 407.97 1 13 4
265 38.48 17.40 1.78 94.12 13 45 5
266 25.46 57.40 25.68 70.10 2 37 5
267 82.90 3.44 21.80 296.49 11 48 3
268 73.50 22.91 5.11 497.10 8 14 3
269 48.96 15.23 26.53 330.41 13 18 1
270 21.68 17.82 42.70 421.78 4 24 4
271 54.82 56.85 40.03 469.45 9 39 1
272 27.93 68.10 15.85 498.26 4 34 3
273 33.18 3.83 1.42 388.07 24 30 2
274 73.26 95.22 32.31 55.69 10 16 3
275 61.12 31.54 22.66 469.48 21 26 4
276 89.78 57.91 40.50 276.23 15 43 3
277 82.29 6.35 3.60 103.18 5 18 4
278 94.81 60.25 2.56 478.24 24 36 1
279 94.64 87.81 14.93 347.06 22 25 2
280 94.56 41.16 17.72 178.69 3 15 5
281 6.30 45.24 17.22 267.61 14 28 1
282 98.22 87.42 25.84 491.34 4 34 1
283 70.33 21.91 48.41 198.04 19 35 1
284 85.80 95.44 22.15 445.93 21 21 5
285 8.00 91.05 45.55 234.48 18 45 3
286 71.80 65.74 22.09 123.23 17 34 2
287 37.03 15.39 25.15 197.10 15 16 2
288 86.82 7.71 3.41 65.22 15 24 5
289 58.57 88.26 4.02 359.26 10 25 1
290 64.55 42.24 31.29 170.78 9 28 1
291 6.49 8.43 32.98 193.58 23 29 4
292 27.38 20.98 36.92 448.09 10 40 2
293 84.12 53.66 5.41 413.21 15 37 2
294 5.51 99.97 0.65 51.42 7 47 2
295 98.58 38.38 27.22 456.13 11 42 1
296 42.33 42.40 44.09 317.99 22 31 4
297 38.85 69.56 24.70 450.83 8 29 5
298 96.26 15.30 13.86 267.55 7 47 3
299 20.75 70.64 21.64 118.94 5 48 1
300 54.50 99.80 2.94 231.00 21 41 5
1 195.44 4538.21 1
2 153.36 3992.59 2
3 194.44 3691.85 3
4 120.26 2818.62 4
5 174.92 3855.39 5
6 159.30 2919.32 2
7 127.48 3770.15 5
8 170.58 4362.77 1
9 159.88 4234.13 1
10 197.66 4254.15 2
1 1.93 44.53 7
2 1.13 36.65 10
3 1.34 25.57 5
4 1.96 26.10 8
5 1.55 49.20 9
6 1.05 32.52 6
7 1.36 29.39 9
8 1.51 33.76 4
9 1.16 30.64 6
10 1.34 26.64 10
