Data for Vehicle routing problem with drones - Author: Huyen Do Thi Ngoc
Number of depots: 1
Number of cities: 500
Number of trucks: 6
Number of drones: 11
Area: 100 100 50
Customer maximum demand: 500
Max capacity of truck: 200
Max energy of truck: 5000
Max capacity of drone: 2
Max energy of drone: 50
1 16.07 83.58 38.99
1 24.31 82.76 30.44 363.22 6 6 1
2 9.89 5.37 43.85 179.70 9 19 1
3 5.07 21.06 3.48 164.19 3 15 1
4 57.07 60.25 32.25 220.47 12 47 1
5 22.84 23.38 5.58 145.90 19 39 1
6 10.35 27.42 42.53 260.90 7 42 1
7 12.86 78.97 5.16 442.30 3 32 1
8 49.68 42.55 46.70 249.73 9 34 1
9 47.19 13.00 8.14 251.53 11 11 1
10 79.78 96.36 7.75 393.39 22 27 1
11 24.33 53.98 25.03 316.18 13 14 1
12 24.29 92.15 38.67 285.05 3 12 1
13 48.47 75.71 38.08 470.00 14 39 1
14 48.19 11.21 49.28 377.00 14 42 1
15 73.48 96.41 47.20 486.83 5 24 1
16 10.85 45.24 13.72 155.79 10 42 1
17 25.28 26.68 40.36 421.90 24 48 1
18 64.44 74.10 8.41 120.53 17 47 1
19 53.12 75.23 2.73 68.34 1 12 1
20 69.01 36.57 21.78 426.60 15 19 1
21 7.64 21.21 40.73 125.26 20 37 1
22 95.62 82.31 27.23 404.43 0 36 1
23 30.29 49.32 47.31 449.13 17 17 1
24 23.46 46.25 47.27 84.66 3 8 1
25 13.25 58.70 3.66 434.07 4 39 1
26 24.57 15.26 27.33 102.47 2 19 1
27 45.33 26.40 41.52 475.89 7 29 1
28 21.71 18.36 36.31 367.93 8 43 1
29 52.99 11.49 21.84 462.12 13 14 1
30 60.61 41.56 5.99 300.75 5 35 1
31 45.93 44.37 2.62 207.57 9 10 1
32 99.28 29.84 22.76 341.36 3 20 1
33 66.05 19.61 11.55 55.50 21 47 1
34 33.75 12.43 29.72 231.32 12 41 1
35 97.47 27.70 35.24 360.51 3 15 1
36 97.81 0.56 21.00 100.73 19 25 1
37 85.69 67.45 18.70 277.59 20 34 1
38 74.62 29.42 41.41 329.90 11 29 1
39 37.24 28.13 10.59 268.78 17 39 1
40 0.24 52.08 47.07 129.81 0 13 1
41 2.54 11.99 2.27 284.76 4 48 1
42 51.18 23.39 42.36 303.50 4 20 1
43 61.20 56.80 23.73 182.74 7 42 1
44 85.77 15.32 32.34 378.69 23 40 1
45 85.54 92.18 16.04 133.23 21 30 1
46 70.09 81.61 10.68 52.38 12 21 1
47 57.61 15.91 0.94 152.61 7 34 1
48 57.45 75.79 2.54 421.40 17 23 1
49 16.13 33.64 31.55 289.89 4 5 1
50 77.11 35.02 40.07 482.53 10 24 1
51 60.27 57.74 18.47 70.33 9 17 1
52 7.14 94.19 34.61 388.07 10 10 1
53 41.03 58.52 28.70 385.73 1 30 1
54 40.93 58.74 9.41 114.36 5 32 1
55 0.49 17.01 2.89 120.51 4 25 1
56 53.29 26.83 44.83 326.93 9 39 1
57 66.84 74.13 42.22 381.38 1 21 1
58 91.71 94.76 27.84 271.03 24 41 1
59 61.47 91.33 44.86 53.27 16 44 1
60 28.13 34.82 9.72 484.76 7 18 1
61 74.71 15.35 42.88 307.08 24 32 1
62 96.07 67.13 28.84 239.87 16 37 1
63 96.88 83.14 24.50 342.46 9 23 1
64 45.75 42.81 30.58 448.97 19 29 1
65 50.53 48.14 33.88 231.98 11 24 1
66 75.38 62.84 24.21 273.77 19 22 1
67 54.99 60.57 33.38 319.11 19 21 1
68 43.46 47.31 16.39 134.35 12 30 1
69 99.90 19.90 18.53 342.89 2 30 1
70 34.85 71.38 45.36 67.53 8 44 1
71 19.57 74.65 46.25 66.00 19 19 1
72 52.35 5.68 28.50 395.62 21 35 1
73 58.99 92.68 14.10 207.06 4 35 1
74 67.20 5.17 36.34 405.35 16 41 1
75 76.86 51.67 38.72 475.62 7 16 1
76 61.90 38.39 36.13 152.93 8 19 1
77 29.55 37.97 42.07 53.92 2 5 1
78 83.83 26.52 22.63 258.29 1 2 1
79 7.46 98.48 17.02 177.69 1 33 1
80 79.23 5.62 47.29 123.23 2 6 1
81 94.85 15.18 45.57 470.43 14 23 1
82 57.38 67.66 34.18 187.44 1 9 1
83 81.60 87.52 37.07 266.54 12 46 1
84 39.97 60.67 33.52 322.65 1 34 1
85 36.89 38.20 19.69 104.86 10 33 1
86 84.47 30.45 32.13 103.37 14 28 1
87 92.16 77.26 2.55 399.81 16 40 1
88 37.18 41.11 18.69 239.61 16 38 1
89 67.59 20.62 48.57 164.90 20 47 1
90 76.76 17.55 47.38 52.35 4 38 1
91 86.49 27.19 42.68 393.20 24 48 1
92 53.57 34.42 41.30 313.21 19 25 1
93 45.24 10.47 34.45 125.70 0 39 1
94 87.50 80.14 19.50 163.21 13 25 1
95 14.64 44.60 47.55 234.55 8 17 1
96 67.11 34.68 39.90 298.98 22 24 1
97 85.63 68.30 25.77 94.76 17 28 1
98 78.35 42.18 48.74 256.64 10 19 1
99 15.76 2.91 15.15 447.34 20 39 1
100 36.49 22.88 34.97 405.37 6 42 1
101 0.50 51.63 47.45 349.16 4 33 1
102 80.74 8.87 1.04 358.36 5 30 1
103 7.84 27.44 11.03 322.53 2 40 1
104 3.49 58.74 32.18 221.02 21 24 1
105 33.19 14.84 28.55 159.31 21 28 1
106 47.79 29.48 38.91 386.68 18 25 1
107 11.13 88.95 13.21 384.45 21 25 1
108 33.21 53.87 33.71 286.42 0 34 1
109 51.63 0.95 15.59 389.23 8 8 1
110 37.84 12.87 0.01 370.00 18 26 1
111 37.37 69.73 16.08 467.64 15 47 1
112 14.66 81.95 30.10 57.60 11 30 1
113 42.42 12.28 24.35 200.15 9 34 1
114 50.06 75.64 45.10 341.99 6 15 1
115 18.88 99.39 47.61 226.55 21 29 1
116 86.77 15.51 37.35 191.98 23 23 1
117 84.74 48.66 25.93 207.45 15 41 1
118 12.47 17.82 2.68 495.12 23 43 1
119 87.35 97.96 35.81 474.35 8 17 1
120 68.21 59.27 25.81 325.30 4 4 1
121 99.26 73.57 29.26 61.43 18 18 1
122 20.75 31.11 44.67 283.18 4 12 1
123 45.98 78.99 16.46 254.41 22 28 1
124 21.12 14.72 43.58 279.56 5 35 1
125 32.69 16.40 6.18 336.35 13 22 1
126 57.13 92.98 15.70 245.20 19 28 1
127 30.30 68.76 46.06 104.27 7 9 1
128 78.10 32.27 37.19 393.56 20 35 1
129 57.58 25.77 6.21 320.10 16 28 1
130 53.99 49.94 22.49 418.17 11 27 1
131 26.18 88.93 39.73 92.23 1 24 1
132 88.24 89.63 32.35 146.83 8 41 1
133 70.81 3.40 29.45 360.76 20 45 1
134 8.23 12.26 7.66 55.18 18 29 1
135 98.77 78.96 25.44 309.41 3 35 1
136 88.97 70.28 36.27 309.60 20 31 1
137 83.52 96.19 7.92 386.34 20 39 1
138 42.06 36.61 5.21 304.33 10 27 1
139 44.98 2.35 3.66 278.11 9 25 1
140 6.64 91.15 1.20 393.68 23 47 1
141 79.79 7.57 6.83 180.15 11 13 1
142 29.86 50.21 9.49 317.36 1 16 1
143 3.58 72.90 37.30 457.46 19 41 1
144 28.52 27.63 15.36 344.42 1 29 1
145 12.53 61.83 22.06 233.77 23 40 1
146 29.93 44.00 2.62 362.41 7 28 1
147 3.07 69.82 30.34 457.89 20 44 1
148 41.27 85.00 42.65 447.70 21 30 1
149 17.56 74.30 35.96 434.90 0 10 1
150 67.70 37.82 27.40 121.17 3 9 1
151 35.68 18.98 0.99 162.34 5 20 1
152 19.16 64.32 44.66 473.63 16 35 1
153 65.49 60.93 29.39 365.68 13 35 1
154 13.17 91.79 32.56 144.60 10 44 1
155 83.04 31.90 7.45 335.36 17 30 1
156 49.01 11.00 42.12 332.06 10 47 1
157 66.42 68.38 2.21 345.27 7 30 1
158 51.13 59.05 38.84 347.84 22 41 1
159 19.95 59.44 10.73 335.83 7 38 1
160 1.79 89.90 29.93 104.03 18 42 1
161 14.45 70.64 3.60 120.67 3 47 1
162 37.66 26.13 40.30 151.98 23 28 1
163 97.13 18.66 28.74 57.93 5 16 1
164 5.72 64.87 34.87 166.28 8 46 1
165 34.95 94.73 27.54 353.01 15 43 1
166 3.64 65.36 4.13 83.10 16 31 1
167 67.47 64.44 26.73 252.63 10 39 1
168 56.13 36.34 41.35 96.09 12 26 1
169 24.19 27.88 20.90 275.31 18 38 1
170 59.11 25.04 19.06 456.97 19 27 1
171 12.62 42.53 11.86 118.02 22 41 1
172 4.35 86.93 16.43 482.92 14 40 1
173 61.57 76.11 35.02 125.08 7 17 1
174 43.87 1.03 43.32 55.26 10 32 1
175 70.32 61.23 40.91 426.28 3 32 1
176 96.63 30.89 27.45 352.99 18 39 1
177 31.24 73.98 41.39 365.40 16 43 1
178 0.34 9.52 24.06 494.88 13 34 1
179 94.45 98.46 31.89 425.39 24 36 1
180 59.25 36.61 5.86 362.20 10 15 1
181 39.92 36.25 47.47 81.11 5 23 1
182 51.06 98.93 25.08 159.36 21 29 1
183 80.99 23.19 6.30 122.03 19 26 1
184 70.73 97.48 24.41 202.19 13 16 1
185 68.10 49.79 41.67 497.69 7 20 1
186 84.20 12.70 2.51 397.63 13 23 1
187 70.76 19.58 42.11 236.41 15 25 1
188 98.70 75.94 18.90 71.33 12 12 1
189 41.27 57.42 23.12 419.87 4 45 1
190 26.97 22.97 7.07 78.75 8 41 1
191 23.37 0.21 5.98 174.86 5 36 1
192 99.96 41.80 3.39 221.80 21 40 1
193 31.56 38.99 14.84 144.94 21 43 1
194 62.35 4.25 42.28 416.26 17 34 1
195 82.17 84.09 14.99 154.82 7 13 1
196 50.13 75.07 33.54 147.99 0 1 1
197 92.48 36.77 7.04 112.66 9 18 1
198 19.70 45.18 23.84 379.84 20 48 1
199 50.61 43.69 28.59 157.71 13 19 1
200 78.28 19.34 26.31 52.83 19 35 1
201 59.56 98.16 33.37 313.38 24 35 1
202 47.63 13.53 39.28 185.45 20 39 1
203 68.73 53.22 23.10 432.91 16 35 1
204 98.82 34.49 39.64 406.83 12 37 1
205 29.16 95.67 18.92 285.61 2 13 1
206 31.68 20.51 4.17 295.49 1 2 1
207 21.61 22.34 36.73 57.34 10 14 1
208 23.75 41.71 47.60 488.23 20 28 1
209 70.76 79.33 17.20 77.52 19 21 1
210 53.47 48.21 30.13 56.18 0 39 1
211 89.85 34.76 34.10 458.42 5 29 1
212 29.27 64.34 9.12 477.66 0 18 1
213 26.20 10.36 22.83 271.80 6 38 1
214 81.40 40.10 49.09 159.51 8 46 1
215 73.37 51.77 40.09 197.69 24 30 1
216 79.98 28.39 14.45 199.03 7 40 1
217 49.60 42.06 5.63 160.73 2 41 1
218 17.34 91.62 3.09 252.81 7 42 1
219 33.71 41.87 2.88 467.45 13 20 1
220 96.98 65.28 49.03 435.47 11 17 1
221 27.36 7.61 16.19 305.88 16 21 1
222 23.57 10.48 26.95 234.48 5 16 1
223 44.62 92.25 41.33 283.66 15 23 1
224 63.28 61.69 9.41 213.62 12 31 1
225 33.10 83.31 12.51 232.12 0 17 1
226 40.24 65.39 32.14 224.79 12 34 1
227 19.67 70.63 30.59 142.93 7 35 1
228 29.36 98.22 47.14 55.05 6 38 1
229 74.41 56.86 25.32 495.11 1 17 1
230 27.18 88.84 33.75 391.19 3 20 1
231 82.30 95.14 9.49 91.69 13 25 1
232 50.61 32.05 26.35 339.48 22 38 1
233 49.89 99.52 34.00 461.90 12 38 1
234 27.35 79.98 31.18 100.76 1 14 1
235 69.94 53.18 28.58 146.31 0 25 1
236 65.68 22.47 12.08 280.97 8 17 1
237 5.60 34.24 5.36 466.33 7 39 1
238 26.24 34.79 32.13 219.54 16 26 1
239 3.77 20.62 49.60 127.02 20 29 1
240 23.04 65.63 20.01 444.70 18 41 1
241 95.34 19.90 6.19 447.55 18 22 1
242 22.58 14.70 15.29 495.34 9 26 1
243 5.13 53.13 16.59 422.39 13 34 1
244 33.27 14.92 9.80 396.02 22 23 1
245 24.63 20.86 4.46 90.15 11 16 1
246 81.37 69.53 2.18 283.74 21 47 1
247 98.47 13.67 18.96 116.82 22 33 1
248 99.98 34.02 18.15 398.74 18 46 1
249 8.64 87.50 48.96 487.89 8 33 1
250 87.13 2.82 43.72 140.82 22 40 1
251 1.46 90.79 37.63 243.38 12 34 1
252 37.03 96.94 25.08 386.94 6 15 1
253 86.37 14.35 37.14 479.42 14 18 1
254 75.94 64.17 18.53 369.76 18 35 1
255 99.82 43.67 15.57 205.37 13 29 1
256 61.27 8.86 4.72 362.36 1 19 1
257 72.10 98.93 38.30 287.31 18 41 1
258 27.34 39.38 3.66 222.45 21 34 1
259 24.17 16.63 35.12 431.10 8 24 1
260 33.38 64.74 2.18 142.91 4 6 1
261 28.34 77.17 4.00 368.15 16 32 1
262 48.81 91.55 25.30 298.17 0 2 1
263 19.92 99.97 16.49 89.77 8 37 1
264 0.73 84.40 5.50 469.18 16 34 1
265 89.90 17.14 46.29 479.38 8 23 1
266 18.12 37.23 19.01 437.22 21 42 1
267 80.20 90.50 38.90 212.85 13 36 1
268 96.81 96.06 25.48 232.33 5 40 1
269 11.77 38.60 24.38 446.58 4 40 1
270 95.41 25.36 28.30 268.36 24 48 1
271 19.30 81.07 5.33 139.40 24 35 1
272 84.25 55.49 46.39 247.67 14 42 1
273 60.84 37.56 49.20 401.08 21 31 1
274 16.29 41.38 37.40 288.01 7 12 1
275 1.28 41.27 17.52 306.13 4 7 1
276 41.05 81.46 40.98 218.78 3 26 1
277 22.98 39.30 21.98 359.65 16 40 1
278 50.27 8.13 28.95 339.23 22 38 1
279 50.57 58.35 0.16 443.77 23 38 1
280 24.91 46.41 10.87 110.87 4 28 1
281 89.76 7.84 34.66 266.13 7 34 1
282 4.44 86.59 14.58 378.09 23 25 1
283 35.68 47.24 46.05 291.26 15 35 1
284 9.87 77.23 26.53 340.29 3 32 1
285 87.49 72.40 33.52 301.80 21 25 1
286 36.56 47.82 32.98 437.20 4 24 1
287 62.49 96.75 38.52 248.93 17 46 1
288 78.81 30.23 46.89 237.11 19 26 1
289 46.09 21.92 15.82 419.34 8 11 1
290 28.06 51.20 46.42 446.14 13 34 1
291 74.61 55.99 20.37 63.57 17 45 1
292 94.91 90.35 19.16 179.98 1 13 1
293 57.78 14.50 28.26 390.81 14 23 1
294 63.69 61.18 31.16 200.91 9 31 1
295 32.59 32.38 33.30 391.70 5 20 1
296 99.23 72.81 6.33 497.60 12 24 1
297 93.74 91.69 22.51 84.21 22 46 1
298 77.23 33.32 24.65 95.82 21 35 1
299 81.82 42.99 31.50 77.52 14 38 1
300 58.45 71.89 47.48 255.13 0 23 1
301 29.03 67.45 42.95 487.84 14 43 1
302 24.79 69.80 32.91 131.34 4 15 1
303 59.29 67.10 44.05 362.63 11 19 1
304 31.33 42.35 10.17 112.10 19 19 1
305 22.00 31.62 35.67 313.64 15 27 1
306 74.51 15.31 13.78 305.30 12 34 1
307 13.81 63.41 14.79 192.45 10 36 1
308 80.46 25.77 36.42 427.52 3 26 1
309 18.26 76.12 41.91 417.23 4 16 1
310 64.74 61.45 42.43 416.54 4 39 1
311 55.77 70.99 31.65 230.95 5 39 1
312 67.36 65.31 18.80 434.21 21 31 1
313 64.89 88.16 38.82 264.86 0 7 1
314 76.03 0.21 27.10 337.42 7 31 1
315 26.53 86.85 24.15 211.77 19 25 1
316 13.74 99.84 3.79 146.43 10 45 1
317 32.43 16.45 35.11 374.84 17 21 1
318 17.62 84.87 32.07 286.70 23 39 1
319 97.80 63.64 24.91 380.11 18 31 1
320 69.42 30.37 14.32 420.57 10 34 1
321 52.09 19.22 18.17 195.58 24 45 1
322 92.34 71.75 47.42 391.15 18 43 1
323 63.58 2.40 16.88 293.99 5 27 1
324 4.88 49.17 18.90 83.97 10 46 1
325 95.55 53.39 33.86 468.68 5 43 1
326 34.39 13.90 0.47 280.20 24 42 1
327 98.26 67.54 20.15 151.49 18 41 1
328 46.81 94.86 17.26 235.61 9 21 1
329 69.80 20.82 0.53 366.59 8 24 1
330 98.55 87.92 18.99 295.53 13 13 1
331 62.96 75.07 40.70 491.33 12 41 1
332 78.94 50.65 39.78 444.63 2 3 1
333 62.01 74.49 17.40 188.98 12 29 1
334 75.75 59.88 16.08 395.72 22 41 1
335 42.70 80.87 2.67 223.81 1 6 1
336 4.84 1.81 27.69 297.81 3 3 1
337 73.19 71.59 1.92 410.63 23 32 1
338 68.25 42.69 18.60 228.30 1 40 1
339 71.19 50.31 10.73 134.55 16 21 1
340 60.86 47.04 32.38 142.07 16 45 1
341 59.38 26.81 23.27 128.72 11 22 1
342 16.67 67.85 2.21 485.65 23 36 1
343 33.72 69.05 18.75 189.58 5 29 1
344 2.88 6.54 36.58 497.42 2 31 1
345 12.99 98.37 20.47 281.39 13 18 1
346 21.72 89.69 29.00 189.55 19 29 1
347 58.09 80.15 30.49 70.74 5 25 1
348 28.87 51.33 41.00 280.75 18 26 1
349 1.86 58.87 46.02 440.07 16 35 1
350 52.52 4.93 39.21 417.01 22 36 1
351 64.10 1.68 1.72 310.00 5 13 1
352 91.66 17.48 34.71 326.54 7 12 1
353 86.41 18.60 6.94 378.23 5 19 1
354 5.92 90.20 34.37 181.77 3 6 1
355 88.25 3.40 41.27 202.61 16 40 1
356 1.50 47.58 7.28 386.03 23 36 1
357 89.45 24.15 27.90 103.45 14 22 1
358 57.41 31.15 29.30 267.45 23 29 1
359 63.62 20.20 12.97 71.54 21 24 1
360 59.24 64.67 37.66 490.23 6 28 1
361 35.28 82.78 23.29 187.74 10 24 1
362 59.78 84.21 1.78 477.02 3 36 1
363 98.31 42.59 34.42 165.56 14 37 1
364 99.46 89.91 24.12 347.66 9 20 1
365 66.49 4.55 6.00 413.60 19 48 1
366 48.91 78.97 17.52 376.65 14 47 1
367 15.99 65.67 12.34 478.98 18 22 1
368 18.53 86.37 22.02 369.98 8 25 1
369 65.65 72.24 40.61 497.04 21 31 1
370 78.75 96.35 18.88 436.18 17 24 1
371 59.21 52.18 17.92 286.31 23 26 1
372 85.85 41.65 27.96 301.00 10 26 1
373 14.04 29.24 22.65 72.89 1 32 1
374 4.28 68.82 7.70 459.53 13 47 1
375 34.93 41.03 25.59 163.91 9 37 1
376 67.39 42.97 38.40 190.63 0 4 1
377 75.90 2.47 21.01 156.27 8 10 1
378 68.83 64.03 28.46 293.31 12 12 1
379 78.49 37.51 36.73 134.57 17 22 1
380 73.69 30.52 35.72 101.82 9 42 1
381 7.61 81.12 23.55 183.40 9 16 1
382 73.71 58.24 17.16 170.00 14 26 1
383 84.46 49.75 18.41 105.13 23 35 1
384 14.85 91.19 8.36 144.02 8 41 1
385 91.26 56.84 23.94 452.24 24 38 1
386 11.12 41.74 11.85 432.55 12 47 1
387 39.51 25.04 16.22 341.81 4 32 1
388 9.71 97.80 32.33 181.65 3 47 1
389 15.04 70.85 40.11 97.44 6 16 1
390 33.05 74.42 17.18 236.91 6 15 1
391 4.11 30.38 2.19 471.91 16 46 1
392 80.36 45.99 28.67 433.83 17 19 1
393 35.39 97.17 14.35 382.53 10 27 1
394 39.63 71.38 5.76 81.63 3 41 1
395 26.14 4.46 14.40 246.14 19 40 1
396 33.48 67.59 26.44 281.71 13 37 1
397 10.97 48.17 40.12 439.11 11 18 1
398 8.53 29.20 12.72 220.74 1 47 1
399 26.85 60.08 42.92 308.42 20 43 1
400 31.91 12.89 17.05 284.25 23 23 1
401 57.41 34.44 16.89 219.77 22 44 1
402 62.90 91.50 3.87 380.04 10 21 1
403 34.40 97.74 6.24 283.74 6 42 1
404 76.07 36.67 15.22 130.24 22 47 1
405 84.99 48.61 15.73 245.43 24 39 1
406 28.81 65.59 23.20 164.42 21 33 1
407 58.13 95.81 32.43 214.66 9 27 1
408 4.90 90.80 13.85 65.17 9 11 1
409 92.06 68.72 34.20 169.48 19 41 1
410 77.39 36.75 11.94 274.98 0 29 1
411 18.64 52.65 34.20 486.80 17 45 1
412 59.52 41.22 21.04 357.73 5 10 1
413 34.22 43.30 47.80 80.93 2 40 1
414 12.14 59.92 30.73 177.31 23 33 1
415 81.09 34.29 30.14 311.96 2 14 1
416 14.66 29.68 27.75 416.12 3 5 1
417 0.96 6.65 2.27 155.11 24 41 1
418 90.94 53.17 39.56 149.47 24 45 1
419 39.00 65.37 38.78 352.14 3 38 1
420 10.10 91.09 41.71 231.51 1 44 1
421 66.17 43.10 21.04 217.58 3 35 1
422 19.87 62.59 23.23 173.23 15 15 1
423 46.74 15.97 42.92 121.60 12 42 1
424 34.68 29.65 23.62 152.90 5 20 1
425 50.12 7.07 31.17 466.98 0 2 1
426 5.46 43.24 16.39 309.57 13 21 1
427 29.66 36.57 46.46 413.43 13 18 1
428 37.92 81.40 9.62 385.60 12 21 1
429 71.16 52.19 8.61 377.64 21 26 1
430 57.37 72.10 12.95 411.46 24 44 1
431 24.21 68.13 41.85 344.99 0 30 1
432 23.21 77.74 41.97 373.17 15 17 1
433 91.04 14.19 45.65 54.98 15 20 1
434 49.58 82.62 12.28 188.18 4 19 1
435 33.59 94.60 15.29 238.13 14 30 1
436 72.09 53.39 36.66 60.00 24 25 1
437 2.72 74.03 17.82 190.70 1 16 1
438 80.62 32.17 15.65 289.90 0 44 1
439 74.43 61.75 32.94 456.54 17 39 1
440 43.79 70.22 44.39 471.61 7 11 1
441 7.97 30.77 21.14 374.81 16 39 1
442 5.98 99.59 12.85 219.20 10 24 1
443 80.49 29.67 23.90 287.83 19 44 1
444 10.69 81.74 14.84 323.83 8 8 1
445 59.19 20.38 47.15 85.49 6 25 1
446 45.67 17.91 46.98 342.90 2 2 1
447 84.48 24.26 28.36 118.90 17 48 1
448 97.72 40.71 25.98 457.20 23 36 1
449 7.12 97.83 22.43 147.70 12 28 1
450 29.39 15.37 35.89 284.39 17 48 1
451 81.77 61.76 35.81 303.46 8 47 1
452 2.09 96.95 33.45 227.60 23 34 1
453 20.56 60.32 11.02 225.92 4 33 1
454 79.12 62.42 10.06 65.13 12 48 1
455 13.89 71.78 37.95 466.64 3 41 1
456 34.83 99.62 24.05 75.15 1 13 1
457 26.54 37.96 11.06 281.64 22 43 1
458 90.71 97.61 4.80 92.54 19 45 1
459 33.31 62.14 5.16 334.34 10 46 1
460 15.78 19.46 36.08 382.57 18 26 1
461 60.50 19.63 47.93 167.45 19 26 1
462 2.91 76.78 29.27 269.40 1 25 1
463 57.78 83.37 29.32 211.28 1 19 1
464 1.11 42.82 43.94 356.96 24 48 1
465 80.16 95.59 16.38 269.47 23 37 1
466 14.03 3.46 34.53 153.66 1 35 1
467 91.97 30.04 36.65 427.58 20 31 1
468 53.41 3.02 27.81 471.35 21 48 1
469 70.53 38.65 28.85 231.38 14 22 1
470 20.00 92.64 4.08 264.39 5 21 1
471 29.59 16.49 8.94 66.79 23 43 1
472 9.94 68.39 16.14 498.01 1 21 1
473 12.97 18.49 31.67 99.27 11 44 1
474 50.71 51.12 2.18 474.71 22 25 1
475 90.83 92.83 13.90 474.40 24 27 1
476 85.00 52.09 10.60 367.79 6 11 1
477 69.19 58.16 30.31 375.21 11 30 1
478 78.51 67.73 10.51 289.65 9 43 1
479 65.12 63.02 41.75 112.08 18 25 1
480 26.47 80.51 6.63 71.41 8 14 1
481 12.00 19.41 49.24 170.45 11 11 1
482 26.01 83.70 18.86 81.89 2 17 1
483 76.03 85.49 42.28 440.69 2 22 1
484 45.33 36.46 3.34 427.71 0 20 1
485 73.51 57.16 7.94 317.50 6 16 1
486 10.87 90.49 8.94 294.93 6 14 1
487 78.67 97.73 25.92 201.66 16 34 1
488 48.75 57.15 6.20 408.98 12 37 1
489 72.73 30.82 17.71 241.23 17 47 1
490 46.74 23.52 43.47 335.34 21 45 1
491 32.63 79.96 42.74 123.12 23 38 1
492 21.98 63.90 15.38 413.49 15 15 1
493 58.77 66.60 3.42 117.78 1 42 1
494 23.13 94.85 4.67 198.96 24 24 1
495 57.68 87.96 5.04 467.56 24 39 1
496 79.07 48.78 1.61 195.74 18 29 1
497 47.47 26.21 2.10 109.93 6 31 1
498 58.59 21.11 44.83 178.34 9 40 1
499 13.54 85.15 3.20 174.40 16 16 1
500 34.71 37.85 0.25 204.82 16 47 1
1 170.29 4267.93 1
2 130.06 4162.42 1
3 163.43 3043.13 1
4 122.84 4453.63 1
5 142.73 3249.58 1
6 134.47 4012.12 1
1 1.26 39.69 2
2 1.06 38.66 3
3 1.99 35.63 3
4 1.85 26.93 5
5 1.30 33.66 1
6 1.31 32.96 5
7 1.65 46.45 6
8 1.28 39.81 5
9 1.13 45.74 5
10 1.69 43.61 6
11 1.40 25.64 1
