Data for Vehicle routing problem with drones - Author: Huyen Do Thi Ngoc
Number of depots: 3
Number of cities: 100
Number of trucks: 4
Number of drones: 4
Area: 100 100 50
Customer maximum demand: 500
Max capacity of truck: 200
Max energy of truck: 5000
Max capacity of drone: 2
Max energy of drone: 50
1 38.02 15.50 43.99
2 69.05 71.57 43.48
3 18.74 88.78 45.63
1 72.69 27.72 24.84 396.17 4 32 3
2 79.18 85.26 33.01 269.73 15 44 3
3 92.99 77.76 8.12 204.85 4 15 1
4 10.65 15.50 48.50 72.48 20 24 2
5 61.08 22.48 18.31 107.05 15 27 1
6 26.75 51.62 7.50 460.62 8 47 2
7 89.36 98.87 8.45 435.77 20 38 1
8 2.16 55.91 22.77 397.91 9 40 1
9 32.58 5.36 2.66 373.45 7 36 2
10 68.27 33.14 11.86 308.21 4 41 1
11 35.90 33.12 43.90 466.24 10 17 3
12 83.56 51.00 48.35 324.26 0 14 3
13 47.35 50.58 24.96 356.39 4 24 1
14 9.26 26.58 46.57 209.70 6 13 2
15 42.72 64.68 41.56 101.17 16 47 2
16 18.96 42.07 27.74 275.44 20 41 3
17 80.76 13.67 18.78 263.73 9 26 3
18 46.29 86.07 24.36 252.17 3 9 3
19 17.58 38.14 19.26 59.17 24 39 2
20 27.35 81.25 49.74 261.09 3 37 3
21 29.27 61.78 47.46 488.24 14 29 2
22 92.95 53.95 31.76 336.31 2 31 3
23 15.93 59.97 32.69 123.89 0 47 3
24 92.80 78.97 27.86 148.92 14 43 1
25 77.61 33.15 24.71 456.92 18 44 2
26 24.41 13.21 48.62 380.77 24 39 1
27 12.54 83.00 48.18 440.01 0 43 1
28 73.13 60.56 43.99 304.39 16 30 3
29 63.50 11.38 37.20 320.99 22 27 1
30 37.83 7.66 32.51 251.24 3 28 3
31 52.24 11.62 29.41 370.35 10 25 1
32 58.70 60.68 13.35 188.87 18 22 2
33 16.73 20.99 46.92 60.41 1 48 3
34 84.50 66.30 6.34 348.42 19 27 1
35 36.14 77.52 13.75 306.15 20 30 3
36 5.83 10.92 43.78 481.82 3 30 2
37 10.36 89.02 27.74 293.87 20 29 1
38 96.12 42.71 37.17 146.22 3 10 1
39 20.27 68.41 30.40 256.76 20 44 2
40 68.18 32.59 27.57 105.87 14 21 2
41 54.20 43.47 43.04 227.18 22 30 2
42 28.67 31.99 13.92 54.58 23 45 1
43 95.01 7.72 28.70 402.12 1 9 1
44 94.17 28.00 13.67 142.54 16 41 3
45 53.83 59.64 26.94 224.56 5 44 2
46 93.48 9.01 31.19 181.95 20 26 3
47 75.13 25.91 27.12 114.25 17 43 1
48 87.85 85.12 26.55 93.94 22 29 2
49 94.35 50.28 35.89 162.43 12 35 2
50 1.59 97.19 37.61 246.70 2 37 3
51 13.99 21.87 45.18 102.50 11 14 2
52 51.76 99.53 44.56 466.11 12 20 2
53 31.00 83.78 9.20 263.67 3 44 1
54 32.93 4.14 8.91 186.68 10 48 3
55 76.30 69.93 35.27 492.03 19 38 3
56 26.30 65.07 21.69 132.07 14 28 2
57 12.58 57.50 39.37 318.26 8 42 2
58 24.42 25.11 29.11 479.81 21 26 3
59 62.68 54.71 24.73 165.05 19 21 2
60 90.97 98.93 0.81 127.01 18 43 2
61 10.05 14.87 12.81 319.04 11 27 3
62 68.79 7.21 12.40 368.46 4 10 3
63 93.95 5.20 42.04 445.18 10 23 3
64 72.14 90.39 23.55 494.30 6 39 1
65 84.30 76.75 33.74 302.27 9 25 2
66 51.29 65.88 22.45 356.03 21 43 2
67 38.50 83.18 23.20 199.18 0 31 2
68 12.77 22.28 48.32 138.64 6 38 1
69 89.45 93.45 8.22 428.61 4 36 2
70 40.25 61.46 23.57 364.54 3 32 2
71 25.80 4.05 22.37 149.46 20 47 2
72 8.38 52.00 5.30 133.97 10 47 3
73 92.37 42.87 25.35 196.10 14 28 1
74 22.03 78.77 15.01 151.54 1 24 2
75 5.94 15.25 36.62 147.21 8 30 2
76 64.49 96.81 28.08 407.98 22 38 1
77 21.51 66.57 41.02 132.57 9 46 1
78 79.05 39.15 46.02 440.59 5 37 1
79 43.03 84.99 43.70 418.11 10 37 1
80 98.78 72.14 5.60 258.80 15 45 2
81 22.06 71.91 39.56 190.28 3 29 1
82 25.34 23.42 12.08 109.35 21 44 1
83 72.56 63.32 9.94 79.32 4 18 3
84 71.84 52.17 36.08 434.70 22 32 1
85 55.74 53.27 41.37 177.45 5 37 2
86 15.73 50.59 14.27 452.72 22 27 3
87 54.35 8.53 18.15 151.32 1 38 2
88 98.18 66.99 44.21 57.40 12 23 3
89 13.47 16.86 42.38 224.00 19 28 1
90 24.26 4.30 31.94 480.04 0 37 1
91 53.61 7.10 31.15 210.62 3 29 1
92 94.72 88.89 43.54 430.99 13 44 1
93 14.95 31.84 6.70 160.09 22 23 3
94 8.53 18.17 34.36 300.92 4 36 3
95 54.67 54.99 46.51 429.54 11 20 3
96 78.29 96.73 33.64 131.93 19 36 3
97 98.38 32.32 8.96 409.47 5 13 1
98 84.79 56.35 11.99 249.23 16 30 3
99 85.66 97.41 4.21 103.49 1 36 1
100 8.81 13.76 24.40 230.33 11 13 3
1 105.30 3551.16 1
2 177.15 3528.77 2
3 187.29 4072.13 3
4 189.39 4142.63 2
1 1.13 38.93 1
2 1.46 32.64 3
3 1.74 45.18 3
4 1.11 37.71 4
