Data for Vehicle routing problem with drones - Author: Huyen Do Thi Ngoc
Number of depots: 2
Number of cities: 500
Number of trucks: 3
Number of drones: 4
Area: 100 100 50
Customer maximum demand: 500
Max capacity of truck: 200
Max energy of truck: 5000
Max capacity of drone: 2
Max energy of drone: 50
1 8.46 49.78 24.69
2 6.75 0.66 44.20
1 58.00 1.88 23.63 220.77 17 19 1
2 51.31 89.59 35.66 433.76 10 44 1
3 72.25 70.79 4.88 70.30 9 28 2
4 98.31 71.85 6.03 89.87 12 14 2
5 71.88 21.78 34.14 114.51 4 28 2
6 24.97 3.99 44.88 325.10 23 44 2
7 57.23 36.50 23.49 69.84 9 31 2
8 90.87 12.92 9.61 96.51 10 23 1
9 71.34 16.07 17.15 208.95 10 15 2
10 98.30 11.79 23.98 336.63 15 19 2
11 33.16 22.19 22.66 340.35 9 37 2
12 37.08 5.09 35.07 418.62 9 11 2
13 9.71 1.19 26.19 448.99 20 40 2
14 71.97 72.79 37.30 461.25 16 28 2
15 44.79 92.12 6.16 163.53 2 47 1
16 93.33 46.64 23.64 84.52 9 17 1
17 39.95 73.50 6.31 431.76 13 38 2
18 70.31 41.29 18.34 371.45 16 36 1
19 65.64 74.08 44.65 296.56 8 15 2
20 3.80 42.04 26.41 202.40 20 25 2
21 43.01 36.73 48.29 426.72 8 42 1
22 75.84 20.87 47.19 444.33 8 33 2
23 57.29 32.72 24.33 134.33 5 16 1
24 17.32 18.14 46.95 441.77 4 47 2
25 27.93 21.51 45.34 222.30 7 42 1
26 8.76 75.26 35.89 214.51 3 5 1
27 58.77 45.58 35.07 220.65 5 11 1
28 92.08 97.31 1.49 124.07 10 36 2
29 16.63 7.24 0.33 301.55 24 36 2
30 54.29 91.43 12.26 314.70 0 40 1
31 76.26 74.88 16.80 380.18 7 14 1
32 40.73 27.53 31.66 476.01 18 48 2
33 26.01 23.58 3.34 477.92 19 20 1
34 67.19 88.33 6.17 150.23 21 27 2
35 91.32 41.27 18.20 479.08 19 24 1
36 30.16 83.93 42.70 90.01 21 46 2
37 47.80 68.88 23.03 457.38 21 24 1
38 60.29 95.31 46.81 467.55 9 42 2
39 42.19 45.25 44.16 298.45 24 42 2
40 58.50 75.18 45.52 374.50 16 25 2
41 15.58 59.29 21.64 136.97 10 17 1
42 82.92 58.98 6.18 169.37 23 46 1
43 33.87 43.39 1.79 295.01 7 17 2
44 90.46 19.07 33.07 485.91 6 25 1
45 35.82 27.80 44.28 401.02 14 26 1
46 84.02 59.71 17.43 404.57 3 47 1
47 22.01 38.38 0.37 186.00 7 38 1
48 25.78 92.83 44.49 116.31 11 19 1
49 37.30 97.30 42.26 142.45 10 42 2
50 59.98 28.51 49.12 311.37 1 22 1
51 51.20 72.58 7.65 169.12 0 8 1
52 2.33 2.47 22.61 55.43 4 13 2
53 74.03 11.98 16.44 133.34 23 46 1
54 0.03 67.74 2.14 433.18 10 46 2
55 81.18 3.13 16.40 352.01 14 47 1
56 52.92 72.93 11.40 108.75 9 13 2
57 88.54 84.07 42.01 339.69 17 35 2
58 46.89 28.73 36.40 124.43 1 36 1
59 13.57 93.04 20.04 361.74 18 38 2
60 3.23 88.74 47.52 312.44 8 29 2
61 94.55 6.49 14.49 286.14 5 23 1
62 80.83 98.54 7.43 339.25 24 33 2
63 30.17 29.43 12.63 381.63 11 37 1
64 0.01 5.10 20.06 275.50 7 34 1
65 82.82 33.76 20.56 91.25 22 47 1
66 69.84 47.13 39.89 200.70 1 45 1
67 89.19 50.20 6.17 251.38 19 45 1
68 66.05 98.81 47.71 488.40 0 33 1
69 23.72 36.71 16.16 92.01 19 45 1
70 68.45 92.46 45.07 423.21 16 28 2
71 35.16 6.55 26.96 446.37 16 43 1
72 48.14 34.33 18.36 479.94 22 34 2
73 89.86 53.40 11.35 382.31 17 34 1
74 73.09 18.32 45.91 117.03 22 38 1
75 32.05 51.91 43.81 329.79 22 23 2
76 35.73 50.15 33.49 265.06 11 32 1
77 13.61 56.65 32.53 343.48 23 39 1
78 20.44 2.34 17.88 269.54 20 25 2
79 18.89 3.93 49.41 313.98 21 23 1
80 74.35 33.57 18.80 430.80 23 33 2
81 38.38 31.26 48.72 366.68 12 28 1
82 49.65 68.07 29.51 434.89 5 22 2
83 56.02 18.47 22.23 99.42 9 28 1
84 92.22 17.14 35.81 152.30 2 23 1
85 68.46 88.60 33.92 273.53 24 38 1
86 99.45 7.22 49.04 233.74 22 37 1
87 47.01 8.01 10.82 117.22 0 15 2
88 14.34 34.48 28.56 81.25 0 34 1
89 31.10 69.91 23.87 122.50 5 35 2
90 32.62 92.19 5.80 294.76 0 30 2
91 37.21 0.33 17.08 338.97 7 17 2
92 66.78 24.51 34.35 251.10 13 22 1
93 9.21 1.03 1.15 390.99 5 27 2
94 90.11 6.66 42.50 167.87 3 46 1
95 93.64 55.27 35.73 191.64 10 48 2
96 59.05 63.13 8.47 291.38 12 40 1
97 41.25 6.55 37.83 128.08 7 13 1
98 55.85 44.14 31.16 288.26 11 34 1
99 17.02 32.67 12.20 386.20 2 44 2
100 15.27 59.17 4.20 204.42 19 24 1
101 96.11 48.37 46.54 345.37 11 23 1
102 93.56 19.88 29.91 403.39 7 27 1
103 12.41 88.94 23.70 198.53 4 16 2
104 90.03 68.11 48.50 257.24 12 40 1
105 75.61 44.66 21.80 181.54 12 16 1
106 8.39 37.72 8.16 121.79 2 21 2
107 33.64 18.08 49.69 299.19 23 26 2
108 97.47 5.06 3.95 409.14 10 36 2
109 73.08 82.45 23.40 306.19 12 17 2
110 72.70 96.82 9.51 493.10 14 33 2
111 94.35 6.37 36.84 288.71 18 46 1
112 96.44 5.11 12.80 273.01 20 37 2
113 90.22 29.21 46.85 264.67 15 18 1
114 88.34 26.56 5.96 253.36 2 25 1
115 88.19 23.42 43.14 476.01 10 27 1
116 6.71 87.48 11.41 92.07 21 33 1
117 10.90 19.00 19.06 253.05 8 34 2
118 3.72 20.46 22.91 480.77 11 35 1
119 93.51 20.56 28.89 391.31 19 41 1
120 33.27 2.33 11.02 271.28 2 6 1
121 44.38 79.81 13.92 377.67 15 43 2
122 3.84 4.71 31.91 106.00 24 25 1
123 39.45 15.41 18.78 160.72 15 20 1
124 52.76 23.14 1.27 195.90 5 5 2
125 73.32 89.99 9.46 171.00 22 28 2
126 83.69 29.11 26.32 384.62 12 38 2
127 12.43 11.52 26.61 52.32 22 39 2
128 50.59 59.74 27.71 50.57 15 48 1
129 43.65 65.88 3.84 382.14 24 36 2
130 35.80 88.07 16.19 256.89 24 44 2
131 93.62 78.55 2.21 242.61 22 44 1
132 55.03 45.69 36.93 220.77 23 32 2
133 36.65 68.32 27.98 183.48 0 11 2
134 24.77 44.42 46.55 278.53 23 26 2
135 55.03 6.92 8.91 130.44 12 16 1
136 4.34 9.32 19.26 315.68 11 17 1
137 65.43 12.40 39.07 220.17 11 39 1
138 17.73 99.77 0.24 437.63 21 47 1
139 69.45 83.49 15.49 184.68 14 31 1
140 26.23 63.75 9.91 480.50 6 47 1
141 48.05 50.38 29.06 278.23 15 23 1
142 52.48 21.86 37.48 231.71 24 25 1
143 11.80 70.77 31.97 80.91 15 45 2
144 89.86 75.55 7.04 226.44 21 30 1
145 8.57 13.65 49.71 161.96 24 24 1
146 4.04 22.61 4.52 135.61 10 13 2
147 87.92 15.42 26.21 184.72 24 41 1
148 34.67 41.82 13.69 262.71 6 20 2
149 24.41 43.22 10.04 277.93 10 28 1
150 77.57 85.86 5.03 473.65 6 18 1
151 52.23 27.33 34.29 136.29 7 39 1
152 72.71 84.14 2.30 111.22 18 40 2
153 82.95 15.28 29.04 380.30 11 27 1
154 27.09 33.17 10.44 339.14 15 23 1
155 67.19 13.32 18.11 223.53 12 19 2
156 39.38 56.69 13.59 173.43 14 29 2
157 2.23 80.44 13.29 368.11 19 31 2
158 17.32 71.45 23.82 422.42 8 16 2
159 34.55 77.47 14.64 423.93 20 42 2
160 36.90 27.86 35.54 169.80 18 32 1
161 63.63 16.88 47.49 489.02 5 36 1
162 18.23 1.24 42.04 302.53 9 45 2
163 36.25 36.99 18.56 51.01 7 24 2
164 23.31 75.03 38.79 191.95 9 40 1
165 46.09 88.86 24.69 292.36 0 31 2
166 3.51 51.38 27.00 311.39 9 22 1
167 82.76 96.84 47.57 485.48 13 35 1
168 99.23 83.05 12.53 255.90 8 8 1
169 16.13 69.10 40.96 186.49 5 37 1
170 28.20 91.29 43.25 93.51 8 31 1
171 90.31 97.85 36.40 215.72 8 38 2
172 61.76 16.79 42.23 284.94 3 36 1
173 16.77 70.92 22.90 190.81 11 32 2
174 24.83 52.42 7.71 264.20 19 20 1
175 26.50 64.20 5.29 170.37 23 35 2
176 1.84 82.95 18.17 157.22 1 31 1
177 9.42 7.60 16.97 290.82 11 11 2
178 36.99 89.54 8.62 181.29 4 28 1
179 21.86 18.84 26.92 457.82 0 8 1
180 96.39 85.88 22.61 200.82 22 41 2
181 62.27 8.47 29.09 256.44 7 39 2
182 66.66 76.20 14.69 494.77 7 11 2
183 4.39 34.37 42.65 152.93 8 27 1
184 84.18 73.00 17.92 89.17 9 47 1
185 68.75 90.28 19.37 114.96 7 36 2
186 87.12 50.08 3.31 398.79 14 19 2
187 37.73 68.79 45.99 354.52 23 28 1
188 43.82 49.32 2.20 352.29 12 32 1
189 58.69 13.35 26.28 63.21 7 8 2
190 85.83 6.53 2.79 96.90 23 46 2
191 59.07 49.76 15.20 476.24 3 6 2
192 20.72 56.60 1.94 441.53 2 3 2
193 92.19 0.14 25.45 73.58 24 47 1
194 47.20 35.55 1.87 270.39 7 25 2
195 97.80 23.80 39.48 241.52 2 8 1
196 46.39 84.96 2.16 242.06 16 45 1
197 71.75 45.91 4.82 430.57 2 35 2
198 17.09 1.06 19.78 479.01 13 31 2
199 29.70 88.76 0.69 128.46 1 45 2
200 28.82 71.23 19.36 76.18 24 45 2
201 74.26 77.45 38.13 139.83 3 37 2
202 21.92 48.86 20.16 128.42 15 21 1
203 20.02 77.44 35.90 473.93 7 41 2
204 88.31 32.53 3.24 95.07 21 23 1
205 31.93 42.94 0.66 257.31 9 38 2
206 65.68 63.50 37.62 176.06 13 41 2
207 55.53 83.47 17.90 435.37 18 48 1
208 52.15 90.89 1.90 282.39 21 25 1
209 33.34 64.64 5.24 407.08 1 35 2
210 88.06 11.17 38.38 442.74 10 31 2
211 92.59 63.89 42.31 327.71 13 29 1
212 37.15 78.41 19.34 170.09 21 25 2
213 27.25 86.48 19.91 277.57 12 45 2
214 13.89 69.97 49.33 118.76 24 48 2
215 57.11 72.12 3.71 159.80 22 28 2
216 17.11 36.96 46.16 457.45 9 22 2
217 1.94 43.78 31.27 482.33 4 15 2
218 46.81 95.44 29.63 460.09 3 36 2
219 33.86 98.08 49.60 199.03 23 45 2
220 59.02 26.19 23.05 421.42 10 27 1
221 64.96 40.17 45.84 388.90 0 8 1
222 89.91 75.77 32.51 102.18 15 25 2
223 57.14 37.18 6.05 456.11 13 24 2
224 30.41 72.99 39.35 103.47 16 44 2
225 22.13 36.54 13.31 486.73 21 35 1
226 92.92 47.89 18.68 240.02 17 29 1
227 58.10 11.51 1.86 96.37 13 22 2
228 15.05 44.33 27.43 444.42 12 48 1
229 10.38 30.73 7.37 315.93 13 29 2
230 48.13 85.06 34.63 227.59 11 11 2
231 48.18 30.94 25.78 364.31 20 24 2
232 90.58 44.51 42.09 387.65 11 36 1
233 82.58 93.40 19.01 411.26 2 23 2
234 82.81 97.08 24.78 374.02 7 46 1
235 38.50 79.62 10.61 451.02 24 46 2
236 39.19 33.88 5.83 455.27 0 25 2
237 26.74 25.11 46.12 94.44 16 25 2
238 18.08 73.10 46.68 143.74 15 43 1
239 42.47 56.05 24.32 261.35 5 7 1
240 38.50 25.51 11.76 485.05 1 40 2
241 64.12 97.20 5.76 481.00 12 26 1
242 16.09 84.71 33.25 447.13 12 15 1
243 88.96 80.09 9.36 318.85 4 40 2
244 33.53 75.55 12.27 113.73 6 38 1
245 32.74 49.10 38.61 463.14 0 26 1
246 50.11 27.63 25.10 223.24 16 40 1
247 52.75 86.62 18.97 310.93 1 15 1
248 85.63 32.93 12.14 424.88 7 9 2
249 97.10 41.80 1.17 184.81 7 23 1
250 33.14 60.09 21.19 289.57 12 36 1
251 76.59 34.26 37.56 488.25 10 35 1
252 42.13 91.44 15.45 294.48 20 44 2
253 37.36 63.88 15.02 394.83 0 16 2
254 8.06 95.29 26.36 211.62 10 41 1
255 10.28 23.52 17.30 52.73 20 32 2
256 83.63 90.57 7.56 411.16 12 22 1
257 54.27 18.79 5.17 439.76 14 18 2
258 18.96 26.57 14.66 130.16 20 45 2
259 85.01 5.22 37.02 67.91 24 41 2
260 43.59 64.72 1.15 154.38 14 35 1
261 93.45 62.56 39.89 119.19 12 14 2
262 82.99 97.75 26.94 107.83 18 21 2
263 87.46 31.66 18.24 173.52 11 43 2
264 32.24 47.89 44.17 91.82 10 32 1
265 39.04 62.23 43.96 481.33 20 29 1
266 77.49 53.15 22.73 162.91 13 48 2
267 11.62 40.74 12.72 285.71 13 26 1
268 73.57 49.33 17.39 496.23 3 20 1
269 67.03 39.33 15.82 287.15 5 48 2
270 71.42 55.03 31.97 202.74 19 42 2
271 15.89 60.77 47.15 330.49 10 23 1
272 48.38 83.78 17.89 88.54 4 4 1
273 37.90 97.63 29.68 212.40 2 31 1
274 97.25 0.69 3.41 382.29 18 28 2
275 65.32 85.43 49.92 390.14 24 30 2
276 2.99 58.84 39.29 360.45 16 21 1
277 85.27 74.43 27.08 329.22 24 40 1
278 48.75 84.97 38.58 294.80 6 41 2
279 14.24 4.84 19.07 423.04 17 27 2
280 82.14 63.95 30.15 51.99 6 21 1
281 95.01 47.42 22.61 156.19 23 37 1
282 5.16 23.56 4.86 409.57 17 39 1
283 86.13 0.11 26.66 192.32 3 35 1
284 90.70 54.32 18.13 370.37 11 34 1
285 75.63 78.47 22.32 279.39 8 42 1
286 32.65 85.69 38.85 409.21 9 40 1
287 85.75 33.71 39.06 455.44 0 33 1
288 49.66 66.44 23.36 404.19 14 47 2
289 47.18 8.05 39.28 395.82 11 13 1
290 28.87 5.68 37.26 297.42 13 48 2
291 7.18 81.02 17.58 481.63 14 30 1
292 24.54 95.44 31.76 316.58 14 19 2
293 17.54 96.24 29.88 236.16 1 35 2
294 73.02 98.78 2.76 181.56 19 29 1
295 38.53 72.79 24.36 252.79 17 33 2
296 2.37 46.13 39.69 126.18 8 27 1
297 1.01 58.93 3.40 265.35 6 8 1
298 97.30 95.29 29.44 472.84 17 30 2
299 17.35 91.46 11.08 209.13 13 19 1
300 92.06 58.99 14.41 127.18 10 32 2
301 53.89 16.22 11.40 157.12 20 36 2
302 52.83 6.37 30.67 58.62 22 33 2
303 70.92 98.68 0.84 94.16 2 39 1
304 10.90 64.31 6.19 152.24 11 26 1
305 72.15 10.59 27.57 357.03 17 22 1
306 92.53 84.17 10.86 231.40 14 25 2
307 34.66 19.37 23.56 95.48 24 39 2
308 91.66 54.23 22.57 215.22 4 25 2
309 42.10 11.41 44.03 50.62 22 28 1
310 83.99 12.63 30.63 93.22 15 30 1
311 45.83 53.41 17.18 373.42 21 30 2
312 89.27 73.07 16.93 248.14 12 39 1
313 21.57 31.96 4.09 316.95 2 8 2
314 54.19 31.58 23.80 260.93 17 18 2
315 14.65 31.37 37.51 90.32 5 20 2
316 62.87 82.84 15.59 145.32 20 30 2
317 28.50 42.43 39.67 265.17 9 31 2
318 98.65 45.95 11.84 395.12 15 35 1
319 89.57 18.32 43.96 214.03 14 14 1
320 89.30 8.77 20.82 451.01 6 34 2
321 24.20 40.76 4.27 224.39 10 38 1
322 46.80 23.65 9.91 219.30 6 17 1
323 94.14 38.34 24.88 435.92 4 29 1
324 14.06 34.56 29.89 342.53 19 37 2
325 74.14 46.19 0.17 473.13 16 29 2
326 68.87 61.99 46.29 125.12 10 10 2
327 90.52 1.82 13.39 377.36 6 9 1
328 49.67 94.08 48.40 329.41 17 37 2
329 7.85 70.46 26.35 470.04 2 15 1
330 63.15 91.29 4.85 302.86 1 28 1
331 52.50 82.17 19.60 219.03 10 37 1
332 79.38 21.42 27.26 316.52 19 26 2
333 46.15 14.32 12.66 53.46 10 18 1
334 59.43 62.95 46.83 339.04 10 26 1
335 25.70 59.25 2.68 405.16 24 29 1
336 14.23 43.83 46.34 133.40 2 42 1
337 99.11 74.99 20.15 201.78 23 24 2
338 27.85 2.01 38.88 116.56 6 45 2
339 24.32 66.00 14.81 485.51 1 33 1
340 78.55 32.81 27.08 116.91 7 8 1
341 70.90 71.50 5.07 269.39 6 28 2
342 87.40 33.49 36.54 431.40 21 32 2
343 98.92 0.60 40.72 409.96 17 43 2
344 62.30 54.18 36.73 60.58 24 40 1
345 39.18 57.20 45.70 185.14 0 23 2
346 42.17 3.41 1.44 412.84 7 18 1
347 95.70 12.13 14.91 276.33 17 45 1
348 0.84 78.93 5.23 260.71 11 26 1
349 62.21 42.53 47.40 496.75 6 42 2
350 91.28 28.49 28.87 153.55 15 40 2
351 23.25 43.62 19.55 202.54 17 48 1
352 20.43 87.16 11.33 87.82 2 30 2
353 41.76 39.54 32.44 170.20 8 28 1
354 3.00 79.45 45.04 229.56 7 41 1
355 59.38 79.06 20.32 448.09 1 35 1
356 11.17 89.72 23.03 320.47 21 44 2
357 47.26 41.73 29.87 256.60 3 26 2
358 87.72 39.15 0.36 56.38 21 26 1
359 56.43 5.31 45.83 416.82 15 45 2
360 61.04 89.64 23.88 219.81 4 6 2
361 45.17 19.47 18.64 297.80 22 25 1
362 14.79 27.97 26.81 307.37 20 25 1
363 55.55 17.61 4.76 147.18 2 32 1
364 75.55 39.46 47.99 257.72 24 39 1
365 63.77 48.62 39.56 242.02 17 31 2
366 45.53 1.52 25.05 292.46 14 14 1
367 82.53 0.83 27.86 308.71 15 38 1
368 38.11 49.54 28.06 394.22 2 7 1
369 57.76 87.65 10.71 396.26 23 29 1
370 67.61 70.88 6.31 111.76 11 27 2
371 92.08 89.85 46.10 470.47 2 3 1
372 42.79 6.53 19.25 405.71 2 46 2
373 69.44 99.24 11.14 53.84 9 11 1
374 37.92 45.12 29.59 169.69 10 42 2
375 87.72 52.34 18.18 210.81 23 28 1
376 70.05 79.75 2.33 393.18 19 48 2
377 88.30 67.88 16.81 223.03 19 47 2
378 82.16 24.59 20.36 475.52 2 21 2
379 29.95 51.05 44.22 308.70 10 12 1
380 25.14 89.85 17.57 431.74 11 29 2
381 16.34 92.91 13.42 253.26 4 29 2
382 80.86 64.50 30.24 189.55 10 10 2
383 10.85 88.05 4.04 83.18 15 19 1
384 4.35 20.00 20.02 366.31 15 35 2
385 34.92 44.37 22.54 147.69 15 19 1
386 79.78 60.02 1.88 404.21 1 45 1
387 25.88 46.45 15.72 401.27 19 30 2
388 95.05 82.71 25.25 377.70 11 32 1
389 40.52 50.76 37.30 126.29 1 43 1
390 27.71 39.31 38.29 105.82 4 6 1
391 54.19 83.60 17.68 317.20 10 34 1
392 48.34 55.06 16.59 289.65 17 19 1
393 44.89 32.96 2.51 54.87 11 33 1
394 51.43 9.04 28.70 364.48 9 9 1
395 77.15 54.71 46.01 211.05 2 41 1
396 61.31 11.10 18.77 486.75 16 22 1
397 20.76 97.08 42.87 80.80 10 24 2
398 14.30 91.07 37.27 373.57 18 47 1
399 82.29 17.37 17.04 324.69 22 46 2
400 78.88 4.42 12.45 447.72 13 13 1
401 56.30 7.90 7.59 324.90 15 35 2
402 32.97 27.20 20.85 335.33 19 23 1
403 75.69 74.90 40.47 413.80 23 46 1
404 37.88 57.07 22.13 228.21 22 42 2
405 12.36 89.66 44.88 211.95 7 26 2
406 0.34 64.69 46.79 415.19 7 24 2
407 91.35 98.06 31.10 144.38 20 40 1
408 62.07 13.71 33.58 298.97 16 25 1
409 49.44 58.47 11.77 164.27 7 8 1
410 10.45 16.34 4.30 480.26 9 33 2
411 97.53 54.21 47.78 132.09 2 20 1
412 71.29 20.13 47.19 136.18 1 4 2
413 6.62 10.58 3.36 56.05 21 23 1
414 83.66 84.76 15.77 329.59 14 31 2
415 73.71 22.35 49.92 348.65 24 32 2
416 19.05 7.34 36.80 445.85 14 14 1
417 95.48 64.53 23.64 312.32 5 37 1
418 67.88 79.34 48.02 406.26 18 27 2
419 36.16 84.00 14.94 179.53 4 20 1
420 98.57 23.78 9.71 395.67 7 42 2
421 67.97 45.22 8.71 460.70 0 22 2
422 10.41 39.93 0.13 336.95 15 47 2
423 72.22 98.56 0.95 488.15 7 20 1
424 1.17 47.68 45.21 145.08 4 32 1
425 9.50 70.04 20.31 441.34 10 35 2
426 20.00 37.51 21.55 144.07 22 48 1
427 76.13 7.24 6.33 169.19 11 41 1
428 77.31 10.98 5.40 424.20 20 47 1
429 21.96 98.38 35.86 81.07 13 23 2
430 59.31 12.99 25.46 60.11 9 10 1
431 88.50 43.45 28.36 456.50 21 38 1
432 22.56 53.57 1.74 161.19 10 17 2
433 95.52 31.34 0.04 388.40 22 47 2
434 99.33 8.16 17.34 212.85 19 22 1
435 24.65 25.27 38.67 142.47 2 25 2
436 63.29 27.36 3.77 228.58 6 12 1
437 67.30 85.93 25.72 252.90 1 47 2
438 87.18 44.66 17.47 361.23 6 18 1
439 59.91 11.25 39.27 51.66 8 34 1
440 18.06 51.50 40.81 91.90 21 24 2
441 0.17 9.51 47.30 393.80 9 21 1
442 24.47 59.65 47.23 111.55 19 23 2
443 65.21 53.33 48.31 487.94 20 20 1
444 56.78 37.21 0.21 441.80 6 39 1
445 12.78 49.05 5.99 146.33 2 38 2
446 82.64 27.65 21.19 231.46 10 35 1
447 50.69 84.33 37.10 104.54 21 22 2
448 55.04 94.99 33.15 480.66 2 41 1
449 90.84 80.22 36.02 126.40 3 38 2
450 60.66 17.53 7.06 252.80 11 46 2
451 57.42 18.42 27.22 489.70 10 22 2
452 8.81 69.18 43.27 215.12 24 41 2
453 90.15 45.98 24.26 342.19 24 44 1
454 39.66 68.00 9.22 283.12 5 40 1
455 82.05 4.46 9.63 248.05 21 43 2
456 66.50 68.96 23.96 105.98 15 41 1
457 76.72 96.16 22.85 360.65 4 11 1
458 36.21 66.11 34.66 114.43 20 39 2
459 59.74 19.89 4.04 182.46 10 22 1
460 64.51 47.70 5.16 75.67 7 28 2
461 30.93 87.72 45.58 84.63 21 42 2
462 86.37 3.86 6.61 70.08 10 30 1
463 79.45 97.81 15.96 68.66 6 45 1
464 89.84 54.15 32.42 297.22 19 29 1
465 44.38 41.60 46.36 354.03 12 28 2
466 65.56 87.52 30.07 74.41 15 17 2
467 90.31 22.19 37.21 243.91 13 23 1
468 21.28 34.24 14.68 126.44 20 32 2
469 77.47 9.77 1.74 490.12 18 36 1
470 71.20 3.24 16.97 378.54 14 41 1
471 9.95 29.43 13.16 412.68 7 24 1
472 63.53 44.26 8.17 462.84 0 4 1
473 27.18 78.86 27.86 395.29 4 10 1
474 40.53 82.62 47.36 77.09 6 9 2
475 67.70 99.03 23.31 457.32 19 38 2
476 96.96 56.87 18.50 337.48 2 28 2
477 23.89 99.05 35.76 486.94 7 22 1
478 42.33 31.37 22.77 443.17 15 43 1
479 89.66 81.67 6.91 401.32 22 45 2
480 13.87 68.69 7.02 86.41 11 20 2
481 19.25 17.13 45.76 58.48 11 42 1
482 87.71 35.52 27.21 287.91 6 11 2
483 22.37 79.85 37.32 84.90 16 19 2
484 47.46 9.25 5.44 155.85 16 48 1
485 51.86 3.01 18.35 432.72 20 29 2
486 78.56 23.66 21.46 424.83 17 37 1
487 67.60 45.45 32.56 492.26 0 2 1
488 11.85 96.41 37.04 216.14 11 34 1
489 65.76 17.28 7.16 407.40 11 21 1
490 87.75 50.56 31.61 171.12 8 18 1
491 5.60 60.97 41.58 243.47 12 25 2
492 39.21 86.23 34.43 491.24 10 46 2
493 65.82 31.47 26.25 319.11 23 45 2
494 15.85 82.73 43.25 85.02 20 36 2
495 57.86 86.96 5.82 193.93 5 11 2
496 93.63 74.66 40.87 193.25 2 9 1
497 11.77 75.19 42.41 480.59 2 41 1
498 82.43 6.20 36.18 311.35 15 38 2
499 65.88 59.90 11.90 299.65 4 9 1
500 29.55 37.20 32.16 172.57 12 43 1
1 168.05 3790.93 1
2 117.51 3371.23 2
3 108.99 3037.40 2
1 1.74 39.51 2
2 1.99 29.48 2
3 1.16 39.51 1
4 1.92 44.49 1
