Data for Vehicle routing problem with drones - Author: Huyen Do Thi Ngoc
Number of depots: 2
Number of cities: 200
Number of trucks: 6
Number of drones: 15
Area: 100 100 50
Customer maximum demand: 500
Max capacity of truck: 200
Max energy of truck: 5000
Max capacity of drone: 2
Max energy of drone: 50
1 97.17 11.85 33.67
2 71.96 58.67 24.44
1 28.99 73.77 29.65 278.39 16 22 2
2 96.77 38.77 15.22 86.01 0 5 2
3 29.89 95.10 24.53 455.55 10 35 2
4 14.52 33.16 13.90 463.68 0 1 1
5 97.07 10.72 44.26 135.21 10 40 2
6 6.45 10.05 45.03 151.01 5 36 2
7 96.88 1.50 16.70 231.63 4 5 1
8 72.61 79.60 2.06 461.38 19 34 2
9 38.78 46.59 29.20 154.24 20 45 1
10 19.51 94.69 5.75 195.47 21 38 2
11 13.93 46.00 6.54 464.31 13 48 1
12 70.02 58.40 45.30 123.49 4 41 1
13 78.38 87.70 43.12 350.86 15 44 1
14 78.37 62.31 32.05 122.59 24 45 2
15 57.68 85.25 9.48 110.67 20 23 2
16 59.02 46.27 33.73 276.95 21 41 2
17 42.87 44.93 23.85 113.38 22 41 2
18 29.97 68.42 19.49 147.91 22 29 1
19 8.14 73.75 15.17 97.17 21 42 2
20 59.86 3.71 37.46 454.47 8 27 2
21 5.10 68.10 24.94 325.26 10 15 2
22 39.21 30.04 6.97 381.97 10 31 1
23 73.90 28.98 47.50 140.29 7 23 2
24 67.35 9.74 25.45 57.65 6 39 1
25 58.08 96.10 10.64 218.35 16 18 2
26 42.72 93.12 41.63 325.27 9 39 1
27 84.91 70.11 16.13 348.36 14 47 2
28 51.76 63.99 39.69 446.89 2 32 2
29 92.80 93.98 24.27 307.65 15 25 2
30 41.75 65.36 4.17 393.59 8 21 1
31 71.34 22.13 15.31 310.70 4 18 2
32 56.62 69.73 10.04 468.20 21 36 2
33 87.51 91.86 13.48 171.54 17 24 1
34 12.00 18.24 45.61 129.18 6 15 2
35 37.83 91.46 9.16 474.63 9 39 1
36 11.43 96.50 26.21 136.85 16 39 1
37 18.67 60.82 11.96 173.49 5 17 2
38 82.68 23.05 14.75 493.57 0 20 2
39 76.63 15.20 7.14 97.17 10 41 2
40 74.28 66.63 19.99 482.86 16 47 2
41 83.63 92.21 11.55 57.71 17 45 2
42 70.61 67.82 20.26 482.41 9 34 1
43 97.32 66.62 17.39 82.05 8 36 1
44 60.73 75.04 27.57 460.47 24 33 1
45 34.73 84.84 29.94 128.11 22 26 1
46 28.78 17.59 11.51 149.23 10 10 1
47 77.47 94.85 48.42 446.14 17 30 1
48 54.79 83.36 48.58 487.38 5 13 1
49 51.92 3.69 15.04 199.10 10 40 1
50 41.59 67.35 21.05 154.53 22 38 1
51 96.19 40.07 13.81 489.18 20 34 2
52 89.81 7.99 35.51 360.32 12 46 1
53 26.46 93.02 48.91 378.19 24 47 2
54 95.88 23.45 48.05 367.17 4 38 2
55 21.62 99.59 49.15 308.17 9 38 1
56 92.67 0.49 24.89 258.47 17 40 2
57 87.67 8.66 38.38 118.74 12 33 2
58 54.30 34.88 36.98 223.50 8 13 1
59 80.85 58.55 42.52 59.14 12 22 1
60 0.44 72.40 28.67 137.65 14 26 2
61 75.68 19.20 36.20 237.33 8 25 1
62 16.34 24.37 6.12 129.14 1 6 1
63 26.42 5.34 20.36 283.99 0 38 2
64 92.99 3.14 24.62 78.49 15 32 2
65 25.96 14.73 11.75 79.49 18 29 2
66 63.18 93.50 17.96 108.62 3 39 2
67 48.14 62.46 36.51 240.66 10 23 1
68 97.72 31.83 24.77 461.61 9 19 2
69 21.92 97.72 18.34 71.53 17 19 1
70 53.20 12.49 34.92 327.28 11 45 1
71 23.45 5.89 29.61 346.08 5 38 1
72 60.93 91.36 6.76 294.12 17 42 1
73 98.59 58.70 22.20 305.42 12 47 1
74 81.10 43.53 10.39 333.22 10 45 1
75 6.31 16.96 29.45 471.56 23 45 1
76 0.01 93.42 13.33 370.04 18 32 2
77 54.68 39.54 24.83 448.34 16 22 2
78 15.10 49.12 23.71 193.26 2 30 1
79 22.13 77.84 36.35 233.74 6 46 1
80 35.07 4.77 23.15 423.34 12 27 2
81 25.49 29.58 5.48 229.23 1 27 1
82 54.14 51.48 39.63 439.41 12 47 2
83 24.28 18.12 36.71 421.20 14 31 1
84 4.20 27.32 35.37 255.09 22 29 1
85 86.71 0.85 5.09 191.57 4 20 2
86 32.62 78.75 3.29 165.60 1 15 1
87 46.37 76.24 30.89 493.96 23 32 1
88 11.39 36.94 41.33 77.73 22 24 2
89 77.92 45.19 44.31 244.75 24 32 2
90 6.09 9.37 32.71 80.43 17 24 2
91 90.23 16.57 31.32 333.22 8 24 1
92 54.75 30.42 10.82 457.26 22 32 1
93 13.32 37.24 38.10 73.68 24 43 2
94 60.91 78.53 42.04 100.20 14 30 2
95 80.27 3.95 1.23 115.04 24 45 1
96 48.98 74.18 18.67 337.59 16 34 1
97 42.25 98.50 45.90 453.52 22 47 2
98 42.72 80.84 2.47 234.47 1 4 2
99 84.32 91.09 22.47 179.52 22 25 1
100 65.71 45.17 40.03 363.15 0 32 2
101 82.01 20.57 10.54 494.03 24 41 1
102 31.37 87.21 38.57 418.61 3 47 1
103 47.56 85.94 9.44 435.67 15 44 2
104 50.72 15.57 38.66 425.65 23 32 1
105 8.51 10.86 31.42 366.55 11 32 2
106 33.92 13.16 6.94 120.51 3 26 1
107 79.43 12.07 39.49 209.14 2 2 2
108 2.49 75.65 9.94 390.93 13 42 2
109 11.90 41.19 25.51 144.90 10 38 1
110 40.23 56.37 26.63 58.28 6 41 2
111 79.16 98.02 33.42 313.58 9 33 1
112 82.82 43.16 40.04 154.07 3 41 1
113 70.40 76.59 35.44 355.01 11 35 1
114 48.06 73.60 31.84 420.40 21 48 1
115 68.72 56.94 45.44 445.99 2 38 1
116 65.33 78.95 46.54 190.18 24 30 1
117 62.21 85.15 37.28 349.32 24 24 1
118 73.42 71.94 5.45 326.64 19 35 2
119 1.39 20.50 19.43 225.08 13 15 1
120 89.82 84.94 27.43 392.44 10 24 2
121 76.63 75.08 26.77 84.71 16 26 1
122 24.17 17.26 34.00 280.66 2 39 2
123 26.10 93.03 48.49 247.18 14 41 2
124 43.00 37.29 18.69 230.09 7 35 2
125 19.81 80.09 19.49 273.18 12 14 2
126 68.30 89.81 46.80 56.27 19 47 2
127 50.02 46.74 25.96 184.24 12 38 1
128 36.70 61.50 32.43 249.46 6 24 1
129 75.27 26.07 11.21 434.83 14 33 1
130 77.93 31.78 39.00 278.99 14 24 2
131 23.16 65.12 37.38 167.62 2 2 2
132 47.11 50.66 21.30 270.76 16 27 2
133 36.52 49.70 9.29 95.09 10 27 2
134 25.44 47.98 18.00 265.04 22 28 2
135 31.62 19.90 46.54 280.17 12 21 1
136 6.48 23.37 14.32 281.73 23 28 1
137 12.83 46.82 12.75 119.11 12 38 2
138 26.60 10.13 38.68 334.60 18 36 1
139 49.02 34.45 31.91 413.46 10 35 1
140 33.72 51.37 25.53 361.56 1 43 2
141 81.87 40.40 10.66 322.24 22 27 1
142 1.76 27.43 26.94 386.91 21 23 1
143 91.22 92.83 6.08 59.26 3 28 2
144 57.20 68.51 37.67 77.30 21 41 1
145 17.29 84.45 24.02 152.39 19 35 1
146 9.76 74.25 0.10 484.65 22 37 1
147 78.14 14.46 29.80 122.27 20 39 2
148 0.48 87.92 0.14 317.27 15 37 2
149 0.61 43.72 15.87 426.98 11 23 1
150 19.55 55.36 2.55 489.67 23 25 2
151 87.61 32.17 27.40 312.85 8 10 2
152 20.92 9.53 22.55 212.73 11 16 1
153 4.80 11.15 13.57 473.14 4 42 1
154 19.21 5.46 22.62 292.11 11 18 1
155 68.09 77.15 6.35 294.12 21 46 1
156 51.00 27.38 36.63 415.00 18 18 1
157 95.31 71.64 10.51 451.66 22 43 2
158 89.89 49.38 38.93 425.95 3 42 2
159 81.44 13.46 42.14 417.51 2 36 1
160 44.68 33.96 10.40 112.84 23 45 2
161 1.46 7.30 18.06 132.26 12 20 2
162 25.49 63.69 11.78 81.59 23 37 2
163 39.60 6.89 40.84 478.09 10 14 1
164 19.50 21.13 8.62 104.13 16 48 1
165 51.13 73.02 30.51 85.25 14 18 2
166 4.86 72.00 10.89 145.36 11 31 1
167 28.08 66.64 12.04 139.98 18 30 1
168 1.04 22.43 25.60 350.23 5 18 1
169 66.86 90.98 17.53 82.97 5 18 2
170 85.55 50.01 6.28 298.07 9 22 1
171 86.86 33.60 23.44 105.48 4 44 2
172 48.34 4.90 35.66 79.43 9 9 2
173 40.08 60.50 19.58 466.88 3 31 1
174 19.71 65.95 6.91 80.14 2 47 1
175 65.26 21.52 25.96 411.20 6 36 2
176 55.31 47.23 35.94 341.05 6 22 2
177 41.98 28.02 26.37 456.83 5 23 1
178 89.88 83.48 38.20 446.36 22 28 2
179 55.48 8.04 29.27 296.89 24 36 2
180 21.27 95.90 17.87 290.66 14 38 1
181 23.26 63.47 43.18 155.75 8 37 1
182 70.67 65.71 13.96 438.09 16 37 1
183 66.41 2.16 40.15 458.66 16 42 2
184 58.34 83.51 20.04 183.29 21 31 1
185 70.55 70.13 7.85 56.57 13 41 1
186 80.18 80.99 24.14 160.76 18 45 1
187 79.26 72.34 24.80 253.94 4 20 2
188 52.39 27.47 26.72 250.75 6 34 1
189 6.41 78.76 11.92 408.38 17 22 1
190 68.73 94.72 49.23 233.40 22 23 2
191 5.30 43.81 36.95 116.28 6 45 2
192 94.48 60.84 42.91 350.61 0 23 1
193 78.00 1.43 9.02 268.53 10 34 2
194 54.72 1.85 45.01 179.58 1 47 1
195 89.44 43.86 18.01 297.47 16 23 1
196 85.72 17.27 13.02 486.19 8 28 2
197 8.70 95.56 21.80 464.37 10 44 2
198 49.32 12.05 12.66 278.31 0 8 1
199 6.85 88.04 12.34 195.88 6 24 2
200 7.73 34.28 10.08 84.69 18 18 1
1 196.15 4392.05 1
2 106.39 3119.41 2
3 174.03 3571.06 1
4 100.53 3174.36 1
5 116.69 4721.65 2
6 145.72 2745.19 1
1 1.48 25.93 3
2 1.84 38.07 4
3 1.58 36.38 4
4 1.42 38.63 1
5 1.12 29.75 2
6 1.87 45.93 4
7 1.14 46.95 3
8 1.05 30.32 3
9 1.56 44.46 3
10 1.00 47.75 5
11 1.02 30.17 3
12 1.18 48.04 2
13 1.95 34.81 5
14 1.01 49.94 6
15 1.91 46.42 3
