Data for Vehicle routing problem with drones - Author: Huyen Do Thi Ngoc
Number of depots: 3
Number of cities: 500
Number of trucks: 4
Number of drones: 9
Area: 100 100 50
Customer maximum demand: 500
Max capacity of truck: 200
Max energy of truck: 5000
Max capacity of drone: 2
Max energy of drone: 50
1 50.94 94.16 39.47
2 51.04 30.52 43.13
3 97.63 74.95 37.06
1 79.49 37.44 3.51 62.99 5 26 3
2 86.98 1.27 19.34 467.95 3 29 3
3 76.50 88.04 32.35 347.78 15 15 3
4 47.75 77.20 9.52 201.99 1 20 2
5 89.27 30.52 20.87 114.66 8 35 1
6 46.84 94.56 39.31 253.69 24 29 1
7 11.13 77.21 8.74 410.65 13 30 1
8 97.46 13.36 47.17 284.78 1 26 3
9 81.91 21.97 20.48 387.44 19 29 1
10 29.79 82.87 30.55 296.82 5 30 3
11 45.04 33.13 12.08 424.43 10 21 3
12 71.21 34.62 22.28 302.82 5 34 3
13 85.31 47.58 29.10 173.59 15 28 3
14 24.70 80.05 19.51 160.01 3 5 2
15 79.59 70.57 4.15 357.64 6 20 2
16 66.93 88.93 10.15 442.40 5 28 3
17 55.16 0.18 28.73 433.75 6 21 1
18 42.78 57.32 43.88 226.16 24 44 1
19 49.57 5.41 6.15 60.40 11 37 1
20 41.86 28.37 25.23 111.67 17 20 2
21 81.51 55.97 48.15 385.90 22 45 1
22 45.10 0.93 8.14 454.81 17 29 1
23 42.59 45.32 17.50 56.69 14 37 3
24 64.33 14.54 45.60 458.58 15 39 3
25 97.43 20.59 5.43 476.78 4 20 2
26 20.82 83.08 12.64 242.01 20 44 2
27 78.82 17.30 46.57 300.02 11 29 1
28 20.88 21.67 45.09 340.17 9 37 2
29 85.20 87.16 26.14 234.75 11 34 2
30 83.91 47.59 32.40 65.30 20 27 1
31 54.78 30.99 33.27 280.36 6 47 1
32 48.84 11.81 21.02 90.88 4 29 3
33 47.72 48.73 12.52 88.58 20 42 2
34 69.65 57.74 37.83 93.82 3 17 3
35 25.01 67.11 3.66 140.13 21 23 1
36 88.54 44.18 3.65 266.41 23 31 3
37 31.46 65.81 39.39 239.44 11 46 3
38 17.38 50.50 44.65 61.23 4 42 3
39 32.32 27.70 41.48 347.43 21 31 2
40 38.17 17.02 12.01 216.85 21 32 3
41 8.52 88.88 38.65 490.97 11 17 2
42 2.50 81.06 31.76 366.16 3 34 3
43 6.26 93.29 30.82 265.71 24 48 2
44 34.97 27.79 10.41 447.85 7 45 3
45 56.75 24.09 13.57 50.42 3 35 2
46 88.73 58.98 32.89 413.93 22 48 2
47 21.25 22.59 20.80 368.04 0 5 2
48 70.13 53.32 38.30 379.34 17 48 2
49 22.68 90.43 45.83 320.80 19 39 2
50 3.25 94.42 41.00 91.48 11 28 1
51 94.01 41.14 6.53 71.80 12 22 3
52 0.25 60.96 13.34 264.08 1 32 2
53 42.83 44.30 14.95 431.22 10 24 1
54 81.00 30.15 19.90 391.29 4 27 2
55 64.63 0.82 22.26 480.16 3 3 3
56 7.80 65.63 2.82 197.54 20 42 2
57 69.13 31.24 14.46 397.27 8 42 2
58 74.44 94.50 8.16 175.91 20 36 3
59 36.89 43.79 32.90 346.95 4 22 2
60 99.62 75.53 18.62 414.54 5 29 3
61 82.29 33.08 20.60 432.00 20 28 3
62 81.81 28.78 23.87 251.83 4 41 2
63 81.02 10.95 2.02 446.90 1 41 3
64 24.54 84.03 33.82 139.09 3 4 1
65 33.70 71.65 30.41 59.78 19 36 3
66 9.57 66.32 3.28 448.04 5 46 2
67 37.21 17.31 37.53 63.90 9 19 1
68 39.05 85.16 8.67 327.54 12 30 2
69 88.64 29.04 22.27 91.45 17 25 3
70 28.13 5.73 0.47 153.54 13 15 2
71 43.44 32.77 21.06 262.93 0 45 1
72 63.85 23.15 46.66 466.37 17 36 3
73 39.02 64.66 46.52 392.48 13 18 2
74 26.89 32.78 2.38 351.95 1 36 3
75 72.85 89.50 14.18 488.10 5 32 1
76 36.05 17.51 3.99 420.89 9 29 2
77 51.42 47.43 48.34 463.39 23 42 1
78 54.91 4.96 44.88 434.80 18 37 3
79 63.20 85.26 18.17 70.85 20 41 3
80 70.67 55.58 15.60 186.58 13 23 2
81 92.27 8.39 2.81 111.47 1 33 2
82 70.31 3.29 6.02 104.81 10 41 2
83 65.29 69.73 27.19 452.88 14 29 3
84 64.06 42.68 44.48 213.92 2 45 2
85 5.70 0.51 7.07 449.20 17 44 3
86 82.25 2.48 45.00 199.47 24 42 3
87 15.39 88.22 0.67 402.89 19 29 1
88 5.92 65.38 30.81 84.08 8 40 3
89 41.30 54.12 44.17 86.80 12 41 2
90 55.95 45.21 30.38 289.21 6 7 1
91 79.34 83.80 17.70 209.29 15 33 1
92 56.77 97.44 47.11 462.86 3 38 1
93 27.32 28.91 44.36 275.98 18 47 3
94 60.76 57.88 32.57 238.27 15 40 3
95 78.83 40.81 42.51 463.74 9 15 3
96 68.75 39.68 9.56 194.05 0 42 2
97 49.45 69.59 38.35 109.65 16 44 1
98 44.92 61.74 6.78 116.75 10 16 3
99 36.07 49.91 1.95 485.21 5 46 1
100 77.37 60.92 32.20 401.93 15 31 3
101 0.98 40.15 42.87 468.73 1 2 1
102 16.24 4.76 27.36 440.53 14 16 2
103 59.19 39.35 11.18 407.36 18 27 1
104 82.96 99.36 47.50 493.69 0 48 3
105 37.49 81.22 20.08 411.91 17 40 2
106 24.30 24.29 15.62 114.59 10 29 1
107 35.76 31.56 15.87 222.87 6 38 1
108 39.64 49.89 31.01 288.29 18 38 1
109 88.05 51.85 14.21 388.43 8 44 1
110 89.21 69.18 49.68 316.61 17 46 2
111 6.76 79.20 25.35 453.51 21 27 3
112 63.94 32.98 19.34 201.79 8 24 2
113 97.92 68.55 42.77 148.30 23 23 1
114 11.32 31.74 27.80 320.12 7 45 2
115 18.57 34.98 49.57 336.70 20 27 3
116 11.36 39.40 9.41 298.75 17 19 3
117 37.05 33.38 29.99 441.89 21 42 3
118 24.08 99.03 3.04 188.64 10 36 2
119 77.91 44.55 36.55 52.48 12 21 2
120 58.51 93.08 11.51 441.14 24 34 3
121 1.73 39.76 49.19 357.27 10 17 2
122 48.13 58.39 47.51 118.05 2 34 1
123 29.34 31.25 45.05 289.93 8 14 3
124 16.70 69.06 29.10 323.50 19 32 1
125 51.98 53.44 17.14 100.42 9 27 3
126 72.61 78.79 7.32 158.01 22 46 2
127 52.37 4.30 11.49 437.48 2 19 2
128 30.25 93.57 11.91 419.87 8 26 2
129 84.69 45.55 38.49 263.25 17 45 1
130 48.02 45.11 20.82 78.79 20 33 1
131 11.80 84.80 45.81 385.00 19 43 3
132 73.68 87.32 23.40 123.87 16 32 3
133 18.09 97.37 0.50 252.67 17 20 1
134 66.50 19.94 34.93 108.77 20 29 2
135 10.08 49.83 33.31 341.66 0 8 2
136 61.15 87.06 48.90 491.76 10 24 3
137 94.35 83.02 16.41 82.78 21 25 3
138 95.57 60.48 24.42 494.60 2 16 3
139 93.07 2.90 45.29 440.89 8 42 1
140 40.88 39.27 10.61 162.69 2 35 3
141 61.06 86.55 43.06 499.41 20 29 3
142 50.03 55.22 13.09 300.30 14 34 1
143 34.56 80.84 4.70 441.48 19 29 2
144 39.91 86.38 22.41 217.16 6 14 3
145 92.68 75.21 21.82 440.28 16 32 1
146 53.85 41.17 35.40 59.42 6 10 1
147 58.83 19.22 33.91 420.24 3 47 2
148 23.75 6.94 49.36 149.80 15 16 2
149 62.03 8.41 39.10 97.49 3 28 2
150 90.78 44.44 28.90 103.13 16 27 2
151 76.64 53.99 12.42 164.12 24 48 2
152 87.04 18.49 13.87 347.18 5 8 1
153 43.58 96.11 36.16 431.57 18 45 2
154 60.37 9.88 2.09 179.36 1 7 2
155 59.87 81.22 16.75 149.47 4 43 3
156 32.34 73.89 11.56 288.91 10 25 1
157 39.30 76.65 26.80 477.80 5 39 2
158 39.36 34.22 47.52 304.20 0 31 2
159 46.02 31.31 48.06 308.99 22 44 2
160 58.94 19.61 16.59 332.52 17 22 1
161 81.34 28.58 17.80 497.28 8 47 2
162 55.19 10.40 12.22 290.27 17 26 3
163 76.68 70.56 28.24 322.32 1 23 1
164 57.19 41.25 15.64 284.95 8 37 1
165 90.75 86.66 44.87 473.02 6 14 1
166 43.69 9.15 36.07 281.55 19 40 1
167 8.41 50.11 11.75 134.90 20 31 1
168 3.86 75.12 14.41 404.88 20 30 3
169 41.51 20.75 14.58 494.92 18 31 1
170 99.50 55.69 29.66 137.46 24 34 3
171 39.85 23.40 45.27 258.86 0 0 3
172 92.76 17.21 27.78 402.87 22 37 2
173 88.04 30.37 24.29 259.14 17 47 3
174 80.24 60.94 31.52 434.62 10 36 3
175 14.50 34.73 38.82 170.58 6 6 1
176 29.96 43.77 32.47 480.74 10 43 2
177 50.93 84.59 34.50 133.84 23 29 1
178 39.31 61.61 32.06 96.48 5 28 1
179 30.83 70.15 24.90 147.66 20 34 1
180 60.53 37.46 43.37 490.43 18 36 3
181 41.21 79.53 7.56 429.70 10 39 2
182 36.71 27.88 48.33 328.75 17 42 2
183 69.64 10.51 9.72 406.92 17 28 2
184 7.82 45.10 47.45 416.94 23 40 1
185 76.95 15.72 18.85 312.65 16 21 2
186 40.03 90.22 24.29 215.53 1 34 2
187 64.96 22.28 44.20 306.60 4 9 2
188 60.30 11.34 29.14 104.22 16 27 1
189 65.22 8.48 0.86 349.33 9 17 2
190 58.60 43.01 23.29 374.15 17 42 3
191 31.54 78.95 10.56 445.13 6 18 3
192 21.46 77.81 32.12 162.46 24 43 2
193 11.02 70.36 29.01 294.06 11 21 1
194 60.89 33.21 40.86 262.29 24 29 3
195 63.29 63.07 45.46 153.83 14 23 1
196 27.85 18.33 31.73 278.16 0 28 1
197 67.39 33.54 25.87 177.81 5 23 3
198 14.65 17.56 48.88 220.72 15 48 3
199 61.18 47.34 9.42 259.14 5 34 1
200 20.54 52.77 6.00 54.30 4 6 3
201 71.34 52.43 31.97 473.05 1 2 1
202 94.98 51.94 47.82 315.92 5 30 2
203 47.63 59.63 28.02 189.51 2 7 1
204 49.16 54.14 3.21 193.11 2 11 1
205 64.32 24.98 13.32 248.54 15 36 2
206 68.43 48.10 12.12 272.90 5 23 1
207 63.83 76.57 37.97 390.90 11 32 3
208 73.74 72.88 38.01 391.67 19 32 1
209 46.23 87.68 3.73 131.50 6 39 1
210 39.54 5.54 35.91 90.01 19 19 3
211 63.19 14.71 22.93 333.15 3 24 2
212 88.08 11.75 8.12 345.35 6 21 2
213 36.22 6.63 36.79 447.72 0 21 2
214 31.50 96.26 37.42 293.48 3 38 3
215 63.16 77.09 8.16 262.86 7 42 3
216 4.12 21.98 46.39 82.52 16 22 3
217 71.30 76.14 8.47 217.76 4 35 1
218 54.73 46.01 8.61 498.69 4 11 1
219 78.24 92.85 14.63 406.00 6 23 1
220 53.54 39.15 47.25 177.90 23 24 1
221 19.39 38.13 27.97 232.82 19 30 1
222 4.47 61.90 47.26 280.80 17 27 2
223 84.18 33.76 25.47 81.89 3 37 2
224 42.10 97.50 42.73 488.15 18 19 1
225 49.23 19.31 4.19 83.66 16 48 1
226 24.38 87.37 29.45 104.83 2 9 1
227 57.98 75.85 18.14 483.08 24 34 1
228 45.73 51.27 40.73 486.28 1 3 1
229 34.28 5.33 6.92 146.78 9 28 1
230 67.33 92.82 44.22 200.94 24 31 1
231 18.46 68.97 13.74 79.67 2 27 2
232 23.85 75.66 8.28 441.42 3 27 2
233 33.05 75.93 25.50 275.09 4 48 3
234 83.93 91.04 15.33 304.76 23 44 3
235 3.45 63.90 30.00 213.13 19 19 2
236 5.77 12.45 46.98 169.54 19 44 2
237 58.37 26.88 3.77 218.33 2 17 3
238 65.01 62.85 34.03 125.28 23 39 3
239 71.12 35.02 8.56 198.42 9 13 1
240 67.46 6.34 24.66 469.21 2 46 2
241 69.63 66.80 21.48 92.06 13 46 3
242 40.65 39.68 5.94 400.68 5 32 1
243 45.03 66.61 13.38 404.54 10 32 2
244 32.25 76.41 20.53 87.22 16 40 2
245 13.77 99.21 12.04 229.37 15 33 3
246 57.75 17.37 11.10 201.30 9 36 3
247 27.86 84.34 37.84 313.97 11 28 1
248 24.02 11.23 16.02 173.85 12 28 1
249 66.26 84.39 10.11 424.68 18 36 3
250 98.77 92.34 1.42 249.38 19 34 2
251 45.66 60.91 4.82 362.45 13 20 1
252 78.78 58.72 23.40 72.46 23 23 3
253 2.81 25.17 28.90 242.37 7 35 1
254 80.47 17.03 34.70 309.47 14 26 2
255 66.15 52.04 30.24 348.91 5 22 1
256 77.60 8.80 46.46 154.67 3 21 1
257 85.80 16.15 1.30 251.86 12 18 3
258 84.19 12.50 33.22 324.87 5 23 1
259 10.38 80.53 36.39 489.34 10 19 3
260 50.72 36.46 30.64 140.37 15 22 2
261 71.35 72.21 9.74 282.23 10 40 2
262 83.94 37.35 45.66 286.49 6 44 2
263 0.37 54.70 11.55 200.60 9 30 3
264 32.63 75.67 34.77 171.12 13 13 3
265 13.57 53.55 18.46 408.82 23 47 3
266 52.73 90.13 21.69 362.88 22 43 2
267 58.89 76.42 10.42 159.60 12 14 3
268 55.10 5.71 17.80 237.13 16 45 1
269 94.50 80.48 21.47 65.63 15 34 3
270 51.09 73.23 14.87 127.40 5 16 1
271 89.97 11.27 4.19 70.52 18 36 3
272 75.08 60.56 27.22 151.81 6 39 1
273 3.20 19.04 30.54 352.36 21 22 3
274 74.25 84.55 16.69 497.13 20 21 2
275 2.20 19.10 21.48 352.54 2 32 2
276 33.70 94.98 21.30 140.03 16 27 3
277 47.19 25.90 2.36 57.88 21 37 2
278 28.71 72.92 44.90 456.53 0 23 1
279 77.02 87.66 0.44 392.38 4 16 2
280 12.47 22.44 17.36 58.23 8 45 3
281 60.05 7.38 35.15 210.32 1 31 3
282 35.40 29.97 0.76 426.27 16 30 1
283 33.57 11.55 30.97 263.05 4 8 1
284 46.49 43.25 12.20 391.85 16 44 2
285 89.27 53.14 19.83 235.16 7 12 1
286 8.80 60.95 2.52 395.90 20 26 1
287 75.90 26.09 39.92 187.97 3 5 2
288 77.36 54.56 33.75 304.16 10 29 1
289 96.58 79.10 31.30 383.93 15 43 2
290 30.26 33.58 29.09 185.18 9 19 1
291 72.24 0.17 22.49 119.21 7 9 3
292 22.88 62.81 49.45 224.55 3 6 3
293 15.06 2.72 6.03 291.14 24 39 3
294 40.84 92.00 13.44 281.09 11 45 3
295 64.60 15.22 39.11 149.90 5 31 3
296 18.69 29.70 30.33 270.56 8 29 1
297 20.57 84.62 36.05 165.23 20 20 1
298 89.68 61.93 15.27 440.21 18 30 2
299 82.60 10.20 35.36 270.62 2 33 1
300 70.99 33.52 33.98 357.70 10 11 2
301 95.39 73.23 38.06 411.43 22 43 2
302 48.55 3.45 18.13 350.48 6 35 1
303 96.49 27.24 40.90 256.06 7 39 2
304 21.09 71.71 20.15 64.22 23 37 2
305 62.98 34.92 36.31 113.57 11 31 3
306 73.50 66.99 30.59 188.72 19 40 1
307 75.16 93.80 6.06 264.84 5 12 1
308 90.53 41.73 33.09 325.16 21 44 3
309 81.00 34.84 23.65 380.69 9 47 2
310 6.84 38.29 7.71 309.85 22 48 3
311 81.20 63.05 24.44 116.61 23 39 3
312 93.82 79.26 19.36 161.69 22 26 2
313 70.14 43.84 19.29 415.76 23 47 2
314 19.29 38.99 40.83 410.96 10 31 2
315 53.13 44.76 3.28 182.69 14 27 1
316 32.21 15.26 47.24 66.58 5 27 3
317 10.49 58.32 23.99 179.08 9 19 3
318 97.06 33.63 36.32 258.58 18 23 3
319 31.09 28.66 38.06 60.21 5 33 3
320 14.70 87.05 31.78 200.03 22 34 2
321 96.74 1.03 49.71 328.93 8 9 1
322 99.66 61.07 30.99 344.01 24 41 2
323 75.36 35.70 1.23 320.98 12 45 2
324 85.89 71.04 20.63 357.64 8 36 3
325 20.79 48.47 39.53 315.12 20 37 1
326 36.53 83.77 26.78 278.70 1 25 2
327 62.47 88.01 41.11 115.67 14 42 3
328 52.79 50.26 15.72 284.49 16 27 1
329 62.09 7.35 25.08 192.87 5 43 1
330 50.86 66.95 33.06 403.78 21 34 1
331 89.09 83.40 12.58 424.96 16 31 2
332 78.12 69.16 49.24 473.25 18 38 1
333 16.87 68.62 46.98 238.34 0 41 1
334 9.94 69.48 44.08 479.20 14 20 2
335 67.96 20.89 46.05 414.03 13 27 2
336 81.43 25.10 44.95 426.93 3 31 3
337 98.40 30.69 28.31 345.02 8 31 1
338 86.32 52.89 21.91 456.20 16 24 2
339 97.23 88.06 23.01 272.82 17 23 2
340 39.32 28.44 5.86 78.18 2 11 1
341 44.16 5.85 40.61 148.28 13 25 1
342 34.76 24.78 44.40 62.39 8 39 1
343 21.64 75.75 45.20 196.79 15 23 3
344 36.49 42.46 4.94 265.94 7 14 3
345 51.32 18.43 0.39 319.20 5 10 2
346 74.02 12.06 14.81 113.06 22 42 3
347 63.24 75.95 14.43 337.72 11 30 3
348 67.58 84.38 26.47 497.49 17 19 2
349 77.35 25.47 45.68 269.29 16 39 3
350 31.59 42.53 45.00 299.22 15 27 3
351 28.27 13.08 44.54 321.19 15 15 2
352 30.99 20.91 7.64 200.76 6 19 3
353 27.06 39.49 31.27 102.92 22 24 3
354 29.56 31.41 10.29 268.20 19 41 1
355 10.48 20.38 32.50 471.38 19 20 2
356 20.35 73.89 13.19 195.13 1 26 2
357 11.89 73.87 29.18 251.95 5 12 3
358 61.80 56.46 22.76 86.97 21 30 3
359 46.45 28.96 40.33 302.17 20 22 3
360 61.30 99.70 14.79 197.52 4 4 1
361 32.76 2.29 3.35 400.14 24 42 3
362 92.59 29.09 28.40 68.88 8 28 2
363 91.93 15.21 0.51 117.53 10 13 1
364 22.47 34.62 38.87 274.09 2 14 2
365 33.67 88.82 18.36 252.84 17 38 3
366 59.84 11.02 38.44 89.70 7 46 2
367 66.28 49.19 39.56 411.64 18 20 1
368 21.05 36.31 21.45 465.88 10 19 3
369 0.97 24.54 20.03 367.53 3 48 1
370 24.49 25.08 23.66 454.76 22 44 2
371 50.79 74.40 19.03 266.60 7 19 1
372 85.60 2.02 34.15 316.25 21 28 1
373 23.86 88.61 38.40 305.07 3 15 2
374 77.16 0.84 23.75 235.60 11 15 1
375 17.20 40.76 41.89 456.15 16 41 2
376 81.23 14.06 24.07 366.64 23 27 3
377 35.27 35.99 33.22 479.27 1 16 1
378 56.61 17.92 20.84 53.78 8 36 2
379 16.02 76.80 31.68 51.94 13 37 2
380 52.65 41.22 31.21 400.70 20 42 3
381 41.56 28.01 26.80 181.45 10 32 2
382 43.88 49.65 32.59 352.65 0 7 3
383 8.03 25.60 27.10 137.26 11 20 1
384 54.68 77.54 43.53 378.94 0 13 1
385 93.50 64.67 10.04 438.18 1 30 3
386 96.43 93.73 47.02 320.32 22 28 1
387 63.70 26.67 20.67 348.38 1 19 3
388 77.00 1.31 1.03 467.18 13 13 2
389 96.94 52.60 48.45 383.54 20 35 3
390 18.47 36.56 16.18 257.11 17 26 2
391 81.55 10.46 23.87 417.61 1 13 3
392 14.07 49.42 17.59 432.16 19 42 2
393 36.28 32.22 0.74 462.64 16 47 3
394 12.98 16.56 47.51 106.75 21 24 3
395 87.39 74.18 44.57 469.41 15 40 2
396 8.73 61.94 45.97 77.31 14 42 1
397 90.00 1.64 1.89 415.42 3 3 1
398 18.28 65.86 41.52 449.98 22 26 1
399 78.59 60.73 13.34 62.87 24 27 3
400 9.72 36.18 47.04 222.75 24 46 3
401 44.17 92.79 42.82 167.42 17 20 3
402 77.23 74.62 27.06 315.21 16 23 2
403 88.23 8.43 29.98 294.61 6 45 3
404 12.68 19.05 32.34 471.08 2 15 2
405 70.24 84.90 1.39 205.64 20 43 3
406 71.54 90.97 19.11 415.84 23 30 3
407 78.66 65.89 7.08 320.27 8 38 2
408 17.96 68.04 41.64 432.76 12 44 3
409 1.60 83.93 18.57 112.79 9 32 3
410 81.70 46.97 26.05 429.98 11 41 3
411 31.82 72.80 42.58 244.70 11 33 3
412 29.31 80.37 34.79 240.27 22 45 3
413 82.44 44.01 49.50 183.55 19 27 2
414 85.08 94.13 1.60 213.59 19 20 3
415 57.28 54.90 26.22 58.95 19 47 2
416 26.83 68.58 49.79 340.70 17 24 1
417 29.16 67.59 41.22 408.56 3 38 3
418 38.38 68.98 2.86 397.38 1 18 1
419 17.89 3.96 37.64 383.40 23 41 3
420 50.26 31.65 48.92 401.61 5 27 2
421 4.30 58.16 33.12 471.25 6 23 3
422 71.86 7.68 6.16 302.73 7 36 1
423 96.96 78.52 27.33 384.01 4 27 3
424 84.38 84.43 18.25 432.54 21 46 3
425 83.27 35.70 17.92 114.03 5 8 2
426 13.02 29.71 35.84 187.17 2 16 3
427 98.13 52.17 5.09 198.29 0 34 3
428 99.13 94.25 33.80 277.31 9 31 2
429 56.01 18.10 37.98 403.23 24 46 1
430 45.89 31.36 9.85 352.89 21 22 2
431 91.16 39.35 34.91 99.51 7 7 2
432 87.06 44.93 24.92 259.42 21 33 1
433 69.84 42.19 30.19 461.22 24 40 3
434 32.46 77.36 8.30 489.15 10 34 3
435 9.55 35.93 9.81 426.37 9 44 3
436 15.08 90.54 27.80 270.39 18 22 1
437 39.26 32.95 25.32 196.34 6 22 3
438 83.71 58.73 5.66 75.24 11 13 1
439 1.37 70.96 7.07 296.50 15 42 2
440 73.20 75.61 47.82 363.24 1 13 2
441 89.83 58.08 20.04 63.76 2 42 3
442 37.45 42.11 44.67 293.95 4 30 3
443 75.05 41.95 44.19 148.38 22 45 2
444 24.65 58.67 30.40 338.56 6 15 1
445 87.88 33.55 49.05 212.88 11 32 1
446 25.31 64.04 10.75 179.99 18 26 2
447 60.98 15.33 40.22 486.94 11 44 2
448 71.83 91.11 29.35 139.68 6 20 2
449 81.74 83.01 36.52 317.05 13 29 2
450 2.31 88.97 11.14 378.36 2 14 3
451 97.51 47.40 20.62 273.27 4 47 3
452 62.89 45.71 17.48 379.08 22 41 1
453 45.52 80.64 25.27 280.60 4 26 3
454 59.38 55.46 4.50 368.18 18 27 1
455 2.27 26.60 26.86 328.96 23 32 3
456 36.17 50.45 25.77 206.76 3 40 1
457 59.79 91.90 45.69 137.06 8 30 2
458 86.23 96.85 46.00 497.52 10 14 1
459 29.18 70.74 48.42 148.98 12 19 1
460 42.60 49.42 8.38 287.63 3 23 1
461 99.59 53.97 40.46 105.85 3 3 2
462 44.60 73.23 38.02 287.25 4 12 2
463 37.85 75.02 13.91 134.72 1 16 3
464 96.65 27.61 40.13 338.22 15 39 2
465 42.16 15.57 10.81 275.54 9 38 1
466 36.26 61.64 25.97 150.28 5 22 2
467 50.29 91.49 12.10 67.16 10 28 3
468 41.00 52.23 43.92 341.74 19 19 3
469 87.27 72.65 36.97 346.64 0 21 2
470 12.05 47.08 23.24 76.06 24 43 1
471 56.41 16.92 22.27 376.83 23 24 1
472 51.47 89.72 24.45 304.30 19 21 1
473 41.15 17.24 15.05 341.64 14 35 1
474 25.94 19.75 0.42 121.00 15 43 3
475 27.29 42.93 8.81 69.81 22 27 2
476 78.66 52.78 4.34 450.21 19 43 2
477 63.78 60.53 47.66 109.33 19 37 2
478 6.04 1.35 46.23 356.62 16 19 2
479 29.09 55.96 20.01 254.78 2 47 2
480 55.87 80.09 12.93 218.63 5 47 2
481 58.89 6.11 32.21 115.26 4 48 1
482 84.68 69.08 17.12 85.63 9 42 3
483 96.94 37.16 44.78 215.17 24 37 3
484 17.61 85.23 39.32 474.70 3 42 3
485 54.79 31.75 3.44 418.95 22 29 3
486 96.07 83.00 49.60 422.20 18 35 1
487 32.32 2.14 24.21 352.51 0 17 1
488 22.83 96.22 37.97 179.04 13 48 3
489 14.41 51.26 23.50 180.86 18 32 1
490 61.13 13.43 36.04 241.60 19 28 3
491 24.47 7.71 34.43 112.07 20 39 2
492 25.57 73.10 22.17 120.96 15 36 2
493 40.22 86.29 21.34 403.65 9 26 3
494 83.33 87.77 14.78 140.32 2 19 1
495 95.57 11.51 41.08 80.70 13 27 3
496 60.02 66.10 35.16 426.04 17 27 1
497 34.92 20.10 46.93 408.24 5 44 3
498 56.34 9.07 43.32 80.45 21 38 1
499 79.03 72.78 49.09 448.30 2 9 1
500 98.02 2.15 40.77 56.46 6 14 3
1 188.98 3173.60 1
2 197.71 3027.64 2
3 143.99 4349.04 3
4 157.17 3333.19 2
1 1.82 32.16 3
2 1.20 40.30 3
3 1.72 28.93 1
4 1.70 32.93 1
5 1.68 49.08 2
6 1.32 35.76 2
7 1.48 48.80 2
8 1.71 31.37 2
9 1.57 36.69 4
