Data for Vehicle routing problem with drones - Author: Huyen Do Thi Ngoc
Number of depots: 4
Number of cities: 100
Number of trucks: 5
Number of drones: 14
Area: 100 100 50
Customer maximum demand: 500
Max capacity of truck: 200
Max energy of truck: 5000
Max capacity of drone: 2
Max energy of drone: 50
1 65.02 82.37 4.75
2 83.50 88.42 9.19
3 50.83 58.27 48.48
4 9.75 38.28 47.60
1 13.44 4.51 25.59 411.86 22 28 1
2 5.86 37.60 32.41 473.72 18 29 4
3 24.79 72.18 31.36 443.09 15 35 4
4 80.47 28.03 47.23 427.31 18 39 3
5 33.48 73.88 5.36 186.64 21 41 3
6 68.70 87.48 37.80 400.88 3 13 3
7 0.45 38.46 16.69 414.80 21 37 1
8 28.54 28.38 18.62 135.73 23 34 1
9 81.25 4.79 17.85 428.58 7 26 4
10 75.67 84.42 46.63 495.51 9 34 1
11 46.34 87.53 8.82 60.33 3 16 1
12 65.29 26.68 9.01 253.06 13 17 1
13 39.24 35.02 15.97 92.99 8 9 1
14 45.00 4.56 30.25 133.15 8 39 1
15 8.47 74.52 34.60 244.12 18 40 4
16 29.05 82.45 30.19 137.86 4 19 1
17 15.88 36.48 40.55 250.08 17 34 2
18 93.21 93.40 28.58 86.05 11 22 3
19 74.57 90.53 47.67 497.30 21 24 2
20 22.04 80.74 25.73 380.28 16 16 4
21 39.23 51.48 46.97 494.94 1 10 3
22 71.26 62.44 37.47 482.96 10 38 2
23 48.10 46.24 46.55 325.00 6 6 2
24 33.19 33.70 1.28 384.38 11 34 1
25 24.05 57.96 38.71 114.82 15 36 2
26 41.23 2.48 11.92 127.47 6 48 1
27 63.49 11.64 47.34 258.33 2 21 4
28 13.35 85.64 34.56 467.27 17 30 4
29 72.56 48.26 18.90 266.15 6 38 3
30 82.28 90.49 42.83 321.78 22 40 3
31 59.94 79.11 7.15 371.34 18 40 3
32 3.58 28.09 4.30 118.00 18 41 1
33 21.28 41.20 48.18 246.14 4 37 1
34 71.29 4.67 28.44 412.99 23 25 1
35 99.15 52.42 32.71 313.09 15 30 3
36 98.01 19.49 1.33 428.08 2 18 2
37 8.23 67.28 7.59 325.01 15 26 3
38 92.63 49.20 8.08 204.15 2 42 3
39 40.84 52.26 26.65 447.35 23 42 3
40 65.49 60.95 25.82 340.15 21 47 1
41 51.48 23.67 18.13 72.49 3 46 3
42 16.03 3.78 2.14 295.52 1 41 2
43 62.32 85.44 46.93 472.13 19 20 2
44 78.16 76.18 35.06 244.77 9 22 4
45 1.30 50.09 25.32 354.90 16 48 3
46 60.80 94.97 23.63 441.88 24 31 3
47 84.98 10.98 25.99 332.11 19 30 1
48 19.69 59.29 39.11 113.45 20 40 2
49 99.36 55.23 1.68 441.27 6 43 4
50 31.04 11.12 10.58 249.55 15 22 3
51 86.68 82.61 23.79 166.77 15 41 2
52 53.10 59.88 1.54 459.92 2 45 3
53 96.23 25.48 31.80 189.37 10 43 3
54 46.60 0.89 28.64 60.50 17 45 3
55 19.09 7.10 46.93 315.20 4 33 2
56 77.32 31.63 44.16 127.35 23 47 4
57 81.12 67.65 20.90 274.78 20 23 4
58 1.10 70.76 17.60 217.12 13 22 3
59 55.36 48.81 28.04 195.19 0 47 1
60 77.89 19.12 2.82 192.23 14 38 4
61 85.90 89.60 1.66 104.42 9 35 1
62 19.42 25.65 17.21 172.57 2 16 1
63 9.62 66.93 45.55 301.25 6 23 1
64 55.37 43.22 37.34 225.66 24 45 4
65 40.31 53.48 38.91 210.95 13 22 3
66 50.50 81.15 19.80 95.62 2 2 2
67 11.22 62.43 40.07 115.90 21 33 2
68 75.23 75.84 12.74 463.90 10 24 1
69 6.98 93.74 45.99 134.12 6 41 4
70 43.61 61.01 39.29 68.75 4 24 3
71 36.26 39.96 14.46 247.01 10 20 1
72 71.32 70.82 2.25 305.62 4 27 3
73 53.15 67.70 15.22 58.81 24 36 1
74 92.33 13.36 36.51 413.64 12 45 3
75 94.78 49.03 34.14 376.44 24 25 4
76 70.50 52.98 11.37 347.07 11 11 3
77 79.58 8.35 36.62 426.68 17 45 2
78 35.78 14.61 10.17 119.06 3 3 2
79 94.22 40.20 27.69 87.64 20 41 1
80 53.15 5.14 15.54 159.48 3 5 3
81 41.60 69.78 33.44 441.27 20 36 3
82 61.24 96.50 49.85 191.01 0 10 1
83 82.16 22.14 21.40 460.16 1 11 3
84 60.99 20.33 24.48 68.77 10 38 3
85 31.19 93.91 16.05 99.50 20 35 2
86 80.12 10.20 26.91 390.41 9 23 2
87 7.83 1.19 26.05 307.78 21 38 3
88 47.18 67.86 30.18 373.51 1 23 3
89 59.26 9.82 33.52 472.24 17 24 4
90 92.73 91.74 46.19 92.58 10 14 2
91 62.26 78.22 6.51 144.82 12 23 4
92 45.89 53.23 14.02 62.96 4 9 3
93 7.96 26.01 26.19 443.27 15 15 1
94 17.08 62.96 17.47 62.74 1 14 3
95 87.43 95.81 32.89 499.36 21 33 1
96 32.40 80.99 12.59 117.53 1 31 4
97 88.49 33.37 36.58 120.55 17 23 2
98 96.97 56.93 45.88 147.45 1 7 2
99 50.98 56.21 36.69 386.82 15 23 1
100 62.94 64.89 28.54 297.57 14 44 3
1 135.56 4577.64 1
2 116.92 3729.97 2
3 117.96 4317.29 3
4 155.53 4864.85 4
5 112.66 3377.49 4
1 1.77 34.09 5
2 1.99 27.75 5
3 1.96 43.95 5
4 1.98 33.47 1
5 1.80 30.32 3
6 1.86 39.26 5
7 1.69 43.35 2
8 1.45 34.49 4
9 1.76 26.08 2
10 1.06 40.68 5
11 1.44 44.26 2
12 1.08 28.81 1
13 1.50 41.57 4
14 1.42 37.90 5
