Data for Vehicle routing problem with drones - Author: Huyen Do Thi Ngoc
Number of depots: 2
Number of cities: 200
Number of trucks: 7
Number of drones: 15
Area: 100 100 50
Customer maximum demand: 500
Max capacity of truck: 200
Max energy of truck: 5000
Max capacity of drone: 2
Max energy of drone: 50
1 16.09 92.11 5.94
2 48.96 6.94 30.86
1 27.53 27.31 13.15 344.61 3 45 2
2 89.53 59.86 48.30 253.34 2 45 1
3 59.72 48.83 41.99 294.50 13 28 2
4 59.53 1.02 50.00 96.46 7 35 1
5 51.11 77.45 23.51 326.52 12 37 2
6 29.88 15.99 3.49 394.99 9 37 2
7 7.46 84.76 42.54 303.16 4 4 1
8 73.03 65.22 25.73 81.86 4 29 1
9 69.08 91.16 40.53 165.77 5 20 2
10 40.22 35.47 33.53 74.53 19 41 1
11 26.66 50.89 8.00 94.84 15 48 1
12 57.22 86.83 9.07 389.30 9 32 2
13 72.23 12.74 27.48 170.50 3 15 2
14 51.16 75.86 41.14 483.07 24 39 1
15 89.10 82.71 26.45 179.27 19 24 2
16 44.35 74.58 35.74 417.86 5 18 2
17 69.82 39.56 37.03 172.88 21 21 2
18 54.86 15.06 49.48 282.71 20 39 2
19 76.25 79.70 28.74 199.73 7 38 2
20 68.23 61.81 39.96 179.01 16 21 2
21 65.80 2.62 3.10 150.08 0 2 2
22 38.08 76.18 28.48 302.56 15 21 2
23 18.85 13.48 13.72 141.04 16 38 2
24 63.27 12.38 30.83 185.15 7 25 2
25 48.25 35.45 39.55 315.90 15 22 1
26 57.25 0.71 21.66 219.94 14 41 1
27 82.06 82.71 1.16 486.83 9 18 1
28 0.02 24.03 41.45 61.93 22 47 1
29 87.36 37.58 43.73 168.17 0 1 2
30 77.57 35.10 34.18 312.23 5 26 2
31 38.77 38.64 8.16 272.93 14 33 1
32 70.59 45.89 46.05 482.04 13 22 1
33 28.62 59.48 6.44 84.06 4 35 2
34 21.69 19.51 13.12 184.41 24 32 1
35 31.28 39.17 32.85 273.79 6 19 1
36 67.46 74.61 21.57 373.03 0 39 1
37 43.03 49.15 13.33 117.76 0 20 2
38 14.94 33.10 22.92 296.60 4 37 2
39 96.08 47.12 12.15 224.96 5 45 2
40 59.55 55.36 39.10 95.59 4 31 2
41 65.30 28.93 20.68 418.40 13 20 1
42 76.97 46.95 16.23 483.01 2 2 1
43 25.99 68.81 48.21 301.88 0 16 1
44 41.93 18.20 9.08 342.13 7 34 1
45 87.34 17.91 40.64 315.72 9 36 1
46 56.47 26.96 32.25 463.14 21 25 1
47 72.05 45.19 30.52 212.73 2 48 1
48 91.40 90.08 24.43 460.59 8 25 2
49 10.23 48.12 17.18 261.22 0 37 1
50 38.07 4.00 36.45 82.83 16 47 2
51 0.11 63.94 26.20 267.65 20 37 1
52 23.87 61.41 14.20 151.43 3 5 1
53 78.65 57.93 21.03 125.95 4 29 2
54 32.33 45.89 6.60 219.86 7 32 2
55 87.97 14.54 32.55 342.18 10 21 2
56 67.44 23.53 11.27 337.39 11 30 2
57 50.98 2.72 27.22 353.52 3 19 2
58 28.75 16.38 17.44 376.67 10 21 1
59 24.26 44.69 32.98 236.95 16 39 1
60 43.44 44.84 49.24 476.86 0 22 2
61 29.47 11.79 26.92 338.85 18 47 2
62 43.62 29.45 29.24 300.26 22 36 1
63 61.58 34.62 35.02 460.34 4 16 1
64 53.29 13.35 33.84 317.10 2 40 2
65 0.21 80.27 38.13 105.21 3 15 2
66 83.69 86.83 26.73 174.44 0 5 2
67 85.93 71.43 20.86 309.35 6 28 1
68 54.41 26.59 34.86 100.98 19 22 2
69 5.25 68.19 6.02 160.62 10 30 2
70 95.54 34.99 35.23 57.12 12 32 2
71 61.15 4.46 40.10 424.85 1 6 2
72 81.58 6.77 37.43 240.57 6 31 1
73 52.34 42.87 16.84 116.91 7 45 1
74 96.66 36.30 33.76 62.10 18 24 2
75 12.12 84.60 35.32 380.83 6 9 2
76 5.74 37.60 19.12 444.38 0 31 1
77 81.73 63.43 2.29 104.06 16 30 2
78 96.13 46.14 43.98 176.18 23 44 1
79 35.35 47.13 29.72 271.37 9 11 1
80 44.96 89.81 21.37 195.75 23 28 2
81 28.20 65.75 44.72 451.82 20 47 2
82 68.80 70.65 40.32 391.05 1 40 1
83 83.34 21.92 26.66 158.93 24 46 2
84 95.19 76.48 16.22 114.93 7 44 2
85 23.06 14.13 35.70 335.00 4 38 2
86 56.03 12.30 0.69 324.14 16 24 2
87 20.00 31.24 23.64 210.29 13 26 1
88 75.03 47.92 14.00 452.32 0 17 2
89 29.18 31.31 20.24 196.69 10 42 2
90 31.50 57.53 28.36 338.76 18 28 1
91 40.58 34.29 6.34 65.37 4 25 2
92 16.39 71.71 30.73 409.10 18 20 1
93 8.56 96.29 6.31 499.35 24 37 1
94 97.77 62.09 20.79 409.04 12 17 2
95 54.25 81.35 39.04 221.33 13 21 1
96 89.98 33.69 36.95 234.79 23 31 2
97 75.73 19.31 16.25 259.88 0 20 2
98 2.70 56.60 27.51 262.40 20 30 2
99 56.87 91.78 15.08 131.36 19 21 2
100 3.81 73.78 19.98 290.91 13 48 2
101 54.68 96.90 14.01 89.93 4 6 1
102 28.53 76.25 26.00 253.38 15 29 1
103 89.64 90.35 0.54 496.74 9 48 1
104 50.65 73.89 6.96 395.06 11 40 2
105 74.75 51.56 29.47 196.96 9 23 1
106 3.97 97.38 31.10 485.14 17 23 1
107 38.07 18.09 30.05 414.29 6 10 2
108 73.21 29.10 31.04 59.41 11 18 2
109 58.52 73.37 25.02 151.22 22 37 2
110 32.33 28.58 11.87 224.45 7 22 1
111 33.04 92.24 7.11 51.06 20 40 2
112 0.44 8.91 46.03 254.99 2 43 2
113 19.14 80.81 1.80 218.29 19 24 2
114 6.86 22.42 31.38 54.54 21 47 2
115 51.71 64.41 28.33 295.71 10 12 1
116 27.38 66.10 32.73 395.65 10 47 2
117 22.91 35.07 8.13 318.62 17 18 2
118 99.28 58.84 43.70 107.21 6 9 2
119 97.56 4.84 47.91 161.35 15 37 1
120 20.49 12.77 23.25 328.08 11 23 2
121 4.56 31.24 2.36 70.66 7 29 2
122 70.87 67.47 26.11 99.41 18 47 1
123 30.50 98.47 15.50 477.94 4 21 2
124 36.87 62.43 21.01 220.20 20 27 2
125 78.52 67.96 39.72 252.47 14 31 1
126 52.13 58.64 6.03 488.58 19 40 2
127 61.57 72.09 41.96 110.89 7 28 2
128 86.59 61.09 34.62 168.32 6 27 1
129 1.93 36.84 38.18 159.69 10 35 2
130 17.05 31.75 39.35 447.35 4 10 2
131 43.56 81.50 2.73 99.61 8 10 2
132 89.52 94.83 33.49 326.09 23 47 1
133 29.29 85.63 40.73 163.14 6 23 2
134 51.46 68.27 14.08 366.64 9 15 2
135 16.61 38.86 6.19 394.70 0 46 2
136 53.83 98.30 5.87 277.33 16 22 1
137 0.41 26.95 49.20 262.28 19 22 2
138 49.22 39.49 32.95 480.09 2 3 2
139 20.86 8.86 26.38 481.25 1 28 1
140 82.33 23.76 3.03 232.31 13 40 2
141 22.11 75.98 24.64 466.91 14 40 1
142 47.16 41.17 37.43 370.66 10 13 1
143 82.15 74.32 43.44 307.57 5 43 1
144 8.87 69.00 20.79 407.55 19 24 2
145 59.17 49.39 15.22 369.28 10 23 2
146 31.15 50.79 14.36 319.78 15 37 2
147 98.93 83.32 8.61 100.00 0 15 2
148 52.21 14.85 35.22 150.70 0 14 1
149 54.33 84.52 43.46 210.81 17 45 1
150 40.39 32.70 17.88 251.91 5 16 1
151 85.33 96.59 5.73 432.52 15 28 2
152 25.09 3.14 8.07 362.13 23 44 2
153 38.04 52.03 9.72 145.74 3 34 2
154 16.05 41.06 28.41 243.27 23 48 1
155 3.98 19.33 6.54 66.98 20 35 1
156 35.78 91.92 26.04 73.24 24 25 1
157 47.00 18.28 7.04 307.73 10 24 1
158 20.15 38.97 12.98 135.11 15 39 1
159 99.79 67.23 22.75 284.34 3 34 2
160 69.59 84.73 1.07 463.07 13 22 1
161 69.34 24.37 49.39 457.41 23 26 1
162 10.83 51.48 43.86 414.21 13 28 2
163 72.66 17.08 43.12 339.10 3 34 2
164 7.27 9.62 18.20 215.68 4 24 2
165 83.23 41.01 21.42 152.10 3 38 2
166 70.60 49.81 31.62 472.65 22 28 1
167 72.92 21.87 21.20 253.62 1 27 1
168 52.90 32.49 42.53 233.51 13 19 1
169 19.75 97.77 42.99 289.38 9 12 2
170 10.89 55.33 13.21 210.93 10 48 1
171 2.26 12.01 39.08 431.62 8 33 1
172 47.53 24.35 12.38 481.23 5 19 1
173 18.98 65.17 8.32 240.53 22 38 1
174 18.39 18.80 14.02 369.37 10 25 2
175 84.02 65.75 49.55 238.83 6 16 1
176 45.31 94.81 27.63 344.35 5 28 1
177 87.58 93.84 12.25 293.07 11 19 2
178 18.91 52.11 42.41 265.25 23 48 2
179 2.87 37.64 6.97 462.18 15 48 1
180 74.75 84.55 12.70 105.76 12 29 1
181 59.78 62.62 6.69 331.39 16 40 1
182 38.68 41.11 36.51 58.76 14 45 2
183 4.77 95.74 30.25 73.97 15 37 1
184 79.11 32.82 34.96 144.29 6 26 1
185 52.08 30.46 9.38 347.34 0 24 1
186 48.99 15.54 15.81 200.99 0 20 1
187 41.71 60.83 27.80 194.24 0 17 2
188 54.50 75.96 9.44 125.33 20 32 2
189 25.35 39.72 30.47 202.30 21 30 2
190 4.17 82.60 20.83 359.19 0 36 2
191 83.41 88.17 37.84 477.70 8 14 2
192 92.09 23.72 33.92 497.74 8 20 2
193 82.99 44.47 46.38 257.12 5 43 2
194 64.42 85.08 26.95 399.46 1 17 1
195 2.31 45.98 4.45 398.14 1 36 2
196 38.69 24.48 9.61 59.56 8 11 2
197 4.03 93.01 7.45 333.90 17 24 1
198 67.42 30.60 15.14 331.73 10 45 1
199 45.50 25.06 49.09 438.33 15 19 1
200 95.47 43.24 4.30 237.88 15 41 2
1 137.12 2534.56 1
2 156.47 4261.68 2
3 145.81 4783.98 2
4 186.76 4715.55 2
5 170.07 2754.78 2
6 147.94 3694.25 2
7 151.63 3195.80 1
1 1.01 28.34 7
2 1.48 36.05 3
3 1.09 31.18 4
4 1.03 48.02 1
5 1.99 31.72 6
6 1.99 39.54 4
7 1.71 26.16 4
8 1.69 26.60 1
9 1.19 38.48 3
10 1.27 32.88 7
11 1.46 42.74 4
12 1.34 28.62 5
13 1.25 28.71 4
14 1.90 42.98 4
15 1.42 33.73 7
