Data for Vehicle routing problem with drones - Author: Huyen Do Thi Ngoc
Number of depots: 5
Number of cities: 300
Number of trucks: 10
Number of drones: 18
Area: 100 100 50
Customer maximum demand: 500
Max capacity of truck: 200
Max energy of truck: 5000
Max capacity of drone: 2
Max energy of drone: 50
1 72.86 16.32 12.19
2 18.15 62.45 0.32
3 65.75 19.20 8.51
4 14.40 13.68 13.27
5 35.05 43.48 16.99
1 40.99 81.96 15.56 418.16 17 36 2
2 26.81 11.35 4.98 203.20 2 22 2
3 38.06 20.51 15.86 236.39 22 45 5
4 89.17 46.05 34.37 225.95 15 19 2
5 53.65 14.60 33.31 390.02 5 25 2
6 77.73 87.42 13.18 333.36 15 19 3
7 50.31 37.22 14.60 340.01 4 45 2
8 5.89 36.89 14.03 224.86 13 40 4
9 52.44 23.67 45.95 454.41 3 43 4
10 7.14 59.11 46.65 100.89 10 32 2
11 70.41 24.14 21.37 310.24 4 36 2
12 15.39 11.54 43.08 435.70 9 33 2
13 55.02 15.51 41.31 279.55 4 26 4
14 83.82 18.67 13.43 149.29 7 46 2
15 77.77 65.17 4.27 379.49 9 45 1
16 87.83 89.07 11.07 78.73 4 12 1
17 74.36 62.78 6.94 318.17 19 44 2
18 77.66 21.77 16.76 220.75 7 45 4
19 62.52 95.25 11.05 487.85 6 21 1
20 27.93 89.30 17.48 134.61 9 42 4
21 32.65 67.24 47.00 358.24 13 30 1
22 67.37 10.39 34.31 419.48 8 10 1
23 82.97 75.77 0.25 267.69 9 28 2
24 10.48 74.24 14.55 57.58 3 3 5
25 46.18 59.95 7.99 367.13 21 43 1
26 49.37 14.91 25.79 274.08 8 36 3
27 43.04 24.97 40.98 387.35 11 35 1
28 56.33 48.46 15.64 116.95 11 11 5
29 4.96 96.31 23.46 390.70 6 10 5
30 0.58 62.29 13.37 448.72 15 37 1
31 26.32 44.84 8.11 323.37 3 28 4
32 25.15 88.09 28.56 329.45 3 11 1
33 36.19 80.38 49.01 127.16 21 40 3
34 16.29 5.37 8.20 405.95 6 32 4
35 22.43 72.58 2.54 79.60 13 31 3
36 7.84 17.48 35.39 381.20 16 24 3
37 57.63 54.45 41.50 221.80 4 16 3
38 39.76 51.67 46.04 469.01 24 24 5
39 14.99 70.65 29.75 286.86 11 41 3
40 88.32 65.15 25.12 317.21 8 47 1
41 60.67 85.91 14.71 210.34 12 18 2
42 19.54 67.86 16.15 108.21 1 11 3
43 3.99 77.71 26.88 62.43 4 9 4
44 67.33 24.21 7.79 222.78 5 11 2
45 81.17 6.14 32.01 232.45 13 47 4
46 15.06 20.02 26.72 78.35 16 20 1
47 58.28 87.95 37.25 460.54 0 21 2
48 62.44 18.06 25.43 434.40 15 23 2
49 12.24 98.03 23.62 180.43 1 39 5
50 37.91 87.92 9.26 382.24 12 31 4
51 55.15 93.50 26.36 268.29 15 20 1
52 41.22 87.59 5.83 318.47 19 20 1
53 92.79 86.98 47.74 326.37 9 46 4
54 29.71 23.74 3.18 406.64 13 45 2
55 45.69 45.62 25.15 373.31 0 0 2
56 9.81 94.14 30.43 474.56 11 45 2
57 40.39 59.03 23.69 471.87 8 10 4
58 9.74 64.70 22.51 68.34 3 30 4
59 66.34 48.05 0.59 130.38 0 29 3
60 64.32 91.92 26.91 428.16 21 27 3
61 96.40 38.67 11.23 451.96 22 24 4
62 20.01 9.47 45.80 106.71 23 35 2
63 54.35 67.43 47.30 432.07 8 14 5
64 63.49 24.11 4.47 325.14 18 41 2
65 86.46 87.56 28.72 383.48 23 25 5
66 90.22 58.45 3.03 227.61 19 42 3
67 77.84 96.00 1.12 166.97 22 45 1
68 98.49 85.84 40.49 475.19 23 37 5
69 97.95 82.85 28.85 443.64 3 45 3
70 1.77 70.19 21.43 68.65 3 17 3
71 90.95 31.28 20.45 290.20 18 37 5
72 65.29 12.54 13.29 379.04 9 48 5
73 88.27 30.22 20.73 142.39 3 15 4
74 37.31 50.73 11.89 287.88 6 29 3
75 86.35 37.29 8.29 362.65 4 9 2
76 26.62 70.28 14.72 413.22 6 35 4
77 96.42 3.37 40.28 81.92 13 40 5
78 45.36 9.85 44.91 439.34 5 21 1
79 91.90 13.80 7.28 234.05 24 29 4
80 71.40 25.31 34.90 247.13 17 20 4
81 67.17 68.86 21.09 226.06 23 39 3
82 94.20 45.64 49.34 179.35 7 43 3
83 14.59 81.10 12.61 295.00 24 44 5
84 18.53 65.53 2.98 139.51 10 40 5
85 13.41 35.60 7.37 91.98 15 19 3
86 63.28 26.28 32.44 264.75 4 43 4
87 0.65 71.92 17.82 66.65 24 30 1
88 54.15 83.51 37.68 113.43 13 26 4
89 72.07 35.30 2.40 422.02 16 41 2
90 55.11 0.37 44.16 325.78 2 22 5
91 33.44 29.96 10.48 220.25 6 11 4
92 65.66 41.98 7.57 69.50 6 45 4
93 15.91 58.09 15.10 470.28 16 40 2
94 5.94 14.87 44.54 274.28 24 33 2
95 91.79 79.07 46.42 407.76 4 43 5
96 76.48 74.68 48.84 417.14 8 11 4
97 35.97 44.66 14.69 198.04 0 27 1
98 0.44 12.05 34.14 416.80 0 44 3
99 58.61 68.26 28.81 490.89 8 29 2
100 91.46 30.75 42.64 211.78 4 12 1
101 41.22 80.78 3.33 122.94 8 43 3
102 94.21 16.40 6.48 228.60 24 46 4
103 11.92 43.40 42.16 298.15 8 38 3
104 95.95 76.04 42.71 223.39 16 47 1
105 55.21 52.18 44.48 403.28 3 40 3
106 39.13 72.64 11.96 482.67 0 44 1
107 95.95 91.15 37.82 201.93 22 27 4
108 95.94 32.40 25.10 166.39 23 44 2
109 82.23 81.77 13.66 99.57 3 12 5
110 79.61 6.45 43.96 82.78 21 33 4
111 85.15 22.88 40.95 144.89 8 25 3
112 2.62 6.00 37.73 210.04 0 32 5
113 36.95 33.14 0.47 203.25 17 44 4
114 56.92 31.06 30.30 478.07 19 19 1
115 59.30 37.43 32.83 50.69 8 33 1
116 37.72 39.24 0.43 145.21 1 40 1
117 25.90 97.09 41.91 354.09 7 45 5
118 26.05 7.84 24.11 372.47 15 15 4
119 26.21 71.13 36.41 289.99 14 16 3
120 35.13 87.39 6.69 448.24 6 34 2
121 25.23 90.98 48.98 287.30 5 20 2
122 95.52 26.20 1.74 334.04 1 42 2
123 44.18 14.53 25.75 436.35 6 42 5
124 29.98 64.53 11.76 418.13 21 30 3
125 0.97 23.99 8.22 188.13 13 29 1
126 59.06 68.72 3.90 429.43 9 32 1
127 68.17 70.53 9.24 278.11 21 38 5
128 23.17 98.81 27.86 359.24 3 27 2
129 35.17 49.73 3.46 288.58 8 17 1
130 48.50 37.31 36.23 388.35 9 38 4
131 44.56 94.55 44.65 158.44 16 22 1
132 90.47 8.20 2.29 323.71 14 47 4
133 51.36 32.20 27.40 471.85 13 21 1
134 19.50 27.89 43.02 300.47 15 48 1
135 13.39 94.31 33.54 480.83 2 17 5
136 21.90 4.37 9.86 344.68 0 37 4
137 97.47 36.00 37.83 395.04 7 17 5
138 41.76 20.92 27.92 98.10 19 32 4
139 52.05 15.05 31.22 104.42 22 31 4
140 78.99 47.67 7.05 80.12 16 37 1
141 15.76 53.89 33.86 147.81 18 31 3
142 53.62 16.79 26.74 301.33 6 44 2
143 75.76 51.96 42.77 168.01 22 27 3
144 71.63 33.83 2.61 287.60 13 16 4
145 48.37 42.53 21.06 141.36 3 13 1
146 89.81 79.71 31.26 296.20 9 41 2
147 77.16 55.63 35.72 289.06 12 44 3
148 93.25 79.21 21.80 92.64 13 19 2
149 41.54 58.41 29.28 304.46 21 44 2
150 53.85 64.65 11.76 148.46 12 47 1
151 87.77 79.01 10.72 373.69 14 40 2
152 49.70 36.26 3.92 132.57 8 40 5
153 93.80 61.78 17.89 331.60 24 37 4
154 72.95 51.45 35.30 133.85 24 25 3
155 61.86 98.24 22.79 432.58 10 27 2
156 30.02 48.90 22.99 279.45 19 29 1
157 84.23 78.91 24.82 110.29 1 22 2
158 33.35 57.00 32.13 62.65 7 26 1
159 65.49 24.09 21.22 208.68 16 21 5
160 47.22 20.36 15.86 408.27 12 38 5
161 4.23 10.92 20.12 392.78 9 17 5
162 64.15 41.30 11.26 258.93 0 31 5
163 62.69 19.00 13.57 155.78 6 9 1
164 98.54 75.34 42.48 450.29 6 17 3
165 54.29 75.74 23.04 327.77 2 8 1
166 90.18 64.59 22.44 97.51 17 35 5
167 49.82 19.10 6.23 378.14 18 29 2
168 24.47 71.05 33.94 475.34 0 9 2
169 47.40 63.13 31.07 305.30 7 25 3
170 61.66 89.76 12.63 228.93 2 5 1
171 12.85 61.75 35.35 142.86 10 37 5
172 56.88 3.89 0.80 186.82 22 36 4
173 66.17 32.77 25.66 444.61 19 45 4
174 47.05 70.03 5.85 435.08 2 39 1
175 0.22 76.72 5.69 273.28 5 42 2
176 7.91 84.46 30.45 134.85 20 22 2
177 40.84 54.94 42.55 82.71 17 38 5
178 28.62 52.14 1.07 329.22 11 15 3
179 79.35 39.99 15.50 274.80 22 45 4
180 83.84 19.60 36.52 385.40 20 25 5
181 57.62 30.59 24.15 200.12 16 30 2
182 10.65 50.66 13.74 169.67 20 22 4
183 7.37 25.55 10.13 496.91 10 45 5
184 65.04 88.28 10.83 139.08 22 40 4
185 77.25 56.96 35.49 102.25 12 29 3
186 72.09 20.14 30.86 162.92 3 16 5
187 75.51 46.47 39.56 439.72 20 35 2
188 54.12 32.78 41.25 128.61 8 47 4
189 17.91 79.43 19.87 235.24 12 14 5
190 3.18 9.42 33.50 214.33 19 23 2
191 12.80 10.52 16.83 53.96 6 45 3
192 39.09 72.86 15.19 409.53 13 15 3
193 97.20 27.57 31.99 249.58 9 36 5
194 16.95 0.31 9.59 366.09 16 16 1
195 93.64 18.85 36.42 72.96 18 23 5
196 29.01 35.66 4.87 407.59 19 31 4
197 48.19 42.00 25.31 99.89 2 5 2
198 21.91 13.20 23.63 395.22 8 17 5
199 2.44 3.85 20.62 433.59 5 28 4
200 47.82 58.14 8.88 262.32 8 39 1
201 46.67 7.79 17.65 447.88 1 19 2
202 18.15 43.48 40.16 192.38 12 41 5
203 22.77 65.50 49.07 211.70 1 11 4
204 60.76 45.53 7.75 178.45 7 11 2
205 70.52 27.29 38.97 457.93 6 36 3
206 22.05 22.42 25.50 392.62 8 44 3
207 55.58 50.69 48.01 496.57 20 31 4
208 22.30 70.70 10.02 432.89 4 22 5
209 91.62 64.85 30.48 254.14 18 47 3
210 17.76 31.28 12.88 161.90 2 45 4
211 82.64 79.34 8.02 100.03 5 32 2
212 32.62 82.68 32.74 73.59 24 36 3
213 87.11 88.66 7.63 154.42 20 25 2
214 5.32 92.11 35.78 484.79 2 43 4
215 32.85 43.61 15.95 265.14 7 17 2
216 57.42 17.16 7.51 118.43 20 40 4
217 30.78 13.61 20.60 398.44 10 19 1
218 40.80 18.29 1.57 227.65 4 36 4
219 16.42 1.41 22.82 165.66 6 43 4
220 56.92 61.59 11.21 85.92 5 21 4
221 81.48 33.87 44.74 446.44 6 26 1
222 89.52 67.76 7.40 69.59 9 47 1
223 98.12 90.73 5.86 329.15 14 40 5
224 33.60 47.03 24.55 463.88 14 17 2
225 94.56 32.93 23.73 87.06 5 44 4
226 47.18 70.06 49.18 62.12 9 33 5
227 3.89 42.49 30.11 484.17 5 34 5
228 8.94 56.99 26.87 400.50 8 11 3
229 66.78 70.96 48.89 263.32 19 30 2
230 65.88 44.18 42.04 254.65 18 36 1
231 66.98 22.57 39.08 449.47 24 43 1
232 72.86 55.38 4.86 497.22 17 42 1
233 47.21 41.26 3.59 401.16 3 4 2
234 59.21 46.01 21.14 263.85 9 9 5
235 47.26 64.33 17.62 191.24 1 44 3
236 50.52 38.19 6.69 494.29 16 27 4
237 98.16 49.03 28.49 488.70 19 31 4
238 10.18 10.69 47.60 161.48 13 42 5
239 39.17 50.11 10.97 457.40 12 20 5
240 12.35 58.04 11.04 280.85 13 42 2
241 14.36 17.35 16.62 339.97 6 7 4
242 91.43 72.86 18.61 292.81 15 31 2
243 49.29 72.50 47.05 392.31 4 40 1
244 68.92 30.56 44.37 208.66 12 15 2
245 21.71 76.57 38.10 140.66 11 45 4
246 2.50 91.97 47.36 324.55 23 43 2
247 65.18 28.16 31.30 262.72 2 7 3
248 82.29 95.69 17.80 386.11 9 13 1
249 23.45 13.82 16.79 477.47 12 35 5
250 6.47 45.96 38.87 206.40 11 47 2
251 95.87 60.90 7.90 175.75 4 9 5
252 97.87 31.14 20.15 54.46 12 44 1
253 12.71 27.50 15.13 279.42 18 36 1
254 7.96 2.64 33.91 393.19 2 5 1
255 32.55 14.52 39.74 248.24 5 26 3
256 35.95 59.04 49.23 355.16 3 34 2
257 77.58 2.61 37.23 144.97 6 15 5
258 72.48 78.27 22.23 280.06 14 34 2
259 66.45 95.82 21.88 249.96 10 43 5
260 46.31 93.46 24.65 487.95 21 31 2
261 24.60 93.00 2.28 357.06 16 38 4
262 31.20 36.20 9.41 403.48 16 21 2
263 31.05 83.43 21.41 464.44 6 30 1
264 90.29 48.11 49.02 491.64 20 40 3
265 28.08 17.30 16.20 265.90 2 11 2
266 72.81 86.43 33.76 476.03 23 48 2
267 79.96 41.96 30.39 88.45 17 25 2
268 37.89 44.09 11.36 288.18 20 39 5
269 65.34 9.45 34.63 351.73 21 48 4
270 40.46 28.00 38.14 190.83 13 45 2
271 45.11 33.51 30.67 67.36 3 12 2
272 55.52 15.85 31.23 308.91 6 17 4
273 27.40 95.92 35.64 214.40 17 22 3
274 90.87 19.42 48.86 174.78 9 20 3
275 75.31 19.53 30.97 81.43 2 9 2
276 57.69 72.50 45.58 251.29 7 22 4
277 19.86 72.07 15.29 404.70 6 16 4
278 87.48 56.98 34.30 341.98 22 23 1
279 12.81 24.57 11.44 486.51 23 30 2
280 4.66 3.71 44.71 196.84 11 18 5
281 32.35 70.84 24.77 248.58 20 47 2
282 85.63 69.12 25.95 351.89 12 42 5
283 49.28 22.90 41.92 90.59 20 27 3
284 57.98 74.14 39.28 112.16 12 39 5
285 0.28 13.00 47.49 276.36 1 43 5
286 71.24 17.56 10.34 55.73 1 40 1
287 85.94 82.84 46.53 471.42 1 48 2
288 93.97 3.49 46.09 146.85 22 41 4
289 69.80 45.31 48.44 451.66 13 31 5
290 21.64 64.35 25.00 104.00 22 46 2
291 24.14 86.04 28.37 389.93 20 31 4
292 88.03 14.73 36.40 179.00 0 12 5
293 99.55 66.10 6.03 493.94 5 13 3
294 34.02 47.10 25.94 317.23 8 44 4
295 12.79 42.39 12.79 89.44 8 40 4
296 64.92 63.34 30.55 115.98 20 31 4
297 23.45 87.45 31.23 302.50 20 29 1
298 95.18 86.97 18.18 238.50 1 21 1
299 71.42 46.25 8.51 212.45 0 42 3
300 69.99 89.19 31.15 461.73 16 21 5
1 132.00 2770.47 1
2 193.42 4608.89 2
3 191.49 3759.68 3
4 192.59 4458.59 4
5 111.23 4751.28 5
6 148.17 4574.07 1
7 135.84 4031.99 2
8 154.53 2643.08 3
9 178.39 2944.88 4
10 129.48 4955.74 1
1 1.26 29.13 9
2 1.58 40.27 1
3 1.85 28.22 5
4 1.44 43.21 8
5 1.90 41.71 1
6 1.69 27.04 2
7 1.79 31.72 9
8 1.00 47.38 1
9 1.37 49.43 1
10 1.05 44.88 7
11 1.42 37.88 7
12 1.47 47.68 1
13 1.38 26.62 9
14 1.07 30.31 7
15 1.13 30.01 4
16 1.38 40.73 5
17 1.62 41.95 1
18 1.79 29.44 2
