Data for Vehicle routing problem with drones - Author: Huyen Do Thi Ngoc
Number of depots: 5
Number of cities: 400
Number of trucks: 5
Number of drones: 15
Area: 100 100 50
Customer maximum demand: 500
Max capacity of truck: 200
Max energy of truck: 5000
Max capacity of drone: 2
Max energy of drone: 50
1 63.18 92.81 49.45
2 37.41 75.87 20.32
3 11.79 70.36 17.75
4 68.30 65.35 48.99
5 22.47 71.75 7.50
1 77.94 87.95 31.24 300.38 18 42 4
2 28.39 60.82 37.17 330.74 18 47 5
3 96.16 16.81 18.53 141.79 11 35 1
4 24.40 23.77 18.43 183.27 21 36 1
5 93.24 72.32 42.24 471.24 0 28 5
6 46.94 52.56 43.02 275.40 24 26 2
7 84.25 39.87 39.27 144.13 14 35 5
8 92.38 60.91 47.11 252.23 14 46 4
9 7.57 60.29 11.51 228.38 17 45 1
10 36.22 6.64 22.88 250.29 19 46 4
11 14.70 67.45 2.46 327.57 16 46 2
12 79.40 69.57 4.32 371.43 8 24 1
13 84.08 63.29 32.99 95.99 15 23 2
14 21.73 51.09 36.63 165.51 10 23 3
15 81.88 71.03 5.99 338.60 24 44 5
16 53.34 3.39 11.60 299.73 2 30 4
17 85.64 9.14 38.80 449.08 13 18 3
18 56.59 51.53 26.87 278.35 6 35 4
19 62.66 51.58 40.81 275.07 6 8 4
20 40.19 10.33 29.73 417.77 14 44 1
21 68.58 50.19 30.32 405.78 21 36 1
22 37.44 69.88 15.63 318.85 18 27 4
23 5.42 6.29 9.01 487.68 20 25 2
24 74.49 46.10 0.92 207.35 18 33 4
25 66.65 12.66 46.38 265.14 13 35 1
26 67.64 31.90 11.67 228.83 10 38 3
27 92.78 54.35 27.35 383.39 23 24 3
28 68.34 50.58 6.91 497.71 9 41 2
29 22.77 15.13 28.08 429.11 16 46 3
30 81.12 80.65 37.82 352.17 6 17 5
31 7.48 30.59 0.51 367.59 6 48 1
32 30.36 35.45 42.66 319.37 8 36 3
33 11.23 88.07 22.30 416.77 5 12 1
34 40.15 37.59 39.47 177.82 15 33 1
35 71.99 79.09 33.64 78.84 23 38 2
36 97.62 38.56 21.32 145.16 18 37 5
37 12.33 1.69 19.25 364.29 5 41 4
38 28.52 92.44 27.92 123.18 20 48 2
39 19.00 43.45 40.69 484.15 23 37 2
40 74.24 21.46 4.38 73.09 4 14 1
41 30.10 19.56 42.66 227.58 23 27 2
42 59.84 20.64 42.00 95.75 24 33 2
43 49.20 85.35 39.83 433.78 21 34 1
44 10.91 17.38 26.90 91.42 2 30 1
45 84.63 91.07 14.51 200.60 15 20 2
46 3.65 7.55 44.09 312.31 7 14 3
47 64.36 5.15 41.37 323.55 17 37 3
48 29.46 25.32 46.37 137.48 9 47 1
49 22.07 60.57 5.68 108.89 4 29 1
50 51.03 41.99 43.45 467.08 2 19 5
51 12.31 29.09 39.17 124.86 12 29 1
52 96.89 27.94 24.06 265.86 12 15 2
53 43.65 94.69 48.34 148.67 14 36 3
54 23.73 47.21 31.79 104.21 1 31 2
55 24.35 74.72 5.05 464.81 20 36 5
56 67.09 86.20 48.35 306.46 18 44 5
57 74.97 55.49 28.39 475.87 3 22 2
58 19.61 6.37 15.15 262.59 6 18 1
59 91.90 5.83 26.01 161.02 8 29 5
60 17.76 47.85 10.15 223.46 22 36 1
61 98.94 66.72 7.38 211.65 24 43 4
62 14.80 63.20 14.54 406.07 19 42 3
63 89.52 7.62 43.64 325.67 7 42 3
64 29.98 9.21 26.46 330.69 24 41 5
65 24.64 34.94 11.20 281.25 22 36 2
66 79.26 72.98 39.51 86.84 8 32 1
67 37.65 67.49 47.77 457.12 10 31 4
68 76.20 26.24 22.50 233.51 2 15 1
69 82.25 30.46 41.13 260.19 11 23 2
70 27.10 8.80 24.83 367.17 2 15 2
71 73.66 70.87 3.14 424.90 2 28 2
72 95.96 8.61 32.97 386.49 2 12 5
73 30.83 59.12 31.80 130.13 21 47 2
74 58.65 37.58 18.59 491.94 10 18 1
75 36.16 68.23 20.90 112.86 18 41 5
76 46.87 10.40 31.12 459.54 11 20 5
77 8.29 73.81 25.74 204.26 24 32 2
78 11.75 63.65 27.93 58.00 21 36 5
79 59.45 41.04 1.71 359.47 7 13 3
80 94.31 28.69 41.98 342.71 24 48 2
81 31.75 96.97 23.79 107.46 8 27 2
82 54.93 24.92 48.86 155.36 15 36 5
83 62.03 74.12 0.84 90.72 2 27 1
84 24.97 75.54 44.81 163.87 6 32 3
85 59.63 57.69 7.37 110.99 17 42 4
86 29.94 42.29 39.77 167.85 23 43 4
87 82.05 16.23 23.32 487.21 18 28 4
88 53.00 93.34 1.49 194.50 9 28 3
89 69.44 54.09 5.14 437.53 15 46 5
90 91.44 18.34 41.95 224.35 3 11 2
91 67.05 18.96 34.49 79.57 11 47 1
92 90.01 31.86 1.78 424.94 19 23 1
93 13.00 36.15 48.26 357.54 15 15 4
94 38.49 1.18 43.60 240.77 3 15 4
95 50.92 30.32 28.24 103.88 24 33 1
96 34.25 43.72 40.12 60.57 16 23 4
97 65.18 33.69 14.47 76.42 5 25 1
98 50.51 90.81 47.25 318.57 24 31 1
99 3.93 49.43 6.53 78.82 10 37 2
100 67.36 82.79 44.52 242.21 23 34 5
101 69.54 8.12 29.22 422.00 8 28 5
102 26.15 91.61 43.56 251.23 4 21 2
103 76.69 83.31 40.50 267.24 1 18 4
104 66.03 46.09 1.47 329.48 16 19 4
105 77.08 67.43 32.43 98.63 0 12 2
106 81.87 57.54 37.14 166.22 24 26 2
107 18.38 37.49 3.46 414.24 21 35 5
108 29.35 54.41 39.25 441.38 18 33 1
109 23.30 74.87 29.21 209.72 15 24 4
110 22.04 23.69 33.26 153.86 9 29 4
111 45.82 24.26 27.38 76.63 21 30 2
112 15.84 28.72 26.34 157.88 17 39 4
113 58.09 32.25 45.69 456.90 18 44 4
114 73.83 18.48 41.37 468.01 8 35 3
115 33.39 42.81 33.99 94.89 4 43 3
116 84.31 7.92 30.06 144.00 16 47 4
117 75.91 8.40 13.26 281.05 11 31 4
118 10.41 32.51 45.11 269.78 2 45 3
119 8.84 80.91 42.84 377.10 13 45 3
120 38.83 6.00 18.52 335.91 13 35 2
121 18.12 40.50 25.32 333.27 18 43 5
122 18.59 84.26 27.38 359.85 18 39 4
123 72.09 31.00 31.65 62.01 5 48 2
124 15.52 0.41 12.49 78.89 0 32 2
125 83.78 53.44 40.48 404.34 23 35 5
126 85.88 6.15 40.08 333.21 17 33 5
127 42.49 62.06 11.69 405.03 5 35 3
128 24.70 6.00 34.38 65.83 24 42 1
129 87.66 31.46 21.50 441.22 4 36 4
130 2.37 74.88 26.43 326.66 24 37 3
131 1.48 64.44 45.53 483.38 24 36 4
132 87.65 30.87 21.06 241.71 21 33 4
133 60.71 6.04 4.08 135.72 23 25 4
134 90.01 39.70 19.40 335.05 19 37 2
135 99.56 88.34 18.19 79.66 21 42 3
136 49.12 25.16 49.97 192.90 1 24 3
137 90.68 45.35 2.92 453.40 6 29 3
138 61.40 17.97 26.52 205.94 12 28 1
139 51.31 48.59 12.32 437.49 6 47 5
140 79.65 12.35 27.42 431.30 12 35 5
141 64.13 42.51 5.63 370.38 11 15 2
142 42.03 59.74 30.10 399.38 9 18 2
143 71.13 82.40 47.23 96.87 7 21 3
144 10.03 11.70 24.60 96.74 19 30 1
145 60.95 62.02 45.61 481.88 22 46 5
146 42.92 29.24 37.53 249.70 14 14 5
147 0.44 90.75 21.92 106.00 9 11 1
148 51.72 91.32 14.49 318.74 16 42 2
149 21.73 58.39 39.20 415.07 5 26 2
150 8.31 32.98 34.39 492.16 9 47 4
151 3.71 15.14 37.51 178.38 2 14 4
152 31.92 46.45 33.92 96.41 21 22 2
153 42.16 48.48 49.01 199.28 20 26 2
154 67.95 9.66 38.42 194.81 11 18 3
155 56.92 44.87 7.93 480.27 1 14 1
156 56.43 96.50 19.88 316.00 13 27 3
157 17.38 90.60 20.33 281.70 6 8 1
158 29.65 93.94 0.10 129.58 7 15 3
159 0.01 13.66 20.71 74.62 0 15 2
160 21.27 96.83 5.07 314.55 5 22 3
161 56.14 87.14 36.71 331.24 2 25 4
162 97.41 83.78 20.45 82.54 21 24 5
163 68.83 32.97 39.66 392.93 9 42 2
164 37.49 42.28 20.47 93.15 8 35 3
165 66.27 83.04 9.32 492.83 13 31 1
166 0.99 57.12 19.37 65.37 22 32 5
167 14.97 70.77 15.64 416.91 7 16 2
168 53.53 12.97 8.45 323.91 4 46 2
169 17.01 38.98 45.68 269.19 12 45 3
170 14.14 7.01 0.16 187.06 23 34 5
171 83.10 62.78 3.69 290.84 21 33 3
172 75.67 14.04 37.92 451.49 3 47 1
173 32.32 58.01 38.36 100.32 15 31 4
174 53.68 69.83 25.97 162.95 10 14 4
175 43.79 21.08 31.76 221.48 3 19 4
176 89.10 83.33 26.19 141.53 23 45 3
177 2.37 10.26 39.26 416.78 20 43 4
178 32.78 53.44 1.60 327.94 9 27 2
179 45.68 81.14 47.10 96.29 21 46 5
180 13.56 59.10 48.58 173.18 13 31 5
181 6.57 81.30 20.04 360.65 1 22 5
182 45.31 82.91 47.74 489.55 21 26 4
183 0.50 68.46 23.64 281.69 9 29 2
184 0.95 81.05 14.93 289.63 12 30 4
185 49.68 11.77 46.80 389.10 14 35 2
186 3.58 94.61 28.29 210.58 20 40 1
187 12.26 44.01 9.61 499.56 19 21 1
188 73.04 54.99 27.42 76.78 16 34 4
189 94.48 66.34 21.53 363.67 21 28 3
190 68.59 79.37 28.98 343.63 21 21 2
191 52.17 99.57 8.50 416.69 16 39 5
192 90.39 37.12 26.02 370.26 22 24 2
193 75.57 41.48 14.70 427.76 24 41 1
194 31.33 33.13 43.63 292.37 15 36 4
195 83.41 99.85 20.22 390.87 14 34 4
196 1.67 8.47 16.26 285.79 22 45 4
197 76.60 51.73 24.02 414.28 6 18 1
198 71.26 55.12 9.34 147.04 11 34 1
199 65.81 71.61 3.47 450.97 13 45 2
200 50.75 90.29 48.34 58.09 21 36 2
201 41.49 42.31 15.70 323.99 12 24 2
202 76.62 36.52 40.32 445.22 20 27 5
203 75.95 20.70 37.66 130.45 19 25 1
204 16.55 23.80 1.25 481.24 20 30 5
205 78.96 89.46 48.35 92.27 6 22 4
206 53.13 99.72 5.36 260.57 4 37 1
207 53.30 65.60 16.32 384.48 11 13 3
208 40.94 54.74 15.75 486.91 0 22 1
209 23.66 44.35 15.78 195.17 16 39 3
210 78.56 2.20 31.03 374.15 16 31 4
211 20.13 68.42 39.49 221.52 3 27 3
212 61.55 32.07 15.34 338.58 16 26 5
213 97.05 75.37 13.26 223.30 13 30 4
214 36.75 62.33 4.50 187.51 1 29 1
215 21.20 45.48 45.40 416.34 16 25 3
216 79.13 44.93 43.28 202.97 18 44 5
217 63.62 74.32 8.16 206.10 10 28 5
218 83.03 84.74 18.33 88.25 2 32 3
219 35.61 9.34 49.59 151.33 4 13 1
220 84.42 95.17 42.67 374.48 11 44 4
221 34.16 72.44 15.15 256.75 14 22 3
222 47.20 95.85 19.31 83.70 19 36 1
223 72.26 34.71 40.21 62.28 12 22 5
224 67.29 94.80 15.93 322.16 4 10 2
225 47.73 31.88 13.99 242.30 18 33 4
226 85.84 37.60 46.62 287.68 9 41 1
227 26.85 56.74 8.14 75.52 2 20 4
228 90.29 84.52 29.69 77.86 23 38 4
229 86.87 42.48 10.78 280.26 24 39 5
230 97.66 24.04 1.53 253.86 20 36 3
231 64.88 26.46 21.07 355.20 22 38 4
232 11.60 80.43 15.00 476.62 4 18 3
233 8.41 30.04 46.26 216.96 11 23 3
234 75.93 13.53 48.58 243.74 10 37 5
235 16.61 73.75 3.31 271.51 16 28 4
236 18.11 41.08 39.58 457.87 13 31 1
237 92.60 81.49 23.18 79.16 21 32 1
238 10.03 12.53 9.03 212.47 15 35 2
239 10.99 33.92 28.08 81.93 18 25 2
240 58.08 44.76 25.50 259.67 15 17 3
241 46.71 18.14 41.34 243.49 13 41 2
242 19.90 25.72 27.59 144.34 24 26 1
243 79.69 10.65 5.12 410.38 8 30 3
244 5.77 94.98 19.24 378.49 16 37 1
245 25.09 95.54 5.84 424.94 6 6 5
246 86.16 68.39 48.62 216.88 8 26 2
247 98.55 10.98 8.35 494.30 16 40 5
248 99.63 20.79 46.56 374.17 21 29 3
249 35.67 93.50 8.03 149.42 8 36 2
250 5.13 93.99 12.44 108.16 7 25 2
251 14.44 42.93 24.97 415.09 13 27 5
252 58.25 50.89 18.91 163.50 7 44 4
253 60.63 18.78 11.36 280.91 21 45 4
254 44.91 96.97 11.70 286.23 22 46 2
255 35.28 56.64 6.14 354.73 24 34 3
256 86.57 44.44 13.65 324.07 16 45 3
257 86.67 51.14 41.25 264.14 22 45 4
258 84.38 43.54 45.77 181.65 8 20 1
259 8.05 85.35 32.50 178.11 1 9 3
260 74.82 58.85 35.83 309.76 11 11 2
261 81.49 28.76 48.01 169.03 16 45 5
262 81.01 50.88 1.16 204.36 11 44 3
263 97.57 25.10 47.03 419.15 22 22 4
264 2.39 34.06 3.51 497.20 23 35 1
265 99.38 70.15 44.39 458.40 19 29 5
266 17.03 81.04 23.17 247.80 7 16 3
267 92.47 34.92 12.16 402.74 18 41 4
268 73.78 7.16 27.35 402.83 19 41 1
269 86.44 60.09 44.54 82.97 15 21 4
270 86.14 76.51 18.77 98.57 15 20 2
271 85.56 59.62 37.07 467.36 0 3 1
272 52.22 83.79 3.48 291.81 24 27 5
273 30.84 13.88 46.39 186.34 5 23 2
274 66.24 48.91 0.99 152.33 18 46 5
275 82.93 40.81 15.60 329.06 18 25 5
276 70.08 33.74 7.00 338.21 6 32 1
277 92.63 8.04 41.39 422.49 22 33 1
278 10.03 94.64 4.00 57.22 6 46 5
279 26.57 51.99 12.59 498.31 17 44 2
280 57.16 29.16 10.36 438.59 10 25 4
281 97.63 72.97 39.69 271.22 17 23 3
282 77.73 82.96 40.38 311.24 9 42 2
283 54.25 41.97 9.39 325.86 3 26 1
284 31.36 78.77 5.96 352.51 3 29 2
285 26.06 17.09 4.28 195.14 1 30 4
286 72.67 68.75 40.56 68.81 21 48 4
287 74.74 3.21 1.47 161.62 2 9 5
288 69.66 92.07 0.60 123.15 7 36 5
289 3.12 79.82 16.86 372.79 21 25 1
290 26.73 86.44 39.43 493.44 18 19 3
291 95.42 73.30 24.72 230.26 15 31 4
292 87.81 67.58 22.22 358.82 16 21 4
293 87.89 86.26 31.68 267.48 2 15 3
294 69.40 75.24 27.13 160.27 2 28 3
295 43.49 80.04 34.69 394.07 11 18 1
296 96.35 0.63 28.58 55.48 9 28 5
297 1.47 78.79 28.40 323.60 14 22 5
298 61.13 15.33 22.17 351.27 11 27 1
299 68.23 30.30 8.46 294.07 17 35 3
300 73.86 42.15 4.47 124.83 7 10 4
301 78.01 61.01 42.00 213.03 10 15 1
302 48.17 93.93 0.78 245.93 23 33 1
303 29.59 61.52 9.01 64.47 10 48 4
304 66.30 37.40 21.48 253.98 21 39 4
305 76.55 11.29 42.01 63.25 3 33 2
306 82.73 67.78 13.46 227.16 14 27 5
307 90.34 40.99 9.47 490.33 22 47 3
308 48.66 48.30 48.13 434.23 4 34 1
309 5.61 72.04 10.89 364.44 0 6 5
310 41.71 14.71 1.11 345.61 23 27 1
311 48.83 47.68 28.07 412.56 10 22 5
312 87.63 91.40 2.05 439.14 4 23 4
313 61.81 38.02 38.89 165.33 22 42 5
314 49.21 19.74 44.50 218.40 14 22 5
315 2.87 20.54 17.87 180.98 1 45 3
316 71.76 43.81 17.99 295.34 20 34 1
317 6.13 51.10 1.18 50.96 16 22 1
318 40.98 34.39 22.73 208.85 12 38 3
319 23.69 22.13 33.67 228.96 13 23 2
320 60.59 11.28 37.28 424.80 24 24 4
321 97.18 81.54 39.73 306.70 13 41 3
322 87.03 66.75 16.24 325.33 3 28 4
323 56.23 54.22 15.85 64.41 10 22 3
324 3.76 61.52 21.47 148.42 16 39 3
325 55.79 69.36 6.71 65.49 18 43 2
326 69.32 50.35 32.44 216.60 23 27 3
327 30.47 70.15 29.48 416.43 13 19 1
328 41.04 61.00 27.72 446.15 2 37 5
329 32.56 98.04 21.59 91.32 15 45 3
330 93.77 92.61 10.94 476.14 23 27 1
331 18.14 72.72 23.22 495.39 19 45 5
332 55.74 31.47 48.16 91.30 8 24 3
333 0.08 66.95 31.94 177.74 17 21 1
334 75.56 37.48 22.89 436.86 10 34 2
335 25.34 45.93 34.20 352.27 18 42 1
336 1.52 53.47 25.12 53.41 7 24 3
337 47.79 5.46 31.20 81.63 10 28 1
338 9.41 18.17 0.15 58.21 23 44 4
339 20.19 3.76 2.54 132.93 9 42 5
340 15.40 61.54 27.94 151.73 13 43 2
341 43.14 41.85 17.00 294.43 8 22 4
342 41.87 66.60 12.17 456.52 13 28 1
343 86.56 65.41 11.76 142.26 15 32 1
344 25.03 90.55 42.58 450.84 20 40 5
345 66.19 85.40 35.93 482.70 21 48 4
346 79.94 64.35 26.20 348.37 15 23 4
347 8.79 86.94 21.35 61.28 8 45 2
348 92.14 75.46 27.32 310.19 5 34 3
349 37.87 25.55 21.29 367.22 17 29 5
350 39.89 81.66 47.64 420.08 24 34 1
351 32.44 56.89 43.79 435.80 9 40 1
352 2.96 22.15 16.23 224.08 21 38 4
353 12.09 14.48 5.27 430.36 2 10 4
354 13.21 16.17 18.04 88.25 1 12 4
355 19.41 65.12 5.92 232.46 20 41 5
356 57.93 50.61 27.77 358.83 17 27 3
357 20.37 34.16 37.08 424.75 17 20 2
358 49.23 83.72 14.06 150.56 19 31 2
359 92.33 51.13 31.22 176.73 24 47 1
360 78.45 69.20 42.54 193.55 23 23 5
361 58.51 48.00 36.18 472.73 23 45 5
362 1.47 53.53 28.11 96.47 5 13 3
363 88.17 3.96 37.35 489.66 8 37 5
364 35.12 75.05 26.88 201.06 22 31 4
365 17.51 27.12 45.60 160.34 23 26 2
366 43.86 91.94 26.29 101.83 20 28 5
367 74.09 34.84 28.31 394.70 24 27 4
368 80.49 59.12 20.63 240.51 21 38 1
369 84.59 90.50 11.00 240.55 0 19 2
370 79.81 79.22 41.91 119.47 9 14 2
371 32.54 25.48 6.05 367.99 20 36 4
372 56.85 7.19 44.93 204.84 0 47 4
373 9.43 14.66 15.60 101.13 22 44 4
374 68.85 54.92 10.04 124.74 24 39 1
375 18.06 74.17 44.87 238.41 19 29 2
376 79.75 40.78 16.39 281.84 20 34 3
377 19.62 38.44 20.08 230.00 13 13 3
378 22.68 23.87 44.06 432.88 13 13 5
379 43.03 36.72 16.46 265.08 14 17 1
380 4.08 82.79 10.40 236.61 11 11 3
381 7.50 86.18 31.10 350.45 9 22 4
382 65.25 61.12 39.70 82.82 10 34 4
383 19.15 78.59 42.89 476.06 7 14 3
384 92.44 49.04 35.39 182.26 2 3 3
385 19.08 84.37 35.18 348.05 19 21 4
386 9.71 53.93 28.54 272.98 23 24 1
387 88.97 60.99 46.28 490.24 24 37 5
388 58.34 6.81 10.04 253.58 20 22 1
389 7.13 94.10 28.08 113.12 6 38 1
390 72.29 32.27 21.15 414.32 5 37 3
391 28.98 11.73 46.35 201.48 20 22 3
392 17.31 69.65 14.71 451.80 17 21 1
393 98.52 20.08 19.62 96.76 9 12 5
394 10.92 68.18 31.51 303.93 9 47 4
395 49.59 57.69 41.31 273.65 13 40 5
396 23.44 37.54 15.85 231.04 12 47 3
397 84.02 64.03 7.75 469.19 2 20 1
398 59.09 50.01 10.30 340.38 11 11 5
399 40.04 51.92 21.34 284.59 8 33 5
400 94.17 10.94 22.31 453.01 20 25 2
1 195.49 4482.72 1
2 140.07 3634.42 2
3 165.46 4697.18 3
4 129.02 4470.45 4
5 182.22 4147.09 5
1 1.32 34.43 1
2 1.01 29.93 2
3 1.06 25.57 3
4 1.13 35.44 2
5 1.74 34.08 5
6 1.56 37.15 4
7 1.51 42.88 4
8 1.42 31.07 5
9 1.67 34.74 5
10 2.00 40.85 1
11 1.64 36.10 1
12 1.07 30.26 4
13 1.45 45.25 3
14 1.42 27.05 1
15 1.38 37.94 3
