Data for Vehicle routing problem with drones - Author: Huyen Do Thi Ngoc
Number of depots: 4
Number of cities: 400
Number of trucks: 7
Number of drones: 16
Area: 100 100 50
Customer maximum demand: 500
Max capacity of truck: 200
Max energy of truck: 5000
Max capacity of drone: 2
Max energy of drone: 50
1 4.54 80.81 12.68
2 8.24 81.96 37.39
3 17.80 50.21 19.25
4 59.47 97.93 49.57
1 69.44 65.04 33.05 177.71 21 35 1
2 26.44 96.68 49.64 291.94 7 35 4
3 7.56 40.43 11.86 75.32 14 24 4
4 38.33 31.62 42.19 51.79 24 47 3
5 78.63 36.87 44.63 229.04 14 23 4
6 40.18 53.36 27.22 394.57 13 20 1
7 1.10 1.16 43.71 58.65 11 26 2
8 65.13 91.54 12.41 267.57 12 30 3
9 44.88 9.24 15.30 300.92 2 24 1
10 22.90 7.71 23.39 424.96 19 42 1
11 73.15 30.98 16.27 321.16 10 42 2
12 4.83 46.25 29.97 83.42 14 22 1
13 51.60 72.22 37.13 437.75 17 38 3
14 88.41 22.07 3.74 395.19 1 7 3
15 33.11 6.37 27.27 429.24 6 43 1
16 85.66 15.74 33.96 479.27 0 24 3
17 74.82 61.58 32.01 86.53 3 20 1
18 12.63 6.65 36.84 283.96 16 40 3
19 47.95 62.13 35.12 305.44 20 31 1
20 66.89 73.67 23.14 334.41 11 21 3
21 6.46 22.62 39.66 281.52 11 13 4
22 40.39 56.86 1.14 250.73 16 32 4
23 9.77 39.12 12.68 157.26 20 27 4
24 60.53 62.72 41.92 190.23 2 30 1
25 42.61 73.50 29.05 209.51 9 18 2
26 94.27 33.13 47.31 294.81 23 40 2
27 42.02 76.05 7.78 108.40 18 41 2
28 37.10 89.30 4.95 51.97 22 47 3
29 67.59 84.91 22.74 493.56 14 37 1
30 33.29 63.36 11.10 96.93 10 23 1
31 0.24 40.49 38.00 281.59 14 29 3
32 76.27 81.14 9.26 283.40 12 31 2
33 44.62 94.07 17.34 276.37 10 38 3
34 89.69 63.72 36.64 283.78 10 10 3
35 29.96 45.91 37.19 270.18 17 45 4
36 90.55 6.20 29.67 430.37 8 21 2
37 4.34 55.06 18.85 85.53 5 22 3
38 30.01 16.29 27.12 64.78 24 24 3
39 85.77 23.54 31.03 217.57 6 47 3
40 49.54 61.58 6.78 329.43 1 30 3
41 61.21 48.26 43.35 254.18 5 17 4
42 66.31 21.86 12.01 390.09 1 30 3
43 76.92 9.21 24.09 113.88 2 21 3
44 23.63 46.12 2.75 431.42 8 32 1
45 6.74 63.51 7.88 240.57 19 27 3
46 76.57 85.82 21.25 426.45 6 41 1
47 51.58 43.91 10.24 191.97 4 10 1
48 91.44 20.32 20.52 373.58 7 48 2
49 69.62 25.38 31.89 106.29 20 32 4
50 13.67 44.09 23.00 366.75 20 39 1
51 9.28 62.78 7.20 330.15 18 40 1
52 40.16 49.16 46.54 335.06 16 33 4
53 20.11 93.28 3.60 299.84 21 29 2
54 42.93 47.54 10.26 227.07 9 24 2
55 36.14 9.39 38.83 252.60 3 22 2
56 97.94 85.36 11.38 136.78 23 30 4
57 85.04 73.66 43.98 202.07 0 0 4
58 54.93 24.37 27.31 323.48 13 48 4
59 49.98 78.90 43.68 279.97 22 35 3
60 26.89 83.57 22.17 75.42 22 30 2
61 78.90 35.39 13.61 187.84 6 12 1
62 24.15 70.49 13.67 130.73 9 25 3
63 52.67 25.53 5.94 171.59 10 47 3
64 67.38 29.43 15.53 104.31 9 26 4
65 40.45 75.66 15.94 148.59 18 35 1
66 90.85 82.82 48.31 66.39 7 48 4
67 83.68 48.98 48.35 454.81 24 30 4
68 16.59 4.72 15.46 174.48 17 44 3
69 6.42 49.76 20.58 63.16 10 48 3
70 0.76 94.67 37.87 67.57 12 41 2
71 38.68 26.90 7.74 142.82 0 4 2
72 7.69 98.66 47.45 183.37 23 40 4
73 82.73 61.94 6.83 191.23 4 26 4
74 88.14 92.45 43.05 304.92 19 27 2
75 55.94 99.26 46.68 296.50 0 10 1
76 51.78 47.50 49.05 164.13 20 38 2
77 53.24 61.09 14.25 57.13 16 46 2
78 36.08 27.84 13.47 97.76 13 21 2
79 7.92 66.34 47.77 302.90 10 14 4
80 50.32 16.77 46.19 256.83 16 21 4
81 14.12 19.63 8.31 342.96 6 45 4
82 32.21 68.56 42.52 380.84 14 45 4
83 55.49 91.37 25.93 447.22 0 41 2
84 6.08 35.39 46.07 182.51 5 30 1
85 76.86 11.14 31.62 362.01 11 45 1
86 10.01 60.52 16.28 91.41 2 33 3
87 49.65 96.78 38.66 353.05 13 24 3
88 74.68 34.71 7.55 296.08 24 31 3
89 88.28 94.33 44.82 241.20 2 12 2
90 33.33 99.51 9.30 425.84 12 35 2
91 3.78 88.43 7.58 180.08 2 35 3
92 25.25 68.12 19.46 457.60 24 24 3
93 63.41 88.15 27.08 321.30 0 46 2
94 95.66 29.35 40.98 177.70 12 28 4
95 25.43 51.91 17.65 332.26 13 33 3
96 22.29 73.63 5.70 104.98 3 26 3
97 2.73 44.18 25.60 332.04 23 28 3
98 34.17 32.02 0.47 362.93 4 25 3
99 81.06 54.88 39.59 166.32 23 29 1
100 45.46 31.89 34.03 214.91 20 38 1
101 82.98 71.91 9.75 230.61 21 44 4
102 4.48 11.46 14.24 328.81 3 3 3
103 33.35 96.78 46.57 188.06 15 19 2
104 88.83 49.89 12.60 287.00 4 29 4
105 62.55 52.08 2.53 440.84 11 23 2
106 30.05 28.04 2.34 369.21 5 23 1
107 1.32 21.84 36.78 290.82 13 45 2
108 99.92 35.28 5.71 119.06 12 14 1
109 35.33 96.80 14.03 280.16 20 32 1
110 38.47 1.56 37.11 322.27 4 26 3
111 35.27 5.38 16.86 150.19 10 13 2
112 56.40 88.06 47.42 401.86 19 48 4
113 80.29 70.16 5.32 342.44 6 41 1
114 85.47 70.99 12.62 409.08 12 37 3
115 68.17 54.09 1.01 355.99 17 18 1
116 23.73 33.68 11.48 396.14 17 20 2
117 99.04 92.19 12.77 66.64 5 28 2
118 73.20 82.71 37.36 77.24 18 39 2
119 74.68 26.52 19.07 147.32 24 35 3
120 84.65 37.15 42.25 240.86 2 8 1
121 76.00 38.47 26.63 490.23 8 22 4
122 43.19 80.79 41.61 345.80 2 13 3
123 84.78 96.41 46.94 243.52 18 24 4
124 58.86 61.94 15.75 63.48 12 31 1
125 93.10 2.44 3.06 197.98 14 29 2
126 72.30 13.22 38.99 103.59 6 34 2
127 33.89 78.11 4.58 295.61 16 44 1
128 6.96 97.37 45.26 471.17 1 15 1
129 79.11 20.30 44.62 244.14 4 27 2
130 41.55 36.95 7.24 289.48 9 25 3
131 12.95 87.90 20.84 462.63 22 28 1
132 19.87 69.84 23.22 128.38 14 44 2
133 60.93 33.91 29.22 354.73 21 30 1
134 8.27 5.94 29.90 190.81 13 47 2
135 56.31 19.55 35.58 158.07 2 40 3
136 99.27 24.91 49.67 472.39 17 17 2
137 88.74 31.64 47.83 221.87 2 15 3
138 20.27 49.28 47.88 295.77 22 40 3
139 50.22 28.61 40.35 229.41 8 47 4
140 30.04 24.98 46.32 189.86 13 27 3
141 66.09 27.42 39.67 368.21 17 34 4
142 16.74 2.35 24.50 292.23 20 30 4
143 75.56 63.68 47.63 272.25 1 8 1
144 21.89 19.30 25.50 65.64 12 31 3
145 3.76 36.80 18.63 231.26 1 36 2
146 15.40 99.56 18.25 171.60 11 36 3
147 26.10 47.01 14.36 317.17 17 26 3
148 38.70 51.53 31.77 146.62 13 14 2
149 67.61 95.36 27.09 465.10 9 20 1
150 70.01 55.35 28.11 463.02 16 44 1
151 14.22 59.69 7.41 240.26 18 27 3
152 47.29 29.84 7.68 458.56 20 40 4
153 36.35 10.61 0.45 174.19 5 8 4
154 97.19 27.78 18.54 133.09 12 26 4
155 44.61 51.33 13.54 298.28 9 15 3
156 13.19 84.42 25.26 158.07 7 17 1
157 86.90 60.65 46.71 444.11 11 16 4
158 36.17 95.43 18.23 171.50 14 22 2
159 17.45 40.75 2.86 205.00 17 44 1
160 26.26 84.11 12.14 265.22 9 24 3
161 36.56 21.48 24.40 468.35 0 21 1
162 44.42 14.96 6.61 86.86 12 15 3
163 20.53 16.13 6.15 345.96 16 32 4
164 20.22 10.04 40.33 326.25 4 45 4
165 64.46 11.37 22.96 88.04 10 43 3
166 28.88 60.54 14.19 156.50 13 43 1
167 54.60 96.92 23.15 298.64 6 22 2
168 49.92 6.54 4.68 215.80 20 28 2
169 9.46 18.52 7.87 288.33 19 24 1
170 39.35 60.59 1.42 202.14 22 39 1
171 72.89 43.17 34.40 452.11 3 47 2
172 62.51 88.20 1.06 68.49 18 19 3
173 25.13 43.14 29.56 144.09 10 41 1
174 45.36 12.04 47.54 466.45 7 47 1
175 3.08 56.30 28.76 205.30 10 24 2
176 60.84 89.99 27.61 178.52 16 27 4
177 2.67 6.87 14.42 279.35 2 8 4
178 9.96 21.47 0.37 467.97 3 36 3
179 5.77 64.83 27.30 431.78 20 27 4
180 4.33 81.27 44.57 273.31 5 22 3
181 63.89 18.01 36.45 103.74 1 12 1
182 42.26 22.52 36.55 108.83 9 20 4
183 63.37 86.41 43.08 245.63 17 46 1
184 79.72 11.62 5.24 371.72 1 14 2
185 58.29 68.57 17.80 289.38 7 37 1
186 4.67 66.62 30.64 471.20 24 45 1
187 70.69 38.70 6.39 320.55 16 24 1
188 6.43 59.86 36.07 50.41 21 42 3
189 72.99 25.02 11.01 349.26 22 44 3
190 41.21 32.69 4.41 419.83 0 39 3
191 97.12 15.96 30.09 444.06 18 32 3
192 33.49 21.97 3.21 72.50 7 29 1
193 33.49 2.64 10.31 106.81 21 30 2
194 0.97 70.32 17.19 352.70 8 43 3
195 38.06 87.75 12.41 496.94 5 22 1
196 75.66 60.94 41.29 447.56 22 43 2
197 78.46 82.00 36.76 245.77 8 41 4
198 67.95 48.11 29.16 168.07 16 27 1
199 36.65 53.58 46.79 186.04 8 41 2
200 57.27 87.28 49.82 260.95 18 48 2
201 32.33 99.76 34.39 64.89 4 27 3
202 80.60 8.35 26.97 106.78 11 12 1
203 61.47 15.23 2.66 189.06 17 28 4
204 18.25 80.39 12.73 254.74 16 38 2
205 71.40 17.22 13.98 440.70 24 39 1
206 75.18 52.66 31.48 347.89 20 27 1
207 64.44 19.68 11.24 358.76 0 16 4
208 11.97 91.43 32.54 57.60 8 12 1
209 87.23 26.26 21.14 295.52 12 38 1
210 27.93 89.36 2.93 91.94 24 31 2
211 26.42 97.42 29.30 484.58 1 33 3
212 99.57 11.98 11.81 433.30 0 24 3
213 89.29 1.29 7.04 309.23 17 36 3
214 80.78 3.48 3.84 422.00 24 37 4
215 93.07 67.34 36.45 162.86 3 42 2
216 59.85 69.31 10.59 58.25 0 27 4
217 78.68 4.51 17.03 186.28 17 42 1
218 52.46 30.63 40.64 441.91 12 14 4
219 88.95 19.89 9.53 377.18 2 5 1
220 27.58 85.46 45.07 160.59 15 20 1
221 13.82 58.33 49.88 456.50 6 47 1
222 49.58 21.56 34.04 207.56 13 46 4
223 57.13 6.90 35.90 495.72 18 46 1
224 4.35 19.56 42.60 331.05 13 40 3
225 1.69 38.59 39.13 435.42 12 33 1
226 92.17 66.64 14.72 97.74 24 27 1
227 55.51 59.23 7.74 357.98 22 23 1
228 46.08 36.07 29.18 248.50 12 43 2
229 95.49 31.32 35.25 453.02 6 38 3
230 55.70 71.19 48.28 468.35 9 10 3
231 8.30 86.54 44.43 107.13 11 31 1
232 52.31 72.27 39.63 378.45 24 25 3
233 77.46 59.99 38.27 273.75 20 37 1
234 24.38 47.81 26.99 405.21 10 26 4
235 76.07 93.23 37.40 458.83 19 39 2
236 52.30 67.60 29.28 132.51 22 28 3
237 68.96 33.08 33.84 79.81 2 43 2
238 16.01 28.35 17.29 105.12 1 29 1
239 60.22 76.04 4.27 278.79 1 35 2
240 25.28 46.24 28.55 185.45 12 19 3
241 65.46 95.79 42.60 320.10 5 42 3
242 82.95 16.19 38.31 204.60 10 19 1
243 17.42 12.26 14.29 63.26 13 37 4
244 40.48 48.51 49.63 98.08 13 38 2
245 92.35 5.25 2.33 238.22 9 45 3
246 18.16 5.83 9.23 242.05 2 47 4
247 20.64 15.41 9.42 372.92 9 12 1
248 12.52 97.49 10.81 207.12 18 19 2
249 29.79 37.92 28.82 121.54 13 44 2
250 49.12 35.41 3.27 175.38 19 26 3
251 91.03 68.75 41.16 455.27 4 7 3
252 66.38 58.74 29.69 203.51 11 18 4
253 43.10 53.01 46.73 369.38 6 35 3
254 86.86 73.38 37.61 368.28 0 0 4
255 3.27 15.86 49.12 323.62 2 38 4
256 32.30 49.57 39.81 379.94 13 42 4
257 4.41 39.44 45.30 334.55 17 33 2
258 8.92 46.32 25.25 205.10 2 44 4
259 5.43 69.22 28.98 476.42 17 24 2
260 53.56 36.28 2.58 490.61 16 23 4
261 20.23 42.41 1.40 354.61 15 28 1
262 6.18 81.05 24.80 291.66 23 23 3
263 94.00 96.88 45.92 76.28 11 31 1
264 61.56 58.47 37.05 184.14 20 39 2
265 70.66 99.05 17.16 245.36 6 30 4
266 98.69 78.29 41.30 301.60 19 45 2
267 15.03 52.01 14.56 220.26 0 1 2
268 11.97 28.75 9.89 131.60 16 16 2
269 98.54 79.94 9.43 461.37 18 42 4
270 5.61 53.28 43.32 322.56 19 43 3
271 84.71 16.81 46.79 178.88 20 37 4
272 37.82 40.59 45.76 407.75 6 32 3
273 74.57 71.75 49.19 111.65 21 22 1
274 95.18 65.68 11.91 471.86 22 40 2
275 88.67 10.61 12.28 359.82 9 30 4
276 89.23 40.60 49.81 142.81 24 46 2
277 97.32 37.14 40.75 160.87 17 33 4
278 47.48 36.07 29.38 457.34 21 48 2
279 80.45 68.49 3.44 246.31 5 32 3
280 59.99 73.43 36.68 167.90 8 11 1
281 87.37 66.20 25.57 300.73 23 46 4
282 46.78 26.22 7.78 397.00 18 29 4
283 88.95 18.81 38.48 395.08 5 15 1
284 7.34 12.49 31.12 274.34 4 19 2
285 55.92 1.53 15.42 85.42 5 12 2
286 10.48 68.72 22.47 322.76 1 44 2
287 79.85 59.47 49.23 399.47 23 25 3
288 89.26 42.71 41.87 132.09 16 17 3
289 69.86 86.88 44.41 153.58 10 11 4
290 67.68 74.01 17.97 387.70 16 40 3
291 71.80 0.46 10.23 150.64 14 37 4
292 41.45 33.85 49.40 468.11 3 44 2
293 75.97 32.93 44.55 466.73 19 29 3
294 21.42 42.07 21.29 178.25 10 27 3
295 92.66 25.79 20.04 428.09 3 9 1
296 1.01 7.76 17.60 327.63 18 40 3
297 90.80 39.13 10.48 128.20 8 26 2
298 93.08 42.82 41.65 111.81 18 46 2
299 9.77 60.38 49.99 283.96 7 18 4
300 6.99 63.20 44.01 236.87 8 38 4
301 5.82 82.75 5.27 113.70 16 41 2
302 9.91 80.08 2.78 494.73 22 48 4
303 93.88 94.93 29.44 269.06 15 31 4
304 10.44 53.78 4.22 133.21 17 29 1
305 27.06 62.64 37.60 383.48 3 5 1
306 73.75 50.81 16.15 155.44 0 22 3
307 96.32 82.59 6.24 362.72 7 21 2
308 34.98 78.07 19.56 335.07 8 39 3
309 60.08 10.57 11.81 173.64 4 18 2
310 63.48 67.89 40.95 155.70 23 32 2
311 81.61 72.47 7.68 256.73 3 9 3
312 79.41 34.82 9.20 485.15 16 39 2
313 71.40 59.56 24.67 473.61 23 27 3
314 72.98 80.21 5.64 321.92 10 10 4
315 51.28 95.47 40.28 492.12 24 34 2
316 19.99 86.36 5.62 139.21 2 26 3
317 18.58 46.83 8.88 416.60 18 48 4
318 75.22 94.44 27.44 329.86 5 42 2
319 47.54 35.37 8.96 391.91 21 39 3
320 86.12 24.08 22.55 164.91 19 25 3
321 63.76 60.12 23.13 339.50 14 22 1
322 11.75 4.62 22.51 312.67 8 12 1
323 37.05 4.96 33.97 299.43 10 34 2
324 17.00 17.18 7.78 484.90 23 28 4
325 42.06 70.29 31.47 164.45 10 12 3
326 5.15 50.33 34.45 70.51 16 34 3
327 13.06 77.96 1.03 135.88 11 13 3
328 5.25 84.83 42.50 183.58 7 13 4
329 97.72 47.90 2.14 68.03 13 32 3
330 11.13 74.62 3.64 490.37 15 38 3
331 70.83 1.97 21.67 427.24 3 7 2
332 40.28 15.42 13.94 417.83 13 39 2
333 91.25 67.28 32.53 206.12 17 29 4
334 38.46 97.85 31.38 496.65 0 26 2
335 17.53 36.88 23.94 479.05 0 44 1
336 58.97 84.72 26.50 460.32 22 23 4
337 65.43 28.13 12.03 225.31 18 45 4
338 50.92 1.78 33.56 364.62 21 33 2
339 38.34 77.92 43.42 357.34 6 25 1
340 76.95 0.46 18.95 59.99 10 44 2
341 80.24 69.48 7.44 336.85 16 27 2
342 41.08 2.27 40.22 390.00 7 18 2
343 67.41 33.89 40.86 369.28 22 39 1
344 45.98 1.44 26.22 109.24 10 27 3
345 98.78 46.72 8.80 223.27 16 37 2
346 17.37 36.87 5.04 240.70 14 24 3
347 96.26 39.84 28.47 297.27 19 48 2
348 82.71 3.17 4.16 391.77 24 35 3
349 4.75 87.51 25.65 118.90 6 8 3
350 89.29 83.12 46.79 418.57 21 33 2
351 27.95 4.42 2.66 184.91 4 36 3
352 5.29 27.89 35.40 338.83 22 47 2
353 48.98 70.88 33.81 267.66 15 18 2
354 3.92 45.04 25.34 427.64 10 15 3
355 2.85 25.08 32.56 469.90 4 41 1
356 45.79 66.82 4.87 465.16 23 33 1
357 84.19 98.07 22.87 334.33 22 32 2
358 7.76 32.63 49.40 220.19 12 35 4
359 99.77 15.58 21.09 352.20 24 27 4
360 54.47 24.09 32.30 384.78 1 40 3
361 88.38 26.35 16.39 387.31 12 43 4
362 26.89 17.41 30.63 76.81 11 48 3
363 97.19 34.93 11.95 149.56 20 43 4
364 80.71 66.96 40.62 130.55 3 29 3
365 14.55 64.37 0.14 456.56 10 17 2
366 98.23 94.73 39.96 387.62 6 33 4
367 3.18 34.76 24.00 169.75 11 33 2
368 13.88 68.46 37.11 376.80 20 38 3
369 83.37 63.20 49.58 70.91 17 26 1
370 10.52 73.74 44.13 476.88 9 29 2
371 54.13 0.99 36.91 233.82 5 14 1
372 68.27 97.88 41.41 283.71 16 35 3
373 88.30 23.93 17.36 136.49 9 32 1
374 72.69 8.39 32.71 293.29 0 14 4
375 58.73 57.02 10.47 383.19 14 38 1
376 0.23 98.14 0.97 416.42 8 43 3
377 44.61 45.59 4.01 411.29 12 39 1
378 47.36 73.70 5.71 245.83 24 28 3
379 25.26 23.58 47.87 400.29 6 29 3
380 2.45 54.43 44.24 319.53 5 27 2
381 37.48 59.73 21.79 197.04 12 33 4
382 66.63 94.17 43.42 247.40 0 45 2
383 42.51 13.95 36.39 258.13 0 12 3
384 98.75 66.09 22.71 199.94 4 44 4
385 82.33 30.29 43.17 346.03 4 34 4
386 79.25 38.99 42.30 189.19 17 26 4
387 69.08 39.33 12.73 428.78 22 22 4
388 2.11 78.81 4.82 229.26 22 27 3
389 92.18 58.26 40.09 119.57 8 14 3
390 12.00 50.78 37.66 140.34 20 39 1
391 2.12 46.32 6.80 135.20 11 24 1
392 24.36 39.37 3.06 316.21 13 48 3
393 19.58 26.06 48.68 73.19 1 8 1
394 29.60 88.37 13.58 183.65 3 39 4
395 25.36 74.66 30.54 233.61 6 7 2
396 20.70 78.57 1.05 232.01 20 28 4
397 48.03 66.84 43.21 405.05 23 30 1
398 75.34 81.10 24.41 327.40 11 24 3
399 53.68 69.42 25.41 136.49 2 33 4
400 55.62 95.89 37.67 244.00 24 27 3
1 159.38 3510.85 1
2 188.10 4467.41 2
3 141.40 3127.39 3
4 168.91 2951.41 4
5 169.75 3987.73 1
6 102.90 4774.30 3
7 157.52 4924.04 2
1 1.74 41.94 4
2 1.00 44.79 2
3 1.01 26.07 6
4 1.41 36.96 2
5 1.16 26.77 7
6 1.03 37.19 7
7 1.23 41.20 3
8 1.07 46.84 5
9 1.57 35.82 5
10 1.17 47.64 6
11 1.51 40.66 5
12 1.51 34.97 2
13 1.78 25.41 6
14 1.39 31.32 3
15 1.83 29.40 3
16 1.09 44.99 4
