Data for Vehicle routing problem with drones - Author: Huyen Do Thi Ngoc
Number of depots: 2
Number of cities: 400
Number of trucks: 3
Number of drones: 11
Area: 100 100 50
Customer maximum demand: 500
Max capacity of truck: 200
Max energy of truck: 5000
Max capacity of drone: 2
Max energy of drone: 50
1 8.03 52.53 2.62
2 92.54 58.41 32.37
1 8.77 58.44 7.88 384.51 10 34 2
2 67.68 50.30 42.24 298.65 9 18 2
3 70.84 90.40 35.81 285.42 2 25 2
4 59.50 26.73 39.16 324.84 21 38 2
5 98.12 76.93 2.67 240.97 2 39 2
6 29.53 95.32 17.62 273.72 2 4 2
7 92.24 59.83 7.96 128.71 3 32 2
8 41.19 60.95 4.40 413.90 4 14 1
9 30.18 50.99 14.08 377.32 12 32 2
10 83.84 64.53 14.21 124.14 6 47 1
11 84.34 77.73 9.90 265.39 8 46 1
12 10.99 60.29 10.85 186.80 1 41 1
13 76.33 11.12 17.59 435.70 12 32 2
14 89.44 78.55 2.58 152.24 4 27 1
15 41.51 59.57 18.43 123.07 9 29 1
16 95.41 83.54 24.65 347.23 13 41 2
17 6.89 47.40 17.65 203.46 0 31 2
18 82.12 18.11 44.92 82.46 22 42 2
19 87.00 12.23 47.89 491.52 24 34 2
20 89.68 24.43 7.10 281.70 0 42 2
21 85.00 38.00 25.53 368.83 9 10 1
22 74.46 16.79 45.40 462.83 8 21 2
23 93.64 69.01 22.08 150.74 21 28 1
24 0.34 13.01 38.42 179.39 7 37 1
25 13.54 23.00 14.99 313.73 14 44 2
26 55.28 54.12 40.39 246.20 13 45 2
27 99.04 50.92 20.71 453.03 4 47 2
28 28.34 41.38 25.62 462.37 3 7 1
29 89.95 33.42 13.73 249.06 8 22 1
30 10.04 10.75 14.44 183.58 15 15 1
31 79.58 14.88 25.10 460.03 9 40 1
32 51.28 89.13 27.36 485.91 22 32 1
33 39.61 68.71 31.99 70.87 15 35 2
34 62.67 69.59 5.92 219.85 12 28 1
35 0.83 74.51 31.09 135.66 9 25 1
36 62.83 93.12 10.12 77.70 6 15 2
37 45.56 83.07 22.88 104.25 23 38 1
38 88.22 46.99 28.02 177.99 23 36 2
39 56.44 57.55 10.51 482.32 15 47 1
40 13.56 1.15 14.49 302.10 13 16 1
41 32.00 74.96 6.44 336.84 17 21 2
42 5.66 9.35 18.04 154.10 16 33 2
43 22.87 70.28 7.24 209.63 0 7 2
44 7.54 78.72 31.89 453.54 15 17 1
45 65.90 7.43 31.47 133.39 6 42 2
46 12.34 1.85 41.08 249.87 11 25 1
47 9.17 58.91 11.53 86.03 0 1 1
48 90.94 92.21 31.22 128.56 2 22 1
49 96.90 3.23 25.49 327.19 23 29 1
50 19.07 1.93 40.93 95.29 13 22 1
51 44.37 64.77 11.18 88.12 2 19 1
52 29.24 34.24 9.84 92.21 19 23 1
53 13.20 93.48 8.75 309.95 22 29 2
54 98.94 28.89 41.83 58.55 1 14 2
55 66.75 69.53 22.65 323.89 10 29 2
56 68.02 73.84 18.06 163.76 24 35 1
57 42.68 33.83 44.52 62.97 5 33 2
58 68.27 39.04 32.58 313.27 7 7 1
59 65.94 55.29 42.61 459.59 1 28 1
60 50.68 27.47 27.42 161.02 2 15 2
61 89.39 31.23 32.93 163.07 2 25 2
62 50.92 8.75 38.44 253.66 10 41 2
63 9.36 61.46 27.31 77.85 24 26 2
64 12.89 97.70 0.11 485.55 14 26 2
65 86.73 0.01 14.34 181.15 12 28 1
66 15.76 66.23 26.51 277.83 7 24 1
67 22.94 90.86 36.22 290.13 22 31 2
68 44.65 79.28 32.04 410.11 23 45 2
69 59.46 41.46 1.37 360.89 18 25 2
70 20.50 31.72 16.40 82.62 3 13 2
71 50.98 42.59 18.12 233.05 12 39 1
72 57.94 16.54 43.73 448.03 17 40 2
73 18.73 24.34 1.00 394.94 20 26 1
74 41.21 22.55 6.33 458.75 4 48 2
75 56.52 40.73 5.20 292.65 19 28 2
76 75.13 60.12 43.89 244.57 0 39 1
77 3.96 89.27 2.59 433.12 6 10 2
78 58.24 25.68 27.73 357.83 6 17 1
79 64.97 24.65 1.63 221.85 4 13 2
80 86.69 43.48 3.59 126.09 10 23 1
81 5.32 35.27 30.94 203.20 19 47 2
82 87.73 90.46 14.20 172.39 23 44 2
83 47.66 77.39 0.02 167.87 13 38 1
84 76.42 30.25 23.12 261.21 22 22 1
85 1.87 9.12 2.99 265.06 23 37 2
86 61.57 90.64 42.58 187.50 0 31 1
87 88.36 70.21 39.04 109.05 5 10 1
88 0.71 28.51 21.35 223.54 12 39 2
89 9.71 59.10 13.75 339.77 6 46 1
90 72.99 24.83 16.62 144.88 15 32 2
91 55.23 75.97 37.60 410.99 24 38 1
92 57.33 42.47 2.66 146.42 17 30 2
93 58.54 15.33 2.88 406.03 13 32 2
94 22.75 77.49 2.61 148.19 8 48 2
95 6.89 1.14 6.58 117.42 5 6 1
96 94.35 40.40 6.84 422.30 5 19 1
97 64.15 43.91 10.02 294.40 12 30 2
98 49.47 84.50 11.64 481.07 24 43 1
99 69.34 6.00 40.12 387.40 9 13 2
100 48.62 47.77 26.14 128.13 0 1 2
101 14.08 19.92 46.14 102.81 15 18 2
102 45.43 79.73 38.35 402.02 15 26 1
103 57.24 72.07 43.85 352.22 20 28 1
104 31.08 46.82 15.06 154.10 13 25 2
105 57.11 57.56 17.27 57.79 9 17 1
106 29.76 87.14 29.52 56.38 19 43 1
107 89.82 41.58 25.48 110.27 8 10 2
108 17.11 64.54 7.43 330.17 6 16 2
109 18.18 57.11 49.25 438.29 12 43 2
110 83.65 54.70 24.90 367.64 17 24 2
111 60.06 8.91 10.53 489.51 16 21 1
112 71.26 83.34 32.28 287.06 4 12 2
113 99.30 7.27 5.42 198.33 0 44 2
114 29.73 24.46 10.73 344.61 15 25 1
115 85.42 28.63 27.49 159.68 12 32 2
116 83.77 90.66 33.19 131.48 16 22 2
117 65.64 16.96 16.32 460.84 5 18 2
118 0.47 52.05 15.11 469.99 1 47 1
119 56.91 25.56 17.64 222.38 23 34 1
120 85.32 97.77 20.73 368.68 17 41 1
121 46.89 59.53 13.14 159.33 17 20 1
122 32.25 79.72 48.93 447.01 19 35 1
123 87.72 81.19 4.24 91.43 8 32 2
124 69.84 80.50 7.97 424.20 4 12 1
125 50.28 99.44 13.11 277.36 11 23 1
126 25.81 21.29 41.34 387.50 2 6 2
127 10.50 50.82 39.32 310.08 3 38 2
128 92.85 30.54 7.28 142.19 21 34 2
129 56.83 7.27 29.16 157.33 15 23 1
130 10.79 78.77 29.30 372.71 12 32 1
131 96.27 42.03 39.06 283.62 18 28 2
132 14.53 67.73 42.97 149.05 24 36 1
133 96.57 40.28 15.28 418.25 14 20 2
134 64.50 78.75 25.64 54.49 12 36 1
135 74.35 48.36 19.29 83.43 6 48 2
136 67.51 56.41 17.33 172.15 17 45 2
137 92.02 89.55 10.89 481.59 19 44 1
138 66.17 81.84 27.49 98.95 5 7 2
139 80.29 27.22 35.92 230.91 0 12 2
140 1.30 58.59 44.15 395.51 22 24 2
141 67.45 20.20 46.58 152.03 3 23 1
142 12.87 71.68 43.12 415.73 12 21 1
143 7.27 3.31 14.65 331.77 24 37 2
144 72.34 17.31 21.10 91.20 3 44 2
145 99.16 30.57 1.04 393.11 18 18 1
146 28.15 68.58 35.37 337.96 14 45 1
147 16.94 99.91 40.94 125.86 19 21 2
148 34.42 33.49 32.34 160.25 9 31 1
149 19.95 93.88 33.97 478.01 9 28 2
150 13.91 78.44 25.97 268.61 1 30 1
151 92.25 79.34 36.15 75.98 4 33 2
152 21.43 18.45 15.42 167.06 17 25 2
153 77.69 42.69 16.26 207.18 18 35 2
154 89.21 47.64 6.84 442.32 10 16 2
155 53.17 34.90 26.86 339.26 18 46 1
156 51.55 25.21 18.15 237.91 23 38 1
157 85.24 37.31 21.25 459.84 15 37 2
158 58.02 43.99 1.63 299.80 19 23 2
159 30.01 12.43 48.65 123.24 18 34 1
160 55.03 35.26 34.54 299.06 11 25 1
161 46.56 1.89 44.88 407.96 12 24 2
162 99.56 53.90 20.29 362.81 16 16 1
163 6.82 55.46 46.80 448.84 24 35 1
164 42.20 43.66 1.07 386.06 4 26 1
165 68.52 6.94 30.10 164.00 4 13 2
166 4.26 54.02 30.43 373.60 7 46 1
167 35.70 74.72 11.85 101.03 21 41 1
168 75.54 0.19 44.88 434.56 7 24 2
169 30.42 97.94 37.91 367.10 10 29 2
170 76.19 14.48 11.67 313.15 22 42 2
171 10.77 74.54 34.88 157.16 21 39 1
172 35.80 44.92 4.43 107.59 9 27 1
173 23.13 36.65 11.58 224.51 20 24 1
174 21.46 94.67 20.30 268.19 23 27 1
175 23.64 69.36 40.31 289.40 18 46 1
176 51.07 84.21 48.10 140.37 14 16 2
177 53.56 62.59 36.99 182.19 4 15 2
178 27.46 26.14 4.71 262.68 3 26 2
179 4.35 30.48 47.02 409.03 9 19 1
180 69.47 19.42 21.42 488.64 5 24 2
181 97.77 28.20 18.49 405.99 13 31 1
182 43.57 7.18 12.61 171.87 7 9 1
183 98.32 96.75 36.15 326.54 13 32 1
184 75.24 35.84 16.09 404.64 14 25 2
185 76.52 57.23 49.09 249.92 15 44 1
186 3.65 95.22 16.26 78.25 12 28 1
187 68.37 9.59 21.92 83.31 12 12 1
188 17.69 59.12 5.47 471.68 0 19 2
189 37.15 16.11 28.13 250.77 4 46 1
190 58.99 22.85 2.84 190.68 9 20 1
191 33.19 83.97 32.01 288.38 13 47 1
192 45.72 23.90 18.66 142.00 21 41 2
193 18.51 60.12 23.81 91.29 16 48 2
194 81.02 37.33 21.79 441.92 10 29 2
195 42.84 30.89 5.46 144.73 23 36 1
196 65.65 51.51 41.91 482.74 13 34 1
197 2.60 44.78 34.02 238.06 9 32 2
198 96.66 32.97 16.74 408.35 10 27 2
199 79.21 50.17 11.65 378.83 12 16 2
200 71.68 89.79 2.66 110.70 14 30 1
201 90.26 30.75 18.08 438.54 18 23 1
202 92.36 47.06 6.46 388.89 9 26 1
203 26.22 61.83 30.80 77.05 19 21 2
204 42.13 68.58 20.83 425.93 18 35 1
205 15.78 52.20 13.17 166.75 1 10 1
206 61.74 14.16 23.66 311.97 8 45 2
207 25.78 31.65 22.27 461.07 6 9 2
208 21.68 95.08 8.41 163.98 3 13 1
209 11.21 56.22 40.17 467.77 17 37 2
210 72.56 13.14 33.87 322.30 11 44 2
211 2.56 61.38 35.52 220.03 9 47 2
212 49.35 18.21 32.13 227.71 6 34 2
213 9.91 61.47 3.59 341.06 15 33 2
214 96.14 30.36 10.79 285.02 1 26 1
215 74.98 30.92 24.71 112.49 24 29 2
216 5.43 89.12 42.49 492.93 22 47 1
217 99.87 30.86 28.98 416.67 0 20 1
218 0.82 56.05 10.09 359.57 12 44 2
219 42.05 49.60 1.03 75.31 22 30 1
220 82.72 59.49 18.56 221.53 18 29 1
221 67.41 94.74 28.61 185.13 17 39 2
222 51.31 97.84 14.54 114.74 6 6 1
223 79.31 87.34 36.53 320.59 23 47 2
224 85.04 19.99 38.12 55.12 22 31 2
225 64.70 95.37 11.29 231.91 9 21 1
226 93.63 97.55 38.81 111.71 0 45 2
227 32.83 2.90 37.97 103.85 24 32 1
228 37.72 79.05 3.52 59.14 10 17 1
229 3.05 51.82 49.28 245.07 17 45 1
230 22.04 45.85 11.38 86.57 14 23 2
231 13.00 47.27 9.98 137.75 7 47 1
232 92.62 20.50 1.83 204.28 6 35 1
233 51.67 73.78 8.26 214.14 21 33 1
234 32.02 56.85 20.46 450.66 18 43 1
235 35.14 4.52 32.49 223.02 22 23 2
236 87.16 26.49 8.63 367.23 15 27 1
237 76.36 51.25 32.96 83.81 0 36 1
238 16.08 39.42 6.30 96.69 6 42 2
239 56.49 85.27 2.33 472.78 2 25 2
240 68.43 57.18 48.21 114.87 4 48 2
241 89.71 78.26 7.75 367.63 7 27 2
242 84.41 93.66 36.15 441.93 14 28 1
243 85.57 80.26 1.03 462.86 15 37 2
244 54.17 32.33 19.08 143.63 6 23 1
245 88.17 30.35 39.44 79.65 3 13 1
246 13.85 18.15 2.97 405.15 12 45 1
247 65.21 51.32 10.86 495.12 10 18 1
248 53.31 19.79 32.91 69.96 15 36 2
249 7.47 76.51 37.98 323.51 0 46 1
250 58.16 97.81 34.42 334.17 0 6 2
251 11.23 59.51 21.35 179.74 15 46 1
252 42.47 87.62 40.94 436.15 21 24 1
253 36.85 82.91 13.34 270.62 12 33 2
254 48.51 80.02 32.04 391.16 3 18 2
255 19.81 94.81 33.06 155.74 15 36 1
256 61.50 2.56 38.88 295.76 11 14 1
257 0.37 87.80 38.96 284.71 8 28 2
258 27.93 43.85 28.96 90.49 14 19 2
259 26.27 32.19 2.93 367.31 20 30 1
260 64.94 1.07 3.39 389.83 8 28 1
261 45.37 21.71 20.51 419.85 9 23 2
262 47.86 2.03 42.02 102.92 0 1 1
263 95.99 10.54 45.99 185.29 11 25 2
264 40.33 99.04 24.95 95.13 9 21 2
265 67.10 66.39 16.59 102.63 13 41 2
266 14.36 99.85 49.87 188.43 18 20 1
267 94.73 37.69 42.40 294.66 3 39 1
268 4.20 47.23 26.65 141.43 15 47 2
269 43.85 90.68 14.45 205.96 21 46 1
270 5.37 20.92 5.98 199.69 0 33 2
271 99.44 90.26 29.90 77.85 24 38 1
272 75.53 53.75 31.96 308.46 9 23 2
273 29.43 92.78 41.96 202.13 1 7 2
274 32.62 53.05 26.77 244.95 2 21 2
275 98.91 46.81 44.82 403.33 10 43 1
276 15.90 1.34 45.55 272.31 4 5 2
277 63.51 24.92 12.24 235.06 22 44 2
278 58.99 78.43 29.57 106.36 9 40 2
279 7.13 11.62 43.81 305.73 13 23 2
280 52.59 84.47 37.64 469.65 2 7 1
281 97.67 70.93 32.26 107.18 7 30 1
282 31.43 39.71 32.66 241.51 22 38 1
283 79.86 8.57 42.10 288.44 18 43 2
284 41.19 55.88 36.55 405.79 1 26 2
285 56.68 85.39 6.83 229.99 16 18 2
286 0.72 95.67 47.96 73.53 7 31 2
287 75.18 91.16 43.23 403.64 15 36 1
288 49.29 35.10 43.04 71.77 4 30 2
289 60.20 68.85 26.88 490.68 1 23 2
290 70.43 54.42 24.63 332.40 12 20 1
291 26.88 60.37 31.94 208.82 0 34 1
292 50.30 17.39 12.35 141.03 6 34 1
293 44.58 55.93 30.80 174.99 23 33 1
294 81.28 97.85 12.76 390.27 4 10 2
295 17.48 57.20 15.57 492.89 17 40 2
296 73.40 90.17 6.64 495.10 9 14 1
297 10.11 81.97 29.00 429.23 20 28 2
298 97.92 54.56 31.69 84.88 1 48 2
299 14.18 65.01 42.41 235.14 13 43 2
300 82.29 39.38 47.87 352.87 18 21 2
301 59.22 54.39 41.14 497.05 22 40 2
302 70.67 45.72 49.57 139.12 23 38 1
303 30.29 24.87 39.78 264.19 20 29 2
304 51.81 51.00 18.28 365.45 11 45 1
305 85.04 74.06 0.08 238.68 10 37 2
306 94.61 1.70 41.16 318.90 11 46 2
307 83.44 50.51 13.57 230.29 21 35 2
308 0.91 29.04 28.70 318.23 1 38 2
309 11.80 93.26 9.67 282.45 16 38 2
310 66.24 3.59 32.62 94.12 16 40 1
311 24.70 8.67 46.34 377.26 24 42 2
312 84.97 72.52 23.81 282.48 12 25 2
313 23.51 93.05 20.71 291.36 18 21 1
314 17.44 28.24 28.15 339.94 24 38 1
315 51.08 15.34 21.93 79.65 24 28 2
316 17.77 44.02 31.28 209.08 5 5 1
317 83.26 16.88 40.89 161.30 6 29 2
318 64.05 75.06 29.08 458.05 16 41 2
319 58.82 32.30 2.55 125.89 10 26 1
320 1.76 99.31 49.73 167.38 20 34 2
321 74.62 91.61 16.92 56.07 18 34 2
322 34.89 37.36 1.20 140.57 12 26 1
323 29.81 85.98 31.26 399.80 15 18 1
324 18.64 58.20 19.79 191.26 22 45 2
325 5.74 45.07 20.78 437.49 4 31 2
326 70.55 74.38 22.94 470.32 7 16 1
327 83.10 3.12 17.78 57.75 17 32 2
328 98.05 68.71 5.64 426.80 9 18 1
329 44.42 54.68 39.54 98.36 8 31 2
330 11.23 50.76 1.33 97.34 23 46 1
331 49.76 99.22 27.88 86.40 20 48 1
332 61.24 86.19 11.59 325.41 0 30 1
333 27.93 18.72 23.73 182.84 6 15 2
334 26.04 46.78 3.65 391.65 18 39 1
335 13.26 43.85 0.65 322.27 6 31 2
336 10.14 71.02 31.92 496.54 0 6 1
337 80.51 57.36 5.18 393.42 15 35 2
338 33.35 63.26 11.06 318.96 4 31 2
339 76.98 96.01 19.90 56.22 14 42 2
340 35.14 47.56 23.59 328.86 2 13 1
341 52.42 86.93 7.30 218.72 1 8 2
342 56.06 42.17 5.64 363.99 5 46 2
343 54.50 76.37 47.18 91.89 3 47 2
344 39.71 27.99 46.06 254.80 9 25 2
345 58.67 9.50 43.17 140.10 17 39 1
346 60.20 0.53 45.20 167.73 15 43 2
347 93.87 37.72 26.22 282.41 24 26 1
348 61.40 54.30 43.13 219.79 11 21 1
349 99.37 45.21 18.82 204.49 15 19 1
350 28.07 15.14 22.70 294.86 22 31 2
351 77.08 58.05 4.36 459.16 13 42 2
352 77.85 3.50 36.28 439.29 4 9 2
353 42.23 67.93 14.91 236.01 18 22 1
354 97.00 61.15 15.84 164.34 17 40 1
355 99.60 83.76 45.26 59.95 22 44 1
356 14.87 95.81 5.26 483.58 21 36 2
357 32.38 31.22 26.58 221.08 20 28 1
358 25.50 41.14 9.46 438.27 3 30 1
359 12.87 11.83 13.12 265.65 0 46 1
360 93.16 84.41 5.55 111.09 2 17 1
361 88.43 53.65 32.75 137.83 6 43 2
362 51.30 46.62 46.57 309.69 19 24 2
363 54.90 77.78 31.17 401.39 5 11 1
364 68.96 60.98 45.39 56.64 1 14 1
365 89.97 5.30 47.69 479.87 10 42 2
366 29.78 23.93 15.71 370.01 12 23 2
367 57.78 45.50 35.80 300.65 18 36 2
368 62.50 42.30 41.60 319.77 3 45 1
369 9.33 40.17 45.69 484.81 13 45 1
370 38.16 39.45 6.46 343.18 2 21 2
371 20.13 39.63 48.03 467.57 16 28 2
372 61.15 58.37 48.37 196.09 17 21 1
373 3.14 72.78 18.66 82.35 14 38 2
374 11.90 86.89 42.08 435.13 10 37 2
375 46.71 47.47 46.26 285.75 15 28 1
376 61.77 97.96 49.90 187.18 23 42 1
377 40.42 45.96 36.28 424.75 11 27 2
378 11.76 36.72 36.57 324.88 24 37 1
379 96.33 77.96 19.53 314.28 1 45 1
380 82.19 61.76 40.65 396.73 23 26 1
381 89.50 64.60 31.82 87.48 24 48 2
382 88.02 80.95 30.21 165.86 17 42 2
383 21.11 94.33 16.14 152.40 24 33 2
384 53.56 9.13 22.72 381.49 14 41 1
385 81.79 26.52 35.85 276.20 14 23 2
386 76.55 76.88 36.94 143.19 16 47 1
387 70.40 69.26 35.67 273.49 11 16 2
388 75.16 75.25 9.79 151.47 17 19 2
389 21.44 12.53 8.06 392.61 22 26 1
390 96.05 97.12 41.74 227.44 8 25 1
391 60.54 43.28 21.67 195.57 20 25 1
392 34.50 81.31 32.81 267.85 7 25 1
393 78.20 82.55 32.56 432.68 14 36 2
394 63.91 57.80 39.93 195.81 10 21 2
395 47.00 28.87 30.26 230.61 3 17 1
396 12.64 73.76 28.98 198.56 19 37 1
397 54.03 37.63 21.11 141.87 9 45 2
398 95.01 81.92 15.02 356.85 0 15 2
399 64.75 34.31 12.30 269.65 16 27 2
400 82.67 70.21 19.45 339.46 13 20 2
1 199.29 3783.71 1
2 180.20 4482.75 2
3 176.37 2594.20 1
1 1.78 46.80 3
2 1.08 41.79 1
3 1.54 47.94 1
4 1.06 41.58 3
5 1.30 39.47 2
6 1.50 26.31 3
7 1.22 31.11 2
8 1.57 28.43 2
9 1.19 48.95 1
10 1.88 39.15 3
11 1.55 29.35 1
