Data for Vehicle routing problem with drones - Author: Huyen Do Thi Ngoc
Number of depots: 3
Number of cities: 200
Number of trucks: 3
Number of drones: 12
Area: 100 100 50
Customer maximum demand: 500
Max capacity of truck: 200
Max energy of truck: 5000
Max capacity of drone: 2
Max energy of drone: 50
1 50.20 3.79 5.68
2 63.71 75.66 12.44
3 69.22 92.01 3.70
1 52.64 0.48 49.95 150.42 9 34 1
2 35.41 38.65 6.05 495.22 23 39 2
3 21.94 41.13 30.08 360.00 20 27 2
4 63.38 5.83 12.56 347.76 24 38 2
5 29.13 53.94 11.62 246.32 10 33 1
6 81.18 14.35 44.76 270.63 16 43 3
7 81.38 94.52 43.88 331.29 2 20 1
8 53.95 98.05 33.31 176.16 19 39 2
9 51.54 88.08 45.11 254.84 24 28 1
10 15.45 60.68 16.53 261.56 5 30 1
11 76.22 40.39 40.76 173.12 0 10 3
12 62.92 18.04 11.61 119.66 12 15 1
13 70.27 16.14 29.57 349.61 21 37 3
14 50.47 59.78 35.14 333.59 15 26 2
15 3.33 80.85 5.61 338.98 21 29 2
16 83.72 33.50 22.25 84.84 17 26 2
17 85.46 89.57 4.74 184.32 22 24 1
18 93.47 71.44 37.82 279.83 11 43 1
19 85.91 26.85 6.46 229.51 11 41 2
20 79.54 96.29 45.57 113.08 7 18 2
21 94.31 38.57 23.82 477.13 8 29 1
22 33.64 30.25 7.97 472.66 11 37 3
23 94.10 87.42 1.81 91.82 18 26 3
24 98.26 3.72 29.42 391.03 0 27 2
25 1.49 76.40 34.27 286.60 16 37 3
26 84.99 31.18 17.13 153.02 23 26 1
27 90.43 73.22 47.90 340.57 23 42 3
28 52.43 30.40 47.12 391.86 10 39 3
29 41.77 67.22 0.48 427.85 13 14 1
30 51.53 26.78 29.91 351.67 15 30 3
31 54.50 79.05 23.52 52.18 5 20 1
32 58.66 51.22 24.67 278.74 8 27 1
33 87.00 59.35 26.00 273.72 24 31 2
34 21.92 46.92 12.44 370.03 9 15 3
35 5.53 45.12 1.26 97.17 7 16 2
36 28.78 39.30 42.28 51.99 20 43 1
37 15.09 70.72 42.45 132.71 21 29 2
38 73.22 80.67 12.73 184.22 0 27 3
39 56.05 10.65 24.41 336.31 23 38 2
40 5.26 93.30 49.01 152.36 2 43 3
41 67.59 14.63 5.99 209.83 13 14 1
42 99.75 49.47 1.25 93.34 23 26 1
43 48.66 98.45 17.95 277.63 2 46 2
44 73.78 88.80 21.38 198.19 9 22 3
45 15.35 40.00 33.59 328.02 22 40 1
46 75.54 79.79 26.48 261.90 14 44 3
47 99.39 68.97 22.04 217.14 13 18 3
48 39.71 52.75 17.87 272.20 13 20 1
49 50.26 88.71 21.50 59.60 5 40 3
50 82.64 53.47 44.77 299.36 16 26 2
51 16.98 78.37 23.19 228.78 24 45 2
52 15.42 55.67 45.86 349.41 11 15 1
53 82.88 10.15 39.41 132.21 15 39 1
54 41.74 62.65 16.72 492.86 10 42 2
55 49.33 29.65 32.75 366.95 6 6 1
56 91.37 88.97 31.41 220.74 8 34 3
57 52.58 49.55 14.80 76.87 18 34 2
58 69.33 36.12 2.06 461.37 17 48 2
59 83.68 58.64 41.25 225.76 21 44 2
60 55.67 66.11 14.52 246.45 18 33 2
61 8.41 32.11 34.56 103.92 9 12 1
62 54.28 11.93 38.34 136.78 3 9 1
63 43.82 94.24 15.01 425.26 24 27 2
64 43.02 45.82 10.24 487.86 17 32 2
65 74.80 91.79 26.60 391.27 0 12 1
66 14.02 79.80 37.95 386.96 24 34 2
67 6.27 51.13 3.84 351.04 11 28 1
68 20.85 13.25 7.08 400.10 12 37 1
69 30.31 23.58 32.52 215.97 7 34 2
70 3.82 65.69 31.03 248.37 16 44 1
71 19.60 87.30 16.69 333.88 5 5 2
72 1.88 21.26 33.22 134.32 22 40 2
73 62.92 8.63 16.77 490.90 8 43 1
74 49.81 10.64 39.28 470.76 21 47 2
75 89.35 94.55 33.20 498.03 19 47 3
76 73.07 67.24 25.78 222.18 10 35 2
77 97.44 46.25 32.68 484.21 16 46 3
78 62.72 38.25 5.55 318.68 18 29 2
79 31.00 94.89 38.27 467.48 21 48 2
80 84.45 67.66 0.10 247.61 2 20 1
81 23.10 48.43 20.92 283.38 24 26 2
82 14.10 76.28 38.35 375.75 7 23 3
83 7.16 34.75 1.02 407.74 0 14 2
84 74.09 86.90 22.85 320.48 4 16 2
85 56.41 30.72 12.73 261.00 9 20 3
86 24.67 42.09 47.60 127.24 21 41 1
87 39.79 93.59 38.82 183.26 14 48 2
88 28.53 49.69 11.89 138.95 21 40 3
89 47.10 61.63 16.87 456.25 20 36 1
90 0.36 41.52 1.39 426.68 8 18 1
91 8.03 76.52 26.34 368.31 16 17 1
92 21.47 52.02 46.91 341.80 7 13 2
93 76.10 53.55 1.56 299.09 0 17 2
94 47.07 57.57 31.76 491.25 3 44 3
95 25.88 50.24 26.39 100.38 8 29 2
96 39.65 91.80 0.61 236.86 13 26 1
97 98.25 88.11 1.72 73.07 2 16 1
98 59.12 15.53 4.86 437.54 6 23 3
99 66.69 23.17 30.75 411.67 22 32 2
100 43.49 5.00 24.50 401.83 15 32 3
101 27.45 51.81 2.90 393.04 24 36 3
102 87.97 44.80 39.67 333.05 9 24 2
103 10.07 27.56 8.99 196.54 13 43 2
104 14.21 8.65 4.69 59.76 16 16 3
105 65.22 15.26 36.24 453.41 3 34 1
106 51.10 24.82 47.13 317.89 22 36 1
107 48.54 87.79 48.86 355.23 19 45 2
108 67.66 56.55 0.42 444.50 8 28 2
109 12.58 25.16 33.17 474.87 20 43 1
110 19.83 57.78 43.93 431.22 19 28 1
111 89.64 62.47 25.84 141.86 5 5 3
112 17.20 6.65 22.30 331.10 20 26 3
113 72.18 52.30 41.46 373.45 1 47 3
114 70.26 84.45 35.57 95.78 13 20 2
115 95.34 56.04 33.68 276.91 22 27 1
116 91.80 12.31 13.10 388.47 12 30 1
117 89.19 13.16 19.60 276.64 3 18 2
118 49.00 80.44 3.66 375.98 16 44 2
119 43.94 7.47 25.18 423.86 3 23 1
120 25.23 87.81 23.49 426.95 6 19 1
121 28.05 85.91 8.06 238.55 23 44 1
122 11.62 27.10 2.40 373.98 6 35 2
123 90.90 45.46 13.98 214.26 7 15 1
124 90.09 34.26 24.85 157.71 7 42 1
125 1.35 70.06 47.95 221.26 16 42 2
126 91.19 56.47 41.91 190.47 24 43 3
127 45.37 27.05 30.11 449.62 7 15 1
128 48.45 2.17 3.89 198.63 19 27 3
129 45.67 23.12 44.11 174.56 3 16 1
130 23.89 77.53 34.66 432.95 0 47 2
131 72.79 92.46 8.27 324.02 18 42 3
132 11.40 85.52 22.17 349.65 18 42 3
133 69.92 60.76 25.34 410.38 21 47 2
134 2.67 5.61 1.35 197.67 13 27 2
135 0.23 61.12 26.26 216.20 9 41 2
136 66.94 90.01 45.41 222.83 22 32 1
137 82.71 91.63 39.62 391.72 22 28 3
138 95.64 98.73 7.41 384.31 11 11 2
139 97.71 1.20 2.95 238.53 0 37 1
140 21.43 51.02 16.30 182.77 9 10 2
141 40.37 5.14 39.42 55.59 9 19 1
142 87.82 86.15 0.17 336.34 23 34 1
143 47.32 42.03 38.11 317.32 4 13 1
144 1.93 32.45 0.98 322.83 19 29 3
145 58.83 76.85 24.69 320.72 10 11 1
146 60.89 3.82 4.87 280.52 23 47 1
147 23.25 62.01 7.75 288.19 14 48 3
148 87.98 4.51 10.85 343.54 12 23 2
149 35.46 81.29 40.75 237.68 4 22 1
150 49.96 16.99 6.92 176.33 15 48 1
151 73.49 64.96 5.19 295.43 11 47 1
152 56.26 49.58 12.71 116.32 20 35 1
153 54.75 81.09 39.33 246.47 20 31 3
154 22.03 82.44 4.01 413.88 4 45 2
155 58.21 57.98 48.43 298.15 12 18 3
156 15.55 87.25 9.50 71.09 1 33 3
157 56.36 45.40 32.16 178.20 5 48 3
158 30.65 26.81 40.59 190.04 16 44 3
159 51.47 57.52 5.03 379.76 22 24 1
160 96.27 52.66 23.10 447.37 8 24 1
161 85.86 72.82 39.05 219.84 11 35 1
162 93.03 15.97 40.37 196.64 1 12 2
163 17.40 20.34 9.57 317.86 24 33 3
164 20.24 84.54 0.80 286.30 24 35 1
165 76.34 45.71 47.51 170.43 1 32 2
166 34.62 22.03 16.52 88.83 10 39 2
167 38.83 53.74 9.06 77.60 1 16 2
168 26.71 23.09 45.03 274.40 17 39 3
169 4.53 54.33 12.60 383.57 10 29 3
170 27.14 80.65 24.60 213.68 4 40 3
171 75.03 54.88 0.01 132.49 8 16 3
172 13.06 82.14 14.94 112.45 3 12 2
173 28.33 72.54 30.16 242.05 7 26 2
174 94.81 77.88 26.29 487.41 21 44 3
175 93.84 71.10 38.96 254.10 17 32 3
176 84.16 19.01 25.77 279.45 3 34 3
177 97.35 15.56 36.71 178.34 24 37 2
178 89.49 53.27 27.13 450.35 11 40 2
179 23.31 23.74 12.23 57.70 7 42 2
180 94.04 1.55 34.80 388.09 13 23 3
181 93.88 3.22 6.96 329.52 14 19 1
182 87.59 69.14 30.51 61.20 10 48 2
183 36.93 91.34 16.85 414.81 8 12 2
184 71.22 48.87 20.39 409.18 14 47 3
185 24.67 61.60 1.80 308.44 4 30 2
186 94.49 64.86 23.45 82.24 7 44 1
187 61.70 16.30 39.27 157.23 10 13 3
188 30.10 57.48 3.43 180.75 12 27 2
189 93.05 96.45 8.28 79.64 15 48 1
190 60.10 8.78 14.55 357.54 15 41 1
191 94.44 27.56 0.85 444.00 13 47 1
192 96.90 53.96 38.77 156.09 14 29 3
193 45.21 35.45 27.40 263.83 0 40 2
194 53.60 45.52 39.28 254.39 16 28 2
195 22.69 29.38 30.22 458.84 1 3 3
196 1.99 57.85 30.75 326.81 7 36 1
197 59.11 53.97 12.14 57.38 22 34 3
198 31.42 37.71 16.95 129.65 11 43 2
199 13.85 67.74 49.27 127.23 3 31 1
200 97.24 81.57 13.13 303.40 24 39 3
1 105.23 3626.32 1
2 162.82 3817.92 2
3 193.02 2596.01 3
1 1.20 36.38 2
2 1.50 36.04 3
3 1.77 33.98 3
4 1.77 29.33 3
5 1.16 47.82 1
6 1.97 28.07 3
7 1.18 40.04 1
8 1.83 33.04 1
9 1.10 47.40 3
10 1.07 42.96 2
11 1.37 31.28 2
12 1.87 46.77 3
