Data for Vehicle routing problem with drones - Author: Huyen Do Thi Ngoc
Number of depots: 5
Number of cities: 500
Number of trucks: 10
Number of drones: 11
Area: 100 100 50
Customer maximum demand: 500
Max capacity of truck: 200
Max energy of truck: 5000
Max capacity of drone: 2
Max energy of drone: 50
1 85.07 60.54 20.99
2 61.28 28.70 4.60
3 56.02 47.13 11.35
4 44.28 92.77 41.44
5 7.60 46.25 43.68
1 3.13 86.81 42.32 450.37 4 19 5
2 25.57 23.21 34.89 114.32 2 3 4
3 36.05 72.14 20.52 67.12 11 34 2
4 6.91 59.44 44.02 398.07 2 19 1
5 92.74 76.47 15.73 118.94 6 46 5
6 94.40 57.82 33.02 397.83 21 29 5
7 72.38 89.81 3.41 467.24 20 22 5
8 4.68 31.00 28.26 182.03 13 34 5
9 80.39 1.01 49.37 467.90 20 22 3
10 42.36 21.10 29.20 389.24 21 48 1
11 29.05 58.86 2.47 74.33 13 47 4
12 99.58 48.44 15.65 215.25 4 40 1
13 85.54 31.68 33.44 318.68 13 39 5
14 32.60 91.34 3.42 184.92 15 21 5
15 39.29 86.20 23.92 474.23 7 45 1
16 27.03 38.54 47.01 384.02 4 17 1
17 62.13 79.33 33.18 399.43 19 31 5
18 64.16 91.22 11.51 200.91 11 35 3
19 80.87 7.94 33.24 400.72 18 48 1
20 66.78 12.28 8.58 285.75 22 27 5
21 89.39 86.88 17.17 198.45 5 11 2
22 6.93 83.96 27.13 392.72 15 38 3
23 87.77 14.15 23.93 353.61 16 35 5
24 20.29 74.58 2.18 424.28 7 34 1
25 32.32 6.03 41.02 451.54 14 37 3
26 87.52 26.81 0.92 77.64 24 32 1
27 63.98 69.54 1.08 479.00 6 15 3
28 33.78 9.64 14.57 190.09 0 8 5
29 12.90 67.75 39.60 410.99 5 27 2
30 49.62 5.57 36.17 156.05 16 29 5
31 28.55 34.39 29.71 229.38 12 20 1
32 38.88 60.91 17.66 453.64 1 34 3
33 16.10 66.25 2.80 318.77 17 24 3
34 16.93 67.83 4.98 156.87 21 25 3
35 19.37 66.28 31.66 55.84 24 35 3
36 69.83 29.77 41.35 474.51 16 28 3
37 86.52 53.24 49.79 257.91 0 15 5
38 95.35 85.03 10.17 248.86 21 45 2
39 37.45 90.71 15.99 261.60 24 24 4
40 10.13 96.35 16.53 288.50 7 33 3
41 79.96 69.91 31.19 205.15 19 37 2
42 90.26 83.22 41.11 426.35 16 44 5
43 58.91 69.61 45.19 57.54 9 19 3
44 26.54 81.42 10.44 281.81 18 29 5
45 89.86 26.02 27.62 85.07 20 35 3
46 47.43 56.23 3.73 155.29 17 38 5
47 59.26 29.71 21.20 355.34 17 35 1
48 75.51 76.18 20.60 297.90 9 30 1
49 68.66 30.84 29.36 251.86 0 35 2
50 72.82 33.83 22.43 432.72 0 24 4
51 79.23 85.73 25.01 469.76 8 20 3
52 85.80 57.10 5.95 308.94 23 34 1
53 25.31 6.64 17.20 167.59 11 33 4
54 78.89 72.82 26.95 426.35 23 28 1
55 48.12 82.09 19.46 269.76 24 35 5
56 45.61 62.82 42.19 86.28 10 25 2
57 97.59 43.95 40.38 392.48 7 38 1
58 29.77 6.42 17.08 61.27 1 13 1
59 48.49 87.33 4.04 211.29 22 42 5
60 11.27 40.21 3.98 480.29 9 16 3
61 64.56 57.18 26.69 239.57 12 21 4
62 20.32 87.37 37.36 377.47 14 30 3
63 14.18 24.10 38.91 286.11 23 46 3
64 14.50 68.14 6.25 358.90 12 14 3
65 62.55 1.81 22.75 493.30 13 30 2
66 76.14 51.45 3.12 239.19 10 30 2
67 33.80 17.58 4.17 433.43 13 48 1
68 69.42 95.16 46.51 53.69 12 14 5
69 76.03 3.07 0.17 71.67 13 27 2
70 54.55 1.80 18.41 116.57 9 13 2
71 92.98 50.82 47.86 212.09 13 33 4
72 30.76 80.03 20.27 413.43 6 16 2
73 21.34 60.07 20.00 229.24 8 47 1
74 55.44 38.10 30.87 478.14 9 9 1
75 57.29 20.12 3.96 83.90 8 20 5
76 70.04 82.81 46.07 291.76 16 47 5
77 88.02 12.83 33.46 338.43 5 43 2
78 48.44 15.26 0.35 482.56 13 26 5
79 54.35 55.92 44.59 239.87 18 30 2
80 13.23 95.27 42.88 251.46 18 41 5
81 53.26 71.81 33.43 139.98 1 22 1
82 44.74 53.90 15.56 283.93 16 33 5
83 91.22 51.75 49.94 256.34 8 17 2
84 56.53 12.44 49.77 140.36 4 23 4
85 82.16 5.84 35.35 283.48 15 23 3
86 46.57 9.09 5.08 184.53 2 31 2
87 36.55 33.66 33.01 185.52 23 37 4
88 48.33 36.53 7.31 138.24 17 34 4
89 75.70 19.10 33.35 118.07 13 17 2
90 20.28 59.05 16.86 177.22 8 35 2
91 38.18 37.27 38.92 274.07 2 44 3
92 91.49 4.65 34.41 162.64 12 31 3
93 73.00 19.76 40.74 197.14 23 43 5
94 88.38 30.46 26.24 135.64 18 19 1
95 75.44 47.34 21.33 309.77 4 32 2
96 97.00 0.65 32.14 55.19 15 32 1
97 23.17 64.06 3.33 390.08 22 28 4
98 53.81 72.16 34.47 208.63 23 33 4
99 72.87 82.33 12.09 401.52 4 33 1
100 24.04 37.76 31.32 161.88 11 27 3
101 97.84 23.20 46.57 471.31 24 44 1
102 63.68 63.09 1.22 254.21 4 6 3
103 67.50 92.39 25.48 65.59 9 40 4
104 56.71 71.37 16.84 212.58 4 7 2
105 61.50 47.47 9.23 422.58 7 35 1
106 63.81 78.47 49.85 51.73 2 26 2
107 91.28 99.14 43.15 290.80 23 33 1
108 32.98 70.06 32.88 243.05 2 2 4
109 51.75 56.72 0.59 434.61 19 42 2
110 75.55 93.10 18.66 357.61 6 37 1
111 28.22 37.46 19.90 478.09 5 41 3
112 51.34 55.72 11.08 447.71 22 45 2
113 9.23 7.16 8.53 232.42 22 22 1
114 21.62 38.62 25.98 394.65 12 34 3
115 18.49 4.49 32.97 229.12 6 46 1
116 85.07 46.62 40.66 148.27 19 44 3
117 22.59 60.47 5.27 419.86 21 26 2
118 22.79 47.24 19.04 79.35 21 25 1
119 72.89 53.91 3.57 152.16 1 38 2
120 48.46 18.65 19.94 119.00 5 6 2
121 44.33 41.34 13.23 140.42 23 43 1
122 73.51 82.44 25.78 318.54 18 44 5
123 14.88 98.67 23.60 190.71 2 20 1
124 57.40 34.30 15.06 411.54 2 42 1
125 69.84 13.14 26.52 103.23 13 31 1
126 56.01 44.54 17.02 115.06 20 34 2
127 80.22 12.90 47.99 320.59 6 46 3
128 95.74 16.06 29.12 52.04 11 44 1
129 81.87 29.59 1.21 356.58 5 36 3
130 14.79 5.66 30.59 124.79 12 43 3
131 16.10 30.16 33.39 193.72 22 34 1
132 11.97 28.92 32.61 372.29 9 48 4
133 5.37 81.26 1.12 60.16 4 24 4
134 52.85 92.29 45.57 421.89 12 43 4
135 57.02 40.87 13.64 312.98 5 13 2
136 55.70 45.81 11.82 430.73 17 42 4
137 17.49 32.30 24.38 249.07 12 18 4
138 1.77 58.97 31.27 291.54 10 48 1
139 35.22 74.67 21.16 179.21 22 41 1
140 99.23 88.07 48.82 71.13 22 39 1
141 14.37 95.03 33.56 470.83 6 29 1
142 47.97 60.73 22.06 335.70 9 28 5
143 10.80 93.42 18.80 203.64 4 27 1
144 47.46 19.82 11.37 390.93 14 22 2
145 63.95 28.87 10.36 98.59 1 5 1
146 57.96 35.98 32.17 139.51 8 35 5
147 74.65 6.69 6.55 341.85 20 20 2
148 58.62 84.06 5.23 424.08 13 15 3
149 2.17 64.76 31.30 283.91 23 28 4
150 31.27 72.14 0.24 50.09 20 34 2
151 93.03 62.15 29.65 384.96 10 47 1
152 7.99 64.03 27.48 65.34 5 30 3
153 57.63 1.05 22.76 131.21 16 42 2
154 40.60 83.52 2.53 156.05 1 28 5
155 17.28 57.47 31.44 149.69 19 39 4
156 40.62 64.03 9.37 145.85 12 24 1
157 60.82 47.00 46.17 78.65 23 43 1
158 16.80 58.50 21.42 357.71 12 45 4
159 31.12 40.32 0.64 364.57 10 48 2
160 68.22 49.02 4.34 105.61 4 15 2
161 60.87 57.42 46.16 301.93 1 46 2
162 90.39 51.20 46.42 157.83 24 33 1
163 97.47 18.27 12.98 393.58 16 47 4
164 77.48 65.25 21.27 158.10 11 32 4
165 80.49 48.54 40.22 173.48 4 13 1
166 5.37 62.01 45.69 372.07 23 43 2
167 88.00 86.01 10.96 290.18 16 43 3
168 34.37 28.15 30.34 158.05 20 40 3
169 11.97 36.23 25.11 111.99 21 24 3
170 47.10 38.22 39.42 459.40 24 36 5
171 66.24 41.29 41.06 397.51 17 40 1
172 24.03 15.22 49.30 220.79 14 27 4
173 62.51 11.07 14.42 404.80 5 15 2
174 39.62 68.20 8.82 104.80 3 3 1
175 69.18 49.30 33.00 190.70 13 13 1
176 23.49 40.96 7.89 196.54 0 18 2
177 77.14 13.45 47.39 289.42 17 45 3
178 15.24 39.82 1.97 381.05 12 29 3
179 12.08 85.40 34.05 152.56 1 33 3
180 81.34 77.27 16.06 85.31 14 43 1
181 22.11 78.29 10.36 57.55 10 36 4
182 60.25 56.20 29.83 329.35 23 30 2
183 94.46 14.54 43.25 269.83 7 32 1
184 47.20 64.11 14.04 215.06 14 28 1
185 2.56 69.57 16.88 421.38 12 12 1
186 65.07 41.35 6.11 498.81 15 34 5
187 19.04 95.27 7.50 89.63 22 34 2
188 29.15 50.65 44.25 320.65 1 22 4
189 54.11 68.03 3.84 424.35 10 48 2
190 47.51 51.38 0.44 290.66 17 24 3
191 2.96 97.63 21.14 115.11 8 22 4
192 70.92 71.49 3.39 226.02 17 38 1
193 2.33 10.97 35.32 133.04 20 40 1
194 16.49 73.07 48.08 223.66 0 12 4
195 47.66 51.97 24.24 203.50 11 27 1
196 88.88 79.08 24.80 193.03 12 39 4
197 83.99 83.76 45.20 388.53 17 38 5
198 36.23 86.43 30.76 272.09 16 19 2
199 6.17 10.38 8.04 422.28 13 24 2
200 44.03 17.57 16.61 370.87 3 18 2
201 71.64 47.28 38.05 234.05 5 17 1
202 30.17 52.40 39.23 102.98 13 27 5
203 45.11 55.77 42.57 62.67 5 16 3
204 73.73 23.42 22.84 326.01 4 14 4
205 35.11 93.12 1.60 110.37 7 29 2
206 77.85 81.38 21.76 494.87 15 42 2
207 57.24 41.37 48.54 393.46 6 39 1
208 73.70 93.74 14.65 230.68 21 46 3
209 60.15 4.59 42.67 490.61 21 36 1
210 75.47 31.33 28.11 331.66 17 24 4
211 14.55 87.60 35.58 285.27 0 32 5
212 47.85 18.86 38.58 330.47 13 15 4
213 77.60 7.73 32.60 234.21 2 43 5
214 52.35 71.53 9.05 101.00 1 1 3
215 51.11 16.86 22.03 421.60 20 31 2
216 8.18 76.13 9.67 238.24 9 35 2
217 48.75 96.17 26.14 295.34 6 7 5
218 96.09 72.58 26.89 63.01 24 39 1
219 91.99 16.37 9.46 75.34 11 33 5
220 59.81 93.99 24.71 159.21 9 32 3
221 25.62 13.59 27.63 143.04 23 38 1
222 74.13 47.33 13.33 454.76 15 20 4
223 65.12 12.65 1.56 226.74 23 33 3
224 14.93 39.35 18.04 260.32 19 43 2
225 30.76 97.01 36.01 88.61 9 29 4
226 49.52 41.46 8.10 356.68 13 31 1
227 95.09 97.40 14.37 296.69 22 38 3
228 13.89 72.38 4.95 399.47 24 41 1
229 21.80 92.54 0.53 112.45 22 33 1
230 70.21 8.41 22.81 249.35 3 15 1
231 80.05 9.01 12.98 311.87 7 21 2
232 1.14 55.09 34.02 270.86 15 35 3
233 57.75 60.61 48.33 487.57 4 27 1
234 86.13 33.21 7.60 445.01 14 44 1
235 24.56 60.37 31.84 116.48 8 34 1
236 20.41 42.35 31.21 255.35 17 29 3
237 73.86 1.64 13.84 330.34 14 14 1
238 41.83 41.65 31.29 347.63 16 27 5
239 39.46 51.12 9.54 143.51 4 47 3
240 40.22 70.92 21.69 159.05 16 26 5
241 25.69 28.91 15.28 84.08 1 18 4
242 70.04 15.82 3.62 147.59 4 25 1
243 72.75 25.58 45.93 280.65 21 29 3
244 43.85 21.21 13.09 211.12 18 46 2
245 5.15 92.68 5.27 147.35 9 19 2
246 23.38 22.34 1.59 169.23 16 37 5
247 95.52 70.42 4.27 83.97 21 23 4
248 2.04 58.45 3.91 334.03 9 24 3
249 8.21 59.99 43.07 127.52 3 7 5
250 32.44 7.30 41.67 384.47 13 42 5
251 71.20 43.78 24.48 426.07 11 29 1
252 84.63 36.49 0.81 266.60 8 11 5
253 36.47 81.22 7.73 315.04 3 13 1
254 86.63 83.96 18.97 432.43 12 41 3
255 55.94 10.70 28.81 481.90 5 5 3
256 50.81 95.11 37.79 126.67 11 23 1
257 88.29 11.82 40.69 88.55 18 27 3
258 85.77 40.57 31.36 171.16 24 33 2
259 75.10 44.74 1.85 381.75 4 17 2
260 30.96 12.83 30.85 390.95 9 37 2
261 74.99 18.99 23.00 299.70 10 23 3
262 54.52 22.60 5.39 235.04 1 22 1
263 2.81 78.86 15.95 433.39 15 47 3
264 41.60 50.91 34.05 338.38 4 5 2
265 47.24 25.01 26.72 53.16 17 39 1
266 93.04 37.89 1.89 293.73 8 24 5
267 91.25 93.34 46.50 374.57 20 44 2
268 7.72 19.25 36.41 338.30 23 24 1
269 5.58 31.17 20.80 56.22 12 46 4
270 48.61 35.05 2.64 304.83 19 48 3
271 90.48 84.60 35.99 227.36 4 16 4
272 25.18 47.15 40.43 256.91 4 20 5
273 78.03 68.62 29.11 133.47 18 32 4
274 78.24 85.81 28.04 119.43 11 22 3
275 68.10 10.69 41.63 353.52 16 36 4
276 6.21 25.75 9.48 326.31 20 33 4
277 11.14 75.76 39.65 150.76 17 40 1
278 38.31 4.30 19.24 145.37 17 38 5
279 7.40 83.14 7.47 314.01 16 26 1
280 77.33 6.67 49.06 98.90 7 30 2
281 84.13 24.69 15.18 475.15 15 22 2
282 6.34 40.40 13.28 119.77 16 46 5
283 61.84 74.84 26.74 407.27 24 40 1
284 32.94 61.09 17.96 221.89 20 44 2
285 58.16 16.28 49.40 404.45 11 40 2
286 23.14 72.98 17.96 333.27 9 48 2
287 81.52 2.26 30.59 342.36 2 9 5
288 62.89 87.51 32.21 226.99 11 35 2
289 12.34 8.42 7.15 310.11 16 29 3
290 11.61 38.72 10.24 166.47 16 22 4
291 26.83 75.98 39.89 177.63 13 30 5
292 43.61 12.83 35.11 408.23 16 24 2
293 59.01 73.73 32.56 375.18 13 39 1
294 18.62 79.90 30.96 352.53 20 42 3
295 38.48 50.53 39.76 71.25 6 48 5
296 59.72 65.36 48.58 440.31 24 32 4
297 52.31 35.86 37.49 109.97 23 39 5
298 83.60 41.85 24.06 369.61 19 31 2
299 27.44 29.85 20.09 138.96 19 24 3
300 73.14 40.80 34.10 419.15 2 29 1
301 57.83 37.52 44.09 146.95 21 41 2
302 12.42 61.39 5.61 309.92 21 31 1
303 98.71 24.05 21.87 217.96 21 47 1
304 24.22 20.80 12.35 318.58 0 3 1
305 18.68 17.35 25.63 489.33 22 26 5
306 20.85 93.11 44.86 158.46 8 31 1
307 66.68 16.66 24.82 215.05 20 33 5
308 70.77 87.51 13.72 133.41 9 13 1
309 42.96 47.93 2.05 159.86 19 40 3
310 17.33 97.99 45.52 227.79 5 27 4
311 18.19 61.64 6.97 283.27 10 29 5
312 50.44 82.20 38.21 229.19 9 20 5
313 22.65 31.88 22.41 456.66 13 24 3
314 0.44 83.41 4.25 81.67 16 47 5
315 64.64 87.25 11.74 490.91 22 40 4
316 9.24 85.62 14.24 353.26 4 33 3
317 86.65 63.69 14.55 299.62 5 26 4
318 50.68 61.22 15.81 184.08 13 27 2
319 63.22 34.19 0.47 483.16 2 40 3
320 14.31 92.73 1.12 421.90 7 11 2
321 98.10 95.85 28.77 112.85 11 45 4
322 18.47 59.98 42.65 399.14 18 34 4
323 95.82 52.93 12.25 260.76 18 21 1
324 95.11 70.99 14.02 396.58 1 42 1
325 94.98 92.77 8.81 239.47 19 36 5
326 74.57 36.00 41.15 186.01 8 13 1
327 85.58 19.97 2.10 459.27 10 42 4
328 41.02 22.94 3.60 395.99 13 32 1
329 30.14 83.92 35.43 178.39 8 43 4
330 61.23 68.96 15.39 356.31 8 34 3
331 75.52 13.60 13.70 315.65 14 36 2
332 92.39 18.08 1.32 158.40 2 14 2
333 22.91 51.32 38.64 437.32 9 36 1
334 69.32 97.73 26.28 237.86 6 7 3
335 61.91 3.94 11.23 388.19 19 36 4
336 69.51 48.03 17.52 308.03 18 23 3
337 21.75 39.23 8.52 275.08 7 14 5
338 0.44 90.32 48.15 179.39 18 34 5
339 98.57 61.71 32.35 174.01 7 8 3
340 60.97 77.48 17.08 443.61 11 19 4
341 74.15 95.85 5.89 486.01 18 31 3
342 85.26 34.28 39.11 492.66 3 30 5
343 61.25 9.26 49.35 120.73 16 45 5
344 46.26 45.17 37.93 483.14 24 35 4
345 57.38 65.44 32.39 238.53 8 17 4
346 58.82 2.86 42.35 385.75 16 16 1
347 58.45 64.45 10.36 176.91 13 20 2
348 79.24 58.17 22.91 226.04 23 41 1
349 86.00 46.32 44.80 381.67 22 38 5
350 36.61 41.40 18.42 321.27 0 3 5
351 12.83 46.37 27.07 258.14 7 15 5
352 42.38 67.90 8.48 492.41 7 14 5
353 5.79 12.05 9.28 270.47 20 35 2
354 17.96 71.03 3.04 169.82 2 3 5
355 46.80 39.02 48.79 401.33 24 47 2
356 25.82 14.06 16.84 359.39 2 8 5
357 35.03 74.48 11.13 293.99 0 28 4
358 39.19 36.44 0.01 386.01 14 23 2
359 10.99 57.99 17.12 255.17 16 35 5
360 62.96 3.40 37.91 113.15 2 27 4
361 33.04 8.38 47.94 286.89 15 15 5
362 92.18 61.61 3.94 172.10 5 32 4
363 33.00 79.04 26.74 221.41 14 45 2
364 13.25 62.75 26.36 288.15 18 39 5
365 72.79 73.64 31.71 379.61 17 26 2
366 89.78 56.54 40.68 299.34 14 34 4
367 10.19 39.13 1.84 420.31 7 37 4
368 60.62 99.17 49.91 400.18 0 27 3
369 33.51 72.34 3.79 340.95 19 23 3
370 17.91 73.71 34.49 156.10 11 38 4
371 30.63 72.84 17.76 370.14 7 33 3
372 39.63 55.86 47.33 309.23 16 31 3
373 50.82 23.08 13.05 62.83 23 34 4
374 61.09 39.55 43.26 381.35 12 28 3
375 95.93 41.87 36.35 494.68 23 46 1
376 3.58 0.63 5.35 476.26 14 22 1
377 68.00 42.30 32.08 248.89 19 46 1
378 98.91 82.42 26.58 234.15 1 9 1
379 73.91 64.73 7.78 408.30 10 37 3
380 78.81 57.83 38.35 445.61 16 16 5
381 42.83 9.82 33.00 202.58 24 39 3
382 53.70 89.52 35.38 420.49 4 15 3
383 37.59 9.68 36.18 112.87 9 15 3
384 15.48 87.22 8.33 119.91 8 32 2
385 11.16 15.49 28.69 356.92 3 27 1
386 51.93 23.96 8.70 275.89 21 43 1
387 68.56 86.35 7.03 98.86 11 35 5
388 53.93 93.09 2.16 305.09 20 25 2
389 29.43 56.24 23.39 372.93 2 34 2
390 95.69 3.64 8.00 61.60 18 40 3
391 93.28 89.72 14.20 80.53 18 26 2
392 88.53 58.86 3.55 267.37 11 22 4
393 73.46 19.48 43.48 305.00 20 46 2
394 55.57 36.33 43.82 218.68 1 25 2
395 98.04 53.85 33.34 82.92 21 34 3
396 80.73 80.75 1.90 377.77 0 26 3
397 40.03 21.76 22.70 337.20 12 17 5
398 6.35 44.83 28.62 137.29 5 6 1
399 91.78 4.83 20.02 280.63 4 6 5
400 54.77 41.52 22.05 126.92 4 22 4
401 78.59 92.58 42.41 175.10 9 44 2
402 43.84 38.87 39.57 62.14 9 47 1
403 53.50 18.94 1.75 395.37 9 37 5
404 63.02 25.14 23.84 351.01 11 42 4
405 29.71 10.68 7.49 226.65 24 31 1
406 0.52 38.53 45.10 103.89 4 44 1
407 93.23 99.12 2.29 391.38 22 28 2
408 69.81 99.81 12.70 320.91 4 7 1
409 89.82 17.18 33.35 492.81 0 31 1
410 49.09 18.04 26.94 400.00 18 35 1
411 62.65 18.08 36.59 55.58 0 47 3
412 61.35 56.34 24.82 67.96 2 23 5
413 54.73 75.61 29.74 116.73 4 34 5
414 19.74 27.87 37.73 381.31 6 22 3
415 34.92 54.60 49.76 216.23 9 19 4
416 58.98 15.56 43.48 464.96 20 39 1
417 74.62 2.63 35.03 159.83 22 31 1
418 27.27 27.60 29.33 279.94 24 47 5
419 43.65 80.07 32.33 296.88 0 19 5
420 99.62 51.82 33.57 270.21 23 27 3
421 67.75 85.60 46.50 239.35 4 10 5
422 72.00 12.42 22.70 468.10 15 41 3
423 9.24 65.01 43.34 464.43 12 13 4
424 40.47 23.22 25.94 114.82 24 45 5
425 16.18 20.38 31.34 196.49 6 28 2
426 37.27 59.50 21.42 183.10 11 46 2
427 1.12 44.31 7.34 447.93 23 32 1
428 73.46 37.07 42.63 93.18 16 42 3
429 17.56 49.67 17.24 211.02 2 17 1
430 88.80 53.75 10.94 275.03 9 31 3
431 22.02 83.63 28.81 93.03 13 36 1
432 91.94 88.50 7.94 359.94 12 20 4
433 66.08 46.44 23.19 241.77 16 30 2
434 50.70 31.10 41.62 121.94 8 34 4
435 42.83 48.56 31.89 288.97 10 48 5
436 26.28 34.74 33.13 57.10 1 15 4
437 98.03 72.69 2.40 225.93 9 12 4
438 42.73 38.69 34.02 336.08 15 44 4
439 36.55 30.86 31.20 452.78 9 42 1
440 36.90 98.31 42.26 333.65 21 38 5
441 56.00 4.64 37.97 94.86 6 6 1
442 62.54 87.34 4.91 284.12 7 39 2
443 76.22 32.47 34.83 328.06 19 22 3
444 12.46 62.30 4.44 199.29 19 47 5
445 39.46 63.22 41.01 362.47 7 43 5
446 93.29 31.64 11.85 423.97 11 33 5
447 3.11 12.45 13.80 453.17 2 26 1
448 47.45 22.23 33.02 479.04 5 8 3
449 90.24 82.76 48.17 209.87 16 47 3
450 98.41 55.82 31.05 256.30 5 11 2
451 54.13 9.34 30.43 309.80 5 27 5
452 78.96 40.75 47.04 397.40 1 11 1
453 74.57 51.13 40.14 155.99 15 35 4
454 86.50 23.32 5.99 96.52 22 46 5
455 89.98 52.84 15.80 258.75 21 46 1
456 50.93 9.50 29.33 444.83 23 37 3
457 57.34 23.70 29.14 446.87 17 32 3
458 18.06 16.80 4.15 318.34 23 29 2
459 38.81 89.15 8.90 391.69 13 30 4
460 26.16 21.17 47.84 246.91 17 39 1
461 48.03 58.23 21.83 253.72 17 21 5
462 17.31 31.60 46.06 365.43 24 31 4
463 23.41 34.97 7.31 240.56 12 19 4
464 73.65 3.90 30.98 135.21 8 31 1
465 89.56 18.85 16.14 90.43 13 14 2
466 6.08 20.67 19.16 228.91 22 27 1
467 9.60 40.93 28.50 268.16 5 14 4
468 98.50 5.76 47.87 444.42 16 44 1
469 42.66 5.29 7.59 214.85 1 4 5
470 98.63 18.69 24.64 379.68 6 47 2
471 43.49 48.58 12.89 302.25 19 45 3
472 46.82 63.18 23.49 66.91 2 27 4
473 8.69 29.32 19.70 227.65 11 24 3
474 24.94 25.10 45.09 111.29 4 46 4
475 70.61 90.46 28.21 275.50 17 39 4
476 76.82 83.25 27.13 121.69 13 34 5
477 40.22 76.14 34.53 281.36 6 15 1
478 14.87 5.91 44.24 459.98 18 23 3
479 24.24 51.81 23.23 322.92 16 17 1
480 28.25 79.27 35.66 189.24 24 30 2
481 5.12 7.62 47.16 92.99 3 4 3
482 80.51 13.42 8.13 283.46 16 40 4
483 74.06 17.82 33.44 75.61 7 18 5
484 78.60 25.26 39.90 456.21 13 21 3
485 29.60 2.10 21.17 157.31 14 31 3
486 66.55 32.71 39.57 227.32 9 44 3
487 81.36 26.61 1.85 324.86 13 13 5
488 81.73 22.85 30.39 234.17 6 8 3
489 84.48 67.61 32.28 270.14 19 28 4
490 12.44 93.73 10.49 140.37 20 41 2
491 58.65 46.91 33.08 436.27 24 37 2
492 82.33 52.62 43.54 433.04 23 46 4
493 11.81 43.91 0.45 107.20 18 23 5
494 6.25 60.59 23.21 223.94 0 42 5
495 21.02 48.12 27.22 434.06 24 47 2
496 66.75 57.73 34.83 468.26 16 16 1
497 26.20 9.22 4.04 405.18 20 38 1
498 71.64 24.84 0.22 478.02 2 48 2
499 72.02 86.37 27.06 324.03 12 20 3
500 52.02 57.39 9.38 256.68 0 38 4
1 136.33 4503.08 1
2 109.87 4718.12 2
3 139.43 4713.75 3
4 115.85 3954.90 4
5 153.90 3794.21 5
6 197.69 3144.69 3
7 162.62 4633.79 4
8 159.34 3189.66 4
9 166.68 4972.98 1
10 172.82 2521.41 5
1 1.79 29.73 9
2 1.30 34.55 6
3 1.25 38.12 5
4 1.78 39.64 3
5 1.68 45.83 8
6 1.79 49.25 1
7 1.56 37.84 6
8 1.03 41.73 7
9 1.42 27.11 10
10 1.77 42.91 8
11 1.41 31.03 2
