Data for Vehicle routing problem with drones - Author: Huyen Do Thi Ngoc
Number of depots: 2
Number of cities: 100
Number of trucks: 3
Number of drones: 6
Area: 100 100 50
Customer maximum demand: 500
Max capacity of truck: 200
Max energy of truck: 5000
Max capacity of drone: 2
Max energy of drone: 50
1 83.00 16.25 14.65
2 55.04 64.58 5.14
1 25.91 52.45 46.76 453.76 3 23 1
2 28.06 89.80 45.40 185.93 14 30 1
3 23.76 86.18 16.20 232.27 3 31 2
4 43.45 24.93 25.18 381.51 4 18 1
5 73.81 35.88 26.96 267.38 15 26 2
6 31.52 2.28 4.15 366.20 2 26 2
7 22.57 50.51 29.38 294.82 17 21 2
8 84.70 51.17 42.79 160.55 21 41 2
9 76.87 26.45 7.48 250.47 19 28 1
10 44.88 19.73 21.31 375.40 9 18 1
11 17.61 49.72 27.79 240.14 5 43 1
12 38.62 77.47 14.38 173.05 1 2 2
13 13.18 76.47 41.23 57.01 18 20 1
14 5.55 36.70 33.44 415.73 2 20 2
15 45.12 49.25 39.37 208.44 19 26 2
16 49.21 10.20 12.46 142.89 16 33 2
17 53.78 36.18 35.05 149.62 10 43 2
18 89.12 51.47 49.03 472.67 13 42 1
19 16.10 65.34 16.61 368.13 18 39 1
20 17.96 45.81 39.36 432.74 16 27 1
21 68.17 24.00 44.02 396.39 8 22 2
22 43.41 56.02 15.23 136.23 13 24 1
23 87.05 21.47 34.74 363.08 20 48 2
24 1.05 60.41 12.47 51.48 4 13 1
25 60.48 72.73 12.62 178.48 2 7 2
26 82.11 20.95 10.89 296.01 22 35 2
27 40.24 82.14 24.87 488.13 6 25 1
28 49.90 41.12 12.96 138.52 13 23 1
29 16.86 20.06 34.94 134.23 8 40 2
30 16.93 98.93 49.87 309.66 18 30 1
31 17.87 35.80 41.46 444.88 7 21 2
32 84.02 53.51 0.99 424.96 23 42 1
33 58.63 5.99 25.14 299.14 3 42 1
34 98.03 80.24 15.48 465.20 2 20 2
35 17.65 69.41 25.02 113.27 18 25 2
36 82.22 92.55 10.91 186.87 20 24 1
37 8.27 43.35 3.58 389.26 21 45 1
38 71.72 80.39 44.96 281.09 7 30 2
39 98.61 64.06 48.23 422.67 5 45 1
40 82.92 21.89 29.49 126.77 0 35 1
41 13.58 64.60 11.07 251.57 9 13 2
42 38.68 93.21 22.95 392.76 1 46 1
43 59.12 35.08 46.68 231.82 17 21 2
44 65.92 84.32 46.83 133.98 15 47 1
45 56.57 87.17 46.92 147.57 23 35 2
46 95.68 16.84 48.44 188.89 15 23 2
47 44.24 46.39 40.91 103.80 2 28 1
48 66.36 21.61 21.57 331.12 8 20 1
49 78.37 0.34 1.41 88.26 22 46 1
50 17.64 91.97 29.45 390.17 20 20 1
51 49.37 67.27 1.65 395.39 22 29 2
52 44.73 78.66 42.99 76.80 12 40 1
53 97.81 29.35 42.27 157.25 16 38 2
54 84.62 66.24 27.16 141.73 2 26 1
55 62.77 44.86 12.99 187.58 14 24 1
56 39.66 65.25 24.10 267.59 23 34 2
57 52.81 17.69 37.62 411.72 23 30 1
58 36.01 44.62 14.58 365.34 10 36 2
59 95.38 13.28 1.79 485.06 6 39 2
60 51.19 92.79 29.48 138.64 19 34 1
61 73.24 10.65 26.06 319.50 8 35 2
62 34.99 42.90 2.52 448.64 8 40 2
63 84.81 16.49 37.69 60.16 17 20 2
64 3.68 55.44 15.33 451.20 13 19 2
65 17.92 67.46 2.06 251.17 7 15 2
66 12.17 39.31 37.48 199.74 17 37 2
67 53.26 95.75 16.68 73.46 21 27 2
68 17.33 91.51 22.71 155.17 12 38 1
69 28.20 95.10 40.12 193.80 7 8 1
70 73.42 81.23 18.51 275.48 22 47 2
71 19.28 84.47 38.08 266.22 5 17 2
72 84.11 32.02 20.29 50.16 18 18 1
73 24.16 34.95 9.53 420.22 14 29 1
74 1.99 40.36 29.86 244.55 0 17 2
75 77.56 89.67 19.78 194.94 21 43 2
76 51.38 74.62 22.05 155.27 18 21 1
77 63.23 46.53 22.86 390.87 7 16 2
78 6.34 48.04 15.38 206.65 24 27 1
79 13.03 45.12 15.88 223.93 24 48 1
80 1.10 76.65 41.02 327.79 23 29 1
81 56.09 70.31 7.91 304.30 0 7 2
82 59.28 16.24 49.76 221.70 8 37 1
83 22.86 24.54 29.47 235.54 18 20 1
84 33.32 38.81 38.24 454.58 11 39 1
85 6.29 61.54 14.18 289.29 24 48 2
86 63.69 95.36 12.85 196.24 10 48 1
87 51.53 62.70 15.20 289.26 16 34 1
88 59.38 17.58 0.56 455.35 6 44 1
89 75.26 0.58 33.15 345.67 16 17 1
90 34.50 40.91 49.44 460.52 4 46 1
91 86.59 47.53 11.50 306.08 22 28 1
92 79.88 16.05 3.94 217.54 12 47 2
93 65.87 32.45 32.58 141.34 19 47 1
94 89.35 31.88 25.42 476.37 23 25 1
95 27.20 61.97 13.66 231.77 3 29 1
96 16.43 80.71 27.20 476.95 8 10 2
97 95.07 33.98 25.08 226.06 23 48 1
98 46.84 67.34 37.86 321.01 24 25 2
99 41.00 38.52 45.37 122.11 5 8 2
100 15.91 76.28 12.32 121.00 7 27 2
1 179.14 2892.68 1
2 102.24 4857.68 2
3 162.85 4123.39 1
1 1.19 45.51 3
2 1.11 34.91 2
3 1.66 29.23 2
4 1.44 26.00 2
5 1.30 32.30 3
6 1.33 36.94 3
