Data for Vehicle routing problem with drones - Author: Huyen Do Thi Ngoc
Number of depots: 3
Number of cities: 300
Number of trucks: 5
Number of drones: 6
Area: 100 100 50
Customer maximum demand: 500
Max capacity of truck: 200
Max energy of truck: 5000
Max capacity of drone: 2
Max energy of drone: 50
1 3.51 45.03 1.74
2 4.82 66.50 5.01
3 97.75 90.63 4.50
1 10.67 2.21 19.21 222.89 10 45 1
2 6.18 42.46 2.83 310.46 10 37 2
3 11.71 73.08 3.65 408.95 24 34 3
4 24.15 60.56 11.15 434.12 9 35 1
5 92.81 13.89 18.89 311.22 17 48 1
6 59.12 59.98 20.52 141.05 19 26 2
7 38.92 35.44 24.73 64.54 13 47 3
8 40.33 85.92 44.59 479.71 22 40 3
9 96.93 19.41 33.55 499.10 24 46 2
10 91.80 50.40 40.12 347.24 22 35 2
11 15.01 39.24 38.56 258.45 7 38 3
12 82.98 72.52 22.42 104.18 22 42 2
13 91.47 4.84 3.11 287.78 21 47 1
14 24.75 24.20 48.85 90.01 3 34 2
15 0.85 2.59 48.33 426.17 0 14 2
16 64.01 63.84 4.31 105.25 14 33 3
17 59.89 68.40 23.56 428.24 12 37 2
18 90.85 22.66 26.48 458.06 15 44 3
19 47.22 95.22 45.36 336.29 7 19 2
20 84.60 26.35 28.43 73.09 6 22 3
21 65.01 14.66 24.80 129.61 3 35 3
22 12.05 47.64 29.13 291.88 8 9 2
23 71.41 63.04 0.47 208.43 23 30 2
24 9.01 81.79 48.25 232.25 3 43 1
25 13.85 84.64 24.25 242.69 15 35 1
26 40.85 84.95 30.37 221.65 0 21 2
27 67.14 92.00 44.26 369.07 20 22 3
28 44.17 11.64 8.49 285.54 12 46 3
29 89.94 84.53 19.85 389.44 9 19 2
30 6.68 16.50 48.16 195.43 1 17 2
31 74.93 25.90 29.68 131.65 17 46 1
32 12.16 74.13 48.82 268.71 7 37 2
33 73.10 51.49 27.57 119.37 11 13 3
34 63.85 14.31 32.87 273.80 14 47 2
35 9.53 41.62 21.58 309.10 10 23 3
36 18.33 69.85 40.94 235.31 2 22 2
37 75.77 73.74 13.54 291.56 16 36 1
38 5.98 68.02 5.61 118.54 19 43 2
39 15.93 3.07 7.24 346.09 19 36 3
40 65.36 28.88 11.23 130.24 9 34 2
41 67.14 59.65 5.33 455.38 21 23 3
42 56.73 68.62 7.41 414.81 12 24 3
43 99.88 4.08 4.91 425.96 10 41 1
44 42.61 78.07 29.08 201.41 19 43 2
45 97.10 83.78 34.33 362.02 3 4 3
46 58.80 58.35 9.95 141.29 6 31 3
47 78.36 88.30 4.24 183.67 16 24 2
48 44.98 97.87 32.34 424.61 21 37 1
49 68.65 72.89 45.34 62.80 0 42 2
50 61.64 18.03 42.46 263.33 22 22 3
51 10.32 46.49 36.51 159.17 24 35 3
52 45.71 78.87 2.21 370.64 19 35 1
53 59.47 53.61 47.50 378.35 23 39 2
54 68.86 76.95 18.19 339.11 0 22 2
55 64.97 86.62 49.91 259.07 9 32 3
56 0.45 87.45 37.89 273.32 1 24 3
57 66.46 55.76 15.98 51.01 2 14 2
58 74.10 55.70 8.17 192.32 13 24 1
59 8.88 77.63 33.35 237.88 9 15 3
60 53.07 83.23 46.30 111.97 12 37 3
61 52.97 90.08 37.74 324.89 23 33 2
62 85.48 72.79 32.59 291.54 21 39 2
63 56.15 52.45 11.53 433.77 10 15 1
64 65.17 13.53 12.91 466.20 24 24 1
65 24.95 8.91 12.31 66.20 8 22 3
66 42.43 67.63 36.17 431.74 23 31 3
67 66.75 10.34 42.31 158.47 22 39 1
68 15.48 32.02 28.91 116.38 23 41 2
69 30.71 82.41 20.05 346.78 19 44 3
70 22.00 17.02 11.22 473.28 2 13 2
71 71.77 67.22 21.47 175.49 11 26 2
72 17.55 27.18 21.03 415.84 23 28 2
73 62.38 30.68 19.47 393.09 6 23 2
74 95.52 80.96 6.94 424.61 4 23 1
75 3.50 26.26 4.19 439.62 6 38 3
76 50.46 4.71 9.83 188.25 2 21 2
77 76.46 67.28 45.12 82.81 19 25 3
78 95.22 84.33 2.34 60.52 7 43 2
79 81.76 95.83 18.12 326.18 9 28 1
80 79.30 85.38 26.11 243.90 5 46 2
81 42.53 20.04 33.94 487.11 10 27 2
82 17.22 83.12 20.35 385.84 22 45 3
83 91.29 32.49 45.86 170.58 14 45 3
84 26.29 19.40 19.29 164.18 2 37 3
85 1.56 3.65 42.66 205.47 17 36 3
86 28.70 90.96 2.26 473.70 17 35 2
87 4.14 12.79 15.75 368.83 2 37 1
88 68.90 34.22 39.43 373.27 21 36 2
89 27.69 46.92 15.03 147.21 16 48 2
90 66.25 56.37 14.99 252.20 5 44 2
91 24.60 92.53 28.10 290.25 23 42 2
92 21.10 26.40 44.10 214.10 1 43 2
93 2.26 0.84 6.49 108.82 17 38 3
94 58.89 16.00 14.89 477.74 21 33 1
95 66.09 60.53 43.09 176.24 19 27 2
96 47.66 98.97 13.17 71.92 7 9 1
97 71.70 38.54 19.52 403.98 9 39 1
98 82.91 37.61 9.57 133.19 19 21 2
99 65.22 12.93 36.17 250.98 20 33 1
100 37.04 56.06 29.13 363.52 2 27 2
101 26.34 13.15 5.63 395.11 2 19 3
102 73.34 85.07 42.77 53.42 20 20 1
103 98.61 16.57 3.51 178.28 11 24 1
104 62.72 21.74 48.72 473.21 24 34 2
105 70.79 47.95 19.97 253.69 22 39 3
106 99.21 78.95 45.77 454.12 3 38 1
107 53.48 44.54 3.74 406.89 14 17 1
108 73.97 48.14 37.53 163.78 18 25 1
109 71.26 85.05 38.31 395.61 15 17 3
110 68.54 73.44 42.14 223.85 4 19 1
111 40.92 49.32 17.47 297.57 15 28 3
112 53.10 42.71 32.68 86.29 16 42 1
113 30.49 51.41 13.92 331.91 11 17 3
114 73.09 68.24 15.31 411.98 4 26 1
115 1.33 32.41 19.32 312.22 0 48 1
116 71.53 41.02 25.56 188.63 14 17 2
117 39.01 84.21 30.66 180.44 22 40 1
118 45.30 13.26 43.24 195.83 11 14 2
119 8.14 0.16 30.17 222.56 8 38 2
120 79.55 80.44 13.29 342.43 16 46 3
121 11.06 56.48 44.29 493.14 7 10 1
122 76.33 92.72 30.14 293.56 15 44 2
123 81.12 85.93 20.15 238.91 20 38 3
124 1.78 26.03 24.98 376.43 0 10 1
125 75.37 87.60 7.75 473.74 19 38 2
126 47.05 9.90 28.44 180.94 6 39 1
127 5.42 46.11 9.75 428.89 18 38 2
128 53.49 29.25 42.96 468.09 21 22 3
129 2.99 30.91 14.88 472.02 0 4 3
130 71.97 8.66 26.33 307.75 11 35 2
131 63.45 92.02 6.33 438.99 18 38 2
132 62.30 85.39 27.30 154.29 9 29 2
133 38.17 27.05 7.34 222.86 13 19 2
134 43.74 23.10 33.79 95.24 22 48 1
135 6.87 89.92 4.71 224.26 23 42 3
136 99.29 24.74 32.79 253.39 14 34 1
137 42.80 49.53 41.36 270.30 21 39 2
138 71.23 64.42 9.16 148.85 2 7 1
139 59.11 21.66 29.56 299.57 14 18 3
140 11.19 25.56 10.69 151.08 19 21 3
141 60.09 88.18 38.02 284.62 24 35 2
142 58.68 7.45 19.07 210.32 17 18 2
143 64.58 35.96 31.13 486.74 20 37 3
144 82.80 66.80 6.21 326.31 14 42 3
145 53.86 48.41 46.56 254.92 0 39 1
146 51.56 3.81 40.08 226.21 2 29 2
147 62.01 39.44 8.71 194.32 3 5 3
148 5.90 87.56 28.14 395.20 12 36 3
149 35.81 42.53 17.51 467.81 11 39 3
150 8.92 42.58 42.58 158.81 9 42 3
151 83.34 94.23 43.08 430.63 7 36 2
152 77.12 84.60 38.73 156.01 0 5 3
153 83.84 82.44 0.78 471.57 19 30 2
154 93.27 74.93 26.20 359.64 11 46 2
155 70.30 73.93 13.54 84.56 16 44 3
156 69.20 46.40 12.07 408.74 19 35 1
157 35.02 94.49 17.48 410.81 14 26 3
158 65.81 7.20 13.81 324.69 1 33 2
159 46.75 65.09 13.26 285.77 14 37 3
160 9.13 84.10 6.27 165.27 12 20 1
161 35.40 81.87 48.36 317.53 13 28 3
162 95.50 78.66 12.47 136.00 4 7 3
163 43.79 57.24 47.26 175.96 7 24 1
164 16.73 73.00 31.53 327.93 14 29 1
165 45.98 45.92 33.05 201.42 22 24 1
166 30.99 72.63 0.57 99.34 19 46 1
167 24.01 91.25 43.32 357.64 19 37 2
168 21.04 31.67 0.10 91.22 19 35 3
169 71.86 16.24 8.67 85.70 2 25 3
170 57.75 72.72 3.83 343.37 7 18 3
171 39.03 8.90 49.79 232.51 2 42 3
172 54.39 1.42 13.01 286.56 14 27 1
173 44.93 47.84 6.21 121.01 13 33 2
174 34.12 92.51 31.36 168.28 10 10 1
175 94.41 22.20 9.78 364.22 11 30 3
176 81.51 53.07 24.49 80.35 6 16 2
177 80.13 66.23 11.66 374.45 15 27 2
178 33.00 87.73 36.68 54.45 18 33 2
179 2.59 64.25 23.63 369.04 22 39 1
180 35.02 13.14 41.99 216.84 24 33 3
181 33.86 50.34 4.98 127.79 10 44 1
182 61.91 9.71 8.45 378.32 24 38 3
183 52.27 46.11 7.92 331.54 14 42 2
184 29.06 15.63 42.39 281.92 11 37 2
185 31.37 87.15 3.25 189.62 7 14 3
186 46.83 62.40 24.96 259.50 3 22 3
187 51.91 46.32 31.61 406.11 13 34 1
188 48.74 61.44 13.18 420.02 6 10 1
189 8.17 56.89 14.32 98.13 14 47 3
190 95.20 13.00 12.42 50.56 17 37 1
191 97.57 46.54 25.66 290.76 2 2 3
192 50.75 34.95 32.56 158.32 16 25 1
193 29.47 46.20 12.32 76.61 19 46 2
194 25.00 71.53 45.66 133.56 2 39 2
195 61.92 86.37 24.91 229.23 8 20 1
196 87.72 42.00 10.26 66.67 5 32 1
197 51.97 51.57 23.51 401.02 9 28 1
198 94.22 35.05 37.32 441.91 6 12 2
199 88.68 57.20 45.61 275.61 0 38 2
200 55.45 56.35 18.40 366.54 16 17 2
201 49.87 63.73 24.88 186.04 18 24 1
202 65.08 21.33 13.76 201.36 22 33 3
203 53.81 62.96 40.51 469.36 9 20 1
204 84.01 88.47 11.92 489.66 4 22 1
205 35.91 82.42 24.01 149.35 2 6 2
206 2.80 65.57 19.07 334.96 8 12 1
207 18.67 80.71 4.27 274.88 5 7 3
208 73.54 17.56 16.41 192.83 5 13 2
209 40.71 11.99 12.52 384.09 17 18 1
210 99.39 95.46 12.17 106.75 6 9 1
211 12.10 20.76 42.10 418.50 24 28 3
212 66.34 38.68 40.47 153.30 8 36 1
213 32.62 61.04 33.53 129.30 18 45 1
214 55.24 70.72 30.23 381.51 19 29 1
215 79.91 94.61 10.98 227.10 20 38 1
216 28.07 5.04 19.96 53.63 16 21 3
217 15.29 26.42 34.99 283.20 10 22 1
218 12.14 60.70 20.54 217.87 0 4 3
219 80.42 85.42 49.69 260.53 9 18 3
220 93.01 96.93 41.13 237.40 21 34 2
221 52.90 61.06 42.44 447.37 5 26 3
222 41.25 32.96 24.40 226.82 15 33 2
223 42.09 92.75 7.07 125.64 20 39 1
224 43.33 85.37 25.18 468.30 17 21 1
225 64.01 10.71 16.10 75.11 3 12 1
226 29.39 84.66 36.17 362.76 14 27 1
227 84.30 55.92 36.75 381.07 13 28 1
228 48.44 26.09 15.14 118.83 23 47 2
229 99.31 89.33 37.65 176.68 12 43 1
230 28.50 64.51 11.07 358.00 15 41 2
231 97.55 98.05 38.60 255.33 7 48 1
232 36.58 2.52 42.80 162.11 8 9 1
233 31.27 39.73 38.20 217.31 3 27 3
234 74.15 35.30 45.84 68.42 7 40 2
235 34.54 90.33 38.42 335.66 23 42 1
236 83.27 5.16 12.95 146.30 20 28 3
237 47.45 88.16 12.67 211.31 24 28 2
238 0.63 45.90 49.56 433.86 16 47 2
239 10.36 16.47 4.40 472.93 14 38 1
240 12.79 79.19 47.29 363.70 20 32 3
241 71.21 13.42 47.12 247.54 24 48 2
242 4.64 10.41 43.25 392.31 9 31 3
243 8.53 27.12 5.99 453.79 4 28 2
244 10.23 35.10 26.45 317.13 17 46 3
245 65.53 38.00 49.31 219.53 17 22 2
246 32.22 22.10 15.55 407.24 2 19 1
247 18.76 92.61 18.29 484.43 2 31 3
248 11.99 73.91 21.89 126.27 1 28 3
249 48.99 53.41 2.90 202.88 10 20 3
250 46.13 69.16 13.25 322.46 3 39 3
251 91.47 38.31 49.20 295.07 24 41 3
252 40.24 12.00 11.52 53.37 18 34 2
253 16.85 63.30 19.80 362.19 0 14 3
254 32.72 84.45 29.79 200.01 16 22 3
255 64.31 74.77 35.54 60.64 3 33 3
256 46.48 24.15 34.40 256.93 3 38 3
257 29.22 50.59 24.57 369.17 10 41 2
258 30.58 93.04 13.56 278.50 12 16 1
259 13.58 74.46 29.21 478.07 10 23 1
260 37.16 24.90 36.55 319.97 8 12 1
261 89.40 97.70 9.65 193.80 15 37 2
262 36.39 43.99 37.43 300.57 16 48 1
263 47.78 60.12 45.23 414.27 21 47 2
264 67.27 34.21 17.93 455.15 24 46 3
265 3.48 7.64 18.17 354.25 8 34 3
266 54.57 58.23 32.72 410.36 7 44 1
267 4.61 41.38 25.83 250.10 0 2 1
268 18.71 9.31 37.60 246.64 4 34 2
269 37.51 53.20 13.36 175.25 21 46 1
270 68.02 65.08 35.01 362.88 11 35 1
271 34.82 38.44 25.41 89.63 4 12 1
272 30.72 55.61 27.20 272.45 7 14 1
273 38.03 59.21 26.06 68.88 17 46 3
274 50.71 6.69 28.55 325.99 6 26 3
275 17.49 12.32 5.25 173.42 13 29 3
276 65.53 43.34 48.00 102.00 24 37 3
277 26.44 78.17 2.68 224.81 13 21 1
278 64.18 34.22 31.35 164.05 23 47 3
279 8.00 24.45 46.19 298.81 20 33 3
280 10.26 42.96 47.32 201.78 18 30 2
281 77.02 1.16 41.56 310.14 9 10 2
282 18.33 44.94 34.92 196.21 2 34 3
283 94.71 78.23 21.26 220.54 22 44 1
284 69.48 50.46 38.38 462.31 7 19 2
285 0.13 97.58 12.11 262.76 16 48 1
286 92.10 58.45 14.61 406.74 7 10 3
287 71.28 18.44 21.39 440.40 14 35 1
288 42.60 59.46 41.04 181.06 9 18 3
289 93.79 77.73 48.53 166.22 11 27 3
290 45.49 70.31 46.00 348.20 4 8 3
291 78.04 6.60 27.30 229.96 5 6 3
292 52.59 84.38 47.71 396.54 16 36 1
293 9.84 32.37 10.98 381.24 4 13 3
294 13.54 15.42 19.11 303.27 7 17 2
295 47.90 73.32 1.75 365.07 16 26 2
296 9.10 97.72 46.68 305.17 6 42 3
297 71.98 56.66 31.18 343.16 16 22 2
298 65.89 85.63 7.87 120.85 3 21 3
299 60.44 19.91 49.85 462.75 22 22 2
300 31.74 94.82 42.44 364.36 20 41 3
1 181.28 2869.82 1
2 129.73 4970.37 2
3 123.02 3402.22 3
4 176.70 3838.19 3
5 153.66 4981.66 2
1 1.84 38.66 1
2 1.36 41.87 4
3 1.92 49.85 1
4 1.64 44.40 3
5 1.70 26.17 1
6 1.65 28.21 2
