Data for Vehicle routing problem with drones - Author: Huyen Do Thi Ngoc
Number of depots: 5
Number of cities: 200
Number of trucks: 8
Number of drones: 13
Area: 100 100 50
Customer maximum demand: 500
Max capacity of truck: 200
Max energy of truck: 5000
Max capacity of drone: 2
Max energy of drone: 50
1 85.05 73.55 10.84
2 77.46 80.81 4.07
3 91.12 44.36 39.62
4 42.43 46.63 11.16
5 23.80 43.13 7.34
1 12.05 18.54 8.14 199.35 7 44 2
2 52.69 55.82 38.38 158.19 10 17 1
3 71.14 9.47 13.03 324.09 20 43 3
4 25.22 73.98 37.46 90.13 0 20 2
5 2.53 45.62 47.41 52.36 19 29 3
6 59.59 43.91 26.19 454.66 23 45 2
7 32.78 4.55 39.12 59.76 20 26 5
8 59.04 20.41 20.34 469.28 5 20 4
9 39.95 10.72 12.17 382.76 8 9 1
10 5.93 25.67 23.14 182.51 3 22 5
11 11.18 35.26 17.85 288.00 4 15 3
12 60.07 10.13 10.13 139.25 11 16 3
13 29.18 92.40 44.44 463.78 17 38 3
14 6.93 54.65 18.96 294.82 5 25 2
15 99.20 22.81 5.04 337.28 17 19 3
16 55.48 62.40 40.19 77.97 14 41 1
17 1.65 92.89 3.39 474.57 8 47 5
18 21.13 75.94 33.54 214.52 9 38 1
19 33.25 28.28 38.34 356.52 1 22 1
20 79.33 59.40 13.77 239.31 8 10 2
21 95.64 38.55 1.87 135.23 20 30 4
22 91.05 95.83 35.60 83.85 8 29 2
23 41.69 82.99 30.82 103.77 18 18 2
24 99.30 17.08 30.45 54.50 23 45 3
25 36.89 44.58 33.56 444.65 13 19 2
26 28.51 93.60 26.49 185.70 22 37 3
27 92.13 86.63 34.77 496.67 9 22 5
28 11.81 58.18 42.74 141.66 18 20 4
29 0.42 53.31 2.57 289.69 4 44 5
30 3.11 29.78 38.09 77.87 11 44 5
31 43.23 35.82 7.61 405.27 21 32 3
32 27.98 50.32 46.28 295.43 5 34 4
33 88.94 87.92 46.32 220.47 6 41 5
34 82.01 42.10 22.48 369.66 23 47 2
35 93.54 62.26 21.19 322.74 4 23 2
36 56.87 67.82 2.01 109.24 13 37 4
37 73.50 28.28 15.19 302.76 17 21 1
38 88.32 4.87 8.03 72.39 19 34 3
39 72.22 56.78 43.07 197.23 10 16 4
40 41.92 69.30 16.39 174.49 14 39 1
41 79.53 34.46 14.35 145.26 0 33 5
42 92.20 99.49 21.70 84.98 19 30 4
43 95.83 83.32 28.72 95.71 0 30 2
44 8.02 85.72 48.20 231.86 12 38 4
45 58.63 55.63 49.85 308.14 5 28 2
46 2.76 31.80 14.94 226.79 8 30 2
47 19.23 27.29 5.04 442.44 20 33 2
48 50.68 88.64 13.62 127.49 14 32 2
49 73.21 68.69 47.15 147.82 24 45 3
50 58.33 3.53 40.34 251.70 10 12 5
51 41.44 39.25 3.05 473.63 1 32 1
52 93.02 23.45 37.27 168.26 7 44 2
53 13.58 67.44 32.83 305.29 6 38 4
54 3.00 88.65 32.84 104.75 10 33 2
55 47.26 3.68 17.87 294.62 17 47 2
56 6.36 69.86 28.77 172.96 19 45 5
57 30.30 90.79 3.31 116.17 7 14 2
58 26.25 54.53 19.16 267.93 17 39 1
59 39.10 19.57 47.93 259.23 22 24 1
60 61.18 21.07 6.04 288.13 19 45 1
61 94.84 76.68 0.38 350.99 8 11 2
62 1.12 96.29 32.26 312.66 13 43 3
63 49.33 49.07 23.23 233.66 22 23 3
64 86.43 61.13 17.87 226.16 2 19 4
65 96.59 39.41 46.17 190.03 1 33 4
66 53.41 73.08 37.69 400.42 23 39 3
67 41.53 98.69 3.90 159.27 1 34 2
68 88.82 84.17 14.67 458.04 15 43 1
69 89.06 21.78 36.67 376.21 21 48 1
70 0.01 9.87 46.52 316.41 15 43 4
71 52.79 71.76 6.81 310.82 20 41 5
72 41.49 75.49 9.39 234.50 7 9 1
73 85.58 52.11 26.68 214.28 21 41 3
74 66.90 40.72 20.17 373.01 4 7 3
75 0.24 19.53 21.42 173.03 10 26 2
76 60.02 43.31 7.28 119.92 21 32 3
77 41.93 57.77 17.33 317.74 10 34 1
78 3.05 83.26 31.67 329.57 15 35 3
79 10.76 98.40 21.59 167.01 7 16 4
80 3.79 98.41 17.22 123.87 8 46 5
81 43.55 96.84 16.84 209.14 11 32 4
82 40.57 75.33 6.66 197.57 3 23 2
83 78.11 29.97 27.52 252.39 8 32 5
84 8.20 5.20 2.28 357.71 20 45 3
85 12.88 43.62 39.83 351.65 13 22 3
86 96.30 85.76 29.65 224.23 11 26 5
87 54.37 65.82 41.91 184.45 1 43 1
88 11.12 57.45 9.36 485.09 16 38 3
89 79.72 20.68 9.11 435.54 6 6 4
90 44.30 20.22 4.01 204.20 3 11 3
91 40.48 29.25 45.39 59.91 24 35 3
92 38.46 19.22 3.52 356.43 0 11 1
93 61.57 3.82 4.42 75.96 15 22 5
94 85.14 44.26 7.21 203.38 10 48 5
95 54.44 47.71 38.94 173.97 17 47 4
96 97.13 70.46 7.71 284.75 5 48 3
97 36.15 9.93 22.07 205.74 23 39 4
98 93.27 3.24 4.73 155.29 11 19 1
99 53.18 58.39 21.82 394.43 5 40 5
100 57.11 16.74 36.46 167.54 24 46 2
101 70.90 22.16 15.29 164.48 20 23 5
102 39.83 6.77 29.49 342.40 20 21 4
103 4.32 84.76 1.86 397.20 8 10 5
104 52.78 51.78 1.52 328.18 22 47 2
105 31.02 30.21 29.68 320.78 14 14 2
106 43.37 7.39 6.86 395.58 8 20 5
107 66.63 32.66 28.69 470.18 9 10 2
108 5.37 69.43 39.06 438.45 22 35 5
109 33.90 44.59 47.35 119.89 16 43 1
110 38.44 5.23 30.39 223.63 15 46 2
111 49.98 54.24 29.92 258.99 6 39 4
112 60.96 48.88 23.03 57.60 11 14 1
113 98.71 74.71 9.32 406.66 15 22 3
114 44.49 87.08 38.64 258.12 1 9 1
115 21.13 66.78 19.60 337.92 1 31 2
116 34.49 85.53 13.04 181.69 5 21 1
117 62.24 65.79 28.71 76.79 13 28 4
118 81.32 53.05 2.61 403.73 8 35 5
119 95.11 56.58 15.05 80.41 10 46 4
120 90.53 95.53 35.01 429.04 3 43 5
121 23.37 32.57 17.10 76.37 0 29 2
122 38.28 14.41 38.37 286.90 7 21 2
123 79.92 88.94 35.19 155.77 20 38 3
124 10.13 11.20 3.15 166.57 21 45 5
125 80.26 15.24 1.62 193.68 4 36 2
126 98.58 4.17 30.23 163.86 23 33 2
127 20.32 40.13 18.96 452.51 20 23 5
128 17.45 18.30 45.49 127.15 4 4 1
129 5.31 47.91 47.50 97.87 0 28 2
130 95.96 3.58 18.73 273.13 3 19 1
131 66.84 4.93 16.39 354.01 24 24 1
132 64.19 73.20 32.81 195.15 3 26 1
133 75.81 2.00 25.72 101.44 23 45 5
134 85.90 90.57 25.86 118.32 1 34 4
135 47.90 50.41 4.08 388.51 23 35 3
136 87.86 65.05 28.77 299.40 1 43 3
137 12.89 15.01 0.22 72.93 19 38 2
138 70.09 33.33 17.47 416.50 16 32 4
139 35.77 50.43 13.43 310.52 9 43 3
140 7.86 27.25 39.49 445.45 10 13 2
141 34.54 58.29 19.66 144.13 6 44 5
142 62.64 52.50 0.74 92.43 21 39 3
143 94.92 34.97 5.12 236.31 15 24 3
144 9.94 89.20 18.41 84.88 24 37 3
145 3.39 36.39 25.00 53.44 24 26 1
146 50.54 11.12 24.62 171.96 12 42 5
147 99.72 53.42 45.84 71.29 18 24 4
148 73.67 13.94 2.21 406.81 23 26 4
149 33.83 48.52 17.05 51.79 5 28 3
150 77.46 59.29 5.10 440.51 9 18 1
151 12.81 21.44 28.99 82.64 8 38 2
152 25.17 9.06 20.63 481.94 18 28 5
153 79.56 13.79 8.34 200.75 9 35 1
154 44.63 45.58 36.97 256.32 5 5 1
155 69.10 15.01 37.47 365.78 7 29 1
156 10.65 6.95 44.42 170.38 12 13 5
157 72.50 30.17 15.99 167.95 10 43 1
158 84.72 61.34 3.93 152.20 10 14 2
159 41.34 52.40 8.22 112.07 18 47 3
160 42.75 27.09 28.17 481.54 20 39 3
161 53.67 9.68 36.82 430.27 16 20 5
162 24.65 59.91 45.54 468.10 15 15 2
163 14.39 38.41 9.44 447.15 21 32 2
164 21.08 15.62 41.42 390.05 20 33 5
165 24.41 31.37 22.98 476.98 18 18 2
166 52.19 12.62 47.09 436.55 19 29 2
167 19.76 23.67 48.99 121.24 11 43 5
168 31.32 60.33 11.27 344.46 14 42 3
169 36.94 91.20 34.70 371.55 23 48 3
170 51.37 23.46 1.42 390.81 10 29 2
171 45.18 6.02 44.75 406.59 16 28 3
172 69.76 72.24 1.61 366.93 9 35 5
173 50.10 8.94 30.22 379.64 6 47 4
174 51.53 0.29 2.59 125.84 2 13 3
175 4.98 75.12 47.59 201.47 17 45 5
176 31.90 41.14 10.03 58.98 6 48 4
177 49.87 27.95 16.56 374.09 22 41 4
178 49.65 52.35 3.40 224.77 15 18 4
179 79.65 83.10 46.02 184.53 17 40 3
180 29.07 49.49 0.36 68.90 2 18 5
181 23.27 68.21 5.97 444.80 23 45 2
182 35.95 44.23 0.63 242.83 18 39 1
183 92.56 63.92 49.89 171.46 18 21 3
184 89.06 69.81 20.66 142.46 1 24 4
185 42.19 56.61 17.92 347.95 13 23 5
186 32.07 93.18 1.89 193.94 13 15 1
187 46.00 92.45 24.96 329.71 4 47 1
188 39.96 1.60 7.20 148.85 17 18 2
189 87.41 73.09 49.19 453.19 24 26 3
190 65.71 26.05 35.54 461.07 9 9 4
191 81.10 31.14 1.72 51.25 19 40 5
192 94.83 6.79 45.69 187.09 15 22 4
193 40.64 86.30 0.15 276.67 16 30 5
194 72.00 62.61 0.68 361.04 15 46 4
195 7.04 72.25 4.35 66.50 17 44 5
196 31.54 92.75 27.58 56.23 17 45 1
197 63.22 88.54 42.58 400.79 17 32 2
198 72.55 27.70 11.23 394.47 4 37 2
199 7.97 25.51 27.44 222.39 19 27 1
200 28.24 54.13 47.29 70.78 7 34 4
1 161.91 3017.19 1
2 173.19 3874.40 2
3 194.47 4718.43 3
4 184.51 4412.54 4
5 185.99 3258.35 5
6 122.56 4388.27 2
7 136.62 3291.33 4
8 145.42 4242.88 5
1 1.15 37.63 5
2 1.63 38.16 1
3 1.13 29.57 5
4 1.54 34.52 2
5 1.63 25.28 3
6 1.96 33.83 1
7 1.45 47.12 3
8 1.86 27.94 3
9 1.99 30.66 4
10 1.98 38.53 7
11 1.02 37.70 2
12 1.78 33.72 2
13 1.68 38.45 7
