Data for Vehicle routing problem with drones - Author: Huyen Do Thi Ngoc
Number of depots: 2
Number of cities: 500
Number of trucks: 2
Number of drones: 12
Area: 100 100 50
Customer maximum demand: 500
Max capacity of truck: 200
Max energy of truck: 5000
Max capacity of drone: 2
Max energy of drone: 50
1 43.66 12.92 47.19
2 62.20 65.77 28.87
1 82.61 30.39 40.76 316.44 19 38 2
2 46.25 33.75 4.75 359.04 7 32 1
3 62.02 93.84 36.86 64.13 2 24 1
4 87.45 16.86 15.42 89.80 15 22 1
5 62.38 18.96 22.18 294.24 22 26 2
6 26.99 70.01 6.83 61.28 0 7 2
7 18.79 74.78 35.53 95.08 8 47 1
8 16.46 78.75 11.92 173.61 6 48 2
9 67.93 98.57 43.75 226.24 14 47 2
10 82.98 41.71 34.83 66.53 15 38 1
11 71.74 74.41 22.53 468.80 22 36 2
12 92.36 32.32 35.21 91.97 14 41 1
13 72.38 55.36 36.14 291.42 11 26 1
14 68.41 75.61 34.66 66.67 1 19 2
15 62.78 19.18 48.57 80.01 22 28 1
16 33.58 21.96 10.53 396.14 16 33 2
17 23.20 14.69 41.21 218.24 3 3 1
18 83.89 31.85 13.31 379.68 9 46 2
19 74.60 5.15 22.75 478.20 16 48 1
20 74.59 43.11 30.31 68.72 0 9 2
21 55.86 29.06 46.88 190.30 20 43 1
22 26.97 78.64 7.28 458.43 9 10 1
23 42.64 90.25 8.23 330.61 20 39 2
24 60.42 35.47 37.57 392.30 14 40 2
25 98.55 46.27 22.75 460.15 15 48 2
26 48.16 8.29 13.92 394.67 18 32 1
27 40.80 17.46 39.50 150.31 14 44 1
28 33.08 56.73 25.22 231.67 3 39 2
29 26.67 9.15 11.07 405.18 11 13 1
30 31.54 83.39 27.28 336.06 13 19 1
31 93.12 15.85 34.06 233.25 4 45 2
32 25.46 82.53 1.25 477.56 3 29 1
33 71.58 0.11 27.54 434.18 0 29 2
34 32.25 64.77 38.25 356.25 16 39 2
35 78.27 98.29 34.42 334.85 5 22 1
36 88.17 55.53 15.79 195.67 8 20 1
37 34.32 8.71 15.81 306.25 8 47 2
38 47.68 93.33 8.18 277.53 12 45 2
39 12.67 97.24 10.55 365.67 6 33 1
40 14.48 44.88 31.37 359.49 21 37 2
41 79.43 14.94 8.87 289.00 8 14 1
42 43.96 15.21 39.42 80.96 3 41 2
43 44.36 66.01 2.95 424.82 7 30 1
44 6.32 5.95 37.34 103.53 4 21 2
45 60.47 13.10 27.01 439.83 5 45 1
46 23.32 94.48 30.07 132.87 8 10 1
47 88.78 33.43 41.29 191.65 12 17 2
48 1.51 86.18 22.30 478.86 14 42 2
49 28.40 67.44 11.03 264.75 5 34 2
50 66.32 11.21 6.27 286.62 6 44 1
51 82.68 53.25 17.78 197.21 24 27 2
52 58.88 87.06 37.73 191.48 15 35 1
53 71.09 67.92 28.52 215.84 17 25 1
54 53.37 73.16 34.34 402.93 12 38 2
55 58.88 87.68 26.71 132.37 8 43 1
56 19.35 27.12 28.92 318.19 4 11 1
57 72.78 96.88 22.77 363.26 10 31 2
58 90.11 58.90 34.15 404.06 3 19 2
59 2.72 26.38 28.69 465.71 11 22 2
60 90.99 9.12 35.45 489.07 19 43 2
61 7.91 84.50 33.24 91.78 9 18 1
62 77.70 68.73 40.96 169.48 2 46 2
63 40.92 0.27 12.45 237.73 17 45 1
64 39.33 28.28 43.27 108.92 15 20 1
65 75.09 64.30 44.00 175.90 18 22 1
66 76.43 90.31 30.22 204.82 4 29 2
67 1.09 21.80 49.27 418.21 5 36 2
68 98.83 45.70 18.13 324.86 21 40 2
69 54.28 43.15 7.23 495.17 12 31 1
70 3.53 49.85 21.95 296.55 23 45 1
71 12.17 85.95 17.94 363.24 1 9 1
72 2.49 75.70 7.71 231.46 8 42 1
73 92.48 50.11 21.24 322.71 4 30 1
74 33.40 72.35 38.59 100.91 9 46 1
75 48.14 39.81 39.83 482.78 1 31 2
76 70.52 17.01 15.01 418.15 12 22 1
77 76.57 48.32 46.21 497.98 1 13 2
78 16.27 2.32 7.62 103.19 14 14 1
79 60.06 43.91 41.76 229.55 16 23 2
80 61.08 84.99 49.94 397.28 8 18 1
81 71.47 24.24 2.66 307.72 7 23 2
82 98.14 8.16 7.50 77.42 19 21 1
83 92.94 81.71 30.93 52.08 24 35 2
84 68.84 86.24 24.97 107.67 8 16 1
85 41.58 74.77 23.07 191.36 4 31 1
86 55.37 95.17 37.10 333.03 20 28 1
87 25.99 77.68 16.46 255.41 20 43 2
88 1.33 3.92 31.27 243.69 17 36 2
89 73.66 99.09 40.10 251.60 18 20 2
90 18.37 49.61 0.87 55.80 21 44 1
91 85.90 4.95 22.77 353.15 18 38 1
92 82.14 96.45 5.95 421.62 22 38 2
93 45.77 52.44 42.71 79.90 10 30 2
94 44.93 77.20 30.06 284.33 9 30 2
95 16.28 97.14 49.55 94.60 5 44 2
96 72.02 36.87 17.25 498.36 20 24 2
97 48.12 88.64 13.70 244.65 7 47 2
98 82.02 42.63 42.93 487.39 8 24 2
99 88.07 71.92 18.20 197.53 23 40 2
100 9.42 6.26 22.91 262.70 17 18 2
101 58.87 77.62 25.61 78.53 8 27 2
102 58.65 7.87 21.79 207.68 20 34 2
103 17.35 8.50 27.51 277.76 22 44 2
104 63.62 63.02 36.11 286.84 10 20 1
105 67.84 14.78 27.76 309.72 14 17 2
106 60.92 53.25 10.45 407.67 7 10 1
107 11.21 64.24 28.70 124.20 6 18 2
108 84.01 49.71 0.50 99.53 1 22 1
109 6.94 44.91 8.97 72.11 10 33 2
110 55.41 17.58 12.87 489.13 11 27 1
111 65.51 89.75 15.05 96.88 9 48 1
112 33.65 32.42 10.91 119.03 18 48 2
113 57.74 66.56 8.34 70.63 0 12 1
114 17.11 7.21 10.34 122.27 22 31 1
115 30.60 83.71 18.70 416.53 13 17 2
116 86.19 94.47 7.52 466.99 24 24 1
117 30.98 39.53 30.70 132.97 13 14 2
118 53.47 96.00 8.55 229.88 3 46 2
119 43.20 69.92 48.16 460.23 19 40 1
120 31.74 11.78 21.95 313.73 4 33 1
121 29.17 44.69 48.78 104.69 2 12 2
122 32.43 21.57 23.69 223.66 17 24 1
123 63.05 22.02 38.11 343.78 18 33 1
124 35.96 31.72 42.78 178.77 23 44 2
125 7.13 60.64 12.31 226.39 19 36 1
126 22.28 25.08 10.19 399.72 3 21 1
127 87.72 84.09 25.19 422.18 7 34 1
128 66.05 79.73 23.24 77.82 21 40 2
129 81.94 64.53 7.08 110.98 4 22 2
130 20.54 72.68 36.64 224.04 5 31 1
131 59.78 10.47 46.87 381.59 12 12 1
132 97.59 56.17 45.05 184.16 10 12 1
133 86.32 41.00 45.75 409.59 22 46 1
134 66.96 32.16 48.42 240.04 17 30 2
135 54.38 48.79 37.72 467.98 1 30 2
136 8.41 72.39 44.46 249.57 0 41 1
137 64.60 16.71 37.46 282.08 14 28 1
138 28.51 58.28 33.46 161.37 13 44 1
139 18.27 43.58 16.12 476.98 12 12 1
140 43.35 99.13 44.07 431.19 0 32 1
141 73.60 84.88 24.97 323.51 22 45 1
142 98.57 74.15 35.96 488.75 1 6 1
143 23.60 69.15 42.52 267.92 10 40 2
144 77.37 48.64 38.08 90.04 4 43 1
145 67.43 44.83 33.87 97.08 15 28 2
146 79.41 1.11 2.80 243.61 8 25 1
147 58.77 71.47 11.16 490.06 23 47 2
148 82.25 50.51 33.50 254.23 15 16 2
149 84.81 60.58 19.90 402.59 3 35 1
150 97.48 28.86 13.71 182.84 8 41 2
151 65.21 5.81 49.56 61.04 1 22 2
152 95.71 34.47 46.25 378.62 6 43 2
153 83.67 43.13 18.82 70.63 6 24 2
154 65.18 44.25 33.08 120.72 15 31 1
155 56.89 11.89 37.98 87.03 17 42 1
156 17.58 41.57 16.82 396.81 23 38 1
157 18.44 94.78 17.30 400.14 16 30 2
158 94.51 50.17 22.01 127.92 14 30 1
159 50.90 77.95 37.90 444.78 16 37 1
160 46.29 79.65 14.08 115.51 12 34 1
161 61.47 34.36 7.32 176.29 21 40 2
162 72.27 12.33 12.94 307.44 1 22 1
163 70.30 79.16 33.59 311.66 4 40 1
164 16.74 95.20 33.86 471.32 10 23 2
165 70.20 16.66 14.74 236.95 20 43 2
166 57.88 60.35 49.91 498.64 10 44 2
167 23.28 48.85 23.99 346.47 7 9 1
168 27.66 84.51 33.68 395.12 9 36 1
169 98.05 96.61 43.79 240.58 9 29 1
170 81.34 16.50 49.20 62.17 21 39 1
171 84.04 81.61 21.89 394.88 19 25 1
172 73.19 79.93 22.09 203.96 19 48 2
173 26.10 82.13 0.13 138.67 16 32 1
174 99.08 92.31 35.90 67.08 0 42 2
175 32.36 92.90 16.46 67.00 18 22 2
176 80.25 44.60 17.47 299.57 22 37 1
177 92.08 89.63 2.64 429.42 6 39 1
178 59.99 80.41 4.89 206.40 0 3 2
179 23.54 30.83 36.41 461.67 4 6 1
180 92.05 39.06 28.96 118.01 18 25 1
181 17.55 21.40 8.02 342.33 3 19 1
182 54.09 62.35 44.99 341.22 6 45 2
183 57.30 94.89 32.94 243.55 10 17 1
184 1.49 37.91 25.53 65.60 2 28 2
185 16.24 54.41 48.14 240.50 10 21 1
186 65.20 61.90 13.04 315.89 20 29 2
187 16.06 39.14 1.75 450.35 13 14 1
188 86.79 94.44 14.05 184.89 16 26 1
189 56.62 31.77 37.72 256.84 21 28 1
190 20.19 90.35 38.89 127.84 1 35 2
191 51.86 76.95 44.90 492.44 23 28 2
192 65.10 14.06 33.32 383.79 9 40 2
193 71.43 79.46 20.64 239.50 11 23 1
194 94.52 3.77 33.50 64.56 20 29 1
195 47.57 20.75 4.97 177.26 13 40 2
196 93.44 11.96 18.66 236.09 13 43 1
197 16.37 60.32 30.63 223.77 7 23 2
198 39.18 62.19 28.06 50.20 18 29 1
199 84.03 89.75 14.89 437.91 0 7 2
200 71.22 60.52 15.85 156.54 16 38 2
201 47.08 7.34 0.22 314.57 4 21 1
202 9.34 26.13 20.92 499.29 4 21 1
203 24.09 10.93 29.07 240.99 11 44 1
204 24.55 14.65 34.38 457.50 17 31 1
205 46.84 89.41 30.46 331.12 19 26 1
206 78.67 82.55 22.84 329.76 11 32 2
207 79.02 78.77 49.56 397.61 6 27 1
208 30.59 11.05 47.06 234.80 2 23 1
209 34.51 30.53 8.44 398.42 24 48 1
210 85.37 36.31 32.22 81.83 14 34 2
211 33.97 33.85 21.69 277.49 2 20 2
212 96.20 15.13 28.73 110.50 22 36 2
213 82.19 61.71 14.68 342.59 6 46 1
214 90.38 33.75 31.35 212.88 23 29 2
215 82.29 14.53 31.79 241.84 2 7 2
216 29.04 17.76 26.16 172.48 8 35 2
217 10.51 73.59 35.65 308.17 18 42 2
218 80.04 97.78 44.65 195.81 23 43 1
219 89.87 19.63 3.87 298.23 17 25 1
220 96.37 44.85 49.67 278.07 13 39 2
221 21.55 43.48 5.37 278.65 7 42 1
222 57.98 15.79 13.25 216.88 12 31 1
223 99.17 80.30 43.10 292.91 17 33 2
224 34.93 76.89 16.42 337.57 15 23 1
225 90.76 51.01 20.25 103.40 7 13 1
226 12.96 99.79 13.40 55.63 9 48 1
227 36.50 20.66 40.48 185.54 18 26 1
228 81.39 39.20 38.47 109.43 7 17 1
229 43.21 58.35 42.40 102.03 10 44 1
230 72.90 36.88 4.17 330.49 17 35 2
231 46.25 34.53 49.48 340.49 9 11 2
232 22.16 11.32 37.17 437.72 6 19 2
233 16.91 35.51 40.78 163.64 3 19 2
234 74.46 61.80 37.79 452.95 3 7 2
235 78.07 95.34 11.44 137.36 14 42 1
236 28.85 96.71 10.98 358.08 6 46 2
237 22.37 14.05 38.40 319.84 1 22 1
238 15.50 93.61 11.90 97.12 4 37 1
239 34.81 42.17 42.62 432.18 20 44 1
240 99.13 69.16 26.35 267.63 18 36 2
241 46.57 54.50 40.02 174.90 16 23 2
242 47.62 83.91 36.46 361.85 22 23 1
243 42.92 91.78 10.96 408.52 3 46 2
244 2.47 17.69 5.21 342.96 10 28 2
245 62.86 70.17 24.32 221.52 8 45 1
246 90.26 63.60 23.49 416.25 11 12 1
247 38.56 40.35 42.86 74.39 2 41 1
248 35.98 76.27 48.39 440.10 14 25 2
249 16.66 40.88 7.09 225.09 15 26 2
250 96.17 4.43 38.04 233.87 0 26 1
251 14.83 1.60 40.10 82.04 16 18 2
252 22.72 64.37 13.42 469.49 14 43 2
253 27.91 52.44 27.84 456.93 6 30 1
254 59.89 56.15 31.48 69.54 13 28 2
255 37.49 51.77 15.55 198.70 4 46 2
256 14.60 70.93 42.82 248.40 8 14 1
257 57.44 3.15 6.15 163.22 10 20 2
258 44.79 49.20 33.05 92.38 21 28 1
259 58.40 94.36 3.21 289.10 16 26 2
260 13.76 55.87 41.74 201.03 0 14 1
261 9.23 39.71 28.37 357.39 17 42 2
262 92.91 67.26 30.86 255.08 21 23 2
263 16.31 23.89 11.02 122.19 3 23 1
264 34.11 95.35 1.45 431.44 10 48 2
265 39.07 3.63 23.94 285.71 22 29 1
266 77.37 35.57 14.26 165.84 8 11 1
267 95.75 36.35 1.40 438.04 12 31 1
268 71.40 90.99 46.88 58.93 2 17 1
269 63.06 25.58 26.98 250.52 1 48 2
270 26.73 16.18 40.69 491.00 1 45 1
271 22.42 8.56 11.24 281.81 16 30 1
272 6.51 45.89 43.97 172.34 10 36 1
273 21.37 36.46 30.92 112.11 3 40 1
274 60.75 78.47 38.58 399.33 6 10 1
275 52.14 6.41 19.35 358.77 15 45 1
276 52.47 3.27 49.75 400.93 16 27 2
277 76.65 1.68 27.81 462.71 2 34 2
278 34.50 70.34 10.36 213.61 23 30 2
279 41.53 40.10 35.43 100.96 17 24 1
280 97.62 34.80 47.25 398.75 14 46 1
281 83.31 46.57 23.20 157.72 15 39 1
282 57.74 81.92 27.62 489.35 22 36 1
283 74.14 59.01 7.31 469.32 2 25 2
284 62.33 10.49 27.85 216.54 9 41 2
285 38.21 73.95 24.05 426.46 5 12 2
286 98.22 82.09 37.86 456.99 0 3 2
287 96.73 45.58 23.62 193.64 23 28 2
288 91.23 45.84 1.66 259.62 17 31 1
289 60.81 60.36 35.07 67.99 2 24 1
290 80.51 58.00 16.06 371.54 7 48 2
291 35.41 37.22 24.57 378.61 0 31 2
292 93.44 1.28 34.68 137.41 11 29 1
293 97.10 39.76 37.36 473.08 7 29 2
294 1.81 74.72 48.52 228.87 7 39 1
295 19.43 99.22 23.72 101.30 13 27 2
296 65.68 66.17 17.09 307.84 15 45 2
297 49.23 98.69 8.49 282.42 6 22 1
298 64.38 32.28 18.07 346.29 22 26 1
299 43.23 97.35 3.67 155.94 1 44 1
300 39.69 58.39 0.01 97.58 10 11 1
301 20.00 87.38 6.07 492.44 4 28 2
302 44.22 97.72 17.50 381.32 23 43 2
303 28.66 77.77 34.15 381.90 18 45 1
304 45.29 46.11 20.94 410.43 14 48 2
305 37.19 14.54 13.70 73.26 23 42 2
306 37.55 53.32 45.93 115.57 4 6 2
307 44.66 23.25 43.76 56.89 5 41 2
308 36.88 31.89 39.66 92.71 4 10 1
309 34.36 26.76 9.95 365.21 17 35 1
310 85.47 23.54 10.88 395.07 23 40 2
311 13.84 19.21 44.57 260.93 16 29 2
312 96.35 47.23 38.39 323.51 24 27 2
313 66.53 19.11 4.44 478.18 23 29 1
314 45.25 0.39 16.05 366.21 14 18 1
315 27.78 40.38 23.94 274.76 9 14 1
316 30.02 54.17 29.95 243.68 5 20 2
317 86.10 1.20 1.25 349.65 16 20 2
318 70.91 5.19 3.33 437.54 18 45 2
319 24.12 32.15 4.16 299.56 11 40 2
320 21.82 34.65 49.48 50.39 14 43 2
321 92.19 54.21 19.57 296.46 4 5 1
322 43.37 80.29 0.38 423.79 12 13 1
323 66.89 2.47 2.52 328.50 23 32 2
324 44.89 87.17 5.95 390.85 17 20 1
325 65.96 96.47 34.41 470.08 12 31 1
326 81.66 66.55 45.49 132.07 8 15 1
327 95.95 92.08 43.92 159.32 20 38 1
328 63.31 17.69 49.63 175.78 2 20 2
329 54.74 64.71 3.91 263.57 22 44 1
330 97.24 25.02 28.10 137.99 5 18 2
331 8.53 41.01 14.71 253.49 1 5 2
332 58.58 30.86 47.84 429.46 24 45 2
333 3.46 5.09 27.04 351.52 12 38 2
334 37.62 78.82 33.50 85.44 9 16 2
335 82.65 26.62 11.60 367.15 11 28 2
336 27.16 76.63 14.97 222.05 11 35 1
337 40.46 90.99 18.51 469.77 6 25 2
338 14.81 12.64 4.09 400.72 23 37 1
339 99.02 47.19 2.07 348.62 10 30 2
340 1.84 51.23 35.08 215.38 15 17 1
341 11.43 14.09 14.24 463.97 18 41 2
342 85.34 21.29 47.44 392.75 19 40 2
343 15.07 96.72 5.13 294.37 17 43 2
344 47.02 84.73 24.98 303.74 4 13 1
345 73.42 33.63 26.69 410.32 24 41 1
346 71.54 31.10 36.19 420.71 6 26 2
347 13.23 85.89 6.87 191.80 0 0 2
348 51.64 83.01 2.75 72.20 19 33 1
349 15.91 21.78 40.73 495.43 21 21 2
350 22.41 21.36 44.74 133.89 5 38 2
351 93.15 14.89 14.29 238.25 12 21 1
352 82.46 27.92 27.59 97.27 16 21 1
353 47.02 30.10 3.19 99.11 7 19 2
354 6.20 22.87 42.50 423.64 7 23 1
355 11.65 69.02 33.10 93.54 18 46 1
356 74.55 4.85 45.52 105.81 4 7 2
357 54.68 60.96 32.41 319.44 8 12 2
358 85.92 53.18 14.21 301.47 17 28 2
359 76.40 2.05 26.27 373.93 23 43 1
360 29.13 61.98 43.55 341.52 8 14 1
361 56.39 2.11 22.64 163.37 6 17 2
362 14.13 74.80 20.90 359.15 15 24 2
363 50.12 75.07 6.80 390.51 6 32 1
364 20.96 42.66 32.24 465.59 6 16 1
365 21.57 94.95 14.89 449.25 4 29 1
366 45.64 33.96 7.25 283.91 19 40 2
367 5.23 10.66 40.00 474.73 23 24 1
368 48.55 29.85 1.46 141.88 11 12 1
369 87.90 74.98 26.24 123.16 2 47 2
370 63.61 7.19 14.90 270.06 3 38 1
371 84.03 63.53 19.04 392.02 4 31 2
372 60.30 54.56 23.37 402.74 0 31 1
373 16.67 70.71 17.48 62.24 0 36 2
374 43.58 4.85 29.72 119.44 0 0 1
375 43.21 21.14 1.28 497.99 5 40 1
376 65.00 74.91 1.39 219.28 10 19 2
377 65.03 47.68 18.11 117.67 10 42 2
378 0.26 97.00 30.87 168.34 6 45 2
379 7.28 51.32 3.82 389.87 18 34 2
380 54.52 34.91 33.80 276.89 21 24 1
381 6.36 27.96 22.74 144.71 10 33 1
382 27.83 83.02 37.77 471.88 1 23 1
383 90.21 43.36 36.33 203.39 1 36 1
384 73.95 67.53 24.25 421.41 18 32 2
385 33.89 6.43 37.36 477.51 24 35 2
386 13.48 8.39 7.35 75.83 14 48 1
387 54.45 70.79 32.77 429.74 23 29 2
388 86.50 81.74 34.18 464.75 20 47 2
389 14.70 32.62 30.75 54.07 21 36 1
390 0.12 52.86 11.56 435.69 18 47 1
391 66.90 65.48 29.36 471.17 4 6 1
392 36.40 5.53 18.66 268.00 21 25 2
393 56.80 9.45 2.00 130.13 1 48 2
394 70.10 81.84 3.70 486.78 14 26 1
395 15.61 99.70 0.02 153.69 6 25 1
396 12.06 80.18 3.61 290.53 1 23 1
397 19.47 20.98 7.93 272.61 5 37 1
398 10.77 36.58 21.43 183.33 10 16 2
399 77.05 79.05 28.79 450.31 14 17 2
400 98.29 22.09 15.12 468.64 19 42 2
401 4.33 64.74 6.47 486.20 2 35 2
402 16.06 65.69 28.45 400.99 17 27 1
403 68.25 67.99 23.37 285.85 20 43 1
404 92.93 4.01 48.03 442.72 12 24 1
405 12.78 51.49 30.04 363.24 5 25 1
406 9.00 87.75 45.05 287.59 13 43 1
407 80.26 60.65 21.51 149.76 10 29 2
408 3.03 54.18 28.10 418.84 20 21 1
409 98.13 0.26 24.28 407.17 23 31 2
410 51.61 92.78 3.35 251.45 0 32 1
411 89.41 18.63 48.34 384.45 23 33 1
412 46.83 9.16 7.22 279.07 15 37 2
413 5.63 76.35 48.31 206.47 17 41 2
414 92.03 40.07 3.96 430.68 15 33 1
415 30.55 86.09 3.53 332.22 5 18 2
416 89.87 77.91 8.75 376.16 10 21 2
417 39.27 15.78 48.98 82.16 19 45 1
418 66.53 67.38 8.46 239.16 23 43 1
419 71.16 7.92 39.96 414.71 13 13 2
420 95.30 44.21 41.64 497.92 16 42 2
421 45.74 74.93 14.36 286.26 6 8 2
422 53.25 90.39 42.56 167.94 1 14 2
423 18.98 52.93 8.55 94.99 16 32 1
424 43.76 58.97 17.02 219.08 1 27 2
425 64.33 28.88 38.58 71.04 11 17 1
426 3.46 82.94 18.21 119.62 2 31 1
427 95.61 90.68 8.01 314.48 8 28 1
428 5.36 12.61 36.00 51.26 17 46 2
429 37.00 12.49 10.35 408.22 14 39 1
430 90.73 99.16 11.46 396.90 7 36 2
431 10.10 55.38 47.67 164.66 1 5 2
432 53.75 20.45 28.06 315.47 2 23 1
433 56.76 82.21 32.60 404.57 14 44 1
434 73.64 95.27 33.10 71.09 5 20 1
435 5.45 7.33 27.18 59.28 10 47 1
436 80.15 34.62 44.10 57.46 11 22 2
437 1.08 66.94 12.61 123.42 14 33 2
438 94.75 33.36 24.85 389.50 15 15 1
439 43.15 56.72 5.91 376.56 9 26 1
440 51.28 27.28 6.40 274.63 15 15 2
441 17.52 84.94 1.10 58.30 20 20 1
442 69.46 43.99 35.65 208.59 18 28 2
443 52.90 20.74 17.92 98.22 3 37 1
444 54.09 65.38 24.05 85.46 14 48 1
445 13.48 55.95 38.91 362.37 7 8 2
446 85.92 0.04 18.23 71.82 24 32 1
447 90.32 67.49 3.72 321.19 24 48 2
448 6.55 75.11 3.30 471.17 14 14 2
449 89.83 35.88 23.78 444.95 18 32 1
450 5.27 34.09 21.06 472.69 6 38 2
451 85.82 22.97 24.47 379.79 3 36 2
452 93.62 1.69 24.55 163.85 3 28 1
453 61.88 21.61 49.40 410.71 4 37 2
454 57.69 17.56 42.08 368.50 13 22 1
455 77.26 98.12 22.95 420.44 20 47 2
456 39.34 67.60 26.59 289.51 1 23 1
457 96.09 99.81 45.88 323.93 17 32 2
458 50.01 9.18 18.07 306.27 19 29 2
459 44.85 53.66 48.51 184.10 10 33 1
460 99.63 77.19 19.01 225.94 8 32 1
461 66.36 27.92 10.42 474.45 16 27 2
462 33.72 53.12 0.62 158.88 6 34 2
463 65.76 71.38 13.40 225.33 23 46 2
464 62.35 2.33 43.03 329.15 16 18 2
465 85.99 85.91 15.80 326.44 24 25 1
466 33.86 90.35 18.71 181.08 14 43 1
467 97.69 44.61 40.93 230.64 1 22 1
468 84.65 13.23 7.23 195.68 12 25 2
469 89.10 89.64 10.27 78.47 13 43 2
470 30.68 61.14 42.05 429.40 3 12 1
471 99.21 19.79 23.69 58.92 1 14 1
472 93.31 26.39 49.92 223.21 21 25 2
473 80.55 0.40 9.55 110.73 0 12 2
474 93.67 35.00 32.94 61.13 20 28 1
475 87.19 36.76 12.05 441.71 7 22 1
476 53.65 1.66 32.55 336.79 24 28 2
477 18.55 13.89 16.15 164.49 20 29 2
478 40.71 74.69 13.18 248.11 21 29 1
479 73.74 65.33 25.96 68.81 10 41 1
480 66.73 54.08 27.94 362.69 22 26 2
481 29.16 83.59 1.53 175.17 19 35 2
482 88.31 19.38 32.15 124.02 11 38 1
483 97.21 81.55 17.56 213.46 11 26 2
484 99.13 41.08 43.80 277.72 4 32 1
485 31.52 26.70 31.49 343.42 14 32 1
486 78.39 78.34 8.53 343.01 20 46 1
487 8.04 67.26 18.73 406.74 24 34 1
488 85.02 33.00 31.43 245.50 8 48 1
489 52.65 28.13 13.52 292.37 0 44 1
490 70.78 35.15 42.46 416.16 13 38 2
491 87.73 80.02 42.64 462.28 9 27 1
492 9.09 95.97 28.39 351.85 19 19 2
493 46.49 31.34 15.97 257.50 7 27 1
494 51.59 45.47 42.18 278.66 10 36 1
495 4.34 14.18 12.41 170.12 21 34 2
496 98.00 19.57 11.87 183.59 3 21 1
497 41.02 54.55 11.05 435.18 24 38 1
498 5.80 14.42 28.66 471.18 21 38 1
499 65.55 99.55 5.02 415.18 2 8 2
500 86.90 25.18 47.03 152.42 19 26 1
1 136.27 4356.69 1
2 144.07 3557.29 2
1 1.35 39.08 2
2 1.96 27.94 2
3 1.85 31.92 1
4 1.40 31.61 2
5 1.17 25.34 1
6 1.68 49.48 1
7 1.66 41.41 1
8 1.21 35.53 1
9 1.02 40.62 2
10 1.86 41.12 2
11 1.88 37.11 2
12 1.43 39.75 2
