Data for Vehicle routing problem with drones - Author: Huyen Do Thi Ngoc
Number of depots: 4
Number of cities: 200
Number of trucks: 4
Number of drones: 14
Area: 100 100 50
Customer maximum demand: 500
Max capacity of truck: 200
Max energy of truck: 5000
Max capacity of drone: 2
Max energy of drone: 50
1 0.03 68.97 40.86
2 84.35 9.85 26.96
3 79.13 39.48 13.52
4 22.70 13.94 36.99
1 16.78 16.77 26.32 442.20 15 45 4
2 0.30 93.32 48.78 54.52 12 19 3
3 80.71 71.51 21.49 156.69 2 10 2
4 33.79 8.92 31.78 360.42 11 42 3
5 85.02 92.86 38.93 448.77 5 28 3
6 56.80 30.56 21.90 485.83 20 45 1
7 26.46 68.23 43.06 169.54 15 41 4
8 97.04 80.21 8.43 454.04 13 14 3
9 2.82 31.48 10.96 191.21 0 1 3
10 23.56 76.20 10.24 215.41 13 31 4
11 19.70 80.68 34.50 68.10 16 38 3
12 49.76 34.44 22.79 234.81 24 43 4
13 55.35 8.75 48.97 350.30 23 30 3
14 24.03 45.92 2.27 468.59 10 39 2
15 68.30 22.05 23.59 107.15 7 24 1
16 16.14 19.18 13.98 313.50 9 18 2
17 69.41 51.54 27.50 318.68 12 13 4
18 97.83 7.41 0.85 214.64 15 32 4
19 83.47 80.88 15.37 303.76 5 11 4
20 68.94 1.08 45.86 93.79 10 34 3
21 3.70 41.35 13.57 89.39 22 27 4
22 11.33 38.34 21.96 399.29 6 47 4
23 75.87 40.18 19.74 298.59 9 30 1
24 87.10 72.25 47.61 480.05 1 21 1
25 62.10 42.04 38.59 77.94 10 21 2
26 25.96 17.19 11.63 100.93 18 18 4
27 59.74 64.06 42.20 128.01 2 7 3
28 26.98 15.39 12.42 95.31 1 19 4
29 51.69 8.48 44.44 133.76 3 13 4
30 37.99 37.73 49.52 410.52 0 25 4
31 84.79 98.76 8.82 403.40 21 23 2
32 61.36 27.96 33.59 175.24 12 33 3
33 54.59 49.68 17.99 70.92 18 22 4
34 10.12 62.97 0.79 187.48 11 23 2
35 33.77 51.91 39.33 378.03 6 24 4
36 79.11 71.86 14.45 282.30 11 18 2
37 36.99 26.56 8.03 252.54 10 43 3
38 34.60 24.95 33.75 90.38 23 35 4
39 17.40 75.58 2.32 307.90 3 39 3
40 83.23 87.06 23.63 106.86 17 28 4
41 55.06 29.81 5.16 146.26 0 23 4
42 11.79 19.24 25.13 277.11 8 10 2
43 37.57 74.08 48.93 461.00 4 14 1
44 37.79 18.99 33.67 483.56 22 48 4
45 24.08 0.59 37.83 340.05 3 29 4
46 10.12 47.56 40.33 440.11 1 10 1
47 71.21 13.81 6.83 279.47 20 28 4
48 47.56 34.39 45.84 136.79 9 26 3
49 49.74 66.56 0.16 209.44 17 22 1
50 34.87 96.97 25.66 171.02 21 36 2
51 96.37 97.03 15.88 107.62 10 43 2
52 2.10 36.92 11.35 261.88 19 22 1
53 46.29 4.29 21.34 78.31 24 28 3
54 27.70 4.23 41.08 457.88 2 17 2
55 94.19 8.95 35.05 204.43 21 25 1
56 86.58 5.71 6.85 411.21 11 42 1
57 99.49 69.69 0.17 358.68 16 25 2
58 49.87 12.29 40.78 295.65 20 26 3
59 27.44 81.93 40.66 166.72 21 24 4
60 92.74 12.58 14.60 53.81 4 31 3
61 48.71 83.03 9.79 291.36 1 17 4
62 81.87 2.06 45.52 73.10 7 31 2
63 38.64 4.65 33.48 295.73 4 48 4
64 27.18 68.98 22.57 261.79 18 36 1
65 89.93 1.30 10.43 414.32 1 14 4
66 53.11 28.61 21.80 119.88 9 47 4
67 76.13 31.41 45.54 207.54 5 20 1
68 21.48 5.95 34.11 308.07 0 23 1
69 36.85 5.45 33.27 449.99 10 44 4
70 1.45 2.62 41.77 241.53 5 47 2
71 31.91 96.32 34.64 321.84 16 37 1
72 26.76 61.31 38.07 465.87 11 38 1
73 11.17 15.94 28.24 454.83 3 3 2
74 0.76 8.21 30.07 264.13 13 42 2
75 90.21 92.04 37.45 320.14 17 48 1
76 72.13 8.54 48.41 452.35 21 44 3
77 39.58 11.21 44.83 187.94 5 44 3
78 50.67 14.80 39.61 465.00 24 31 1
79 7.79 40.09 28.93 247.11 14 37 2
80 61.94 62.91 41.85 185.91 22 34 1
81 7.37 4.45 35.69 286.88 19 42 4
82 15.13 95.11 14.79 487.52 18 34 3
83 60.36 15.09 32.45 420.92 8 40 4
84 95.62 41.06 46.29 152.88 3 11 1
85 6.93 96.49 32.17 303.29 4 28 3
86 27.19 82.27 30.54 365.33 13 33 2
87 40.49 46.76 47.99 348.96 0 19 2
88 59.21 97.31 20.66 145.12 12 33 1
89 2.41 19.25 41.59 411.56 6 35 4
90 63.00 73.51 36.98 343.55 5 43 2
91 69.65 37.60 36.29 429.20 22 22 4
92 15.91 6.46 28.60 370.78 14 39 4
93 31.10 94.06 49.19 369.08 21 48 3
94 38.11 41.08 24.83 187.16 19 38 4
95 57.62 49.30 20.28 270.09 6 43 3
96 43.58 59.71 23.82 197.29 14 15 3
97 79.50 76.42 26.55 452.93 6 25 1
98 61.03 8.30 44.36 355.31 22 22 4
99 55.14 82.80 0.77 436.41 4 24 1
100 31.29 74.87 38.77 484.34 19 19 1
101 43.95 90.97 12.74 196.05 18 24 4
102 19.59 22.75 1.33 297.86 1 5 1
103 45.72 85.80 34.49 140.78 18 42 2
104 93.41 41.12 30.76 207.63 22 41 1
105 82.19 88.54 4.23 272.05 14 39 3
106 23.00 35.21 0.38 65.22 20 40 2
107 14.36 20.35 14.69 238.01 4 17 2
108 13.79 19.81 22.90 337.94 4 17 2
109 94.27 95.54 33.33 137.72 4 12 1
110 66.70 54.24 18.10 414.44 13 31 4
111 44.03 66.95 48.26 301.00 5 14 1
112 95.88 60.14 9.02 325.86 20 38 1
113 79.87 92.77 15.21 367.31 1 6 3
114 75.30 20.62 41.01 55.22 2 17 4
115 17.65 25.93 39.16 193.73 3 47 2
116 70.74 58.77 7.28 405.11 18 38 4
117 25.34 0.54 18.61 237.05 20 43 1
118 63.26 81.44 14.09 383.26 3 26 4
119 16.87 76.05 33.81 446.47 9 31 3
120 25.77 20.29 31.94 362.87 10 25 4
121 29.80 69.86 26.94 242.28 18 19 4
122 23.35 19.47 47.66 105.90 8 18 3
123 75.14 92.75 21.91 225.81 8 9 3
124 88.82 78.31 44.54 426.10 5 17 1
125 18.51 43.52 11.88 305.29 5 39 2
126 8.33 83.73 11.53 434.74 16 40 1
127 16.18 43.98 29.52 267.28 23 38 1
128 77.68 23.71 32.37 240.75 17 30 4
129 52.21 61.45 8.98 460.28 19 47 2
130 85.42 19.04 8.33 362.53 22 38 3
131 84.21 61.45 24.83 473.82 1 16 2
132 61.69 55.14 25.00 88.85 22 46 3
133 53.28 69.74 20.26 465.58 21 29 2
134 1.63 6.18 36.62 90.23 11 19 4
135 3.68 67.39 14.80 162.16 4 5 1
136 47.73 94.27 37.85 315.86 15 22 2
137 70.86 47.94 0.28 372.76 9 43 2
138 16.18 11.88 9.53 465.14 1 41 1
139 67.98 98.47 27.02 411.33 6 44 2
140 13.55 84.56 5.58 100.89 0 13 4
141 89.34 47.56 19.23 322.62 5 31 2
142 44.20 74.73 42.25 491.19 1 2 1
143 1.65 44.28 39.94 232.77 1 28 3
144 53.36 66.10 28.18 181.58 23 40 1
145 18.39 32.12 49.25 352.20 6 26 3
146 41.10 30.29 1.24 432.88 22 45 4
147 63.99 56.51 27.16 278.68 15 37 4
148 21.92 45.12 7.21 133.78 24 42 3
149 49.44 62.73 9.01 473.49 11 32 3
150 38.93 7.89 27.08 295.99 11 18 2
151 66.17 69.50 23.37 379.76 22 41 1
152 20.33 48.85 27.88 432.29 21 33 2
153 16.74 39.08 44.42 260.33 0 34 4
154 44.48 15.18 13.66 215.55 14 14 3
155 85.88 75.56 44.53 153.49 23 44 3
156 84.02 22.11 27.73 194.77 12 29 3
157 88.71 50.60 14.39 459.47 9 9 1
158 49.40 98.17 0.90 278.30 17 35 2
159 4.78 23.60 27.99 126.97 17 40 2
160 17.63 81.31 15.75 388.51 11 42 4
161 59.04 63.92 10.40 336.68 15 32 2
162 15.71 53.88 16.05 406.55 17 28 3
163 30.35 27.52 28.90 295.91 17 33 2
164 62.96 60.97 16.29 282.79 18 19 3
165 26.14 26.75 11.46 420.17 11 44 4
166 5.67 46.94 33.33 415.07 21 41 1
167 0.20 79.68 17.49 138.10 11 36 4
168 46.65 58.26 48.74 61.13 18 28 3
169 23.78 27.12 4.71 489.19 0 40 3
170 44.89 85.79 45.02 169.07 12 24 1
171 60.68 96.87 31.98 101.63 23 44 4
172 50.77 26.86 37.79 76.01 14 17 1
173 7.26 89.62 0.44 147.47 4 26 3
174 50.87 43.23 6.01 90.90 6 11 2
175 85.87 99.37 40.19 449.96 9 15 2
176 52.81 73.26 21.75 191.10 8 44 2
177 78.63 20.30 30.72 394.14 8 30 4
178 74.26 74.65 2.63 215.67 24 45 4
179 69.79 8.62 0.94 497.87 8 30 2
180 51.78 29.82 0.74 336.45 15 37 2
181 61.23 66.83 45.90 153.02 19 26 4
182 50.00 86.09 6.98 161.58 20 40 2
183 31.50 64.79 23.48 185.31 18 32 1
184 21.51 91.94 43.13 251.61 23 47 1
185 41.81 22.26 31.45 435.86 9 34 2
186 67.97 74.57 9.84 126.63 18 22 4
187 64.07 84.67 20.37 92.74 23 24 2
188 34.96 93.22 26.67 149.36 18 30 2
189 21.34 99.21 1.75 476.28 19 29 1
190 18.20 30.70 15.42 237.30 8 34 3
191 45.93 80.42 37.81 466.69 15 23 3
192 3.74 32.94 41.38 226.98 22 47 3
193 13.30 51.27 29.51 457.68 2 18 1
194 82.98 27.12 34.64 465.61 22 22 2
195 55.56 1.85 34.23 142.53 20 24 3
196 57.94 99.03 40.18 172.91 2 17 4
197 97.21 84.30 15.21 201.29 19 34 3
198 49.46 2.08 41.16 272.74 13 22 4
199 95.75 70.42 33.69 309.60 9 22 4
200 68.32 82.00 6.45 254.26 11 39 2
1 160.27 3993.56 1
2 179.76 4302.46 2
3 144.91 3213.93 3
4 197.45 2695.99 4
1 1.00 31.91 2
2 1.80 33.27 2
3 1.68 30.38 3
4 1.37 48.28 2
5 1.45 41.10 2
6 1.61 37.75 1
7 1.09 37.14 3
8 1.53 28.90 4
9 1.29 33.86 1
10 1.58 41.26 2
11 1.75 36.63 2
12 1.19 32.07 2
13 1.39 32.91 1
14 1.53 27.74 3
