Data for Vehicle routing problem with drones - Author: Huyen Do Thi Ngoc
Number of depots: 5
Number of cities: 400
Number of trucks: 9
Number of drones: 19
Area: 100 100 50
Customer maximum demand: 500
Max capacity of truck: 200
Max energy of truck: 5000
Max capacity of drone: 2
Max energy of drone: 50
1 80.77 79.65 31.45
2 62.18 43.94 0.84
3 67.83 95.95 46.58
4 10.79 34.49 31.13
5 44.58 28.47 17.71
1 54.65 67.84 36.58 418.47 21 39 1
2 58.91 91.78 43.09 342.17 3 9 5
3 32.41 41.50 28.36 280.27 8 37 1
4 18.27 74.47 1.30 185.61 3 6 4
5 49.78 82.71 18.44 401.90 24 28 2
6 6.02 13.45 19.76 183.29 17 28 3
7 83.41 9.48 24.26 238.21 23 47 1
8 74.61 51.36 28.09 396.42 22 36 4
9 2.64 42.53 43.12 178.50 20 20 4
10 7.37 1.56 3.20 243.63 17 46 5
11 41.05 98.36 5.29 107.84 2 14 4
12 14.62 71.02 18.91 73.52 9 31 3
13 79.13 87.75 46.25 66.59 2 33 3
14 71.41 52.40 41.27 379.24 3 18 4
15 40.37 24.28 33.53 103.03 8 13 5
16 12.66 59.02 30.92 90.42 2 20 4
17 14.12 94.26 18.76 363.93 4 34 3
18 74.32 16.89 30.43 428.57 15 36 1
19 58.64 41.54 10.60 393.96 2 43 1
20 1.98 38.76 33.51 95.64 13 41 2
21 75.18 1.39 45.10 99.54 2 31 3
22 85.46 71.39 0.46 447.72 22 27 2
23 18.58 60.55 30.35 165.38 22 25 3
24 58.18 61.59 26.64 315.98 14 31 5
25 27.02 56.17 19.89 480.16 2 8 5
26 34.09 16.03 34.14 260.46 19 45 3
27 90.47 36.75 4.96 287.66 5 8 1
28 94.94 68.52 1.68 483.55 7 22 3
29 37.05 25.27 18.83 147.71 12 17 2
30 58.21 54.57 8.06 173.59 24 41 5
31 79.74 9.14 11.28 452.18 11 33 2
32 32.94 33.84 16.20 290.71 7 12 2
33 70.66 7.78 24.95 387.53 5 16 4
34 59.13 51.28 0.40 493.42 6 33 1
35 66.80 55.08 20.89 279.19 22 44 1
36 60.39 36.39 11.27 379.07 20 44 3
37 29.77 51.79 41.09 352.25 13 41 2
38 75.75 25.99 46.88 214.27 0 37 2
39 30.09 86.97 23.19 412.52 17 43 4
40 78.52 39.58 37.00 391.34 16 28 1
41 56.49 5.36 9.85 371.72 15 27 1
42 62.56 21.68 22.52 356.42 14 33 5
43 54.34 68.86 37.18 354.37 10 30 2
44 56.00 44.39 15.25 396.85 2 38 2
45 72.31 58.96 27.63 265.44 17 20 3
46 4.86 71.89 4.50 480.25 21 39 2
47 22.65 51.65 4.39 469.51 23 27 4
48 79.08 11.03 38.71 172.85 3 46 1
49 26.00 14.68 36.22 131.07 18 26 5
50 2.13 90.76 32.83 289.58 16 30 1
51 92.80 23.29 48.23 312.96 18 31 5
52 72.43 81.11 15.45 355.94 23 26 4
53 30.19 76.45 18.82 430.75 1 8 4
54 62.06 80.86 22.81 170.96 16 24 1
55 98.43 70.23 28.34 347.15 8 41 1
56 84.45 22.46 20.54 144.37 20 41 5
57 31.33 82.71 32.78 366.50 11 36 1
58 45.26 31.87 43.97 477.55 4 19 1
59 6.03 94.40 33.90 227.77 17 28 1
60 7.25 19.22 21.62 381.66 18 32 5
61 70.29 53.00 6.98 86.42 10 16 5
62 53.49 54.08 27.59 187.96 12 27 3
63 26.55 48.51 28.90 331.46 0 41 3
64 87.97 31.43 8.20 177.74 13 16 2
65 13.23 47.20 25.95 130.08 5 27 4
66 63.42 35.74 41.56 71.13 17 31 4
67 30.88 70.25 34.25 74.44 18 19 3
68 76.48 21.40 29.93 237.01 10 37 5
69 4.02 18.21 42.25 474.96 24 48 3
70 86.07 50.06 40.40 230.93 24 47 2
71 95.01 52.89 34.56 456.89 6 46 2
72 11.82 10.74 27.72 267.68 10 39 5
73 29.76 31.92 38.65 367.62 16 28 2
74 94.27 18.79 47.03 383.01 21 35 3
75 72.30 52.61 46.63 261.38 3 11 3
76 86.34 7.94 33.62 270.67 4 19 1
77 47.40 67.35 31.50 223.16 14 24 3
78 93.92 48.46 17.18 389.59 19 34 3
79 37.06 50.97 12.19 458.38 12 20 1
80 44.52 7.71 48.81 448.48 20 40 1
81 49.80 69.94 31.05 166.48 8 21 1
82 86.29 93.66 31.00 175.97 20 28 4
83 80.65 98.14 35.38 375.22 13 31 3
84 62.10 58.15 0.85 344.13 1 8 3
85 26.12 75.52 16.12 174.61 6 21 3
86 31.42 99.84 3.62 149.52 17 37 5
87 92.51 47.33 21.66 282.30 23 36 3
88 54.22 1.08 7.33 264.17 4 47 1
89 77.22 74.70 42.79 83.65 18 36 3
90 15.09 74.66 49.51 70.94 20 37 1
91 23.73 92.59 16.62 298.96 0 26 1
92 88.92 1.19 21.26 336.99 3 48 4
93 19.92 72.04 24.89 377.37 5 7 4
94 80.89 64.41 29.88 223.84 2 48 3
95 9.07 53.53 10.95 243.27 20 48 4
96 9.00 75.48 7.43 409.73 4 48 2
97 47.38 87.03 11.84 414.05 17 20 4
98 30.72 91.16 43.79 224.04 10 23 5
99 43.69 97.48 40.64 422.44 15 44 2
100 69.63 13.67 17.38 135.58 22 40 5
101 86.16 16.00 27.77 335.33 11 13 5
102 8.33 40.76 46.21 190.82 9 28 3
103 70.67 19.43 28.02 342.51 10 18 4
104 70.89 45.44 26.74 448.42 8 42 1
105 25.78 56.12 14.38 387.79 4 21 4
106 72.27 74.96 7.73 282.90 0 12 3
107 84.60 88.63 34.71 69.65 1 36 5
108 53.86 63.12 12.97 209.60 5 28 2
109 67.89 89.48 16.81 186.23 6 28 5
110 10.48 86.84 25.51 184.90 9 41 5
111 53.29 48.17 42.93 370.77 18 36 1
112 14.79 31.36 43.36 108.07 7 46 2
113 4.66 48.42 34.51 209.62 5 36 2
114 50.89 50.02 26.91 53.23 24 47 4
115 93.36 62.13 19.04 171.26 0 25 5
116 21.50 74.63 43.32 202.95 13 14 1
117 57.55 56.10 11.50 247.25 8 8 2
118 70.37 19.59 1.05 157.98 9 23 2
119 87.98 4.04 48.62 376.58 4 20 5
120 51.24 60.56 18.59 378.31 19 31 1
121 43.07 78.99 49.19 57.32 17 41 2
122 59.74 9.68 20.32 233.96 18 46 1
123 47.48 33.94 4.81 149.29 21 47 5
124 4.97 18.21 24.70 110.27 19 27 3
125 49.28 77.21 30.30 332.00 15 40 3
126 25.80 54.16 2.52 122.52 2 17 2
127 18.42 68.16 35.67 361.11 17 44 5
128 66.63 90.30 38.12 303.12 20 31 2
129 73.46 99.79 4.36 123.17 20 29 2
130 56.06 28.67 35.61 83.31 5 39 2
131 64.78 19.83 46.98 292.48 9 29 5
132 53.46 7.91 13.10 437.99 7 29 2
133 38.08 19.68 44.34 397.04 12 16 1
134 67.59 82.97 34.53 405.65 14 21 4
135 78.39 68.27 21.96 148.41 21 22 5
136 14.02 7.58 10.15 334.39 16 22 1
137 49.81 84.18 31.77 409.35 4 19 1
138 37.16 99.32 9.15 85.19 20 30 1
139 35.68 16.48 27.77 148.17 23 44 3
140 27.06 78.09 30.09 306.01 7 25 5
141 13.26 39.67 0.15 60.22 19 46 2
142 94.79 33.56 33.81 381.81 19 35 4
143 41.96 14.71 4.01 164.59 9 27 4
144 18.95 66.38 34.91 251.16 13 43 4
145 6.47 9.40 49.88 140.05 17 43 2
146 51.18 65.57 1.76 121.83 22 37 3
147 7.45 91.06 48.73 425.54 0 18 1
148 51.67 74.48 40.80 261.82 17 36 1
149 78.97 24.91 31.65 348.21 20 23 1
150 37.85 35.83 43.63 474.16 5 19 3
151 66.88 70.50 34.80 454.64 10 44 1
152 47.92 1.98 13.33 269.49 7 31 5
153 83.25 38.00 18.20 252.72 8 32 3
154 64.15 77.98 10.33 296.28 10 30 5
155 79.05 14.47 10.81 100.85 24 26 4
156 8.42 22.92 32.74 255.54 18 32 4
157 89.14 87.40 28.17 383.40 4 7 3
158 20.89 66.02 46.16 305.93 13 21 3
159 78.11 4.70 28.99 163.97 21 48 3
160 34.61 82.19 22.54 301.29 4 6 4
161 92.34 75.17 4.63 222.34 20 47 4
162 75.09 90.92 37.34 375.62 18 21 5
163 8.85 59.25 39.92 133.18 2 2 2
164 72.77 84.93 7.22 251.39 1 13 1
165 40.46 18.78 0.30 443.12 0 17 5
166 59.53 32.54 28.25 183.20 2 13 4
167 27.99 61.09 41.39 488.01 22 35 4
168 22.97 78.02 39.31 384.36 3 48 3
169 6.46 19.56 40.80 166.09 21 26 3
170 43.18 22.29 32.58 428.64 16 22 5
171 13.30 52.01 27.55 305.84 5 7 1
172 93.27 3.63 47.65 109.29 6 41 2
173 34.06 59.95 36.70 282.57 12 37 3
174 89.04 65.71 5.30 463.61 8 27 1
175 85.20 95.73 40.24 197.83 18 20 3
176 10.41 6.72 37.70 376.12 24 36 3
177 87.53 13.06 29.02 340.17 5 11 4
178 8.04 18.52 24.70 490.56 9 33 4
179 68.83 78.20 30.95 99.90 9 44 2
180 76.35 73.97 47.97 87.48 22 36 4
181 25.82 6.92 35.68 282.83 10 14 1
182 45.79 55.16 11.76 50.62 19 45 2
183 65.92 64.87 32.33 352.64 0 4 5
184 50.48 15.60 3.64 281.47 17 23 2
185 33.63 40.19 41.01 216.20 3 35 2
186 93.53 2.85 46.20 233.58 13 48 1
187 72.55 91.92 49.74 178.97 24 46 4
188 35.34 5.75 21.03 333.35 11 29 5
189 18.63 24.35 48.49 170.67 6 24 3
190 20.09 6.16 36.31 227.05 16 33 5
191 41.50 14.04 23.75 476.83 2 31 1
192 67.63 32.28 16.65 492.51 2 46 1
193 8.38 22.88 4.81 379.08 24 42 4
194 7.33 46.15 43.75 395.83 2 3 3
195 48.62 50.00 5.25 311.81 5 26 1
196 21.27 81.11 34.02 67.49 16 32 2
197 36.76 54.77 38.00 361.21 23 32 3
198 86.14 69.68 12.99 392.58 21 23 3
199 97.35 3.31 23.92 67.32 1 23 3
200 93.03 83.29 2.19 66.62 0 44 2
201 38.58 91.60 39.99 171.56 12 36 2
202 48.70 42.22 26.93 458.20 16 39 3
203 11.48 17.31 41.33 426.63 19 26 5
204 12.84 28.74 24.97 216.87 5 11 4
205 63.25 98.16 35.10 61.86 3 12 1
206 20.56 63.41 34.10 261.98 14 31 1
207 11.62 61.80 35.28 308.76 11 12 3
208 88.44 20.07 37.86 352.70 16 19 1
209 32.87 44.21 33.32 349.12 21 43 3
210 32.30 36.26 42.15 206.03 13 40 3
211 26.83 75.90 11.55 326.54 18 35 3
212 73.41 55.51 14.38 319.32 11 13 5
213 77.37 96.58 16.02 98.15 23 39 4
214 63.17 98.68 0.21 152.39 15 38 1
215 17.48 44.70 38.83 349.99 11 34 4
216 1.51 57.37 16.87 353.43 23 42 2
217 3.15 40.36 24.05 54.71 23 25 3
218 96.78 30.85 19.46 298.12 18 18 1
219 42.16 35.49 24.19 247.28 13 42 4
220 29.50 53.97 17.76 351.45 17 42 3
221 55.65 93.26 49.08 186.36 17 38 1
222 40.84 27.50 9.02 473.68 11 35 1
223 39.43 91.66 4.27 477.13 23 37 4
224 20.93 3.29 35.17 301.50 21 44 2
225 25.64 65.93 49.37 490.61 5 28 1
226 91.61 55.10 16.53 56.20 12 36 5
227 27.76 81.40 30.22 300.14 13 19 2
228 38.45 61.07 7.90 166.75 11 46 4
229 40.68 77.20 48.64 169.60 12 41 5
230 76.06 83.98 44.24 65.37 11 20 4
231 50.49 50.47 28.78 259.82 18 32 5
232 92.96 35.98 25.88 260.85 22 37 4
233 82.01 41.60 12.54 248.43 22 33 3
234 81.01 67.07 18.29 477.58 5 17 4
235 35.07 54.51 33.15 127.23 16 47 3
236 69.86 39.76 11.21 486.65 12 33 3
237 66.57 59.80 49.13 166.43 13 32 1
238 60.30 4.26 40.18 375.24 8 31 3
239 70.10 40.87 28.47 177.93 23 48 3
240 4.22 78.08 10.00 118.38 5 13 1
241 27.25 83.33 5.70 496.94 1 40 3
242 57.85 60.67 21.27 172.61 15 35 3
243 59.84 53.00 15.24 243.74 5 43 1
244 95.36 64.94 17.35 297.26 9 30 4
245 99.93 1.47 11.38 399.15 19 42 5
246 52.20 51.25 20.48 77.11 21 40 1
247 68.16 90.08 20.60 283.62 15 32 5
248 58.74 52.08 38.03 64.90 6 10 2
249 30.42 6.28 30.15 240.12 15 40 4
250 35.08 17.96 45.52 306.08 5 31 2
251 4.76 12.09 41.12 404.98 13 34 5
252 43.10 27.80 17.74 446.38 17 17 5
253 51.00 98.55 37.43 320.45 6 33 1
254 34.60 86.58 37.43 441.13 10 23 1
255 94.71 56.39 14.61 390.71 6 26 4
256 84.16 68.27 32.27 274.56 15 45 4
257 16.18 96.17 8.68 173.05 18 37 1
258 63.67 87.79 24.37 87.27 7 29 3
259 5.57 68.24 17.26 481.98 22 36 5
260 36.33 47.38 32.42 187.17 18 35 1
261 11.23 7.19 31.31 209.68 18 33 2
262 1.94 62.76 42.66 61.31 1 2 2
263 78.14 99.76 47.72 96.43 17 32 3
264 20.98 34.86 44.44 290.62 10 19 5
265 37.83 97.19 32.15 420.60 14 33 3
266 11.37 74.85 15.33 147.09 3 45 5
267 38.29 1.99 8.53 376.87 14 48 4
268 44.29 16.37 41.81 274.11 5 28 5
269 63.96 96.58 8.68 204.83 12 32 5
270 71.57 5.43 18.40 85.45 2 39 4
271 23.12 78.64 49.88 112.93 1 28 5
272 54.33 68.87 21.57 256.53 17 47 2
273 62.58 37.97 25.14 89.53 6 41 4
274 19.90 96.69 9.47 224.39 0 44 5
275 30.92 15.18 9.86 202.30 20 30 4
276 43.25 11.53 43.67 95.29 18 20 2
277 46.16 24.22 39.32 189.20 2 6 5
278 49.37 99.34 47.37 177.99 12 43 2
279 32.74 53.07 24.45 294.88 12 32 2
280 92.75 40.60 45.08 495.29 6 21 5
281 36.51 72.47 1.18 308.27 15 21 3
282 3.35 35.56 14.12 199.63 13 25 1
283 20.47 96.37 24.17 244.39 14 46 2
284 36.60 3.53 46.00 360.76 20 31 3
285 32.10 11.26 8.91 419.62 16 38 4
286 58.70 64.49 49.47 368.19 19 41 2
287 15.10 10.99 22.58 242.03 15 15 3
288 92.57 99.35 40.31 170.73 20 46 5
289 11.96 98.79 3.96 167.38 16 26 3
290 55.55 11.66 42.79 168.65 17 39 1
291 98.93 50.82 33.34 419.51 24 28 2
292 27.66 93.44 31.02 418.53 11 16 2
293 74.94 72.17 11.18 92.28 4 41 3
294 10.93 14.92 38.08 218.42 20 30 5
295 77.03 27.30 27.14 351.89 16 29 5
296 55.63 0.80 19.00 473.66 17 46 4
297 87.31 65.08 5.59 497.44 17 19 3
298 53.41 90.37 37.98 231.76 12 28 4
299 54.38 31.00 48.85 63.50 16 31 1
300 64.59 46.03 29.76 239.82 19 34 4
301 32.93 26.69 49.37 425.52 22 33 1
302 33.81 5.13 14.02 208.42 18 35 3
303 10.91 51.32 16.70 393.78 24 33 3
304 87.11 54.71 19.29 60.66 18 39 1
305 1.49 56.69 45.08 482.58 12 23 4
306 50.37 51.06 9.50 106.27 15 16 1
307 55.93 5.05 25.92 315.08 16 44 1
308 0.48 33.75 43.52 71.09 8 11 5
309 72.76 64.50 37.84 408.16 17 17 1
310 86.74 1.46 5.57 233.37 7 13 2
311 85.62 55.83 3.36 175.84 18 24 4
312 88.49 8.86 43.17 134.09 5 29 3
313 58.43 21.91 3.34 417.59 1 11 4
314 1.91 52.09 38.95 122.98 7 14 2
315 64.64 21.84 13.89 269.61 16 22 1
316 91.73 16.04 38.77 97.08 20 21 3
317 63.54 75.37 17.30 195.21 11 35 3
318 23.03 82.11 27.13 344.06 16 48 5
319 69.96 74.66 1.96 344.90 15 38 2
320 60.20 46.97 30.59 145.57 5 28 2
321 82.91 54.18 31.89 358.24 21 37 1
322 37.75 12.38 4.55 351.89 16 44 2
323 65.41 65.85 16.30 220.66 5 23 3
324 80.55 44.55 26.07 348.56 7 25 1
325 29.30 26.65 14.74 237.19 18 28 3
326 69.71 1.86 14.99 81.28 9 36 3
327 97.40 46.40 10.46 381.67 23 48 4
328 19.29 32.93 5.90 324.13 2 44 5
329 85.49 28.17 49.57 122.94 20 47 3
330 91.08 4.46 22.28 168.35 1 35 3
331 82.79 84.91 26.27 142.64 3 5 3
332 90.01 41.02 44.02 137.87 7 9 1
333 27.98 81.04 9.09 279.12 23 27 3
334 65.51 84.63 34.25 108.05 10 31 5
335 34.52 8.49 2.40 82.11 24 31 5
336 2.74 53.22 19.80 275.01 23 37 5
337 13.17 3.72 24.87 272.02 2 32 5
338 95.88 77.91 46.27 349.69 9 20 2
339 59.95 29.86 9.07 377.64 15 39 3
340 92.22 26.36 41.47 83.63 18 18 5
341 95.87 7.55 29.51 215.25 16 40 4
342 57.80 58.49 29.42 280.16 13 18 5
343 86.11 64.27 8.93 189.84 10 34 5
344 50.99 33.98 46.06 317.72 10 15 2
345 85.85 2.24 17.05 135.01 0 23 2
346 19.34 3.23 42.10 414.17 6 12 3
347 68.02 34.65 21.37 78.46 15 19 3
348 53.61 69.06 34.35 352.89 19 21 5
349 86.77 98.55 18.81 397.09 9 46 5
350 26.84 25.52 27.42 472.50 6 19 2
351 99.49 76.45 14.53 416.28 15 39 5
352 84.91 14.06 23.62 158.37 17 39 5
353 97.55 30.98 2.11 274.43 4 28 4
354 5.36 84.14 37.47 256.48 18 41 1
355 5.01 5.41 17.58 496.19 19 31 5
356 27.14 27.85 1.16 251.37 21 34 2
357 73.50 86.53 19.55 468.50 10 24 1
358 2.93 62.35 34.92 253.63 22 41 4
359 90.49 28.68 14.95 67.28 23 38 4
360 40.77 98.43 2.83 132.12 5 17 5
361 26.88 16.65 35.98 294.13 15 26 5
362 82.07 91.00 0.21 167.29 8 21 1
363 23.37 36.58 41.44 499.92 17 21 5
364 93.59 44.81 47.19 477.28 22 44 5
365 26.27 70.74 41.36 388.61 10 47 4
366 2.17 77.89 18.99 139.99 9 25 3
367 6.39 52.19 5.51 340.78 15 33 4
368 69.20 75.69 22.38 296.68 20 35 5
369 92.23 37.14 5.35 362.80 11 22 4
370 33.43 80.70 23.93 128.46 14 40 4
371 44.95 8.62 37.20 184.98 9 37 4
372 31.09 11.90 36.83 252.36 13 48 3
373 82.84 7.54 28.55 183.87 17 31 5
374 73.61 50.40 37.96 464.55 4 33 5
375 63.39 25.97 22.73 211.82 21 24 2
376 89.25 31.41 15.86 206.54 4 39 3
377 67.44 1.50 1.06 354.99 12 37 4
378 81.01 3.74 33.80 64.85 6 34 3
379 96.04 54.29 41.81 72.33 0 24 4
380 0.50 88.18 36.02 409.89 14 28 2
381 93.10 37.38 41.91 414.26 1 28 4
382 46.77 93.81 8.66 272.42 7 7 1
383 70.69 31.51 9.50 401.76 8 28 5
384 43.64 78.24 3.01 493.99 1 20 1
385 8.27 82.82 30.33 340.94 9 17 1
386 55.83 67.05 35.34 64.00 15 37 1
387 17.10 82.30 4.16 476.03 22 40 3
388 65.62 5.57 5.82 444.85 19 38 1
389 73.69 33.30 17.08 489.10 11 13 4
390 43.21 14.81 41.16 365.96 19 20 2
391 9.76 32.75 9.63 452.07 18 46 5
392 18.74 49.22 22.58 195.26 1 28 2
393 36.58 66.81 9.74 367.82 2 14 4
394 43.52 93.94 49.16 122.72 19 45 5
395 1.44 19.27 8.84 280.93 6 14 1
396 32.27 48.91 0.14 202.38 18 31 4
397 4.30 2.84 33.66 135.83 19 43 4
398 88.09 34.34 15.39 321.21 4 16 5
399 54.45 82.28 27.06 164.31 12 25 4
400 62.41 49.03 31.85 103.78 17 24 4
1 183.76 3152.95 1
2 149.11 3247.09 2
3 111.95 2825.74 3
4 151.59 3020.81 4
5 117.98 3231.05 5
6 161.84 3751.53 2
7 168.95 3595.36 3
8 174.58 4064.00 5
9 170.92 3053.21 1
1 1.35 35.52 6
2 1.24 27.90 4
3 1.06 46.59 2
4 1.54 43.09 5
5 1.05 48.58 4
6 1.51 46.33 3
7 1.07 37.67 7
8 1.09 26.86 9
9 1.25 35.52 8
10 1.25 26.20 8
11 1.19 46.19 8
12 1.08 38.05 4
13 1.65 29.55 7
14 1.78 27.35 3
15 1.08 44.44 7
16 1.32 49.74 1
17 1.10 28.57 7
18 1.13 35.68 8
19 1.33 47.70 4
