Data for Vehicle routing problem with drones - Author: Huyen Do Thi Ngoc
Number of depots: 5
Number of cities: 400
Number of trucks: 5
Number of drones: 12
Area: 100 100 50
Customer maximum demand: 500
Max capacity of truck: 200
Max energy of truck: 5000
Max capacity of drone: 2
Max energy of drone: 50
1 14.79 47.47 34.70
2 72.03 52.99 46.00
3 2.28 37.26 8.87
4 82.32 24.77 18.68
5 20.80 31.50 29.72
1 28.04 12.82 41.05 178.91 20 37 5
2 96.65 73.72 36.64 371.12 23 43 2
3 3.96 14.65 41.45 208.11 11 35 5
4 15.59 95.09 32.82 205.82 5 30 1
5 99.50 60.73 26.42 84.02 17 47 2
6 68.54 77.30 8.11 161.72 12 42 4
7 25.35 75.51 23.59 122.37 17 37 5
8 72.80 68.90 33.94 315.74 10 12 5
9 64.52 4.78 32.26 175.09 3 27 1
10 64.44 4.93 41.54 304.27 23 37 2
11 33.17 26.46 48.41 338.27 3 32 3
12 97.44 68.72 12.10 295.22 10 33 4
13 7.40 13.49 41.50 252.43 0 17 5
14 73.53 56.17 11.22 421.59 19 29 4
15 32.15 56.31 18.22 185.29 2 22 2
16 4.11 64.80 41.18 62.04 13 41 5
17 13.77 7.40 25.55 168.94 14 42 2
18 5.67 37.48 36.40 129.84 16 40 5
19 83.11 15.69 46.55 299.93 12 15 5
20 55.75 98.92 27.36 237.70 6 19 3
21 81.12 8.12 49.29 52.56 8 23 2
22 34.36 57.91 12.98 392.83 12 38 5
23 88.83 27.99 27.83 137.21 14 25 4
24 37.31 23.09 30.65 58.49 16 43 3
25 17.58 73.57 18.33 400.57 15 44 1
26 80.33 47.93 42.70 89.36 8 25 5
27 89.89 8.46 36.98 338.74 4 7 2
28 90.70 70.41 19.98 329.57 20 46 1
29 48.56 56.05 34.21 318.13 13 18 1
30 67.02 80.13 47.35 420.30 0 43 3
31 34.05 25.76 26.51 464.44 4 18 2
32 31.52 44.83 5.75 180.92 16 30 5
33 95.47 46.88 4.69 121.91 9 46 1
34 32.80 1.90 5.21 379.42 22 29 5
35 70.07 90.62 30.15 163.94 2 9 3
36 59.51 47.73 21.01 110.25 7 46 5
37 30.04 45.13 4.74 245.15 22 47 3
38 18.31 30.27 25.87 158.46 12 38 1
39 66.23 25.30 18.54 114.46 24 35 2
40 50.04 52.15 5.36 183.47 22 35 2
41 62.29 68.02 28.17 119.15 0 43 5
42 19.32 16.33 21.38 467.80 6 19 1
43 12.65 75.46 45.83 485.30 3 41 5
44 35.96 93.72 9.67 291.12 24 36 5
45 57.03 69.52 6.72 266.82 21 26 1
46 2.02 78.31 0.27 351.87 0 16 4
47 48.92 50.27 38.57 183.18 1 40 5
48 88.08 74.23 36.85 246.35 19 31 4
49 40.65 42.35 2.69 76.70 7 44 2
50 32.51 97.67 12.99 384.71 3 37 3
51 3.46 28.84 26.13 267.53 0 2 2
52 24.52 87.73 2.64 417.11 21 42 4
53 50.76 9.49 27.09 466.89 6 10 2
54 32.48 57.77 24.48 134.03 9 13 5
55 48.66 7.80 28.32 389.66 22 42 4
56 28.20 84.81 21.19 258.34 5 36 5
57 80.29 93.92 33.87 242.75 13 28 3
58 29.72 15.11 27.04 419.70 14 17 5
59 6.80 8.69 35.75 289.98 20 46 4
60 3.39 85.71 24.84 454.38 11 16 1
61 4.50 10.09 4.20 248.61 24 43 3
62 4.28 19.02 19.92 125.62 15 45 3
63 23.70 80.46 6.05 464.51 5 39 2
64 10.49 65.44 38.00 187.26 6 27 2
65 74.11 65.55 42.29 465.76 6 42 3
66 62.02 51.51 32.53 152.12 1 48 3
67 65.04 80.60 8.11 294.91 8 18 3
68 36.29 63.87 1.70 414.17 24 36 4
69 61.73 51.53 11.37 180.09 23 48 4
70 79.23 84.07 45.97 318.94 18 37 3
71 18.32 44.83 26.85 221.57 1 22 4
72 46.98 57.46 43.25 298.84 3 30 4
73 87.03 46.99 25.68 221.29 2 39 5
74 37.52 27.90 28.72 93.61 20 40 5
75 27.89 40.70 12.74 50.22 19 29 4
76 70.07 83.45 29.62 220.52 21 29 2
77 28.55 53.33 21.79 194.80 3 21 1
78 49.41 66.69 44.59 85.32 18 37 3
79 26.81 36.56 45.32 453.77 22 30 3
80 99.48 53.74 40.79 315.15 6 37 4
81 24.60 15.80 12.45 329.80 9 28 4
82 0.66 99.65 48.83 335.61 9 44 2
83 89.45 63.66 6.76 130.16 22 41 2
84 0.65 8.66 3.40 384.45 19 21 1
85 80.68 47.78 24.15 110.01 13 23 3
86 26.68 40.78 16.20 346.79 20 23 4
87 49.66 46.45 27.55 191.15 8 39 2
88 38.50 8.22 33.54 465.01 22 25 4
89 95.08 57.89 13.64 426.04 1 36 1
90 0.19 33.32 32.69 286.85 0 27 4
91 14.23 20.83 27.28 286.28 6 17 2
92 60.26 22.56 35.30 208.15 14 45 5
93 99.75 32.84 40.47 315.15 14 29 1
94 43.62 26.71 33.19 214.71 14 44 1
95 38.37 84.78 1.44 346.93 23 43 4
96 58.14 6.18 6.44 161.25 3 3 2
97 55.50 97.98 16.95 445.71 17 32 5
98 99.32 58.55 40.12 427.80 19 35 2
99 31.07 85.29 15.53 344.53 4 32 1
100 36.48 67.80 27.44 197.28 14 45 4
101 85.63 53.36 29.27 320.77 12 30 3
102 84.52 84.79 6.24 156.43 7 36 5
103 50.25 57.31 40.82 60.43 10 25 5
104 38.33 33.52 10.85 367.14 3 38 5
105 11.78 79.35 15.63 155.98 9 29 1
106 97.78 19.85 2.60 272.75 1 38 2
107 80.73 73.26 30.64 244.57 1 11 3
108 7.05 24.12 46.15 302.32 21 44 1
109 62.93 4.71 18.01 124.66 10 19 4
110 67.57 96.84 42.55 356.56 7 21 3
111 28.07 83.79 38.67 497.31 10 22 3
112 12.72 37.73 1.75 264.52 9 10 4
113 66.01 10.52 21.12 212.10 20 37 1
114 78.00 3.46 17.41 264.70 1 30 5
115 12.75 26.43 16.89 161.55 18 38 3
116 83.73 22.65 19.82 313.20 23 38 4
117 73.59 36.47 42.51 281.62 12 30 3
118 10.14 26.07 11.71 387.17 16 43 5
119 3.55 37.88 29.24 498.02 3 11 2
120 48.85 84.51 5.66 363.38 18 22 4
121 35.04 13.35 5.72 234.80 11 23 3
122 86.97 44.49 17.68 348.45 6 19 4
123 18.16 81.90 20.71 287.89 8 25 5
124 94.31 42.39 30.22 489.41 12 42 3
125 37.13 50.64 28.31 108.51 8 39 1
126 19.89 12.84 8.91 458.30 1 46 4
127 91.35 94.05 38.87 204.94 14 28 1
128 80.16 1.43 35.67 237.90 13 20 3
129 4.56 59.30 38.88 62.97 22 46 4
130 41.63 49.11 44.51 82.97 11 29 3
131 50.60 82.26 45.32 327.17 0 14 5
132 47.06 50.78 25.16 174.18 22 48 3
133 92.09 98.18 11.67 128.04 15 31 4
134 28.76 21.66 33.18 470.34 16 27 1
135 36.34 81.32 34.77 463.58 2 36 3
136 88.25 86.99 47.45 263.02 17 34 3
137 79.38 12.68 3.94 89.78 12 33 2
138 46.38 65.35 13.80 255.73 5 14 4
139 53.87 56.14 45.60 287.12 4 34 2
140 96.99 29.56 1.11 393.38 4 19 3
141 14.16 62.46 38.45 282.79 2 15 3
142 50.79 38.68 25.97 196.57 18 39 2
143 93.82 74.74 48.83 323.54 12 18 5
144 61.12 83.54 35.01 365.11 15 30 3
145 65.23 36.85 2.17 481.86 17 38 3
146 66.77 6.33 47.26 74.62 1 47 4
147 40.84 51.91 39.05 451.82 17 34 1
148 74.82 85.79 0.46 190.85 1 6 3
149 62.46 72.69 44.22 80.40 1 32 1
150 12.06 68.79 2.32 247.59 17 38 1
151 77.31 24.85 17.86 55.33 19 44 1
152 89.30 16.96 18.86 104.58 4 12 4
153 72.74 86.84 3.88 373.18 23 23 1
154 86.11 22.28 39.67 95.30 8 13 1
155 17.42 5.76 5.55 364.59 2 48 5
156 15.33 72.87 47.52 439.69 10 23 3
157 75.86 67.35 19.97 222.52 4 14 5
158 71.46 77.85 22.00 132.83 11 41 3
159 63.97 15.15 42.15 170.62 5 17 3
160 71.26 68.01 32.64 479.50 20 34 1
161 7.93 57.86 23.93 304.41 22 39 5
162 92.17 80.59 31.37 305.89 10 17 5
163 51.45 50.49 1.65 159.59 13 29 4
164 18.34 7.53 28.26 425.19 4 42 3
165 0.00 79.33 4.25 361.08 0 39 3
166 90.88 80.50 39.85 340.09 13 19 4
167 49.68 28.60 32.78 423.80 23 23 2
168 91.72 28.13 15.54 148.59 14 20 1
169 21.15 11.06 9.55 377.44 18 44 5
170 79.73 33.97 37.48 343.36 1 5 5
171 29.75 96.95 23.54 371.42 0 16 3
172 23.38 78.77 29.62 395.80 6 33 5
173 67.58 13.30 43.93 252.91 24 46 3
174 31.32 34.24 28.29 249.11 15 42 1
175 69.73 66.79 14.78 494.92 14 40 4
176 4.67 76.54 35.30 218.74 16 16 5
177 42.13 52.43 20.53 332.80 11 37 4
178 38.17 43.47 2.86 391.64 14 24 5
179 5.61 84.60 30.62 377.90 8 24 2
180 23.70 60.77 21.31 183.42 7 33 4
181 81.73 62.39 18.55 478.12 7 21 3
182 58.08 63.41 47.32 277.90 16 34 3
183 44.61 94.92 4.22 440.47 9 40 2
184 57.56 35.44 33.12 301.73 3 42 1
185 92.53 48.89 9.04 469.35 18 20 2
186 46.77 68.86 5.60 419.56 2 16 5
187 68.93 59.91 22.64 183.40 21 47 4
188 30.74 93.15 9.05 392.10 1 1 3
189 28.47 28.65 43.78 343.07 5 12 4
190 47.10 77.81 34.54 54.68 14 34 5
191 29.26 9.51 42.58 92.83 23 40 4
192 60.71 18.42 23.92 237.42 5 45 3
193 11.79 82.99 29.67 73.67 6 7 5
194 37.17 35.96 12.12 178.15 3 40 3
195 69.80 40.71 21.49 385.43 20 23 2
196 33.07 47.59 35.95 213.10 5 45 3
197 55.91 6.36 10.84 333.84 8 19 4
198 23.40 18.39 8.28 303.31 7 32 2
199 80.00 54.83 42.59 270.90 6 18 2
200 16.66 83.96 36.69 468.60 12 38 3
201 13.14 12.90 3.09 382.04 14 26 2
202 85.47 66.78 24.25 77.77 9 30 3
203 79.74 60.93 42.83 498.60 22 48 5
204 80.64 43.56 7.36 472.51 18 43 3
205 96.95 2.63 37.78 303.31 5 11 4
206 73.68 85.08 3.17 491.59 6 47 5
207 92.61 12.45 37.96 474.22 12 14 3
208 4.73 38.25 19.19 486.64 4 4 5
209 87.08 88.23 33.59 143.81 1 14 3
210 60.34 56.29 3.77 144.24 2 24 2
211 86.19 38.26 13.52 496.76 13 47 5
212 85.38 15.75 10.64 154.07 11 38 3
213 51.02 14.15 38.97 65.83 5 35 1
214 23.77 22.11 34.51 67.85 22 25 5
215 73.51 47.89 40.70 391.83 10 38 1
216 78.16 38.36 15.03 373.89 18 33 3
217 82.10 9.70 45.44 173.95 18 48 5
218 80.35 26.57 16.22 54.15 23 47 3
219 11.67 18.80 21.88 348.42 5 47 5
220 99.15 27.08 15.38 447.12 4 14 1
221 69.62 65.12 44.13 452.61 10 38 5
222 16.79 26.00 21.98 276.02 16 30 5
223 65.45 31.68 40.25 98.01 21 34 2
224 42.46 50.86 42.96 238.55 12 19 3
225 30.72 46.47 16.10 204.57 21 48 2
226 92.64 14.11 28.21 391.88 15 48 1
227 25.39 12.11 12.00 67.39 7 7 4
228 72.67 14.39 16.00 484.35 14 22 1
229 53.81 19.63 32.54 397.59 12 20 1
230 4.92 13.68 0.23 428.79 0 25 5
231 14.59 65.46 44.19 220.25 21 34 4
232 34.13 89.71 24.74 278.20 18 18 3
233 4.10 25.94 41.14 460.73 3 24 5
234 1.90 40.48 0.86 166.02 11 21 3
235 16.72 17.22 14.42 243.63 3 15 4
236 12.55 50.57 27.98 76.57 14 42 4
237 52.04 66.45 27.86 374.03 12 37 2
238 82.96 13.70 4.05 117.57 4 19 4
239 87.52 22.01 5.05 202.13 19 25 3
240 42.31 26.85 1.07 417.65 8 25 5
241 84.71 89.48 40.50 417.86 0 41 3
242 63.31 61.36 31.80 368.36 7 35 1
243 75.35 54.95 44.69 397.12 5 24 3
244 27.45 76.95 48.91 309.96 6 34 4
245 59.83 42.12 35.21 435.09 22 43 2
246 44.11 95.38 8.63 64.43 2 46 4
247 73.49 38.67 32.41 140.90 5 24 1
248 71.15 96.68 1.17 315.91 22 45 3
249 99.55 55.14 40.34 62.02 1 29 4
250 41.00 31.77 28.75 174.29 15 45 4
251 3.84 13.39 44.05 499.26 0 25 1
252 40.58 82.25 24.25 465.80 23 27 1
253 76.57 80.91 39.38 190.09 1 22 3
254 11.88 21.13 19.15 329.96 8 27 2
255 81.27 38.40 15.01 81.65 14 32 5
256 34.73 48.19 11.14 69.30 10 10 4
257 11.41 65.85 41.25 174.86 19 39 1
258 60.23 48.54 18.61 451.34 12 25 3
259 29.92 71.60 13.31 494.00 13 37 3
260 19.88 7.97 33.70 466.75 18 47 3
261 45.02 94.03 10.08 51.29 24 38 4
262 6.56 23.12 34.77 493.50 12 31 1
263 97.81 69.28 39.75 348.09 12 19 5
264 23.18 56.76 40.64 142.92 13 23 2
265 17.27 65.98 44.06 185.14 12 41 1
266 48.51 47.24 34.70 114.76 17 47 4
267 65.25 73.46 26.78 357.57 4 42 4
268 94.57 84.15 11.29 408.29 6 14 1
269 88.33 19.63 28.96 465.90 6 44 2
270 97.81 78.78 47.50 397.06 22 25 1
271 67.78 96.30 49.25 106.81 18 26 5
272 36.45 22.79 4.70 207.42 5 7 5
273 62.19 28.18 35.93 353.52 18 19 1
274 96.55 60.13 44.36 354.35 20 44 1
275 86.75 85.82 0.39 323.11 14 22 4
276 87.26 3.57 25.77 309.14 15 22 2
277 82.76 50.22 17.32 382.66 22 42 5
278 73.85 65.58 44.82 425.89 24 24 5
279 29.71 94.49 22.64 459.89 21 26 3
280 22.15 52.53 20.70 103.51 17 19 1
281 38.97 99.48 28.30 330.93 21 31 2
282 82.60 79.48 40.93 149.39 1 47 2
283 62.08 10.12 44.04 100.52 18 20 1
284 46.44 97.92 33.41 72.33 8 15 4
285 7.73 20.42 18.89 170.00 10 26 5
286 66.11 74.36 16.99 459.13 11 32 4
287 15.06 41.50 31.81 75.33 14 27 3
288 18.65 90.95 7.60 235.03 11 43 1
289 74.27 94.47 34.61 399.07 6 39 5
290 6.47 30.99 5.79 227.96 24 29 1
291 31.29 21.20 16.99 289.64 15 30 3
292 13.74 58.16 32.03 105.33 24 46 3
293 75.06 62.60 6.00 332.95 24 29 2
294 78.19 16.55 46.11 243.84 23 32 5
295 84.46 45.62 10.61 117.00 14 18 3
296 6.38 58.49 22.58 312.24 3 14 2
297 38.76 96.60 36.30 483.91 12 18 4
298 27.04 95.26 36.94 66.79 24 41 2
299 39.91 43.55 45.94 290.32 23 42 4
300 40.59 48.30 16.40 481.77 10 31 3
301 72.43 47.27 5.47 446.18 9 13 5
302 87.84 27.19 28.78 314.16 19 20 4
303 38.46 5.68 30.17 382.79 23 29 3
304 83.08 8.56 35.06 437.27 14 33 1
305 25.74 80.12 28.37 306.52 24 26 2
306 56.93 37.23 16.81 314.30 20 44 2
307 82.42 45.19 33.52 229.31 21 33 3
308 80.38 3.40 6.15 164.68 8 16 3
309 81.50 23.29 14.04 397.04 19 32 3
310 55.52 60.97 30.91 226.47 3 33 2
311 13.42 81.67 1.93 395.85 5 19 3
312 83.95 55.70 15.85 105.79 1 32 4
313 6.36 59.52 26.02 353.69 5 42 4
314 96.94 96.40 41.55 457.41 0 38 3
315 68.27 77.19 23.13 462.24 17 31 4
316 20.57 77.30 46.88 351.48 1 38 5
317 93.63 80.25 43.62 460.13 9 26 3
318 8.24 84.56 42.23 343.14 17 42 5
319 63.21 54.61 38.34 69.15 3 5 5
320 29.02 64.86 48.31 482.58 22 42 5
321 0.34 43.00 44.12 447.93 16 28 1
322 36.25 62.12 15.38 210.38 1 15 5
323 49.17 96.52 41.22 324.36 11 33 5
324 47.79 34.51 12.36 302.95 21 28 5
325 11.79 94.76 23.67 187.93 20 40 5
326 47.49 59.63 49.19 79.27 13 34 3
327 32.11 23.35 27.98 122.82 22 39 2
328 24.26 79.59 15.56 54.25 6 7 3
329 7.31 71.28 3.61 450.69 9 21 1
330 91.23 67.06 30.18 163.72 4 7 2
331 12.07 54.69 44.30 154.17 2 37 3
332 23.31 25.32 37.62 217.16 18 28 3
333 37.55 29.92 24.85 490.17 10 46 5
334 89.80 55.15 22.66 390.12 21 35 5
335 18.70 1.14 42.16 292.74 1 17 5
336 31.99 75.50 32.73 325.18 13 15 3
337 51.21 30.04 7.35 178.02 18 25 5
338 89.54 65.94 20.39 373.96 22 39 5
339 78.97 75.34 36.87 281.17 8 13 1
340 85.25 84.25 23.93 450.57 23 43 5
341 95.59 61.12 31.65 431.49 6 22 1
342 29.87 46.05 4.59 465.92 1 22 4
343 10.29 20.06 43.79 168.13 19 20 2
344 85.29 9.72 24.45 215.86 3 32 2
345 15.42 18.96 16.31 267.61 12 44 1
346 77.58 70.23 40.42 82.03 10 46 2
347 57.30 69.28 18.68 406.64 24 34 2
348 53.08 91.41 12.13 406.23 8 36 2
349 31.50 3.08 47.24 258.71 24 29 3
350 11.49 36.24 18.49 208.93 19 28 1
351 48.95 73.94 37.13 336.01 18 42 3
352 31.89 6.71 7.56 378.76 12 34 1
353 8.10 28.15 17.91 86.11 19 36 2
354 83.53 36.51 2.60 404.07 5 40 3
355 60.27 76.79 41.56 329.52 9 42 2
356 12.96 27.57 19.88 412.11 13 48 4
357 67.75 60.08 37.35 310.62 5 20 1
358 43.50 5.17 8.35 476.71 10 43 1
359 86.38 68.82 44.45 115.12 16 24 3
360 87.66 41.19 20.67 96.55 15 18 2
361 94.33 36.23 41.82 383.69 8 28 1
362 11.59 97.71 2.70 232.22 2 7 4
363 69.73 15.11 3.54 282.11 18 33 4
364 87.90 88.23 18.97 371.05 18 46 3
365 56.95 22.38 4.68 68.56 0 32 3
366 56.05 78.65 30.87 470.83 8 45 3
367 3.39 1.87 1.77 273.92 24 40 1
368 73.15 41.30 48.44 214.65 8 44 2
369 68.16 32.58 47.10 99.66 3 8 2
370 57.75 98.61 25.58 226.28 24 31 1
371 12.15 81.99 3.76 86.18 14 28 1
372 54.66 18.85 42.16 382.27 14 30 4
373 98.84 1.28 12.38 211.07 14 21 2
374 30.83 10.39 24.50 410.67 16 20 5
375 82.96 44.53 1.73 267.81 22 34 1
376 70.16 80.06 12.30 279.12 21 36 3
377 17.04 22.01 10.78 81.73 2 15 4
378 58.60 83.03 10.13 432.98 22 29 2
379 42.85 7.71 6.09 336.90 20 28 2
380 81.44 72.06 22.43 396.50 14 26 3
381 7.76 3.42 19.22 304.12 7 27 1
382 6.31 18.16 25.18 396.19 5 38 2
383 75.91 67.01 5.40 236.64 18 25 4
384 14.68 7.62 31.63 287.55 18 24 4
385 74.40 98.89 30.81 250.61 22 32 3
386 15.72 3.20 14.62 69.72 0 47 3
387 62.20 69.94 23.94 269.99 5 19 4
388 41.46 46.35 23.32 259.43 2 25 5
389 31.72 53.24 29.07 333.30 9 28 1
390 59.82 67.01 41.02 313.13 20 20 5
391 1.74 10.47 43.97 103.97 7 40 2
392 1.04 57.95 4.40 384.11 20 30 2
393 89.40 90.02 25.09 127.10 9 37 5
394 43.95 39.68 14.46 55.72 16 33 2
395 51.30 36.76 46.30 313.78 20 41 1
396 33.08 75.55 31.50 118.10 7 38 2
397 15.12 93.53 37.11 400.99 6 30 5
398 83.83 72.22 0.26 105.05 20 42 1
399 46.07 53.43 0.04 320.70 3 45 1
400 62.22 82.35 33.64 293.57 13 32 4
1 142.38 4366.92 1
2 143.43 2896.44 2
3 134.16 4257.31 3
4 159.67 4502.38 4
5 153.20 3780.05 5
1 1.54 35.29 3
2 1.84 32.23 5
3 1.87 33.43 1
4 1.85 27.32 3
5 1.68 27.48 4
6 1.80 40.66 4
7 1.13 29.15 3
8 1.92 30.96 4
9 1.23 49.11 4
10 1.55 39.12 5
11 1.04 45.05 2
12 1.28 25.81 4
