Data for Vehicle routing problem with drones - Author: Huyen Do Thi Ngoc
Number of depots: 4
Number of cities: 300
Number of trucks: 6
Number of drones: 6
Area: 100 100 50
Customer maximum demand: 500
Max capacity of truck: 200
Max energy of truck: 5000
Max capacity of drone: 2
Max energy of drone: 50
1 45.54 33.39 9.32
2 97.01 53.46 39.30
3 47.64 9.99 41.41
4 60.63 39.81 44.05
1 81.69 99.30 23.36 85.16 17 48 2
2 85.34 40.73 37.98 223.74 1 15 1
3 4.10 45.54 20.71 217.25 5 40 2
4 35.33 89.09 2.20 54.11 12 19 1
5 87.54 2.05 47.90 462.42 7 39 3
6 8.82 80.38 29.21 485.37 1 40 1
7 18.66 97.10 4.66 150.96 4 28 3
8 77.60 31.85 15.13 100.27 17 35 1
9 99.29 12.70 41.15 318.71 18 23 2
10 45.94 70.53 45.22 292.00 20 29 1
11 92.18 15.48 6.55 146.44 13 24 2
12 3.13 86.26 12.63 91.33 6 41 4
13 43.16 90.33 23.13 181.37 18 43 3
14 89.58 66.97 11.03 163.65 19 39 1
15 34.83 88.63 7.35 149.03 20 48 3
16 26.18 27.94 4.17 406.22 8 31 4
17 18.47 13.88 42.80 269.06 21 22 4
18 29.61 75.76 40.61 208.04 9 34 3
19 96.02 19.58 24.69 350.39 19 29 3
20 69.11 75.66 29.93 264.79 12 40 2
21 61.62 65.34 7.81 236.20 7 17 4
22 24.42 82.97 20.83 158.56 21 47 1
23 81.03 90.87 24.31 258.81 3 30 2
24 62.66 40.49 17.14 98.63 12 19 2
25 67.67 58.11 28.09 408.38 10 25 2
26 28.31 98.76 24.81 359.16 15 27 4
27 71.05 52.99 0.20 310.71 10 45 4
28 21.08 26.98 25.53 233.01 7 41 1
29 14.14 91.90 43.55 147.40 6 12 2
30 52.97 88.63 43.44 190.32 10 43 3
31 81.24 92.56 6.53 386.50 0 16 4
32 54.06 90.93 24.98 325.71 0 29 3
33 59.91 79.12 19.83 381.43 12 40 4
34 34.50 72.59 34.14 229.87 4 5 1
35 23.47 78.37 11.42 193.95 0 30 1
36 64.94 58.39 46.26 483.40 5 6 1
37 23.68 52.89 38.23 218.45 11 26 1
38 82.80 95.46 27.93 95.76 19 29 1
39 25.25 93.13 13.63 465.86 3 7 4
40 10.41 50.44 10.76 237.34 16 26 3
41 8.40 38.42 21.72 367.61 6 20 3
42 53.16 13.21 34.95 363.81 20 31 4
43 18.26 37.67 47.35 185.41 21 35 3
44 32.57 39.17 25.15 216.59 22 45 4
45 76.02 10.55 4.01 199.91 9 35 2
46 59.24 86.44 2.36 338.84 5 25 4
47 49.50 57.31 18.94 334.46 11 46 1
48 87.92 91.84 35.68 447.36 4 48 4
49 34.45 12.98 28.38 138.81 1 41 4
50 47.65 58.56 5.50 459.73 20 35 1
51 56.28 49.57 34.33 273.82 13 15 3
52 76.11 38.68 48.49 283.48 21 26 4
53 68.49 80.93 22.50 174.18 22 36 1
54 30.06 31.69 30.48 77.00 9 17 4
55 27.63 96.96 41.55 495.58 4 9 2
56 41.92 1.53 37.84 135.70 10 40 3
57 11.63 56.37 26.71 98.85 2 12 4
58 14.73 75.04 45.22 292.08 21 32 4
59 22.19 58.01 33.94 439.03 20 31 1
60 92.37 59.14 15.94 484.59 8 32 2
61 72.87 45.41 40.72 136.92 14 31 3
62 24.22 16.13 23.20 144.40 24 38 1
63 40.73 99.12 35.08 318.97 11 33 4
64 77.19 40.85 35.13 464.94 10 17 2
65 68.61 85.75 2.86 373.66 20 26 3
66 28.09 41.32 0.43 336.36 1 3 2
67 63.89 27.19 0.55 237.92 5 24 1
68 52.37 19.08 35.96 167.69 13 27 1
69 89.00 12.72 22.74 418.55 17 20 4
70 73.84 19.41 30.04 492.89 4 5 3
71 66.03 74.60 13.02 218.60 15 31 3
72 36.91 5.60 25.67 216.83 2 45 3
73 71.81 46.48 35.52 269.29 24 44 4
74 38.01 49.16 33.50 97.01 15 32 4
75 44.97 38.88 12.17 236.59 20 26 2
76 66.95 84.07 13.16 205.97 15 44 1
77 41.16 73.39 41.04 399.25 20 47 2
78 87.04 98.27 22.74 466.14 17 32 1
79 67.23 84.60 37.60 438.39 24 33 1
80 56.23 44.76 29.75 479.62 19 19 4
81 84.78 31.94 43.44 150.42 3 48 2
82 77.56 84.54 3.10 85.67 20 34 4
83 86.74 69.72 0.88 276.76 17 43 1
84 54.01 5.69 9.14 303.76 15 22 1
85 32.69 30.71 22.48 473.85 10 28 4
86 98.91 62.19 39.30 256.63 13 48 2
87 57.63 2.58 2.50 289.62 5 46 3
88 23.09 88.68 9.14 370.24 21 39 1
89 20.09 2.31 12.01 81.81 8 13 3
90 41.45 18.81 10.07 391.05 22 31 2
91 63.42 12.34 45.22 484.89 2 19 3
92 4.28 32.10 24.06 199.43 1 29 1
93 62.90 51.61 45.58 331.94 17 39 4
94 45.57 9.02 41.10 336.73 19 25 3
95 64.27 63.49 4.02 187.08 11 39 4
96 73.41 94.74 9.01 248.98 13 26 2
97 58.78 81.11 19.69 136.29 15 19 2
98 19.69 61.27 33.33 95.56 19 33 2
99 55.64 90.25 1.60 355.20 11 16 1
100 88.12 69.22 43.63 267.61 4 30 1
101 33.23 23.52 18.41 438.12 2 38 3
102 7.86 21.69 26.83 97.51 8 41 4
103 93.83 43.91 15.84 206.07 18 18 2
104 55.30 63.55 44.39 384.78 24 43 4
105 22.82 85.31 45.92 227.11 15 46 1
106 54.35 11.75 9.22 250.49 19 48 2
107 15.66 39.96 12.01 72.04 15 30 3
108 10.39 37.03 26.24 404.89 21 40 4
109 9.21 22.60 3.22 51.67 0 45 3
110 29.82 17.61 5.91 83.15 12 30 1
111 18.23 99.78 2.05 66.03 15 35 3
112 39.29 70.91 10.00 123.40 13 42 1
113 21.57 27.70 12.10 138.69 17 44 4
114 76.71 79.44 7.82 163.40 15 42 2
115 12.34 77.11 10.73 171.86 18 33 2
116 72.87 52.49 41.95 481.27 19 44 3
117 63.41 26.71 47.58 269.91 19 26 1
118 69.09 20.63 26.78 188.85 18 43 1
119 25.25 22.77 11.18 71.74 2 8 2
120 53.97 50.57 28.95 195.44 19 24 4
121 92.93 87.98 40.96 314.87 18 20 2
122 85.93 24.99 40.45 383.12 11 45 4
123 34.74 56.29 36.74 350.73 10 48 2
124 95.30 30.56 13.60 159.36 23 44 1
125 28.88 54.11 19.03 109.61 3 40 1
126 88.24 6.81 33.07 168.80 9 37 1
127 40.85 58.42 18.19 375.70 0 38 3
128 23.69 83.50 32.96 265.96 2 24 1
129 92.85 63.10 16.44 175.32 13 31 4
130 5.06 76.25 5.50 270.46 15 31 1
131 66.77 48.51 5.58 178.20 4 43 1
132 82.17 21.70 0.28 73.80 5 41 2
133 81.54 77.53 20.34 488.30 13 35 1
134 0.01 29.71 7.50 79.02 0 37 1
135 24.80 82.16 26.53 382.80 12 46 3
136 4.28 25.45 39.29 118.05 11 43 2
137 79.29 40.40 43.09 433.67 12 26 2
138 27.60 69.53 2.44 497.00 6 36 3
139 30.40 1.96 26.17 266.39 3 44 1
140 82.48 63.84 47.09 436.17 14 41 1
141 47.39 18.39 27.60 84.91 2 48 1
142 9.87 47.32 39.13 406.01 21 37 2
143 39.66 82.69 2.46 228.92 23 44 2
144 68.50 55.56 9.70 268.94 7 43 3
145 77.02 88.12 46.00 151.70 19 19 3
146 53.55 52.08 44.90 53.02 12 19 3
147 38.82 8.79 33.51 329.44 8 23 1
148 98.08 35.05 29.51 172.97 15 44 4
149 26.91 49.79 5.49 476.25 3 28 1
150 57.92 60.03 34.23 278.79 4 34 2
151 94.25 30.19 43.50 95.77 1 17 2
152 78.54 61.81 21.04 452.86 24 47 1
153 31.63 90.53 41.22 268.97 7 46 4
154 57.01 16.59 22.12 380.07 23 41 1
155 44.89 8.85 33.09 82.43 1 17 1
156 1.28 94.32 19.12 382.32 20 25 3
157 63.32 35.61 31.16 130.30 11 17 1
158 11.33 87.22 25.45 316.84 14 14 3
159 10.36 20.31 28.86 371.32 3 26 3
160 16.17 98.99 35.24 499.52 1 39 2
161 60.86 85.77 47.50 203.66 12 37 1
162 80.71 47.23 39.00 302.08 12 18 4
163 39.13 78.94 32.76 350.59 13 23 1
164 0.55 11.40 18.49 87.53 4 32 4
165 66.42 80.00 8.41 437.56 16 19 1
166 0.83 77.59 28.94 90.38 0 16 3
167 5.69 51.62 0.06 209.77 18 30 4
168 8.19 78.61 26.09 480.65 0 35 1
169 14.77 9.12 31.76 80.58 3 32 2
170 14.75 28.50 45.82 438.86 24 30 1
171 9.15 58.61 26.39 175.40 2 40 4
172 58.04 67.87 4.65 447.96 16 23 3
173 73.28 67.65 27.51 109.88 2 48 3
174 68.72 22.48 32.23 332.89 23 40 1
175 75.33 71.95 44.11 358.25 4 25 4
176 66.43 11.02 38.00 218.47 6 27 2
177 68.07 28.59 7.20 406.05 17 37 1
178 89.95 7.84 12.25 60.57 1 16 1
179 64.18 86.17 49.34 467.48 20 22 2
180 79.72 25.23 22.25 238.55 9 44 2
181 56.29 27.47 21.66 132.75 1 34 1
182 59.29 48.07 27.78 111.54 20 35 4
183 3.75 87.26 7.07 271.52 10 23 4
184 18.73 64.57 3.56 306.58 23 24 3
185 79.53 43.07 19.31 329.04 11 30 1
186 52.46 58.61 45.05 56.92 15 45 3
187 24.71 95.53 33.68 101.74 24 42 2
188 78.63 51.47 42.76 164.84 4 44 2
189 60.46 26.91 35.54 214.79 2 40 1
190 23.61 74.01 48.24 253.78 4 8 4
191 21.92 5.95 2.00 490.04 13 41 3
192 20.42 41.84 40.20 483.83 9 18 2
193 84.12 50.54 44.78 128.00 10 41 3
194 21.73 71.98 13.63 484.51 3 36 4
195 19.26 94.30 22.85 264.87 19 36 2
196 81.26 32.98 34.99 449.08 3 4 3
197 65.20 12.49 21.56 360.91 16 44 2
198 92.45 60.31 42.75 455.31 23 23 4
199 19.67 34.77 8.60 109.04 16 33 1
200 80.61 62.51 25.25 84.07 0 39 1
201 37.55 50.14 19.96 215.80 3 25 1
202 48.97 82.09 7.31 467.21 23 33 1
203 82.51 13.62 11.25 319.13 16 29 3
204 64.77 61.57 34.45 263.05 17 33 4
205 99.64 87.50 18.30 457.96 7 45 4
206 32.04 42.68 22.43 491.51 16 35 4
207 60.67 72.34 32.14 176.37 20 28 3
208 7.24 39.33 9.41 246.63 13 48 4
209 63.80 98.57 30.27 285.25 9 41 4
210 63.83 32.68 39.48 332.60 21 25 4
211 85.40 53.93 42.01 102.72 9 20 3
212 83.06 2.77 6.05 206.83 15 34 1
213 66.37 86.20 48.80 354.42 13 41 4
214 11.13 23.54 28.23 297.68 24 35 2
215 28.20 88.95 11.54 493.33 22 45 3
216 50.58 3.77 3.73 315.76 17 44 4
217 5.00 69.36 10.42 85.10 12 38 1
218 32.49 43.41 27.05 123.11 23 39 1
219 49.91 18.34 30.32 260.86 11 34 3
220 8.35 53.94 36.30 486.74 6 38 2
221 13.16 51.64 33.68 282.57 22 37 1
222 39.19 1.39 49.80 57.65 19 48 2
223 70.95 46.26 22.94 92.00 22 30 3
224 29.47 95.32 35.29 335.91 24 38 1
225 32.44 72.14 33.62 453.44 12 23 4
226 30.90 3.13 46.83 350.86 0 5 2
227 63.75 7.78 17.59 288.05 19 31 4
228 28.93 45.41 1.02 382.06 19 26 4
229 16.20 28.46 45.11 121.05 9 48 3
230 9.05 32.72 35.14 283.17 17 22 2
231 39.65 41.41 15.33 388.97 6 47 3
232 72.45 72.46 30.44 50.54 2 16 4
233 28.95 40.99 27.84 160.43 16 39 2
234 57.39 33.73 42.08 368.65 2 4 1
235 21.13 52.14 22.41 438.61 20 37 3
236 85.06 78.35 12.95 239.09 10 31 1
237 73.28 4.04 41.27 170.75 23 29 3
238 49.55 32.19 42.92 190.78 7 11 1
239 43.09 43.62 40.60 431.62 18 24 4
240 28.54 71.91 25.44 348.42 5 48 1
241 30.81 18.19 26.33 293.31 17 48 1
242 29.20 75.75 17.38 166.18 8 36 1
243 44.45 85.66 41.94 439.64 11 22 2
244 97.05 83.88 1.55 288.93 12 20 2
245 37.55 23.87 30.96 407.16 0 43 2
246 94.57 95.31 45.51 281.72 1 11 3
247 29.12 68.50 4.60 153.82 20 48 1
248 2.74 25.35 10.62 355.82 21 42 3
249 8.68 21.15 43.71 485.64 8 12 4
250 94.40 78.43 22.43 312.82 24 28 2
251 80.56 82.92 33.73 482.03 11 31 3
252 15.75 33.04 12.96 202.68 9 11 4
253 24.13 23.58 39.65 332.53 2 39 4
254 50.73 83.32 15.19 153.54 14 32 2
255 67.62 88.80 43.40 411.92 5 17 1
256 56.41 35.89 46.51 195.38 20 20 3
257 91.42 11.72 14.61 296.66 9 38 1
258 18.14 44.19 22.86 240.84 13 26 3
259 55.51 39.39 11.78 336.84 3 46 3
260 94.75 99.26 34.06 456.87 20 37 3
261 4.69 44.40 49.87 208.02 1 7 1
262 7.87 1.21 39.14 375.93 23 48 3
263 29.71 12.10 23.74 499.60 17 40 1
264 93.64 88.17 31.99 343.68 14 32 4
265 39.58 60.93 4.13 406.52 23 33 3
266 1.21 71.68 30.35 63.88 6 34 4
267 66.78 10.56 17.53 54.27 18 46 2
268 87.00 82.17 34.25 236.16 1 12 3
269 54.30 6.47 28.08 468.45 17 32 3
270 70.10 9.95 15.74 83.17 12 44 2
271 57.86 87.42 39.38 173.34 4 26 2
272 40.03 19.70 35.81 410.82 19 25 4
273 19.75 31.04 28.64 391.88 22 48 4
274 43.97 53.76 47.82 160.54 15 47 4
275 33.61 7.97 46.56 204.75 13 32 2
276 12.77 84.08 32.67 379.15 7 27 3
277 17.87 7.93 29.70 283.25 7 35 2
278 53.33 2.93 1.51 83.97 13 32 3
279 93.17 92.53 38.44 378.39 21 32 3
280 28.19 90.29 49.10 334.62 6 10 3
281 55.35 90.77 33.81 180.71 6 46 1
282 88.04 42.01 4.23 153.41 15 17 2
283 47.68 85.48 6.30 221.10 3 34 1
284 84.38 13.37 48.99 425.60 7 31 4
285 54.99 4.73 0.73 232.37 24 25 3
286 40.30 54.22 8.01 375.91 3 47 2
287 99.80 93.26 43.53 311.57 23 30 1
288 60.09 32.14 20.10 356.66 23 44 1
289 47.82 50.63 4.02 188.49 12 14 4
290 70.86 37.01 19.24 338.52 4 39 4
291 66.85 77.49 40.57 87.39 18 27 2
292 7.14 33.31 42.22 305.76 16 46 3
293 55.83 11.83 2.49 437.25 21 21 4
294 79.53 42.99 34.77 210.50 21 39 1
295 97.87 10.26 2.45 245.07 11 13 3
296 28.77 84.58 25.93 239.85 5 42 4
297 77.37 55.99 25.70 384.80 3 45 1
298 48.17 54.99 9.76 343.52 16 35 1
299 39.19 36.21 45.69 356.61 23 44 4
300 8.66 48.09 36.80 342.75 10 29 2
1 121.98 2551.67 1
2 130.41 3248.01 2
3 144.76 4923.83 3
4 155.63 4986.03 4
5 180.04 3303.58 1
6 135.68 3251.76 4
1 1.61 36.08 6
2 1.10 27.22 4
3 1.47 32.12 1
4 2.00 31.57 3
5 1.75 35.42 4
6 1.63 27.36 1
