Data for Vehicle routing problem with drones - Author: Huyen Do Thi Ngoc
Number of depots: 3
Number of cities: 200
Number of trucks: 7
Number of drones: 17
Area: 100 100 50
Customer maximum demand: 500
Max capacity of truck: 200
Max energy of truck: 5000
Max capacity of drone: 2
Max energy of drone: 50
1 19.56 80.40 42.34
2 22.91 74.22 5.49
3 96.89 98.57 10.78
1 14.22 84.03 15.85 383.66 18 29 3
2 45.63 63.55 29.74 281.67 10 34 3
3 5.23 54.05 23.92 476.31 0 22 1
4 50.83 60.94 19.50 164.04 23 38 1
5 16.06 72.80 42.88 400.00 7 8 1
6 76.50 72.76 10.36 134.39 12 38 2
7 74.58 2.86 36.40 481.70 7 39 2
8 81.17 13.24 23.71 491.39 8 22 1
9 16.41 89.17 6.39 111.87 12 34 3
10 46.17 1.09 29.69 54.49 16 43 2
11 17.00 55.53 48.83 217.26 13 37 1
12 20.38 14.83 12.02 496.23 19 19 1
13 20.57 67.72 21.86 477.64 24 43 3
14 36.83 24.44 39.87 150.33 1 10 3
15 64.40 60.72 23.92 305.01 19 35 2
16 48.39 15.48 9.22 348.30 4 11 3
17 57.57 92.40 3.16 393.31 23 41 1
18 21.50 7.41 12.66 67.62 20 27 3
19 31.18 71.66 40.83 230.22 0 25 1
20 36.29 12.74 10.48 448.64 19 45 2
21 16.47 69.46 17.05 444.99 22 48 2
22 57.65 94.52 32.13 482.77 23 39 2
23 21.73 16.89 34.90 105.49 13 25 2
24 45.06 10.32 40.22 314.26 1 1 1
25 16.35 38.75 3.38 391.65 19 25 2
26 89.20 12.07 14.48 493.87 12 16 1
27 93.51 13.46 26.40 185.59 15 40 3
28 98.99 58.49 12.50 379.40 3 4 1
29 57.01 17.25 13.06 339.63 10 46 2
30 27.14 1.02 21.28 423.33 4 8 2
31 77.76 17.75 10.66 453.93 12 36 1
32 94.81 47.07 28.44 301.35 11 22 2
33 50.36 42.15 7.13 450.13 19 31 1
34 29.08 11.43 49.69 243.49 19 34 1
35 5.74 79.81 8.67 406.43 11 13 2
36 3.14 7.23 36.44 285.05 5 24 2
37 92.69 68.18 39.49 447.49 24 46 1
38 76.48 96.30 39.02 308.19 24 45 2
39 69.02 9.93 37.35 246.43 0 31 3
40 1.37 48.89 30.08 83.02 11 26 1
41 50.39 23.89 37.07 276.52 12 43 1
42 42.10 79.25 22.52 204.15 10 19 1
43 54.64 90.50 34.98 311.43 14 19 1
44 73.48 28.25 27.16 130.49 14 23 3
45 21.92 91.34 35.13 331.75 9 44 3
46 73.65 54.20 10.36 303.70 8 45 3
47 18.61 39.69 49.57 151.59 14 43 1
48 5.45 76.48 49.28 477.92 15 38 1
49 89.33 30.55 4.86 491.61 16 21 1
50 19.91 7.92 26.69 389.52 2 3 2
51 29.86 5.34 7.75 161.87 23 48 2
52 29.13 67.60 39.06 404.54 23 41 1
53 4.08 94.18 37.17 211.61 18 33 3
54 47.08 22.26 34.79 382.97 17 44 1
55 31.84 71.70 49.18 311.00 10 22 2
56 92.60 49.87 41.03 118.31 21 43 2
57 58.73 55.58 7.30 261.61 15 15 2
58 41.63 61.52 0.89 259.10 24 45 3
59 23.96 3.49 15.68 404.99 22 46 3
60 82.08 4.84 10.64 252.16 3 48 1
61 22.16 22.95 44.65 187.07 10 31 3
62 61.17 9.18 32.39 415.05 21 45 3
63 19.80 53.28 27.75 434.73 18 45 2
64 60.66 35.54 27.84 454.15 23 35 2
65 40.32 3.20 31.20 350.87 2 17 2
66 6.29 65.20 2.32 386.38 22 37 2
67 42.53 5.89 23.87 341.04 1 22 3
68 6.76 65.12 23.98 485.20 24 43 1
69 10.27 67.88 14.95 208.39 18 21 1
70 28.12 80.99 32.33 241.08 2 41 2
71 37.27 68.83 0.58 346.86 2 3 3
72 74.22 70.26 40.81 94.75 13 35 2
73 17.80 26.93 43.74 75.65 1 41 3
74 10.75 59.97 18.97 189.11 23 31 3
75 48.77 49.01 19.14 221.95 9 21 3
76 57.41 80.72 6.21 87.14 9 41 1
77 43.92 9.48 43.08 149.67 0 37 2
78 39.89 24.38 45.32 204.98 3 44 1
79 13.33 20.47 28.42 417.99 13 32 1
80 50.18 40.94 38.12 382.99 18 36 2
81 61.75 13.22 33.28 267.72 4 9 3
82 35.46 86.54 42.28 362.27 17 41 3
83 66.44 64.83 1.75 243.20 19 29 2
84 67.81 84.90 10.54 253.66 21 25 3
85 30.52 66.70 30.58 377.10 21 41 2
86 28.06 27.96 38.06 490.26 9 10 3
87 27.81 4.44 29.47 151.77 21 31 3
88 15.75 92.26 7.58 107.24 19 37 2
89 41.30 20.54 15.33 180.01 10 43 2
90 95.47 7.81 6.84 114.53 10 42 1
91 19.79 98.48 5.62 357.63 11 40 2
92 15.74 32.69 40.91 260.95 16 25 1
93 40.55 23.69 16.44 302.37 19 42 3
94 67.33 72.76 10.43 191.61 2 13 3
95 54.67 59.37 5.08 430.27 14 38 2
96 46.82 50.10 30.01 463.60 3 39 2
97 59.51 36.82 30.20 363.07 1 14 3
98 40.96 54.10 2.77 68.47 14 24 2
99 65.62 94.22 13.77 417.50 21 25 3
100 76.72 78.66 25.85 205.17 10 37 1
101 16.54 42.60 39.78 176.98 19 19 3
102 25.40 75.58 41.17 228.12 13 34 2
103 81.15 18.85 10.17 280.33 24 45 2
104 78.54 34.81 13.35 419.84 9 18 2
105 64.46 65.02 49.97 316.59 4 14 2
106 4.80 5.20 25.26 307.13 1 31 3
107 77.87 23.79 28.11 315.37 22 25 2
108 71.42 37.31 12.82 193.05 3 24 3
109 13.60 79.66 11.59 84.81 2 10 2
110 52.64 57.31 5.64 424.64 1 43 2
111 57.57 8.84 21.53 83.71 9 11 2
112 9.85 15.66 13.50 487.97 16 41 1
113 87.67 86.29 6.86 285.75 19 35 2
114 54.98 9.11 35.92 402.37 17 39 2
115 83.50 82.96 33.21 465.79 8 16 2
116 25.24 62.21 18.29 57.65 16 39 1
117 34.04 99.85 25.75 242.10 23 48 3
118 31.97 57.49 49.01 426.81 14 15 2
119 9.48 95.62 16.97 484.70 23 31 2
120 84.20 70.25 33.38 422.78 24 36 1
121 40.75 40.25 20.82 411.61 15 31 3
122 10.81 94.02 24.77 243.00 7 42 1
123 85.58 60.23 10.54 382.88 9 20 1
124 72.23 65.49 39.47 396.93 9 45 3
125 30.60 70.31 18.48 286.44 23 31 1
126 83.11 17.64 28.17 408.28 11 12 3
127 14.07 48.79 30.41 187.69 15 32 2
128 65.76 17.12 24.76 463.60 14 15 1
129 56.77 98.28 30.48 271.37 3 24 2
130 47.83 28.81 45.67 404.02 1 35 3
131 40.81 80.68 9.17 81.87 4 43 3
132 92.87 44.12 38.75 155.43 22 25 1
133 64.32 82.22 16.67 131.13 21 22 2
134 80.20 99.30 49.77 196.29 0 6 3
135 86.97 35.19 17.75 330.12 7 25 2
136 40.22 77.71 25.21 407.70 4 25 3
137 68.96 60.93 37.04 161.42 24 46 3
138 1.23 36.93 15.94 142.51 3 13 3
139 76.47 59.99 40.20 486.92 23 26 2
140 47.57 32.07 32.54 130.60 11 33 1
141 81.86 59.23 47.11 217.92 11 22 3
142 7.82 55.36 15.09 224.80 10 21 1
143 61.27 71.68 41.08 339.57 8 25 2
144 82.00 41.90 18.36 414.06 19 48 1
145 98.42 11.16 11.60 237.26 0 15 3
146 64.46 64.57 49.53 171.75 18 44 1
147 40.64 4.65 39.91 230.29 12 15 2
148 17.04 90.24 14.37 372.31 23 41 2
149 85.01 65.20 48.09 199.78 14 21 3
150 10.39 51.09 20.40 88.40 9 9 2
151 25.58 80.40 20.59 462.26 22 29 1
152 57.51 18.92 22.37 431.07 13 17 2
153 66.79 57.02 38.82 463.33 21 33 2
154 61.04 9.01 30.24 303.33 4 45 1
155 75.76 46.10 10.55 92.93 18 26 1
156 7.14 93.20 24.53 347.19 22 23 3
157 22.62 31.46 10.75 442.48 13 17 3
158 9.27 60.04 16.69 156.54 6 41 1
159 46.65 34.94 18.87 281.46 8 38 3
160 58.00 15.13 22.05 167.50 4 21 1
161 69.50 45.74 16.41 80.65 23 47 2
162 41.14 41.42 21.95 498.77 15 21 1
163 17.69 45.23 46.38 478.39 16 23 1
164 33.15 18.89 6.23 414.75 17 42 1
165 69.29 90.00 18.54 382.08 12 30 2
166 45.70 15.82 45.16 407.26 10 17 3
167 61.70 51.26 25.45 263.17 14 24 3
168 88.51 81.77 25.09 436.38 15 15 1
169 23.60 27.48 13.96 333.74 10 43 3
170 67.85 37.49 32.10 158.65 15 48 1
171 34.28 30.45 1.80 438.49 8 19 3
172 0.92 76.20 39.60 443.01 23 41 1
173 86.97 26.38 14.62 91.83 20 21 1
174 45.82 42.92 38.29 357.25 4 25 2
175 31.29 43.15 20.35 479.04 23 27 3
176 38.58 9.87 10.40 444.02 18 45 3
177 87.14 33.19 12.09 343.13 24 37 3
178 91.67 4.84 26.21 115.69 21 26 2
179 33.55 57.32 15.16 103.14 15 43 3
180 74.84 94.62 8.38 324.73 22 32 1
181 26.86 54.62 30.45 129.82 23 31 1
182 63.91 76.47 47.30 497.98 17 24 2
183 3.30 43.57 24.65 300.81 21 36 1
184 2.93 4.22 17.37 157.12 21 40 3
185 54.38 95.70 8.09 365.07 4 25 2
186 41.21 69.14 45.71 473.08 21 27 1
187 18.45 80.16 17.53 447.07 5 28 3
188 40.29 11.84 33.65 280.29 0 20 1
189 64.97 24.90 15.66 79.10 6 39 3
190 65.89 89.25 10.73 193.00 15 44 1
191 9.75 31.60 47.15 90.67 9 40 3
192 64.32 54.58 7.20 126.30 17 28 3
193 75.40 28.84 38.14 388.35 24 42 1
194 81.09 84.78 26.67 222.53 4 9 2
195 97.24 92.82 49.33 78.50 3 35 2
196 30.54 49.97 32.50 289.95 2 30 2
197 52.71 80.53 29.14 345.47 1 5 1
198 19.79 12.56 26.20 208.99 0 30 2
199 13.45 38.38 43.45 197.06 13 47 2
200 32.27 2.22 3.99 354.29 9 11 3
1 121.91 4959.04 1
2 152.93 2962.25 2
3 103.76 4689.37 3
4 182.14 4852.94 2
5 105.34 4625.13 2
6 183.81 4700.48 2
7 166.32 2559.05 2
1 1.06 37.66 5
2 1.42 32.96 4
3 1.73 49.27 4
4 1.29 30.63 7
5 1.17 25.49 5
6 1.10 30.45 1
7 1.39 45.78 6
8 1.04 45.00 7
9 1.24 43.85 1
10 1.29 39.86 5
11 1.77 44.86 1
12 1.22 48.17 7
13 1.80 42.82 5
14 1.34 38.20 6
15 1.36 40.29 3
16 1.79 49.85 3
17 1.52 44.88 5
