Data for Vehicle routing problem with drones - Author: Huyen Do Thi Ngoc
Number of depots: 5
Number of cities: 500
Number of trucks: 10
Number of drones: 16
Area: 100 100 50
Customer maximum demand: 500
Max capacity of truck: 200
Max energy of truck: 5000
Max capacity of drone: 2
Max energy of drone: 50
1 54.42 25.75 10.55
2 98.54 66.79 49.40
3 32.77 4.92 43.87
4 31.48 34.44 0.24
5 87.81 63.44 11.44
1 41.11 97.54 20.40 467.30 13 22 2
2 63.00 76.54 18.09 411.29 15 18 3
3 93.95 18.31 35.20 311.81 8 34 4
4 3.78 77.51 39.31 441.42 16 45 3
5 17.26 16.29 12.68 270.59 13 39 5
6 5.43 5.09 27.28 131.38 4 20 3
7 76.44 46.40 46.92 488.27 3 46 5
8 45.73 78.20 8.11 198.25 8 17 3
9 86.98 74.55 42.73 99.24 3 16 5
10 75.57 79.56 42.13 215.83 13 34 5
11 76.51 34.48 49.24 363.19 6 24 3
12 69.33 11.98 20.33 378.77 14 45 4
13 29.05 25.93 37.36 412.07 14 34 5
14 26.24 37.74 21.46 337.96 12 12 5
15 96.75 86.01 18.60 432.81 21 42 5
16 59.23 37.33 3.87 457.20 19 22 2
17 91.14 2.15 44.30 133.78 9 35 3
18 30.83 31.98 3.34 114.71 14 33 5
19 7.65 35.97 5.11 311.53 24 26 4
20 86.81 45.72 34.49 52.70 9 42 2
21 6.06 90.48 30.67 81.76 17 21 1
22 61.69 99.05 45.73 235.92 2 13 1
23 11.27 7.70 8.82 400.00 0 26 5
24 79.79 37.62 9.32 110.58 21 22 4
25 36.38 62.67 8.83 408.65 16 19 3
26 28.60 83.26 34.91 337.83 24 44 5
27 35.07 53.75 21.93 395.17 8 47 5
28 56.46 36.01 12.93 276.83 5 15 2
29 21.95 88.89 13.23 77.16 2 40 3
30 1.69 78.43 15.41 494.93 11 42 4
31 34.98 10.23 40.56 226.85 16 32 3
32 98.64 36.71 15.36 51.32 21 47 2
33 43.35 48.00 32.38 155.25 12 44 3
34 12.23 84.62 6.75 301.85 3 34 5
35 35.87 50.51 38.40 288.48 2 7 3
36 15.33 12.88 3.18 194.34 7 31 5
37 24.61 20.21 15.42 379.63 17 17 4
38 60.59 95.28 13.97 242.41 14 33 2
39 31.84 37.98 8.53 154.56 10 15 3
40 21.91 50.93 46.92 134.51 2 47 2
41 39.55 97.93 40.17 160.14 23 36 4
42 77.80 11.26 41.35 497.73 3 43 2
43 92.96 86.62 30.60 224.70 12 25 2
44 86.21 30.80 21.46 399.34 13 48 3
45 72.43 2.72 40.77 268.24 2 48 5
46 90.71 31.97 47.78 448.26 1 9 2
47 75.32 35.15 10.89 271.67 23 45 1
48 61.74 95.46 37.12 121.01 4 45 2
49 2.82 33.67 28.22 159.43 4 48 3
50 26.25 46.26 23.89 281.00 8 45 2
51 60.04 58.71 34.10 410.64 14 35 2
52 85.20 1.79 36.88 66.04 12 26 1
53 7.99 19.93 40.64 306.65 20 46 1
54 5.84 96.57 34.79 172.94 4 46 4
55 5.46 58.25 41.48 284.35 4 22 3
56 33.45 88.27 31.43 309.53 2 37 4
57 69.92 20.60 38.97 126.23 5 24 4
58 9.74 79.15 43.01 465.72 7 35 1
59 67.54 28.85 41.04 301.25 21 22 2
60 16.28 65.52 49.54 356.49 16 32 4
61 17.64 35.92 48.14 312.11 4 30 4
62 91.73 81.87 22.99 494.59 15 16 5
63 16.82 84.48 47.51 460.80 5 11 2
64 58.79 57.80 6.45 157.45 5 9 1
65 0.43 57.75 28.19 306.38 4 27 3
66 9.31 90.82 1.75 333.90 11 14 3
67 80.66 59.02 49.93 116.79 19 48 1
68 51.94 82.84 49.06 304.68 17 43 2
69 93.12 98.67 47.24 161.86 11 15 1
70 36.37 99.50 7.02 197.71 24 48 4
71 9.48 8.38 3.23 242.45 6 10 2
72 78.42 11.76 23.44 165.08 14 17 2
73 92.63 4.78 18.55 109.99 3 39 5
74 34.74 63.82 7.84 481.32 2 24 2
75 33.42 47.87 36.04 58.87 5 40 1
76 8.40 87.27 17.93 464.47 6 42 5
77 43.67 64.85 10.55 339.82 11 18 3
78 34.45 41.53 0.97 336.81 14 14 5
79 16.82 71.86 37.06 214.49 10 38 2
80 80.66 96.67 37.97 306.76 1 35 2
81 74.46 21.54 30.79 429.07 3 31 2
82 45.09 94.26 10.86 374.50 15 44 2
83 63.73 23.95 7.13 204.72 9 25 3
84 4.73 83.00 31.64 357.55 7 47 4
85 85.19 74.80 22.56 96.14 13 16 5
86 9.66 2.36 22.21 287.50 13 27 5
87 2.20 8.97 1.24 166.55 5 38 3
88 17.49 10.10 37.25 460.31 7 47 1
89 94.22 57.86 13.73 496.01 15 47 2
90 5.40 55.11 1.05 55.22 4 18 5
91 90.91 14.93 15.24 238.51 8 30 3
92 74.64 42.56 5.67 141.84 21 32 1
93 52.14 94.50 4.30 311.88 24 47 5
94 32.10 95.52 21.94 115.05 16 20 3
95 41.34 83.40 14.09 454.85 14 21 1
96 79.80 12.14 27.16 411.75 2 26 2
97 8.62 73.17 0.89 426.65 11 18 2
98 63.96 5.21 26.91 326.47 8 28 4
99 44.75 25.84 20.73 122.08 8 32 3
100 92.20 70.69 37.72 73.31 8 24 4
101 69.43 69.67 27.87 309.34 0 45 1
102 33.34 7.47 48.81 201.31 13 44 3
103 65.58 40.88 24.25 276.25 22 39 5
104 73.29 67.03 3.92 324.86 14 20 2
105 72.06 78.12 20.43 413.39 6 17 1
106 37.85 45.39 1.94 440.60 12 39 5
107 16.27 55.64 2.39 130.88 17 31 3
108 3.55 15.26 8.59 186.24 4 34 4
109 12.59 93.82 7.93 288.72 9 35 3
110 98.68 8.01 11.35 337.22 23 41 4
111 54.54 3.54 5.18 431.12 23 28 3
112 50.34 80.91 23.80 329.52 20 24 5
113 52.73 2.33 45.97 470.88 20 29 2
114 96.93 24.30 0.98 442.59 19 29 1
115 14.93 46.68 23.32 255.54 24 27 1
116 97.68 1.36 8.30 137.75 4 47 3
117 12.39 84.41 36.51 73.00 21 31 5
118 49.26 41.31 16.04 436.40 10 18 3
119 71.72 58.86 34.84 176.83 14 40 2
120 49.91 21.26 22.28 374.52 7 19 3
121 69.23 84.11 4.71 275.94 9 9 2
122 68.95 13.91 31.89 326.26 15 37 2
123 31.20 99.58 12.79 212.53 19 42 2
124 8.13 82.86 17.31 226.30 10 25 5
125 57.26 22.39 16.24 452.15 2 10 5
126 57.97 80.05 41.85 425.82 9 15 5
127 28.53 86.40 11.73 380.47 16 25 1
128 44.15 44.09 40.16 348.45 24 27 4
129 53.06 73.02 8.21 115.95 2 30 5
130 63.61 8.72 10.77 137.77 12 18 1
131 5.04 12.35 34.84 197.32 18 45 5
132 69.32 56.50 22.93 210.18 17 30 4
133 12.18 12.17 7.71 354.33 19 32 5
134 43.24 97.27 5.54 425.36 1 30 3
135 97.71 81.53 17.59 463.40 14 28 1
136 31.53 11.78 41.30 338.30 3 38 1
137 20.55 95.51 38.47 127.56 19 31 2
138 59.88 62.98 22.63 135.79 22 29 5
139 41.49 95.65 25.47 447.17 15 38 5
140 69.37 78.83 11.52 337.37 21 44 3
141 21.69 27.52 28.14 402.25 15 44 2
142 9.83 90.08 13.55 499.27 21 40 1
143 50.62 77.91 46.88 196.25 22 26 4
144 75.35 68.43 36.52 183.22 3 34 4
145 2.82 78.82 15.27 116.38 22 39 3
146 23.62 30.72 33.14 85.08 24 47 1
147 25.68 5.67 0.56 396.67 19 45 1
148 53.52 73.99 38.77 81.17 10 23 2
149 94.84 98.60 19.19 378.28 13 37 2
150 74.28 50.78 40.08 325.56 24 31 4
151 12.70 67.01 28.00 214.35 8 31 2
152 58.48 80.41 47.66 378.22 20 25 1
153 69.00 91.37 15.93 54.38 4 22 4
154 72.61 69.40 12.13 195.92 19 43 1
155 60.56 40.57 39.22 262.97 7 25 5
156 95.81 24.85 1.45 362.44 15 31 3
157 68.26 36.38 23.91 497.64 11 26 1
158 39.77 73.13 46.00 252.51 23 43 1
159 15.58 79.32 26.00 358.60 8 15 3
160 62.90 79.59 4.73 279.19 8 9 3
161 33.55 23.22 25.49 63.92 22 37 5
162 1.23 54.16 23.07 231.52 14 36 4
163 38.80 0.92 5.13 183.20 0 18 2
164 1.04 74.15 37.51 397.98 11 33 1
165 32.22 55.65 44.96 297.49 3 35 1
166 96.80 64.13 4.11 365.21 15 38 2
167 50.00 95.35 0.43 175.19 7 9 5
168 11.40 50.08 27.23 185.22 24 38 4
169 99.28 98.69 29.24 487.50 17 36 5
170 3.61 25.21 38.37 200.11 3 11 5
171 93.03 52.55 0.96 268.84 20 47 4
172 44.53 89.79 47.10 55.86 16 28 4
173 90.14 40.97 41.93 362.95 13 28 3
174 61.98 21.96 8.53 238.37 8 40 1
175 87.20 23.92 6.04 138.67 2 7 5
176 64.83 52.22 15.92 134.98 13 43 2
177 76.93 7.81 34.09 102.77 6 42 3
178 69.16 11.79 44.57 324.42 22 48 5
179 76.96 67.49 3.76 341.21 5 18 5
180 22.30 50.11 7.70 427.86 0 16 5
181 85.65 3.36 9.75 233.24 13 18 2
182 78.63 80.60 35.07 259.58 4 11 3
183 78.08 19.64 20.02 61.27 0 31 1
184 13.65 44.39 26.43 485.15 10 45 4
185 82.01 81.44 14.28 484.36 7 8 5
186 5.99 34.73 6.67 364.36 5 21 3
187 83.23 83.55 45.33 275.36 6 14 2
188 83.74 4.22 46.47 391.67 19 27 4
189 13.61 75.02 46.78 424.06 4 13 2
190 63.53 91.57 16.64 234.09 13 22 1
191 91.31 92.27 26.39 241.85 10 15 2
192 83.96 97.32 21.65 273.54 5 24 2
193 5.54 94.39 11.87 166.59 21 24 3
194 36.88 58.28 9.85 286.69 3 14 2
195 89.89 35.78 31.27 497.70 11 13 2
196 71.29 73.13 13.44 265.30 20 24 1
197 14.04 34.49 1.21 312.99 6 12 5
198 2.31 42.45 26.47 257.52 16 34 3
199 98.13 67.62 0.85 427.58 8 44 3
200 47.90 30.45 32.63 397.65 4 14 3
201 12.60 82.43 17.38 362.30 16 24 5
202 69.03 75.83 22.39 208.16 4 5 1
203 65.26 5.10 30.93 341.87 10 38 2
204 23.83 28.89 3.74 80.71 11 12 4
205 60.59 18.52 7.79 405.20 1 10 1
206 30.26 80.17 45.97 121.68 18 22 3
207 58.72 65.27 42.90 368.63 8 46 4
208 7.09 79.17 12.48 217.52 17 38 4
209 97.34 52.40 11.58 169.44 11 21 4
210 12.02 2.41 0.84 438.75 18 44 3
211 42.79 98.12 45.84 477.57 13 18 4
212 51.32 67.52 6.65 479.53 23 36 1
213 79.52 45.96 27.76 256.98 13 43 4
214 20.61 51.13 24.75 51.15 20 25 3
215 37.55 52.66 45.84 485.28 21 33 1
216 14.34 81.76 43.87 381.52 6 17 4
217 1.86 65.26 36.18 188.93 9 37 1
218 41.56 1.30 17.08 484.26 10 25 5
219 78.34 17.01 9.35 494.01 20 29 2
220 39.01 69.42 39.47 128.49 17 35 4
221 33.23 63.35 13.30 439.15 8 33 1
222 77.98 7.33 5.27 403.14 0 6 1
223 89.45 59.93 24.07 76.33 11 30 1
224 65.23 56.97 48.35 412.52 24 47 1
225 37.02 64.44 25.96 103.49 12 14 2
226 39.08 74.12 3.20 389.04 1 29 3
227 52.08 70.40 26.95 257.95 8 36 1
228 37.18 26.73 14.73 368.84 19 37 4
229 52.52 79.77 46.97 234.77 20 47 3
230 31.98 51.48 9.82 391.15 17 22 2
231 40.49 44.17 26.20 68.25 5 48 1
232 27.70 33.32 25.74 295.83 23 34 2
233 42.35 63.97 11.03 214.11 19 41 3
234 32.03 47.43 11.26 370.86 22 47 1
235 12.22 87.30 27.90 87.72 9 41 4
236 37.60 65.37 19.67 457.57 8 27 3
237 17.19 30.04 33.63 314.85 7 31 1
238 2.11 12.02 6.99 492.77 7 18 2
239 9.80 40.07 15.58 255.83 3 32 2
240 50.10 11.32 16.31 159.39 13 16 1
241 98.76 34.01 12.29 472.90 24 25 5
242 32.88 28.26 28.09 393.63 12 43 1
243 30.48 25.03 25.83 402.68 20 23 5
244 20.45 90.78 46.73 151.07 8 8 3
245 74.87 81.60 26.04 407.68 18 40 1
246 73.03 42.88 35.45 286.24 22 23 3
247 41.15 36.94 14.01 161.87 18 40 1
248 94.53 29.22 33.80 209.70 6 19 5
249 26.59 66.69 19.01 416.00 24 43 2
250 39.38 50.14 27.72 345.85 13 35 3
251 99.25 78.51 39.97 428.86 7 10 1
252 66.05 28.10 44.10 133.05 12 32 3
253 52.31 2.03 47.45 80.42 7 47 1
254 69.29 68.08 28.62 356.34 0 16 5
255 88.41 11.02 37.97 324.87 2 39 3
256 32.66 2.32 19.73 415.44 11 30 2
257 5.01 29.16 2.88 288.64 16 40 5
258 9.77 11.60 36.68 191.10 4 14 4
259 70.06 14.21 28.36 135.59 11 27 3
260 31.90 73.39 23.79 181.46 20 20 5
261 69.53 59.23 44.32 250.93 5 26 4
262 34.87 46.00 44.50 235.48 13 43 4
263 31.50 6.29 10.06 197.40 15 33 5
264 43.32 90.67 11.94 68.40 23 46 5
265 30.85 62.32 48.22 210.88 3 12 3
266 35.24 80.24 46.53 240.97 0 28 4
267 20.32 1.92 16.43 339.41 7 25 5
268 23.95 68.14 46.62 342.75 5 24 4
269 3.27 91.85 8.48 395.91 20 38 4
270 61.25 96.93 17.34 118.70 0 42 2
271 68.50 42.59 46.38 245.52 11 27 4
272 97.47 41.46 3.63 158.96 0 32 4
273 59.38 42.44 26.43 392.03 21 47 4
274 14.63 37.48 19.47 125.22 18 45 5
275 15.07 99.98 45.38 283.50 1 40 2
276 51.20 40.80 13.12 493.98 18 29 3
277 14.98 89.47 1.26 153.79 11 45 4
278 78.67 2.11 41.40 193.64 19 47 3
279 20.74 73.26 1.77 223.43 12 38 5
280 60.27 66.76 44.32 207.51 11 42 5
281 91.68 69.28 15.59 367.42 4 33 3
282 22.65 62.12 19.36 323.31 2 7 1
283 65.75 91.59 20.91 326.70 15 20 4
284 74.94 76.56 36.22 157.94 11 21 3
285 43.51 63.55 38.60 369.62 3 34 4
286 15.04 14.92 38.31 391.59 8 13 5
287 9.74 70.29 45.77 220.39 21 42 3
288 81.07 48.83 28.73 398.95 13 22 2
289 77.28 16.00 38.32 106.92 3 32 2
290 36.17 64.13 11.04 234.34 6 6 3
291 13.56 84.07 41.44 439.51 15 25 3
292 34.46 19.98 30.04 100.16 19 30 1
293 6.88 48.50 13.93 251.48 12 22 4
294 49.13 38.36 29.44 109.26 17 42 2
295 36.27 31.61 18.37 372.61 6 24 2
296 60.55 74.07 14.56 316.80 5 8 4
297 71.33 59.78 39.50 123.75 9 32 4
298 29.01 77.32 24.55 365.15 4 44 2
299 80.04 58.13 21.99 465.41 12 41 3
300 81.38 59.35 29.34 384.51 18 33 1
301 64.97 4.60 13.10 415.37 15 21 4
302 53.99 61.93 2.79 298.51 7 28 5
303 29.62 76.02 14.95 311.87 7 36 2
304 66.08 36.70 10.97 311.30 12 26 3
305 97.88 77.28 9.93 101.09 20 29 2
306 5.89 72.24 26.67 102.99 13 45 4
307 7.72 55.83 26.71 365.58 3 44 2
308 54.34 92.21 49.21 396.00 23 32 2
309 58.97 22.07 2.24 91.85 12 18 1
310 70.52 92.71 40.05 316.67 24 24 5
311 11.99 94.10 29.49 407.92 5 47 3
312 16.66 91.06 14.13 416.47 16 40 3
313 21.51 57.71 5.97 455.57 18 39 4
314 29.45 68.81 29.26 287.74 15 18 1
315 38.30 13.70 7.25 236.89 24 33 3
316 70.41 17.12 20.91 342.62 18 45 4
317 33.32 43.56 30.40 306.93 15 18 5
318 32.64 58.83 13.56 65.53 22 44 4
319 52.54 39.87 43.91 252.46 10 15 1
320 38.09 8.49 11.38 246.89 4 44 4
321 42.28 50.92 35.14 106.93 23 31 2
322 37.78 83.89 10.00 291.47 22 28 4
323 72.37 23.26 32.22 211.32 11 21 4
324 96.87 89.05 46.92 289.11 10 18 3
325 48.95 35.17 21.38 297.96 13 43 4
326 93.95 73.39 46.22 495.03 14 28 4
327 84.40 26.61 35.58 160.27 5 24 1
328 18.79 24.29 44.67 264.37 7 11 4
329 82.79 54.39 0.77 251.60 14 18 4
330 61.16 28.81 45.61 214.64 14 19 5
331 48.08 26.24 16.67 94.39 10 39 2
332 17.14 81.80 43.03 241.01 2 24 5
333 33.40 74.73 39.32 339.66 14 25 5
334 83.76 97.60 32.68 422.84 8 41 4
335 78.19 40.40 11.83 162.72 20 26 1
336 90.92 28.95 49.27 475.12 23 27 5
337 25.70 30.61 40.12 131.31 9 40 3
338 64.13 80.85 41.47 302.29 1 11 2
339 90.02 99.53 25.64 182.69 0 36 3
340 67.28 72.36 49.47 237.45 7 16 5
341 70.56 61.04 34.79 133.39 6 34 4
342 12.68 84.35 25.85 376.93 16 22 4
343 89.87 63.55 0.72 488.33 11 29 3
344 99.71 68.74 3.95 207.94 20 25 3
345 46.80 40.85 44.82 218.72 0 40 2
346 40.42 51.15 23.23 465.72 0 29 1
347 76.26 48.06 0.74 361.81 5 31 5
348 83.56 4.20 13.35 299.15 15 46 3
349 60.04 20.11 40.28 171.05 8 31 1
350 17.57 30.88 6.55 51.92 0 41 3
351 56.96 5.68 8.56 265.61 11 45 5
352 98.21 3.58 42.09 79.84 3 35 2
353 13.88 2.33 36.14 240.91 1 40 2
354 91.34 59.85 30.95 90.86 18 18 5
355 96.66 21.15 25.86 398.39 21 35 2
356 98.24 46.68 17.18 372.63 19 38 3
357 76.57 2.81 5.58 380.96 4 26 4
358 6.72 63.01 36.36 262.15 15 45 1
359 40.38 54.50 47.81 485.50 12 38 1
360 74.60 68.14 33.00 227.13 18 28 2
361 84.36 35.65 21.77 334.01 6 23 5
362 81.10 57.03 20.36 340.70 15 44 3
363 11.83 70.16 40.30 360.56 17 23 4
364 58.39 26.75 11.88 188.47 21 40 2
365 0.47 26.33 23.12 125.60 11 34 4
366 3.75 6.09 30.93 382.65 6 21 3
367 33.57 37.60 27.80 358.42 3 13 4
368 72.40 73.24 34.45 249.15 4 41 5
369 14.61 58.92 21.27 335.73 20 29 5
370 8.72 80.28 49.55 282.17 6 15 4
371 96.71 28.17 18.04 291.24 20 38 4
372 2.95 26.71 41.94 110.43 4 5 4
373 1.74 21.24 32.30 411.18 6 48 3
374 80.55 7.59 49.13 277.53 24 37 3
375 61.04 14.98 43.24 390.18 12 42 2
376 87.27 12.85 19.41 173.26 10 28 5
377 51.90 53.74 25.93 498.53 21 28 2
378 32.36 65.75 46.59 242.51 5 38 5
379 22.93 36.47 37.94 330.36 22 43 1
380 86.00 6.82 21.03 445.81 15 39 1
381 81.97 11.74 31.03 229.38 9 25 1
382 3.59 66.52 47.99 246.76 14 33 2
383 96.18 44.21 20.47 250.19 3 32 4
384 98.11 9.07 17.01 91.62 23 37 3
385 40.32 53.78 11.98 355.71 3 12 1
386 33.41 28.95 31.17 330.37 21 23 3
387 64.18 0.43 37.35 285.65 8 33 4
388 10.10 0.02 17.24 116.77 1 39 1
389 98.84 41.70 24.59 476.23 23 45 2
390 64.61 63.32 17.71 349.00 15 42 5
391 95.58 62.20 37.66 88.98 15 35 4
392 67.32 83.62 22.89 482.87 0 5 5
393 51.75 49.28 24.36 441.46 8 9 5
394 3.83 30.59 45.64 127.36 14 40 4
395 26.76 2.17 3.66 164.79 15 31 4
396 19.63 10.77 21.64 58.32 5 13 3
397 77.44 46.11 47.34 106.70 4 35 4
398 57.79 73.55 25.16 415.80 10 44 1
399 46.24 6.64 13.08 170.49 23 48 5
400 36.02 99.13 38.71 324.05 7 40 3
401 12.44 88.22 8.91 492.25 0 46 2
402 1.84 89.83 25.19 177.47 11 23 1
403 14.46 98.13 40.91 294.13 0 28 2
404 21.73 24.68 12.44 176.37 5 12 2
405 86.62 29.22 33.36 187.67 4 19 3
406 62.28 48.14 33.07 367.53 24 26 3
407 26.60 89.96 3.81 285.30 22 36 4
408 41.97 11.82 49.12 179.33 24 45 3
409 64.00 79.63 36.60 232.95 13 15 1
410 38.37 21.93 12.39 390.43 17 33 1
411 46.07 47.49 26.31 243.56 2 47 5
412 38.05 74.63 44.18 66.95 1 40 4
413 25.35 37.49 45.46 380.97 5 41 1
414 63.34 54.14 26.00 317.54 14 19 4
415 85.24 71.38 8.44 302.39 23 42 3
416 53.64 73.71 43.60 478.29 4 19 1
417 81.05 64.08 49.30 212.81 2 42 1
418 30.07 21.14 7.55 106.90 20 22 4
419 18.56 31.89 1.28 227.04 6 14 5
420 12.05 38.24 13.51 362.43 8 30 5
421 85.97 99.78 13.67 122.34 19 40 1
422 22.93 65.63 44.12 304.81 5 26 1
423 64.91 49.23 35.35 320.95 12 28 3
424 64.41 41.32 41.66 431.97 10 47 5
425 19.97 5.77 41.37 68.15 22 30 3
426 83.31 2.58 34.65 53.71 15 48 3
427 51.12 61.11 19.59 393.08 9 44 1
428 75.02 16.26 48.39 322.00 6 8 1
429 41.32 25.44 22.41 179.18 8 10 5
430 58.71 63.52 2.05 312.87 4 15 1
431 84.35 96.22 9.99 474.07 15 25 4
432 6.16 2.93 39.78 312.96 17 28 4
433 24.49 43.65 43.44 341.56 13 21 5
434 62.98 57.72 18.74 71.97 12 15 2
435 96.36 53.87 10.30 87.88 19 25 2
436 93.59 86.35 26.23 100.16 0 2 5
437 85.08 6.65 49.42 381.45 11 13 1
438 13.26 80.74 10.96 415.36 23 32 1
439 27.46 37.86 17.90 306.91 24 33 4
440 33.61 19.30 46.15 69.46 10 23 5
441 61.85 72.99 45.57 398.94 9 28 1
442 6.24 16.50 2.39 454.49 12 43 4
443 33.12 15.38 33.12 337.30 20 35 1
444 39.69 75.41 8.78 128.96 5 48 4
445 71.79 43.79 15.09 258.72 23 38 3
446 91.73 29.77 18.24 115.81 0 16 4
447 70.68 35.79 13.58 284.85 0 26 5
448 36.70 59.89 33.28 264.57 12 15 2
449 47.61 94.31 42.58 480.75 17 20 2
450 73.93 87.00 46.81 427.48 3 18 2
451 1.10 78.80 21.85 372.34 14 33 4
452 15.98 5.34 33.88 274.06 8 8 5
453 43.57 14.02 16.89 235.93 2 10 2
454 16.39 81.65 34.45 58.87 14 29 1
455 81.06 51.28 47.13 293.77 15 36 2
456 31.10 98.56 9.34 399.62 1 12 2
457 65.28 2.43 35.68 223.33 16 36 4
458 40.32 35.15 47.65 395.34 17 27 5
459 10.28 18.00 16.14 382.66 24 29 3
460 17.64 13.70 27.05 263.72 16 43 1
461 83.21 75.84 1.05 69.87 0 28 5
462 49.69 64.24 49.56 240.11 9 37 3
463 0.42 46.11 37.89 345.37 2 17 5
464 0.53 7.38 45.63 476.93 19 44 5
465 4.67 26.50 15.09 347.17 9 32 1
466 37.85 53.00 19.90 363.93 1 45 1
467 63.64 93.01 47.84 329.17 13 15 1
468 76.32 27.54 12.73 166.22 20 35 4
469 13.20 22.03 45.56 356.63 22 22 5
470 37.52 54.93 20.93 278.11 16 20 4
471 0.51 95.12 47.11 365.78 14 45 3
472 5.38 37.77 21.26 135.40 7 15 4
473 84.35 41.05 8.41 378.27 23 34 5
474 19.25 47.46 16.16 490.30 18 19 3
475 14.39 60.83 31.30 488.35 20 41 5
476 2.26 9.70 28.40 134.05 20 24 4
477 60.00 96.46 39.62 58.13 2 19 1
478 5.44 85.85 33.10 459.13 1 30 4
479 14.89 95.16 21.67 212.97 2 42 5
480 10.01 93.44 32.95 440.91 20 24 3
481 19.83 97.04 38.31 69.16 20 28 1
482 72.91 41.40 49.04 175.78 7 36 3
483 58.58 21.03 9.56 367.75 3 44 3
484 3.76 82.20 2.85 487.18 19 21 3
485 100.00 52.10 9.43 228.87 7 40 3
486 69.26 29.01 2.55 320.43 1 12 1
487 45.64 17.90 37.21 324.53 18 23 5
488 49.24 14.83 7.85 414.33 9 23 4
489 37.36 47.43 18.50 402.80 1 9 5
490 30.87 44.31 25.49 204.15 18 35 4
491 57.10 47.43 45.61 495.23 15 18 1
492 63.99 32.72 23.20 424.11 21 32 3
493 10.34 97.38 18.45 344.94 14 37 5
494 62.29 70.54 12.01 130.14 7 15 5
495 29.01 54.00 29.53 469.58 15 41 5
496 89.16 53.53 17.73 337.04 22 23 5
497 8.46 83.00 15.71 325.92 1 47 1
498 75.77 50.74 3.73 219.71 14 38 3
499 61.17 29.16 36.09 166.31 15 37 1
500 14.79 57.34 21.49 110.47 2 32 3
1 196.44 2983.73 1
2 100.20 3775.13 2
3 100.79 3956.49 3
4 195.81 2999.37 4
5 192.17 3762.36 5
6 111.36 4264.13 2
7 144.60 4971.71 1
8 156.42 2893.03 2
9 195.42 4417.15 3
10 192.37 4516.28 3
1 1.56 26.91 2
2 1.06 49.40 6
3 1.89 35.07 9
4 1.56 36.60 6
5 1.90 47.30 10
6 1.35 38.90 8
7 1.67 42.03 1
8 1.95 35.63 5
9 1.18 34.41 6
10 1.71 45.97 8
11 1.56 28.64 6
12 1.19 27.37 3
13 1.71 25.05 6
14 1.85 44.33 2
15 1.80 26.79 4
16 1.59 30.91 9
