Data for Vehicle routing problem with drones - Author: Huyen Do Thi Ngoc
Number of depots: 2
Number of cities: 100
Number of trucks: 4
Number of drones: 10
Area: 100 100 50
Customer maximum demand: 500
Max capacity of truck: 200
Max energy of truck: 5000
Max capacity of drone: 2
Max energy of drone: 50
1 91.53 30.13 2.24
2 99.60 66.98 7.69
1 97.14 72.50 15.59 278.44 24 43 1
2 38.80 68.50 43.98 313.27 23 34 1
3 28.63 23.07 1.95 467.30 4 6 1
4 74.38 34.39 17.22 63.10 9 34 1
5 21.15 50.09 12.49 127.57 1 29 1
6 47.29 20.44 14.92 122.14 20 41 1
7 33.72 33.85 39.94 245.12 11 41 2
8 77.93 85.95 15.94 462.65 4 22 1
9 15.01 87.07 20.69 131.79 11 24 1
10 23.62 42.64 14.18 413.56 19 39 2
11 57.01 10.73 48.58 285.34 5 27 1
12 28.39 80.24 10.88 166.29 0 42 2
13 57.02 42.72 25.25 357.40 12 35 2
14 68.43 75.79 36.05 397.70 5 23 2
15 64.91 3.81 10.23 352.41 9 18 2
16 97.44 13.64 36.26 309.50 6 34 2
17 32.72 70.57 12.97 293.55 1 21 2
18 3.95 3.15 34.55 290.11 16 43 1
19 52.01 50.51 47.48 419.98 11 23 1
20 40.47 21.88 44.65 157.35 10 30 2
21 75.24 20.99 11.36 491.66 9 48 2
22 33.12 68.82 41.83 223.34 22 32 2
23 29.34 15.54 46.49 265.43 5 27 1
24 25.37 41.80 26.32 458.76 22 33 2
25 58.33 23.54 32.17 182.24 4 12 2
26 78.81 33.21 8.10 81.79 8 15 1
27 4.34 47.16 40.61 127.01 19 40 2
28 2.40 69.08 27.32 164.31 23 26 2
29 37.48 51.89 33.94 331.52 14 22 2
30 10.75 67.36 31.06 382.27 20 39 2
31 37.21 75.92 48.03 291.74 20 48 1
32 66.79 93.87 27.73 380.62 10 32 2
33 41.55 83.42 14.03 494.01 3 42 2
34 69.31 63.05 29.32 165.32 23 23 1
35 73.94 5.53 28.73 53.16 24 43 2
36 40.92 3.90 42.46 91.24 4 25 1
37 96.10 48.10 42.67 125.79 2 40 2
38 71.57 93.21 43.48 284.27 21 36 1
39 88.26 77.95 48.92 231.43 4 42 1
40 43.21 78.20 18.55 95.70 14 48 2
41 61.45 17.16 30.51 410.69 0 28 1
42 21.95 48.56 3.83 403.74 15 27 2
43 82.95 44.02 18.90 209.90 7 33 2
44 77.41 89.37 16.21 52.63 22 47 2
45 50.27 21.37 25.16 217.77 23 33 1
46 46.32 87.88 3.27 312.06 20 29 1
47 81.99 98.67 15.27 123.97 0 46 2
48 26.53 96.50 47.03 182.05 7 48 1
49 51.18 40.63 40.93 321.49 17 35 1
50 14.66 22.73 3.22 432.48 21 30 1
51 28.66 35.50 34.28 458.13 15 20 2
52 0.70 41.11 40.28 276.20 24 37 1
53 80.79 42.63 1.44 386.59 3 24 2
54 38.31 44.26 22.27 304.37 16 43 1
55 67.24 21.85 47.80 206.35 0 22 2
56 64.79 31.83 23.47 392.35 22 44 1
57 2.94 21.11 6.25 303.24 9 46 1
58 74.61 54.66 47.45 163.30 23 33 2
59 43.12 82.19 6.49 66.77 1 23 1
60 61.37 33.90 5.31 232.47 24 40 2
61 92.39 76.35 18.73 103.45 17 40 2
62 99.60 44.38 4.16 119.94 13 16 1
63 74.73 8.77 11.44 392.80 17 34 2
64 55.11 98.46 34.41 99.26 12 43 2
65 71.03 27.18 8.51 84.08 10 20 2
66 43.68 72.60 31.24 373.06 0 36 1
67 81.26 81.06 8.52 497.38 6 20 2
68 52.83 74.28 31.93 470.45 10 21 1
69 42.21 61.26 24.64 130.92 15 21 1
70 99.97 18.78 24.47 408.74 8 40 1
71 68.46 6.42 13.97 234.30 9 35 2
72 86.81 90.85 17.25 226.38 5 31 1
73 61.43 51.82 1.33 50.64 8 34 1
74 3.89 31.72 24.24 486.62 15 37 1
75 56.56 62.51 12.83 207.40 2 32 2
76 25.07 49.23 18.53 186.06 16 28 2
77 45.44 81.80 49.67 397.15 13 17 2
78 72.97 25.28 4.60 187.44 7 45 1
79 86.27 1.16 23.02 162.90 17 22 1
80 52.76 56.30 2.22 134.62 15 29 1
81 1.54 81.25 4.32 265.67 12 48 2
82 33.66 83.16 0.73 423.70 18 39 2
83 76.93 74.15 33.18 235.88 12 14 2
84 62.77 81.67 12.57 243.71 9 16 1
85 98.22 78.40 16.74 425.83 24 35 1
86 69.94 44.85 49.73 277.39 5 30 1
87 28.72 97.19 19.46 105.79 21 38 1
88 88.00 15.59 6.38 114.15 1 8 2
89 48.70 19.49 16.55 336.95 1 10 1
90 32.00 98.22 37.79 408.33 20 48 1
91 57.28 48.53 1.05 100.24 19 28 1
92 27.36 93.71 16.62 272.72 15 37 1
93 21.74 70.63 7.56 317.36 8 25 2
94 1.82 26.34 1.97 425.19 6 36 2
95 31.63 64.53 26.87 160.26 11 33 2
96 20.31 94.57 25.73 473.17 13 47 1
97 25.19 43.93 0.16 266.03 0 46 1
98 95.13 84.93 21.09 88.64 6 29 2
99 67.41 1.87 13.68 223.74 7 40 2
100 26.16 75.27 32.33 295.31 9 23 2
1 100.33 4607.69 1
2 141.19 3507.44 2
3 104.17 2762.46 1
4 122.68 2909.17 2
1 1.91 27.49 2
2 1.53 34.89 1
3 1.99 44.61 2
4 1.87 38.24 1
5 1.30 44.71 3
6 2.00 39.45 2
7 1.74 45.97 1
8 1.01 28.70 1
9 1.50 40.77 1
10 1.29 43.22 3
