Data for Vehicle routing problem with drones - Author: Huyen Do Thi Ngoc
Number of depots: 2
Number of cities: 500
Number of trucks: 6
Number of drones: 7
Area: 100 100 50
Customer maximum demand: 500
Max capacity of truck: 200
Max energy of truck: 5000
Max capacity of drone: 2
Max energy of drone: 50
1 7.80 70.19 26.17
2 80.01 67.47 3.44
1 67.41 89.15 22.30 87.71 12 22 1
2 79.31 59.26 18.71 486.03 19 36 1
3 30.30 79.88 13.10 169.69 21 40 2
4 63.27 55.99 12.71 226.60 4 12 1
5 92.00 20.18 14.27 272.89 8 19 1
6 72.12 17.34 22.80 391.62 24 30 2
7 85.63 12.77 5.72 309.46 20 43 1
8 81.51 90.25 4.89 186.55 3 4 2
9 74.29 15.27 35.93 97.20 6 13 2
10 14.08 80.04 29.06 67.79 23 32 2
11 76.18 41.47 20.11 295.96 0 1 2
12 65.45 56.00 46.07 415.60 2 46 1
13 49.84 90.56 26.90 120.51 16 23 1
14 29.36 13.89 48.60 226.51 21 30 2
15 14.59 97.77 15.17 295.28 24 47 1
16 38.71 21.65 10.85 314.79 4 27 2
17 57.55 26.69 30.69 415.38 1 42 2
18 17.86 99.49 17.53 136.93 24 24 2
19 44.90 3.88 43.64 271.49 23 30 1
20 99.51 61.23 13.55 176.74 15 48 1
21 47.01 98.68 43.41 97.12 2 33 1
22 93.54 79.95 31.94 480.11 22 38 2
23 57.03 97.60 9.39 76.56 23 29 2
24 71.22 40.95 17.58 186.89 0 8 1
25 28.11 7.91 40.47 152.95 13 23 1
26 65.95 18.22 10.75 316.95 18 47 1
27 79.87 91.31 23.82 177.62 6 8 2
28 43.24 45.64 26.93 289.72 9 23 1
29 11.81 71.96 33.71 234.61 17 44 2
30 99.02 77.21 9.26 53.04 16 35 1
31 76.10 58.90 38.70 223.30 7 48 2
32 79.67 15.82 44.73 314.18 13 41 2
33 57.72 60.56 37.75 438.19 11 48 2
34 46.29 63.27 32.00 430.40 22 28 1
35 76.45 48.56 30.10 214.11 14 40 1
36 5.93 91.00 0.61 356.03 23 27 2
37 95.86 96.28 7.18 412.52 18 45 1
38 24.80 8.38 29.50 199.00 0 45 2
39 47.83 69.59 0.20 365.98 11 17 1
40 0.41 71.60 1.16 440.00 3 13 2
41 76.83 54.08 9.29 83.93 13 31 2
42 51.97 74.46 1.43 459.63 5 43 1
43 90.15 58.05 19.94 122.40 22 30 2
44 95.93 16.52 25.52 147.18 2 18 2
45 69.36 80.65 33.53 257.70 21 27 1
46 10.99 67.99 39.50 368.90 8 48 1
47 98.29 66.76 10.51 372.10 17 23 2
48 89.96 11.61 29.02 330.29 7 36 2
49 72.26 62.06 10.12 302.69 1 23 2
50 50.63 88.17 12.40 260.93 6 11 2
51 21.38 37.34 22.63 435.03 24 32 1
52 8.37 69.35 49.11 144.77 0 30 1
53 37.34 24.69 17.12 418.94 13 39 2
54 57.64 44.19 44.36 176.12 14 43 2
55 87.29 97.48 26.19 352.41 0 4 1
56 3.85 1.87 0.58 300.04 10 31 2
57 98.89 46.77 30.32 197.86 7 44 1
58 54.83 46.90 2.91 368.39 18 28 2
59 70.87 44.00 34.68 282.90 1 8 1
60 67.57 57.48 11.58 114.40 2 20 2
61 71.46 23.12 29.25 115.73 2 15 2
62 79.93 38.76 10.54 52.62 15 24 1
63 43.70 23.27 35.05 344.51 15 25 1
64 7.49 58.01 37.30 318.84 24 26 1
65 89.35 75.57 29.30 459.42 24 31 1
66 15.65 63.77 20.07 220.94 18 23 1
67 34.04 39.66 19.06 462.02 11 29 2
68 5.55 48.35 8.60 374.97 0 7 1
69 15.97 65.59 43.72 338.92 11 28 1
70 50.61 98.34 22.57 68.59 18 40 1
71 6.71 85.71 41.54 419.24 12 36 1
72 69.18 0.61 28.84 357.63 5 33 1
73 31.07 33.24 32.11 225.24 13 28 2
74 62.54 95.01 46.96 144.59 16 38 1
75 76.12 17.35 10.66 181.17 18 44 1
76 48.29 23.34 22.79 384.17 1 3 2
77 97.15 73.21 9.58 418.36 16 33 2
78 5.27 33.48 44.67 161.91 7 14 1
79 13.16 51.12 24.31 409.29 14 20 2
80 17.50 52.64 7.67 100.14 14 40 1
81 59.03 71.17 24.64 248.78 3 5 2
82 90.45 24.48 33.26 356.65 0 10 2
83 68.78 76.49 14.65 276.73 12 34 2
84 71.54 55.23 46.62 364.78 21 37 1
85 2.04 66.32 47.53 429.43 4 21 2
86 75.98 59.89 49.94 86.64 7 45 1
87 35.04 93.10 9.86 149.33 23 38 2
88 45.90 39.77 14.34 328.64 2 29 1
89 47.99 87.68 22.31 337.41 8 40 1
90 73.37 4.25 2.09 214.97 10 32 1
91 17.31 53.74 34.72 371.02 17 43 1
92 76.61 47.69 42.95 101.19 8 10 1
93 78.92 95.41 39.51 236.86 12 47 1
94 65.67 72.58 36.50 118.14 9 38 1
95 10.04 31.65 41.76 247.10 16 19 2
96 7.77 84.14 18.85 383.89 14 20 2
97 46.68 51.60 5.94 269.12 10 38 1
98 66.09 75.14 30.52 186.19 0 43 1
99 79.70 23.81 44.34 480.63 0 21 1
100 67.11 54.01 1.07 98.07 3 12 1
101 88.13 51.17 9.70 56.81 9 47 1
102 30.28 57.54 24.32 338.50 14 40 1
103 75.53 4.35 4.47 313.26 12 25 1
104 5.14 92.34 35.93 408.51 14 48 2
105 32.80 48.58 11.52 126.63 16 18 1
106 76.45 69.19 27.87 221.73 12 23 1
107 72.35 50.65 22.01 74.99 15 32 2
108 9.48 34.49 46.44 174.76 22 39 1
109 59.26 57.45 40.53 145.41 24 43 1
110 54.76 74.88 23.98 399.79 9 20 1
111 36.21 17.12 23.71 485.18 23 41 1
112 72.82 42.06 18.09 371.95 3 30 2
113 56.43 32.58 14.41 423.39 3 38 1
114 31.88 48.86 39.93 175.17 11 36 2
115 32.92 15.58 34.15 427.60 17 41 1
116 73.66 64.25 2.13 186.92 7 27 1
117 12.15 29.50 23.66 255.82 3 14 2
118 61.46 10.84 29.98 50.12 15 34 2
119 47.79 4.02 20.55 185.38 6 17 2
120 58.00 6.59 27.26 369.00 10 14 2
121 61.09 40.16 34.57 259.55 8 48 1
122 90.71 32.04 48.48 351.32 14 29 2
123 94.46 70.33 0.95 241.90 6 7 1
124 48.35 81.10 18.38 300.54 3 17 2
125 96.22 85.81 44.40 260.87 20 42 2
126 80.16 24.86 4.52 65.99 1 2 2
127 98.27 15.67 18.84 239.16 0 31 2
128 24.65 69.71 16.36 468.53 22 22 1
129 5.05 84.79 19.45 69.80 8 32 2
130 76.27 81.79 49.78 91.29 4 40 1
131 88.49 38.14 13.31 178.93 8 38 1
132 96.12 45.06 46.58 82.74 6 48 1
133 47.57 89.28 15.74 80.89 2 31 1
134 90.35 14.05 28.56 131.67 11 24 1
135 35.75 6.76 5.75 234.39 15 40 2
136 79.94 79.32 39.55 277.87 20 24 2
137 91.32 97.20 2.22 273.35 24 42 1
138 64.14 4.87 49.45 99.53 8 20 1
139 10.83 34.69 19.06 290.25 8 25 2
140 4.85 67.68 11.36 229.29 19 39 2
141 52.74 60.03 10.83 65.00 0 2 2
142 73.05 39.49 2.43 133.37 20 30 2
143 41.13 21.88 8.54 425.86 12 42 1
144 5.90 21.44 26.79 92.60 24 32 2
145 54.05 46.34 6.59 220.71 21 33 2
146 80.04 29.82 1.29 307.92 16 25 1
147 76.05 24.50 45.20 400.06 2 40 2
148 57.11 36.03 11.67 383.61 8 13 2
149 10.95 57.95 18.16 376.16 4 12 1
150 79.31 39.14 42.84 424.62 10 37 2
151 27.36 30.09 6.00 411.19 1 44 1
152 96.41 74.55 23.30 178.50 6 48 2
153 56.52 67.89 48.66 143.42 12 15 1
154 7.43 95.54 6.51 206.14 17 23 2
155 11.91 40.26 35.50 380.39 1 28 1
156 95.49 48.63 26.07 128.76 7 41 2
157 42.43 78.27 29.53 466.97 13 27 1
158 83.24 82.54 7.56 326.81 5 11 1
159 15.15 5.37 17.92 294.51 6 15 2
160 38.32 22.61 38.38 111.22 21 44 2
161 45.50 98.39 9.73 127.61 17 41 1
162 65.92 91.02 10.99 124.01 1 41 2
163 88.78 49.28 40.65 350.22 11 31 2
164 21.69 54.90 36.16 106.40 2 20 1
165 71.36 39.24 21.07 72.99 9 23 1
166 65.27 8.40 41.61 297.55 21 29 2
167 40.59 69.24 7.91 403.70 12 22 2
168 12.97 95.95 46.33 290.12 22 26 2
169 98.11 17.13 19.96 497.47 14 18 1
170 74.04 61.81 9.46 299.53 17 32 2
171 71.60 62.46 22.01 286.03 2 27 2
172 4.36 77.26 35.28 488.17 4 46 2
173 67.61 8.28 35.82 450.08 22 38 2
174 72.32 95.18 39.88 379.82 3 24 2
175 83.10 98.66 22.25 394.66 8 39 1
176 41.88 96.51 45.63 255.23 4 48 2
177 87.58 68.21 41.35 407.55 16 36 2
178 39.99 58.01 18.06 158.44 13 26 2
179 12.23 79.25 36.51 76.23 24 41 1
180 85.01 80.49 33.35 255.11 11 34 1
181 92.05 99.87 39.58 422.53 13 44 1
182 50.76 67.17 7.40 185.20 9 32 1
183 43.16 48.07 40.85 120.84 5 37 1
184 36.98 56.17 48.85 438.58 5 23 2
185 6.09 57.85 46.96 349.27 0 26 2
186 19.86 60.13 40.29 463.65 8 42 1
187 5.58 79.72 4.95 478.71 9 47 2
188 37.42 30.87 2.74 122.94 0 12 2
189 99.69 90.86 28.90 369.06 19 31 2
190 7.37 69.20 37.58 141.92 6 15 1
191 75.46 5.14 6.83 144.07 0 35 2
192 70.99 16.78 23.48 444.38 23 46 1
193 39.79 32.95 43.79 152.14 24 30 1
194 64.17 26.81 42.93 246.30 17 34 2
195 2.47 6.14 45.31 338.15 10 14 2
196 31.75 64.93 24.03 322.38 15 22 2
197 54.16 58.71 23.10 84.04 18 41 1
198 70.64 11.79 47.92 499.18 11 34 2
199 41.41 10.94 5.72 408.74 23 32 1
200 89.27 41.53 0.96 399.08 22 25 2
201 4.04 68.32 23.08 490.67 9 44 2
202 85.16 95.70 39.63 405.01 21 31 1
203 75.11 99.76 6.29 291.72 11 25 2
204 13.86 55.72 9.93 125.53 14 32 2
205 43.18 96.43 42.57 55.67 18 31 2
206 34.50 63.76 43.09 415.88 10 45 2
207 10.69 22.37 42.80 79.50 21 37 2
208 61.40 67.60 30.60 219.80 22 36 2
209 8.77 51.01 40.32 317.81 8 42 2
210 20.21 8.52 23.95 274.82 10 13 2
211 41.65 94.33 14.97 296.53 16 22 2
212 20.10 16.32 7.04 184.09 8 45 1
213 95.84 91.85 25.39 165.18 24 26 2
214 86.45 50.34 22.75 276.23 8 35 2
215 49.28 56.47 7.08 232.52 12 46 2
216 96.11 17.66 47.23 289.54 16 32 1
217 23.80 9.70 46.23 356.61 0 3 2
218 38.33 50.34 29.78 449.39 11 29 1
219 60.50 43.18 45.43 491.98 7 8 1
220 46.72 2.70 4.72 336.72 16 47 2
221 38.17 25.96 20.54 453.26 18 46 2
222 31.69 33.67 48.87 200.12 12 31 2
223 95.41 45.79 32.82 97.27 21 47 2
224 19.18 0.28 29.79 193.65 4 35 2
225 80.77 63.50 45.32 162.65 6 19 1
226 23.06 3.99 36.28 387.97 8 20 2
227 83.00 53.59 34.13 382.46 6 7 2
228 11.89 33.03 9.05 374.73 10 29 2
229 13.54 99.13 45.85 58.96 23 29 1
230 81.17 40.32 28.87 221.08 23 40 1
231 93.73 88.42 6.81 173.69 7 28 1
232 70.18 3.43 7.96 268.33 16 43 2
233 83.81 1.86 36.23 471.12 12 39 2
234 98.73 84.63 48.95 318.10 2 33 1
235 53.47 75.81 10.20 305.03 3 4 1
236 23.89 43.16 24.48 378.81 21 26 2
237 93.21 90.64 5.74 93.38 2 31 1
238 9.24 85.89 10.87 447.24 14 40 1
239 6.81 89.24 38.60 247.90 21 39 1
240 16.46 67.86 49.11 424.01 17 21 2
241 40.28 84.61 26.87 152.92 12 46 2
242 48.01 54.85 19.58 201.35 22 27 1
243 3.74 41.11 19.71 226.00 20 20 2
244 19.29 55.79 16.82 338.40 18 42 2
245 3.41 17.84 24.25 73.93 5 7 2
246 68.40 49.38 13.00 466.13 0 45 1
247 40.31 76.89 49.83 307.75 22 43 1
248 26.26 55.54 5.86 414.54 1 23 2
249 67.78 21.20 49.74 238.55 4 47 2
250 37.38 22.58 9.07 436.22 13 42 2
251 0.96 20.84 14.91 179.03 17 31 1
252 72.53 85.12 2.32 473.14 10 16 1
253 48.37 53.43 15.91 63.76 8 35 1
254 36.99 48.56 31.98 70.05 12 44 2
255 15.96 66.50 45.55 475.85 18 24 1
256 99.87 57.23 5.99 400.27 4 38 2
257 90.00 77.02 32.70 141.83 4 48 1
258 48.42 75.11 6.04 114.59 16 34 1
259 82.58 91.72 18.48 482.53 6 33 1
260 78.16 81.56 33.57 496.30 9 29 1
261 69.78 89.70 34.36 320.16 13 16 1
262 82.47 70.99 13.73 204.33 9 43 2
263 32.39 30.83 14.58 106.68 6 45 2
264 50.51 57.22 18.70 214.26 14 28 1
265 58.80 21.68 14.88 307.08 10 12 2
266 91.39 68.99 40.23 99.20 20 46 1
267 80.79 29.80 19.57 203.37 24 43 2
268 63.97 48.31 29.26 100.59 9 12 2
269 24.72 6.93 28.43 148.67 9 48 2
270 40.32 19.13 36.01 378.67 3 16 2
271 47.67 79.67 8.12 424.87 24 27 1
272 43.58 64.11 9.40 276.31 0 21 1
273 21.51 51.71 44.64 90.08 7 13 1
274 27.56 22.96 38.76 429.42 5 23 2
275 24.75 4.08 43.07 139.04 6 14 2
276 43.01 53.48 6.73 296.84 13 22 2
277 51.70 84.15 39.06 260.54 18 43 1
278 62.89 9.42 46.68 302.48 11 21 1
279 21.45 94.19 10.07 141.51 13 43 2
280 60.52 7.26 13.74 391.55 14 27 1
281 32.37 71.26 15.03 491.90 9 45 1
282 14.18 94.66 27.66 70.73 15 20 2
283 81.91 8.83 11.70 121.57 5 22 2
284 34.54 23.61 45.54 385.96 19 28 1
285 63.61 43.23 24.17 124.39 17 22 1
286 90.72 37.59 31.09 277.22 13 40 1
287 89.43 21.93 24.16 216.11 14 18 1
288 45.89 93.32 47.34 84.87 3 31 2
289 80.98 87.46 7.54 146.17 6 16 2
290 87.10 78.56 2.74 132.47 0 43 2
291 57.24 74.61 36.08 346.42 24 44 1
292 44.49 21.55 2.39 486.09 18 35 2
293 44.77 72.08 32.35 486.13 10 38 2
294 3.58 26.22 13.07 249.82 15 25 1
295 42.66 81.63 36.93 474.76 2 4 2
296 95.00 35.65 31.82 189.58 2 39 2
297 14.42 70.01 9.67 323.18 3 17 1
298 8.66 30.32 38.25 186.16 10 17 1
299 41.65 23.28 34.92 272.98 19 28 2
300 57.21 85.99 26.89 288.94 3 35 2
301 25.64 83.02 32.75 282.85 7 47 2
302 2.54 8.48 0.35 397.96 5 7 1
303 54.69 28.31 10.80 89.14 4 4 2
304 52.06 54.47 48.66 237.44 8 27 2
305 71.76 52.85 29.31 293.74 14 45 1
306 99.05 34.29 43.58 471.36 4 37 1
307 87.34 84.16 43.91 280.59 16 44 2
308 34.22 39.78 37.01 202.62 20 47 2
309 45.95 61.69 47.43 141.61 20 27 1
310 59.44 9.75 46.58 341.57 7 38 2
311 55.87 41.33 30.03 349.56 22 44 1
312 72.53 47.02 30.28 220.65 8 38 1
313 64.91 39.61 35.96 173.32 1 23 2
314 0.00 23.52 36.91 498.89 7 33 1
315 33.95 76.23 36.99 236.84 7 32 2
316 47.52 7.16 30.28 390.52 4 17 1
317 80.18 20.84 43.00 371.06 1 7 2
318 62.80 12.09 30.49 83.44 2 11 1
319 71.37 26.94 1.97 82.67 0 36 1
320 22.68 76.82 38.57 410.61 21 39 2
321 10.55 57.76 20.06 132.18 13 28 1
322 61.65 50.45 13.01 425.14 0 15 1
323 40.16 29.86 21.82 412.60 0 4 2
324 77.64 96.04 9.43 392.42 22 37 2
325 61.46 94.95 43.10 246.49 0 32 2
326 94.82 62.99 25.37 242.38 5 24 2
327 40.48 41.05 19.82 356.74 13 25 1
328 58.68 97.04 45.80 368.83 2 15 2
329 51.86 36.38 43.50 294.81 16 21 1
330 19.48 68.94 38.04 306.35 16 17 2
331 64.01 25.99 16.68 161.90 17 18 1
332 27.93 57.16 28.32 124.09 7 37 2
333 15.16 66.14 25.90 77.29 11 17 2
334 70.79 0.25 11.74 190.87 12 36 1
335 66.01 17.28 18.22 224.10 14 33 2
336 97.57 90.21 40.34 199.55 3 35 2
337 61.26 48.66 38.44 428.74 15 35 2
338 94.84 54.57 18.21 195.54 17 26 2
339 98.85 57.32 11.65 453.76 21 28 2
340 69.00 0.52 32.18 63.07 14 35 2
341 27.76 33.88 35.19 358.11 24 48 1
342 1.34 75.47 44.62 241.97 11 35 2
343 13.41 46.48 29.26 55.97 17 21 2
344 45.55 58.68 10.62 124.13 17 40 1
345 13.69 3.02 26.81 119.47 15 38 1
346 5.78 12.60 20.99 174.42 24 45 1
347 22.31 27.76 11.91 309.77 15 16 1
348 23.97 29.82 7.42 245.27 7 33 2
349 62.25 92.77 25.86 393.38 16 22 2
350 3.71 70.75 37.23 95.79 8 48 2
351 3.00 72.37 33.62 132.18 17 45 2
352 22.31 3.35 16.46 113.14 10 16 1
353 90.14 18.77 31.19 465.73 15 23 1
354 60.16 84.50 5.28 483.63 5 43 2
355 34.60 91.01 26.42 370.87 12 16 2
356 78.77 6.99 15.55 234.04 24 33 1
357 9.63 31.36 42.85 404.14 23 37 1
358 89.36 63.84 23.92 383.94 19 34 1
359 23.54 74.03 13.60 248.15 1 29 2
360 77.25 61.24 47.43 191.14 24 34 1
361 86.74 66.34 18.28 357.48 6 42 2
362 64.15 4.66 41.69 216.31 20 25 2
363 35.52 85.67 1.35 411.49 12 17 2
364 55.01 11.58 40.32 353.03 18 20 1
365 3.48 60.45 8.72 62.37 19 38 2
366 78.09 10.41 11.47 247.86 2 44 2
367 1.15 17.57 6.58 282.34 0 31 2
368 88.06 77.07 27.46 243.36 12 35 1
369 48.41 59.23 39.99 197.93 15 38 2
370 24.59 62.54 29.15 242.01 8 26 1
371 5.69 40.28 26.43 413.52 14 40 2
372 21.49 93.02 48.09 161.41 23 37 1
373 51.02 51.68 42.94 109.33 22 27 1
374 76.70 5.50 5.91 381.90 4 42 2
375 22.96 72.80 27.51 285.24 24 44 2
376 94.65 48.11 39.69 294.08 9 42 2
377 19.09 46.91 12.92 390.07 24 28 2
378 71.99 68.19 46.16 445.63 23 41 2
379 69.55 44.38 6.61 306.98 16 33 2
380 97.94 50.41 32.76 481.00 19 42 1
381 59.60 49.59 1.68 126.78 20 38 1
382 59.02 24.93 37.31 402.88 3 18 2
383 75.17 80.56 33.43 201.21 13 19 2
384 3.89 75.73 4.73 442.52 14 37 1
385 94.20 18.66 25.83 221.55 17 33 1
386 70.38 47.41 0.88 224.27 18 27 2
387 16.71 97.69 16.65 220.63 17 48 2
388 5.81 10.67 14.70 286.16 5 11 2
389 71.27 90.09 46.61 354.12 0 3 1
390 10.73 15.18 26.22 136.95 2 45 1
391 5.39 45.00 18.39 122.39 1 48 1
392 32.08 10.78 36.18 334.26 17 38 1
393 47.18 76.59 18.85 274.70 16 43 2
394 31.66 73.48 1.34 156.57 5 6 2
395 14.68 30.77 18.29 337.02 7 33 1
396 69.64 58.07 38.10 380.30 20 35 2
397 43.17 14.28 21.68 92.71 21 21 1
398 89.33 94.49 16.05 122.44 19 47 2
399 9.88 13.31 40.58 358.18 22 28 2
400 37.29 24.06 0.89 323.34 9 23 2
401 87.15 74.00 9.42 79.10 18 29 1
402 82.24 96.85 25.71 359.89 5 39 2
403 63.89 85.39 2.23 226.94 0 24 1
404 24.99 89.57 29.91 269.04 13 21 1
405 39.76 24.21 5.05 259.82 13 33 1
406 82.60 7.09 9.67 101.42 13 19 1
407 98.83 90.36 26.44 187.50 1 32 2
408 1.72 69.36 12.58 468.93 11 16 2
409 60.70 92.71 20.06 87.58 0 19 2
410 34.49 24.89 30.18 109.94 12 21 1
411 73.13 5.44 19.92 195.67 0 23 2
412 97.29 93.84 29.40 274.25 11 44 2
413 51.07 10.59 10.01 248.67 2 40 2
414 92.66 36.91 17.99 319.90 5 39 2
415 70.72 88.85 15.36 374.40 0 38 2
416 75.72 50.40 22.45 404.07 1 21 2
417 72.01 45.90 32.89 484.17 17 40 2
418 77.97 25.07 31.57 101.65 3 29 1
419 93.32 3.76 27.37 167.61 20 46 2
420 33.85 56.60 20.83 107.84 6 39 2
421 86.88 63.94 12.34 224.78 1 35 1
422 42.28 52.37 22.23 397.75 13 41 2
423 12.92 92.69 5.50 324.68 11 35 1
424 32.75 28.60 47.52 87.82 20 30 2
425 24.30 8.11 15.75 135.89 19 21 1
426 22.93 89.52 34.74 64.08 9 40 1
427 25.76 15.77 32.89 266.33 6 46 1
428 42.15 90.92 16.28 296.15 2 4 1
429 53.27 42.43 24.36 339.65 3 32 2
430 52.50 78.11 49.41 281.59 6 48 2
431 88.49 84.40 40.16 76.00 5 44 1
432 55.19 12.70 18.31 486.67 1 30 1
433 26.47 18.45 36.38 172.26 0 47 1
434 52.22 87.38 2.74 499.68 15 33 1
435 3.42 26.00 37.09 296.21 8 27 1
436 20.25 82.97 24.69 452.55 1 2 1
437 76.22 6.52 37.76 380.33 14 33 2
438 72.02 44.48 17.05 374.16 6 33 2
439 99.74 32.06 26.05 128.71 5 8 2
440 98.56 21.13 26.57 277.79 1 28 1
441 92.47 68.43 44.87 496.63 0 43 1
442 64.47 17.53 32.86 399.25 7 7 1
443 94.25 31.20 38.54 197.45 16 45 1
444 22.71 52.22 14.91 448.11 10 35 2
445 0.58 27.84 19.56 244.57 5 9 1
446 68.06 35.92 38.09 216.93 9 18 2
447 26.96 6.93 32.09 484.68 24 42 1
448 69.33 31.88 30.16 483.48 3 16 2
449 0.40 54.80 7.00 187.72 0 6 1
450 32.91 91.61 22.58 146.82 11 13 2
451 45.89 1.06 42.84 466.51 16 39 2
452 56.74 14.23 21.24 270.43 16 21 2
453 13.37 67.53 4.69 409.96 23 38 1
454 10.76 20.96 24.25 483.24 13 34 1
455 46.32 99.03 24.01 70.93 11 27 1
456 22.27 46.22 32.17 196.77 13 27 1
457 14.11 74.24 30.82 194.54 13 30 2
458 38.00 50.69 28.95 367.46 5 11 2
459 83.82 24.93 45.29 145.14 19 20 1
460 1.42 13.60 9.93 371.25 1 6 2
461 36.53 78.57 5.21 360.21 7 11 1
462 18.48 28.71 29.00 312.73 0 33 1
463 20.87 88.22 37.33 337.32 16 33 1
464 16.65 71.19 33.63 406.75 20 42 2
465 56.96 96.13 9.29 416.21 11 45 1
466 10.39 38.37 28.38 109.71 12 17 2
467 77.51 44.46 43.74 434.34 24 47 1
468 93.19 40.41 27.61 323.21 13 22 1
469 72.69 94.50 38.15 457.21 23 26 2
470 11.05 3.63 42.37 419.17 16 31 2
471 87.81 90.47 7.29 158.34 9 21 2
472 62.46 82.98 12.86 420.10 6 15 2
473 70.65 29.14 11.78 139.21 22 44 2
474 27.10 29.76 19.77 239.13 17 43 1
475 81.99 70.25 43.03 57.11 15 34 1
476 57.87 79.05 20.13 144.30 1 30 1
477 61.79 49.23 45.30 248.34 6 43 1
478 7.64 9.78 3.58 459.35 7 22 2
479 70.89 82.18 35.47 112.03 12 23 2
480 18.65 1.74 5.95 125.35 18 28 1
481 48.16 49.32 38.04 358.34 4 43 2
482 67.70 18.31 11.65 488.40 8 11 1
483 85.00 62.02 47.46 434.26 10 36 2
484 43.41 75.48 40.72 415.46 12 47 1
485 98.50 10.87 35.97 119.73 1 19 1
486 94.84 26.30 14.38 242.60 7 19 1
487 90.15 79.04 24.34 323.18 14 19 1
488 37.97 72.29 28.07 53.53 11 25 2
489 50.72 79.65 4.62 268.13 4 40 2
490 36.31 67.98 20.95 181.80 23 27 2
491 85.16 15.12 9.17 130.49 4 16 2
492 25.59 62.05 33.11 201.31 2 9 2
493 89.14 22.68 34.81 235.94 3 19 2
494 99.88 56.52 47.97 216.18 1 10 1
495 89.68 44.50 26.22 276.69 1 34 1
496 59.38 82.32 10.22 302.50 15 43 2
497 19.08 51.18 26.42 456.67 4 40 1
498 86.59 3.09 37.96 104.37 5 43 1
499 51.34 72.90 31.22 487.61 20 24 2
500 88.59 97.47 33.98 141.60 15 45 2
1 195.67 4311.18 1
2 193.66 4254.97 2
3 186.66 4410.31 2
4 187.18 2932.99 2
5 151.19 2726.54 1
6 174.03 3838.28 1
1 1.18 40.38 1
2 1.96 32.50 2
3 1.38 37.06 1
4 1.26 45.54 3
5 1.27 41.10 3
6 1.13 29.37 2
7 1.66 43.02 1
