Data for Vehicle routing problem with drones - Author: Huyen Do Thi Ngoc
Number of depots: 4
Number of cities: 100
Number of trucks: 8
Number of drones: 14
Area: 100 100 50
Customer maximum demand: 500
Max capacity of truck: 200
Max energy of truck: 5000
Max capacity of drone: 2
Max energy of drone: 50
1 15.90 32.05 10.37
2 7.80 61.94 14.17
3 32.18 93.76 24.45
4 5.02 93.15 28.95
1 22.47 34.74 15.40 85.45 13 37 1
2 66.91 51.32 28.50 61.97 24 44 2
3 13.05 78.61 35.17 217.11 21 46 2
4 10.54 56.64 15.02 249.18 16 36 1
5 64.75 2.91 23.14 160.79 4 18 4
6 9.83 6.90 40.27 483.14 17 39 3
7 50.33 45.90 17.83 222.27 7 32 1
8 40.94 33.43 21.05 53.66 17 30 1
9 72.84 21.64 13.13 288.14 15 39 1
10 15.66 9.77 45.77 422.51 14 46 2
11 22.93 0.10 14.33 137.74 1 27 1
12 38.66 20.47 9.07 250.16 10 48 2
13 42.20 73.91 35.59 199.51 13 42 3
14 73.50 53.86 4.12 493.48 5 25 3
15 28.37 66.07 26.10 347.39 13 40 1
16 24.18 56.37 39.28 112.18 18 28 4
17 40.66 46.42 44.82 310.90 15 21 3
18 85.26 7.36 39.71 341.12 21 36 1
19 25.84 98.31 6.76 141.68 5 22 1
20 30.37 63.28 4.96 366.39 0 19 4
21 27.87 36.02 3.26 113.88 18 45 1
22 84.10 9.83 31.00 196.75 14 48 3
23 46.36 5.19 11.67 372.27 18 37 4
24 10.25 50.48 4.22 495.63 23 32 3
25 46.04 26.91 30.16 327.54 0 2 1
26 76.11 99.45 46.32 111.87 12 36 2
27 10.28 25.95 39.03 476.19 20 23 3
28 81.04 13.42 43.82 313.88 21 48 3
29 42.40 41.75 16.77 267.59 20 23 1
30 80.97 82.65 26.96 318.16 9 41 3
31 48.62 87.03 12.16 292.40 24 34 4
32 40.95 91.02 37.40 476.31 17 44 4
33 25.13 91.04 5.37 288.28 7 36 4
34 43.72 54.65 21.60 199.91 23 37 1
35 20.92 52.70 28.30 462.78 10 19 4
36 48.71 87.46 5.56 146.96 6 48 1
37 29.97 14.19 16.60 282.55 16 30 2
38 54.90 53.39 23.05 449.77 12 15 3
39 14.02 10.33 33.36 368.69 21 43 2
40 37.53 71.80 48.43 326.07 14 33 2
41 59.78 87.98 23.28 218.04 23 32 1
42 22.20 7.66 15.63 93.34 15 24 1
43 22.34 59.22 31.38 275.40 20 25 2
44 48.76 52.19 4.33 144.25 23 24 4
45 10.29 57.92 41.47 416.70 13 43 4
46 17.20 92.50 31.25 254.17 12 20 1
47 65.38 63.20 11.48 488.65 24 26 1
48 90.46 35.91 32.72 410.35 12 20 1
49 93.91 15.50 21.67 249.77 0 19 4
50 55.27 72.09 30.56 120.98 10 32 3
51 25.84 48.73 4.32 497.98 22 31 4
52 57.84 36.96 10.77 71.36 12 39 3
53 48.34 19.78 34.42 221.98 1 14 4
54 9.39 86.73 35.26 194.09 12 16 1
55 1.11 26.33 4.82 394.61 3 9 1
56 9.90 47.43 25.88 65.68 3 27 3
57 36.26 73.45 8.75 307.84 9 48 4
58 65.99 83.36 49.30 439.13 18 29 1
59 17.37 15.89 22.22 135.08 17 34 1
60 83.83 92.57 17.94 483.17 5 24 4
61 88.72 63.87 25.39 88.50 3 23 2
62 46.53 33.71 22.84 321.50 7 12 2
63 81.53 12.89 26.26 132.62 1 5 1
64 28.54 84.13 23.69 367.17 12 41 4
65 82.21 91.58 11.95 294.56 23 43 4
66 62.97 30.41 13.94 276.57 22 29 1
67 52.13 16.31 39.99 163.37 11 28 4
68 89.35 42.69 18.50 450.38 24 24 3
69 18.99 37.94 39.49 270.73 23 31 1
70 21.95 36.05 25.99 395.91 14 39 2
71 90.30 21.37 4.32 72.58 2 5 4
72 80.14 41.32 28.42 122.15 19 46 1
73 58.66 21.08 49.72 202.20 16 35 1
74 68.31 56.80 32.84 226.07 17 37 2
75 90.02 38.18 16.25 89.19 4 37 1
76 79.82 50.81 41.52 272.11 3 12 3
77 81.61 85.62 15.16 347.37 24 28 2
78 76.82 10.50 0.78 269.91 21 44 4
79 24.51 5.84 3.63 92.17 1 32 1
80 11.32 14.08 31.48 494.85 22 34 1
81 7.29 35.61 28.89 359.10 23 26 1
82 44.33 52.59 40.29 465.89 23 36 4
83 78.77 99.90 13.68 301.41 12 37 1
84 54.69 85.28 26.09 324.97 12 24 3
85 19.71 39.58 40.07 452.06 21 36 3
86 95.85 26.98 45.69 248.07 5 9 2
87 28.70 84.72 3.03 283.17 24 37 3
88 84.81 5.88 12.18 254.53 22 41 1
89 34.88 14.36 13.14 334.78 21 25 3
90 12.73 67.96 8.22 267.91 19 48 2
91 53.04 72.66 12.33 496.83 1 6 3
92 66.36 44.11 2.30 285.43 23 26 4
93 73.77 33.41 49.49 150.32 7 18 1
94 85.81 0.87 34.92 174.61 8 39 2
95 62.16 25.12 10.89 302.61 21 40 1
96 23.85 44.48 4.70 343.62 24 46 4
97 39.95 37.27 42.55 339.16 0 29 1
98 28.06 93.78 48.77 472.62 8 21 1
99 53.48 45.05 20.31 144.43 22 25 4
100 27.45 0.51 24.75 177.93 17 34 2
1 128.52 2830.10 1
2 148.39 4945.37 2
3 198.54 4969.98 3
4 112.47 4077.49 4
5 157.19 4663.03 4
6 128.69 3806.53 3
7 171.71 3884.69 1
8 165.02 3426.44 2
1 1.33 29.53 3
2 1.01 33.50 5
3 1.01 31.88 3
4 1.28 27.24 8
5 1.75 29.77 1
6 1.41 44.41 7
7 1.10 36.40 1
8 1.03 25.17 1
9 1.79 29.06 6
10 2.00 39.63 7
11 1.46 35.56 6
12 1.60 39.68 7
13 1.51 32.81 6
14 1.13 41.63 3
