Data for Vehicle routing problem with drones - Author: Huyen Do Thi Ngoc
Number of depots: 5
Number of cities: 400
Number of trucks: 7
Number of drones: 9
Area: 100 100 50
Customer maximum demand: 500
Max capacity of truck: 200
Max energy of truck: 5000
Max capacity of drone: 2
Max energy of drone: 50
1 78.29 3.51 9.52
2 6.67 54.33 28.23
3 36.68 61.44 49.68
4 59.98 13.74 27.70
5 90.27 80.11 13.15
1 32.80 77.57 0.64 468.72 20 27 2
2 45.36 31.43 40.64 127.64 20 43 3
3 1.49 7.43 5.80 284.35 5 8 3
4 49.40 16.39 8.70 406.23 15 43 4
5 38.11 79.92 7.18 70.30 14 29 1
6 11.37 31.05 30.06 175.40 12 32 2
7 91.98 2.23 5.81 283.58 22 45 2
8 97.06 32.48 3.35 422.40 11 31 4
9 70.52 52.93 47.55 278.67 21 31 1
10 83.45 20.04 48.07 482.18 24 43 1
11 24.69 56.54 5.13 51.48 0 14 3
12 28.50 71.72 12.14 185.24 23 41 1
13 76.25 9.06 46.37 185.79 10 27 5
14 13.82 8.28 35.11 284.82 1 34 2
15 88.71 63.42 32.84 463.07 21 45 3
16 75.97 81.30 48.34 441.85 5 36 3
17 0.79 70.81 40.79 51.65 20 39 3
18 35.75 66.69 6.69 101.53 10 10 2
19 78.32 39.41 22.30 200.25 23 44 1
20 29.35 86.94 39.32 304.81 5 17 1
21 38.78 11.29 4.70 444.08 2 15 5
22 14.31 49.61 44.55 261.03 20 22 1
23 6.69 59.41 16.62 161.11 23 31 5
24 94.29 21.73 43.70 267.35 20 20 3
25 87.94 74.67 45.74 209.78 12 25 5
26 83.44 27.43 37.68 175.32 23 24 3
27 13.93 25.87 47.97 121.41 7 25 4
28 3.25 84.64 32.23 428.39 24 33 2
29 63.27 58.55 9.05 197.32 22 30 5
30 4.36 26.03 34.76 232.92 0 25 3
31 57.19 9.88 31.52 161.27 13 28 3
32 92.37 7.20 27.89 363.33 7 29 1
33 79.05 18.84 19.18 185.09 19 28 2
34 32.38 52.04 7.86 135.72 9 20 3
35 15.76 72.91 45.22 101.93 11 40 1
36 50.86 4.48 5.23 334.85 9 35 5
37 93.89 18.59 42.55 367.00 9 16 4
38 27.51 36.08 42.86 479.19 8 17 1
39 57.38 28.03 11.35 317.74 23 42 5
40 45.63 45.37 2.18 341.69 9 45 1
41 39.55 38.01 16.06 237.55 15 42 1
42 48.31 20.97 45.07 450.13 18 19 3
43 67.17 5.32 33.85 259.33 22 29 5
44 94.93 76.69 14.34 203.27 24 47 1
45 47.22 43.48 6.86 189.60 10 43 5
46 88.67 67.82 27.30 83.02 7 21 4
47 73.44 29.82 46.66 124.24 9 40 4
48 48.29 63.41 26.56 136.76 5 19 3
49 67.90 1.53 15.06 265.51 17 19 2
50 63.24 2.84 2.76 306.40 20 41 3
51 23.96 48.28 39.26 276.31 21 45 2
52 49.95 18.80 40.63 414.44 0 7 1
53 87.69 74.82 44.08 397.02 12 12 5
54 65.49 39.27 37.37 108.66 21 22 4
55 50.28 13.30 29.26 281.43 16 23 5
56 3.92 34.70 46.76 327.73 5 42 4
57 19.56 35.79 18.45 194.45 11 14 5
58 86.16 29.46 24.07 453.75 2 14 2
59 60.49 33.83 33.05 427.69 0 16 4
60 76.86 44.14 44.68 236.06 14 19 2
61 64.17 6.75 24.10 249.40 4 33 3
62 7.58 44.45 5.38 446.34 17 28 3
63 85.61 88.51 31.31 185.76 6 37 3
64 84.65 44.04 33.87 445.63 20 43 1
65 45.45 50.07 37.91 177.92 14 23 5
66 70.39 27.50 6.06 152.48 18 35 5
67 66.46 33.64 5.28 280.90 0 45 1
68 89.04 64.81 10.67 474.54 22 24 4
69 17.97 57.81 21.87 449.56 15 15 2
70 99.17 16.28 40.03 168.29 3 33 4
71 41.09 93.13 4.96 98.89 3 7 3
72 15.19 20.23 3.65 78.68 22 44 4
73 96.13 57.11 45.33 468.68 0 32 5
74 95.09 39.35 16.49 381.29 13 18 5
75 79.64 92.82 19.08 112.91 23 47 4
76 89.92 94.79 16.22 340.76 13 33 3
77 33.51 29.07 2.26 88.32 20 40 2
78 60.20 99.92 32.43 362.61 1 8 5
79 78.37 11.82 45.68 85.03 8 9 2
80 53.26 88.61 26.24 411.01 13 25 1
81 88.18 21.78 14.72 334.24 18 18 3
82 32.48 20.86 18.29 292.34 17 42 3
83 49.05 30.42 46.52 354.51 9 23 2
84 58.61 81.38 33.44 249.53 16 29 4
85 99.70 26.76 23.77 459.83 2 26 3
86 17.08 72.25 14.09 481.96 22 36 3
87 1.00 60.81 7.29 325.28 2 32 5
88 92.37 65.38 19.26 464.71 11 45 4
89 55.60 77.70 35.16 430.76 22 34 1
90 83.69 83.31 13.82 347.46 16 18 3
91 46.21 21.48 2.62 107.53 24 28 2
92 37.02 44.92 2.95 233.16 19 33 2
93 11.77 90.41 7.81 452.63 2 39 3
94 84.64 62.70 6.32 484.52 4 7 5
95 14.69 43.05 2.39 151.25 10 19 1
96 46.56 65.85 24.54 468.77 14 24 1
97 18.02 59.76 13.24 181.04 16 42 1
98 94.76 68.07 12.70 467.95 24 37 2
99 63.07 80.30 12.51 337.18 20 22 5
100 75.77 30.76 42.44 385.27 1 22 3
101 52.46 13.99 0.17 296.19 4 4 5
102 43.16 55.54 46.99 161.46 2 45 2
103 56.99 10.32 44.17 191.41 18 22 2
104 1.83 46.89 37.78 123.81 11 19 4
105 21.74 36.29 46.23 438.98 0 26 3
106 43.51 2.76 8.89 285.05 19 42 5
107 72.88 76.48 1.91 56.25 20 26 1
108 24.55 3.98 0.09 445.32 9 33 4
109 88.55 50.28 29.14 187.25 24 36 2
110 60.97 97.03 48.23 348.72 13 33 2
111 41.42 85.54 38.64 137.65 3 37 4
112 1.82 27.35 29.51 280.26 22 23 5
113 13.69 26.20 1.06 277.02 2 31 4
114 98.00 90.01 1.69 373.24 3 5 5
115 28.07 0.65 26.94 200.66 10 11 1
116 56.10 52.43 29.47 470.54 9 46 1
117 51.11 94.38 23.42 371.93 15 20 4
118 68.03 0.30 17.75 251.49 15 24 5
119 34.14 22.18 24.76 337.01 6 41 4
120 66.99 64.84 21.52 438.10 22 45 1
121 98.69 55.13 8.59 493.99 7 42 2
122 70.64 88.92 27.57 97.86 11 23 3
123 98.05 76.78 7.32 221.42 7 20 1
124 46.67 85.66 8.66 406.37 18 36 4
125 18.41 31.27 5.44 416.54 0 16 2
126 51.81 63.02 23.01 274.95 3 5 2
127 75.37 10.62 35.76 244.29 16 29 1
128 26.56 58.53 48.81 111.26 7 12 1
129 0.22 95.55 20.97 309.99 0 42 3
130 45.89 17.35 32.99 340.64 18 29 3
131 56.06 88.92 10.30 318.40 11 23 1
132 39.67 7.92 8.89 328.95 9 18 2
133 72.77 63.29 22.57 59.81 6 45 4
134 13.51 59.23 21.33 53.60 11 44 4
135 44.17 42.16 1.41 276.30 24 25 5
136 87.09 27.89 24.13 423.61 21 27 5
137 83.43 66.38 11.82 481.18 11 18 5
138 67.29 26.87 10.05 185.82 7 10 4
139 40.79 83.39 42.86 457.30 20 22 3
140 86.94 20.52 35.50 67.27 13 19 3
141 95.05 22.32 9.33 281.93 3 41 2
142 80.23 44.41 22.37 282.81 5 5 2
143 67.20 33.57 21.54 75.81 23 33 1
144 0.19 33.22 32.04 475.20 6 18 5
145 40.94 54.35 25.23 400.13 19 47 5
146 70.34 54.92 1.57 214.15 10 11 2
147 54.83 45.72 43.39 124.34 16 39 3
148 69.93 52.26 39.25 373.75 1 17 3
149 67.16 70.19 48.69 66.39 3 5 2
150 65.96 2.50 13.83 257.13 3 24 4
151 10.08 51.75 46.54 475.21 17 21 4
152 32.55 88.89 31.82 193.54 7 28 2
153 44.24 12.86 24.21 353.67 13 19 5
154 63.98 73.31 35.87 410.09 14 48 3
155 97.54 61.82 17.27 360.40 20 22 1
156 95.40 71.35 13.32 190.90 10 13 4
157 81.77 90.26 7.99 389.85 14 36 2
158 64.54 45.25 40.31 400.26 9 36 5
159 13.98 86.65 2.25 150.59 24 39 2
160 62.62 60.71 40.04 261.67 24 48 2
161 55.34 28.49 21.41 174.10 11 23 1
162 20.91 14.03 38.44 143.71 20 41 2
163 80.51 25.09 39.90 325.89 3 13 5
164 96.53 87.02 18.90 263.24 22 34 4
165 40.67 91.44 22.66 212.64 0 8 1
166 18.23 99.91 29.66 101.50 24 27 1
167 85.48 18.51 1.91 154.49 22 38 4
168 34.59 7.97 9.08 105.92 13 48 4
169 18.22 76.71 0.67 342.24 3 25 4
170 16.76 25.84 10.94 483.85 2 47 5
171 98.59 23.66 38.49 494.20 11 23 3
172 91.48 78.62 45.63 294.94 0 41 1
173 50.30 16.55 46.01 271.62 7 38 1
174 17.07 19.85 17.16 106.04 11 25 5
175 7.82 63.75 0.95 133.56 15 47 4
176 29.29 95.21 25.79 300.40 13 42 5
177 30.84 4.04 22.90 444.46 24 36 4
178 13.33 24.39 10.66 131.72 7 40 4
179 2.84 40.67 39.61 356.55 8 18 3
180 51.54 17.33 8.17 301.30 15 23 4
181 57.80 34.30 13.36 459.76 2 10 1
182 92.96 59.93 43.57 69.26 2 36 3
183 65.54 88.31 0.63 101.15 23 35 5
184 37.33 71.76 6.99 88.29 13 25 4
185 63.92 57.52 37.80 334.92 0 13 3
186 57.14 63.18 37.78 379.40 20 21 4
187 79.93 59.77 15.09 110.81 24 34 4
188 5.09 78.04 8.10 394.61 15 16 3
189 13.47 21.75 1.73 472.31 4 43 2
190 34.93 82.58 4.29 305.80 17 35 3
191 53.78 57.36 28.94 282.40 19 31 3
192 2.82 99.21 32.12 240.79 23 24 5
193 63.05 20.99 1.15 133.08 0 8 1
194 19.16 2.77 37.09 163.28 22 47 2
195 86.05 66.50 14.82 396.48 5 48 1
196 81.73 95.57 3.52 84.04 3 34 3
197 96.65 27.08 48.66 179.08 4 8 1
198 7.01 20.79 38.54 90.11 18 19 1
199 72.18 32.51 48.15 54.80 0 20 4
200 81.09 83.58 32.05 458.31 14 37 3
201 15.39 23.43 36.70 197.43 24 45 4
202 87.44 54.97 48.58 71.11 2 16 2
203 85.37 37.01 3.17 173.80 0 42 1
204 92.78 77.53 0.49 416.17 3 28 3
205 96.82 43.90 38.68 276.34 14 30 3
206 16.53 22.67 5.08 62.25 6 42 1
207 32.36 85.03 31.89 395.19 1 31 5
208 88.53 66.46 31.49 230.85 21 39 1
209 32.25 29.57 6.69 108.23 23 28 3
210 57.32 88.34 42.60 99.63 18 42 5
211 14.21 13.50 20.44 256.63 13 26 1
212 35.25 6.02 23.44 109.54 11 47 1
213 94.93 99.87 39.82 426.17 13 47 2
214 56.65 68.64 30.07 365.24 7 34 1
215 58.31 42.51 24.58 207.37 22 47 1
216 70.45 4.10 44.35 273.95 12 17 4
217 90.04 2.16 10.14 458.66 3 4 3
218 99.61 59.61 9.92 339.75 15 41 2
219 36.42 59.52 22.72 103.94 7 27 3
220 19.93 43.30 42.29 226.52 17 37 2
221 94.81 84.43 9.40 463.74 18 43 4
222 32.44 88.44 8.89 397.90 21 32 4
223 88.81 98.57 2.76 162.98 13 22 4
224 61.18 34.44 10.45 159.93 1 7 1
225 89.71 92.32 19.66 424.60 18 23 3
226 23.52 84.59 16.93 349.69 19 34 5
227 2.80 97.54 32.57 270.79 4 30 1
228 88.31 74.70 18.62 258.94 4 44 1
229 31.37 68.36 19.38 302.11 16 18 4
230 58.27 1.86 45.67 427.29 14 22 4
231 52.22 66.22 32.28 423.71 22 32 2
232 58.29 13.29 35.45 223.61 17 39 2
233 68.92 7.70 10.13 437.96 20 45 2
234 29.75 24.37 18.01 376.85 1 30 5
235 86.54 18.25 43.50 102.48 23 32 3
236 36.85 27.81 20.24 390.22 10 20 5
237 14.99 46.33 29.70 413.21 19 32 3
238 12.38 14.95 14.29 491.67 11 43 5
239 5.76 57.66 6.56 92.94 14 44 2
240 40.13 65.00 37.45 166.84 7 28 2
241 86.19 15.04 42.46 307.80 4 26 2
242 67.63 26.12 6.93 418.66 4 14 2
243 70.52 94.56 19.52 440.28 10 12 3
244 81.79 78.30 11.72 317.16 14 37 2
245 21.18 4.41 48.11 175.82 0 25 1
246 31.27 15.12 35.64 97.72 1 42 4
247 50.59 91.74 24.05 322.72 8 40 1
248 40.72 99.28 7.06 113.28 16 24 1
249 55.08 93.01 32.84 320.85 4 25 4
250 49.69 41.58 15.91 454.44 6 24 1
251 94.91 13.77 4.08 363.32 20 42 4
252 5.46 70.61 42.64 488.74 23 36 2
253 61.83 11.73 5.63 255.21 17 31 5
254 19.13 6.96 44.35 241.35 14 21 4
255 17.39 8.07 22.41 125.27 19 21 2
256 42.47 51.11 14.55 331.79 10 20 3
257 87.23 60.89 2.77 361.52 13 40 3
258 44.41 34.24 15.49 168.57 21 31 5
259 74.74 74.41 45.91 427.93 5 40 3
260 78.34 67.35 46.69 418.61 10 10 3
261 9.43 57.13 32.80 436.95 17 37 3
262 30.30 0.91 27.53 173.39 21 29 3
263 80.82 36.85 28.24 461.72 0 46 5
264 17.66 35.67 26.51 318.00 19 37 1
265 42.00 30.27 0.12 276.51 0 17 2
266 46.17 14.86 25.29 283.29 23 41 2
267 66.93 96.69 7.05 453.08 6 29 1
268 69.10 92.70 25.83 256.29 12 20 1
269 73.10 71.21 44.66 256.34 22 30 2
270 75.64 79.57 19.42 355.98 18 47 4
271 5.04 43.74 41.10 80.63 24 44 4
272 70.00 83.05 0.70 398.81 20 46 3
273 52.66 89.84 14.22 55.85 18 24 5
274 91.31 80.58 16.27 393.14 17 20 5
275 36.59 18.50 46.37 253.13 13 18 2
276 3.16 46.10 31.58 311.73 18 27 4
277 8.43 58.72 37.95 172.20 21 35 5
278 4.17 98.54 5.27 320.75 11 36 1
279 49.86 91.79 43.90 125.94 16 45 4
280 58.57 44.38 30.59 343.68 20 39 4
281 85.72 83.37 37.37 323.34 13 30 4
282 74.30 16.88 21.03 234.18 16 43 1
283 70.90 36.38 4.09 355.06 14 40 5
284 19.23 22.95 47.74 341.28 7 16 4
285 6.55 96.35 24.57 420.94 6 31 4
286 44.78 62.07 12.80 480.38 3 19 4
287 79.81 93.74 18.27 369.83 1 9 5
288 2.83 48.53 30.06 276.43 16 21 1
289 29.41 12.86 22.81 352.03 14 45 3
290 17.89 99.59 8.28 420.22 2 12 2
291 61.83 69.82 30.09 93.55 21 35 3
292 17.88 70.16 28.96 239.43 7 44 3
293 48.95 6.92 19.46 413.92 23 29 1
294 67.87 99.80 10.05 137.82 3 42 3
295 51.90 67.27 2.96 256.40 9 19 4
296 64.51 72.71 2.61 402.14 22 36 2
297 64.33 18.85 8.92 163.30 16 42 4
298 99.49 21.57 35.23 244.49 22 32 5
299 32.55 3.07 10.69 493.22 18 34 2
300 10.77 83.23 3.65 451.59 22 39 3
301 31.50 40.94 31.85 112.91 1 6 2
302 18.53 93.00 39.17 67.76 3 20 2
303 27.42 4.62 25.53 334.82 3 42 2
304 34.97 86.59 10.05 350.33 5 20 2
305 21.18 16.76 46.47 280.46 7 27 1
306 59.39 2.37 44.51 388.03 18 27 3
307 48.95 49.69 19.13 157.11 8 43 3
308 98.81 55.22 28.15 235.99 2 25 3
309 43.06 36.80 14.21 197.42 23 42 3
310 0.75 19.10 4.83 282.20 17 28 3
311 47.62 74.56 30.75 212.63 12 12 5
312 24.87 56.41 15.06 201.06 14 35 4
313 2.62 12.55 8.59 217.73 19 44 5
314 8.80 46.13 47.31 147.02 22 27 5
315 33.89 96.66 15.60 84.95 20 26 5
316 73.86 94.74 20.38 204.39 2 2 2
317 28.41 78.84 1.72 361.02 10 46 2
318 92.32 23.06 11.74 238.53 16 28 3
319 0.76 88.71 24.32 247.27 16 48 4
320 90.45 10.43 3.44 494.51 23 33 1
321 25.93 47.82 9.53 465.09 11 48 2
322 11.34 64.12 28.72 248.88 17 17 4
323 32.98 19.88 33.46 181.05 0 0 2
324 33.78 14.56 3.55 414.78 7 18 5
325 32.28 80.99 32.78 440.82 16 35 5
326 53.24 69.95 36.92 243.12 23 33 2
327 67.82 4.98 11.26 194.23 8 21 1
328 17.76 95.17 0.66 287.11 2 38 5
329 99.83 24.76 17.33 179.85 6 10 2
330 3.42 44.49 8.84 463.76 14 28 4
331 32.71 16.05 48.96 201.05 19 20 3
332 15.56 65.96 32.48 245.87 12 35 3
333 3.13 37.65 19.65 342.33 21 46 3
334 80.55 19.77 42.09 445.82 7 22 5
335 57.77 0.53 38.90 251.52 3 8 1
336 40.60 16.00 16.95 329.82 13 34 2
337 67.39 99.80 41.63 378.03 15 40 5
338 96.13 28.58 10.82 58.31 7 25 2
339 17.47 91.52 39.98 100.81 17 40 1
340 74.12 47.99 16.92 402.46 18 22 2
341 29.64 84.25 38.16 288.03 11 18 5
342 64.04 61.60 35.33 81.51 6 43 5
343 32.05 24.04 21.39 177.18 14 23 2
344 86.16 77.51 42.42 433.62 13 18 4
345 46.93 9.51 30.82 108.12 23 30 4
346 66.69 55.31 22.81 131.81 24 26 4
347 90.88 51.85 46.31 198.32 6 44 3
348 75.87 45.18 12.92 471.35 11 38 4
349 8.75 30.39 42.85 133.00 2 2 1
350 48.47 78.74 25.23 375.71 0 15 4
351 16.87 93.80 46.82 72.87 1 11 3
352 28.21 55.65 9.65 90.55 17 42 3
353 96.08 10.93 9.31 94.65 16 43 4
354 34.58 79.72 22.45 71.01 17 43 2
355 43.78 58.41 34.46 322.73 16 20 3
356 28.20 32.06 15.66 188.46 20 24 5
357 74.78 7.50 43.51 217.56 17 28 5
358 11.53 98.19 37.17 229.49 23 36 2
359 37.86 80.36 32.27 490.28 3 3 5
360 33.33 23.37 33.20 474.42 12 29 3
361 56.64 75.96 20.53 287.19 6 35 4
362 92.78 49.66 45.16 369.58 8 46 2
363 65.84 92.62 40.71 362.94 6 7 1
364 67.08 46.37 2.55 203.11 22 33 5
365 80.10 47.97 4.93 333.26 20 28 3
366 72.32 95.06 20.57 112.10 21 21 1
367 39.31 18.00 9.71 416.77 1 35 3
368 90.06 21.82 3.25 92.78 18 25 5
369 93.47 10.17 47.11 388.34 15 29 1
370 43.44 1.78 27.52 56.24 15 19 3
371 25.67 7.17 3.42 491.01 16 24 2
372 88.94 24.92 23.04 357.71 10 22 2
373 62.93 96.30 46.75 201.64 0 29 3
374 6.11 88.95 40.20 97.05 8 22 3
375 87.49 4.08 8.88 470.15 8 37 2
376 16.99 88.07 8.72 303.13 10 44 4
377 74.92 92.71 44.83 329.04 19 45 5
378 7.12 48.31 12.56 66.34 15 17 4
379 11.15 87.78 48.30 90.93 22 46 4
380 56.73 38.74 37.78 340.83 2 18 1
381 71.93 51.21 7.50 215.74 21 41 5
382 5.85 48.64 43.53 228.60 7 33 5
383 47.80 94.77 11.85 256.45 19 29 5
384 21.17 44.51 22.36 80.82 1 44 2
385 46.18 25.54 34.78 460.31 12 41 4
386 92.70 55.74 46.17 210.91 9 24 3
387 53.67 30.70 46.55 189.66 22 35 5
388 32.69 20.78 9.29 317.19 0 21 1
389 78.20 73.62 17.32 151.15 12 13 3
390 13.82 19.64 49.73 154.05 24 25 5
391 34.20 47.02 23.76 432.03 3 34 3
392 83.21 17.77 2.72 201.16 9 43 5
393 37.47 12.99 4.39 98.68 2 18 1
394 9.81 38.70 36.29 175.44 5 48 1
395 36.12 94.47 21.11 358.17 21 29 2
396 31.78 97.17 0.75 296.45 17 21 2
397 1.86 12.14 3.63 391.60 17 41 1
398 53.31 5.56 6.68 151.15 17 43 3
399 82.73 0.76 37.55 119.16 17 23 1
400 53.85 52.60 0.57 237.84 11 33 5
1 182.41 4368.72 1
2 117.57 2634.79 2
3 133.97 4468.28 3
4 171.48 3972.98 4
5 117.61 3890.04 5
6 123.69 2842.89 5
7 184.08 4275.42 2
1 1.80 32.24 5
2 1.90 29.74 7
3 1.59 41.25 1
4 1.26 44.48 7
5 1.73 33.75 2
6 1.00 34.56 1
7 1.75 39.79 1
8 1.54 29.60 3
9 1.22 25.83 5
