Data for Vehicle routing problem with drones - Author: Huyen Do Thi Ngoc
Number of depots: 4
Number of cities: 500
Number of trucks: 7
Number of drones: 13
Area: 100 100 50
Customer maximum demand: 500
Max capacity of truck: 200
Max energy of truck: 5000
Max capacity of drone: 2
Max energy of drone: 50
1 1.09 18.50 36.33
2 83.19 11.47 43.19
3 35.82 96.55 43.42
4 58.62 99.48 26.62
1 84.84 19.45 34.94 226.93 6 45 4
2 39.56 51.54 44.21 338.72 10 24 1
3 99.05 13.21 4.06 85.33 15 20 1
4 2.01 16.14 9.86 344.48 5 6 2
5 27.77 70.21 33.67 122.41 15 43 1
6 57.42 27.10 13.91 435.19 8 11 1
7 83.19 98.65 14.70 70.00 23 35 3
8 29.61 31.20 48.60 466.68 9 34 1
9 77.60 9.54 47.12 144.29 0 42 3
10 39.07 0.91 4.77 407.18 20 30 2
11 67.11 57.10 42.23 454.77 3 37 2
12 88.17 52.31 19.57 201.31 22 27 1
13 43.94 83.69 17.13 389.98 19 45 3
14 54.70 50.21 14.78 317.88 13 26 3
15 98.88 74.88 8.83 150.29 17 28 3
16 87.37 32.96 9.25 88.88 4 13 3
17 67.28 72.90 33.29 486.30 14 25 2
18 73.58 99.79 6.09 82.43 24 48 1
19 17.18 26.49 45.67 417.50 10 14 1
20 66.14 21.61 46.81 312.27 10 45 4
21 39.01 99.81 15.88 432.95 18 38 3
22 87.15 72.89 48.31 389.30 17 30 4
23 68.07 5.76 44.21 408.67 20 43 4
24 39.85 28.88 19.15 303.84 21 36 1
25 81.75 8.55 32.50 318.57 11 16 3
26 27.45 89.64 39.38 153.29 19 24 1
27 38.37 63.03 28.95 169.98 3 17 3
28 70.07 87.29 31.94 269.76 13 31 4
29 42.02 77.01 38.09 265.67 14 17 4
30 14.34 15.02 46.51 452.67 0 0 1
31 33.66 47.99 42.47 431.52 2 23 2
32 77.32 62.93 47.79 437.49 11 45 2
33 50.57 0.06 30.97 246.80 22 23 1
34 50.34 64.77 26.98 128.23 16 46 2
35 50.93 14.50 9.47 226.28 14 18 3
36 91.03 93.39 21.89 289.05 7 28 1
37 74.33 27.20 49.81 422.75 4 11 4
38 12.14 65.19 26.58 281.51 22 38 1
39 7.50 16.14 2.43 61.46 22 28 3
40 31.53 51.48 23.44 102.36 14 15 2
41 65.60 40.46 22.69 434.91 10 13 4
42 98.80 25.00 18.46 347.83 11 43 1
43 89.96 7.47 33.11 350.68 19 25 1
44 68.52 6.35 33.99 291.01 11 33 1
45 7.75 9.52 6.42 200.06 17 46 3
46 25.84 89.26 6.79 473.75 5 31 2
47 55.81 45.21 45.05 374.67 21 29 1
48 11.70 1.81 0.69 414.41 21 47 4
49 77.72 51.56 17.39 456.76 20 45 3
50 61.87 80.02 32.85 371.90 9 43 2
51 21.27 21.01 11.73 267.05 20 46 3
52 57.41 86.66 14.61 124.74 12 17 4
53 17.55 41.35 39.44 416.86 21 38 4
54 66.47 39.95 16.88 177.58 9 25 3
55 61.28 41.87 37.24 99.61 19 34 1
56 50.41 30.55 47.71 308.83 23 46 3
57 7.57 63.14 17.21 430.60 12 44 2
58 97.20 0.63 33.49 169.00 0 21 1
59 45.94 74.56 12.23 245.53 12 40 1
60 34.03 26.46 21.02 282.48 11 14 2
61 37.90 26.75 18.94 122.23 10 11 3
62 42.75 64.88 19.20 345.10 5 23 4
63 99.85 11.80 12.87 261.58 14 48 3
64 7.32 29.84 21.82 404.30 23 27 3
65 93.67 87.72 26.46 134.09 20 32 1
66 78.00 49.95 8.24 182.14 13 21 3
67 21.74 79.46 14.25 57.34 23 29 1
68 11.85 42.42 9.40 473.40 16 18 2
69 41.52 3.27 1.44 230.89 0 34 3
70 55.22 6.95 10.23 73.97 12 14 3
71 82.48 48.19 3.51 340.81 22 23 2
72 25.11 62.69 8.56 184.87 15 41 1
73 81.85 85.85 33.94 118.92 5 8 4
74 61.09 66.25 1.66 374.44 2 2 4
75 12.78 3.13 16.97 489.89 7 29 2
76 96.31 95.55 14.79 467.72 24 45 2
77 19.41 90.79 14.78 353.17 13 28 1
78 92.60 22.31 9.19 258.74 17 22 1
79 32.40 58.12 21.23 251.41 19 28 2
80 43.16 70.99 17.27 466.95 18 33 2
81 73.40 21.78 20.63 233.70 18 24 2
82 30.72 87.42 19.11 367.11 16 22 3
83 77.40 50.69 19.12 452.72 10 17 2
84 23.23 12.88 43.05 268.02 0 18 4
85 41.11 9.74 8.46 348.68 6 25 2
86 89.50 17.68 37.51 175.93 2 40 1
87 53.29 80.77 12.13 242.71 23 37 2
88 60.73 98.59 15.56 50.31 17 24 3
89 16.73 69.65 6.96 347.12 10 20 3
90 59.83 10.53 21.90 227.14 1 43 3
91 99.94 81.08 44.37 211.60 14 28 4
92 15.49 74.12 14.28 474.60 10 18 3
93 29.32 59.52 6.51 462.33 3 42 3
94 51.36 40.74 13.52 375.77 8 19 1
95 55.64 79.69 23.66 312.76 0 15 1
96 83.92 19.60 8.14 148.58 15 28 3
97 67.71 52.39 24.79 295.08 12 33 4
98 36.03 97.11 1.99 274.59 9 10 2
99 99.71 50.10 17.47 101.43 0 2 1
100 90.72 52.23 11.04 341.56 10 46 2
101 63.03 83.90 36.18 391.10 11 16 4
102 44.38 31.85 26.52 235.75 15 40 2
103 58.52 11.66 29.83 54.13 1 6 2
104 11.72 36.92 46.41 113.09 12 25 2
105 19.72 17.25 28.39 124.47 21 46 1
106 65.21 24.55 11.81 342.21 1 4 2
107 87.42 39.99 11.56 239.77 0 37 3
108 91.40 42.31 40.41 215.51 21 38 2
109 77.58 94.92 48.20 226.48 13 16 2
110 48.96 24.59 6.99 397.14 24 34 2
111 11.19 84.64 44.99 129.67 3 27 3
112 89.29 79.10 6.33 412.90 2 15 3
113 61.00 54.17 16.77 278.49 11 24 1
114 13.01 84.67 8.34 488.01 22 24 1
115 46.13 60.81 24.36 79.72 24 44 3
116 75.71 51.77 0.73 458.05 6 18 2
117 44.04 38.10 31.83 207.76 2 35 4
118 64.48 82.46 22.32 80.69 19 24 3
119 76.42 45.19 34.82 115.45 9 43 1
120 60.98 93.60 40.88 286.58 11 26 2
121 87.81 94.37 44.00 111.61 17 47 3
122 26.98 28.05 44.14 438.18 22 42 2
123 93.83 26.91 48.45 85.97 2 27 2
124 59.32 50.19 26.69 427.51 14 34 1
125 78.60 40.74 9.97 499.23 1 27 2
126 75.80 21.66 49.19 240.07 1 46 4
127 21.67 73.73 9.72 496.03 6 48 4
128 88.69 13.61 34.13 104.35 12 37 2
129 18.34 83.08 16.23 329.60 14 28 2
130 59.01 50.26 16.41 494.98 11 44 4
131 43.02 9.37 12.23 207.39 8 44 3
132 84.16 64.79 15.38 336.09 13 47 2
133 87.26 19.06 5.33 170.98 23 45 1
134 85.78 49.74 24.53 153.18 22 22 3
135 38.15 37.27 31.84 368.48 22 38 2
136 0.05 29.07 31.39 119.68 1 24 1
137 49.74 64.76 13.67 324.18 19 35 1
138 20.94 8.01 44.84 69.43 4 37 3
139 68.29 25.60 14.81 368.27 9 19 2
140 47.60 84.88 26.63 358.22 23 28 1
141 98.50 77.84 20.45 415.10 18 25 2
142 89.36 4.74 15.96 182.37 18 20 4
143 64.73 72.34 40.04 214.51 19 46 1
144 34.27 97.84 39.59 147.93 10 33 4
145 9.80 3.69 37.81 318.11 20 22 4
146 60.57 53.04 4.91 241.39 22 34 1
147 12.45 86.79 31.07 141.93 13 47 1
148 53.41 85.94 1.29 274.75 15 41 2
149 76.08 50.57 19.15 393.10 15 41 4
150 13.83 25.99 8.74 89.81 19 45 3
151 83.75 88.12 0.07 161.90 19 20 1
152 78.30 1.04 8.90 127.68 12 36 2
153 89.99 26.99 30.69 380.05 10 27 4
154 85.91 6.48 1.10 481.75 19 45 4
155 62.91 83.25 40.25 423.78 20 41 4
156 66.36 80.36 21.24 88.21 0 37 2
157 25.65 49.68 39.78 467.46 14 26 2
158 11.90 0.13 5.14 181.21 12 41 1
159 47.90 71.41 16.90 92.43 22 28 1
160 77.45 41.56 22.42 327.92 9 42 4
161 59.67 60.01 32.89 219.81 6 8 2
162 39.23 50.84 28.80 154.51 13 48 1
163 99.92 70.18 0.16 65.54 5 24 3
164 57.00 77.52 45.27 253.60 12 45 1
165 55.37 85.33 16.71 457.88 6 29 2
166 13.69 38.57 32.01 349.79 22 37 2
167 56.04 28.10 22.40 282.61 21 40 4
168 77.24 8.86 1.21 215.53 0 45 4
169 13.69 82.19 48.33 175.33 3 28 2
170 73.01 61.36 32.14 329.49 10 16 2
171 87.90 87.06 27.17 328.98 0 15 1
172 51.06 25.31 44.83 150.36 13 45 3
173 32.00 7.10 41.59 342.68 8 21 3
174 29.07 81.98 13.89 51.13 1 38 4
175 67.40 82.17 47.33 317.28 1 25 3
176 3.81 66.19 23.90 167.44 17 19 3
177 92.48 82.30 2.21 340.36 2 2 1
178 4.88 18.83 0.35 321.85 18 32 2
179 64.81 64.83 4.59 50.71 8 47 2
180 9.98 23.71 11.73 391.06 19 29 3
181 66.42 80.72 13.53 227.53 8 28 2
182 91.57 31.42 19.66 107.12 11 33 1
183 68.55 21.47 49.05 412.83 20 37 1
184 98.63 23.78 5.16 348.18 18 28 3
185 37.53 64.63 9.18 454.11 2 26 1
186 66.35 83.55 32.86 365.40 4 20 4
187 92.81 55.47 42.10 68.35 6 26 4
188 42.49 64.60 35.54 56.37 10 14 2
189 43.76 10.41 18.03 290.32 13 38 2
190 52.58 65.87 49.09 140.97 23 35 1
191 36.49 59.43 15.62 385.11 16 23 4
192 88.40 38.06 2.84 238.83 22 42 3
193 37.75 48.13 50.00 103.27 5 37 3
194 68.31 78.55 24.73 385.52 22 42 2
195 14.91 71.77 14.35 394.30 9 33 1
196 45.38 78.50 29.03 141.57 8 35 4
197 32.08 0.29 38.37 462.46 18 42 3
198 68.12 44.48 27.47 332.84 23 33 3
199 23.79 52.53 37.45 483.88 8 27 4
200 65.74 2.62 27.78 476.20 13 45 3
201 84.83 83.15 33.11 494.37 15 48 4
202 35.97 22.62 45.41 233.75 15 37 4
203 37.80 37.61 9.25 78.76 16 20 4
204 2.01 82.56 8.50 235.78 1 24 3
205 23.33 76.53 38.85 416.26 19 26 1
206 91.95 97.82 28.25 251.99 7 20 3
207 80.53 40.99 22.34 453.80 3 6 1
208 82.31 69.42 22.83 271.52 3 18 3
209 95.66 40.82 8.66 327.29 23 36 2
210 73.79 92.30 3.29 93.57 8 11 3
211 21.77 88.02 13.38 97.29 13 38 4
212 45.22 57.16 11.11 70.18 2 26 1
213 22.77 51.87 7.39 245.47 19 22 3
214 70.05 2.66 30.96 372.99 16 31 4
215 82.15 65.08 12.57 409.55 20 36 4
216 3.98 21.04 48.61 94.51 12 35 3
217 9.07 4.26 40.07 417.82 15 48 1
218 3.14 62.83 48.29 207.92 18 29 1
219 78.53 83.02 5.29 186.09 18 24 4
220 49.97 59.32 35.67 248.49 16 23 4
221 7.22 85.95 25.20 361.88 12 30 1
222 45.88 39.45 27.23 285.14 12 48 4
223 3.05 21.17 12.45 124.46 21 28 3
224 52.67 22.23 2.83 193.72 21 24 3
225 2.70 47.17 45.51 327.19 14 43 1
226 3.58 34.24 11.17 71.78 0 21 2
227 76.35 76.19 11.11 208.62 9 21 2
228 49.95 38.63 18.39 342.22 22 24 1
229 74.18 87.33 1.72 154.82 15 18 2
230 53.75 73.51 20.03 327.14 4 17 1
231 79.61 53.06 7.42 153.19 13 36 3
232 66.01 8.18 27.69 421.62 19 34 2
233 71.84 55.84 8.61 111.69 24 24 1
234 57.39 45.59 33.68 285.10 18 43 4
235 49.04 80.28 41.47 269.81 11 34 1
236 33.96 54.43 48.15 429.29 17 34 4
237 10.26 98.79 48.89 84.65 16 21 1
238 30.15 79.86 28.49 169.54 12 17 3
239 45.71 88.85 14.57 229.16 23 25 2
240 4.01 51.20 36.29 270.64 12 36 1
241 41.84 19.95 10.60 171.72 21 31 3
242 53.94 15.48 25.54 61.71 22 39 1
243 24.10 22.99 42.52 331.29 12 33 1
244 86.62 93.95 29.82 378.64 23 41 2
245 23.04 87.45 17.69 250.02 13 17 2
246 48.85 94.66 41.84 88.78 5 31 3
247 21.06 92.06 2.54 440.83 24 35 2
248 60.76 7.93 40.38 215.85 17 44 4
249 62.63 55.66 22.79 371.96 23 25 2
250 65.43 61.22 41.85 227.42 0 34 1
251 64.80 2.89 10.49 115.15 6 18 3
252 16.28 85.54 4.01 475.15 10 36 3
253 94.67 5.67 32.40 368.66 2 18 3
254 84.18 0.63 47.81 85.95 5 44 1
255 92.27 4.50 21.41 166.08 10 21 3
256 92.25 10.32 33.54 327.63 15 45 4
257 75.94 86.70 25.24 315.55 10 12 4
258 0.85 43.83 9.83 99.13 6 25 3
259 63.73 18.21 7.21 196.66 4 10 3
260 40.75 52.07 8.39 451.28 8 34 2
261 63.90 55.19 42.80 437.24 1 36 4
262 61.63 9.30 34.64 148.48 9 36 3
263 23.37 53.86 36.98 232.71 1 2 1
264 35.22 23.28 41.49 163.18 7 24 1
265 5.40 25.08 24.43 203.69 4 39 4
266 54.76 30.61 8.30 314.29 14 26 2
267 21.17 90.30 7.89 311.74 5 33 2
268 9.34 35.90 13.26 159.16 8 22 3
269 4.09 46.00 32.97 135.19 17 40 1
270 79.53 52.70 6.07 339.09 13 38 3
271 33.48 4.42 15.49 165.01 22 36 2
272 31.99 69.96 37.27 163.57 23 38 2
273 67.24 71.50 18.38 314.55 24 27 4
274 12.80 93.97 31.95 216.07 3 4 3
275 99.24 62.21 40.65 460.74 15 18 4
276 1.20 98.20 3.00 98.24 3 26 4
277 63.50 5.72 1.05 219.89 4 19 4
278 2.04 8.41 18.02 61.64 22 47 2
279 44.42 51.16 49.99 321.79 2 2 3
280 86.25 75.20 43.96 330.83 12 14 4
281 98.63 4.12 11.93 453.43 16 32 1
282 2.36 56.08 36.01 470.65 7 13 3
283 43.10 68.16 49.76 493.52 17 48 3
284 73.23 89.80 21.58 323.94 21 37 2
285 57.20 60.39 16.38 443.86 10 24 2
286 78.66 81.04 41.68 382.66 21 42 2
287 13.34 51.67 30.00 303.34 0 36 4
288 94.57 41.12 35.98 344.62 11 44 3
289 80.60 2.70 36.38 356.23 11 12 2
290 18.78 23.91 6.12 115.00 23 37 3
291 79.08 37.81 29.72 286.73 6 19 4
292 73.19 82.26 40.08 107.61 17 45 2
293 0.61 95.14 29.39 266.02 12 18 4
294 94.20 94.49 33.45 326.70 14 43 2
295 82.19 81.01 9.72 195.75 0 42 1
296 80.43 39.87 45.73 387.61 23 35 3
297 11.22 30.71 29.81 411.86 6 37 4
298 43.49 13.62 41.29 212.63 4 20 1
299 48.67 82.39 36.60 490.13 15 36 2
300 16.70 26.77 40.21 221.60 13 37 1
301 52.95 8.94 15.01 224.25 2 23 2
302 69.56 55.39 14.00 215.16 10 24 1
303 0.25 25.17 37.08 352.36 8 26 4
304 6.77 93.19 12.31 430.58 20 43 2
305 4.28 98.22 2.04 57.13 16 46 3
306 20.18 77.08 45.58 254.86 1 48 3
307 23.50 28.52 30.31 490.65 5 17 3
308 17.55 94.14 33.94 54.21 24 38 1
309 91.53 32.15 44.17 344.34 10 31 1
310 4.51 4.24 15.00 168.08 14 25 2
311 48.04 48.01 13.61 62.44 11 29 1
312 22.30 90.16 40.17 62.48 9 34 2
313 6.76 38.38 18.57 260.08 14 28 4
314 62.52 31.79 11.45 146.69 5 40 4
315 28.50 63.89 26.10 389.45 2 34 4
316 57.25 51.80 43.64 110.09 16 18 3
317 11.13 95.05 26.30 176.85 0 34 3
318 86.72 31.85 19.97 62.12 6 32 1
319 11.70 53.10 25.56 262.89 1 3 2
320 93.16 20.16 48.67 144.96 11 13 1
321 49.69 45.35 6.43 459.42 24 44 4
322 51.42 50.35 38.02 370.36 19 32 4
323 12.74 11.77 5.45 288.44 19 29 4
324 90.97 46.31 16.56 405.55 12 39 4
325 60.51 54.73 2.41 186.23 2 22 4
326 66.44 65.42 40.23 376.48 3 25 4
327 34.57 16.00 13.35 274.19 3 27 3
328 11.83 90.99 31.13 242.62 6 14 4
329 32.45 75.11 28.63 415.17 7 8 4
330 10.60 59.99 39.09 136.67 21 23 4
331 6.01 18.23 19.54 245.36 4 23 1
332 49.17 55.52 10.30 88.91 10 10 3
333 47.09 77.40 15.28 242.22 7 33 4
334 10.70 67.41 46.91 411.22 16 32 4
335 68.77 53.28 18.92 387.67 18 28 2
336 45.91 32.47 45.73 440.77 9 28 1
337 27.39 14.75 15.19 215.24 6 14 4
338 2.98 86.64 35.35 58.20 18 26 2
339 7.89 52.48 26.69 431.47 12 37 2
340 52.95 51.73 25.31 411.45 7 23 2
341 9.02 55.16 40.50 194.39 23 44 4
342 44.12 68.63 15.45 92.46 3 46 1
343 36.07 69.33 36.70 472.08 5 31 2
344 0.58 88.87 29.21 122.01 19 23 3
345 99.30 95.48 4.96 282.51 15 21 1
346 79.30 12.68 18.54 104.91 10 21 3
347 64.50 55.63 4.18 381.44 7 13 1
348 55.52 92.02 32.85 118.55 12 24 3
349 68.54 65.24 42.88 76.97 16 31 3
350 89.33 93.91 39.93 479.10 17 20 1
351 70.27 66.30 29.72 71.65 1 28 1
352 58.67 97.07 6.13 126.14 23 44 3
353 66.62 56.44 29.41 351.30 13 37 1
354 66.20 30.89 38.35 159.13 5 16 2
355 96.84 13.48 6.44 344.50 18 36 1
356 78.34 39.88 33.87 212.62 20 30 1
357 77.57 0.62 4.76 355.26 13 41 2
358 17.42 28.82 7.35 77.50 0 31 3
359 26.02 95.69 44.65 387.56 0 3 2
360 26.29 57.58 15.35 222.42 20 41 1
361 44.18 84.43 48.97 391.11 1 28 4
362 56.21 35.23 8.25 82.65 1 25 3
363 41.03 42.38 38.63 197.00 11 17 3
364 76.86 18.96 27.97 281.88 18 31 3
365 97.73 1.36 13.94 385.00 15 40 2
366 73.44 2.89 12.18 354.69 10 41 1
367 87.42 26.20 26.45 181.61 4 17 4
368 21.24 34.41 37.86 395.76 8 35 4
369 7.54 48.15 21.04 290.76 9 9 2
370 30.26 81.02 29.54 186.63 15 40 1
371 87.24 20.20 34.97 335.15 15 35 3
372 95.71 20.36 13.88 132.89 2 7 4
373 44.94 4.87 26.97 104.07 5 32 2
374 33.67 88.70 23.06 93.72 2 13 2
375 61.13 62.11 11.27 134.97 5 5 4
376 47.91 97.86 32.25 481.67 18 25 1
377 29.65 53.95 28.59 337.17 8 25 1
378 99.48 90.66 10.55 234.65 20 44 3
379 2.04 83.55 36.91 181.32 16 37 3
380 23.84 41.74 32.43 191.26 10 47 1
381 45.37 14.86 6.64 145.07 8 48 1
382 31.28 82.39 21.18 190.84 8 45 2
383 95.50 86.88 48.76 271.76 8 17 1
384 64.05 8.80 10.96 152.64 21 33 3
385 62.67 72.47 26.09 407.66 2 32 1
386 62.92 37.47 23.24 140.56 17 23 4
387 64.21 88.19 7.35 236.39 4 22 1
388 59.62 82.78 16.65 479.69 20 38 1
389 48.50 52.80 30.84 337.37 2 30 2
390 86.91 52.69 33.24 273.36 15 20 1
391 37.38 44.61 30.54 77.19 13 48 3
392 53.14 51.38 10.65 284.04 20 28 1
393 95.52 31.43 44.54 182.20 11 28 3
394 89.68 98.98 37.15 297.87 2 35 1
395 80.36 14.52 20.99 75.03 24 34 4
396 0.60 37.45 3.43 464.60 19 34 3
397 20.99 89.84 19.97 79.49 9 42 3
398 96.72 14.55 3.70 242.38 5 37 1
399 2.06 42.42 45.40 497.75 19 20 3
400 4.24 62.50 47.89 300.53 15 48 1
401 24.27 34.23 33.32 322.60 17 32 3
402 66.81 71.28 7.54 471.29 11 42 1
403 7.18 61.38 11.58 467.87 4 40 2
404 25.79 36.29 15.76 491.57 19 42 3
405 24.80 31.06 16.63 180.79 23 47 4
406 20.80 12.88 35.40 229.05 17 41 2
407 9.02 61.29 44.92 175.79 18 32 2
408 44.07 95.23 46.05 221.05 13 42 1
409 81.97 99.38 49.97 150.53 19 38 2
410 34.68 51.96 24.18 286.13 14 32 2
411 57.76 16.15 38.64 419.88 18 19 4
412 60.73 67.32 36.49 276.37 22 26 4
413 17.55 0.63 38.83 61.37 3 30 1
414 48.06 65.58 32.43 375.75 16 44 4
415 83.84 34.57 26.35 168.60 8 42 2
416 37.43 69.58 6.36 337.01 13 23 3
417 14.02 16.26 1.46 428.88 21 23 3
418 62.28 92.03 3.45 341.61 15 17 4
419 29.79 95.97 0.76 300.77 6 21 1
420 13.37 79.27 9.46 141.77 6 48 1
421 58.44 72.75 27.22 146.56 7 21 3
422 3.45 29.96 23.14 105.44 19 21 3
423 48.37 39.15 2.44 458.67 1 29 3
424 55.28 75.17 19.16 390.12 17 39 4
425 35.31 34.07 26.27 317.39 17 43 1
426 44.40 70.74 26.78 238.29 15 24 2
427 93.67 5.19 31.90 374.93 11 43 1
428 65.55 6.56 30.11 91.45 2 25 2
429 39.18 83.89 14.50 438.84 0 39 2
430 5.43 81.81 35.78 288.89 10 10 1
431 54.97 17.94 10.80 90.38 10 22 4
432 60.05 87.07 11.43 299.80 23 31 2
433 17.28 82.18 26.04 197.79 14 20 1
434 15.08 49.91 18.93 129.50 13 13 2
435 49.00 20.12 31.94 476.03 2 20 3
436 67.87 11.19 32.43 389.34 13 44 1
437 36.31 65.21 7.86 343.11 16 38 1
438 82.80 46.79 45.50 379.25 9 46 3
439 20.05 83.90 5.23 52.28 11 48 1
440 29.47 72.37 8.12 489.84 2 10 4
441 43.47 23.29 44.31 112.62 8 9 3
442 71.61 84.46 37.74 460.65 6 9 4
443 64.22 16.10 21.22 368.58 5 47 4
444 49.82 91.83 32.05 53.87 22 25 2
445 20.25 5.86 13.53 97.85 17 48 3
446 36.44 55.05 27.72 97.14 0 27 4
447 3.60 97.93 42.91 383.65 6 19 4
448 25.51 15.75 44.30 236.30 22 24 3
449 56.80 21.56 19.95 79.37 8 10 2
450 3.97 16.29 9.08 195.72 16 34 2
451 21.99 50.71 15.32 261.04 24 44 1
452 55.88 61.18 15.82 295.39 16 19 3
453 49.93 70.02 14.18 168.40 22 47 1
454 45.28 13.42 11.74 460.93 3 7 1
455 2.17 21.70 15.20 196.27 19 23 1
456 53.70 6.16 12.33 67.23 23 39 3
457 30.19 43.05 5.29 164.71 10 43 1
458 82.43 87.27 23.08 171.31 3 17 4
459 78.91 78.42 49.45 432.99 24 44 1
460 50.95 14.82 0.39 86.27 6 34 1
461 22.68 88.27 44.22 187.97 2 2 1
462 17.28 50.82 9.35 217.10 5 46 3
463 9.84 18.83 10.61 366.10 12 22 1
464 1.62 53.98 41.12 400.04 12 22 3
465 79.90 34.67 15.28 324.78 1 33 1
466 89.49 35.15 47.23 327.86 0 33 4
467 98.98 58.14 41.10 174.29 20 23 4
468 16.46 58.81 30.06 107.84 21 25 1
469 36.37 96.23 43.04 114.49 9 42 1
470 7.80 11.64 46.37 298.42 20 22 3
471 60.55 19.55 7.62 419.40 22 29 4
472 73.28 45.61 25.85 433.57 10 28 1
473 95.56 56.14 7.88 112.38 4 47 4
474 43.12 98.28 43.90 245.74 11 34 3
475 30.37 87.98 16.01 135.41 1 13 3
476 42.28 34.08 20.82 256.27 18 42 3
477 92.52 66.71 37.62 383.38 12 44 1
478 85.23 4.00 43.61 51.07 17 47 3
479 47.59 36.83 1.93 236.82 10 48 4
480 35.64 36.39 29.94 78.69 5 30 4
481 2.45 28.67 28.19 337.94 13 23 1
482 79.09 77.39 30.33 360.32 4 48 1
483 89.91 98.03 2.96 292.20 14 35 1
484 9.80 67.45 41.33 138.37 10 15 3
485 35.96 29.73 9.54 360.28 0 0 4
486 3.72 36.80 39.56 397.83 22 30 3
487 42.34 56.49 31.08 197.86 14 27 3
488 82.72 1.00 37.17 255.32 9 9 3
489 3.16 91.74 41.51 256.64 3 13 3
490 97.69 23.49 38.15 420.43 24 30 1
491 89.28 78.52 40.34 483.03 13 36 3
492 69.06 77.60 16.27 62.09 0 47 1
493 44.26 88.79 30.49 102.63 10 34 2
494 2.66 37.52 14.02 323.52 4 46 2
495 32.02 70.83 47.67 266.36 12 28 3
496 0.56 63.57 13.73 320.19 18 23 2
497 39.65 78.38 44.74 301.11 6 46 2
498 16.53 51.08 36.39 181.44 12 23 1
499 68.22 23.48 48.21 419.49 18 37 3
500 39.68 48.93 23.99 394.97 12 33 4
1 154.37 3437.10 1
2 103.20 4149.67 2
3 103.39 4566.14 3
4 156.83 4988.43 4
5 128.03 3738.08 4
6 146.99 4123.44 3
7 192.12 3260.93 4
1 1.12 49.94 1
2 1.25 36.14 6
3 1.20 28.42 7
4 1.93 40.50 3
5 1.30 33.44 4
6 1.75 25.59 6
7 1.35 44.75 7
8 1.21 32.22 1
9 1.87 43.37 5
10 1.52 37.05 3
11 1.43 27.19 6
12 1.48 25.89 1
13 1.01 39.06 1
