Data for Vehicle routing problem with drones - Author: Huyen Do Thi Ngoc
Number of depots: 1
Number of cities: 200
Number of trucks: 5
Number of drones: 11
Area: 100 100 50
Customer maximum demand: 500
Max capacity of truck: 200
Max energy of truck: 5000
Max capacity of drone: 2
Max energy of drone: 50
1 81.99 74.97 23.15
1 11.19 9.00 30.53 207.02 19 42 1
2 27.03 74.49 14.93 397.96 9 34 1
3 47.89 19.64 22.44 410.65 18 37 1
4 58.88 90.75 15.45 162.52 4 39 1
5 94.70 97.29 14.04 380.00 23 45 1
6 61.99 57.11 48.01 311.46 7 32 1
7 77.17 78.85 9.13 115.58 24 36 1
8 73.06 28.83 20.18 326.88 19 30 1
9 73.33 34.67 33.61 223.44 24 31 1
10 35.34 38.61 10.25 318.46 5 36 1
11 24.54 1.43 14.52 459.49 12 15 1
12 69.94 85.89 29.03 479.22 8 37 1
13 77.39 36.24 36.22 207.87 0 29 1
14 58.95 21.59 35.49 75.90 8 23 1
15 39.60 63.29 40.76 349.18 12 40 1
16 28.63 2.88 29.14 200.55 11 34 1
17 18.32 53.58 32.75 416.00 9 10 1
18 8.77 26.63 3.52 97.01 9 36 1
19 0.35 59.43 8.20 297.94 17 35 1
20 2.83 34.40 28.24 483.00 9 9 1
21 43.36 8.98 39.29 247.84 8 44 1
22 65.81 50.77 21.00 263.01 10 12 1
23 52.71 60.90 39.33 180.22 3 7 1
24 93.85 15.65 47.57 168.66 4 23 1
25 0.48 86.25 11.06 163.36 0 17 1
26 42.96 37.09 19.59 406.10 10 41 1
27 78.03 99.19 10.65 270.87 20 22 1
28 47.13 95.29 16.81 172.14 7 28 1
29 95.90 26.82 29.61 306.71 2 10 1
30 13.09 36.87 5.62 124.54 4 9 1
31 24.68 4.21 14.35 98.74 12 41 1
32 56.42 2.29 1.15 192.36 2 7 1
33 41.17 58.61 46.87 72.34 5 9 1
34 34.75 2.42 14.34 328.83 11 16 1
35 64.65 38.71 30.22 379.94 16 23 1
36 6.05 82.50 5.82 205.04 17 20 1
37 8.96 28.51 46.26 376.44 7 30 1
38 37.16 96.83 7.23 102.41 12 33 1
39 73.37 66.18 36.59 218.73 12 32 1
40 84.66 86.30 14.64 251.15 19 39 1
41 70.47 38.74 35.78 351.29 15 44 1
42 33.07 2.69 37.23 232.00 15 47 1
43 74.90 55.22 16.06 231.72 15 44 1
44 93.58 91.01 35.98 71.46 17 20 1
45 35.24 18.89 40.34 167.81 5 42 1
46 99.90 33.60 5.73 100.80 6 40 1
47 76.88 27.56 39.31 388.77 3 14 1
48 26.19 25.43 18.86 231.44 21 44 1
49 62.23 24.17 46.43 80.47 6 18 1
50 73.05 91.08 1.18 474.05 1 18 1
51 90.03 54.67 32.69 149.21 0 4 1
52 45.11 61.51 33.30 436.15 21 47 1
53 68.51 40.32 17.42 320.88 0 8 1
54 58.81 78.85 46.87 172.38 10 17 1
55 39.71 34.79 18.45 401.60 14 23 1
56 58.15 85.83 25.73 340.31 23 44 1
57 47.39 64.32 33.04 140.80 13 20 1
58 85.43 13.96 14.08 417.08 23 46 1
59 60.91 9.50 30.31 341.09 0 41 1
60 3.16 23.89 42.59 202.18 14 45 1
61 57.56 78.29 30.30 111.77 6 12 1
62 3.65 88.91 14.48 427.82 5 44 1
63 97.33 76.34 26.53 426.59 21 21 1
64 13.96 34.09 36.69 478.30 17 26 1
65 28.45 72.51 3.51 179.78 21 34 1
66 75.26 96.33 26.85 342.80 2 35 1
67 43.98 75.41 12.63 334.98 11 26 1
68 49.76 74.57 14.09 281.44 9 26 1
69 68.89 82.57 12.86 125.39 6 15 1
70 6.07 34.12 48.88 244.76 19 35 1
71 91.34 0.79 9.89 250.45 5 39 1
72 18.65 86.49 31.19 125.39 23 44 1
73 56.00 68.70 3.27 118.37 5 37 1
74 49.78 78.12 46.28 407.93 6 25 1
75 98.64 81.64 4.63 329.24 22 37 1
76 65.66 58.94 36.23 414.79 9 45 1
77 84.70 67.65 35.16 323.95 10 13 1
78 85.51 7.82 45.04 100.16 4 48 1
79 12.94 41.74 35.65 261.24 17 46 1
80 36.84 73.85 43.75 205.29 4 25 1
81 37.75 49.59 47.70 366.67 10 16 1
82 66.95 85.20 33.59 401.08 8 18 1
83 8.76 89.84 4.47 481.11 9 37 1
84 74.07 9.99 21.27 118.91 13 30 1
85 52.11 32.16 33.95 416.21 16 28 1
86 30.49 23.32 0.45 484.54 18 24 1
87 1.79 59.12 2.68 125.09 17 44 1
88 54.49 9.46 4.92 209.61 2 30 1
89 55.72 61.91 40.72 116.67 4 8 1
90 3.53 50.17 49.55 470.99 17 43 1
91 82.84 37.16 41.44 445.96 8 9 1
92 96.27 69.86 48.03 157.29 23 25 1
93 9.35 37.59 17.20 51.19 17 33 1
94 59.54 95.55 16.52 258.50 19 38 1
95 19.57 81.10 24.78 361.63 5 19 1
96 76.94 99.69 12.97 62.50 13 30 1
97 64.92 64.64 20.48 200.69 18 45 1
98 8.46 1.05 31.63 97.20 0 11 1
99 35.91 15.81 21.51 470.78 4 33 1
100 94.43 85.74 35.53 55.21 1 43 1
101 27.40 91.37 28.38 399.50 1 45 1
102 11.79 86.86 46.55 372.97 10 22 1
103 32.45 33.24 15.67 355.24 12 20 1
104 37.41 43.64 36.54 349.76 5 6 1
105 28.21 4.28 36.62 297.19 20 48 1
106 83.41 94.65 11.43 290.68 9 43 1
107 65.98 54.10 0.89 377.73 21 37 1
108 45.79 58.20 14.61 335.11 10 11 1
109 94.86 67.69 38.41 190.99 16 17 1
110 16.10 56.16 36.45 66.15 21 35 1
111 42.12 90.96 21.49 242.90 23 23 1
112 75.43 0.19 4.59 382.69 0 7 1
113 76.61 43.95 23.23 53.64 17 38 1
114 75.47 80.55 19.53 333.37 5 42 1
115 72.63 0.89 26.28 290.88 4 14 1
116 6.98 70.42 24.27 129.17 15 15 1
117 32.44 21.24 36.92 223.02 16 22 1
118 52.74 32.77 4.05 90.23 0 42 1
119 10.31 90.84 16.53 467.15 11 12 1
120 57.78 82.18 45.49 346.02 14 41 1
121 98.89 5.19 37.83 315.78 14 15 1
122 81.18 45.17 32.78 324.73 4 10 1
123 66.19 26.87 15.26 409.14 20 36 1
124 8.42 77.23 30.93 115.63 12 32 1
125 73.62 26.60 48.73 190.32 8 27 1
126 36.34 30.75 18.01 278.86 22 42 1
127 94.71 17.82 39.67 419.29 9 22 1
128 21.27 83.38 2.87 91.13 4 24 1
129 1.53 55.74 5.07 157.99 9 10 1
130 33.94 97.20 22.82 157.94 7 15 1
131 26.12 28.30 36.09 348.12 9 12 1
132 63.52 27.04 44.73 345.48 1 45 1
133 69.45 9.01 13.35 70.37 19 31 1
134 5.21 68.21 5.02 226.57 13 20 1
135 69.72 45.12 32.34 336.57 7 12 1
136 64.10 30.17 25.33 357.62 10 22 1
137 87.72 87.73 14.73 358.13 20 21 1
138 37.01 60.07 38.93 407.95 19 47 1
139 63.24 30.76 31.69 492.27 17 26 1
140 30.62 64.32 12.38 430.92 18 32 1
141 78.33 62.32 28.06 466.16 4 9 1
142 38.46 86.05 27.01 175.91 0 17 1
143 55.01 77.37 33.16 122.57 11 46 1
144 42.73 42.85 26.85 269.19 8 19 1
145 44.55 97.41 19.66 391.86 6 6 1
146 40.54 14.99 19.57 360.31 13 34 1
147 26.42 81.87 8.68 199.79 14 17 1
148 47.77 23.46 31.91 313.91 7 41 1
149 37.84 80.02 44.87 498.48 3 35 1
150 28.51 86.60 25.69 497.72 15 32 1
151 45.65 83.87 43.28 300.72 19 41 1
152 74.95 26.74 9.33 192.42 10 25 1
153 49.29 77.66 8.78 242.57 6 27 1
154 61.99 19.56 48.46 175.00 15 34 1
155 69.95 49.96 21.76 102.65 15 19 1
156 75.95 34.49 9.09 391.28 3 14 1
157 82.71 13.29 20.69 133.94 1 16 1
158 87.25 26.16 25.03 91.38 12 23 1
159 13.51 10.70 13.91 87.19 11 15 1
160 48.41 34.39 14.38 287.97 24 34 1
161 21.66 95.21 3.65 489.17 14 16 1
162 22.52 8.17 26.35 141.40 11 16 1
163 90.24 49.60 42.89 460.87 23 32 1
164 67.40 29.40 46.61 446.89 13 45 1
165 7.49 2.85 44.19 252.91 8 27 1
166 66.39 53.83 7.78 205.31 11 18 1
167 74.52 46.71 3.57 401.03 22 25 1
168 50.83 25.59 41.37 226.02 18 47 1
169 43.86 77.07 32.15 235.94 3 37 1
170 15.64 11.02 46.00 473.17 22 44 1
171 91.85 87.01 49.01 359.90 21 34 1
172 87.87 45.18 5.20 78.92 19 34 1
173 33.63 11.76 19.49 115.82 20 48 1
174 64.89 79.65 10.65 387.80 14 20 1
175 37.49 65.01 49.95 329.56 20 20 1
176 75.14 20.55 13.99 394.85 18 37 1
177 71.91 35.74 37.22 253.80 15 43 1
178 92.29 20.55 27.43 306.21 15 43 1
179 44.62 98.60 47.65 402.68 12 22 1
180 55.88 60.69 9.21 490.80 19 21 1
181 48.01 59.43 23.93 359.44 6 25 1
182 41.11 63.91 38.73 247.00 0 2 1
183 21.01 8.43 4.96 406.65 23 31 1
184 46.69 24.87 31.02 473.77 10 32 1
185 40.92 87.61 16.98 328.53 8 44 1
186 15.01 38.33 16.72 216.67 24 41 1
187 5.28 0.83 21.74 251.29 20 23 1
188 17.62 86.14 7.41 71.08 22 31 1
189 92.92 69.21 24.08 145.95 4 31 1
190 26.34 21.61 33.39 438.02 14 21 1
191 38.79 45.04 5.63 297.96 3 42 1
192 42.07 87.09 24.03 128.50 18 42 1
193 2.17 70.39 3.45 399.64 5 30 1
194 42.87 28.18 24.06 303.90 0 43 1
195 83.21 24.13 26.64 373.04 6 14 1
196 86.90 69.15 25.93 441.48 1 21 1
197 33.12 81.10 24.76 250.26 12 26 1
198 91.38 13.66 30.53 497.60 20 38 1
199 39.07 49.68 31.88 349.98 2 11 1
200 76.69 45.83 8.78 282.19 22 47 1
1 181.97 4732.99 1
2 194.83 3814.28 1
3 172.33 4153.23 1
4 197.87 4272.44 1
5 171.15 4535.32 1
1 1.72 44.20 1
2 1.32 28.58 2
3 1.63 26.86 4
4 1.78 27.20 3
5 1.44 41.00 3
6 1.35 26.36 1
7 1.49 40.00 2
8 1.56 42.85 4
9 1.73 37.18 5
10 1.13 37.84 5
11 1.37 39.80 2
