Data for Vehicle routing problem with drones - Author: Huyen Do Thi Ngoc
Number of depots: 5
Number of cities: 500
Number of trucks: 5
Number of drones: 12
Area: 100 100 50
Customer maximum demand: 500
Max capacity of truck: 200
Max energy of truck: 5000
Max capacity of drone: 2
Max energy of drone: 50
1 11.50 94.66 12.81
2 88.94 72.38 13.60
3 45.92 74.25 16.61
4 41.20 1.67 46.83
5 86.90 28.67 23.04
1 9.33 83.17 37.68 292.85 18 36 4
2 39.85 15.67 33.86 283.25 18 32 1
3 37.38 38.36 36.30 373.71 6 21 2
4 73.68 12.84 14.71 111.94 17 26 1
5 56.53 56.56 11.51 441.95 3 46 4
6 76.03 5.15 43.26 443.74 1 35 3
7 96.21 73.61 23.00 193.56 9 18 5
8 70.17 97.94 47.52 452.56 4 48 1
9 63.66 43.56 43.52 478.67 14 15 2
10 52.37 8.25 28.57 200.26 6 6 3
11 56.73 94.78 8.69 360.13 4 44 3
12 90.73 37.49 49.61 71.13 13 38 2
13 1.55 82.46 13.93 196.26 16 36 4
14 5.90 81.91 38.40 330.04 3 26 4
15 53.10 27.22 26.74 232.62 24 40 1
16 13.42 29.27 36.72 340.52 23 44 5
17 97.52 56.69 48.63 95.25 9 39 4
18 46.94 65.49 11.52 353.99 3 25 4
19 93.48 67.94 17.46 459.44 18 43 4
20 56.87 25.05 1.09 313.78 17 48 2
21 56.67 44.11 27.42 207.04 16 30 1
22 26.40 49.82 47.78 441.31 15 42 4
23 84.62 94.73 32.59 84.36 8 11 2
24 90.81 42.68 47.33 420.83 1 9 2
25 41.29 32.67 31.78 433.44 3 16 3
26 94.28 60.00 23.47 344.72 12 16 2
27 89.07 69.79 48.30 270.51 9 15 4
28 53.04 9.17 4.71 454.04 15 41 3
29 91.39 18.67 15.18 79.52 3 34 2
30 70.12 82.68 33.42 151.75 0 5 5
31 37.74 54.57 37.72 404.05 3 47 5
32 67.44 21.30 19.16 102.42 10 31 2
33 69.94 92.51 18.55 374.13 7 19 1
34 58.88 22.28 16.38 195.40 15 48 3
35 21.93 0.43 14.59 126.55 0 27 4
36 27.23 79.85 38.95 211.56 11 48 4
37 91.75 46.44 8.86 248.67 23 25 1
38 40.59 60.35 31.94 82.92 0 4 1
39 69.79 91.08 2.98 104.56 21 27 1
40 92.95 8.82 20.85 430.62 7 11 2
41 81.04 57.91 25.43 264.08 10 39 5
42 66.80 30.90 31.38 240.59 9 34 3
43 97.04 12.19 27.47 331.40 16 27 1
44 80.99 1.60 27.63 108.43 7 21 2
45 6.63 9.62 3.63 50.85 20 33 2
46 73.85 51.64 46.02 178.82 15 43 5
47 16.47 79.13 38.17 427.01 12 34 5
48 96.13 27.45 1.78 233.28 17 48 5
49 63.72 22.24 44.20 452.62 16 43 4
50 75.41 46.71 12.73 247.96 15 45 5
51 50.29 27.37 16.69 337.25 8 42 4
52 29.06 58.56 30.79 386.77 19 39 2
53 68.32 47.90 48.21 307.47 18 44 3
54 98.46 5.61 22.67 289.31 13 31 1
55 89.84 39.83 37.50 244.87 1 2 4
56 74.55 38.94 11.06 162.83 9 28 4
57 54.14 14.60 49.63 432.78 8 32 4
58 9.90 92.05 11.64 263.86 20 20 3
59 94.72 44.28 4.53 341.20 0 1 5
60 6.63 69.48 24.25 297.60 11 27 4
61 36.76 92.49 9.83 446.28 21 42 5
62 74.63 43.49 5.22 87.36 0 4 4
63 74.27 52.03 7.50 282.63 7 28 4
64 67.41 53.69 18.79 160.04 3 7 3
65 74.98 99.59 41.76 312.84 7 32 1
66 78.58 52.74 25.84 318.39 20 26 2
67 38.12 17.90 46.30 406.21 12 32 4
68 75.03 73.24 37.55 354.95 11 29 4
69 28.55 0.34 3.25 499.90 2 43 1
70 6.00 8.19 9.78 291.76 4 47 4
71 78.72 55.91 43.45 481.57 12 19 4
72 12.58 74.09 19.85 292.18 15 31 2
73 22.76 78.42 26.99 216.26 1 48 5
74 1.78 3.73 11.66 390.51 21 31 1
75 93.21 75.18 15.66 184.94 20 41 1
76 10.35 89.64 4.87 50.77 8 20 2
77 69.18 81.13 44.31 371.34 13 48 4
78 64.38 44.91 31.95 136.78 1 7 4
79 94.80 45.04 49.18 242.29 3 22 2
80 8.56 80.69 25.29 294.07 2 43 3
81 67.84 62.80 49.36 164.50 9 42 1
82 15.58 73.88 3.88 333.54 22 47 3
83 16.26 22.66 34.76 112.38 1 21 2
84 99.36 62.74 18.33 180.69 21 47 4
85 60.88 51.58 1.15 88.34 7 15 1
86 23.37 68.30 40.36 56.60 22 46 1
87 15.99 50.96 5.07 431.91 7 46 3
88 79.97 98.89 0.20 185.43 18 33 5
89 94.68 44.93 39.24 309.64 20 20 3
90 71.71 20.32 14.12 416.60 19 27 5
91 50.89 3.35 1.62 340.88 24 42 1
92 46.21 87.38 4.85 119.30 14 35 4
93 91.65 17.54 5.25 408.79 10 32 5
94 94.62 54.71 14.06 421.31 5 36 3
95 0.22 2.41 15.74 437.85 16 26 2
96 39.09 3.94 33.78 429.21 3 10 1
97 98.17 75.19 44.21 270.95 18 24 4
98 7.30 42.12 14.72 56.25 15 45 5
99 61.67 31.09 19.81 384.56 0 39 2
100 56.94 0.13 9.76 491.82 3 44 4
101 94.30 66.65 16.82 144.19 1 8 4
102 62.75 41.21 12.87 414.99 3 42 1
103 21.30 34.82 28.00 488.58 7 35 1
104 60.57 34.43 34.15 310.14 6 32 2
105 7.98 0.75 27.15 143.20 0 44 5
106 12.58 21.12 36.36 219.98 12 16 2
107 26.87 75.92 18.86 179.29 16 38 5
108 84.28 57.09 8.19 205.81 20 28 2
109 80.03 27.00 7.00 426.65 3 15 3
110 50.43 54.98 17.99 143.01 1 1 2
111 80.63 63.93 38.04 271.69 19 34 3
112 38.54 88.39 23.06 186.29 9 26 1
113 56.12 40.66 39.44 343.93 15 37 3
114 11.56 1.24 6.59 93.66 17 25 3
115 41.85 79.02 47.31 356.58 17 43 1
116 96.70 3.10 46.95 415.03 6 10 4
117 36.05 88.38 4.10 55.07 12 17 5
118 15.25 53.18 19.22 224.92 9 32 1
119 70.17 50.11 41.29 245.53 5 16 4
120 96.56 27.87 17.20 496.69 9 29 1
121 26.08 30.62 29.44 90.98 22 47 5
122 65.54 50.49 20.39 196.06 4 30 4
123 85.38 77.17 19.43 317.71 22 38 4
124 82.30 91.30 19.20 357.25 17 33 5
125 28.70 38.00 39.12 180.15 18 38 5
126 25.69 1.00 19.24 327.15 10 42 3
127 6.51 36.82 48.25 325.75 19 35 5
128 28.64 20.75 5.18 116.75 11 40 4
129 92.23 87.07 6.47 340.41 0 11 2
130 87.15 62.93 25.03 137.78 22 41 5
131 36.92 59.06 20.32 425.07 19 40 5
132 5.08 65.68 7.59 490.65 12 36 4
133 23.93 96.75 7.18 288.06 6 34 3
134 83.77 83.56 32.92 384.35 2 25 3
135 64.07 39.52 0.75 380.77 22 35 5
136 39.33 16.00 6.57 391.69 16 43 3
137 13.22 20.98 14.77 425.76 20 29 2
138 91.87 12.70 15.30 340.96 11 41 1
139 14.46 97.40 10.92 401.56 13 28 4
140 97.31 60.02 35.54 174.29 1 9 5
141 49.63 63.09 36.05 186.63 3 34 1
142 10.18 16.08 24.86 145.77 17 42 2
143 20.07 67.24 25.22 69.59 21 23 4
144 12.54 8.67 48.15 491.23 0 40 3
145 81.85 46.62 42.66 400.33 9 19 4
146 69.77 48.81 10.24 117.84 4 12 2
147 78.14 81.65 34.93 121.17 11 45 3
148 44.20 16.33 39.09 165.86 11 27 2
149 47.24 73.99 35.53 370.68 13 30 1
150 58.53 6.79 2.99 277.97 19 42 3
151 26.29 33.79 16.50 495.28 22 40 4
152 35.23 65.32 36.19 170.13 3 26 5
153 34.32 34.17 30.48 111.08 24 29 3
154 13.85 14.75 41.43 218.80 0 18 1
155 60.94 91.92 33.83 333.96 14 41 3
156 0.54 70.29 10.34 432.72 7 17 3
157 49.10 63.77 19.50 182.71 10 13 2
158 30.32 9.62 48.56 216.47 11 45 1
159 48.60 98.85 7.52 145.73 17 47 4
160 8.90 53.10 33.64 255.12 16 21 3
161 2.14 43.77 34.98 168.44 16 36 5
162 9.41 41.92 20.85 306.91 14 45 1
163 34.41 10.74 7.83 477.49 11 41 5
164 21.84 24.17 0.88 450.43 14 43 5
165 6.55 37.73 7.91 429.15 11 26 5
166 46.11 99.55 38.08 420.39 1 13 3
167 94.67 27.05 49.47 277.45 16 31 3
168 83.85 0.88 45.88 478.81 0 8 5
169 18.85 33.21 39.17 236.61 15 46 4
170 86.32 86.80 36.58 129.25 23 25 2
171 57.27 57.69 26.22 295.43 0 34 2
172 54.41 74.45 7.96 87.53 12 35 4
173 62.38 70.75 45.51 363.87 23 45 1
174 13.85 98.13 5.41 227.02 19 24 1
175 98.06 0.44 13.88 215.52 9 24 5
176 63.42 97.35 12.97 301.01 20 46 2
177 26.11 41.87 36.97 217.43 8 44 2
178 87.12 98.24 26.67 495.75 20 32 2
179 88.06 0.51 42.20 250.86 16 21 3
180 26.67 31.66 15.12 358.25 8 27 1
181 69.57 27.71 4.18 66.01 7 16 2
182 84.25 38.34 49.30 497.58 6 22 2
183 38.39 54.06 17.83 189.50 12 22 5
184 55.40 86.95 45.67 138.53 24 32 3
185 15.64 75.65 1.49 367.54 22 39 4
186 81.99 85.89 18.09 240.41 20 35 4
187 77.77 84.83 33.84 436.02 1 46 5
188 40.06 77.73 9.25 99.96 3 38 1
189 2.77 97.57 35.99 139.70 24 32 1
190 83.64 62.41 3.60 286.32 7 27 4
191 16.99 79.77 16.52 96.58 24 42 3
192 27.18 20.92 5.01 236.11 17 37 2
193 26.89 20.95 38.34 137.03 13 48 2
194 29.40 68.00 5.41 77.94 19 31 3
195 5.07 8.97 33.05 119.22 20 39 4
196 10.26 21.47 14.17 251.67 2 38 3
197 14.62 76.86 12.68 90.23 9 16 2
198 20.31 13.50 2.58 56.65 19 40 4
199 82.18 98.12 7.78 312.55 17 28 1
200 55.57 43.92 17.29 258.58 11 17 5
201 37.82 55.69 17.60 423.05 2 4 4
202 15.60 42.82 38.24 485.13 17 44 3
203 0.44 49.32 18.52 287.55 10 19 5
204 40.80 93.34 32.95 338.62 24 38 2
205 11.37 19.57 38.25 237.91 18 19 4
206 76.82 44.87 12.20 450.87 20 36 5
207 9.39 58.59 40.44 429.57 0 48 5
208 37.01 92.08 35.49 240.19 10 10 4
209 6.45 88.60 3.36 435.09 15 47 5
210 70.58 54.23 48.36 443.06 5 11 4
211 95.71 33.78 41.01 474.18 18 26 2
212 74.00 72.38 2.78 341.29 0 39 4
213 89.76 75.58 17.10 230.49 22 42 1
214 1.77 79.11 38.62 50.15 3 18 5
215 65.71 56.58 30.96 293.20 6 32 1
216 36.42 48.11 19.83 133.41 19 46 1
217 95.11 13.83 14.43 169.09 1 4 1
218 15.15 73.00 41.43 444.03 24 38 2
219 60.91 60.65 10.06 50.92 17 43 3
220 10.00 32.90 36.59 287.94 2 46 5
221 6.04 43.70 12.57 340.05 24 32 2
222 68.77 97.90 22.44 65.26 23 48 3
223 59.39 86.87 33.37 266.86 9 30 3
224 65.87 65.75 22.35 295.08 6 21 5
225 42.85 11.61 42.89 108.67 3 6 2
226 28.83 52.87 25.74 404.00 22 42 3
227 86.78 46.24 39.81 97.51 22 25 3
228 62.53 80.24 1.92 202.10 5 25 1
229 16.51 63.77 1.72 57.58 20 22 5
230 36.57 91.97 28.59 52.59 18 41 1
231 11.67 91.96 20.60 490.75 17 45 2
232 93.30 70.62 11.22 147.56 2 11 5
233 60.71 4.03 22.19 163.97 8 11 3
234 23.27 15.40 37.09 437.89 17 26 3
235 8.87 92.82 12.67 352.88 9 29 2
236 42.54 61.54 1.93 445.93 4 26 5
237 70.29 94.73 13.60 186.02 2 23 2
238 97.87 23.63 30.45 348.77 20 20 4
239 19.65 99.67 6.29 66.07 0 41 1
240 97.07 30.42 14.12 136.49 1 6 4
241 42.25 11.76 30.81 420.36 11 26 4
242 55.49 81.09 47.20 75.68 3 33 4
243 80.89 18.62 25.18 363.31 18 40 1
244 89.22 85.22 46.34 333.49 19 36 3
245 49.75 53.28 15.51 473.02 15 22 5
246 61.65 91.36 45.36 349.70 20 41 5
247 57.27 29.59 44.10 416.52 15 26 3
248 93.43 64.19 48.75 126.97 11 15 5
249 91.69 20.60 6.43 403.58 21 44 4
250 16.36 94.48 2.38 329.55 19 40 2
251 33.09 58.62 39.88 101.36 20 29 1
252 21.89 81.67 1.75 312.95 20 30 5
253 95.34 48.79 32.34 59.06 16 19 2
254 27.46 52.38 26.82 257.64 1 9 3
255 12.86 50.78 3.96 279.52 5 41 2
256 53.73 87.42 32.16 465.70 22 40 2
257 72.39 8.30 30.58 283.00 1 30 3
258 1.60 72.03 12.73 474.85 18 37 3
259 45.39 37.55 7.02 151.08 6 17 3
260 17.90 40.50 49.24 141.35 9 11 4
261 69.26 34.54 29.38 156.51 17 20 2
262 53.81 2.79 28.47 273.41 24 26 2
263 83.88 44.18 21.40 157.11 3 37 3
264 87.98 29.46 39.33 52.26 3 9 5
265 43.39 94.70 46.61 55.48 7 43 5
266 61.81 10.12 0.34 389.11 12 40 2
267 45.46 25.85 5.85 226.54 4 34 3
268 54.63 42.70 2.79 206.63 5 35 3
269 65.49 27.11 21.75 251.46 16 21 2
270 1.62 88.90 6.65 469.46 18 34 4
271 56.46 5.50 41.42 416.35 4 39 1
272 29.23 94.03 4.72 53.22 14 39 4
273 36.89 36.88 33.64 462.50 21 39 2
274 10.00 64.98 26.48 213.26 18 30 5
275 5.08 31.78 21.93 138.97 19 46 4
276 48.86 5.42 17.12 333.34 21 22 3
277 56.24 39.06 18.14 125.06 17 33 2
278 52.61 11.61 12.46 115.54 20 30 3
279 85.36 87.48 41.50 247.17 15 43 4
280 27.72 53.86 26.04 184.72 6 11 3
281 57.17 33.08 39.35 329.72 12 25 3
282 20.60 36.82 28.41 323.42 24 26 5
283 32.42 75.83 26.66 220.96 2 33 4
284 54.45 31.42 44.39 395.88 9 21 4
285 50.18 63.48 23.79 267.34 3 33 3
286 80.07 90.13 14.68 76.13 22 22 4
287 10.06 70.71 42.79 281.32 5 38 5
288 40.11 12.96 26.15 337.96 3 46 1
289 3.98 56.55 24.53 92.44 10 29 1
290 99.20 52.08 6.72 264.26 15 46 2
291 13.18 53.90 41.26 425.70 8 20 3
292 87.69 72.88 21.92 126.01 19 47 4
293 80.38 66.41 15.15 241.07 4 44 4
294 90.82 45.53 31.15 374.60 19 27 5
295 37.24 31.83 38.63 87.43 24 47 5
296 37.72 80.48 25.51 375.50 6 27 5
297 35.35 59.09 20.81 232.82 15 17 1
298 91.13 40.89 23.74 332.97 10 11 5
299 52.14 6.04 27.84 340.40 6 29 5
300 24.70 48.01 43.79 68.86 1 47 4
301 73.20 56.59 10.27 276.40 21 30 3
302 27.28 40.23 27.00 145.82 16 19 1
303 4.12 40.00 21.69 269.26 5 45 4
304 97.04 28.41 46.97 414.06 10 46 4
305 26.18 97.80 25.27 459.61 8 34 5
306 61.47 94.21 49.99 467.22 7 41 5
307 69.60 0.94 15.82 118.63 9 47 1
308 29.98 17.28 39.52 131.85 22 46 1
309 25.84 92.05 29.05 322.79 5 36 2
310 15.75 0.41 0.62 162.01 15 32 4
311 97.31 89.99 9.23 205.09 13 41 2
312 46.08 85.44 28.03 348.83 5 11 2
313 46.91 45.17 20.84 84.66 23 27 3
314 99.96 71.70 28.83 407.02 3 19 3
315 93.21 13.25 23.20 404.87 15 15 1
316 29.01 89.80 40.92 97.48 19 28 5
317 33.12 55.38 44.02 53.50 5 36 5
318 9.76 78.91 20.38 170.82 21 43 4
319 53.62 92.29 13.49 180.14 23 35 5
320 7.45 10.39 2.72 329.69 2 22 2
321 91.06 22.88 4.34 468.19 8 33 3
322 29.28 27.38 48.39 285.96 23 26 1
323 5.04 58.02 2.35 180.18 15 29 3
324 67.92 13.18 7.20 302.84 6 47 2
325 82.60 60.27 36.61 224.60 24 29 4
326 64.51 78.58 21.17 297.27 24 39 1
327 90.41 37.47 44.17 361.02 23 37 1
328 48.99 52.27 18.63 490.51 20 46 2
329 25.51 35.91 45.53 116.64 1 12 3
330 6.89 27.79 4.25 65.30 8 10 5
331 54.11 16.19 34.31 396.93 2 2 2
332 47.63 54.67 5.68 52.34 18 42 3
333 31.37 30.64 35.04 197.04 21 45 5
334 44.57 69.96 28.22 463.08 24 36 1
335 50.27 41.87 26.60 148.36 10 10 2
336 66.28 3.53 1.65 419.95 5 6 4
337 61.33 19.91 44.73 455.60 7 29 3
338 77.23 44.46 38.15 110.65 16 34 4
339 73.97 67.90 22.70 315.48 15 19 1
340 96.49 52.54 44.96 212.37 3 31 5
341 49.99 14.75 6.39 249.75 10 21 5
342 30.28 22.84 45.87 133.19 9 34 2
343 76.56 98.95 14.03 407.56 0 36 4
344 76.56 27.91 42.86 403.56 8 11 1
345 54.22 69.27 43.55 274.90 11 42 4
346 90.92 38.18 33.20 483.21 23 31 1
347 52.41 78.59 17.63 98.98 4 39 2
348 75.35 36.71 43.08 458.75 15 28 3
349 20.32 32.74 35.83 493.00 6 43 3
350 53.36 94.37 31.83 373.76 20 37 3
351 71.57 39.00 32.24 64.01 18 42 1
352 5.77 14.17 7.41 191.21 1 35 1
353 65.39 43.71 12.38 259.69 8 9 1
354 21.21 43.39 18.67 198.11 9 33 3
355 3.26 43.27 14.70 356.04 3 47 3
356 55.46 38.19 45.97 372.63 6 42 4
357 56.43 56.87 37.19 181.09 21 48 2
358 58.80 68.67 36.93 174.98 13 25 4
359 94.42 49.18 39.46 449.70 15 46 2
360 11.81 18.87 1.46 183.73 14 40 3
361 86.04 5.06 0.87 398.57 13 47 5
362 21.74 89.43 18.70 108.23 5 28 2
363 23.98 50.12 1.29 448.37 22 36 2
364 62.95 10.53 17.70 375.01 10 47 2
365 20.76 43.32 35.22 278.75 18 44 2
366 98.70 85.16 17.26 229.92 16 34 2
367 67.85 54.19 26.20 496.30 7 13 1
368 23.25 19.20 27.38 83.69 2 19 5
369 94.62 88.76 20.17 152.23 20 38 1
370 36.20 54.50 16.75 287.04 21 28 4
371 52.75 64.85 10.74 221.79 19 20 4
372 39.47 38.86 16.38 387.05 16 48 1
373 41.44 49.34 47.25 57.24 1 31 3
374 22.23 54.78 42.83 78.81 23 37 2
375 63.48 93.81 34.03 469.12 14 16 2
376 36.70 42.68 0.29 61.70 8 27 3
377 15.33 97.80 12.45 407.68 3 25 4
378 63.76 68.81 3.90 225.74 17 35 5
379 49.68 75.24 28.12 81.40 23 25 3
380 87.71 98.88 47.71 169.62 17 28 4
381 1.85 46.08 33.12 241.73 15 48 1
382 68.79 56.83 21.56 298.77 24 28 2
383 41.58 43.73 22.22 294.25 24 37 3
384 74.21 43.93 39.27 189.62 1 45 4
385 78.63 35.65 4.43 353.05 7 45 5
386 33.34 50.62 45.27 215.71 8 14 2
387 63.08 9.85 28.89 216.59 9 35 3
388 75.54 66.47 24.80 141.79 17 20 2
389 33.40 59.77 17.31 213.53 7 30 4
390 10.11 64.93 25.76 349.03 8 43 3
391 73.33 12.61 19.33 478.59 24 38 3
392 44.77 99.96 8.92 369.39 14 25 1
393 38.74 4.85 0.48 79.54 19 39 5
394 65.12 74.47 39.35 467.55 2 42 4
395 30.64 66.84 35.15 98.20 7 29 5
396 21.13 36.73 2.25 112.48 24 25 1
397 65.69 62.51 33.43 124.50 22 48 5
398 97.51 95.98 27.72 85.13 21 24 1
399 14.12 57.94 42.75 203.49 1 12 2
400 99.63 31.18 13.61 420.84 1 2 2
401 9.65 24.92 7.82 333.76 9 12 2
402 5.82 18.68 29.03 419.26 15 46 4
403 98.23 64.91 17.57 497.96 9 36 3
404 69.79 98.19 34.29 54.29 18 32 2
405 94.60 96.67 18.37 447.69 8 13 5
406 27.70 18.64 7.84 422.62 6 33 4
407 60.27 98.82 2.18 295.47 17 46 5
408 4.70 25.86 40.11 321.84 0 25 5
409 53.85 4.66 26.64 311.49 0 1 3
410 15.13 74.79 28.24 445.15 0 15 1
411 63.58 40.06 32.96 400.49 17 36 2
412 73.41 62.71 24.42 428.75 20 34 4
413 29.40 23.05 47.44 310.56 16 19 2
414 35.71 42.14 14.40 215.62 0 41 1
415 51.01 95.82 2.44 70.95 11 18 3
416 10.46 57.81 19.87 85.19 15 38 2
417 99.94 53.52 30.41 143.86 17 28 5
418 13.92 33.37 11.39 180.35 17 48 2
419 39.80 61.27 38.79 441.67 9 41 1
420 16.32 27.49 5.11 245.21 15 31 1
421 92.70 16.60 14.02 97.64 13 19 4
422 52.97 77.49 29.92 410.84 1 32 1
423 72.34 49.03 34.33 324.02 12 13 3
424 87.98 41.95 9.01 446.28 22 22 1
425 54.87 5.59 18.47 186.36 8 35 2
426 44.33 14.07 16.06 236.40 13 41 3
427 47.11 29.10 18.41 321.16 9 31 3
428 44.66 1.88 33.08 96.46 24 32 5
429 54.84 40.20 6.25 277.36 0 5 3
430 34.02 36.42 46.72 274.86 21 27 3
431 48.07 96.71 32.87 479.81 0 30 3
432 79.05 76.34 30.85 301.22 4 14 3
433 3.01 58.03 19.28 332.78 21 37 1
434 18.55 70.68 19.87 204.65 24 32 3
435 34.34 1.10 18.17 447.37 22 36 5
436 11.31 79.29 36.00 315.24 2 40 4
437 9.56 41.99 33.78 69.23 2 33 1
438 52.70 32.98 38.27 399.20 24 43 4
439 48.83 47.03 28.97 395.01 6 18 1
440 91.87 82.69 40.18 340.43 0 31 1
441 17.02 75.51 43.87 368.56 3 33 3
442 28.21 97.27 11.17 296.39 7 26 5
443 62.71 14.56 36.77 86.67 4 32 4
444 76.36 86.80 29.20 97.73 8 47 4
445 90.90 52.01 16.56 433.15 13 34 4
446 52.73 21.06 21.31 237.96 19 27 2
447 50.90 43.07 36.77 441.89 13 35 2
448 60.84 56.90 27.80 101.21 3 18 1
449 27.65 69.98 46.85 317.94 18 48 3
450 3.97 82.80 45.41 58.85 9 24 3
451 72.24 65.34 1.95 204.66 21 34 1
452 19.52 62.81 2.19 51.80 9 27 4
453 4.06 67.13 45.96 321.61 20 47 2
454 74.09 49.95 7.22 333.93 15 45 1
455 45.93 27.46 0.33 431.84 20 20 3
456 85.22 51.99 36.97 114.42 6 26 5
457 61.20 57.79 41.39 427.88 18 22 5
458 27.13 10.46 6.13 98.31 11 11 5
459 84.18 59.45 33.53 50.70 15 29 3
460 47.54 47.31 46.40 241.87 23 47 5
461 14.52 3.39 11.11 156.89 0 39 1
462 6.56 13.98 4.67 90.67 20 21 5
463 13.41 11.61 24.25 140.48 18 43 5
464 59.22 55.52 42.55 298.09 21 22 5
465 88.30 96.43 28.54 492.01 13 23 5
466 55.73 63.81 26.06 276.46 11 18 4
467 10.17 9.87 46.61 482.95 12 30 2
468 70.79 25.19 32.56 398.74 20 41 5
469 12.56 34.72 45.56 119.09 19 20 1
470 34.97 48.65 39.82 64.88 18 34 4
471 9.36 39.29 48.49 284.44 20 32 5
472 67.27 34.33 27.48 58.45 0 33 5
473 69.26 46.11 2.28 140.35 12 12 1
474 98.01 34.71 20.61 336.19 0 15 4
475 2.21 22.22 32.55 123.57 5 35 1
476 14.25 39.81 18.89 339.09 20 24 2
477 39.08 7.00 49.42 191.15 19 47 3
478 73.83 15.81 6.44 297.15 9 46 1
479 88.89 73.06 29.81 187.62 0 31 4
480 63.20 58.31 44.31 50.05 4 43 3
481 95.45 6.53 42.42 272.68 17 44 5
482 21.77 29.17 33.14 132.62 6 28 1
483 56.31 84.72 42.79 155.52 15 32 3
484 10.43 16.99 10.84 277.79 15 23 4
485 87.69 78.14 9.95 274.35 12 45 2
486 41.37 90.43 46.84 184.49 12 12 3
487 81.99 37.30 8.03 375.29 10 25 3
488 84.30 11.00 20.87 69.67 12 31 4
489 33.90 99.24 25.87 320.28 3 42 4
490 92.16 61.82 6.02 113.90 0 29 2
491 56.27 57.45 4.49 458.75 11 26 5
492 90.12 60.13 9.20 463.41 3 16 1
493 45.92 55.01 49.11 219.22 21 23 2
494 91.77 37.15 31.20 343.09 22 34 4
495 21.61 96.41 12.26 475.33 19 25 5
496 82.77 5.12 24.94 184.79 15 23 4
497 66.11 86.77 9.02 101.92 8 25 2
498 40.35 90.24 40.64 344.82 14 22 3
499 65.20 4.60 37.60 427.77 2 38 2
500 50.70 48.08 16.84 345.22 15 16 5
1 188.87 3625.40 1
2 189.24 3486.01 2
3 152.86 4384.97 3
4 135.36 2873.67 4
5 186.12 3015.64 5
1 1.75 32.11 4
2 1.99 45.78 4
3 1.69 42.65 5
4 1.90 41.23 3
5 1.35 42.85 5
6 1.77 36.73 4
7 1.49 38.09 4
8 1.70 43.93 2
9 1.60 47.45 5
10 1.76 30.15 1
11 1.60 37.78 5
12 1.58 38.71 3
