Data for Vehicle routing problem with drones - Author: Huyen Do Thi Ngoc
Number of depots: 3
Number of cities: 200
Number of trucks: 3
Number of drones: 3
Area: 100 100 50
Customer maximum demand: 500
Max capacity of truck: 200
Max energy of truck: 5000
Max capacity of drone: 2
Max energy of drone: 50
1 64.55 32.41 8.57
2 29.56 14.26 25.46
3 59.22 28.29 29.74
1 97.66 81.17 31.29 139.81 6 15 1
2 93.02 84.72 28.67 418.26 4 47 3
3 43.33 66.60 15.43 358.95 20 40 2
4 73.27 18.97 11.15 363.60 15 42 2
5 92.25 63.80 44.50 464.24 22 32 2
6 84.04 59.42 8.25 350.11 19 42 2
7 51.09 11.13 16.79 488.99 5 41 1
8 49.01 32.29 14.36 104.85 8 32 1
9 23.87 61.17 37.13 460.09 17 34 3
10 21.29 8.12 27.92 112.78 7 13 2
11 59.29 3.17 23.00 96.75 15 31 1
12 40.02 26.92 24.81 238.68 18 48 2
13 72.37 95.22 10.38 382.56 19 47 2
14 27.90 39.48 15.11 370.04 22 29 2
15 19.86 15.59 44.92 140.54 9 36 2
16 48.38 41.10 33.63 273.02 17 39 2
17 56.92 9.24 44.76 199.74 24 35 1
18 10.57 37.36 5.49 221.99 22 24 3
19 39.15 39.38 3.66 475.11 0 23 3
20 85.72 91.62 40.95 462.78 22 47 3
21 48.83 53.99 23.46 200.85 23 37 1
22 60.17 42.27 9.50 217.16 19 40 1
23 4.11 83.90 35.96 242.79 4 12 1
24 78.99 28.67 33.49 391.64 10 35 3
25 78.45 44.90 1.85 179.41 17 26 1
26 7.08 25.83 35.11 243.28 18 41 3
27 78.86 45.77 39.95 153.70 20 44 3
28 17.78 17.13 27.45 110.09 0 38 2
29 24.18 81.42 23.78 471.99 21 42 1
30 71.44 20.55 2.74 292.06 2 2 3
31 11.24 45.33 22.31 273.46 19 38 1
32 61.95 80.12 48.50 459.05 20 47 3
33 83.11 4.03 25.08 414.67 24 43 2
34 22.95 73.55 16.25 362.65 24 48 3
35 48.99 47.46 7.07 431.53 7 39 1
36 69.30 29.00 23.53 140.75 5 15 3
37 90.75 4.76 20.04 456.46 9 35 3
38 74.30 74.59 7.33 298.79 5 12 2
39 55.03 43.43 11.64 128.58 4 32 1
40 13.69 33.76 49.81 173.36 0 31 3
41 33.24 51.51 25.44 180.11 20 34 3
42 67.75 76.78 29.50 221.66 14 29 3
43 57.83 55.23 32.76 428.31 22 34 1
44 60.05 24.73 11.13 431.07 17 33 2
45 17.64 96.05 4.13 276.72 13 36 3
46 57.89 4.43 6.76 440.97 18 41 3
47 61.55 39.17 40.11 190.19 13 36 3
48 47.80 97.62 29.29 241.27 21 34 2
49 40.13 79.33 36.40 265.96 11 16 3
50 92.32 22.35 21.89 190.65 17 26 2
51 31.54 13.23 9.68 479.10 10 14 1
52 65.64 19.27 45.57 326.78 0 36 3
53 22.86 81.53 46.41 423.34 12 23 3
54 54.52 45.73 45.85 322.60 4 20 1
55 34.61 31.26 35.39 91.04 10 17 3
56 21.24 26.90 44.54 309.48 9 35 3
57 27.44 91.13 29.96 262.75 23 34 2
58 69.00 37.24 31.86 164.77 22 29 2
59 5.68 69.55 33.53 60.73 22 26 1
60 22.52 20.91 42.48 93.45 1 5 3
61 2.67 42.83 16.13 323.53 0 1 1
62 10.50 69.73 22.46 402.64 11 34 1
63 66.84 37.89 48.77 267.42 12 44 1
64 95.00 45.77 18.59 65.26 24 33 3
65 65.71 11.57 8.53 365.85 1 25 1
66 56.39 57.73 41.33 124.08 7 14 2
67 2.00 99.24 13.26 423.46 22 22 2
68 3.73 97.95 49.96 281.55 0 4 3
69 73.86 51.09 34.36 300.02 20 33 1
70 31.26 80.78 17.94 405.52 22 46 3
71 15.89 26.40 47.58 311.24 9 35 2
72 98.83 87.68 8.89 151.12 1 42 3
73 62.55 17.75 34.20 480.29 6 8 2
74 41.53 78.81 37.05 413.21 11 18 1
75 44.56 57.13 25.32 326.79 6 34 1
76 18.01 63.06 24.58 418.69 16 19 1
77 98.22 98.45 6.20 362.36 16 21 2
78 18.19 63.04 27.79 253.90 1 14 1
79 42.72 80.62 7.18 173.71 17 28 1
80 31.50 21.44 12.74 364.39 21 29 3
81 61.05 5.20 28.59 309.83 18 33 3
82 89.14 34.24 44.48 89.69 19 36 3
83 85.67 15.60 15.10 457.40 17 41 3
84 22.48 5.74 8.52 205.40 0 5 3
85 8.51 18.63 11.88 358.06 18 20 3
86 48.88 60.24 8.09 91.83 0 24 1
87 73.77 51.89 27.64 432.77 17 41 3
88 79.76 0.94 36.57 154.71 23 32 3
89 21.44 16.10 35.28 71.02 21 36 2
90 7.04 62.87 41.45 106.61 11 18 1
91 15.91 20.11 1.81 86.52 20 33 2
92 15.37 25.75 23.01 459.54 17 29 1
93 38.17 4.13 16.67 331.28 3 27 2
94 97.18 55.58 2.99 245.18 6 7 3
95 78.25 57.54 13.48 153.83 22 47 3
96 19.14 88.37 33.12 161.09 1 12 3
97 56.39 36.73 40.02 483.29 16 44 3
98 56.45 34.19 17.56 244.67 23 42 1
99 39.51 82.24 45.81 216.79 22 27 2
100 53.18 40.19 29.70 145.57 14 29 1
101 89.28 86.83 15.89 351.95 22 22 3
102 72.82 86.00 8.70 251.45 7 14 2
103 66.40 58.67 8.13 319.21 23 23 2
104 13.42 78.38 49.57 424.55 6 41 3
105 27.42 15.75 17.46 51.94 13 41 3
106 23.29 75.63 10.11 128.83 10 34 3
107 35.49 50.47 37.17 159.83 13 46 2
108 93.08 57.14 38.67 55.85 16 39 1
109 8.32 45.90 14.79 404.83 13 35 3
110 6.60 58.79 29.71 282.46 2 32 2
111 68.56 64.23 45.98 189.58 2 41 1
112 75.79 86.43 33.83 486.46 15 41 2
113 9.50 90.21 12.96 446.63 0 45 3
114 40.38 74.09 6.65 354.18 4 10 3
115 33.31 68.36 21.87 337.30 21 41 2
116 78.01 66.08 43.48 53.06 24 33 1
117 13.45 17.33 7.83 137.74 10 14 3
118 51.70 49.70 15.36 225.94 15 20 3
119 17.38 77.18 29.60 429.87 19 36 1
120 13.51 69.63 44.54 408.31 21 45 1
121 7.59 37.46 31.56 201.04 5 31 2
122 78.60 35.60 7.60 429.19 0 35 2
123 45.72 75.36 7.27 161.66 11 32 1
124 57.31 43.95 33.84 185.02 6 46 2
125 50.65 11.59 15.96 426.86 2 36 1
126 14.44 49.73 18.47 221.67 5 11 1
127 86.62 3.08 46.35 440.79 1 17 3
128 84.46 44.28 46.68 480.12 5 20 2
129 69.97 66.54 32.53 62.27 16 32 2
130 82.60 42.09 1.80 76.10 14 25 3
131 55.18 88.48 32.81 265.84 24 40 2
132 69.37 79.24 8.56 111.27 24 25 3
133 86.68 73.62 13.81 169.34 12 36 2
134 77.24 59.20 40.54 378.04 5 38 1
135 88.20 9.26 9.79 97.66 11 32 3
136 70.29 27.99 15.84 191.72 2 45 2
137 13.36 84.58 34.18 385.74 6 41 2
138 84.04 23.40 19.96 57.21 2 9 1
139 55.39 31.92 49.19 429.55 4 45 3
140 28.00 48.11 1.63 426.32 10 41 2
141 84.08 5.73 0.89 253.70 1 19 1
142 23.47 47.79 36.01 183.83 8 11 2
143 90.43 16.30 39.46 256.41 17 38 1
144 98.58 36.59 6.35 132.37 1 35 2
145 95.89 88.13 27.83 77.18 15 32 1
146 15.61 60.89 25.71 402.84 20 30 1
147 62.84 23.20 47.96 440.30 21 48 1
148 72.48 12.71 17.17 347.69 7 38 2
149 89.66 84.42 11.15 186.97 16 33 3
150 41.89 41.28 21.01 405.78 2 32 1
151 61.32 30.97 11.57 81.14 0 11 1
152 56.12 46.95 6.98 192.73 7 12 1
153 5.63 60.62 29.77 249.77 8 43 2
154 29.94 63.31 28.27 147.17 2 39 3
155 85.52 88.88 37.50 159.02 9 11 2
156 80.01 29.81 26.43 335.59 19 28 2
157 49.05 34.93 46.41 265.91 24 39 1
158 50.71 84.15 6.05 486.25 8 10 3
159 56.21 86.08 27.99 438.88 19 34 3
160 78.53 98.25 38.53 109.98 20 41 3
161 49.59 92.86 28.48 493.06 8 33 3
162 6.68 36.93 41.61 149.68 8 32 3
163 62.93 4.51 35.28 191.59 14 45 1
164 32.96 76.42 33.80 196.52 20 34 2
165 74.38 39.03 10.21 309.84 10 35 3
166 44.21 12.91 36.11 375.45 16 44 2
167 19.99 25.72 29.73 222.69 9 27 1
168 81.02 72.00 17.25 342.17 11 35 3
169 74.73 44.44 7.94 193.06 14 17 1
170 34.93 11.98 40.13 452.45 6 48 1
171 80.21 45.17 13.36 419.70 2 14 3
172 73.54 5.68 43.61 341.84 15 48 3
173 33.72 67.49 5.60 189.61 7 20 3
174 87.52 68.01 6.03 270.37 6 7 2
175 21.93 40.36 41.90 80.35 13 40 1
176 27.66 15.78 7.14 75.82 6 39 1
177 86.18 86.25 39.73 77.99 6 40 1
178 88.97 69.88 49.25 319.53 20 47 3
179 69.44 6.48 20.95 181.13 5 10 1
180 65.07 68.60 17.30 315.42 20 22 1
181 72.38 40.19 19.39 464.55 5 15 3
182 84.13 61.66 36.35 155.83 14 44 2
183 91.13 77.88 2.04 97.11 4 19 3
184 60.60 25.90 0.24 434.26 7 30 1
185 92.93 23.29 4.06 118.52 17 46 3
186 0.60 2.84 20.88 393.29 9 31 1
187 32.10 32.58 27.53 141.06 23 42 2
188 92.60 54.54 37.75 93.98 2 5 2
189 76.34 13.85 35.03 79.45 16 18 1
190 8.33 0.33 39.25 316.84 2 20 1
191 15.00 81.37 3.33 342.54 7 9 1
192 91.37 17.61 43.34 470.13 22 33 3
193 4.92 6.51 7.14 113.96 13 16 1
194 60.91 84.45 22.63 458.50 14 21 1
195 70.03 56.68 0.61 114.39 14 41 3
196 57.43 93.58 41.27 84.43 18 30 1
197 84.38 98.81 7.23 201.42 16 35 1
198 32.13 64.57 29.42 269.60 19 19 1
199 81.16 7.48 0.97 292.44 7 7 1
200 1.43 55.16 11.95 317.22 23 45 2
1 104.11 4411.11 1
2 111.97 3721.10 2
3 184.04 4161.01 3
1 1.65 41.72 1
2 1.87 32.78 1
3 1.78 34.99 3
