Data for Vehicle routing problem with drones - Author: Huyen Do Thi Ngoc
Number of depots: 5
Number of cities: 100
Number of trucks: 9
Number of drones: 17
Area: 100 100 50
Customer maximum demand: 500
Max capacity of truck: 200
Max energy of truck: 5000
Max capacity of drone: 2
Max energy of drone: 50
1 0.37 56.09 48.80
2 59.64 60.46 35.55
3 74.32 83.24 31.47
4 19.82 68.08 44.43
5 86.53 83.42 4.10
1 37.46 62.68 42.55 222.89 24 32 3
2 84.35 69.34 10.97 436.70 9 13 4
3 32.15 81.79 13.56 250.20 0 7 5
4 84.19 78.59 30.26 254.76 11 27 5
5 42.41 62.18 29.81 54.71 9 46 4
6 78.32 85.63 11.61 299.93 2 12 4
7 31.61 66.62 15.51 312.42 4 36 1
8 92.72 80.57 43.43 87.63 21 34 5
9 11.28 79.02 43.67 408.28 1 30 1
10 66.53 98.10 47.74 260.18 6 8 2
11 0.17 12.79 16.92 159.49 22 33 4
12 41.54 90.08 10.06 457.85 8 45 2
13 22.54 14.36 30.04 132.10 7 48 2
14 58.97 88.04 31.82 326.62 12 46 2
15 35.89 41.50 40.18 59.23 21 47 2
16 72.34 0.51 38.19 100.68 17 40 5
17 87.36 56.60 3.90 354.51 19 36 5
18 74.02 13.35 45.91 178.92 2 14 1
19 58.52 78.61 11.82 58.68 13 43 4
20 56.26 29.89 22.29 256.58 2 40 2
21 76.31 48.40 29.06 264.02 22 23 5
22 3.80 27.99 42.69 458.76 3 17 5
23 23.11 91.11 29.01 92.70 12 33 2
24 37.64 50.93 24.06 247.09 2 16 3
25 36.22 73.16 3.91 323.72 17 42 3
26 40.92 95.51 5.26 447.76 5 38 1
27 39.46 70.91 15.87 384.67 6 40 1
28 67.15 47.20 1.88 214.64 14 43 5
29 99.41 68.75 16.93 204.27 22 32 4
30 81.49 25.78 33.51 77.55 0 8 5
31 45.87 16.44 16.67 91.68 4 12 4
32 61.99 86.68 44.99 488.76 20 24 4
33 80.19 83.96 28.49 131.79 9 27 4
34 25.15 32.74 43.93 471.09 13 32 5
35 38.71 97.53 11.35 214.16 17 45 5
36 11.62 94.34 10.15 291.59 18 44 2
37 58.25 41.41 6.31 437.75 23 48 2
38 0.34 87.83 6.12 267.49 4 46 3
39 57.22 81.19 46.41 350.44 4 11 2
40 50.47 98.08 7.40 283.72 7 23 1
41 45.45 43.50 15.01 152.81 21 35 3
42 58.97 69.77 35.83 133.78 1 16 4
43 5.63 24.34 9.30 256.89 7 27 3
44 0.87 79.21 15.13 222.24 4 9 2
45 70.51 57.15 44.19 295.31 6 18 1
46 29.16 71.86 44.03 411.34 13 35 1
47 43.12 90.40 35.38 251.99 14 45 2
48 94.34 3.77 37.84 317.87 4 29 3
49 46.25 68.20 26.54 445.97 8 45 4
50 31.56 94.15 45.71 113.48 2 17 2
51 21.26 98.55 39.80 263.63 2 10 4
52 97.30 13.03 46.80 93.83 14 41 3
53 51.79 23.49 49.65 240.38 18 19 2
54 37.41 73.15 20.39 258.53 17 46 5
55 59.99 85.19 19.68 217.57 14 40 5
56 41.90 78.79 39.09 166.55 6 39 5
57 42.94 50.56 14.08 342.65 1 1 4
58 88.56 11.78 49.09 370.01 22 22 4
59 37.50 18.14 28.75 494.47 17 28 4
60 17.53 69.05 1.05 218.46 23 23 5
61 75.57 30.03 18.09 413.53 5 25 3
62 76.30 87.28 18.33 289.29 13 21 3
63 60.60 21.09 20.15 164.96 7 26 5
64 16.60 62.03 43.34 182.32 9 24 2
65 31.05 62.09 0.66 131.47 12 12 1
66 57.50 14.32 25.31 61.02 8 16 4
67 15.30 72.47 30.50 347.70 6 24 2
68 22.05 50.15 24.21 102.03 8 26 2
69 94.50 12.01 36.55 451.81 0 8 3
70 23.25 64.08 46.79 150.17 24 29 5
71 77.00 46.69 36.29 213.28 3 21 4
72 88.31 18.93 36.47 110.77 20 37 3
73 11.48 12.11 40.34 179.54 7 23 2
74 49.25 73.35 37.43 341.80 20 28 1
75 30.78 81.08 45.01 238.97 21 25 5
76 6.97 37.79 16.54 94.63 1 39 3
77 85.06 66.50 47.77 252.92 5 5 3
78 85.94 70.07 17.22 337.70 1 17 2
79 46.72 86.03 26.69 120.92 19 29 4
80 59.62 1.89 31.86 292.76 20 41 5
81 61.91 53.95 1.57 496.09 4 37 2
82 83.28 68.28 31.07 410.32 1 34 5
83 62.00 31.32 1.05 335.51 18 35 4
84 87.26 65.79 30.72 241.10 11 21 2
85 47.29 56.03 24.60 149.19 2 26 2
86 31.44 47.34 17.20 382.06 8 26 3
87 20.91 38.47 42.92 402.15 13 45 5
88 27.19 69.09 22.84 479.58 10 25 3
89 78.33 2.74 2.14 325.90 23 34 2
90 62.59 2.61 8.56 497.04 10 17 5
91 43.31 24.66 18.95 64.31 18 44 4
92 96.76 11.20 25.78 467.30 0 30 2
93 33.77 40.79 0.23 111.37 2 2 4
94 77.33 64.73 45.61 52.77 12 29 5
95 46.59 84.89 45.21 221.06 22 37 4
96 3.05 44.49 19.37 330.50 9 23 5
97 59.27 48.26 16.41 377.89 5 19 2
98 1.46 67.04 37.84 179.18 1 30 2
99 52.70 68.13 13.23 257.02 12 27 4
100 8.58 71.33 17.62 73.06 10 42 1
1 149.07 2959.66 1
2 189.82 2542.17 2
3 156.89 4847.02 3
4 123.93 4551.05 4
5 185.64 3517.12 5
6 178.76 2775.14 1
7 108.49 3482.92 4
8 176.92 3892.51 5
9 117.55 4433.98 1
1 1.94 44.71 9
2 1.07 35.28 2
3 1.12 36.92 3
4 1.42 46.45 8
5 1.72 33.50 7
6 1.65 30.57 4
7 1.03 31.69 8
8 1.30 41.19 3
9 1.70 35.11 2
10 1.67 43.70 3
11 1.20 34.95 9
12 1.24 34.07 1
13 1.03 31.43 7
14 1.34 43.47 8
15 1.81 47.00 8
16 1.55 35.26 7
17 1.76 40.31 7
