Data for Vehicle routing problem with drones - Author: Huyen Do Thi Ngoc
Number of depots: 3
Number of cities: 300
Number of trucks: 5
Number of drones: 14
Area: 100 100 50
Customer maximum demand: 500
Max capacity of truck: 200
Max energy of truck: 5000
Max capacity of drone: 2
Max energy of drone: 50
1 88.16 12.93 39.32
2 7.60 3.27 14.55
3 50.23 71.82 42.51
1 49.29 32.00 21.93 441.28 24 32 3
2 45.34 86.51 39.23 402.09 15 15 3
3 97.69 33.84 16.08 194.45 11 16 1
4 64.29 46.55 43.87 71.70 14 30 3
5 41.15 98.31 22.52 68.90 12 45 3
6 37.16 88.37 1.77 411.21 13 18 2
7 27.79 3.38 22.81 179.33 24 44 2
8 10.68 30.18 30.42 193.21 11 45 1
9 54.52 59.90 34.15 263.74 23 35 1
10 66.04 54.17 12.70 231.79 18 42 3
11 61.50 67.52 27.44 63.24 8 15 1
12 95.88 58.48 2.90 473.25 19 30 3
13 76.60 33.51 44.23 384.82 24 41 2
14 96.51 68.47 6.33 460.25 10 20 1
15 61.52 37.25 24.74 490.89 22 38 3
16 72.30 32.32 1.38 260.18 10 11 1
17 90.82 78.60 45.34 373.13 11 19 2
18 64.33 41.29 47.27 451.35 5 29 2
19 66.53 12.86 19.29 292.25 18 29 1
20 1.00 39.22 34.85 122.42 7 19 3
21 27.52 11.97 17.90 425.44 22 40 2
22 23.70 96.48 45.50 232.12 0 48 2
23 91.74 88.31 15.44 336.56 24 35 3
24 79.50 61.07 15.26 274.37 12 19 3
25 38.85 23.12 31.99 112.35 23 31 1
26 46.87 32.79 41.27 147.69 11 27 1
27 3.55 86.12 19.95 391.74 0 10 2
28 30.18 13.58 35.56 498.62 21 38 2
29 7.04 89.99 44.25 403.49 22 26 1
30 23.40 26.13 24.02 249.32 14 17 3
31 1.72 54.31 8.81 109.16 3 28 1
32 80.18 86.21 0.04 420.04 1 10 3
33 46.41 46.05 34.85 62.98 20 36 1
34 70.65 24.73 48.72 213.52 6 19 1
35 24.86 73.94 42.26 295.88 4 32 1
36 25.09 89.75 43.03 377.95 2 35 1
37 37.83 52.60 31.90 290.94 22 44 3
38 54.56 45.61 5.05 174.95 4 12 3
39 66.58 70.40 35.72 377.50 24 46 1
40 47.36 31.56 31.81 374.04 21 48 3
41 96.00 92.78 21.65 128.34 19 43 3
42 99.51 77.14 23.65 121.65 17 41 3
43 31.66 95.21 10.32 477.66 19 26 2
44 11.73 78.05 11.88 209.83 13 22 3
45 19.24 31.03 6.63 108.07 24 28 1
46 41.37 23.41 18.71 439.28 20 36 2
47 57.79 92.51 21.39 435.43 0 8 1
48 83.43 20.98 38.27 141.84 2 28 2
49 47.42 19.65 46.38 388.96 2 28 3
50 74.70 41.13 40.94 91.88 21 43 1
51 75.94 5.20 14.89 117.00 11 31 2
52 61.78 54.59 1.68 64.13 13 23 2
53 17.43 31.02 35.72 229.28 8 33 3
54 83.33 48.83 34.70 481.54 16 48 1
55 69.10 91.88 38.80 434.06 7 35 1
56 31.71 7.64 11.54 411.67 2 14 1
57 5.44 96.60 43.02 78.32 2 9 2
58 14.80 64.34 46.83 193.84 11 12 3
59 84.64 53.45 11.62 102.03 12 33 3
60 85.56 55.34 0.42 380.01 2 3 3
61 79.26 26.45 1.71 333.56 13 48 3
62 55.42 73.35 18.13 299.12 17 41 2
63 90.59 6.85 37.57 62.80 6 41 1
64 47.64 98.66 5.69 283.44 1 9 1
65 59.67 72.90 5.10 300.56 16 34 1
66 34.29 86.98 43.91 482.42 11 45 3
67 35.35 3.52 14.01 79.53 14 27 2
68 42.08 72.17 0.37 74.81 23 46 3
69 79.25 96.81 4.13 307.70 24 36 1
70 0.02 38.93 13.93 474.69 4 33 3
71 3.72 65.14 49.00 153.59 4 30 2
72 80.78 29.92 14.61 71.03 16 46 3
73 16.87 90.65 33.68 62.49 7 41 3
74 80.62 48.97 45.34 446.92 21 24 1
75 18.05 93.11 5.91 383.26 10 24 1
76 60.98 55.39 47.45 341.87 5 34 1
77 58.06 42.16 36.92 299.82 5 23 3
78 75.24 15.25 44.95 266.55 0 26 3
79 13.09 23.02 30.89 124.42 4 7 1
80 90.45 58.50 10.36 367.02 7 8 1
81 58.48 6.13 11.17 491.39 4 36 1
82 26.98 12.44 40.17 413.91 2 21 3
83 0.27 65.43 3.73 337.38 7 43 2
84 35.46 61.18 35.45 136.33 6 11 2
85 90.65 66.69 4.51 494.89 24 40 3
86 71.52 87.14 7.11 348.89 9 19 2
87 97.24 95.95 47.75 437.92 19 43 1
88 69.46 2.71 39.39 204.55 14 29 2
89 6.58 30.94 22.23 279.26 15 20 1
90 51.74 40.00 32.37 304.30 24 41 3
91 95.62 41.77 1.16 459.90 17 29 3
92 96.51 39.46 29.24 447.81 2 36 1
93 64.72 27.23 8.19 52.89 20 21 3
94 18.15 86.85 6.89 397.97 13 34 1
95 63.77 32.00 44.82 429.74 8 12 2
96 56.57 9.53 41.46 352.10 14 38 1
97 11.70 95.45 24.96 449.37 13 27 1
98 3.55 48.82 10.76 179.41 18 32 2
99 46.04 44.86 0.37 484.40 15 31 2
100 21.94 42.92 4.87 309.26 17 45 3
101 85.55 59.20 0.29 435.30 24 35 3
102 77.52 35.42 8.74 419.88 8 10 1
103 30.88 88.67 37.65 419.18 14 44 2
104 76.72 19.86 30.89 221.60 22 40 2
105 95.15 77.10 24.77 51.18 19 38 1
106 60.41 77.59 44.74 423.81 15 43 1
107 66.38 89.90 38.69 122.04 1 27 1
108 26.53 89.73 28.87 431.14 16 17 2
109 83.11 91.98 42.18 304.26 3 8 1
110 90.67 47.53 4.20 156.88 0 45 2
111 71.81 51.55 32.38 494.44 4 7 2
112 14.98 99.41 30.29 186.88 8 40 1
113 96.12 93.98 22.04 297.52 16 21 1
114 53.75 93.61 8.17 448.98 23 41 1
115 56.82 19.44 38.71 322.79 13 35 3
116 47.09 61.67 3.62 190.42 23 30 1
117 55.55 35.71 25.87 70.10 22 37 1
118 24.07 53.20 28.42 223.93 11 47 1
119 32.09 42.58 28.32 449.72 17 18 2
120 20.34 85.52 17.18 285.22 3 33 2
121 71.15 52.72 15.27 186.57 7 36 3
122 47.95 73.20 44.08 377.83 10 47 1
123 95.05 7.84 10.84 408.85 23 35 3
124 28.79 69.54 13.22 262.38 9 21 1
125 25.71 14.58 18.98 258.05 16 44 2
126 33.12 56.93 7.75 166.44 19 42 2
127 1.03 2.73 20.87 121.88 11 29 1
128 28.25 47.46 37.54 62.81 14 39 3
129 2.79 42.53 19.99 101.14 3 14 2
130 82.52 52.19 36.95 212.29 8 11 3
131 54.28 55.97 15.79 212.20 23 43 3
132 80.93 53.52 39.95 490.74 24 39 2
133 54.92 15.65 44.31 423.81 0 45 3
134 87.26 85.71 10.63 172.81 14 33 2
135 89.80 33.56 23.88 429.42 14 21 3
136 72.78 17.59 25.69 431.64 2 2 2
137 18.20 9.07 39.33 490.10 4 30 3
138 18.52 45.72 46.31 295.92 22 39 2
139 28.25 58.76 37.99 288.70 14 31 2
140 66.43 30.31 36.44 438.80 13 29 3
141 52.68 46.14 1.39 383.09 20 28 1
142 2.51 4.71 3.04 343.91 19 24 3
143 85.29 57.79 18.64 449.94 10 46 2
144 14.50 28.35 21.18 451.93 5 24 3
145 15.19 65.67 11.52 416.59 20 26 3
146 38.23 54.45 16.49 318.79 21 24 3
147 42.22 43.03 12.99 75.28 19 33 3
148 41.72 33.57 11.18 427.17 9 14 1
149 77.27 29.70 41.18 89.45 10 11 1
150 45.60 63.56 5.48 107.98 20 39 3
151 28.79 93.55 27.82 202.05 19 20 3
152 0.29 31.35 46.79 249.02 17 18 2
153 35.97 8.99 5.36 375.95 11 29 1
154 78.85 32.54 47.73 284.07 0 38 1
155 34.14 46.61 18.78 118.64 13 38 1
156 54.55 5.16 13.02 88.37 12 33 1
157 83.65 3.58 1.28 110.40 6 12 2
158 24.88 99.24 42.61 238.38 22 28 1
159 7.03 69.03 10.88 354.74 17 38 2
160 25.41 80.68 14.17 298.37 3 47 1
161 3.76 53.71 49.20 186.07 20 35 3
162 3.46 45.47 27.70 193.42 0 15 2
163 31.57 80.17 40.90 355.42 14 32 2
164 80.11 39.81 32.26 349.60 17 22 1
165 88.34 49.55 42.52 492.49 0 14 2
166 61.90 1.60 35.89 67.89 19 34 2
167 22.78 85.22 33.16 317.07 22 36 1
168 52.53 6.14 28.11 490.73 5 13 1
169 71.18 78.68 47.38 362.69 15 45 3
170 45.52 1.84 29.90 424.99 8 29 2
171 55.99 76.87 32.27 409.72 5 36 1
172 36.53 79.33 17.76 192.40 1 20 3
173 68.76 60.12 24.48 463.46 10 43 1
174 84.98 21.56 28.41 232.08 17 20 1
175 81.87 39.25 26.18 128.28 22 35 1
176 39.62 40.19 0.19 457.77 17 31 1
177 17.99 4.02 40.99 452.10 19 22 1
178 44.56 41.54 49.51 213.94 24 48 3
179 8.18 75.08 40.98 273.55 1 10 3
180 56.09 23.77 14.10 283.91 16 41 1
181 68.22 36.38 19.06 200.52 11 22 1
182 58.05 5.15 48.77 417.18 15 43 1
183 74.43 61.95 41.93 87.20 22 26 2
184 82.08 7.47 49.00 112.07 4 20 2
185 20.63 14.61 26.97 259.32 0 38 3
186 52.94 47.19 2.63 167.88 2 47 3
187 10.92 85.81 39.66 321.45 0 10 3
188 66.20 64.50 12.75 165.70 22 44 2
189 96.61 6.42 11.28 70.12 22 45 1
190 26.48 71.86 3.07 109.73 0 15 2
191 22.16 75.33 10.48 116.39 12 33 1
192 61.21 95.46 16.55 143.09 23 33 2
193 42.76 41.33 31.22 352.74 9 30 2
194 81.61 29.86 14.14 410.06 21 29 2
195 25.89 21.94 0.03 295.27 1 16 2
196 46.91 2.67 34.45 111.69 8 22 3
197 55.14 35.45 35.08 141.14 8 39 2
198 15.56 85.64 23.81 315.63 12 25 3
199 41.59 16.25 16.35 128.31 13 16 1
200 6.82 31.84 14.15 295.89 17 17 1
201 92.68 61.47 3.41 98.50 18 18 2
202 54.31 84.96 16.47 457.58 14 19 2
203 18.57 15.64 32.89 98.33 17 31 2
204 50.13 84.58 29.66 284.32 0 7 3
205 16.21 19.49 7.75 84.95 17 32 3
206 10.90 33.51 32.16 469.14 17 30 3
207 98.93 82.26 37.93 245.82 19 23 1
208 94.98 95.92 22.17 461.46 15 40 2
209 59.09 71.44 26.87 231.98 1 26 2
210 56.72 61.48 40.58 372.71 19 46 3
211 24.87 59.98 7.79 202.55 15 19 2
212 95.65 86.87 47.07 130.46 8 35 1
213 56.76 35.25 33.15 395.75 16 41 2
214 23.98 72.86 35.48 180.40 19 30 1
215 56.09 97.52 6.01 375.08 0 36 3
216 17.10 30.92 14.70 321.22 4 18 2
217 77.24 70.38 33.16 471.98 8 31 3
218 60.72 24.71 31.75 381.42 11 31 2
219 2.97 25.78 48.87 204.31 9 23 2
220 82.87 22.34 31.54 425.48 20 47 3
221 77.39 83.08 43.22 407.03 10 27 3
222 54.92 5.28 11.11 259.69 13 26 1
223 58.54 92.88 24.14 446.15 2 25 2
224 9.83 98.77 18.56 164.94 6 26 2
225 74.31 8.89 46.03 146.65 3 32 3
226 11.47 49.71 7.37 221.34 9 47 3
227 80.35 38.95 12.21 359.89 13 19 1
228 41.83 30.02 46.29 348.07 21 21 2
229 28.78 65.26 10.88 219.84 14 17 1
230 51.78 12.97 12.17 422.64 22 36 3
231 70.54 42.86 0.67 457.84 2 39 3
232 11.04 13.80 17.02 278.88 9 18 1
233 74.15 92.33 44.73 359.31 23 37 3
234 62.20 83.11 11.77 204.28 7 29 2
235 13.76 75.51 4.61 494.77 7 35 3
236 21.62 54.20 31.61 369.50 16 42 1
237 37.53 49.60 42.69 323.11 10 34 1
238 7.38 30.53 35.20 121.64 6 44 2
239 45.82 89.61 46.44 147.96 2 31 1
240 56.27 93.73 42.31 81.60 9 36 1
241 56.62 1.89 33.00 152.70 22 22 1
242 51.76 11.98 1.10 267.93 19 22 2
243 12.49 82.05 12.38 384.66 20 31 3
244 14.27 21.39 18.14 333.31 3 27 3
245 90.65 86.00 7.31 86.36 3 19 1
246 72.55 11.91 4.55 351.22 15 26 1
247 12.02 23.76 28.49 50.62 4 46 3
248 87.09 83.49 20.57 179.03 18 40 2
249 34.76 59.84 36.45 481.23 18 38 1
250 38.69 32.93 6.38 67.69 15 47 2
251 37.34 44.85 12.75 269.17 14 20 3
252 85.17 24.43 1.32 340.84 10 39 1
253 99.13 11.26 19.97 315.28 13 20 1
254 4.80 43.28 42.82 53.43 20 31 2
255 42.94 46.42 2.33 382.28 10 46 2
256 95.75 94.88 10.62 351.19 11 47 3
257 48.48 28.22 8.46 341.74 8 36 2
258 56.26 32.26 30.04 324.94 3 18 3
259 99.30 18.23 28.23 384.68 5 10 3
260 6.38 6.87 21.66 269.18 8 42 3
261 21.03 97.25 28.65 96.34 8 36 3
262 34.76 91.46 46.63 221.65 24 29 1
263 67.83 32.89 3.26 134.01 17 21 2
264 73.23 18.11 19.53 411.92 21 37 1
265 96.26 2.17 15.36 52.60 16 18 1
266 47.83 51.28 27.37 483.41 17 34 3
267 50.36 21.45 29.56 205.01 13 30 1
268 61.52 47.48 20.98 343.74 2 42 3
269 57.34 85.64 47.17 408.63 12 13 1
270 98.41 83.26 25.15 316.14 10 45 2
271 81.50 70.15 11.30 149.84 11 30 3
272 66.25 19.68 45.23 102.43 5 7 3
273 15.35 37.74 10.86 177.68 7 25 1
274 58.86 26.00 11.94 469.83 9 27 1
275 89.73 69.30 26.33 227.21 17 20 3
276 9.36 57.57 24.93 77.79 15 15 1
277 82.86 95.41 39.57 440.36 3 35 2
278 66.98 61.34 29.73 336.86 3 39 2
279 74.59 98.69 9.06 266.65 4 32 2
280 15.90 46.58 19.42 95.70 13 19 2
281 76.73 53.54 11.53 411.13 19 40 3
282 7.20 27.01 45.16 255.96 10 29 2
283 75.21 72.18 1.99 196.43 12 39 2
284 0.43 71.00 7.87 328.09 4 26 2
285 92.92 35.67 1.60 412.14 21 24 2
286 31.73 69.97 38.11 313.84 20 21 1
287 27.01 58.05 40.99 59.36 5 7 3
288 39.10 51.80 19.65 108.07 18 46 1
289 16.02 48.67 14.02 107.95 23 44 3
290 20.92 84.80 14.92 97.78 18 38 2
291 55.82 4.13 49.53 386.05 18 26 3
292 71.62 90.28 18.14 172.88 2 9 3
293 36.53 8.38 21.14 77.92 23 44 3
294 64.45 4.32 28.82 71.41 0 4 2
295 20.81 86.76 44.73 156.66 12 39 1
296 15.68 34.59 8.31 209.58 23 37 2
297 57.46 75.42 35.34 217.41 22 24 1
298 58.18 86.50 30.04 286.50 12 14 3
299 93.71 51.12 38.06 99.28 1 12 2
300 40.92 19.40 13.49 217.16 0 31 2
1 197.39 4251.78 1
2 161.56 3682.22 2
3 129.12 4885.47 3
4 183.34 4571.26 2
5 114.35 2700.01 2
1 1.16 31.50 4
2 1.93 42.41 2
3 1.30 47.17 5
4 1.41 49.06 5
5 1.07 42.77 1
6 1.48 35.08 4
7 1.72 36.19 4
8 1.51 43.56 2
9 1.68 27.38 2
10 1.55 36.18 3
11 1.20 30.00 4
12 1.42 43.58 1
13 1.88 29.37 1
14 1.76 27.72 4
