Data for Vehicle routing problem with drones - Author: Huyen Do Thi Ngoc
Number of depots: 5
Number of cities: 300
Number of trucks: 9
Number of drones: 19
Area: 100 100 50
Customer maximum demand: 500
Max capacity of truck: 200
Max energy of truck: 5000
Max capacity of drone: 2
Max energy of drone: 50
1 52.62 96.19 48.70
2 5.72 47.80 47.55
3 14.52 64.68 10.50
4 92.25 55.42 1.10
5 71.11 62.55 32.92
1 26.79 58.79 22.02 102.68 17 48 1
2 89.63 56.79 17.13 348.27 18 37 1
3 83.99 62.21 12.79 79.52 6 8 3
4 7.19 47.68 30.21 98.56 22 48 5
5 72.70 11.14 35.97 174.41 6 28 5
6 23.22 66.53 20.17 314.68 14 25 2
7 19.36 67.98 38.17 463.85 23 38 2
8 57.07 8.70 37.46 94.79 19 30 5
9 84.24 33.52 2.10 300.18 1 2 5
10 58.43 64.59 11.10 398.71 12 27 5
11 9.21 99.26 38.14 454.55 18 18 2
12 57.83 11.61 48.01 190.83 0 27 1
13 21.46 61.23 21.35 141.50 20 40 2
14 8.92 45.45 14.25 463.91 3 29 1
15 5.95 38.04 9.54 142.16 24 36 3
16 82.41 69.14 19.03 300.40 1 13 2
17 62.81 14.93 10.99 371.44 24 30 2
18 29.15 51.48 17.33 404.15 23 45 2
19 65.94 58.14 32.98 426.93 21 48 2
20 73.68 82.43 10.32 112.65 9 31 5
21 0.53 29.38 23.58 327.57 1 5 4
22 79.15 66.13 33.00 153.22 14 23 2
23 66.75 17.41 13.34 237.22 9 20 3
24 94.72 38.69 34.47 334.93 4 12 3
25 5.07 17.32 37.39 191.06 3 28 1
26 74.51 10.58 25.49 388.12 0 34 3
27 35.07 23.42 7.04 467.60 13 36 2
28 77.95 8.46 2.75 461.36 4 5 2
29 26.47 22.91 46.20 490.92 13 26 1
30 64.68 97.92 25.55 127.10 3 32 2
31 2.66 1.10 11.08 221.36 2 29 1
32 19.22 35.17 36.63 231.19 6 23 5
33 20.67 70.19 8.67 288.74 7 38 3
34 91.39 80.90 13.32 253.70 20 40 2
35 32.72 18.94 1.88 158.72 13 39 5
36 20.64 18.57 6.80 145.80 15 23 4
37 55.31 18.91 19.29 126.75 2 9 3
38 31.82 30.55 12.42 389.55 11 32 2
39 82.99 96.66 5.49 162.93 9 12 2
40 11.38 83.52 46.28 89.26 23 23 1
41 49.78 52.42 40.94 172.89 15 28 1
42 59.19 39.19 8.54 418.60 12 21 3
43 39.53 24.66 30.08 269.57 15 39 4
44 78.02 49.90 49.14 312.30 22 22 5
45 19.87 80.88 18.35 417.43 20 38 5
46 1.05 78.99 20.54 439.70 20 26 5
47 6.70 29.83 20.34 432.17 24 27 5
48 49.61 80.39 17.80 148.60 20 41 2
49 79.98 93.03 8.58 420.92 23 24 2
50 89.71 14.25 1.03 429.37 3 16 3
51 49.98 97.17 15.86 157.41 0 0 1
52 77.06 47.04 5.49 163.55 19 46 1
53 13.76 54.53 44.16 381.41 19 47 1
54 81.57 80.08 49.28 475.49 21 33 1
55 23.09 31.53 32.53 256.67 0 30 1
56 5.72 84.35 7.45 376.18 3 14 2
57 19.45 66.13 7.38 453.43 4 29 3
58 78.16 5.53 34.11 172.42 21 24 3
59 43.36 44.50 10.24 463.65 24 42 5
60 35.41 80.76 9.89 251.32 13 24 4
61 14.03 19.41 25.65 87.94 17 27 1
62 39.30 40.25 40.24 218.99 22 24 4
63 68.03 75.35 26.22 489.07 19 29 3
64 57.48 80.39 23.47 84.37 1 23 5
65 20.20 78.64 18.50 269.43 4 9 4
66 35.83 42.34 0.97 466.17 6 42 4
67 21.65 14.60 12.40 343.58 15 37 1
68 17.23 76.41 33.33 299.90 24 48 3
69 31.01 84.43 26.02 327.70 9 40 3
70 43.58 77.28 29.27 85.51 12 17 5
71 7.07 11.44 5.81 479.87 10 22 5
72 81.45 9.24 17.00 471.13 10 37 2
73 99.99 16.36 21.55 488.73 9 35 3
74 79.51 1.97 22.24 475.97 9 34 3
75 40.60 98.15 36.47 279.39 17 40 1
76 13.37 40.61 26.59 272.70 15 23 1
77 15.28 36.92 3.26 240.69 19 32 4
78 62.03 4.20 44.10 287.73 2 29 5
79 23.44 48.75 1.03 212.35 13 27 1
80 66.31 58.42 20.36 341.47 7 21 4
81 97.05 88.55 29.06 369.37 24 38 2
82 67.71 40.62 26.62 341.92 4 9 2
83 20.36 69.72 35.00 298.79 10 35 1
84 41.91 73.23 35.87 479.97 9 46 1
85 70.36 19.62 42.76 249.21 15 46 1
86 24.99 40.85 21.38 437.18 21 35 4
87 58.32 14.29 27.18 284.21 12 16 3
88 60.60 71.68 31.77 424.09 2 46 4
89 74.41 47.04 14.54 222.06 5 22 1
90 49.33 4.48 13.66 83.18 9 12 3
91 92.02 62.53 33.80 314.69 9 48 5
92 55.23 84.18 0.99 466.02 13 47 1
93 25.33 42.11 33.26 134.09 8 24 5
94 24.99 30.60 1.78 470.75 20 43 1
95 91.20 88.48 1.65 305.11 9 36 5
96 32.44 24.88 43.28 341.09 14 35 5
97 53.43 44.49 21.70 222.34 1 42 4
98 22.40 91.13 7.28 219.81 18 43 5
99 61.98 55.22 48.78 360.19 23 38 2
100 36.01 75.88 25.10 90.00 13 31 4
101 45.81 92.87 30.09 166.79 14 17 2
102 29.83 62.75 14.84 55.57 14 42 1
103 69.03 55.83 26.50 395.02 1 38 2
104 49.54 39.67 46.12 427.56 6 23 3
105 65.68 78.77 12.37 320.40 10 31 3
106 86.61 40.29 29.67 57.70 1 36 1
107 7.66 43.25 38.19 229.78 15 21 2
108 88.19 67.19 28.67 369.84 21 26 5
109 48.86 4.64 49.82 267.56 20 48 3
110 21.58 67.66 31.14 216.06 19 29 1
111 73.07 54.77 14.67 399.43 3 42 4
112 51.15 35.29 24.27 161.23 23 36 2
113 92.71 11.61 2.67 421.35 20 48 5
114 40.13 69.86 12.22 306.82 21 28 3
115 66.91 66.87 27.75 418.06 14 18 1
116 62.85 95.47 18.23 101.16 5 20 3
117 25.31 3.13 42.48 225.23 18 39 1
118 38.36 78.96 32.91 225.55 16 48 5
119 30.75 7.52 30.09 210.44 0 4 2
120 7.56 8.94 29.26 257.48 15 25 1
121 41.66 71.48 39.18 304.28 21 46 2
122 97.15 54.08 40.24 251.30 1 3 3
123 20.73 95.81 43.03 264.87 0 26 4
124 17.54 3.13 38.27 295.57 8 38 5
125 0.25 83.12 20.00 96.51 11 15 2
126 12.24 66.37 3.66 349.85 20 33 1
127 62.19 31.31 2.90 236.22 1 26 3
128 91.75 89.82 34.85 425.38 11 24 3
129 93.23 75.81 24.71 350.56 16 21 3
130 99.96 10.86 15.35 242.77 10 35 4
131 9.92 32.89 46.92 272.23 18 43 2
132 14.86 26.63 5.25 362.77 17 37 2
133 50.77 19.92 38.16 151.23 3 9 2
134 14.95 36.16 47.01 403.11 19 24 5
135 9.81 34.42 4.08 195.04 22 39 1
136 21.53 38.99 44.48 50.40 1 38 1
137 52.02 48.82 14.12 92.12 19 24 4
138 14.27 50.35 47.36 147.29 10 40 1
139 70.41 88.24 4.18 119.98 13 23 4
140 65.73 59.31 41.98 180.18 5 23 2
141 83.84 62.92 21.64 169.17 24 44 1
142 88.85 92.64 33.17 79.64 9 29 3
143 86.57 74.03 26.00 462.02 13 24 1
144 83.10 59.77 17.20 263.13 15 25 2
145 33.67 74.22 3.14 200.63 9 18 4
146 59.34 83.52 49.70 282.57 3 17 1
147 1.16 4.73 15.93 384.42 20 20 5
148 41.12 84.64 2.35 271.16 3 13 1
149 23.15 68.89 13.97 185.27 10 20 3
150 47.63 16.12 25.01 468.62 22 43 3
151 93.21 1.52 19.82 412.75 20 25 3
152 63.78 36.95 8.07 84.45 16 29 5
153 76.42 17.21 24.96 105.13 8 10 2
154 45.34 86.75 44.54 425.12 3 20 1
155 3.60 27.98 33.80 480.17 2 17 2
156 42.60 62.74 40.42 130.80 15 24 1
157 22.99 46.79 29.19 261.81 23 27 3
158 27.06 56.61 20.57 253.75 16 31 2
159 68.02 14.50 17.39 478.35 7 30 5
160 21.14 79.53 24.15 107.75 2 13 3
161 15.23 50.63 6.85 257.59 11 28 5
162 20.59 29.07 7.76 419.59 17 35 5
163 11.25 29.83 5.10 350.48 1 27 1
164 79.29 56.37 36.37 436.89 9 25 3
165 51.15 60.24 37.83 124.33 2 36 2
166 43.39 2.03 13.78 254.53 3 12 4
167 19.03 87.61 49.09 291.58 21 47 5
168 95.55 47.21 7.84 66.75 1 17 5
169 4.88 72.92 36.77 103.29 11 46 4
170 75.18 86.15 48.79 481.96 17 36 3
171 9.59 16.62 6.74 482.40 22 45 3
172 73.43 14.87 22.20 394.82 15 35 5
173 74.43 31.83 24.41 166.45 1 24 5
174 77.47 76.90 39.23 153.48 8 17 1
175 4.91 16.23 22.90 247.49 14 46 2
176 10.77 73.19 3.35 145.23 15 38 4
177 49.95 6.71 44.42 115.90 10 10 4
178 52.86 74.34 48.21 90.81 9 11 2
179 39.55 61.27 27.35 327.12 21 46 1
180 16.19 42.18 38.80 92.44 22 29 1
181 26.35 93.25 36.11 463.52 18 39 3
182 60.77 82.33 2.62 208.47 13 24 1
183 21.59 67.91 36.21 242.55 21 38 2
184 96.84 80.69 18.35 333.85 5 7 4
185 20.94 99.34 0.22 280.49 7 30 3
186 5.58 9.01 20.56 208.40 10 37 4
187 52.78 25.31 33.66 124.22 13 15 1
188 11.58 73.93 5.29 110.53 13 43 3
189 48.50 4.87 30.26 141.69 13 34 4
190 61.90 35.85 43.95 273.99 4 31 1
191 70.81 23.91 4.71 74.94 17 34 2
192 68.61 13.51 24.15 274.99 22 46 2
193 83.45 12.30 48.87 237.46 15 47 3
194 97.08 70.19 24.94 498.92 18 31 1
195 59.45 7.36 43.32 488.28 15 28 2
196 43.99 80.77 23.89 429.79 17 29 1
197 67.89 86.64 7.67 173.91 12 37 5
198 6.79 33.13 39.38 496.73 22 26 2
199 8.41 2.15 1.92 192.64 11 21 1
200 13.36 79.51 27.37 443.31 23 32 5
201 67.35 89.52 47.86 120.32 12 12 1
202 72.00 36.45 33.62 144.27 9 31 1
203 52.64 7.35 6.13 429.00 21 32 5
204 67.46 23.97 14.41 420.46 8 9 4
205 30.24 71.57 48.06 412.27 12 46 5
206 65.70 90.22 37.25 488.65 21 24 3
207 78.26 82.01 7.70 411.00 5 48 4
208 60.48 66.70 2.36 127.00 11 40 3
209 28.15 9.61 38.30 435.81 9 26 3
210 47.19 28.42 37.29 205.03 2 19 3
211 32.91 72.01 25.00 409.37 13 15 5
212 53.29 18.47 22.49 392.83 8 11 2
213 25.16 95.65 22.84 385.56 13 32 4
214 99.27 81.61 7.30 353.65 4 21 3
215 30.75 23.63 19.54 341.56 17 38 2
216 28.55 10.79 19.69 255.12 24 47 3
217 97.49 46.84 1.08 322.96 2 27 5
218 88.34 24.95 23.15 483.44 10 32 1
219 7.03 28.05 41.98 332.53 22 28 1
220 72.95 66.74 33.58 332.18 11 39 3
221 43.45 44.22 19.36 372.39 19 43 4
222 59.70 90.10 41.49 232.49 0 8 3
223 78.41 24.07 19.34 177.02 7 38 5
224 96.97 18.76 23.46 93.71 15 36 5
225 53.01 29.76 30.12 76.02 1 25 1
226 84.50 24.09 43.81 265.41 13 48 1
227 32.28 4.45 3.92 94.75 19 45 1
228 41.88 55.81 17.31 264.03 12 24 2
229 24.39 57.83 20.71 173.80 14 29 1
230 11.71 93.01 36.66 428.16 8 23 4
231 6.37 96.80 7.93 76.12 22 46 4
232 28.68 8.20 47.69 153.33 11 38 2
233 87.21 53.76 31.58 79.82 11 38 5
234 81.44 55.86 46.14 408.69 8 39 4
235 30.61 52.59 5.88 159.25 8 20 5
236 8.98 7.84 17.56 417.89 16 45 3
237 10.89 77.05 19.21 129.36 13 39 3
238 6.43 60.00 42.69 378.24 1 12 4
239 93.25 54.06 20.08 141.80 2 18 3
240 47.12 30.62 2.59 226.24 22 22 5
241 66.69 25.98 13.69 466.43 12 18 5
242 55.66 39.87 30.19 163.17 24 25 2
243 38.98 48.76 7.62 346.01 16 31 3
244 18.23 89.85 6.24 394.08 22 22 3
245 95.27 49.50 3.36 240.24 22 32 3
246 48.37 17.90 41.00 275.94 19 38 2
247 68.01 59.41 36.69 151.80 10 34 2
248 2.43 71.15 27.50 485.08 16 22 5
249 68.02 37.82 13.35 241.02 18 42 5
250 97.37 93.57 49.02 289.84 16 47 5
251 61.56 24.81 40.05 457.76 13 36 1
252 24.56 60.06 7.49 436.07 8 36 5
253 7.26 29.92 19.79 359.97 21 34 1
254 36.87 51.75 16.68 76.93 16 18 2
255 47.48 66.21 3.23 337.86 12 29 5
256 24.16 70.67 13.70 210.21 1 43 5
257 63.45 78.94 9.10 445.59 11 45 1
258 18.06 53.10 40.10 110.53 4 37 2
259 30.26 96.95 23.00 75.02 3 43 5
260 72.12 31.88 31.76 208.95 17 27 3
261 69.16 32.34 1.08 233.04 18 24 4
262 42.37 91.16 21.14 60.88 19 47 5
263 9.63 94.77 6.69 174.88 2 46 3
264 60.87 15.98 27.18 178.95 11 48 1
265 80.66 53.63 40.59 398.62 7 16 3
266 63.90 19.93 49.24 144.28 6 26 5
267 36.44 1.15 14.66 148.49 23 36 4
268 74.26 57.16 42.93 405.90 20 20 5
269 25.90 85.82 37.58 289.35 13 13 3
270 5.41 9.46 48.23 480.21 7 46 4
271 60.25 60.26 39.72 478.32 2 41 2
272 33.58 60.40 6.53 455.85 20 47 4
273 1.00 17.29 7.05 489.78 4 39 3
274 80.27 48.31 0.66 115.38 4 5 1
275 51.60 95.49 8.65 435.81 0 44 2
276 77.30 70.42 7.89 318.90 14 27 2
277 81.66 2.69 39.58 284.89 11 35 3
278 7.94 98.07 23.82 114.32 0 7 1
279 74.61 12.31 40.19 203.95 16 21 2
280 47.54 89.97 28.00 157.10 18 42 4
281 39.23 74.72 44.93 179.84 16 23 3
282 94.82 90.95 33.96 459.62 13 25 5
283 31.47 87.80 8.31 317.54 23 46 5
284 25.16 98.32 36.91 486.61 3 3 3
285 38.23 61.69 4.50 342.03 18 43 3
286 9.91 63.34 45.86 302.08 12 35 4
287 21.47 55.43 32.69 76.70 3 38 4
288 88.81 84.76 36.53 269.98 0 6 2
289 99.99 8.00 12.62 439.07 12 38 2
290 73.87 6.56 28.60 290.68 21 38 1
291 19.56 39.09 12.49 234.90 10 24 1
292 36.09 85.73 14.43 78.89 15 23 4
293 85.64 93.50 16.31 143.26 4 18 2
294 50.47 9.58 43.03 390.84 21 31 1
295 68.03 54.69 30.39 74.81 17 46 2
296 98.14 16.19 25.33 140.51 1 32 2
297 66.67 22.73 47.21 410.64 22 22 5
298 59.71 99.51 46.56 216.15 0 1 2
299 20.31 11.14 38.67 335.70 1 48 3
300 97.39 15.50 47.57 136.24 17 20 4
1 124.59 4292.81 1
2 124.35 2812.02 2
3 164.52 4109.22 3
4 183.72 4920.29 4
5 129.33 3040.64 5
6 122.92 3293.77 2
7 162.76 2962.86 5
8 161.81 3215.73 3
9 171.47 3589.67 5
1 1.18 27.47 5
2 1.41 35.25 9
3 1.93 39.61 5
4 1.15 34.73 8
5 1.15 30.22 4
6 1.29 29.41 2
7 1.44 33.58 4
8 1.38 46.93 5
9 1.09 28.95 5
10 1.22 44.59 6
11 1.68 41.20 7
12 1.77 42.66 3
13 1.52 46.15 5
14 1.43 26.96 3
15 1.74 47.80 8
16 1.95 32.30 3
17 1.42 37.75 8
18 1.88 33.90 6
19 1.65 33.10 4
