Data for Vehicle routing problem with drones - Author: Huyen Do Thi Ngoc
Number of depots: 5
Number of cities: 300
Number of trucks: 10
Number of drones: 15
Area: 100 100 50
Customer maximum demand: 500
Max capacity of truck: 200
Max energy of truck: 5000
Max capacity of drone: 2
Max energy of drone: 50
1 48.81 69.24 12.15
2 92.52 60.50 22.74
3 12.94 26.81 21.16
4 18.20 93.02 21.53
5 34.39 97.89 39.41
1 83.12 92.36 13.75 231.64 18 18 5
2 20.39 56.09 33.42 289.05 19 28 2
3 90.25 18.05 2.08 394.89 20 37 1
4 23.10 28.20 38.95 84.69 20 42 3
5 64.92 29.44 6.82 269.53 5 31 1
6 42.03 77.32 27.15 56.63 24 44 2
7 74.84 53.16 24.27 335.58 9 26 1
8 24.23 49.36 7.89 456.61 9 19 2
9 74.52 94.14 32.59 306.88 17 48 5
10 32.41 47.92 14.27 432.79 24 48 1
11 30.50 64.92 18.17 50.51 1 21 3
12 30.42 84.09 3.06 265.91 2 25 1
13 92.60 23.78 37.05 444.52 17 27 1
14 3.22 79.35 43.96 132.92 11 21 1
15 84.89 13.61 5.40 152.21 10 42 2
16 35.56 41.09 14.44 127.74 18 45 5
17 37.57 30.45 31.46 309.20 12 44 3
18 95.98 8.62 37.36 352.52 4 12 4
19 41.19 37.25 19.59 290.66 19 37 5
20 57.04 82.51 28.54 483.10 1 15 1
21 18.33 78.30 0.88 152.66 24 36 1
22 64.22 4.46 19.59 356.50 13 32 5
23 34.13 4.83 2.57 310.33 0 47 5
24 64.78 23.04 19.37 448.00 5 25 5
25 6.94 86.31 12.17 344.16 19 23 1
26 62.32 81.34 11.74 138.11 2 3 2
27 40.03 47.17 2.51 383.41 6 31 5
28 28.08 62.16 4.54 314.17 19 20 5
29 63.15 57.53 26.71 430.13 21 35 2
30 48.83 37.13 20.91 470.99 1 43 1
31 87.82 74.84 4.04 310.54 1 2 3
32 52.39 8.74 45.18 148.34 2 46 4
33 2.76 42.56 19.59 416.30 0 0 2
34 90.24 22.39 12.50 236.01 11 23 2
35 96.68 18.49 48.82 158.98 0 15 3
36 55.89 27.13 40.65 115.22 1 13 3
37 38.18 68.16 5.02 215.85 6 8 5
38 78.49 70.39 19.50 127.23 3 42 1
39 3.60 11.06 31.06 297.81 11 20 3
40 15.42 35.95 26.58 476.05 24 40 5
41 48.07 7.64 42.84 490.19 6 8 5
42 69.31 76.26 10.75 184.83 20 39 3
43 94.51 62.33 39.64 86.16 9 31 3
44 49.37 36.94 9.13 416.08 4 7 2
45 53.88 49.45 42.86 441.31 6 9 2
46 90.89 84.83 16.34 327.29 18 21 3
47 86.38 55.25 35.97 308.78 6 26 4
48 33.37 72.33 34.36 497.69 5 33 2
49 27.61 20.97 35.79 399.86 15 18 1
50 49.28 34.50 16.94 72.28 23 40 1
51 41.39 3.08 4.88 359.13 13 27 2
52 7.40 21.37 2.82 486.44 19 24 3
53 92.81 26.68 24.37 65.28 23 44 1
54 87.40 41.95 43.23 146.25 4 8 3
55 50.15 66.01 23.99 393.95 23 38 2
56 20.47 92.86 27.45 128.93 16 34 5
57 97.32 4.64 43.88 115.41 12 15 2
58 51.09 36.33 27.27 133.47 15 22 1
59 70.90 6.35 44.92 233.59 4 35 5
60 75.93 2.63 49.14 149.06 21 39 2
61 87.97 47.01 12.59 487.24 17 34 3
62 61.59 33.34 44.26 387.88 13 41 3
63 97.97 42.98 11.32 403.83 15 31 4
64 40.33 37.97 29.05 260.11 0 35 2
65 34.64 49.51 30.85 431.77 6 41 5
66 18.37 2.91 26.46 245.39 11 31 2
67 86.59 95.86 9.91 476.83 0 23 5
68 81.88 96.08 23.62 137.75 6 42 5
69 3.78 77.69 37.07 259.81 4 20 3
70 36.47 35.49 4.05 259.64 8 38 1
71 86.41 61.44 8.24 483.88 17 30 4
72 8.00 72.95 5.69 202.67 17 20 2
73 48.34 79.55 25.25 195.88 10 24 4
74 40.35 91.31 0.97 375.50 8 33 1
75 96.59 73.90 41.77 491.83 3 29 5
76 69.26 53.84 15.30 355.13 8 44 4
77 34.43 95.60 34.63 271.97 2 38 4
78 93.66 75.65 6.09 67.18 14 28 3
79 71.24 27.29 42.99 362.61 0 2 2
80 91.43 28.57 39.57 276.68 6 17 3
81 77.59 84.21 29.96 254.20 17 33 1
82 98.68 68.39 25.45 423.59 19 45 5
83 30.90 24.26 24.54 314.35 24 39 4
84 0.36 21.48 43.63 474.05 7 33 5
85 5.32 29.23 37.98 455.59 23 45 2
86 15.10 25.63 10.60 102.91 11 38 2
87 29.55 71.43 2.97 437.74 17 42 2
88 55.24 71.62 42.59 446.46 5 40 5
89 79.52 77.53 45.54 115.30 2 16 1
90 60.65 56.11 20.44 286.46 6 11 4
91 51.31 46.64 15.02 262.05 8 36 2
92 94.04 56.52 26.80 407.23 21 38 3
93 28.70 8.77 18.86 381.63 11 29 5
94 44.18 69.22 22.80 350.70 22 41 3
95 51.48 37.45 10.15 317.95 3 27 1
96 59.33 46.54 11.19 236.66 4 29 5
97 47.00 37.08 23.44 340.33 24 46 4
98 55.24 69.95 18.67 386.87 19 30 3
99 8.38 96.96 49.12 395.08 15 34 3
100 14.14 96.18 48.79 413.43 10 20 4
101 12.64 80.11 27.73 268.20 22 47 5
102 24.17 4.00 21.93 348.22 16 35 5
103 41.74 71.71 46.60 477.75 2 30 3
104 47.41 10.65 39.70 337.71 1 23 4
105 99.14 54.47 43.93 170.14 12 13 5
106 36.34 12.63 6.32 95.60 7 13 1
107 91.90 91.46 17.70 440.32 23 39 2
108 83.97 34.14 48.07 421.70 3 34 3
109 59.00 89.65 8.23 79.84 15 20 1
110 35.85 98.28 5.81 492.51 14 46 4
111 92.62 33.94 7.79 198.64 6 32 4
112 34.24 10.44 36.95 342.21 18 42 3
113 46.91 54.94 46.92 239.44 14 18 1
114 49.57 99.82 7.67 315.03 7 33 5
115 32.74 13.23 25.69 164.68 9 38 5
116 98.15 40.76 40.99 419.29 18 43 2
117 28.79 38.56 39.78 366.71 4 48 2
118 24.39 76.97 30.62 313.80 15 35 5
119 8.38 34.41 8.22 99.48 3 6 3
120 19.53 88.38 29.52 333.27 11 21 2
121 81.90 17.75 6.11 142.28 11 17 1
122 28.95 78.06 48.58 307.47 10 41 5
123 53.43 91.65 47.04 373.45 15 32 4
124 45.47 35.84 17.79 357.44 22 39 4
125 58.26 93.01 32.73 67.90 2 36 5
126 20.75 41.72 9.41 496.96 23 39 2
127 67.11 5.93 11.01 57.21 13 31 4
128 94.90 87.32 19.30 259.83 14 33 5
129 9.77 59.06 7.62 201.34 16 18 3
130 53.27 15.67 19.43 126.20 22 34 2
131 33.09 98.05 34.11 64.39 3 22 1
132 46.46 11.82 42.82 152.02 14 30 1
133 67.76 74.26 29.92 478.99 7 9 3
134 60.83 26.51 49.51 413.93 3 15 4
135 7.51 97.36 14.26 251.19 4 37 5
136 77.08 16.50 33.66 431.62 23 23 1
137 30.96 76.43 5.89 73.89 22 33 1
138 80.17 36.68 11.36 263.43 23 46 3
139 38.20 20.06 5.55 217.27 13 22 3
140 73.92 86.79 27.05 467.47 15 26 5
141 16.82 50.39 38.37 450.33 9 28 4
142 16.10 46.24 31.17 186.20 13 20 5
143 40.06 41.30 1.82 448.63 9 12 2
144 52.42 87.72 22.18 257.57 21 27 1
145 97.94 65.44 17.95 389.30 15 16 5
146 18.26 3.66 26.46 361.41 0 1 1
147 5.90 7.44 47.42 88.00 21 28 1
148 87.52 90.35 39.86 321.16 17 45 5
149 19.83 98.20 11.50 442.70 16 23 5
150 84.80 29.56 41.75 390.19 16 38 2
151 27.24 21.09 19.83 100.01 20 35 4
152 29.44 34.36 14.73 340.08 21 39 5
153 75.26 94.61 40.75 324.52 18 34 5
154 98.34 95.84 26.90 161.74 7 44 5
155 30.09 93.31 19.87 218.00 23 44 4
156 3.73 39.62 44.86 264.46 10 13 3
157 34.09 25.66 23.94 375.58 4 18 2
158 56.65 44.90 19.03 85.31 2 38 2
159 4.11 48.90 37.36 499.81 22 23 4
160 34.36 43.87 25.83 499.37 1 22 1
161 1.66 79.59 48.68 265.61 16 41 2
162 98.14 51.40 33.23 337.60 1 12 5
163 76.80 47.40 4.24 113.37 14 38 1
164 75.53 66.68 44.47 334.72 20 31 5
165 66.97 16.91 10.49 221.90 5 7 5
166 38.87 20.06 28.44 287.68 18 25 1
167 88.57 57.71 23.63 210.77 14 48 1
168 13.63 76.53 20.07 469.54 7 26 5
169 41.05 70.40 16.16 311.71 0 26 5
170 79.82 81.27 15.45 199.31 9 23 2
171 5.46 11.71 19.01 333.05 2 13 3
172 94.44 30.94 28.67 125.42 23 31 1
173 47.54 87.37 19.50 225.43 4 39 2
174 54.42 0.77 45.66 338.44 0 24 3
175 96.97 20.19 4.04 102.82 17 27 4
176 18.46 20.91 20.71 420.27 8 13 1
177 90.23 76.84 44.01 401.03 24 40 5
178 42.37 35.32 21.83 205.17 2 47 3
179 51.75 39.45 6.27 492.77 1 33 2
180 37.28 23.11 8.42 450.78 9 31 4
181 21.82 70.19 7.11 427.61 4 8 1
182 87.82 95.06 20.56 242.36 15 38 5
183 14.03 5.73 12.24 269.76 11 24 3
184 46.57 34.80 44.93 354.93 20 46 3
185 87.09 24.63 31.41 488.16 12 35 3
186 56.31 68.31 39.23 418.82 7 9 2
187 63.32 8.02 20.61 186.03 3 39 5
188 75.27 89.46 40.56 388.44 17 43 5
189 57.62 85.21 18.42 487.30 10 12 4
190 43.80 30.10 4.34 225.11 17 45 1
191 88.64 5.70 39.86 140.64 8 24 4
192 51.83 72.67 32.27 440.58 10 16 2
193 4.15 97.11 6.26 184.41 24 48 4
194 2.13 91.42 8.96 85.39 5 28 1
195 84.49 8.78 47.94 290.59 5 36 2
196 44.10 15.92 1.91 144.13 18 48 4
197 32.48 91.68 4.45 437.23 7 19 4
198 88.66 74.42 14.29 489.49 17 29 3
199 86.36 10.69 5.16 497.12 18 35 3
200 45.34 67.04 31.07 441.70 10 44 2
201 49.35 79.55 30.64 150.12 22 48 4
202 36.11 38.25 27.17 478.20 5 9 3
203 26.24 55.09 13.53 451.47 4 11 1
204 92.99 34.27 31.91 136.04 15 15 5
205 21.93 52.02 21.83 346.30 2 17 2
206 19.29 78.33 13.25 303.44 15 41 4
207 86.96 73.02 5.88 368.75 20 47 2
208 94.79 3.85 48.19 485.60 13 42 1
209 77.26 81.18 15.63 437.02 9 36 3
210 88.87 75.72 30.71 358.34 12 42 1
211 99.32 23.29 36.94 451.25 0 25 3
212 89.39 85.17 18.37 197.19 23 40 3
213 76.59 31.46 1.26 428.27 23 37 2
214 21.28 39.19 3.96 429.59 9 29 4
215 14.91 35.68 10.56 132.54 6 19 2
216 45.25 88.73 37.26 289.85 20 38 2
217 51.79 99.15 39.01 404.33 8 19 5
218 26.30 59.47 18.49 266.30 22 34 3
219 62.39 73.46 20.66 291.86 21 32 3
220 70.02 72.43 22.16 162.65 17 38 5
221 30.51 68.95 22.69 89.29 21 28 3
222 22.60 37.03 44.63 237.85 5 21 5
223 37.01 88.86 40.04 489.57 8 26 4
224 94.30 73.56 36.90 383.45 18 23 5
225 3.98 2.22 36.09 481.23 23 36 2
226 15.68 75.87 19.24 325.54 17 30 2
227 64.99 44.54 2.39 386.16 6 29 3
228 3.40 76.33 18.55 264.60 1 44 1
229 47.29 45.00 18.91 107.97 10 18 2
230 32.43 87.94 38.80 271.78 24 25 1
231 1.55 62.77 8.02 87.69 5 33 3
232 68.03 84.05 40.21 460.73 13 36 2
233 37.97 0.84 42.53 279.19 5 8 2
234 64.10 58.18 17.95 328.23 8 8 3
235 34.75 20.60 8.74 314.85 22 23 4
236 12.51 11.85 32.77 454.20 14 26 3
237 47.03 38.40 29.53 237.35 0 22 3
238 43.34 55.55 1.56 483.91 3 7 1
239 84.30 87.79 6.69 430.40 13 29 4
240 42.53 62.86 47.75 88.67 23 35 1
241 64.38 9.12 32.32 123.73 11 21 2
242 60.45 70.64 38.29 100.67 13 20 5
243 4.55 50.18 4.89 98.54 7 18 4
244 55.85 37.87 6.55 358.94 22 36 4
245 26.70 33.62 15.50 112.98 16 18 3
246 44.30 75.31 4.21 104.83 18 47 1
247 68.87 17.20 39.28 156.42 6 47 2
248 71.90 62.07 8.49 356.57 12 32 1
249 69.00 45.16 36.17 298.76 12 40 5
250 25.90 18.61 29.97 165.01 13 30 3
251 40.45 91.51 45.35 474.29 17 37 5
252 54.33 46.45 38.98 217.41 17 41 1
253 39.68 11.15 11.82 251.96 19 40 1
254 86.09 43.78 3.26 148.58 21 43 2
255 33.59 0.26 44.27 173.71 9 14 2
256 60.73 13.35 11.34 91.35 8 30 1
257 68.08 89.76 46.52 196.09 24 46 4
258 25.26 70.48 35.25 316.53 5 37 1
259 71.17 4.80 17.13 87.77 15 28 4
260 46.42 10.07 10.13 197.21 10 12 2
261 87.94 75.52 5.71 486.05 24 46 2
262 33.83 70.60 32.78 489.21 13 32 1
263 27.81 75.51 27.88 349.74 14 22 4
264 84.96 97.70 16.74 210.27 19 44 2
265 29.68 9.23 25.52 377.89 18 33 1
266 73.78 99.39 26.50 288.84 8 43 4
267 75.42 19.36 11.98 224.22 12 41 3
268 24.18 98.90 32.89 284.14 23 24 1
269 66.28 45.23 45.90 196.13 9 31 3
270 50.93 96.44 15.60 315.71 2 18 5
271 16.26 69.69 36.50 83.61 7 48 5
272 98.50 8.49 38.85 104.39 20 22 5
273 75.05 19.76 35.15 488.87 6 25 3
274 65.10 34.46 43.77 487.77 19 34 2
275 22.34 14.77 11.27 54.15 0 40 1
276 6.20 24.96 38.80 203.34 9 48 5
277 65.42 61.29 20.81 499.91 9 20 5
278 3.74 63.49 1.61 250.18 7 16 3
279 35.97 0.46 2.76 63.84 20 43 3
280 53.11 56.12 26.33 150.02 4 5 5
281 81.52 48.31 30.36 433.78 17 27 1
282 84.97 12.07 11.42 166.58 12 43 4
283 79.29 39.98 14.42 331.14 5 20 4
284 0.42 4.56 6.77 458.72 3 33 5
285 0.94 86.23 39.52 206.17 21 40 1
286 59.66 83.37 11.24 491.55 13 30 2
287 7.27 68.31 25.97 333.42 2 23 4
288 73.99 66.57 45.78 252.58 20 25 2
289 2.96 34.90 31.60 241.59 6 28 1
290 91.24 71.33 8.28 185.85 19 47 4
291 56.78 91.47 20.11 183.71 20 41 5
292 14.79 62.52 40.61 249.16 17 37 5
293 3.37 58.59 7.72 478.37 20 22 4
294 18.76 43.25 26.04 351.43 18 41 2
295 61.48 68.38 29.46 288.73 22 40 2
296 4.65 70.23 15.81 260.06 23 30 3
297 26.94 50.34 46.07 116.28 11 38 3
298 47.58 98.41 4.21 341.43 15 45 1
299 32.46 97.94 48.99 57.82 15 27 4
300 34.56 39.85 33.20 370.43 11 34 5
1 147.72 2995.67 1
2 140.94 3374.66 2
3 125.06 4314.05 3
4 195.32 3492.76 4
5 176.33 4857.75 5
6 101.96 4790.17 1
7 124.37 2517.10 1
8 190.99 3115.29 4
9 131.43 2762.70 1
10 124.14 4831.11 3
1 1.54 44.98 6
2 1.69 38.66 10
3 1.15 38.80 7
4 1.44 29.60 7
5 1.40 46.86 9
6 1.60 27.42 4
7 1.18 28.67 8
8 1.73 43.01 10
9 1.20 35.56 4
10 1.60 43.37 3
11 1.28 33.17 6
12 1.15 27.83 8
13 1.50 34.20 10
14 1.41 40.19 6
15 1.18 34.85 4
