Data for Vehicle routing problem with drones - Author: Huyen Do Thi Ngoc
Number of depots: 5
Number of cities: 100
Number of trucks: 8
Number of drones: 13
Area: 100 100 50
Customer maximum demand: 500
Max capacity of truck: 200
Max energy of truck: 5000
Max capacity of drone: 2
Max energy of drone: 50
1 89.69 97.47 41.77
2 94.02 67.96 30.19
3 1.76 82.35 38.04
4 43.36 91.46 6.35
5 33.87 69.98 23.50
1 3.89 40.89 44.44 390.81 18 18 4
2 18.67 86.18 46.42 87.87 2 44 2
3 69.57 80.08 25.43 431.36 21 43 5
4 54.16 30.37 21.99 249.80 6 30 3
5 47.04 74.77 18.44 69.17 2 38 5
6 84.45 95.31 18.12 474.80 19 37 5
7 99.84 75.75 11.26 209.44 1 18 4
8 37.55 27.27 6.79 309.71 20 39 1
9 45.44 25.73 29.61 142.41 3 3 5
10 84.99 46.43 4.51 392.04 3 13 3
11 29.69 59.55 37.89 256.04 0 5 1
12 21.52 89.85 10.92 393.45 23 39 1
13 58.71 38.39 48.47 68.02 12 35 1
14 64.29 89.11 7.79 153.06 12 14 2
15 5.00 79.16 28.23 325.42 5 15 2
16 76.47 93.69 27.15 387.36 16 22 2
17 9.30 70.72 43.92 53.31 13 42 1
18 83.23 31.83 47.66 188.99 24 28 1
19 71.95 69.14 33.68 76.38 13 31 1
20 13.37 38.13 33.09 450.92 15 17 2
21 84.59 63.02 41.28 407.23 4 39 1
22 85.21 26.20 28.31 267.29 2 5 2
23 80.08 81.64 18.94 161.12 4 14 3
24 80.18 72.05 12.77 161.34 5 45 4
25 20.22 35.41 10.54 158.76 2 36 2
26 10.76 14.49 28.51 246.56 7 38 1
27 2.05 88.94 23.19 494.58 14 24 1
28 4.02 98.16 40.63 99.70 19 22 3
29 70.34 77.39 10.17 253.57 8 47 1
30 90.42 21.29 5.89 180.35 7 10 1
31 37.76 70.45 34.68 224.29 10 30 3
32 79.10 82.82 38.72 164.61 11 12 2
33 33.68 76.81 42.07 448.95 12 12 5
34 50.84 97.35 8.70 281.96 14 19 3
35 72.14 0.02 19.49 85.23 14 46 1
36 8.89 94.26 12.27 141.42 20 45 3
37 82.39 15.61 41.75 319.87 11 36 2
38 93.83 41.79 11.06 424.88 24 36 1
39 14.38 7.76 38.48 328.69 1 14 1
40 81.80 62.23 46.88 295.60 21 22 1
41 80.01 83.49 5.02 496.72 20 45 2
42 59.36 17.43 13.29 475.74 21 32 2
43 42.57 23.63 5.86 461.71 6 11 3
44 1.95 91.62 2.50 251.29 4 36 2
45 5.98 23.71 7.62 321.84 17 40 3
46 50.46 35.30 34.22 218.95 7 20 3
47 16.02 56.86 10.34 425.89 15 24 1
48 5.74 96.01 8.45 153.42 18 31 2
49 81.12 68.57 23.27 240.70 8 32 1
50 83.83 82.72 40.59 192.86 19 24 1
51 25.26 75.93 11.49 120.98 1 48 2
52 1.00 8.12 8.40 266.06 10 29 5
53 5.81 63.46 35.60 113.93 22 36 3
54 80.58 29.79 36.60 113.43 12 18 1
55 48.34 59.70 32.14 370.52 10 23 3
56 88.20 29.81 31.88 473.12 9 15 3
57 69.56 28.55 23.17 422.51 22 48 5
58 47.63 73.73 15.78 388.58 11 46 3
59 30.97 14.45 40.69 362.61 6 25 5
60 39.27 77.97 26.99 145.98 19 19 5
61 64.63 85.08 39.52 123.77 19 25 3
62 50.98 48.90 7.71 360.38 18 22 1
63 81.51 65.76 32.36 391.78 14 36 3
64 52.13 94.10 46.93 96.33 9 23 4
65 4.96 81.00 10.77 88.41 11 33 1
66 88.33 84.05 40.26 251.36 24 41 5
67 56.85 0.33 9.46 56.50 23 31 4
68 44.81 5.85 40.45 449.96 3 21 4
69 4.35 48.06 43.81 78.72 6 36 1
70 35.90 57.64 14.31 414.40 18 29 2
71 72.60 3.46 22.85 444.25 22 28 4
72 64.56 80.90 26.31 253.41 23 31 4
73 64.25 49.57 2.56 275.34 8 15 5
74 30.66 57.39 49.56 278.52 1 34 5
75 79.50 67.61 42.83 297.18 15 31 4
76 79.62 70.14 11.46 174.36 5 6 2
77 83.86 55.98 24.28 137.41 8 28 4
78 21.57 99.66 12.12 185.94 8 10 2
79 11.66 27.90 25.60 430.23 23 40 5
80 60.85 0.71 34.37 277.34 23 27 1
81 92.31 39.37 1.10 391.61 2 34 2
82 34.43 22.07 20.83 248.00 13 24 2
83 77.93 38.87 42.48 371.71 0 36 2
84 60.00 59.87 47.60 230.79 6 26 1
85 65.57 18.90 22.21 446.56 2 16 4
86 22.18 14.24 44.02 423.51 3 35 3
87 83.48 35.30 49.17 365.67 9 28 2
88 74.58 28.11 18.07 138.30 2 22 3
89 60.30 80.07 20.32 246.23 20 26 5
90 68.33 71.96 5.59 118.28 13 35 2
91 18.68 8.80 23.72 300.41 16 33 1
92 85.61 47.41 15.77 341.80 13 44 5
93 52.14 59.38 8.72 264.72 23 27 1
94 40.66 99.42 5.16 199.48 13 35 5
95 21.14 66.28 38.30 74.80 24 37 1
96 58.56 49.15 27.81 305.00 14 19 2
97 18.61 86.86 12.12 185.38 22 23 3
98 41.24 77.68 34.29 157.64 24 30 2
99 84.86 93.27 4.95 135.20 14 30 3
100 67.39 69.17 34.68 209.92 13 13 4
1 193.42 3824.65 1
2 185.57 3234.40 2
3 194.66 3380.07 3
4 191.11 4982.34 4
5 174.51 3469.80 5
6 162.90 4844.47 2
7 164.43 4087.76 2
8 108.29 3786.99 5
1 1.40 45.20 1
2 1.62 45.52 1
3 1.93 37.41 2
4 1.89 49.15 2
5 1.71 32.60 8
6 1.14 28.98 7
7 1.48 44.44 4
8 1.61 28.91 4
9 1.64 42.71 2
10 1.07 41.25 6
11 1.12 48.05 1
12 1.74 38.37 5
13 1.37 35.23 2
