Data for Vehicle routing problem with drones - Author: Huyen Do Thi Ngoc
Number of depots: 4
Number of cities: 500
Number of trucks: 4
Number of drones: 11
Area: 100 100 50
Customer maximum demand: 500
Max capacity of truck: 200
Max energy of truck: 5000
Max capacity of drone: 2
Max energy of drone: 50
1 44.19 7.46 5.28
2 55.55 9.77 14.41
3 98.47 87.42 41.28
4 84.54 41.91 8.01
1 55.56 13.41 38.60 153.87 7 20 3
2 88.03 17.80 27.04 204.38 2 33 4
3 0.19 20.01 27.59 343.30 22 44 4
4 4.35 36.86 24.61 366.26 17 17 2
5 22.76 98.76 13.38 344.27 18 37 1
6 8.29 35.11 12.74 54.41 15 48 4
7 48.95 61.40 6.85 194.86 4 45 4
8 90.67 86.12 35.01 57.00 15 38 3
9 38.76 31.26 23.58 56.97 24 48 2
10 66.66 98.20 9.24 474.26 16 17 4
11 34.69 83.25 11.52 330.94 0 28 2
12 68.91 88.33 21.67 375.68 16 30 3
13 73.61 16.30 28.68 191.46 23 37 2
14 13.69 92.92 1.15 78.84 23 33 3
15 63.86 5.44 24.69 444.78 24 24 3
16 18.23 22.24 11.49 256.28 4 17 3
17 20.65 58.05 14.89 276.33 1 3 4
18 26.07 32.99 1.67 387.83 20 21 2
19 99.88 76.65 39.89 367.86 24 24 2
20 93.51 93.84 7.31 449.19 11 22 2
21 23.41 38.69 40.88 93.70 15 48 1
22 11.23 1.14 11.86 141.21 8 24 3
23 30.95 35.87 43.67 440.92 18 19 4
24 60.40 90.58 17.66 225.92 0 44 1
25 93.03 41.83 19.50 183.34 20 25 2
26 19.46 60.47 26.71 421.26 7 10 2
27 34.08 28.11 12.71 410.44 4 25 4
28 57.48 47.74 30.21 207.06 22 30 4
29 53.07 6.68 20.74 429.21 8 28 2
30 31.11 24.22 47.29 80.53 19 27 2
31 36.12 57.47 31.17 106.41 17 35 3
32 51.41 56.07 38.50 490.09 8 43 1
33 63.20 94.62 8.56 466.33 16 28 2
34 38.63 75.50 41.42 310.95 13 31 1
35 59.36 6.37 12.69 446.27 1 29 4
36 43.26 95.84 8.90 142.34 21 44 4
37 29.01 79.13 14.09 201.97 22 25 3
38 59.31 81.59 24.57 321.28 11 26 2
39 1.68 61.00 7.92 282.64 1 37 3
40 97.29 44.37 34.94 392.49 20 21 4
41 49.70 31.31 41.77 120.20 23 43 4
42 22.05 61.88 39.63 64.68 12 34 1
43 69.76 19.83 33.46 444.92 24 48 1
44 38.14 67.96 14.70 385.48 11 47 1
45 4.36 21.15 34.41 74.62 4 39 4
46 5.30 63.50 15.62 480.72 13 25 1
47 16.96 6.06 9.42 192.34 7 44 3
48 27.87 89.35 40.33 72.21 20 38 4
49 81.03 71.12 36.06 62.57 0 8 1
50 55.74 58.98 45.90 352.62 19 46 1
51 71.05 13.03 46.02 213.24 5 30 4
52 11.62 72.89 25.70 256.24 2 14 4
53 53.31 69.68 11.20 87.30 16 22 3
54 78.55 1.95 25.08 112.09 14 28 2
55 21.86 12.70 49.44 431.82 6 22 1
56 37.06 32.80 2.35 199.81 0 18 4
57 17.06 61.68 31.30 471.86 4 39 3
58 10.47 31.12 31.57 344.81 0 38 4
59 86.35 87.14 4.95 340.08 22 31 3
60 15.21 43.10 1.49 182.46 10 36 3
61 2.52 48.26 2.52 345.28 15 23 4
62 5.22 24.01 26.92 186.44 11 48 2
63 17.79 45.41 26.78 492.41 2 2 3
64 55.50 55.70 25.78 457.88 2 27 2
65 88.71 64.29 12.07 368.95 15 38 3
66 38.27 79.18 0.83 400.17 7 7 4
67 96.92 2.87 18.65 279.78 24 38 3
68 39.98 57.47 10.81 493.83 22 46 1
69 21.10 5.19 8.90 66.24 14 44 4
70 35.80 9.97 24.91 390.72 24 39 4
71 28.01 98.72 2.32 196.02 0 11 3
72 20.31 33.88 47.93 486.32 21 40 4
73 97.15 9.39 20.25 234.15 19 20 2
74 43.39 91.71 40.40 262.73 8 42 2
75 90.56 36.82 8.55 185.69 6 23 4
76 55.74 1.31 15.39 289.48 21 45 3
77 20.76 68.14 48.92 251.33 7 23 4
78 59.22 5.16 18.94 409.95 3 18 1
79 72.89 9.65 39.65 235.02 10 26 1
80 60.91 56.24 17.19 444.67 21 39 2
81 64.38 6.05 40.27 82.28 10 10 4
82 94.80 20.15 9.49 105.21 10 44 1
83 82.74 4.90 6.48 138.15 2 19 4
84 56.39 32.31 36.17 247.62 6 19 2
85 83.45 36.69 7.69 63.00 15 17 2
86 49.35 18.86 2.78 196.85 0 3 3
87 79.14 24.02 11.26 142.79 0 5 4
88 91.62 13.57 21.76 254.62 17 32 2
89 21.08 25.14 21.05 239.92 1 23 2
90 7.76 10.42 10.54 66.18 10 38 2
91 55.36 54.62 28.39 148.27 2 35 1
92 98.59 72.74 19.91 241.31 21 48 4
93 37.05 0.67 42.21 149.17 8 39 3
94 85.34 80.98 47.72 229.96 7 30 4
95 2.62 34.39 36.28 368.95 21 33 3
96 36.62 87.23 35.51 144.74 22 48 1
97 59.30 80.11 3.33 309.02 20 29 3
98 92.59 44.69 26.46 337.64 15 29 1
99 27.37 99.60 41.63 167.49 5 8 4
100 43.46 37.09 10.16 279.68 22 38 4
101 87.20 32.19 35.76 169.58 6 37 1
102 74.70 35.45 8.93 111.78 10 45 2
103 93.41 9.63 10.46 357.29 3 8 2
104 30.72 83.86 14.52 104.51 7 32 3
105 96.40 45.99 8.39 242.68 4 45 4
106 21.98 13.94 13.69 498.47 16 33 3
107 9.90 94.84 38.31 264.29 17 31 3
108 12.58 26.87 15.14 310.91 21 24 3
109 35.45 32.63 12.90 392.36 3 10 4
110 85.68 48.64 32.67 376.40 4 28 3
111 53.01 2.29 14.53 68.92 5 8 2
112 89.49 6.97 7.39 93.19 7 18 3
113 28.95 80.63 29.14 396.85 5 9 4
114 23.04 83.26 33.58 84.00 7 30 2
115 75.26 94.44 45.46 347.18 17 39 2
116 14.86 85.21 15.13 201.77 21 45 4
117 22.48 35.77 31.75 462.95 2 25 1
118 90.25 39.35 8.85 377.79 20 22 3
119 14.79 85.34 34.59 489.40 22 37 3
120 27.53 3.28 8.03 178.98 2 13 2
121 58.35 86.46 27.74 347.36 5 40 4
122 76.23 58.26 9.94 421.49 2 35 1
123 29.51 39.99 39.07 156.78 21 31 4
124 59.29 83.44 41.28 485.16 15 16 3
125 49.63 61.99 4.03 442.86 16 40 2
126 61.75 99.25 24.88 321.59 21 38 2
127 34.23 23.97 18.35 174.60 14 20 2
128 35.68 82.01 23.38 273.69 21 44 1
129 2.78 47.05 26.07 221.07 3 41 3
130 90.09 67.82 20.49 434.96 15 15 1
131 71.75 97.03 32.37 176.23 8 44 1
132 59.02 84.67 6.44 95.37 22 23 2
133 60.42 76.20 48.30 283.04 3 26 4
134 62.24 0.61 47.20 54.83 24 46 4
135 30.34 46.61 32.27 179.53 6 34 2
136 37.01 70.72 44.88 227.08 24 28 1
137 12.87 15.41 17.57 332.38 16 22 2
138 30.76 74.95 15.79 387.02 24 45 3
139 36.85 65.50 8.11 406.36 12 39 2
140 19.37 3.88 1.29 260.63 6 19 4
141 13.29 40.24 49.33 353.47 9 43 2
142 89.51 10.17 20.32 79.23 20 48 3
143 84.60 38.25 47.54 353.59 10 33 4
144 59.11 89.88 22.41 190.58 17 32 1
145 59.71 41.55 32.47 314.80 17 31 3
146 86.98 44.01 6.74 135.36 14 25 3
147 42.60 69.51 14.37 415.04 1 27 1
148 37.47 48.40 33.22 379.89 17 35 2
149 74.48 36.23 44.07 463.37 22 42 1
150 10.44 56.08 28.46 442.78 19 27 2
151 53.48 9.62 42.04 447.60 2 36 3
152 58.26 22.28 18.80 300.72 3 45 3
153 99.66 94.95 28.94 146.79 2 19 4
154 2.65 49.43 13.55 128.28 4 16 1
155 96.30 46.67 10.49 425.57 13 35 4
156 23.45 74.29 30.73 437.01 10 28 4
157 8.64 48.57 35.17 324.97 14 27 3
158 10.90 29.53 17.81 305.26 24 28 2
159 69.68 10.17 17.98 432.22 22 23 3
160 79.44 70.77 49.15 309.74 21 46 3
161 91.03 97.67 20.02 76.08 15 29 4
162 16.09 40.04 31.70 322.99 7 7 4
163 73.86 9.16 26.41 211.10 22 34 1
164 37.09 47.26 40.90 370.29 18 35 2
165 36.04 59.03 13.44 477.90 12 30 4
166 79.65 65.13 14.55 459.18 8 26 4
167 93.68 93.72 0.31 444.45 3 6 4
168 49.67 53.91 6.19 261.31 20 29 1
169 85.88 36.55 28.50 367.57 14 35 4
170 81.10 21.51 8.76 328.99 10 28 3
171 52.74 20.90 43.85 429.32 6 45 2
172 95.61 78.37 29.45 160.91 16 38 2
173 46.90 47.29 34.04 405.70 12 29 3
174 63.72 30.34 4.06 197.43 1 19 4
175 46.63 20.18 44.73 208.79 24 48 3
176 92.43 29.84 5.44 95.77 23 35 4
177 33.41 68.20 22.25 358.93 17 19 4
178 65.93 97.23 14.13 496.37 23 46 4
179 85.62 70.14 25.29 181.30 20 34 2
180 86.13 87.81 3.54 140.08 23 46 3
181 25.19 28.51 49.07 490.34 0 13 4
182 21.61 23.04 4.81 475.04 7 43 2
183 65.22 96.09 42.57 396.53 11 43 4
184 53.88 56.80 8.54 143.99 20 43 1
185 15.03 43.33 48.06 87.23 13 37 2
186 56.11 89.73 1.77 70.13 1 10 1
187 60.86 42.69 0.97 72.07 18 29 4
188 71.82 42.23 35.80 263.04 9 12 2
189 30.00 68.15 21.12 106.60 3 3 2
190 95.40 49.79 6.13 465.71 20 38 1
191 29.37 64.66 40.07 221.99 5 7 3
192 12.78 87.86 20.20 61.38 23 24 2
193 64.59 91.89 15.82 423.62 12 18 2
194 98.38 6.48 2.37 233.75 10 37 2
195 45.88 91.77 3.91 122.75 12 19 2
196 12.98 73.14 2.85 138.73 5 14 4
197 71.45 89.94 22.50 300.59 16 35 2
198 86.51 91.09 33.63 310.09 1 40 1
199 85.57 87.41 33.69 203.01 11 35 2
200 15.97 46.59 6.71 290.90 11 47 4
201 49.82 81.11 7.81 60.15 8 36 2
202 50.66 15.10 44.23 312.38 10 47 3
203 85.13 78.35 6.61 143.97 12 21 3
204 52.27 17.21 44.06 124.25 13 18 1
205 69.01 46.01 2.33 123.68 22 36 1
206 37.96 22.25 10.03 56.42 12 42 2
207 13.80 56.26 5.81 296.77 5 20 1
208 0.60 38.24 30.37 200.91 3 23 3
209 81.78 8.64 9.63 188.20 18 28 1
210 3.02 7.08 42.29 119.86 10 18 3
211 64.25 47.24 42.88 306.59 2 8 1
212 22.84 86.56 45.10 466.38 8 9 3
213 77.22 51.41 9.22 235.89 18 29 4
214 24.81 19.45 29.08 289.11 23 28 2
215 44.35 97.75 37.48 488.54 11 48 4
216 26.01 21.37 17.61 152.95 9 25 4
217 72.94 63.21 17.18 493.88 6 47 2
218 57.69 71.26 24.76 425.34 10 36 3
219 57.03 54.43 49.64 497.16 15 19 4
220 31.50 48.87 46.37 183.78 24 38 3
221 80.31 71.44 34.87 255.13 11 26 1
222 90.72 14.94 3.37 187.33 8 22 3
223 81.31 94.34 40.70 199.14 14 48 4
224 12.78 8.61 38.12 388.45 22 29 2
225 39.18 47.38 37.27 378.13 23 47 2
226 62.67 65.00 41.56 154.95 13 21 3
227 77.13 16.96 26.71 263.20 14 22 2
228 51.16 67.17 33.57 300.10 14 48 2
229 52.89 6.65 38.34 303.47 14 23 1
230 8.90 17.85 2.02 336.91 12 24 3
231 74.86 37.81 15.92 441.04 10 21 1
232 75.91 9.93 41.63 98.29 18 19 1
233 97.90 57.41 43.56 173.33 20 41 1
234 13.65 44.77 38.00 239.20 14 23 4
235 63.49 27.74 15.30 334.51 12 15 4
236 58.00 92.42 14.52 271.39 16 40 3
237 99.28 70.36 7.79 258.92 13 48 1
238 75.88 30.61 14.25 333.18 20 34 3
239 80.14 18.06 6.35 326.16 1 25 4
240 31.40 51.80 0.43 296.66 0 47 1
241 67.94 70.89 43.69 451.46 4 29 1
242 65.78 32.59 24.57 50.49 2 23 1
243 33.01 9.54 16.93 182.29 14 42 3
244 46.42 97.54 24.53 156.11 2 36 3
245 78.06 95.47 49.56 187.55 18 39 3
246 5.20 43.34 44.87 435.99 1 42 2
247 77.18 48.49 3.96 412.49 21 47 1
248 50.00 80.39 25.64 52.15 12 21 4
249 82.46 72.35 40.36 274.33 4 6 4
250 89.75 79.45 25.86 312.36 5 37 3
251 47.07 49.36 11.91 143.98 8 28 3
252 83.12 32.34 34.71 436.86 5 20 3
253 51.35 18.03 4.68 187.66 0 21 1
254 46.95 68.00 31.20 301.10 5 43 1
255 79.28 16.76 34.31 393.86 14 43 1
256 72.25 66.19 39.85 291.09 4 12 1
257 43.20 82.78 0.41 89.79 8 38 2
258 48.28 83.32 16.81 392.70 24 36 4
259 99.63 16.56 34.30 430.54 13 19 3
260 29.83 47.71 12.76 124.81 24 25 4
261 92.56 27.38 20.49 207.93 19 21 2
262 26.05 70.92 28.98 204.94 16 37 3
263 58.11 6.51 5.89 289.52 1 44 2
264 86.49 18.25 31.04 445.06 22 28 2
265 36.63 12.21 20.70 89.83 13 23 4
266 21.34 17.56 37.50 486.06 11 37 3
267 40.62 32.04 37.64 204.38 21 38 4
268 1.10 89.46 12.47 211.29 20 36 1
269 78.71 13.50 5.50 191.77 20 28 3
270 17.11 24.41 24.62 418.42 18 48 4
271 26.51 70.84 30.50 115.29 2 22 2
272 44.80 90.94 13.37 374.15 2 15 4
273 1.12 90.35 20.85 469.84 18 42 1
274 60.40 92.43 7.30 412.26 23 27 2
275 26.56 37.43 41.89 492.71 0 8 4
276 41.99 57.36 21.23 83.84 13 35 4
277 27.91 73.63 6.48 244.54 15 46 4
278 51.31 4.71 8.41 468.33 14 34 1
279 72.49 99.56 6.25 370.75 11 15 3
280 67.22 5.96 19.90 458.34 2 31 1
281 52.52 44.85 30.39 379.30 20 24 4
282 99.22 84.26 36.52 469.48 17 47 2
283 42.27 57.31 7.48 472.40 2 3 3
284 3.51 21.35 10.28 297.43 13 25 3
285 99.71 96.22 0.96 321.93 17 45 4
286 55.70 65.87 3.12 315.59 24 27 1
287 22.92 59.71 41.82 481.76 23 45 1
288 31.93 19.28 13.97 460.83 0 7 1
289 34.02 4.80 18.46 385.56 4 42 4
290 60.90 33.63 38.55 104.13 22 25 1
291 56.62 0.84 39.62 464.70 7 37 2
292 78.86 98.46 2.52 65.82 14 33 1
293 83.76 90.93 22.21 451.09 8 37 2
294 26.39 47.36 36.85 461.25 21 30 2
295 32.75 45.89 43.60 264.35 1 17 2
296 14.64 61.39 3.72 203.37 9 19 2
297 99.27 84.27 10.79 340.14 17 43 4
298 75.71 25.46 42.94 92.57 5 42 3
299 15.20 62.97 23.14 184.60 21 39 1
300 15.74 45.80 47.27 231.57 18 30 3
301 87.37 54.86 25.73 485.36 4 48 1
302 82.26 23.77 6.49 85.84 14 15 1
303 95.60 96.50 9.44 265.60 16 23 3
304 69.26 62.45 21.79 169.05 16 46 3
305 76.67 54.38 41.40 208.40 24 44 4
306 12.98 94.74 37.10 439.33 5 16 2
307 66.33 63.94 30.48 426.50 5 9 2
308 52.08 22.12 16.52 434.01 15 42 3
309 72.94 33.80 13.99 213.35 4 8 4
310 67.75 48.54 26.70 247.94 12 40 4
311 89.91 46.83 5.57 244.66 18 19 1
312 56.99 20.66 49.44 468.74 23 34 4
313 8.26 72.49 42.20 179.70 5 32 4
314 6.89 10.20 8.25 200.82 21 39 3
315 49.20 8.51 9.87 433.31 4 6 2
316 31.28 7.99 27.78 414.44 24 41 1
317 87.07 20.04 44.82 292.17 22 41 2
318 93.98 83.95 25.43 453.83 3 15 1
319 3.91 95.97 45.64 406.72 2 26 2
320 82.54 34.05 19.67 63.23 18 37 2
321 86.21 13.55 3.69 497.36 0 4 3
322 66.91 27.03 37.96 351.07 13 40 2
323 19.91 3.06 16.97 288.83 14 41 3
324 68.30 68.25 9.74 72.56 23 27 4
325 29.42 27.28 31.73 164.69 21 26 2
326 43.31 47.64 20.82 131.38 2 27 3
327 4.55 44.37 9.68 263.15 22 36 2
328 80.56 12.23 49.97 169.64 1 11 3
329 49.61 85.09 34.34 232.67 5 23 2
330 50.07 22.32 15.79 315.45 9 21 3
331 70.34 50.63 14.97 292.89 6 42 3
332 92.34 57.42 15.19 375.79 19 31 4
333 24.11 17.58 19.97 236.63 7 20 4
334 4.27 55.53 6.49 261.82 12 38 3
335 99.94 47.50 23.06 404.12 10 10 2
336 54.81 88.25 17.91 483.81 24 29 4
337 94.00 33.77 41.97 64.92 2 13 1
338 22.95 41.86 26.37 337.54 24 36 2
339 68.36 56.13 8.31 114.61 0 18 2
340 7.10 8.98 40.29 452.85 7 30 1
341 64.79 84.95 43.09 351.10 24 38 2
342 36.88 47.42 47.98 190.14 1 7 2
343 66.52 98.52 18.97 246.35 22 38 1
344 52.02 96.16 23.07 145.44 3 19 4
345 96.06 12.52 49.15 157.28 7 18 2
346 9.35 27.60 30.81 472.51 20 43 2
347 22.50 98.77 42.13 101.16 18 18 3
348 50.71 85.85 29.40 456.67 22 41 1
349 27.02 28.16 7.45 100.41 19 28 3
350 50.05 30.36 21.32 481.98 14 47 1
351 88.31 24.83 44.05 376.75 10 21 3
352 11.33 20.93 1.61 436.15 13 17 3
353 98.56 54.97 49.38 332.94 24 29 3
354 26.56 54.06 12.49 102.67 19 40 1
355 30.17 50.88 17.89 85.22 18 38 4
356 58.83 37.08 22.23 287.98 5 6 2
357 28.44 53.35 34.31 109.51 19 44 1
358 0.56 73.80 46.98 188.21 5 35 4
359 49.04 82.74 7.26 306.96 14 34 3
360 89.52 88.50 47.40 192.54 3 40 1
361 1.76 58.39 5.67 308.81 6 47 4
362 9.19 16.31 42.84 442.71 17 37 4
363 41.84 49.71 29.48 221.38 15 44 3
364 17.60 91.70 14.15 357.86 0 42 4
365 66.51 99.10 21.49 391.25 5 11 3
366 65.19 68.74 18.12 419.18 17 29 4
367 93.48 88.42 27.85 485.81 14 28 2
368 34.14 31.16 45.36 446.80 4 4 3
369 8.26 75.62 47.86 186.31 1 31 1
370 21.92 35.08 49.92 375.16 10 48 1
371 95.92 47.74 17.12 205.97 0 35 2
372 36.37 75.87 42.00 54.52 3 18 1
373 33.71 10.21 26.14 457.35 4 36 3
374 62.31 25.01 10.31 280.57 2 33 4
375 35.33 99.11 7.02 153.62 23 39 3
376 62.67 65.93 46.19 426.95 19 35 4
377 56.51 21.92 47.22 471.36 13 15 3
378 28.87 61.83 47.47 94.17 19 28 4
379 7.57 38.46 39.64 411.40 1 38 4
380 68.55 15.24 17.11 339.71 5 15 4
381 62.72 8.17 43.67 475.63 13 18 2
382 16.90 95.70 37.36 290.66 9 17 1
383 14.23 71.09 13.26 112.73 14 15 4
384 28.56 57.05 46.58 219.23 11 28 2
385 11.57 58.03 8.72 278.69 2 36 1
386 7.22 30.04 45.10 438.96 18 48 1
387 20.14 66.95 30.90 386.35 24 41 1
388 93.60 0.23 12.97 188.10 19 27 1
389 80.14 98.07 23.43 377.07 20 25 4
390 48.54 41.41 22.35 314.89 6 8 3
391 8.78 53.59 16.82 262.01 18 18 4
392 52.43 18.67 11.46 345.22 2 33 3
393 23.55 74.68 4.84 330.04 16 42 3
394 19.98 69.64 13.02 398.46 3 14 2
395 3.49 50.37 44.78 319.97 13 38 1
396 53.58 42.51 33.50 228.81 14 42 1
397 99.97 87.81 25.35 149.54 23 30 2
398 85.33 46.24 41.42 429.57 10 19 1
399 90.15 31.76 6.24 127.14 11 11 1
400 82.52 43.33 47.04 372.43 16 25 4
401 74.37 50.02 16.67 82.57 1 47 1
402 77.75 19.44 35.45 259.66 14 22 4
403 92.67 2.32 40.21 328.99 11 34 3
404 76.47 72.52 44.80 317.64 20 32 3
405 44.28 30.37 39.26 363.97 9 15 1
406 67.90 95.82 6.70 307.44 2 27 3
407 47.07 53.44 43.61 267.70 13 18 3
408 90.95 23.85 0.15 418.37 15 40 1
409 91.21 28.49 13.09 317.71 18 19 3
410 29.14 6.25 24.05 264.03 12 28 2
411 31.61 71.01 37.59 118.29 17 18 2
412 77.85 90.15 40.07 61.04 22 35 3
413 8.35 81.17 19.85 319.66 3 10 3
414 83.03 99.27 28.54 288.73 7 31 4
415 42.05 75.26 9.75 256.47 4 27 2
416 86.65 75.03 35.26 192.94 20 31 4
417 42.47 80.32 8.18 335.28 18 25 4
418 89.28 75.08 11.94 181.56 12 32 3
419 28.39 74.12 43.06 131.79 5 32 3
420 81.60 96.62 45.27 490.16 4 19 3
421 31.47 83.69 20.15 325.93 14 19 3
422 80.21 83.71 19.77 107.56 24 25 2
423 39.71 74.85 31.88 416.74 12 23 2
424 32.56 92.25 15.39 223.57 21 48 4
425 28.78 4.30 39.10 392.99 12 42 1
426 78.88 7.84 16.14 178.26 13 29 1
427 52.83 57.12 10.28 146.11 16 23 1
428 6.41 54.78 47.72 356.24 16 30 3
429 24.75 95.80 28.89 248.28 5 6 3
430 99.20 21.20 27.58 221.98 5 47 1
431 79.46 32.85 28.90 239.73 3 26 2
432 42.31 96.69 45.47 110.55 14 18 2
433 12.16 14.88 24.15 497.46 11 46 4
434 63.11 0.82 2.02 319.88 17 43 3
435 95.77 86.01 8.92 70.73 9 17 1
436 55.50 83.73 24.42 381.54 9 41 4
437 69.28 98.29 23.74 350.45 8 36 2
438 3.54 24.79 34.55 179.42 0 33 2
439 86.80 48.25 11.66 84.52 23 23 1
440 93.58 62.75 30.82 127.37 12 21 1
441 95.91 36.55 44.99 495.10 12 37 2
442 27.09 63.47 40.72 257.80 4 31 1
443 37.55 83.76 0.71 265.12 6 43 1
444 32.31 10.88 32.51 311.80 20 35 3
445 76.22 33.97 24.76 479.30 6 34 1
446 38.03 28.90 33.72 446.99 0 26 4
447 48.19 81.94 37.23 284.79 9 31 2
448 56.73 76.45 24.29 349.18 0 14 4
449 8.66 58.25 36.85 127.24 7 27 4
450 24.91 94.64 7.54 312.47 15 45 2
451 67.90 10.91 38.98 498.30 5 11 3
452 58.11 81.48 39.27 489.95 5 21 1
453 85.43 32.36 4.50 315.37 7 9 3
454 29.44 39.89 3.84 493.20 18 23 3
455 48.60 9.85 28.66 183.98 17 24 4
456 41.44 43.48 31.94 189.35 24 46 2
457 52.93 81.26 42.99 62.43 24 31 1
458 18.33 81.51 27.32 426.52 13 42 2
459 6.23 18.88 35.91 197.35 16 21 1
460 76.66 62.24 33.91 405.58 7 24 3
461 31.08 2.77 30.78 58.18 8 23 1
462 77.74 28.66 25.23 93.58 4 5 4
463 1.19 25.33 20.24 395.97 21 44 1
464 33.02 36.54 41.35 174.74 16 23 4
465 29.02 43.09 15.75 412.97 2 17 4
466 49.58 77.78 32.96 258.67 0 8 2
467 92.95 71.05 44.60 187.40 5 22 3
468 85.62 1.23 9.35 230.57 19 19 3
469 81.14 79.51 18.63 476.96 9 9 4
470 56.61 81.05 49.18 260.50 22 22 1
471 68.53 98.92 2.30 143.41 9 14 4
472 5.18 64.82 3.11 492.38 21 27 1
473 35.83 59.06 11.74 361.61 22 38 3
474 14.30 62.97 23.78 256.77 24 42 1
475 34.79 80.34 3.31 121.72 8 13 3
476 5.40 44.82 47.25 120.67 10 37 4
477 87.67 55.04 34.47 480.96 16 34 4
478 59.86 94.39 45.66 247.72 23 48 2
479 72.08 56.65 5.70 356.81 14 22 4
480 13.95 72.99 41.45 304.28 5 26 3
481 78.78 51.70 25.60 143.76 4 36 3
482 52.47 12.83 18.48 324.32 8 24 4
483 0.56 12.91 29.94 328.16 13 27 4
484 80.22 99.87 1.01 107.37 4 13 4
485 53.40 92.05 48.26 324.75 12 25 3
486 32.54 57.02 10.41 77.44 11 45 3
487 36.86 56.86 16.97 343.68 24 30 1
488 90.87 16.98 18.53 312.90 7 38 2
489 63.36 46.12 33.92 210.50 4 26 2
490 9.18 4.01 34.14 90.03 2 38 1
491 57.94 32.71 14.88 312.11 7 24 2
492 61.66 80.79 42.88 453.78 10 10 2
493 30.48 76.99 40.93 415.96 18 27 1
494 33.08 17.49 28.89 103.75 19 46 3
495 54.16 59.37 19.37 279.88 14 15 2
496 77.73 76.02 6.93 259.32 24 39 4
497 67.62 61.38 26.56 398.49 19 41 4
498 2.16 81.67 45.12 195.02 15 23 1
499 50.99 79.94 26.24 188.00 4 11 4
500 94.51 62.31 37.90 364.61 5 22 2
1 115.65 3222.60 1
2 158.30 4808.69 2
3 105.20 2981.97 3
4 116.85 3677.76 4
1 1.23 28.40 3
2 1.16 26.16 4
3 1.33 41.09 2
4 1.71 45.78 2
5 1.14 34.77 2
6 1.89 30.79 2
7 1.13 45.83 4
8 1.93 30.09 1
9 1.99 41.51 4
10 1.17 39.15 1
11 1.44 44.36 4
