Data for Vehicle routing problem with drones - Author: Huyen Do Thi Ngoc
Number of depots: 5
Number of cities: 200
Number of trucks: 5
Number of drones: 12
Area: 100 100 50
Customer maximum demand: 500
Max capacity of truck: 200
Max energy of truck: 5000
Max capacity of drone: 2
Max energy of drone: 50
1 43.31 37.71 19.90
2 11.65 73.09 34.10
3 23.66 68.38 31.72
4 91.26 62.56 12.70
5 72.18 96.19 13.17
1 10.81 18.74 15.15 60.19 4 13 2
2 8.67 68.76 34.24 388.59 4 33 2
3 41.29 68.93 24.01 234.75 6 12 5
4 21.23 47.94 17.82 407.76 6 10 1
5 87.03 93.61 13.74 162.34 0 20 5
6 8.52 27.59 4.45 156.43 1 4 4
7 9.71 64.41 28.82 375.16 15 48 3
8 23.62 13.00 41.97 206.19 16 32 4
9 73.29 30.48 26.78 234.06 16 48 1
10 51.76 59.88 1.03 446.53 14 45 4
11 34.43 41.84 38.08 109.47 12 12 3
12 75.43 74.56 38.17 351.92 23 45 4
13 59.66 29.28 11.81 458.69 2 46 4
14 71.76 20.93 9.31 78.39 14 23 2
15 72.93 64.27 42.64 297.40 15 46 2
16 35.60 51.52 0.32 297.73 21 26 1
17 17.99 24.18 8.99 424.37 22 36 4
18 47.08 77.09 23.72 306.96 10 34 5
19 59.80 56.01 46.61 280.31 10 35 4
20 52.24 66.50 39.55 223.18 0 33 2
21 54.81 99.78 5.03 265.42 4 21 2
22 0.18 12.54 0.23 69.77 22 27 3
23 55.64 78.86 7.41 128.29 8 33 1
24 96.68 51.56 47.45 214.39 21 39 1
25 8.39 78.54 48.56 80.46 2 14 2
26 18.50 26.12 43.78 360.51 5 16 1
27 89.07 20.02 0.53 168.11 14 15 1
28 95.43 61.42 5.71 385.59 10 26 4
29 76.67 36.10 23.36 265.41 6 22 4
30 20.11 90.16 41.63 245.77 13 14 2
31 18.32 19.24 38.93 141.51 20 21 5
32 71.32 4.05 5.43 187.62 22 25 4
33 19.44 74.62 16.85 499.51 15 15 4
34 28.73 53.95 21.35 357.76 22 43 1
35 37.43 57.00 9.46 140.82 1 15 2
36 45.46 65.25 25.32 234.12 5 40 3
37 8.65 82.99 4.90 406.90 8 26 2
38 1.59 34.86 33.53 234.30 13 23 4
39 21.23 52.91 31.43 74.90 11 20 2
40 28.18 6.28 49.66 458.58 14 20 5
41 3.25 66.12 1.98 470.99 3 42 4
42 36.33 27.33 32.63 51.19 6 27 1
43 46.05 69.81 41.92 270.02 2 4 4
44 58.12 80.21 12.99 149.55 15 27 1
45 60.99 95.51 15.13 78.32 17 22 1
46 62.14 38.44 32.22 447.63 8 24 5
47 99.91 3.34 19.72 118.34 1 41 2
48 13.95 65.47 9.81 65.73 21 39 1
49 68.95 86.28 15.02 335.28 17 20 2
50 13.85 92.87 47.77 117.95 1 34 4
51 3.83 92.39 32.64 68.39 13 45 5
52 8.81 52.64 10.52 96.79 24 41 5
53 49.84 55.13 40.17 280.13 14 25 3
54 16.23 25.58 48.01 85.29 11 17 2
55 76.97 93.26 38.91 424.91 4 38 1
56 10.65 31.93 32.76 158.18 18 32 3
57 39.06 13.20 39.48 330.05 9 11 3
58 77.53 57.29 27.60 178.14 14 19 3
59 66.64 99.74 46.48 468.38 1 35 4
60 73.24 99.79 40.39 335.50 20 40 5
61 8.53 73.10 25.24 273.58 3 7 3
62 17.75 20.27 21.04 240.86 2 21 3
63 80.75 64.48 36.60 497.27 14 44 2
64 98.91 87.56 17.34 486.14 23 40 3
65 12.58 67.27 4.30 173.12 2 37 1
66 37.89 98.19 12.83 335.13 9 41 5
67 72.24 81.99 14.82 452.39 0 45 5
68 31.95 70.06 38.45 228.23 17 39 3
69 28.35 66.79 14.13 305.39 6 30 2
70 76.04 76.33 23.59 455.46 20 45 2
71 34.27 38.90 29.35 336.52 22 32 3
72 71.95 78.85 8.47 206.10 4 16 5
73 42.35 61.02 49.88 169.37 8 43 3
74 42.52 50.52 33.18 356.97 23 29 1
75 0.60 13.40 12.83 385.03 1 37 4
76 60.27 27.31 37.18 67.58 18 38 3
77 57.42 22.81 12.22 199.32 15 46 3
78 25.56 95.41 46.88 260.60 17 46 2
79 75.96 19.78 36.15 145.81 6 20 2
80 6.83 16.97 31.00 65.82 3 18 2
81 89.54 89.37 39.72 356.57 7 9 4
82 7.42 1.78 39.83 320.44 14 47 1
83 41.88 48.19 12.72 325.97 20 43 2
84 75.62 96.04 2.06 351.71 11 24 5
85 13.26 25.12 22.53 472.66 6 39 4
86 61.97 25.49 27.71 290.90 17 31 4
87 72.51 97.41 23.83 258.19 23 40 4
88 87.74 38.21 32.42 173.19 21 22 3
89 21.18 79.20 7.61 382.39 11 11 5
90 26.32 48.02 42.16 484.08 11 24 3
91 80.09 32.56 35.65 327.84 23 37 5
92 85.78 78.43 8.14 461.12 16 46 4
93 99.81 52.59 28.52 339.47 0 18 4
94 21.14 60.61 36.82 233.36 12 35 1
95 77.58 67.30 3.13 401.92 9 45 5
96 43.60 21.57 43.72 72.90 6 36 4
97 70.82 82.94 44.11 232.18 22 47 2
98 41.56 22.48 13.60 168.09 24 42 5
99 4.11 5.94 47.64 409.83 24 24 2
100 63.43 78.88 46.56 236.25 6 35 4
101 30.31 31.37 24.47 498.91 3 31 4
102 13.74 68.76 1.05 199.55 15 46 2
103 60.15 60.75 26.56 315.51 8 35 3
104 8.82 56.81 37.46 392.67 20 29 2
105 91.49 91.17 19.77 118.01 11 17 2
106 0.81 0.01 11.93 346.73 22 23 2
107 77.20 99.06 18.38 166.24 20 22 1
108 90.14 67.12 26.89 245.77 17 39 2
109 64.25 50.20 31.00 218.79 4 17 3
110 57.56 24.69 42.17 111.08 3 20 1
111 81.90 58.41 23.00 133.27 16 38 1
112 25.84 17.82 13.91 265.81 17 42 2
113 27.89 97.04 18.55 101.87 24 25 4
114 79.88 84.58 32.84 237.57 14 31 5
115 53.24 75.15 45.32 417.52 20 41 1
116 62.05 56.78 21.74 156.33 23 28 4
117 47.47 49.31 27.14 161.63 0 28 3
118 18.85 24.66 31.96 91.62 11 37 2
119 54.82 37.27 13.07 443.26 16 26 4
120 30.41 29.77 46.31 176.14 14 20 2
121 15.11 89.91 26.67 358.99 2 8 5
122 87.26 95.71 34.07 384.48 13 18 3
123 76.59 56.16 29.00 488.61 15 48 4
124 53.38 86.68 29.68 303.82 20 41 3
125 68.95 63.29 7.79 416.71 8 40 4
126 91.66 91.62 36.01 401.50 13 31 2
127 99.86 79.46 23.84 369.48 16 39 4
128 27.76 40.73 0.76 285.11 9 13 2
129 41.24 28.02 8.58 128.02 16 32 2
130 15.30 76.44 33.72 252.31 6 29 3
131 9.68 49.36 5.06 232.78 22 23 5
132 57.53 12.89 33.40 50.54 23 41 2
133 92.52 83.66 0.50 354.63 1 26 2
134 76.03 60.87 35.49 78.66 22 46 5
135 47.01 84.01 2.07 429.65 1 12 1
136 61.11 60.29 19.63 489.47 21 44 1
137 69.07 45.65 18.54 88.86 1 5 1
138 2.97 88.70 40.49 371.08 15 27 1
139 23.72 58.42 27.57 337.81 10 47 4
140 82.48 23.03 4.42 289.44 9 15 1
141 58.95 0.94 29.06 447.09 4 14 4
142 14.84 62.71 44.99 255.73 17 39 2
143 73.97 78.10 38.02 249.90 5 45 5
144 66.81 19.61 29.25 240.34 24 42 4
145 95.24 60.62 30.44 439.57 11 23 5
146 82.83 69.64 37.20 402.26 17 34 3
147 52.40 8.69 40.36 259.32 22 24 4
148 94.76 11.31 29.22 497.71 24 46 3
149 30.10 77.46 14.72 312.68 11 37 3
150 18.17 32.95 18.31 454.51 8 45 2
151 95.54 13.67 41.49 273.23 12 43 4
152 75.86 27.73 17.79 235.71 8 22 3
153 40.58 60.64 21.27 351.88 5 22 2
154 34.45 12.27 16.82 438.01 13 37 1
155 72.49 60.65 23.88 154.73 16 33 5
156 65.13 5.96 43.38 437.01 24 47 4
157 21.43 18.75 5.76 347.71 20 36 2
158 58.19 99.67 32.63 125.13 24 47 1
159 32.98 86.33 2.66 267.51 0 6 3
160 49.40 46.67 8.74 342.84 5 14 4
161 37.22 62.76 32.06 87.96 14 34 3
162 72.62 23.87 37.55 76.74 22 34 1
163 16.97 22.39 16.55 309.17 13 48 5
164 17.90 86.23 3.62 232.24 7 21 2
165 43.21 34.70 48.75 105.09 8 19 5
166 65.92 99.43 47.80 221.71 16 27 5
167 38.74 70.77 46.57 89.94 0 0 5
168 76.55 22.76 23.98 120.35 1 45 2
169 14.40 87.65 10.96 210.70 23 42 5
170 37.65 81.33 39.65 58.88 8 16 4
171 81.68 71.21 18.61 480.32 0 22 2
172 51.32 5.66 12.83 210.60 5 21 3
173 96.79 97.80 49.38 159.30 16 22 3
174 60.64 51.84 44.74 62.94 4 7 5
175 32.96 97.32 26.31 371.78 7 28 3
176 62.90 93.43 27.02 204.45 5 39 4
177 68.90 36.15 41.52 354.78 5 25 5
178 8.82 68.92 6.85 219.12 19 37 4
179 47.03 95.75 31.59 490.10 4 6 4
180 18.57 15.39 0.56 440.10 12 34 2
181 74.36 26.12 16.03 466.33 2 43 4
182 47.56 63.26 18.59 328.75 5 5 3
183 69.10 68.77 31.63 69.87 20 32 2
184 94.88 32.75 30.58 482.63 18 19 1
185 93.29 45.25 39.96 92.17 19 30 4
186 96.69 90.50 11.40 193.46 21 25 3
187 22.16 44.47 5.97 228.77 2 18 2
188 74.40 5.93 32.80 87.20 15 43 2
189 41.36 27.02 12.55 132.84 14 46 3
190 90.36 39.15 46.66 459.79 24 38 1
191 28.78 65.15 8.99 177.53 8 32 1
192 56.43 10.54 42.08 95.47 21 41 3
193 73.63 7.22 42.59 137.09 1 22 3
194 99.64 32.33 35.07 66.31 5 24 2
195 87.43 54.03 3.09 415.95 17 46 3
196 57.08 0.12 15.96 228.09 20 32 1
197 79.66 42.70 16.13 328.08 1 39 3
198 2.05 50.04 6.22 187.69 14 36 3
199 31.79 16.68 4.73 282.70 2 42 5
200 74.12 97.43 28.27 266.76 23 41 1
1 133.24 4849.49 1
2 196.14 2957.30 2
3 129.31 3639.96 3
4 171.53 3808.28 4
5 101.01 3799.76 5
1 1.34 25.15 3
2 1.42 26.36 5
3 1.58 45.37 4
4 1.95 33.51 3
5 1.02 29.32 2
6 1.05 39.94 4
7 1.79 26.80 5
8 1.89 46.02 2
9 1.51 39.55 2
10 1.13 40.04 2
11 1.40 31.05 3
12 1.64 40.60 2
