Data for Vehicle routing problem with drones - Author: Huyen Do Thi Ngoc
Number of depots: 3
Number of cities: 400
Number of trucks: 8
Number of drones: 12
Area: 100 100 50
Customer maximum demand: 500
Max capacity of truck: 200
Max energy of truck: 5000
Max capacity of drone: 2
Max energy of drone: 50
1 90.42 37.35 47.81
2 52.50 12.39 38.84
3 21.84 87.55 11.13
1 31.94 72.87 47.25 295.65 19 40 1
2 35.84 41.34 29.25 240.11 8 21 1
3 26.03 56.37 1.43 271.01 10 19 1
4 51.71 63.32 18.97 87.95 12 32 2
5 65.66 55.65 36.73 88.48 6 45 2
6 90.57 18.27 26.71 393.97 18 28 3
7 69.86 18.22 35.75 325.30 6 37 3
8 12.96 52.82 43.60 99.25 0 23 1
9 5.57 30.92 0.06 222.57 11 27 1
10 12.40 42.02 43.44 199.79 1 4 2
11 97.68 20.57 0.95 269.46 22 29 1
12 18.10 85.56 4.06 466.41 13 30 1
13 88.07 8.95 28.00 173.44 8 8 1
14 47.29 90.57 23.73 126.06 11 38 3
15 56.26 28.29 11.18 488.05 17 30 1
16 59.51 88.74 4.75 185.48 6 8 1
17 32.17 3.78 12.37 314.34 19 21 1
18 17.15 32.45 15.67 142.02 18 27 3
19 94.01 31.51 7.51 189.51 18 35 3
20 1.15 29.24 40.95 168.86 11 24 3
21 59.95 30.34 11.98 183.63 3 42 2
22 33.32 38.12 0.02 494.55 18 21 1
23 19.64 47.16 32.13 490.72 3 22 1
24 93.99 29.81 13.55 67.80 3 6 3
25 75.59 76.93 49.35 455.82 11 13 3
26 13.62 41.12 15.44 298.23 14 30 2
27 82.35 47.43 18.81 309.29 10 19 1
28 0.38 63.59 43.92 438.41 11 11 3
29 82.22 88.92 21.94 375.89 0 37 1
30 25.51 5.20 49.84 93.52 23 32 1
31 57.12 77.70 6.45 425.59 23 48 3
32 29.58 9.86 4.32 482.30 23 38 2
33 15.21 19.02 18.07 143.27 7 48 1
34 34.26 24.87 47.55 395.87 4 32 3
35 97.74 65.95 48.85 207.19 12 37 1
36 23.97 84.62 47.64 336.26 4 47 1
37 3.30 47.57 22.40 462.85 3 46 2
38 71.31 3.76 6.55 357.34 17 33 1
39 83.04 65.75 9.36 393.09 15 29 2
40 52.64 50.96 46.09 430.15 21 29 3
41 38.68 70.96 22.88 82.22 17 36 1
42 49.74 28.38 7.05 365.65 14 27 3
43 5.07 82.42 44.28 238.77 15 44 1
44 62.65 47.13 38.65 103.34 20 36 2
45 68.28 16.96 35.86 73.57 16 46 1
46 33.13 84.45 12.37 81.09 13 25 2
47 92.60 44.42 22.60 107.65 12 29 1
48 71.78 25.48 24.82 95.18 18 34 1
49 47.20 24.58 3.93 128.07 5 42 3
50 47.20 71.69 30.00 334.63 8 20 3
51 73.76 72.44 36.44 438.67 10 12 2
52 51.27 77.99 34.72 87.43 13 28 2
53 13.09 98.94 0.84 321.16 2 39 1
54 39.90 38.16 15.16 161.46 13 18 2
55 25.19 47.57 9.63 126.14 16 39 1
56 80.84 7.90 6.87 187.77 15 18 2
57 45.52 40.78 31.42 153.88 8 38 1
58 11.20 22.22 2.51 297.32 9 32 3
59 76.61 28.22 20.92 129.29 19 35 1
60 36.78 48.82 13.57 225.88 1 13 2
61 3.83 32.65 15.64 300.82 23 36 3
62 1.50 20.77 35.75 179.81 9 18 1
63 54.91 12.50 34.12 175.61 20 43 1
64 82.14 79.71 38.96 417.47 11 38 2
65 81.06 16.01 24.61 493.48 7 26 1
66 2.83 11.84 3.31 471.44 12 21 2
67 42.57 79.07 49.46 103.99 11 24 2
68 37.51 61.22 3.21 377.40 6 7 1
69 10.72 89.91 45.81 481.47 6 25 1
70 69.19 68.48 10.79 321.58 15 21 3
71 67.99 55.68 38.01 320.92 4 32 1
72 24.58 28.16 17.82 363.15 13 17 3
73 89.37 59.60 33.92 349.36 9 39 1
74 61.40 49.31 29.57 355.99 24 44 3
75 70.35 51.64 2.13 406.44 1 4 2
76 44.20 28.94 20.13 66.35 19 34 2
77 75.04 29.16 6.97 156.29 11 13 2
78 22.29 47.50 6.25 165.56 23 32 3
79 0.60 88.79 7.29 220.58 1 21 2
80 17.52 21.58 8.10 240.93 6 13 2
81 58.81 92.63 47.45 222.96 14 36 2
82 11.57 87.63 0.43 436.48 4 26 2
83 13.92 91.25 34.58 55.34 5 25 2
84 41.36 31.33 14.64 229.94 22 45 3
85 89.78 90.41 24.34 453.28 2 14 1
86 69.53 73.50 2.79 76.21 9 14 3
87 24.07 12.58 33.56 286.37 12 48 2
88 63.47 41.89 5.97 450.77 11 32 2
89 14.63 16.82 21.96 437.86 13 26 2
90 82.37 81.51 19.40 375.21 23 24 2
91 65.22 54.66 5.76 395.84 22 47 2
92 67.15 84.93 9.66 477.38 20 37 3
93 94.17 8.66 33.89 442.91 21 33 1
94 73.00 19.01 26.25 332.52 14 26 2
95 37.04 39.31 38.78 149.53 0 45 2
96 37.73 60.27 29.63 301.88 17 26 1
97 79.71 31.05 6.67 390.30 10 25 3
98 80.74 88.62 12.39 161.78 22 23 3
99 57.61 40.95 16.98 212.87 13 32 3
100 64.88 13.53 6.32 226.63 2 35 3
101 75.99 99.78 41.36 75.38 2 34 2
102 58.16 59.38 26.06 472.22 1 6 3
103 46.69 55.53 10.88 85.38 19 35 1
104 36.63 1.00 29.74 310.89 24 26 3
105 2.69 78.84 43.86 464.84 20 29 1
106 60.62 64.78 15.94 53.88 12 40 1
107 0.20 8.61 30.75 499.64 0 13 2
108 38.01 36.76 44.00 447.67 12 26 1
109 90.33 22.53 24.02 481.38 16 34 2
110 8.05 9.33 14.35 393.30 17 22 3
111 9.54 62.57 25.84 279.81 2 42 2
112 4.31 37.11 49.80 292.41 16 19 1
113 0.17 25.39 37.68 163.33 17 26 2
114 14.33 20.50 18.05 250.52 15 34 1
115 8.66 6.43 0.54 451.97 9 40 3
116 90.65 63.05 23.86 316.15 17 43 2
117 41.36 13.24 11.06 271.37 7 9 3
118 65.06 47.22 18.56 314.68 19 19 1
119 68.77 59.74 9.58 164.68 17 19 2
120 74.29 81.90 21.03 402.38 20 38 1
121 7.26 26.92 46.99 302.00 18 45 1
122 59.07 67.18 16.67 105.87 16 20 1
123 42.69 82.81 48.76 167.00 11 42 2
124 62.27 3.05 43.08 69.79 6 35 2
125 79.27 31.83 21.20 262.49 15 40 2
126 7.39 85.52 16.00 250.57 21 21 1
127 24.41 30.16 0.07 327.93 6 18 3
128 29.04 32.93 12.48 270.18 23 23 1
129 34.44 94.93 20.58 206.09 2 5 2
130 26.69 96.37 5.18 421.61 4 48 2
131 64.76 55.73 4.71 398.35 4 37 2
132 72.03 85.77 36.33 57.11 4 4 1
133 65.88 93.11 25.04 412.49 16 40 2
134 83.98 36.80 8.57 425.70 21 32 1
135 47.05 2.33 4.27 89.66 18 35 2
136 77.04 38.68 49.66 270.19 11 31 2
137 43.81 41.15 21.10 377.26 1 36 2
138 74.25 29.60 41.71 477.44 7 39 3
139 73.75 75.90 31.27 73.03 1 46 2
140 18.14 45.39 47.68 414.56 15 36 2
141 68.11 99.15 13.36 476.43 17 45 3
142 25.05 25.48 7.78 198.44 20 27 2
143 33.25 75.77 1.34 113.10 24 48 1
144 99.58 43.00 32.29 396.84 13 36 3
145 63.69 24.37 45.79 78.21 15 38 3
146 95.93 55.06 14.85 195.77 6 17 2
147 88.28 61.87 12.38 58.69 2 19 2
148 52.66 2.72 3.27 330.41 3 44 3
149 19.03 12.15 25.72 119.46 17 31 1
150 10.22 45.53 27.14 195.18 11 42 1
151 17.63 61.63 18.79 300.54 20 26 2
152 0.75 10.84 10.52 406.13 5 27 2
153 98.73 94.22 39.55 136.16 23 45 2
154 67.68 89.39 35.90 295.39 9 14 2
155 10.72 94.32 33.95 367.26 15 36 1
156 95.87 44.85 1.91 168.51 16 29 3
157 97.12 71.61 10.43 80.77 7 11 2
158 65.83 51.16 14.77 367.81 23 26 1
159 46.97 91.45 34.89 171.42 7 18 1
160 40.92 86.41 0.41 167.05 6 20 3
161 9.56 20.15 39.42 159.27 0 14 1
162 39.04 14.74 38.19 225.67 6 41 2
163 61.14 49.07 45.05 339.98 11 12 1
164 91.40 71.36 3.71 250.33 16 21 1
165 5.88 42.44 27.03 136.00 17 25 3
166 21.81 24.01 16.29 333.30 6 44 1
167 71.92 44.74 9.15 429.12 11 33 2
168 68.46 34.74 21.96 384.45 11 29 3
169 0.22 19.79 19.25 107.38 6 31 2
170 28.37 8.74 43.24 163.30 16 34 1
171 52.65 99.10 30.77 293.51 24 35 2
172 81.14 28.84 41.88 282.89 18 20 3
173 88.57 28.03 48.26 487.68 5 9 1
174 8.54 5.97 2.19 69.76 21 29 2
175 59.70 6.01 45.96 259.08 0 6 3
176 18.12 8.74 15.69 70.18 13 43 3
177 95.27 65.06 6.60 442.32 3 11 1
178 35.05 59.07 28.47 348.46 21 31 2
179 84.79 82.58 21.58 156.52 11 13 3
180 98.58 88.34 35.83 183.81 21 44 1
181 47.31 95.89 0.31 482.96 2 21 3
182 14.12 91.49 26.48 124.80 5 22 3
183 53.78 1.72 26.13 75.46 15 18 1
184 91.29 94.96 8.04 238.98 20 44 3
185 89.84 20.73 20.92 460.28 18 47 2
186 15.61 14.57 6.57 319.10 9 23 3
187 79.03 7.39 25.75 165.71 7 8 3
188 39.60 42.11 23.77 343.01 10 27 1
189 69.83 18.17 33.22 308.95 1 31 1
190 17.55 19.32 14.28 83.83 8 23 1
191 62.82 44.57 43.88 270.18 11 28 3
192 4.40 59.44 28.83 62.59 16 20 1
193 3.29 32.31 6.58 151.00 24 46 2
194 18.78 93.48 19.64 166.98 21 33 2
195 24.01 11.74 8.54 84.07 22 33 2
196 66.58 12.82 5.64 274.43 20 42 3
197 61.01 48.41 6.45 219.60 9 42 2
198 8.15 14.60 16.68 51.05 20 33 1
199 85.49 97.15 39.80 114.73 4 38 2
200 47.74 39.19 49.36 183.49 9 28 2
201 17.49 47.37 20.25 377.85 12 24 2
202 84.47 9.83 31.82 152.25 12 12 1
203 37.95 24.43 22.54 138.98 16 39 2
204 97.92 50.62 31.58 496.67 6 38 3
205 87.84 60.95 23.88 50.93 8 19 2
206 59.78 21.91 2.21 277.37 8 18 2
207 19.69 81.49 37.41 310.57 20 44 2
208 88.94 60.54 22.62 311.50 10 19 1
209 40.90 34.01 16.25 411.87 1 28 1
210 34.27 93.37 4.29 77.71 2 19 3
211 27.03 15.03 37.29 291.90 21 42 3
212 49.64 42.46 29.30 239.95 14 41 3
213 5.27 97.53 4.16 346.52 3 44 3
214 75.94 46.11 5.31 264.48 9 9 1
215 21.73 58.50 23.02 162.59 21 29 2
216 56.38 50.22 24.30 294.58 22 36 1
217 35.50 39.52 33.27 446.03 19 36 2
218 33.48 59.81 16.04 280.51 12 31 2
219 83.33 65.47 39.36 272.59 12 15 2
220 38.12 24.79 43.33 434.21 9 48 1
221 58.92 64.04 31.37 454.22 14 33 3
222 88.32 25.14 28.96 387.59 2 29 3
223 10.85 95.55 32.19 261.95 16 32 3
224 94.08 80.07 31.58 478.98 4 37 3
225 46.26 61.23 48.59 442.95 6 24 2
226 6.09 27.72 45.13 136.98 15 26 3
227 89.13 87.53 34.55 297.34 4 9 3
228 8.39 63.77 18.17 386.27 9 11 2
229 10.76 6.88 49.86 491.04 13 17 1
230 83.77 50.16 8.54 408.91 6 7 1
231 22.68 42.17 0.02 323.03 2 21 1
232 34.86 20.13 15.62 238.96 14 30 2
233 60.06 61.99 10.42 67.55 3 13 2
234 12.01 85.26 31.23 262.01 14 34 2
235 91.34 18.79 15.82 370.34 4 12 2
236 46.77 14.08 36.29 440.51 18 45 2
237 25.80 32.56 27.05 136.99 18 44 1
238 37.91 3.86 10.57 225.56 10 21 3
239 82.45 7.84 38.21 411.74 24 45 2
240 23.60 4.25 48.80 307.96 4 18 3
241 65.39 45.21 16.02 463.38 14 23 3
242 27.00 32.51 8.52 65.49 14 39 2
243 20.62 82.70 3.58 430.62 12 33 3
244 25.11 18.02 39.93 172.71 10 17 1
245 31.01 36.51 41.63 54.31 23 30 2
246 8.15 27.38 34.64 359.20 5 47 1
247 57.11 74.74 46.32 142.45 24 24 1
248 21.42 72.67 5.28 447.18 12 43 1
249 64.32 80.92 17.04 443.61 6 9 2
250 92.58 24.95 23.37 320.73 1 1 2
251 87.35 57.05 1.46 243.69 23 30 3
252 42.56 8.81 5.44 439.28 12 37 1
253 58.34 3.65 44.94 398.40 5 38 2
254 75.10 98.13 20.53 244.01 1 30 1
255 76.23 66.72 16.26 95.43 4 28 3
256 27.29 87.69 42.50 475.34 17 36 1
257 91.98 0.84 41.15 417.46 21 23 2
258 67.55 51.17 44.67 484.10 10 29 3
259 62.58 76.31 41.51 79.56 11 14 3
260 22.23 4.69 49.55 458.89 14 14 3
261 66.87 0.14 33.65 322.79 6 19 2
262 17.66 50.24 12.51 471.62 21 44 1
263 79.22 48.73 22.74 105.98 12 41 3
264 45.70 42.69 18.86 96.29 15 18 2
265 51.44 24.39 18.55 393.44 14 21 1
266 68.57 77.30 19.92 172.40 13 48 1
267 18.75 48.46 1.77 399.98 12 17 3
268 19.46 85.14 47.03 498.84 5 41 3
269 38.76 4.12 17.36 237.65 7 18 3
270 68.14 76.27 42.79 313.74 17 31 1
271 74.68 42.54 1.11 415.38 7 7 3
272 37.90 0.10 6.47 75.30 0 10 2
273 29.80 41.59 16.52 230.88 3 30 2
274 3.18 48.93 43.00 354.99 2 39 3
275 79.00 23.98 36.40 326.87 21 35 2
276 9.03 82.78 48.50 278.57 18 32 2
277 80.05 83.59 5.35 405.45 18 33 3
278 61.37 31.54 35.62 168.12 13 24 2
279 72.80 60.32 13.29 67.59 20 24 3
280 29.39 69.29 22.22 181.78 14 33 2
281 65.21 23.42 6.87 138.99 11 45 3
282 69.30 49.08 31.49 343.34 16 16 3
283 10.88 40.88 10.07 267.95 22 31 1
284 35.87 75.99 2.83 496.93 0 44 2
285 62.44 91.76 22.65 316.38 5 18 1
286 7.96 90.04 1.56 297.16 4 36 1
287 11.63 68.09 39.32 422.82 13 29 2
288 6.64 51.81 39.90 137.97 8 43 3
289 36.21 51.23 9.94 281.58 12 38 3
290 72.42 66.25 45.94 147.31 17 30 1
291 21.32 58.32 39.10 108.62 19 46 3
292 32.92 29.80 44.70 383.43 1 20 1
293 4.53 94.04 42.14 365.32 4 42 3
294 61.71 65.25 28.65 403.93 3 46 1
295 50.29 36.37 31.17 429.91 22 31 1
296 99.41 91.12 15.13 144.19 12 45 2
297 97.60 75.66 19.41 240.57 15 18 3
298 42.99 14.81 20.42 222.28 15 44 3
299 52.14 58.97 25.28 465.69 11 19 2
300 42.39 78.19 31.06 360.73 8 43 2
301 7.28 72.72 36.31 200.09 22 30 1
302 29.91 79.27 37.70 486.49 11 31 1
303 44.80 15.63 27.40 261.46 4 47 1
304 83.76 53.61 12.56 270.76 5 19 3
305 2.69 3.42 45.54 272.73 13 42 3
306 41.51 44.40 48.76 341.48 1 30 2
307 35.66 41.16 7.27 344.81 6 26 2
308 99.02 28.48 37.80 435.38 23 34 3
309 71.00 81.94 38.50 181.52 20 45 1
310 39.61 96.82 2.33 164.74 10 42 3
311 23.36 50.46 37.40 209.20 5 38 3
312 4.25 83.47 11.11 291.74 1 14 1
313 59.14 38.31 12.63 147.18 14 29 1
314 44.49 2.43 14.13 391.42 5 35 3
315 33.47 3.05 40.88 388.77 17 33 2
316 8.85 24.22 7.52 335.05 6 16 2
317 47.14 66.50 29.83 85.65 21 42 2
318 51.16 15.91 40.60 320.53 11 27 3
319 29.60 31.22 28.25 338.54 3 23 1
320 86.52 42.14 40.58 215.53 16 18 1
321 57.60 95.31 4.46 183.73 10 15 3
322 52.27 64.40 16.62 197.26 5 15 1
323 62.07 15.03 16.56 343.29 6 11 2
324 17.38 81.19 29.78 394.68 21 41 2
325 36.06 62.26 47.03 296.89 24 38 2
326 46.83 93.47 39.34 106.06 2 5 1
327 50.59 14.24 29.69 373.97 20 24 2
328 5.69 73.27 38.20 59.96 6 37 1
329 42.90 91.56 25.49 110.25 10 13 3
330 19.74 70.43 3.48 194.62 7 42 1
331 87.46 11.42 39.45 395.03 10 40 2
332 50.67 76.83 18.50 343.65 24 45 2
333 56.78 1.15 43.16 240.18 16 28 2
334 86.19 4.74 31.35 363.47 13 42 3
335 40.25 10.48 32.02 271.52 17 40 2
336 29.35 10.96 19.00 136.56 16 17 1
337 41.36 7.51 49.34 391.34 17 18 3
338 19.20 92.81 7.59 210.56 5 10 3
339 57.26 23.43 32.53 288.14 1 42 3
340 50.00 12.20 20.50 110.87 1 45 3
341 28.93 54.47 19.15 136.82 3 41 2
342 99.52 62.95 27.07 160.46 11 30 3
343 86.84 85.99 35.33 94.97 21 40 1
344 10.67 20.93 2.88 466.87 22 46 1
345 69.38 27.60 46.05 318.14 9 39 1
346 61.72 57.27 40.77 373.99 18 18 1
347 55.66 5.45 13.02 481.57 6 23 2
348 53.39 19.54 25.14 131.12 3 21 2
349 97.70 17.11 5.88 426.88 23 31 2
350 11.47 94.25 10.91 107.82 17 34 1
351 1.00 74.55 33.39 241.19 2 35 1
352 92.76 71.90 19.65 434.94 5 16 1
353 83.59 52.36 32.84 443.82 18 39 1
354 59.72 97.41 27.63 350.82 9 44 3
355 88.39 60.46 28.03 327.99 2 32 3
356 63.32 48.30 18.66 443.40 2 41 2
357 46.47 3.76 48.90 118.15 21 42 2
358 60.38 3.15 2.73 81.94 11 22 3
359 11.29 47.99 27.49 444.69 9 14 3
360 93.00 54.83 2.01 445.24 19 25 3
361 5.36 24.44 31.28 262.90 16 17 1
362 43.18 88.96 24.87 92.77 14 38 1
363 75.13 6.81 6.72 327.99 11 19 3
364 18.12 71.38 7.57 170.43 4 34 2
365 84.11 90.72 25.40 56.91 3 33 2
366 35.39 79.53 35.57 276.37 1 24 2
367 69.43 0.25 27.61 315.66 14 39 3
368 13.40 81.72 23.90 180.82 24 38 3
369 69.72 60.37 44.02 59.48 6 11 1
370 35.92 9.51 18.54 270.32 16 24 2
371 64.94 55.75 10.83 233.08 8 39 2
372 82.38 92.32 18.88 289.99 9 27 3
373 29.79 65.78 18.82 353.42 15 17 3
374 1.80 6.36 20.85 325.36 7 28 3
375 10.39 65.50 5.85 380.88 24 37 1
376 98.00 23.02 15.07 122.02 2 8 1
377 46.05 11.32 35.68 280.00 20 22 2
378 3.64 25.17 24.30 431.76 8 9 1
379 2.56 89.31 21.48 308.26 4 9 3
380 52.86 76.78 9.23 414.89 7 41 2
381 43.94 17.57 28.92 378.37 19 47 1
382 94.09 91.76 49.06 180.50 11 11 1
383 59.91 54.50 36.94 60.48 9 23 3
384 35.80 79.64 44.67 144.66 19 29 1
385 30.82 37.66 27.30 249.02 23 37 1
386 94.49 79.28 14.07 286.47 3 22 1
387 56.61 3.30 45.60 430.48 5 31 3
388 32.62 41.38 34.18 483.69 16 23 3
389 14.56 70.03 9.96 163.05 15 35 1
390 5.44 60.87 48.57 292.98 15 18 2
391 85.09 76.37 27.07 220.28 18 19 1
392 6.93 36.71 23.10 382.90 16 44 2
393 2.80 65.98 7.47 462.59 0 37 3
394 77.11 68.41 24.22 125.06 11 41 2
395 89.66 89.46 32.74 360.10 12 19 2
396 75.16 53.56 4.51 187.78 1 17 1
397 3.22 55.88 34.63 388.37 7 25 3
398 45.36 26.30 26.70 354.63 24 33 2
399 47.49 4.10 33.76 366.25 4 4 3
400 26.19 15.53 22.07 187.29 3 4 3
1 149.12 2664.21 1
2 107.57 4875.75 2
3 142.49 2571.54 3
4 142.84 3107.69 1
5 114.24 3844.85 3
6 157.14 4751.14 3
7 157.83 4569.79 3
8 112.93 4008.50 1
1 1.75 49.85 1
2 1.84 30.11 6
3 1.88 30.44 8
4 1.31 27.54 4
5 1.37 42.01 2
6 1.52 46.72 8
7 1.89 37.93 4
8 1.25 37.74 4
9 1.13 32.16 5
10 1.62 43.85 1
11 1.96 26.74 3
12 1.70 35.85 7
