Data for Vehicle routing problem with drones - Author: Huyen Do Thi Ngoc
Number of depots: 2
Number of cities: 200
Number of trucks: 7
Number of drones: 11
Area: 100 100 50
Customer maximum demand: 500
Max capacity of truck: 200
Max energy of truck: 5000
Max capacity of drone: 2
Max energy of drone: 50
1 85.18 85.47 7.17
2 17.96 22.80 12.05
1 62.33 82.30 40.49 168.62 19 44 1
2 63.88 63.89 34.43 269.50 8 24 2
3 66.22 4.47 35.98 361.36 15 17 1
4 56.79 10.82 7.88 80.91 4 22 2
5 84.00 62.28 31.24 342.82 12 43 2
6 4.40 38.96 5.22 81.87 19 37 2
7 83.16 59.75 19.02 168.61 1 17 1
8 23.62 92.19 49.51 118.67 9 11 2
9 31.62 49.62 37.93 234.75 8 42 2
10 23.30 98.61 33.93 422.27 8 29 1
11 87.88 13.16 14.45 83.87 17 48 2
12 85.36 26.94 0.78 307.05 23 34 2
13 62.44 88.18 24.33 262.31 10 11 2
14 1.51 80.30 44.58 321.36 21 29 2
15 61.62 39.43 16.50 101.25 11 46 2
16 90.63 54.19 13.99 69.00 20 25 2
17 86.39 83.55 43.47 72.61 0 13 2
18 25.53 76.57 38.09 141.80 9 47 1
19 52.61 99.42 45.64 492.27 19 25 1
20 21.90 94.95 40.37 62.79 2 24 1
21 83.71 18.92 49.77 161.70 9 35 2
22 82.91 11.79 4.18 273.93 23 43 2
23 21.03 82.91 11.90 282.94 14 22 1
24 9.44 2.81 49.06 359.10 3 8 2
25 84.16 10.94 2.15 435.95 5 15 2
26 62.11 95.13 7.36 117.14 7 18 2
27 35.00 73.73 16.08 359.76 9 31 1
28 98.13 97.42 29.83 158.12 3 28 1
29 37.63 18.45 48.00 335.22 24 39 1
30 66.49 23.45 34.77 361.62 16 25 2
31 28.81 92.61 0.67 434.16 16 30 2
32 24.31 67.13 4.85 356.80 12 33 2
33 26.70 97.66 1.02 485.21 19 30 1
34 77.03 25.49 17.01 286.83 2 39 2
35 89.73 28.85 44.19 181.06 5 28 2
36 22.40 90.19 34.40 361.55 14 25 2
37 31.84 12.30 35.00 170.02 12 12 2
38 53.18 32.97 22.81 179.27 3 30 1
39 21.11 13.13 1.91 246.66 4 39 1
40 45.12 33.96 28.84 405.89 10 10 1
41 86.04 81.37 45.27 82.12 0 18 2
42 71.34 6.24 36.25 92.19 14 43 2
43 74.49 41.98 7.91 186.63 4 17 2
44 4.82 53.12 7.91 133.61 12 19 1
45 79.98 52.69 4.27 489.57 24 44 1
46 70.37 28.50 32.18 464.56 9 9 1
47 60.94 35.57 12.30 374.34 13 46 1
48 72.61 93.95 20.93 455.61 15 25 2
49 60.88 29.55 37.91 449.52 7 17 1
50 39.09 98.36 18.98 217.60 21 42 1
51 41.58 76.35 19.95 234.96 15 31 2
52 59.80 51.75 5.67 324.71 9 12 2
53 83.29 84.03 11.20 227.28 18 31 2
54 6.61 20.84 45.47 453.04 9 44 1
55 11.55 46.54 34.48 366.32 9 25 2
56 63.42 14.10 49.97 457.28 16 20 2
57 37.62 67.66 38.87 52.94 3 41 2
58 79.49 90.13 26.20 472.92 2 45 1
59 68.01 43.91 7.58 123.20 18 25 2
60 28.96 49.85 30.01 225.74 6 45 1
61 19.46 46.82 20.89 454.60 20 38 1
62 99.87 54.52 40.24 480.68 18 48 2
63 18.37 35.69 28.43 404.46 12 14 1
64 42.91 82.05 42.10 238.63 9 36 2
65 19.70 20.28 22.73 421.18 1 33 2
66 78.18 65.95 26.99 469.92 13 38 2
67 24.34 85.66 42.78 192.14 20 22 1
68 91.97 11.17 34.94 80.71 24 48 1
69 81.96 69.68 44.63 472.85 22 25 2
70 37.70 60.54 17.95 76.27 14 19 2
71 42.87 85.25 49.54 445.43 2 13 2
72 84.52 48.36 20.76 447.31 21 21 1
73 45.12 26.27 48.50 126.49 14 24 1
74 85.45 58.57 20.77 369.53 16 35 2
75 92.99 73.50 49.62 373.81 5 31 1
76 80.87 31.23 32.45 131.58 18 45 1
77 77.42 68.97 36.29 379.06 3 10 1
78 21.21 33.66 42.76 373.68 1 46 1
79 16.16 69.74 29.56 321.05 19 37 1
80 17.50 19.65 9.55 299.83 5 7 1
81 20.69 20.43 44.47 364.45 5 42 1
82 69.91 71.94 40.30 424.98 11 30 1
83 81.39 70.60 18.27 232.89 14 48 1
84 43.74 42.20 29.79 238.97 3 12 2
85 96.41 67.48 38.88 158.67 12 15 1
86 97.67 75.78 41.72 424.56 23 39 1
87 18.25 36.16 49.34 349.18 20 31 1
88 40.09 10.50 26.35 403.92 21 36 2
89 12.27 97.49 33.03 62.53 7 22 1
90 68.63 22.07 11.68 419.25 14 46 1
91 88.52 10.74 16.91 81.79 11 38 2
92 85.68 20.63 16.41 474.27 10 41 1
93 15.90 19.41 27.29 256.12 14 40 1
94 5.48 40.30 10.86 130.08 22 47 1
95 7.65 62.95 24.06 405.59 1 47 2
96 85.17 36.65 41.13 292.47 8 37 2
97 91.12 4.35 3.26 251.17 3 32 2
98 50.50 88.58 35.87 315.11 9 16 1
99 10.03 20.81 27.05 121.45 14 32 1
100 20.90 71.95 44.95 96.81 2 20 2
101 80.79 49.52 43.68 426.90 11 44 2
102 13.19 36.50 5.74 156.40 20 22 2
103 76.27 40.93 28.67 90.85 5 15 1
104 19.36 78.17 45.88 142.26 21 28 1
105 57.56 35.59 4.51 400.06 23 23 2
106 57.81 79.47 17.21 152.25 8 38 1
107 87.79 92.02 39.45 320.87 11 31 2
108 99.00 11.63 8.39 497.33 2 48 1
109 56.21 2.77 41.88 356.26 24 36 2
110 77.68 70.43 32.03 221.37 21 47 2
111 25.83 85.73 41.80 397.96 10 47 2
112 26.44 18.69 1.59 404.63 17 46 1
113 54.26 72.63 48.22 458.37 6 10 1
114 59.98 50.83 49.71 321.01 2 18 1
115 77.74 36.85 27.59 374.56 11 22 2
116 7.38 47.44 23.01 120.02 5 30 1
117 0.30 40.18 6.12 100.82 1 29 1
118 16.13 90.67 5.33 232.23 22 32 1
119 59.11 12.69 20.51 284.39 11 24 1
120 33.95 11.08 36.29 284.01 16 19 2
121 1.76 17.76 44.28 287.61 23 31 1
122 18.37 81.78 20.84 359.23 18 42 2
123 16.27 65.62 17.12 323.95 2 14 2
124 71.79 74.52 7.01 123.66 0 39 1
125 0.52 9.16 24.71 65.15 8 8 1
126 29.50 76.89 11.07 111.63 8 37 1
127 45.86 12.35 40.29 422.90 5 10 1
128 22.53 27.07 43.24 347.87 7 31 1
129 66.83 46.85 22.32 67.03 2 32 2
130 6.06 43.31 15.24 370.90 16 28 2
131 38.98 41.47 1.71 144.29 8 31 1
132 67.70 24.27 40.73 433.13 9 22 2
133 3.06 51.53 10.17 365.34 4 37 2
134 81.34 48.36 9.43 414.11 0 21 2
135 60.99 81.91 19.17 158.69 24 33 1
136 12.51 77.38 30.16 408.96 9 35 2
137 95.83 22.48 13.64 192.41 8 48 2
138 64.99 90.90 16.62 328.92 1 25 2
139 15.18 3.91 13.58 427.62 6 38 1
140 41.45 62.53 23.55 208.07 22 29 2
141 66.41 53.42 25.48 375.66 12 26 1
142 29.10 67.44 47.60 445.05 22 33 1
143 91.43 15.14 20.92 429.38 2 15 1
144 25.93 98.84 11.84 72.81 1 45 1
145 27.56 61.75 11.11 145.29 24 33 1
146 55.03 78.97 31.35 379.50 21 32 1
147 27.12 43.40 40.74 296.59 7 44 2
148 35.61 81.43 41.22 129.99 0 36 2
149 52.06 87.90 20.12 207.40 1 47 2
150 28.25 10.74 35.31 267.97 21 22 2
151 80.09 57.76 15.77 411.28 10 11 2
152 27.47 60.82 21.08 299.76 13 38 1
153 20.60 13.95 39.28 493.88 5 45 2
154 81.03 36.71 3.50 146.22 5 47 2
155 27.23 32.86 34.27 171.72 22 30 1
156 91.47 54.85 33.63 103.72 23 31 2
157 39.27 93.80 26.10 309.74 3 5 1
158 87.74 55.08 12.22 368.65 20 46 1
159 0.81 69.18 32.38 429.58 8 21 1
160 52.15 57.87 3.91 185.40 15 42 1
161 24.07 19.50 15.65 365.34 12 31 2
162 84.70 67.36 9.54 442.00 7 16 1
163 0.86 55.64 26.78 339.58 14 37 2
164 0.23 33.09 2.73 436.16 16 20 1
165 74.14 91.90 42.46 116.71 15 40 1
166 89.49 17.11 28.75 285.51 20 41 1
167 45.95 36.20 20.56 142.98 5 27 2
168 53.91 26.99 16.13 108.48 11 13 2
169 81.13 20.95 10.78 208.76 2 15 2
170 86.32 83.50 18.38 103.66 13 46 1
171 75.90 63.98 20.32 292.42 9 45 1
172 56.19 39.48 26.87 188.63 3 18 2
173 78.91 97.45 31.43 402.87 9 43 1
174 91.95 25.70 10.94 136.36 20 45 1
175 46.51 32.74 28.84 139.43 20 30 2
176 48.60 69.31 42.21 407.59 3 27 2
177 34.01 98.33 1.20 366.38 8 43 2
178 85.60 16.47 40.17 337.98 17 40 1
179 62.30 50.03 32.46 262.45 24 27 2
180 30.97 80.60 10.37 192.98 3 39 1
181 69.03 48.36 7.03 304.27 18 41 1
182 3.79 58.24 6.02 420.20 20 22 2
183 4.47 94.37 43.68 291.76 21 34 2
184 98.61 51.10 5.56 381.17 1 40 1
185 18.47 11.41 1.20 200.99 11 34 1
186 17.79 97.07 33.98 316.35 14 42 2
187 87.93 28.09 45.82 448.76 11 42 1
188 39.36 33.59 6.57 267.33 19 21 2
189 68.11 85.43 11.98 68.23 17 44 1
190 86.06 22.58 38.75 184.36 20 31 1
191 28.55 74.92 2.49 279.95 20 23 1
192 90.12 72.90 33.07 485.45 6 6 1
193 81.52 32.46 17.33 317.24 8 37 2
194 39.55 45.18 33.48 265.59 15 43 1
195 37.03 22.32 1.81 74.45 8 39 2
196 99.75 35.16 21.70 122.77 14 48 2
197 68.82 43.21 33.29 205.89 17 30 1
198 24.07 99.99 10.08 423.22 14 26 2
199 43.32 29.39 0.13 76.85 0 20 1
200 11.25 59.56 15.81 148.79 5 20 2
1 123.74 4810.26 1
2 133.52 3864.59 2
3 148.48 4378.79 1
4 174.16 3771.90 2
5 134.20 4819.85 1
6 178.72 2518.27 2
7 174.22 4752.94 2
1 1.62 34.42 7
2 1.32 45.97 5
3 1.95 27.65 1
4 1.74 27.74 4
5 1.47 30.53 6
6 1.10 32.20 4
7 1.82 40.45 4
8 1.81 28.04 7
9 1.43 28.70 2
10 1.25 41.60 6
11 1.28 33.45 6
