Data for Vehicle routing problem with drones - Author: Huyen Do Thi Ngoc
Number of depots: 1
Number of cities: 500
Number of trucks: 3
Number of drones: 6
Area: 100 100 50
Customer maximum demand: 500
Max capacity of truck: 200
Max energy of truck: 5000
Max capacity of drone: 2
Max energy of drone: 50
1 55.48 38.53 8.02
1 34.64 82.43 19.08 97.48 5 6 1
2 2.18 53.66 24.89 86.16 10 41 1
3 31.57 65.71 7.22 340.64 9 45 1
4 7.08 81.77 21.67 430.88 5 26 1
5 54.05 17.38 49.66 447.72 22 48 1
6 7.41 9.71 21.99 259.53 21 36 1
7 40.67 75.75 24.65 312.00 12 35 1
8 94.24 36.51 47.54 194.10 6 23 1
9 55.78 72.27 29.58 232.00 5 31 1
10 77.68 25.28 21.02 498.28 5 32 1
11 28.25 81.43 25.99 249.15 10 39 1
12 95.24 92.02 5.40 57.55 5 38 1
13 94.82 30.28 17.57 353.12 3 10 1
14 18.83 99.41 0.99 259.76 17 41 1
15 28.16 15.11 39.72 465.35 5 9 1
16 50.69 61.74 12.46 268.47 21 22 1
17 93.36 2.06 38.45 175.71 11 18 1
18 19.82 74.53 39.32 268.07 7 44 1
19 57.88 76.96 24.85 439.92 5 46 1
20 10.28 89.75 45.59 72.94 14 25 1
21 5.86 7.49 41.34 135.93 8 29 1
22 33.42 26.77 46.74 302.28 15 36 1
23 10.32 77.60 34.44 200.93 4 28 1
24 68.88 66.23 48.89 143.22 15 26 1
25 48.66 89.53 1.60 256.54 23 47 1
26 57.78 81.07 37.81 342.42 13 37 1
27 76.34 7.54 27.56 470.11 10 27 1
28 5.62 27.15 13.04 236.63 12 17 1
29 44.59 71.10 20.37 367.55 5 45 1
30 73.28 35.07 45.92 187.64 1 35 1
31 45.21 81.41 15.44 124.97 18 33 1
32 27.46 97.54 32.59 476.62 10 18 1
33 28.64 33.68 9.20 388.10 24 43 1
34 62.33 24.05 15.36 438.65 13 35 1
35 45.80 87.12 49.94 422.48 24 44 1
36 94.41 73.26 47.26 132.10 7 15 1
37 17.04 15.82 3.67 469.17 2 19 1
38 27.80 1.95 11.07 55.79 2 34 1
39 62.85 68.37 48.76 78.59 3 9 1
40 89.67 32.98 31.15 57.85 12 24 1
41 7.82 1.82 11.09 177.60 13 41 1
42 77.80 40.67 17.70 218.89 10 13 1
43 75.09 77.78 30.41 50.94 18 23 1
44 55.60 24.38 15.29 258.26 4 5 1
45 30.89 24.90 26.21 173.60 8 30 1
46 78.04 56.93 29.92 485.34 15 28 1
47 32.50 41.11 21.48 178.21 12 33 1
48 71.54 57.01 28.87 84.60 23 29 1
49 40.35 70.30 15.21 288.22 10 24 1
50 21.39 81.81 1.14 131.12 17 48 1
51 79.00 83.74 12.49 373.31 18 43 1
52 7.11 40.83 21.68 386.94 12 37 1
53 25.71 83.77 1.21 371.55 16 24 1
54 78.85 66.78 35.10 121.18 23 46 1
55 89.25 0.15 19.92 364.76 16 43 1
56 47.70 74.72 17.22 151.70 3 43 1
57 35.12 21.26 14.55 282.65 6 37 1
58 37.84 52.17 43.52 401.08 7 35 1
59 18.44 92.05 40.64 151.61 21 40 1
60 96.55 79.95 25.42 190.39 14 25 1
61 33.84 71.89 38.78 51.19 5 18 1
62 8.55 3.51 6.82 408.94 15 46 1
63 38.84 73.22 5.72 119.88 10 40 1
64 77.30 86.26 9.68 435.37 8 15 1
65 79.23 13.20 40.29 256.46 22 27 1
66 68.52 7.89 43.07 395.81 8 9 1
67 16.33 33.70 1.82 197.27 16 45 1
68 19.08 67.24 12.08 246.01 7 41 1
69 41.66 55.63 8.03 468.12 14 32 1
70 96.23 74.08 6.97 156.55 8 34 1
71 2.94 33.93 17.51 120.78 12 42 1
72 86.50 42.35 22.59 326.21 19 42 1
73 56.74 76.94 41.77 162.72 5 8 1
74 1.48 37.93 33.21 248.25 12 19 1
75 95.13 51.19 41.28 336.92 10 40 1
76 25.16 13.11 7.82 471.93 24 29 1
77 37.91 91.20 15.56 298.43 17 30 1
78 18.49 55.19 33.21 245.61 14 44 1
79 52.01 94.42 33.84 161.96 13 28 1
80 31.10 79.97 44.11 300.17 16 29 1
81 31.82 5.69 14.93 298.36 10 31 1
82 93.55 34.50 12.24 122.87 4 18 1
83 78.12 82.73 19.41 274.74 8 13 1
84 34.65 69.78 19.12 468.86 2 10 1
85 13.75 22.43 28.06 374.39 21 45 1
86 58.81 77.88 18.93 477.46 18 35 1
87 76.06 50.02 35.93 424.16 1 20 1
88 14.49 15.19 17.14 311.15 13 46 1
89 99.11 47.95 4.95 142.72 9 38 1
90 26.48 72.53 11.99 342.12 16 45 1
91 36.51 19.36 28.11 416.28 20 21 1
92 81.91 4.82 48.40 488.34 13 44 1
93 80.41 37.92 33.49 64.93 15 28 1
94 34.21 43.98 42.56 429.57 15 35 1
95 11.57 40.24 37.54 68.28 19 31 1
96 10.10 94.20 1.34 164.20 15 47 1
97 98.37 74.03 4.76 132.63 6 45 1
98 17.67 34.04 20.52 332.13 18 41 1
99 12.37 1.11 47.43 459.67 3 42 1
100 39.21 78.23 27.89 441.20 14 36 1
101 2.41 75.47 28.97 446.27 16 17 1
102 86.40 82.94 26.91 55.39 2 12 1
103 12.57 76.50 36.22 348.56 4 44 1
104 34.59 70.18 21.83 53.09 23 28 1
105 92.81 45.19 34.24 450.21 16 23 1
106 54.07 85.76 30.63 93.14 7 36 1
107 97.31 22.31 2.65 340.10 14 46 1
108 89.36 18.18 36.38 219.33 21 43 1
109 40.78 71.09 6.52 337.32 20 25 1
110 17.55 94.08 27.36 243.81 10 12 1
111 55.03 42.35 0.07 380.01 12 31 1
112 43.40 81.10 24.78 283.17 20 20 1
113 38.01 82.11 39.23 369.84 5 10 1
114 20.30 96.80 33.68 390.30 7 18 1
115 31.14 76.87 1.56 166.19 19 21 1
116 90.28 20.39 20.72 256.08 2 47 1
117 93.71 5.96 40.70 463.12 10 32 1
118 94.75 73.00 25.58 313.84 20 31 1
119 86.15 57.43 20.13 281.41 20 22 1
120 4.98 51.99 33.01 388.82 13 45 1
121 32.53 87.12 44.23 426.94 12 42 1
122 88.87 47.28 2.46 105.39 1 43 1
123 77.99 20.01 7.73 320.76 8 44 1
124 81.87 70.42 28.80 55.78 1 9 1
125 40.05 67.66 34.29 292.68 4 34 1
126 78.80 10.62 33.92 401.61 17 34 1
127 42.08 14.27 16.15 198.52 7 17 1
128 78.54 37.36 2.03 367.92 5 36 1
129 59.38 75.90 12.43 456.32 16 17 1
130 12.85 72.70 30.58 93.36 4 32 1
131 18.82 3.08 32.81 272.82 12 30 1
132 43.36 17.93 1.84 242.99 12 39 1
133 13.18 83.02 13.64 85.57 20 23 1
134 1.00 26.93 18.98 219.72 10 14 1
135 96.27 81.59 49.27 400.05 6 16 1
136 97.75 39.43 28.66 374.81 15 34 1
137 8.29 46.28 2.33 364.11 7 44 1
138 43.32 6.96 16.00 121.50 7 12 1
139 84.13 94.48 38.32 88.83 13 31 1
140 11.16 93.04 44.81 495.25 14 42 1
141 94.33 69.64 23.76 327.06 24 30 1
142 4.21 23.59 10.26 70.83 15 33 1
143 27.58 39.66 42.33 268.37 4 14 1
144 99.09 70.09 47.93 395.62 9 21 1
145 96.45 3.26 6.36 243.90 18 47 1
146 48.45 65.04 35.64 63.55 1 36 1
147 6.53 85.52 10.04 339.50 17 26 1
148 84.02 55.16 37.49 332.49 17 30 1
149 82.24 84.98 48.75 390.15 18 20 1
150 34.67 13.74 45.34 270.79 3 35 1
151 62.90 88.74 47.61 145.64 20 20 1
152 61.57 2.09 48.96 461.13 11 26 1
153 3.86 8.53 25.78 326.32 17 46 1
154 31.70 69.58 14.10 441.07 17 26 1
155 3.08 0.74 17.98 458.19 18 18 1
156 32.88 48.34 33.77 400.88 9 15 1
157 17.61 63.53 46.46 294.34 13 43 1
158 47.40 9.20 33.51 203.46 15 21 1
159 52.60 60.82 6.93 451.33 24 42 1
160 29.13 65.63 2.86 355.17 21 30 1
161 3.00 6.52 30.98 145.06 7 36 1
162 79.33 19.49 32.30 82.62 6 47 1
163 17.55 61.82 49.09 218.69 19 19 1
164 48.18 61.60 16.99 155.92 13 14 1
165 90.50 93.66 20.23 374.11 24 25 1
166 25.49 39.36 20.24 358.12 4 43 1
167 37.72 97.64 34.40 275.51 8 24 1
168 30.84 51.84 6.79 344.14 7 44 1
169 11.97 49.64 25.68 376.94 12 17 1
170 25.61 52.18 10.56 200.10 6 38 1
171 15.82 30.09 43.06 183.83 5 12 1
172 41.37 45.68 30.64 167.22 22 39 1
173 23.69 64.87 28.16 192.10 1 15 1
174 1.70 48.36 46.10 446.58 17 41 1
175 23.85 8.55 38.95 430.99 22 32 1
176 45.95 16.12 42.78 205.42 14 25 1
177 75.38 64.96 1.52 449.32 24 36 1
178 37.88 85.21 12.32 138.99 24 42 1
179 69.28 88.20 18.55 489.80 16 19 1
180 15.16 60.42 40.71 349.26 9 31 1
181 44.01 17.85 18.51 80.43 13 32 1
182 94.38 76.89 32.59 320.74 24 26 1
183 97.38 26.59 1.17 334.48 12 12 1
184 57.15 49.82 4.00 68.07 22 31 1
185 87.43 80.97 49.37 251.97 16 28 1
186 15.96 83.04 25.67 67.13 16 22 1
187 86.27 45.48 44.96 416.52 19 23 1
188 88.67 64.62 12.58 403.68 22 38 1
189 92.56 76.97 48.83 293.33 20 46 1
190 12.93 87.82 34.75 314.30 6 19 1
191 16.71 17.64 38.72 389.91 18 21 1
192 29.77 7.83 2.01 286.65 14 26 1
193 74.39 41.41 47.29 356.74 19 21 1
194 84.85 42.03 5.89 194.99 0 11 1
195 85.22 67.47 12.32 398.61 4 36 1
196 30.43 51.22 0.27 251.90 23 36 1
197 37.54 92.46 45.69 387.28 13 22 1
198 79.05 2.74 0.70 130.19 10 24 1
199 56.75 40.09 22.09 433.97 10 10 1
200 73.89 86.48 44.67 103.51 17 21 1
201 73.22 4.18 23.76 118.15 17 41 1
202 29.05 80.54 38.00 202.18 17 38 1
203 85.15 60.05 21.91 400.15 17 23 1
204 87.04 61.33 15.03 382.22 24 33 1
205 24.93 4.95 2.16 287.44 17 32 1
206 1.92 83.67 18.46 390.01 19 36 1
207 91.53 69.11 4.32 310.91 8 24 1
208 70.34 88.75 25.51 339.31 18 34 1
209 28.90 58.25 17.13 218.87 1 34 1
210 28.60 55.15 24.37 266.51 8 8 1
211 79.21 50.60 5.27 69.09 17 33 1
212 75.02 8.64 15.15 493.39 13 15 1
213 6.43 84.39 9.80 275.94 19 47 1
214 9.75 69.00 31.65 336.68 21 25 1
215 65.64 78.22 10.46 80.49 18 20 1
216 2.50 6.23 48.31 434.05 3 44 1
217 68.37 98.43 23.27 237.05 0 35 1
218 94.57 31.61 36.79 421.21 0 1 1
219 42.76 47.60 47.99 485.57 23 31 1
220 50.67 99.01 0.46 136.82 9 22 1
221 84.36 31.02 8.22 494.13 9 18 1
222 27.96 64.24 31.06 249.22 9 25 1
223 61.28 93.43 23.82 493.12 6 21 1
224 79.68 51.98 0.96 413.97 7 22 1
225 43.59 92.25 40.49 224.87 17 40 1
226 23.53 55.81 44.43 236.29 5 22 1
227 81.61 48.13 6.24 231.66 20 20 1
228 26.21 6.51 20.35 134.74 6 33 1
229 1.63 4.36 45.47 122.15 4 20 1
230 8.10 63.81 18.41 440.56 5 46 1
231 28.47 76.19 49.69 429.33 20 32 1
232 9.85 19.89 26.64 388.89 22 27 1
233 61.31 30.62 32.83 225.06 15 42 1
234 26.18 50.57 11.55 79.61 8 10 1
235 5.19 53.65 12.59 305.04 16 23 1
236 63.47 62.70 22.97 216.68 22 42 1
237 42.98 31.89 36.03 78.96 22 30 1
238 28.54 61.28 20.59 281.18 2 26 1
239 31.46 62.13 30.86 123.60 6 40 1
240 16.42 10.05 33.75 232.35 4 11 1
241 38.06 76.52 28.19 58.95 11 35 1
242 67.12 35.20 46.01 180.94 24 42 1
243 13.03 92.03 10.93 220.49 18 30 1
244 20.48 90.74 11.35 287.47 18 20 1
245 77.87 52.75 21.67 185.40 10 39 1
246 56.81 77.01 25.42 340.43 14 31 1
247 24.33 25.76 15.56 282.07 5 37 1
248 91.38 27.33 12.04 480.06 0 47 1
249 57.99 61.50 21.26 365.74 6 19 1
250 35.53 0.54 7.43 102.54 1 6 1
251 97.09 71.18 30.37 148.51 7 27 1
252 17.29 91.01 38.72 56.86 17 38 1
253 9.21 92.82 20.08 218.79 0 18 1
254 40.80 83.44 45.51 143.72 9 20 1
255 98.73 98.21 22.64 82.54 14 41 1
256 61.78 31.34 7.42 331.34 20 33 1
257 85.74 93.98 25.87 219.46 10 27 1
258 62.01 80.53 15.65 440.14 19 45 1
259 69.03 61.46 48.01 221.18 1 40 1
260 27.08 26.40 30.91 242.46 15 46 1
261 13.15 98.81 23.33 308.21 22 27 1
262 32.03 46.29 33.12 402.87 18 48 1
263 16.14 53.44 23.90 281.00 21 21 1
264 38.07 96.73 40.65 198.44 23 30 1
265 96.97 7.44 3.76 480.34 15 25 1
266 23.79 29.53 33.74 258.82 17 27 1
267 43.00 86.52 22.03 328.01 8 17 1
268 32.94 84.88 23.05 176.59 3 4 1
269 70.20 94.08 22.22 302.21 12 24 1
270 11.94 25.02 4.94 472.91 19 42 1
271 78.49 86.66 7.25 410.36 9 39 1
272 87.63 66.31 38.73 475.05 10 40 1
273 96.86 56.72 46.86 164.72 0 16 1
274 85.27 18.64 2.54 412.64 16 42 1
275 73.34 59.14 13.57 118.81 15 40 1
276 86.80 71.72 0.74 328.60 10 33 1
277 84.75 78.79 3.52 345.75 7 22 1
278 63.51 96.81 39.20 470.72 6 13 1
279 68.11 95.42 6.06 264.52 22 29 1
280 70.81 32.04 32.29 314.52 1 37 1
281 25.45 27.37 19.89 148.03 17 28 1
282 52.07 26.56 0.82 224.89 19 32 1
283 37.87 69.21 43.67 161.46 1 48 1
284 3.38 32.21 27.94 239.22 19 23 1
285 97.14 98.04 3.58 316.68 15 43 1
286 91.27 50.62 42.88 199.84 3 7 1
287 63.59 6.67 8.62 336.80 9 21 1
288 45.85 6.52 7.48 388.56 10 44 1
289 38.96 28.48 18.11 340.99 15 20 1
290 2.52 18.37 43.09 139.01 22 44 1
291 20.43 80.04 23.23 398.07 13 47 1
292 15.22 81.46 8.89 428.78 2 31 1
293 49.72 79.52 31.36 322.29 10 33 1
294 50.12 98.77 47.48 250.66 0 25 1
295 2.74 19.71 45.62 271.94 12 31 1
296 43.20 20.41 2.98 193.16 8 47 1
297 57.91 65.02 34.12 324.78 0 29 1
298 34.41 12.17 1.78 272.53 13 36 1
299 63.92 78.62 23.73 256.92 9 44 1
300 89.95 12.80 9.10 448.57 17 32 1
301 84.41 78.13 39.99 438.80 11 11 1
302 98.82 39.49 41.81 55.35 3 6 1
303 80.33 86.12 46.72 247.56 3 9 1
304 62.15 35.10 9.05 285.43 12 43 1
305 64.38 39.79 20.56 399.47 13 24 1
306 76.78 89.07 38.06 191.70 23 48 1
307 42.22 36.09 39.05 305.56 18 42 1
308 37.94 11.09 6.50 312.56 17 22 1
309 36.14 25.79 47.43 365.40 24 45 1
310 18.13 84.31 31.52 74.84 2 13 1
311 49.95 13.71 32.65 342.91 2 14 1
312 63.41 67.86 46.00 436.19 0 36 1
313 9.49 53.89 32.87 191.11 1 39 1
314 63.35 29.62 45.29 177.61 7 40 1
315 78.36 94.72 2.01 154.13 0 29 1
316 0.26 65.31 40.17 465.15 1 17 1
317 91.83 38.86 25.58 274.52 23 32 1
318 6.30 20.34 16.06 236.98 6 15 1
319 34.18 56.50 10.98 287.77 6 27 1
320 58.40 52.68 11.55 288.63 16 31 1
321 93.65 2.97 26.58 130.60 5 8 1
322 79.27 64.73 12.32 483.72 20 22 1
323 13.98 71.16 19.29 299.11 24 41 1
324 30.97 44.79 9.13 254.36 4 40 1
325 24.46 37.79 27.96 153.04 1 2 1
326 52.50 94.80 14.71 144.35 6 40 1
327 34.53 21.64 49.51 392.40 9 10 1
328 25.73 43.94 38.00 255.36 24 47 1
329 15.34 34.72 12.99 76.23 21 36 1
330 72.27 60.26 6.24 73.78 4 21 1
331 76.62 37.11 29.59 363.34 18 42 1
332 99.29 48.30 11.51 465.64 19 37 1
333 91.71 15.16 1.07 317.86 9 48 1
334 54.59 4.09 12.17 327.07 22 33 1
335 40.89 72.60 12.98 200.69 24 41 1
336 32.25 21.81 21.89 273.88 12 43 1
337 32.81 94.95 11.26 358.54 7 23 1
338 22.42 76.68 16.41 478.05 21 23 1
339 74.33 14.11 39.93 301.33 15 26 1
340 9.73 15.10 6.14 334.35 21 32 1
341 35.58 31.52 39.87 259.26 18 30 1
342 75.30 79.52 41.10 150.23 17 27 1
343 56.70 77.47 30.08 325.31 20 45 1
344 0.40 78.48 1.64 256.59 20 27 1
345 26.45 90.96 46.83 318.88 14 24 1
346 84.83 89.56 18.75 142.02 9 9 1
347 72.11 79.44 33.07 62.02 24 25 1
348 64.78 93.39 45.88 146.18 13 36 1
349 24.00 66.42 15.08 417.73 19 37 1
350 7.14 47.76 36.27 473.06 21 34 1
351 4.67 56.79 27.85 269.07 4 18 1
352 65.57 27.94 34.18 154.59 19 34 1
353 46.72 47.15 32.99 492.70 9 47 1
354 46.68 11.30 22.89 236.46 3 21 1
355 70.60 56.90 44.72 66.02 6 20 1
356 56.73 35.66 49.31 442.30 18 28 1
357 66.60 48.99 35.11 275.16 13 16 1
358 43.99 0.82 8.06 139.65 16 23 1
359 65.67 58.23 40.80 472.59 5 33 1
360 59.03 41.86 27.89 58.14 1 11 1
361 13.63 65.68 2.81 306.19 0 5 1
362 86.22 65.28 26.06 89.82 4 11 1
363 83.54 92.77 15.32 201.39 7 37 1
364 55.58 82.89 14.28 56.25 21 42 1
365 10.74 84.43 5.69 63.67 19 22 1
366 19.32 19.70 47.78 135.82 10 29 1
367 67.81 95.46 25.51 256.20 19 23 1
368 24.60 25.63 21.54 388.06 14 39 1
369 89.80 7.47 10.31 425.84 14 28 1
370 37.07 50.50 37.91 93.69 18 20 1
371 90.67 12.16 0.45 470.27 15 30 1
372 65.03 38.43 11.67 76.48 24 29 1
373 67.26 28.75 10.43 294.59 11 45 1
374 71.72 32.68 21.68 499.48 0 23 1
375 45.98 90.61 4.87 399.21 16 21 1
376 35.27 0.37 2.73 81.57 6 47 1
377 85.28 30.48 10.03 489.26 10 11 1
378 68.17 40.25 40.82 414.24 16 46 1
379 36.45 84.42 19.53 340.30 0 15 1
380 17.65 99.36 11.28 84.55 19 19 1
381 41.92 36.38 44.03 107.22 17 46 1
382 21.46 64.87 5.58 442.08 16 17 1
383 25.22 57.32 15.75 157.63 9 21 1
384 67.90 50.61 23.78 52.46 20 47 1
385 74.36 31.24 9.99 167.06 21 44 1
386 0.68 14.42 31.16 251.15 24 47 1
387 39.03 93.98 11.97 478.35 24 39 1
388 31.39 42.72 46.72 151.37 8 9 1
389 78.47 51.13 28.98 295.89 19 23 1
390 47.21 66.43 41.29 171.27 4 11 1
391 15.68 29.85 17.42 193.60 4 8 1
392 59.94 45.67 26.96 115.87 24 44 1
393 3.87 58.03 14.70 55.67 2 47 1
394 25.73 89.62 45.28 458.02 20 38 1
395 49.52 10.02 17.96 177.23 1 32 1
396 98.01 49.47 23.26 351.85 23 47 1
397 10.36 21.93 3.45 302.52 22 27 1
398 40.69 86.04 0.18 350.52 15 45 1
399 45.48 19.22 33.18 280.49 3 26 1
400 19.47 76.56 10.27 418.30 16 19 1
401 67.52 45.53 5.25 131.15 10 32 1
402 32.15 93.96 48.25 197.09 21 45 1
403 38.39 98.74 12.44 266.33 11 34 1
404 0.50 55.90 33.77 400.75 8 25 1
405 20.63 54.16 34.42 85.75 0 7 1
406 50.33 32.62 19.48 356.89 5 24 1
407 13.49 76.42 12.34 186.11 3 34 1
408 27.85 70.75 0.51 207.68 19 42 1
409 26.99 42.88 46.65 427.09 21 32 1
410 98.96 59.77 23.07 77.66 10 29 1
411 14.76 80.60 17.91 116.70 18 37 1
412 12.32 51.35 12.48 289.61 12 15 1
413 20.45 38.88 17.39 193.54 8 12 1
414 85.71 18.25 42.12 445.73 10 47 1
415 81.94 16.55 28.90 252.40 11 31 1
416 46.40 53.17 3.85 200.92 24 48 1
417 81.43 67.20 33.63 455.32 12 22 1
418 90.56 51.88 5.18 282.88 10 29 1
419 7.15 63.92 32.89 144.12 8 13 1
420 88.08 22.42 26.06 121.19 1 42 1
421 27.39 70.13 27.33 444.97 19 34 1
422 91.65 22.82 10.84 302.02 11 16 1
423 97.17 65.41 37.87 232.17 20 28 1
424 75.52 42.50 20.32 320.68 4 22 1
425 13.77 53.62 34.37 426.25 23 41 1
426 89.30 21.18 38.70 372.07 17 24 1
427 24.21 24.70 4.95 193.77 2 21 1
428 18.40 47.09 7.35 139.69 5 22 1
429 20.52 84.97 16.46 161.59 16 17 1
430 65.90 50.22 23.04 145.86 14 18 1
431 52.79 24.68 16.18 234.49 12 43 1
432 70.06 31.96 11.29 285.64 8 9 1
433 75.68 70.92 34.40 271.72 12 18 1
434 43.60 63.95 27.40 492.39 22 43 1
435 53.00 16.32 5.44 407.18 16 16 1
436 53.39 0.46 17.17 87.91 17 43 1
437 30.31 45.39 18.93 391.93 5 29 1
438 73.45 7.02 26.14 266.19 2 29 1
439 33.01 7.31 4.48 329.24 5 45 1
440 78.96 83.83 41.00 367.99 18 30 1
441 13.50 92.63 3.26 431.42 7 8 1
442 77.20 48.76 25.86 151.05 16 16 1
443 11.78 89.46 20.92 497.31 13 14 1
444 25.37 89.43 22.06 236.48 20 26 1
445 78.07 16.90 35.71 93.87 15 34 1
446 52.43 37.26 8.60 158.82 21 21 1
447 24.83 0.42 34.79 156.31 11 21 1
448 64.92 86.95 16.95 432.73 22 24 1
449 6.93 22.15 10.87 69.42 22 39 1
450 40.25 35.74 7.49 55.51 8 37 1
451 79.86 6.29 11.61 254.99 1 35 1
452 38.15 89.30 46.74 78.79 10 33 1
453 74.05 60.85 37.86 161.51 18 19 1
454 87.04 34.82 36.05 496.90 21 33 1
455 94.35 47.76 14.14 297.37 2 10 1
456 84.89 40.15 25.46 80.79 14 47 1
457 4.35 40.36 44.01 188.24 7 22 1
458 64.32 29.44 26.39 363.22 22 35 1
459 59.51 96.37 0.08 106.68 2 8 1
460 94.55 83.20 0.30 458.26 6 38 1
461 5.33 33.76 49.86 166.47 23 28 1
462 27.36 72.65 37.40 466.15 17 37 1
463 88.56 69.77 45.28 325.57 21 32 1
464 53.42 6.69 27.24 284.02 1 4 1
465 90.24 69.18 5.66 332.34 11 13 1
466 19.54 42.52 34.98 309.39 22 47 1
467 63.22 57.58 15.56 437.39 18 42 1
468 14.07 57.16 34.85 172.68 9 24 1
469 62.68 5.80 34.23 306.91 5 26 1
470 55.46 47.84 21.14 162.95 10 23 1
471 97.78 46.73 14.54 223.15 0 14 1
472 59.81 31.24 15.95 293.39 19 46 1
473 25.92 4.64 21.28 299.84 15 15 1
474 54.12 87.45 1.16 338.60 14 36 1
475 54.34 18.32 42.29 243.45 24 35 1
476 60.84 7.94 19.15 406.14 12 38 1
477 35.26 61.59 49.39 398.81 14 15 1
478 45.57 69.60 46.60 124.04 17 34 1
479 73.64 2.44 32.68 282.52 11 27 1
480 20.70 38.50 9.14 269.86 13 30 1
481 79.97 92.09 43.57 343.13 15 44 1
482 98.68 3.43 44.11 340.46 0 14 1
483 93.96 86.27 23.71 251.52 1 45 1
484 1.51 15.53 44.42 356.83 11 15 1
485 79.50 25.53 11.77 136.16 24 29 1
486 38.29 2.53 3.31 112.16 11 14 1
487 76.34 34.54 41.40 486.66 8 21 1
488 28.00 51.94 38.71 262.06 15 24 1
489 90.37 52.31 13.21 417.42 12 12 1
490 80.61 89.09 36.26 131.14 13 47 1
491 71.05 15.96 30.06 471.66 11 38 1
492 76.32 68.09 23.18 132.77 2 34 1
493 66.20 58.01 46.55 202.45 14 21 1
494 70.94 51.60 47.99 292.71 9 37 1
495 35.35 72.49 32.32 92.45 12 33 1
496 49.27 32.97 16.32 462.32 0 26 1
497 63.36 83.14 25.56 59.38 21 34 1
498 62.29 84.85 39.19 193.51 24 40 1
499 34.36 54.45 42.66 428.45 10 22 1
500 69.03 45.98 32.29 144.13 11 41 1
1 149.49 4190.20 1
2 145.02 3046.19 1
3 122.14 2504.47 1
1 1.98 31.21 1
2 1.31 42.89 2
3 1.41 26.97 2
4 1.35 45.50 2
5 1.66 26.22 2
6 1.86 39.06 2
