Data for Vehicle routing problem with drones - Author: Huyen Do Thi Ngoc
Number of depots: 3
Number of cities: 200
Number of trucks: 8
Number of drones: 9
Area: 100 100 50
Customer maximum demand: 500
Max capacity of truck: 200
Max energy of truck: 5000
Max capacity of drone: 2
Max energy of drone: 50
1 15.87 1.40 43.57
2 79.91 30.38 5.75
3 51.15 66.80 18.79
1 14.89 97.98 31.09 350.08 12 14 3
2 52.24 50.73 15.97 101.47 9 29 3
3 67.74 15.68 15.96 121.73 24 32 2
4 93.70 42.70 40.45 323.54 23 31 1
5 84.09 53.04 10.60 63.35 21 34 1
6 20.85 23.64 43.18 477.31 6 28 1
7 84.38 85.43 1.90 408.92 24 36 3
8 47.40 2.74 40.88 81.11 2 42 2
9 72.79 47.61 9.01 328.34 17 37 3
10 99.75 73.13 14.79 364.67 6 45 3
11 55.19 58.41 43.43 244.91 22 25 2
12 94.18 5.93 2.80 391.46 4 29 1
13 29.15 49.70 5.47 436.72 3 3 2
14 31.43 62.47 2.13 297.92 12 46 2
15 7.23 32.66 35.59 476.46 5 5 3
16 22.84 50.31 38.72 241.20 12 16 3
17 81.07 67.63 38.01 56.76 4 21 3
18 40.35 62.71 27.27 442.69 15 37 3
19 26.51 6.05 8.80 473.21 1 23 2
20 74.57 20.92 1.03 81.40 24 29 2
21 38.79 17.21 21.81 324.72 17 23 2
22 30.91 24.25 48.93 492.78 3 28 3
23 7.82 32.34 46.45 251.41 19 27 2
24 36.48 29.76 4.81 347.27 24 29 2
25 89.59 23.39 19.18 457.41 17 41 1
26 72.93 35.82 40.74 382.13 17 32 1
27 82.50 40.18 23.31 128.15 12 20 1
28 40.93 49.05 1.65 164.72 18 37 3
29 44.78 26.83 46.77 98.88 0 33 3
30 41.69 16.97 46.41 448.92 9 38 3
31 69.99 48.07 12.41 78.27 3 27 3
32 0.76 56.95 28.45 393.76 5 47 3
33 43.72 97.20 16.71 453.50 12 16 3
34 6.34 26.23 1.80 82.28 18 36 2
35 95.18 71.53 30.14 439.05 16 35 2
36 53.89 62.41 30.78 182.66 15 32 1
37 39.11 37.91 1.73 187.54 19 26 3
38 96.74 0.28 40.88 483.29 2 33 2
39 61.64 41.85 27.23 452.87 18 29 1
40 95.23 55.76 46.70 486.53 16 35 2
41 2.29 80.45 7.26 294.20 12 35 1
42 91.95 2.30 16.38 78.46 4 8 2
43 13.01 40.87 35.07 402.88 16 37 2
44 20.99 47.40 12.14 133.37 16 30 2
45 92.05 4.20 7.00 256.15 23 27 3
46 63.28 95.25 48.50 50.97 5 34 3
47 48.33 30.27 39.54 301.78 10 21 1
48 99.95 81.43 26.65 85.01 20 43 3
49 26.58 93.23 32.53 268.74 22 31 2
50 29.39 11.11 4.58 467.00 21 41 2
51 54.53 51.18 24.50 417.57 17 22 3
52 87.77 78.42 41.04 458.84 3 17 1
53 34.71 95.09 22.78 222.13 11 27 3
54 32.86 39.56 7.49 262.87 6 38 2
55 77.48 91.12 14.81 73.85 22 39 2
56 75.56 22.64 25.77 113.41 9 26 2
57 18.68 12.79 25.61 148.70 2 6 2
58 97.62 74.56 3.62 321.17 0 5 3
59 78.01 48.32 43.02 256.54 20 30 3
60 23.82 85.05 13.85 271.26 17 40 2
61 86.36 4.60 27.53 167.33 8 37 1
62 30.94 97.65 4.27 428.42 6 35 2
63 32.78 19.12 27.00 126.04 24 29 1
64 3.84 71.63 26.99 318.08 6 21 2
65 37.86 54.81 47.17 226.48 8 41 3
66 82.57 17.84 32.19 204.43 3 18 2
67 13.85 66.25 26.19 77.95 11 28 3
68 47.97 30.58 44.36 181.55 1 15 1
69 16.83 67.61 34.88 345.91 1 13 1
70 46.90 68.20 47.55 363.72 13 43 2
71 63.60 53.30 49.75 206.30 3 3 2
72 63.53 36.33 46.50 56.54 17 48 3
73 64.21 72.35 5.99 323.27 6 27 1
74 46.47 85.23 42.68 273.94 14 18 2
75 87.14 3.42 12.27 320.25 20 28 3
76 43.12 92.06 43.23 211.23 1 9 3
77 92.45 69.46 45.48 489.29 0 23 3
78 6.07 97.22 41.13 212.41 12 44 3
79 92.19 37.76 48.59 101.61 13 42 3
80 49.15 93.90 5.18 401.53 20 25 2
81 17.11 54.96 0.51 344.76 23 38 1
82 80.44 5.24 2.61 69.21 19 34 1
83 12.29 76.28 1.01 468.12 3 28 1
84 26.97 14.40 27.85 96.01 3 12 2
85 2.99 4.25 31.00 431.56 14 24 1
86 44.22 30.82 43.80 278.12 16 45 2
87 87.05 58.45 4.29 375.10 12 33 3
88 67.78 34.90 3.44 237.42 16 45 3
89 17.16 83.31 10.05 141.17 3 28 2
90 11.73 30.49 2.03 383.19 21 36 1
91 7.98 58.74 10.53 428.22 13 36 2
92 11.21 4.00 39.37 273.75 11 35 2
93 5.29 85.26 8.68 402.16 8 48 3
94 76.90 44.82 43.18 203.40 3 48 1
95 66.31 32.33 17.30 161.92 16 20 2
96 98.11 6.04 40.81 389.44 15 34 3
97 78.20 68.63 19.54 369.61 12 36 2
98 18.62 33.14 19.37 473.97 1 10 2
99 55.91 35.72 28.99 271.64 5 33 3
100 37.31 22.94 30.36 441.69 17 38 2
101 18.60 46.09 26.99 343.01 6 29 3
102 44.83 41.27 45.08 487.71 12 35 3
103 27.76 78.27 27.65 377.45 2 21 2
104 69.11 76.33 38.58 230.26 20 26 3
105 68.45 94.95 27.69 491.17 6 35 3
106 67.79 54.23 36.91 246.84 24 42 2
107 69.35 99.49 35.27 200.51 12 19 2
108 88.35 11.68 27.66 411.21 21 44 3
109 6.22 5.34 25.45 414.37 9 47 1
110 82.66 58.68 31.10 124.17 20 46 1
111 94.91 1.55 43.81 175.48 14 41 3
112 15.83 10.39 32.44 424.13 19 32 2
113 50.17 6.97 43.28 325.96 5 47 2
114 91.09 37.68 30.40 494.56 12 24 3
115 52.50 2.30 9.69 194.60 16 26 2
116 11.26 90.28 13.92 187.42 7 13 3
117 64.49 46.90 26.36 405.42 1 35 2
118 24.77 18.11 20.00 280.15 16 41 2
119 49.87 41.78 5.56 240.49 6 34 3
120 39.97 19.71 9.07 92.70 17 18 1
121 98.24 62.77 16.31 148.81 14 25 1
122 32.28 64.09 42.44 217.04 10 15 3
123 56.93 68.38 44.98 173.72 7 9 2
124 52.11 69.41 46.13 385.23 3 23 3
125 90.02 15.89 48.84 265.75 15 27 2
126 22.17 33.82 24.69 481.64 23 23 1
127 4.90 96.21 33.26 250.95 16 38 1
128 30.37 81.21 49.21 473.40 12 33 3
129 66.19 47.69 38.96 312.36 17 37 3
130 8.76 8.02 34.80 379.74 12 33 2
131 19.99 82.36 40.78 286.89 22 32 1
132 76.58 80.90 44.43 362.18 3 38 3
133 85.02 4.80 36.27 222.44 20 23 1
134 94.97 0.38 11.82 390.86 16 28 2
135 36.55 80.30 45.14 109.76 13 31 2
136 79.54 87.02 37.66 446.69 0 47 1
137 63.10 26.78 10.58 302.99 5 42 2
138 7.22 28.36 45.67 337.09 6 43 3
139 94.06 95.85 15.79 173.02 13 40 1
140 50.41 6.04 14.05 412.24 3 41 3
141 64.23 58.74 38.98 96.27 8 23 2
142 11.38 80.24 0.24 212.30 12 31 3
143 22.46 49.35 38.88 221.70 11 23 1
144 96.03 90.89 45.86 334.95 12 40 2
145 99.76 16.76 11.63 140.66 1 5 3
146 25.68 69.56 39.68 343.18 3 38 1
147 53.90 65.09 18.30 465.08 3 11 2
148 93.64 10.91 23.21 177.11 16 22 3
149 15.72 12.40 33.09 358.59 20 30 3
150 14.89 1.82 35.47 223.04 3 41 3
151 43.02 3.97 48.79 104.02 24 41 2
152 35.28 0.58 14.10 68.14 13 24 2
153 34.43 2.19 36.06 433.44 19 19 2
154 77.42 81.57 21.25 482.19 0 46 1
155 98.57 6.81 40.89 232.39 20 30 2
156 61.79 50.30 15.79 354.45 19 39 1
157 87.30 69.23 5.28 381.22 14 16 1
158 45.08 41.62 28.37 498.21 20 40 2
159 67.42 51.43 39.85 489.05 20 42 3
160 50.30 5.04 40.88 380.13 21 45 1
161 75.84 82.45 47.85 151.57 23 29 2
162 1.35 29.61 15.53 182.59 2 40 2
163 7.29 37.07 1.53 173.46 8 18 2
164 23.86 17.58 6.28 425.59 20 48 1
165 76.59 7.39 24.85 245.48 15 36 2
166 40.08 37.11 2.09 392.73 0 38 2
167 13.87 10.68 42.54 69.39 13 17 3
168 14.53 44.11 16.33 333.09 8 22 3
169 72.92 99.29 4.48 392.03 2 9 2
170 9.29 73.05 6.65 431.88 19 40 3
171 30.76 51.48 40.72 221.10 3 48 2
172 65.39 58.57 27.42 177.21 20 48 2
173 81.08 73.17 6.09 115.92 16 35 2
174 61.53 46.46 23.94 156.60 1 47 3
175 20.92 69.43 15.89 190.98 20 43 1
176 35.63 55.11 10.67 478.34 14 30 2
177 18.57 48.77 6.78 197.09 3 8 2
178 79.39 12.19 38.36 426.04 3 47 1
179 8.16 97.67 31.04 480.97 6 20 3
180 31.47 69.47 12.65 52.51 5 48 3
181 25.31 69.38 17.38 231.01 4 23 3
182 46.81 76.15 1.57 257.73 3 9 1
183 67.01 80.16 38.13 421.93 19 43 1
184 15.39 53.17 23.23 83.62 19 32 3
185 18.52 27.69 7.87 291.34 12 30 1
186 69.24 85.45 5.19 186.30 4 12 2
187 48.85 38.20 6.59 81.84 13 25 2
188 95.50 52.78 4.05 135.39 1 44 1
189 7.08 93.13 37.28 404.01 21 21 1
190 36.27 85.09 12.57 299.40 19 27 2
191 90.05 43.19 1.10 162.68 15 19 3
192 55.27 56.49 39.53 197.75 3 3 3
193 55.24 51.70 40.81 321.73 13 22 2
194 22.17 55.42 1.83 261.32 13 33 1
195 45.52 88.24 28.66 138.32 18 21 2
196 36.02 40.41 8.98 59.33 7 19 3
197 4.25 54.74 39.34 309.75 2 43 3
198 86.61 78.69 13.14 225.50 10 42 3
199 41.01 18.72 3.15 282.98 21 40 3
200 66.35 42.48 22.64 204.46 5 47 1
1 195.11 4881.76 1
2 164.52 3403.45 2
3 190.75 3318.66 3
4 184.90 4790.42 2
5 188.88 2612.75 2
6 161.32 4996.22 2
7 190.61 2928.58 2
8 193.31 2580.14 2
1 1.59 26.26 8
2 1.41 37.18 1
3 1.72 25.61 1
4 1.79 37.18 3
5 1.86 47.92 7
6 1.65 26.03 1
7 1.62 41.01 8
8 1.21 41.40 8
9 1.48 34.09 3
