Data for Vehicle routing problem with drones - Author: Huyen Do Thi Ngoc
Number of depots: 4
Number of cities: 200
Number of trucks: 6
Number of drones: 13
Area: 100 100 50
Customer maximum demand: 500
Max capacity of truck: 200
Max energy of truck: 5000
Max capacity of drone: 2
Max energy of drone: 50
1 46.24 60.94 30.45
2 75.19 18.21 12.85
3 80.48 39.36 9.26
4 37.24 97.46 17.92
1 64.65 79.94 11.41 71.76 10 27 1
2 14.23 99.79 7.54 72.09 15 37 2
3 63.27 80.05 46.07 401.91 14 46 3
4 49.44 14.17 46.42 409.74 3 46 2
5 47.03 20.48 10.25 70.24 23 31 4
6 85.64 97.99 5.30 63.99 11 28 2
7 42.27 34.89 28.72 394.14 22 22 2
8 91.69 38.35 37.36 420.93 2 22 4
9 3.61 53.90 25.56 207.55 0 41 2
10 50.80 95.80 31.12 172.37 19 46 1
11 78.99 79.36 29.66 384.68 5 7 2
12 56.17 89.51 47.06 159.94 24 45 2
13 54.91 37.44 4.16 277.12 2 43 1
14 90.68 60.22 10.58 494.67 5 14 2
15 45.47 93.67 3.01 409.34 2 32 4
16 45.07 48.28 47.69 383.56 14 34 2
17 43.84 2.39 42.44 185.12 18 39 4
18 22.97 35.87 26.89 351.93 4 44 4
19 31.93 56.01 3.09 228.69 8 28 2
20 86.35 76.90 24.71 220.23 21 48 3
21 58.03 1.33 20.45 203.24 13 27 3
22 73.51 58.23 35.55 330.43 4 19 1
23 69.18 98.59 29.20 196.77 8 45 1
24 59.60 91.50 48.80 412.24 24 28 3
25 22.81 9.54 14.62 213.81 14 47 1
26 70.45 97.91 41.43 342.99 12 23 1
27 83.26 18.57 35.97 197.48 20 28 2
28 70.84 55.19 17.26 313.55 11 35 1
29 52.86 55.10 44.98 97.34 21 31 3
30 20.97 60.45 36.18 91.33 14 37 4
31 1.84 88.75 5.97 107.44 5 13 3
32 30.86 50.39 7.37 272.63 23 42 4
33 89.47 40.58 32.23 311.69 4 10 4
34 69.17 36.01 37.40 447.94 18 31 1
35 21.21 94.69 3.29 408.03 23 26 3
36 64.70 5.23 46.71 461.50 13 20 4
37 75.98 47.20 31.42 373.54 16 16 1
38 10.69 97.10 50.00 478.51 1 46 2
39 89.07 50.49 45.41 370.74 11 33 3
40 10.43 0.96 36.17 184.35 13 37 2
41 43.85 54.88 8.51 146.17 9 41 3
42 10.01 0.15 21.03 414.06 21 36 4
43 42.75 0.00 42.73 432.03 14 20 1
44 99.11 69.08 5.93 483.99 23 43 3
45 53.77 45.00 36.95 374.75 0 44 4
46 24.85 5.09 26.65 126.85 19 37 3
47 88.60 73.75 12.34 150.54 18 31 3
48 38.79 63.44 3.51 93.75 16 48 1
49 16.98 81.67 8.49 207.04 6 36 1
50 54.34 50.95 9.75 177.60 2 42 3
51 46.10 43.91 29.66 407.66 6 34 1
52 89.45 85.02 6.99 310.44 9 23 2
53 52.64 64.11 8.60 215.36 22 42 2
54 67.79 43.95 13.95 489.72 14 46 3
55 12.46 78.24 5.10 471.96 3 4 4
56 32.07 8.63 27.25 113.90 9 46 4
57 80.87 34.47 37.94 100.05 8 21 3
58 37.97 58.46 24.72 69.75 13 29 3
59 93.06 22.76 6.66 440.70 6 18 1
60 66.82 1.53 35.86 395.60 12 14 2
61 60.11 78.92 2.82 265.68 17 23 4
62 5.98 53.36 27.16 257.41 11 14 2
63 85.12 60.69 7.65 216.39 1 3 2
64 94.56 95.25 25.28 406.18 14 17 4
65 63.44 78.29 43.16 124.46 13 29 4
66 34.12 98.16 9.44 150.34 8 44 3
67 69.74 79.85 31.24 317.28 6 36 1
68 47.26 42.94 42.95 319.22 1 11 1
69 68.24 92.11 0.85 336.56 20 28 2
70 62.81 38.70 48.67 113.64 23 38 1
71 79.49 70.52 29.55 212.37 18 23 3
72 53.92 4.63 8.14 408.68 9 43 4
73 56.60 63.44 25.05 445.48 10 10 3
74 50.17 57.68 47.41 143.10 16 45 3
75 41.57 17.30 21.95 487.44 0 5 2
76 28.91 24.13 46.22 432.96 22 35 2
77 22.00 66.52 25.56 321.08 6 43 2
78 53.08 62.99 16.87 302.77 12 31 4
79 10.49 65.64 29.47 360.55 19 21 2
80 67.77 34.81 47.32 381.24 11 47 4
81 3.39 67.49 20.08 314.35 14 34 3
82 60.11 18.28 17.34 437.74 19 36 3
83 60.01 80.58 41.22 403.21 0 13 3
84 94.88 20.94 41.35 103.31 2 7 1
85 13.93 0.56 31.85 374.66 5 12 4
86 55.36 50.83 19.06 84.33 24 32 1
87 91.99 91.37 2.25 473.99 12 41 2
88 13.04 89.64 7.57 490.74 9 9 2
89 34.29 97.06 42.45 235.04 11 12 4
90 87.48 86.23 28.06 416.22 16 48 2
91 99.42 1.16 13.32 163.91 10 15 1
92 90.69 54.71 26.10 391.52 7 10 4
93 53.97 24.48 22.24 330.01 3 7 2
94 21.20 54.97 0.35 244.80 4 18 3
95 71.48 94.86 41.79 309.57 2 25 2
96 49.85 31.43 30.72 212.47 15 32 4
97 42.89 50.52 1.06 83.22 18 45 2
98 72.65 45.22 32.79 493.13 17 27 1
99 73.73 80.26 31.12 411.88 17 41 1
100 78.67 97.54 45.35 449.82 16 19 2
101 52.17 48.17 15.14 454.16 8 44 4
102 57.08 73.42 46.63 319.94 4 26 3
103 2.64 90.81 2.26 139.52 8 22 2
104 75.49 14.82 7.90 298.49 15 20 3
105 13.10 80.86 41.79 364.18 2 25 3
106 8.10 50.47 35.15 168.69 3 10 3
107 50.68 94.62 20.70 453.22 23 47 4
108 12.48 82.88 8.58 86.91 9 32 1
109 81.22 19.16 8.69 123.56 16 41 2
110 2.82 77.64 8.02 379.38 5 9 3
111 77.46 35.73 43.13 201.27 2 19 2
112 33.79 12.35 5.85 89.66 7 47 2
113 41.23 6.04 25.77 453.27 3 31 2
114 33.64 84.06 19.97 294.15 18 26 4
115 10.48 80.57 2.14 487.20 7 42 1
116 80.19 87.23 5.18 308.66 22 40 3
117 70.49 97.37 28.90 251.58 18 40 3
118 85.83 1.07 32.29 332.61 14 32 2
119 66.72 17.18 39.75 182.44 14 20 4
120 1.64 25.25 17.23 176.06 0 33 3
121 25.10 99.68 27.25 280.57 24 44 3
122 75.06 2.68 22.78 310.33 3 43 3
123 83.44 72.91 23.44 223.22 0 37 4
124 33.22 94.17 35.64 124.34 10 11 4
125 42.67 67.02 29.73 498.70 16 34 4
126 43.73 95.63 7.52 217.68 22 28 1
127 48.97 54.70 36.95 211.74 13 35 3
128 80.18 48.50 8.36 377.02 10 19 1
129 56.18 68.04 41.08 290.60 12 45 2
130 20.28 14.40 20.68 331.63 2 16 1
131 19.93 83.68 13.24 221.15 11 28 4
132 35.09 32.82 5.20 192.50 3 8 3
133 10.91 3.38 42.96 436.40 16 31 4
134 99.35 88.67 10.90 379.41 0 10 2
135 6.91 99.70 24.88 127.00 6 39 2
136 6.46 35.00 9.61 309.46 18 41 2
137 82.84 58.48 3.40 496.07 1 12 2
138 87.61 26.81 11.77 302.96 12 27 3
139 36.37 35.77 12.27 190.92 12 30 4
140 27.06 28.48 34.77 300.03 14 28 1
141 30.71 92.83 13.75 481.27 9 23 3
142 18.59 0.15 2.24 171.76 12 46 1
143 69.86 52.24 27.90 72.07 13 29 3
144 50.45 61.20 39.26 438.69 12 40 3
145 48.75 70.33 33.34 355.43 14 29 4
146 31.50 39.21 36.55 236.13 11 37 2
147 40.20 48.15 14.18 212.88 8 13 2
148 63.90 8.22 8.69 80.84 1 9 4
149 20.52 78.22 35.21 77.68 1 44 3
150 78.91 9.58 47.79 471.14 10 17 1
151 75.72 22.77 7.02 345.50 15 23 4
152 64.39 9.49 11.47 324.68 17 47 4
153 7.79 96.16 4.79 261.05 23 27 1
154 14.30 50.89 4.52 226.33 22 38 2
155 82.15 87.59 39.69 153.92 2 16 1
156 43.53 60.69 30.67 492.10 24 31 3
157 50.29 51.44 40.21 420.00 0 25 1
158 65.55 1.39 25.45 411.50 11 20 1
159 0.48 94.63 43.26 134.80 19 21 1
160 29.00 0.55 25.53 238.17 22 26 4
161 79.25 16.96 27.60 149.50 5 15 2
162 64.40 70.91 18.38 91.44 10 28 1
163 11.86 94.91 35.84 120.10 7 29 2
164 80.61 86.41 47.24 231.37 10 17 4
165 44.41 72.54 7.88 117.85 24 40 4
166 30.95 87.88 41.88 80.57 21 37 4
167 90.36 77.65 19.42 224.10 15 40 1
168 92.24 84.34 43.10 356.06 2 30 3
169 63.00 26.44 36.17 148.86 21 48 2
170 70.65 29.32 40.13 491.73 21 35 2
171 4.36 62.49 47.74 422.23 3 18 4
172 62.83 22.07 41.27 327.43 6 17 4
173 5.50 7.71 23.53 62.89 8 40 3
174 4.40 34.02 38.83 99.05 1 20 1
175 80.66 24.72 4.04 149.98 22 24 3
176 70.03 8.41 11.69 324.65 8 34 3
177 85.61 79.62 6.64 181.14 19 32 1
178 62.43 89.00 28.55 71.20 12 22 1
179 47.40 34.36 27.74 137.24 5 30 3
180 19.26 20.60 48.30 229.52 4 21 2
181 10.51 97.71 4.29 240.88 3 6 2
182 1.19 30.52 23.12 409.50 20 28 1
183 80.49 85.86 5.56 463.85 22 45 4
184 94.84 5.54 45.23 431.00 17 34 2
185 20.11 74.34 10.36 73.42 2 19 3
186 14.41 6.02 24.62 449.31 18 43 4
187 27.30 15.58 36.73 470.17 13 42 3
188 81.27 49.80 41.29 342.12 4 24 1
189 72.90 6.51 24.38 331.48 22 43 1
190 46.39 17.27 20.24 65.69 13 28 1
191 21.70 41.15 30.72 127.64 20 33 1
192 63.47 40.42 48.93 96.40 23 37 1
193 95.86 31.53 5.33 179.23 23 39 4
194 36.49 86.45 40.89 212.13 3 42 3
195 17.77 98.28 13.10 470.19 23 36 4
196 92.95 99.15 37.53 205.82 18 24 4
197 77.23 51.85 17.49 424.10 5 29 4
198 71.75 71.76 6.18 292.50 3 23 4
199 45.48 10.72 0.09 127.10 24 48 1
200 3.80 83.20 18.76 210.26 13 22 2
1 133.98 3883.50 1
2 122.71 3852.59 2
3 140.93 4765.61 3
4 101.10 4883.08 4
5 131.38 4915.96 3
6 167.99 4981.98 3
1 1.02 25.68 5
2 1.53 26.26 4
3 1.01 39.50 3
4 1.36 32.93 3
5 1.31 36.50 5
6 1.38 31.67 3
7 1.94 46.11 3
8 1.27 26.14 2
9 1.98 44.24 6
10 1.46 30.88 1
11 1.84 46.63 1
12 1.79 41.15 2
13 1.08 39.24 2
