Data for Vehicle routing problem with drones - Author: Huyen Do Thi Ngoc
Number of depots: 5
Number of cities: 300
Number of trucks: 5
Number of drones: 9
Area: 100 100 50
Customer maximum demand: 500
Max capacity of truck: 200
Max energy of truck: 5000
Max capacity of drone: 2
Max energy of drone: 50
1 34.39 79.69 48.94
2 70.29 61.75 45.44
3 91.43 93.87 38.24
4 17.13 27.87 45.08
5 32.32 86.09 31.07
1 9.04 57.28 4.18 177.88 6 39 3
2 81.25 16.11 12.34 494.09 24 37 2
3 48.52 14.38 3.34 496.68 16 26 4
4 70.95 13.65 12.31 306.33 9 9 5
5 13.21 70.87 24.76 349.09 9 37 4
6 5.86 33.97 23.93 457.89 24 24 3
7 40.33 37.42 18.27 225.69 19 37 5
8 50.76 23.17 24.06 281.96 11 26 1
9 59.78 99.37 45.56 379.07 1 28 2
10 95.29 99.38 12.81 439.21 9 23 1
11 73.19 22.93 34.69 425.13 18 19 4
12 58.66 37.25 47.92 375.14 15 23 2
13 71.44 93.49 10.27 452.99 19 37 4
14 1.98 53.33 31.19 272.01 13 31 5
15 73.26 40.83 1.63 237.49 10 31 4
16 20.99 63.56 26.41 243.14 3 6 2
17 59.01 96.56 4.99 408.02 12 43 4
18 11.84 75.71 22.32 192.99 4 44 3
19 0.64 50.84 12.11 95.72 12 26 2
20 26.56 12.94 39.34 315.61 9 14 4
21 31.23 87.49 43.53 73.24 21 41 4
22 74.00 63.45 6.04 256.65 14 19 1
23 80.80 99.99 4.62 455.16 12 25 1
24 97.59 85.60 6.68 435.86 19 45 3
25 87.12 3.11 10.19 494.48 20 35 3
26 66.43 45.72 29.69 349.14 23 38 1
27 69.28 86.89 23.53 387.86 23 46 5
28 98.45 24.40 24.97 376.19 3 40 4
29 94.05 3.68 26.83 156.40 15 47 5
30 16.72 82.28 42.80 418.97 17 29 3
31 6.97 86.61 46.77 126.05 17 22 2
32 79.64 14.79 24.58 274.53 9 11 3
33 50.93 97.70 15.50 327.92 7 37 3
34 45.37 96.33 10.33 114.89 5 44 1
35 13.58 28.52 37.95 496.93 18 32 1
36 38.13 62.75 18.01 290.47 19 20 3
37 50.53 76.73 17.64 54.39 0 8 2
38 27.63 58.38 30.50 371.41 6 9 1
39 76.99 18.35 23.47 138.75 14 21 5
40 15.50 97.41 24.03 90.99 17 26 2
41 19.25 35.22 28.94 184.85 24 31 3
42 86.64 44.85 46.27 363.89 3 19 3
43 65.47 11.03 42.83 349.29 1 18 5
44 65.16 16.28 19.48 380.79 21 21 3
45 48.17 72.95 23.67 340.15 9 46 2
46 99.55 2.35 37.78 343.90 11 28 2
47 55.68 41.04 33.62 101.40 24 48 3
48 81.92 0.56 44.69 414.64 5 8 3
49 6.24 33.57 4.68 380.44 10 22 1
50 37.60 1.39 16.55 462.06 18 34 3
51 14.58 3.97 15.95 297.23 1 21 1
52 73.16 26.40 48.86 410.87 24 29 3
53 32.43 69.49 13.72 414.57 15 22 5
54 56.69 44.09 47.62 344.06 23 25 1
55 45.92 4.90 4.73 439.41 8 39 2
56 29.71 19.31 5.02 362.39 17 41 1
57 81.01 57.32 18.40 113.30 1 2 3
58 79.48 9.74 39.46 136.99 21 32 1
59 72.88 17.33 49.29 457.96 14 21 4
60 36.70 20.02 49.50 211.10 17 26 1
61 58.65 83.34 49.60 497.29 5 47 2
62 30.40 80.09 30.56 87.49 23 31 2
63 27.33 48.00 3.61 190.38 3 35 3
64 66.27 62.37 36.86 411.82 9 22 1
65 59.57 72.33 25.19 441.84 0 18 2
66 63.53 4.84 36.71 312.81 5 31 5
67 40.44 56.90 3.13 178.69 18 41 1
68 51.98 49.62 28.03 270.26 9 40 3
69 14.70 58.83 7.70 92.53 23 40 3
70 98.12 20.13 26.30 425.39 4 42 5
71 49.51 0.41 16.40 304.30 3 8 4
72 61.45 66.68 25.99 134.52 7 11 5
73 94.06 67.21 24.52 211.59 3 28 5
74 25.31 62.87 20.51 113.03 7 15 2
75 75.53 66.09 7.54 482.42 1 47 5
76 35.09 30.07 12.93 111.77 22 42 3
77 71.22 29.48 37.60 116.60 14 47 2
78 10.74 40.09 9.09 80.89 14 48 3
79 77.93 59.81 23.01 284.14 12 12 2
80 12.27 58.32 18.75 461.51 24 36 2
81 41.00 30.06 33.20 291.45 16 36 4
82 76.21 35.00 38.36 355.31 8 48 4
83 83.41 41.85 41.39 68.79 3 27 5
84 31.60 40.30 35.78 227.05 4 34 2
85 45.44 28.35 5.55 67.91 8 31 1
86 28.43 96.99 28.46 377.13 23 36 2
87 16.29 17.38 14.23 116.29 7 13 3
88 65.45 80.96 44.67 475.22 22 41 2
89 20.87 16.08 37.35 360.71 8 31 4
90 39.94 22.05 32.01 433.16 16 17 1
91 85.48 73.01 21.21 474.29 13 36 5
92 33.95 19.36 43.42 328.72 6 8 1
93 66.75 96.75 37.96 431.35 8 16 3
94 73.55 76.75 9.76 161.82 21 23 4
95 33.82 8.29 47.98 165.27 11 16 3
96 88.68 68.47 45.48 216.42 8 30 5
97 33.95 62.72 25.19 75.75 5 8 1
98 42.05 18.44 12.18 450.59 0 33 4
99 24.16 98.05 23.71 377.85 16 26 2
100 78.57 39.13 35.39 94.00 10 29 1
101 86.14 54.01 37.53 353.55 18 34 3
102 55.69 13.64 6.32 241.62 21 43 1
103 54.08 61.87 45.22 437.99 6 43 4
104 49.27 29.58 13.91 309.47 21 29 5
105 31.09 57.64 46.96 50.14 22 38 2
106 91.70 27.49 17.59 419.42 4 6 2
107 32.99 1.36 41.12 482.64 18 20 4
108 7.35 64.53 46.21 393.68 12 43 1
109 20.60 73.14 22.99 176.12 7 11 3
110 17.87 27.99 26.09 155.48 23 48 2
111 7.62 47.78 24.54 339.24 14 36 2
112 52.63 56.22 15.49 393.64 4 44 1
113 61.11 43.73 36.31 246.97 0 21 1
114 97.00 7.27 1.87 238.89 21 23 3
115 94.78 63.10 8.49 351.14 23 29 2
116 87.10 84.06 29.56 358.91 6 6 1
117 65.56 68.63 20.80 366.96 4 42 5
118 40.64 65.85 10.00 188.70 13 29 2
119 82.75 52.41 43.73 273.13 3 38 5
120 1.59 27.09 23.96 483.35 12 35 3
121 61.64 65.43 32.22 140.71 20 32 4
122 63.48 52.08 21.87 338.65 23 40 1
123 43.01 23.10 17.31 471.64 21 34 1
124 53.37 21.40 9.67 280.78 16 35 3
125 51.24 74.09 19.40 401.43 6 43 3
126 83.89 1.47 22.67 125.94 14 18 1
127 32.42 59.54 7.03 227.20 2 26 5
128 49.57 63.07 1.08 201.84 8 26 1
129 50.44 82.25 15.00 96.69 11 41 4
130 82.00 43.45 38.16 234.90 16 25 5
131 80.45 31.74 1.38 51.60 21 22 1
132 24.36 33.61 27.15 354.89 12 32 1
133 48.24 28.01 20.74 318.34 14 26 2
134 12.60 42.74 30.29 419.84 6 43 4
135 52.01 78.15 28.86 85.87 14 32 5
136 46.39 93.57 48.38 413.84 22 35 2
137 16.51 58.37 2.87 158.52 1 43 1
138 69.88 57.35 19.93 489.53 23 48 3
139 85.51 30.88 13.34 464.14 24 40 1
140 34.05 32.64 14.41 345.97 15 45 3
141 45.08 7.83 43.17 166.45 1 21 5
142 97.94 82.86 7.37 482.45 0 16 1
143 6.18 34.61 28.53 65.28 20 41 1
144 34.18 73.61 27.72 439.50 22 40 4
145 43.80 35.52 41.79 430.98 14 21 1
146 8.68 94.50 15.03 419.39 4 22 2
147 47.69 44.64 21.91 400.38 12 17 2
148 56.40 28.72 39.66 274.65 4 15 4
149 93.94 52.55 10.51 59.34 14 46 1
150 34.52 38.48 15.93 490.00 6 20 2
151 30.23 71.13 48.17 450.95 7 15 1
152 84.90 3.08 45.64 107.97 14 38 2
153 36.16 58.69 21.42 474.23 20 44 4
154 25.10 70.00 40.21 450.30 24 47 2
155 31.51 2.73 29.04 245.67 11 41 2
156 93.94 34.88 1.08 139.80 5 42 4
157 59.62 62.27 46.19 126.29 7 9 4
158 20.25 8.49 25.59 190.72 13 23 4
159 58.56 29.63 16.78 445.49 15 39 1
160 41.24 10.05 22.98 167.77 20 37 1
161 11.10 25.34 20.42 484.31 7 18 4
162 4.45 3.20 30.48 458.71 20 25 4
163 83.35 32.42 26.92 433.01 12 30 3
164 86.91 55.82 36.66 120.06 4 31 4
165 14.27 61.14 29.77 88.70 22 39 2
166 37.78 81.94 21.97 446.74 10 35 5
167 21.09 54.23 32.35 497.98 11 18 1
168 31.64 79.16 32.21 372.09 4 44 1
169 34.17 71.59 21.22 375.96 21 27 1
170 62.45 21.59 47.75 165.18 7 15 5
171 68.69 19.80 13.89 55.93 19 41 1
172 28.25 84.71 28.02 128.08 9 26 1
173 13.17 76.08 40.81 92.93 18 35 3
174 44.43 90.33 41.90 366.54 2 31 5
175 88.43 39.24 20.90 431.71 7 7 4
176 47.16 10.57 6.22 93.69 20 23 2
177 21.84 40.76 21.35 133.41 17 37 4
178 85.02 35.98 41.65 149.21 21 21 2
179 56.25 2.99 34.30 343.74 13 32 5
180 69.79 40.83 30.43 296.79 4 14 5
181 40.87 11.41 49.48 392.79 14 39 4
182 46.60 27.86 45.36 335.04 21 45 2
183 35.10 68.73 24.94 164.44 2 40 3
184 24.95 95.36 44.34 251.56 3 21 3
185 29.00 60.09 31.10 98.49 9 17 2
186 19.97 84.89 40.71 299.27 23 24 2
187 89.07 10.12 17.07 108.59 19 19 2
188 37.04 37.54 2.99 61.64 20 22 5
189 51.64 40.49 25.32 164.60 12 48 2
190 87.19 8.52 24.05 318.43 2 46 5
191 65.92 64.69 45.25 239.85 9 36 3
192 81.84 80.26 34.08 472.93 7 8 3
193 71.34 89.00 13.70 111.41 8 11 5
194 69.72 83.72 32.24 247.35 20 39 2
195 28.33 36.73 25.50 79.82 21 48 1
196 75.12 84.90 34.92 306.98 18 19 3
197 40.98 18.24 3.45 473.55 13 36 1
198 46.21 22.70 14.89 249.09 20 43 2
199 76.80 65.71 43.14 470.15 13 15 5
200 23.47 19.08 45.48 373.28 6 26 1
201 56.12 72.83 5.70 281.05 15 44 4
202 38.99 16.50 40.56 135.80 0 24 1
203 39.39 54.72 4.53 217.99 3 33 3
204 17.61 48.40 24.78 406.55 7 34 3
205 69.18 87.36 8.68 483.93 18 39 5
206 44.61 66.95 14.57 259.50 3 46 1
207 79.00 27.01 44.57 354.43 8 10 1
208 62.31 63.24 15.35 150.41 17 33 5
209 66.20 40.85 5.53 445.14 3 19 5
210 85.10 68.88 23.87 473.89 12 16 4
211 96.93 93.63 47.16 137.16 5 23 2
212 18.98 13.90 31.43 480.69 3 37 1
213 46.76 1.93 17.05 457.63 7 7 5
214 1.65 12.94 18.29 486.13 16 37 5
215 31.86 94.29 18.13 132.19 12 37 1
216 3.49 2.85 32.59 340.32 4 15 4
217 30.24 92.80 26.23 181.83 0 40 5
218 21.63 37.88 8.84 443.43 7 11 1
219 55.73 85.73 46.02 472.80 18 19 3
220 22.92 45.99 5.19 339.70 16 26 1
221 44.31 50.51 7.47 150.83 20 45 5
222 85.80 99.61 10.44 444.57 10 35 3
223 92.59 64.46 43.84 52.40 10 34 1
224 90.23 64.15 30.22 213.51 20 44 1
225 50.86 75.15 16.51 239.04 15 35 4
226 33.35 22.28 40.34 245.62 14 30 4
227 36.92 4.17 7.63 85.05 13 24 2
228 18.93 13.76 19.74 220.22 2 22 1
229 20.10 61.37 6.99 254.11 4 9 4
230 60.13 30.24 29.95 297.40 2 48 3
231 92.64 37.72 7.35 368.28 0 31 2
232 7.98 92.77 19.64 424.96 5 34 3
233 38.26 62.86 11.01 381.55 2 41 1
234 53.46 64.08 5.14 483.06 10 38 4
235 94.10 64.88 36.79 259.73 3 13 2
236 99.87 90.59 37.98 192.52 9 28 2
237 85.60 41.68 4.20 191.27 22 40 1
238 14.72 72.13 39.39 104.03 17 42 1
239 70.91 26.67 2.71 154.41 16 20 3
240 68.25 98.80 1.07 51.69 17 18 2
241 28.42 49.86 16.04 251.37 20 26 5
242 28.76 58.04 24.17 217.33 24 28 4
243 31.82 8.85 34.75 245.77 24 28 1
244 41.89 30.88 34.66 315.44 13 47 5
245 67.27 81.93 35.65 88.98 12 12 3
246 49.38 23.82 20.71 420.96 1 19 5
247 42.34 49.29 29.15 482.20 9 13 2
248 21.06 22.21 32.91 335.74 1 35 2
249 19.46 52.91 1.79 384.87 10 42 2
250 82.73 56.16 23.78 136.54 11 12 5
251 43.90 16.30 38.88 168.27 18 39 4
252 59.27 65.38 18.91 156.67 24 27 2
253 24.09 89.53 29.65 117.43 16 43 2
254 39.77 78.81 48.71 113.61 23 33 3
255 17.25 92.79 9.90 455.29 10 21 5
256 70.10 94.83 7.97 56.35 24 34 1
257 8.52 14.47 48.42 327.07 24 29 2
258 28.90 75.85 38.69 81.28 7 20 4
259 25.76 24.63 16.01 376.85 1 32 1
260 36.77 27.16 36.98 476.19 19 41 1
261 5.42 52.82 11.03 399.79 11 39 2
262 40.87 1.20 30.77 309.50 9 37 3
263 29.23 91.49 20.30 470.24 19 43 1
264 85.87 1.27 47.50 247.66 20 45 5
265 33.85 87.91 3.93 104.74 19 35 4
266 12.05 57.25 45.56 211.26 9 38 1
267 94.26 33.48 34.41 237.75 1 2 5
268 79.93 14.51 36.61 206.69 4 11 1
269 47.57 1.86 9.72 393.18 15 37 5
270 63.12 63.00 41.52 208.79 7 8 5
271 82.69 71.20 31.73 428.42 10 16 5
272 43.89 68.26 29.67 378.59 2 5 3
273 52.30 4.15 29.24 427.56 0 8 2
274 24.52 61.07 18.52 466.94 24 41 2
275 56.05 95.04 26.32 437.51 13 37 2
276 2.60 94.53 33.91 263.86 8 19 3
277 20.15 94.74 40.44 352.67 17 44 5
278 89.72 55.27 6.49 404.90 20 44 5
279 45.47 23.11 29.08 431.91 0 41 3
280 44.99 30.12 16.13 309.61 5 7 3
281 7.51 58.12 32.55 250.94 5 5 1
282 74.46 19.75 3.54 59.08 14 33 2
283 36.57 28.02 32.78 450.36 11 11 2
284 85.10 60.92 38.76 368.73 3 35 2
285 97.44 84.35 29.07 409.93 4 22 3
286 42.37 29.11 27.67 297.38 13 22 4
287 84.89 55.90 41.10 400.95 22 31 2
288 29.59 35.86 20.44 73.06 22 42 4
289 98.16 93.89 7.94 139.88 6 15 1
290 93.45 52.80 1.70 341.68 14 30 4
291 33.66 54.64 15.81 192.82 4 18 1
292 19.95 74.27 0.99 446.06 7 25 4
293 32.47 11.47 19.36 321.13 18 48 1
294 61.76 80.12 20.00 326.53 10 44 4
295 74.36 52.99 2.84 93.62 1 19 1
296 68.27 52.62 2.02 137.40 9 15 2
297 87.25 95.23 26.21 498.52 12 18 4
298 8.25 54.36 34.55 267.04 7 17 4
299 32.40 34.97 26.01 319.00 3 13 3
300 7.98 36.18 17.46 138.03 6 11 5
1 179.37 3163.84 1
2 155.62 4364.49 2
3 160.95 3962.53 3
4 198.80 3290.81 4
5 116.85 4135.21 5
1 1.92 33.16 4
2 1.58 42.78 1
3 1.21 40.48 1
4 1.25 41.19 4
5 1.55 26.17 1
6 1.07 29.16 1
7 1.99 42.75 1
8 1.92 26.56 2
9 1.53 49.25 1
