Data for Vehicle routing problem with drones - Author: Huyen Do Thi Ngoc
Number of depots: 2
Number of cities: 200
Number of trucks: 3
Number of drones: 9
Area: 100 100 50
Customer maximum demand: 500
Max capacity of truck: 200
Max energy of truck: 5000
Max capacity of drone: 2
Max energy of drone: 50
1 73.12 62.95 48.42
2 93.20 43.25 7.12
1 59.26 72.07 28.69 342.88 18 31 2
2 7.38 65.79 29.70 304.66 4 11 2
3 32.11 90.10 31.73 125.06 2 5 1
4 60.49 87.44 16.23 482.75 6 20 1
5 47.43 89.31 47.18 190.01 16 39 2
6 40.37 78.03 48.08 180.15 0 16 2
7 60.99 84.77 9.16 68.20 8 48 2
8 14.37 48.13 0.05 148.33 19 46 2
9 57.86 20.97 23.59 98.03 16 20 1
10 60.94 82.55 18.08 489.17 14 27 1
11 13.49 37.03 18.85 412.29 3 7 2
12 25.43 13.13 23.57 185.45 24 24 2
13 92.28 32.29 39.56 238.80 21 23 2
14 21.01 75.45 37.85 340.11 5 16 2
15 71.73 99.32 10.97 448.77 3 46 2
16 2.59 3.51 37.45 142.73 7 47 1
17 11.58 38.52 5.12 477.79 9 21 2
18 90.14 67.96 2.83 298.11 15 22 1
19 95.46 75.82 34.09 344.80 4 17 2
20 12.24 12.43 20.11 88.61 16 39 1
21 49.67 1.03 13.08 131.54 12 30 1
22 25.11 24.17 21.63 373.01 20 22 2
23 98.07 4.03 28.97 214.42 4 43 2
24 30.28 0.39 37.75 411.41 17 46 1
25 99.29 42.97 7.39 442.11 19 39 1
26 70.73 75.54 12.56 56.48 23 28 1
27 95.50 30.30 1.75 300.55 10 28 2
28 98.64 57.40 29.41 89.63 0 41 1
29 20.51 82.92 12.67 408.26 21 42 2
30 46.13 65.53 6.51 255.45 21 24 1
31 28.69 53.15 27.04 186.36 10 45 2
32 13.11 73.53 18.94 497.56 21 28 1
33 76.95 64.52 35.07 124.58 0 41 1
34 36.98 46.24 29.55 292.78 6 40 1
35 55.67 61.95 6.36 311.62 22 28 2
36 46.39 95.12 42.41 197.99 6 19 1
37 8.19 57.36 7.47 342.80 1 23 2
38 26.28 93.96 18.63 144.92 14 39 2
39 65.01 79.55 16.35 321.71 19 29 1
40 82.63 91.43 41.40 173.44 1 44 1
41 45.70 2.66 48.09 157.34 3 5 1
42 31.43 81.29 41.17 383.60 6 31 2
43 71.12 27.04 10.79 310.92 21 21 1
44 20.71 59.08 49.79 282.98 8 29 1
45 2.23 17.75 38.91 462.39 24 45 1
46 25.31 23.72 8.55 293.35 21 31 2
47 10.56 89.27 26.64 210.40 3 45 2
48 16.27 17.10 48.92 437.68 18 25 2
49 46.16 52.51 38.86 392.93 9 13 2
50 52.52 18.60 15.10 286.82 2 25 2
51 72.44 58.61 20.08 252.42 13 37 2
52 78.00 3.49 1.93 64.18 4 29 2
53 45.32 92.55 26.40 482.32 16 38 2
54 38.43 16.96 13.98 368.72 12 43 2
55 9.27 3.98 38.02 72.87 11 17 1
56 52.81 81.85 29.84 205.77 2 15 1
57 55.70 44.84 26.20 299.18 24 35 2
58 60.12 1.30 4.09 66.30 7 38 2
59 60.74 74.24 27.16 124.70 6 35 1
60 71.23 14.17 32.82 340.87 20 20 1
61 16.57 79.21 30.31 124.06 2 11 2
62 72.27 13.45 11.68 417.44 13 45 2
63 44.07 42.35 35.30 367.49 22 28 1
64 75.00 15.15 14.86 83.10 19 23 2
65 99.01 44.33 0.70 98.79 14 27 2
66 81.82 35.30 45.21 313.48 1 3 2
67 86.07 86.51 48.20 381.82 12 18 1
68 16.40 31.75 47.71 405.08 13 21 1
69 37.00 96.23 11.91 352.27 18 19 2
70 6.94 29.54 43.65 57.04 13 21 1
71 41.48 21.43 25.72 344.00 16 29 1
72 18.94 37.70 10.68 442.80 3 24 2
73 67.30 32.80 39.14 400.48 6 12 2
74 48.35 48.67 42.10 404.44 5 11 2
75 84.84 97.86 24.47 183.43 18 43 2
76 64.92 2.29 40.77 110.47 19 31 2
77 34.76 63.85 21.07 427.92 4 47 1
78 85.78 75.01 22.71 148.76 9 14 2
79 22.12 78.88 12.77 77.50 24 30 2
80 72.24 52.20 26.47 271.63 1 5 2
81 79.48 6.21 27.49 357.64 10 32 2
82 20.79 35.48 36.95 457.34 0 19 2
83 40.21 78.66 47.33 412.17 6 35 2
84 58.79 82.44 25.55 308.86 20 43 2
85 89.06 28.41 18.18 454.60 19 37 1
86 14.87 90.64 7.64 110.63 4 16 1
87 12.47 45.89 27.67 66.02 3 8 2
88 28.14 56.86 42.65 378.36 21 41 1
89 27.70 99.37 33.66 86.74 19 33 1
90 75.46 75.58 14.94 318.39 4 4 1
91 81.23 20.93 1.54 190.84 14 40 1
92 75.01 78.72 33.85 111.18 14 24 2
93 7.97 90.69 44.80 123.75 15 42 1
94 60.79 46.75 1.05 342.54 12 34 1
95 86.16 89.39 46.87 311.07 21 24 1
96 15.99 50.21 47.56 498.47 24 38 1
97 49.50 95.94 34.89 118.54 13 27 2
98 53.09 37.50 47.38 430.40 18 46 1
99 90.57 91.18 37.50 102.72 0 12 1
100 49.79 57.74 13.00 129.50 10 39 1
101 55.31 99.55 25.86 475.69 19 35 2
102 22.45 78.84 33.64 499.79 16 27 2
103 27.88 71.66 3.36 391.50 19 22 1
104 33.86 67.81 14.63 411.09 20 48 1
105 58.00 30.31 43.84 485.28 10 16 1
106 23.90 57.00 39.00 340.17 6 47 1
107 28.96 67.10 48.59 478.50 0 27 1
108 84.55 42.92 37.38 428.65 21 46 1
109 41.37 71.82 42.05 116.50 21 38 2
110 12.24 67.78 26.82 221.79 4 25 2
111 69.76 18.29 37.77 497.49 3 16 2
112 96.65 14.25 42.31 497.28 14 35 2
113 81.18 99.30 10.96 121.06 16 21 2
114 36.42 58.12 0.24 489.27 3 37 1
115 13.92 47.47 14.11 167.09 10 36 1
116 65.75 7.30 7.89 451.52 9 25 2
117 32.25 79.66 32.86 173.01 0 8 2
118 39.21 40.10 3.19 304.64 20 42 2
119 98.78 6.25 49.12 334.14 4 17 1
120 47.36 5.60 34.53 303.32 15 43 2
121 89.91 56.38 22.84 226.90 8 24 1
122 98.94 92.57 43.40 134.89 13 22 1
123 27.84 9.35 14.30 166.89 18 21 1
124 21.88 38.83 15.68 333.18 3 41 2
125 88.11 16.26 34.13 225.55 5 19 2
126 61.46 21.21 47.42 463.92 4 45 1
127 40.88 47.57 35.99 175.69 18 32 2
128 46.15 90.20 42.69 106.34 6 47 1
129 77.91 70.99 14.52 197.44 24 34 2
130 65.47 57.92 9.04 252.55 5 17 1
131 25.97 34.53 29.93 238.36 10 13 1
132 46.71 83.76 23.73 349.01 24 29 1
133 5.77 72.21 33.70 350.40 11 31 1
134 54.99 38.68 16.49 291.63 22 42 2
135 24.32 79.42 31.52 170.17 16 44 2
136 32.14 23.14 45.21 350.45 13 27 2
137 0.73 28.05 36.70 348.79 18 31 1
138 75.48 19.09 7.47 54.97 13 34 2
139 84.52 95.65 41.26 301.57 19 36 2
140 24.09 93.17 12.62 407.62 14 39 1
141 39.90 94.25 40.61 395.42 22 31 1
142 9.84 64.29 10.05 131.86 13 20 2
143 74.90 84.46 47.35 492.27 0 16 2
144 63.29 57.19 8.79 472.21 11 14 1
145 19.73 52.35 29.55 171.90 9 16 1
146 73.55 92.75 16.33 289.61 11 46 2
147 72.00 85.88 29.60 338.94 24 41 1
148 5.01 42.43 37.35 457.42 14 27 1
149 6.98 90.43 44.70 283.15 9 27 2
150 49.79 11.74 34.68 477.63 1 8 1
151 55.36 4.31 42.70 417.12 0 25 1
152 29.42 6.11 28.13 92.98 3 9 1
153 24.93 41.43 34.98 294.32 17 37 1
154 61.89 92.09 8.29 130.03 12 19 2
155 60.57 21.07 45.90 490.27 0 34 2
156 38.94 39.20 43.81 230.14 2 13 1
157 18.97 10.71 14.45 319.54 3 19 1
158 91.35 84.97 11.67 280.35 13 22 1
159 5.39 66.25 28.85 157.25 0 31 2
160 79.24 57.33 28.11 451.30 3 8 1
161 58.78 57.55 44.61 404.59 21 28 2
162 63.07 7.95 35.24 163.28 16 17 2
163 72.66 29.41 36.77 464.71 0 27 2
164 44.06 9.78 26.98 466.80 10 25 1
165 80.11 32.84 33.30 348.56 23 33 2
166 51.20 39.48 34.71 472.24 21 38 2
167 59.49 56.73 20.08 487.95 1 44 1
168 45.06 44.72 18.07 163.64 24 41 2
169 97.00 37.93 15.34 66.25 1 32 1
170 69.32 68.68 4.86 470.33 23 28 1
171 4.26 89.76 9.26 390.52 16 28 1
172 3.59 55.49 12.23 498.31 21 32 1
173 90.86 63.38 36.24 260.56 18 25 2
174 43.45 55.30 49.17 471.58 10 42 2
175 72.07 82.08 22.40 84.16 3 3 2
176 15.08 33.98 25.93 236.47 23 38 2
177 61.55 40.17 43.94 403.01 18 43 1
178 67.71 32.24 9.94 245.10 7 15 1
179 97.63 76.52 47.77 439.07 15 36 2
180 74.12 76.62 34.43 336.48 7 34 1
181 26.56 2.39 12.78 203.65 5 24 1
182 98.41 72.45 7.09 435.06 9 36 1
183 30.78 42.95 0.84 313.55 21 30 1
184 12.97 9.07 34.58 139.28 23 30 1
185 83.90 38.74 18.61 251.45 4 22 1
186 87.98 57.91 30.94 281.18 11 45 1
187 72.64 87.84 42.95 319.01 1 8 2
188 30.91 72.01 16.07 368.70 23 36 1
189 51.68 11.74 49.54 155.57 11 27 2
190 43.64 66.71 13.00 464.59 9 17 1
191 24.87 71.00 30.52 456.21 2 37 2
192 73.35 75.73 31.85 67.97 13 16 2
193 98.52 84.40 2.24 384.72 9 40 1
194 90.74 93.61 15.98 135.74 0 26 2
195 37.23 83.76 48.94 121.76 21 38 2
196 57.45 3.95 35.30 58.44 21 39 1
197 42.91 50.77 8.90 150.58 1 25 1
198 52.89 74.43 20.15 240.22 19 40 1
199 18.48 67.62 11.59 108.09 4 11 1
200 53.70 52.40 4.28 195.38 17 33 1
1 119.89 3234.86 1
2 194.57 3055.39 2
3 199.44 2891.19 1
1 1.84 40.22 1
2 1.35 29.50 1
3 1.17 39.28 2
4 1.34 36.61 2
5 1.57 32.84 3
6 1.29 40.50 3
7 1.19 39.24 3
8 1.84 40.00 1
9 1.02 38.11 3
