Data for Vehicle routing problem with drones - Author: Huyen Do Thi Ngoc
Number of depots: 3
Number of cities: 500
Number of trucks: 5
Number of drones: 14
Area: 100 100 50
Customer maximum demand: 500
Max capacity of truck: 200
Max energy of truck: 5000
Max capacity of drone: 2
Max energy of drone: 50
1 17.71 97.87 32.61
2 96.70 49.79 20.50
3 63.93 47.47 28.92
1 32.60 5.46 7.61 410.90 4 25 1
2 90.69 53.89 49.89 353.91 11 33 2
3 67.88 37.87 2.54 65.73 13 40 3
4 92.13 20.04 18.59 89.24 15 18 1
5 76.25 7.47 40.01 277.06 22 32 1
6 6.02 90.28 22.52 244.85 5 38 2
7 62.05 2.01 30.31 487.76 19 38 1
8 52.46 0.24 2.32 215.36 17 38 3
9 94.94 29.03 26.78 73.41 22 33 1
10 21.05 5.87 46.81 443.34 6 23 2
11 63.78 28.09 7.82 154.81 19 39 2
12 82.72 66.43 16.58 60.80 15 42 3
13 53.17 58.84 26.23 223.79 23 34 2
14 54.88 30.72 48.51 456.68 10 14 3
15 69.27 53.56 24.78 56.20 22 42 2
16 71.02 75.78 10.60 378.10 8 29 2
17 19.12 9.22 26.91 488.20 6 26 1
18 2.79 83.45 13.56 493.55 15 29 2
19 31.49 55.77 32.87 496.10 6 48 3
20 78.14 18.76 24.66 462.24 11 17 2
21 5.15 46.74 25.83 449.92 19 34 2
22 29.97 8.26 0.45 402.39 6 17 3
23 33.33 44.91 38.12 498.68 4 36 2
24 59.05 63.53 46.09 254.68 2 41 1
25 45.62 18.42 14.80 276.28 7 17 2
26 17.23 60.19 15.24 125.21 10 13 3
27 47.16 97.16 47.37 210.03 1 44 1
28 90.00 85.65 32.82 419.90 13 42 1
29 66.49 0.69 27.43 251.98 23 28 1
30 46.54 39.39 31.53 168.70 22 34 2
31 55.31 20.76 42.29 94.23 4 11 3
32 57.61 81.12 46.77 339.51 22 46 2
33 16.75 59.03 4.04 408.24 24 31 2
34 89.61 62.22 40.45 385.11 17 35 2
35 29.84 74.11 8.11 356.35 6 45 2
36 75.77 2.42 24.70 467.03 3 18 3
37 73.44 99.59 44.00 106.21 4 32 3
38 4.03 35.56 20.01 193.43 17 48 2
39 24.92 72.50 44.79 339.70 11 14 1
40 70.63 3.51 4.12 336.22 20 38 2
41 57.66 34.34 31.91 216.72 5 5 2
42 61.67 49.53 22.67 266.66 11 20 3
43 38.39 16.66 37.48 325.38 9 28 2
44 42.88 77.20 33.12 356.88 18 33 1
45 41.16 96.99 23.31 412.56 10 48 3
46 92.61 94.37 36.10 135.68 21 44 3
47 26.04 97.02 48.83 465.41 19 21 1
48 13.25 84.25 49.75 179.20 12 32 1
49 91.41 47.06 44.06 468.81 11 33 2
50 29.33 75.35 10.13 349.84 6 28 2
51 41.01 79.02 40.63 467.17 21 23 2
52 73.30 21.20 46.75 320.78 13 30 2
53 64.27 42.44 46.96 428.48 4 48 2
54 1.42 54.47 27.85 458.09 6 8 2
55 54.67 89.63 15.03 65.28 23 36 3
56 11.94 19.45 20.37 106.71 15 25 3
57 43.07 13.33 49.81 131.01 22 40 1
58 61.97 99.58 29.72 238.99 14 19 3
59 13.53 74.60 11.56 352.22 14 32 1
60 15.78 86.14 4.96 356.26 14 28 2
61 76.92 86.41 4.40 423.02 24 29 3
62 56.72 52.06 0.91 215.42 17 28 1
63 68.08 28.84 0.34 65.89 3 22 1
64 86.55 68.41 17.34 346.69 4 10 1
65 25.14 0.88 7.79 62.26 4 25 3
66 38.07 76.77 16.19 122.52 0 47 3
67 62.27 57.76 46.57 227.72 2 37 3
68 45.25 9.22 15.88 198.78 24 46 2
69 20.38 58.48 48.16 113.56 20 47 3
70 16.00 63.61 25.10 295.10 1 27 1
71 61.48 52.38 13.09 106.33 4 16 1
72 7.68 35.35 1.39 412.47 20 35 1
73 20.81 82.64 6.03 316.37 11 47 3
74 47.97 68.32 1.88 443.60 23 40 2
75 27.17 87.27 10.29 306.57 15 38 2
76 36.08 55.82 23.19 186.09 2 41 3
77 98.20 37.39 4.83 308.12 17 30 2
78 84.59 19.54 11.25 172.67 22 28 1
79 94.30 31.73 16.53 201.51 2 10 3
80 49.69 62.62 26.16 341.10 19 20 3
81 50.22 41.55 16.91 247.96 10 11 2
82 61.71 5.97 31.00 332.47 3 15 3
83 47.52 28.61 38.14 444.73 3 27 1
84 72.06 24.25 17.31 279.09 11 48 2
85 74.44 33.42 16.70 212.54 14 36 2
86 81.36 6.59 30.53 435.19 7 31 1
87 14.66 5.38 18.24 440.79 3 15 1
88 38.19 69.48 20.02 99.36 15 26 1
89 6.01 83.48 2.59 137.12 15 31 3
90 53.88 84.52 24.65 84.49 24 25 3
91 78.45 8.42 45.27 205.80 18 47 3
92 61.11 18.27 20.58 240.93 1 11 3
93 81.40 14.92 40.21 436.36 0 48 2
94 74.54 67.79 20.85 429.37 23 48 2
95 32.18 62.13 17.23 187.14 8 26 3
96 6.31 53.67 6.05 288.26 11 32 2
97 66.16 82.57 45.84 289.60 19 39 1
98 73.61 49.57 26.26 348.85 17 39 2
99 86.18 66.74 48.60 341.81 8 28 1
100 99.06 43.97 24.82 384.20 1 27 3
101 31.74 86.88 33.97 109.24 11 42 3
102 97.31 31.48 5.87 340.56 19 44 2
103 59.78 37.38 34.63 412.39 0 40 2
104 25.40 44.49 10.80 194.37 7 34 1
105 74.13 36.56 18.82 265.84 7 42 1
106 93.06 23.29 31.35 141.69 11 46 2
107 91.39 10.65 3.86 248.31 0 39 3
108 72.22 54.68 39.67 367.57 19 22 1
109 48.45 59.32 26.57 464.44 8 24 3
110 65.58 74.90 5.20 460.25 17 47 1
111 23.41 96.46 41.59 462.42 10 17 1
112 66.32 77.95 26.56 129.11 22 27 2
113 50.28 75.78 24.42 283.00 14 27 1
114 99.29 79.77 20.86 242.14 18 29 3
115 13.44 51.99 37.32 487.06 14 30 1
116 93.18 27.39 36.65 401.67 16 41 2
117 83.64 57.42 2.95 369.93 24 35 2
118 73.65 54.84 17.39 297.16 5 43 3
119 48.40 91.90 17.80 374.46 23 39 3
120 7.42 72.95 13.13 315.03 16 17 2
121 0.98 9.53 7.56 210.13 15 25 1
122 95.68 20.94 30.70 469.58 12 28 1
123 41.46 49.79 13.38 389.65 9 41 3
124 70.08 70.28 35.93 301.52 10 16 1
125 25.13 50.89 18.59 120.96 1 40 1
126 3.16 89.48 39.32 329.73 3 46 2
127 59.17 53.38 25.96 187.44 11 20 1
128 73.11 1.62 46.07 382.79 17 29 2
129 6.84 32.97 19.08 317.62 4 27 1
130 43.30 59.02 26.83 349.47 22 37 1
131 59.47 97.16 20.36 193.59 5 19 1
132 78.30 98.57 28.32 238.38 4 17 1
133 95.05 45.80 37.12 421.56 21 41 2
134 60.03 20.91 40.31 448.06 21 40 1
135 40.01 95.07 41.80 191.17 19 45 3
136 82.22 50.30 29.43 63.33 24 48 3
137 99.26 81.45 7.89 344.74 15 43 1
138 14.71 72.11 20.76 305.96 17 20 1
139 75.53 24.00 9.78 235.13 20 28 1
140 28.27 99.06 32.22 121.47 10 31 1
141 78.39 97.71 20.06 363.70 12 26 1
142 78.55 75.63 30.85 313.14 22 29 1
143 38.13 67.84 18.56 311.33 17 17 2
144 9.44 37.28 47.16 468.52 0 12 3
145 14.10 2.01 7.06 229.23 10 48 1
146 81.15 20.75 39.87 490.12 0 2 2
147 30.62 99.83 9.06 132.17 21 45 3
148 81.35 38.35 4.71 494.44 24 28 3
149 29.00 86.52 17.86 365.65 23 23 1
150 16.98 75.37 2.91 219.34 6 48 2
151 36.25 80.16 37.63 113.60 20 38 3
152 27.65 98.71 47.64 98.89 3 10 2
153 19.69 35.65 24.38 476.86 2 25 1
154 44.09 40.20 28.62 308.84 13 15 3
155 55.35 18.52 22.94 303.30 15 34 3
156 24.06 24.83 21.85 440.62 2 5 2
157 85.59 20.90 5.22 145.98 8 31 3
158 64.29 21.68 49.29 260.63 16 41 1
159 85.97 10.22 12.07 244.91 20 47 1
160 42.29 89.66 14.28 145.97 20 32 1
161 5.80 22.29 19.79 126.61 3 28 3
162 31.68 74.40 33.07 447.63 3 3 2
163 14.56 32.67 29.64 452.04 14 33 1
164 19.06 46.15 23.23 309.60 5 10 3
165 29.63 45.69 32.63 232.27 20 41 3
166 91.58 45.24 37.79 261.38 20 25 1
167 65.21 62.01 12.72 385.23 0 10 2
168 61.55 77.94 10.26 193.38 7 22 2
169 15.18 46.53 3.76 76.17 9 16 2
170 90.98 11.22 38.54 372.32 0 19 2
171 71.32 40.44 41.95 223.85 17 44 2
172 95.24 8.52 40.78 186.29 14 33 2
173 86.98 45.87 27.16 445.05 18 20 1
174 77.80 11.90 19.79 248.66 9 23 1
175 36.97 59.64 17.99 145.44 20 38 3
176 77.81 10.49 11.81 67.52 10 28 2
177 46.74 94.77 1.77 128.59 10 22 2
178 55.34 64.13 35.02 393.73 8 37 3
179 7.66 26.44 20.47 390.00 9 35 1
180 59.33 77.51 47.62 103.01 6 19 2
181 25.34 67.59 23.81 451.09 12 23 1
182 70.12 53.12 26.55 313.00 15 18 3
183 35.48 54.81 18.57 307.86 18 43 2
184 89.24 30.60 25.80 279.77 4 5 2
185 2.81 22.99 37.57 405.51 1 12 1
186 31.77 41.16 47.47 223.18 13 47 2
187 16.31 39.96 28.60 377.74 17 35 1
188 27.15 82.05 49.81 292.16 24 28 2
189 36.21 59.19 37.65 77.69 5 15 1
190 52.16 8.72 44.37 398.70 18 32 3
191 6.86 68.68 49.47 64.17 6 46 2
192 24.99 29.87 40.01 203.99 4 21 3
193 78.16 99.85 7.51 470.68 6 22 2
194 60.89 0.68 41.34 489.01 9 21 3
195 42.59 68.44 28.94 132.57 24 29 1
196 86.04 39.12 20.26 203.71 14 31 2
197 0.61 94.05 20.82 281.31 6 25 1
198 40.40 65.03 40.10 123.23 19 32 3
199 84.79 45.01 5.69 316.70 21 24 1
200 42.13 14.63 29.94 306.78 17 31 3
201 38.46 35.14 37.22 202.36 11 39 3
202 2.94 40.17 2.08 457.94 17 24 3
203 13.86 59.23 40.69 289.58 7 21 1
204 62.05 25.77 40.52 196.86 15 42 2
205 34.81 95.78 49.11 468.60 2 11 3
206 53.78 51.58 27.70 227.32 16 25 1
207 16.28 34.73 34.48 126.37 16 36 1
208 38.90 1.30 1.34 255.34 15 20 1
209 56.64 58.34 41.05 244.06 13 30 2
210 94.73 83.32 45.80 92.12 20 46 1
211 13.15 24.67 48.18 327.41 1 6 3
212 79.36 47.27 25.95 271.55 22 23 1
213 90.51 14.87 21.44 449.46 23 31 1
214 37.26 30.79 40.36 152.66 19 47 1
215 65.85 3.97 39.64 123.91 9 46 3
216 73.05 76.21 28.70 422.59 21 23 2
217 11.78 82.80 3.39 378.48 21 47 2
218 48.00 30.33 25.44 335.13 9 48 3
219 65.55 58.24 11.72 219.22 1 11 1
220 31.28 21.94 48.48 225.50 13 46 1
221 91.77 11.08 2.99 195.21 24 35 2
222 87.83 56.29 10.03 442.11 20 28 3
223 72.41 97.69 1.43 372.75 8 33 1
224 57.66 18.05 1.05 391.53 5 22 1
225 71.50 13.93 19.77 52.35 2 14 3
226 32.04 12.63 35.12 255.93 2 43 3
227 31.61 41.83 21.97 200.91 5 47 2
228 77.26 51.41 6.64 58.42 23 34 2
229 99.11 64.88 24.67 388.98 22 39 2
230 81.70 75.52 2.88 310.94 9 15 3
231 32.48 39.42 11.44 172.57 20 37 3
232 47.65 54.95 21.90 70.58 10 17 1
233 10.92 38.02 15.94 248.14 13 44 2
234 38.29 56.31 43.49 136.50 11 42 3
235 59.59 75.61 39.17 102.41 17 43 3
236 25.30 17.08 27.47 272.84 15 31 2
237 6.00 91.54 29.22 496.58 19 30 3
238 45.93 2.05 37.15 84.44 23 43 3
239 86.22 27.70 46.93 353.28 12 33 2
240 20.73 70.71 27.98 489.40 20 39 2
241 15.09 26.66 37.39 265.87 19 41 1
242 57.65 98.36 30.72 470.91 19 41 2
243 27.90 98.32 49.42 142.74 3 45 2
244 16.14 79.89 25.38 406.68 8 35 1
245 33.34 59.93 11.32 287.51 16 26 3
246 27.83 58.07 29.88 439.96 12 44 3
247 98.78 78.60 13.54 96.06 9 38 3
248 39.31 25.65 30.56 416.18 12 29 2
249 49.79 73.00 48.23 446.35 2 15 2
250 45.25 41.68 45.16 312.71 21 48 3
251 83.18 74.05 10.45 137.33 24 41 2
252 86.30 67.98 17.53 230.27 16 24 1
253 62.85 24.76 23.53 480.27 19 22 3
254 12.96 86.37 23.09 411.69 3 44 3
255 97.76 99.26 23.06 271.36 19 38 2
256 61.17 74.83 0.31 498.18 12 38 1
257 80.18 32.23 19.90 258.27 10 47 3
258 79.03 81.16 11.85 277.78 3 39 1
259 89.05 76.63 28.72 257.93 16 40 3
260 88.80 95.60 37.38 462.85 8 21 2
261 6.42 68.69 34.16 240.14 7 37 3
262 81.26 79.30 21.59 414.64 7 27 1
263 91.01 97.06 17.75 365.08 20 38 1
264 76.96 27.44 47.13 443.37 17 39 1
265 73.38 84.13 28.36 262.19 14 44 1
266 18.88 70.75 16.17 498.07 15 47 1
267 41.97 83.21 38.99 276.27 3 48 3
268 78.71 86.16 12.73 296.43 7 30 2
269 55.92 0.66 42.80 212.76 19 29 1
270 85.58 82.23 23.79 473.79 18 39 1
271 3.46 41.64 16.04 427.86 13 27 2
272 78.88 67.12 42.87 454.53 6 16 3
273 41.27 69.41 47.38 197.04 21 21 3
274 67.22 40.74 26.45 158.41 0 13 1
275 90.88 77.86 4.39 409.80 21 48 1
276 71.20 85.34 37.82 429.30 17 20 1
277 97.59 16.13 2.28 285.70 1 41 2
278 90.90 55.60 44.51 69.36 10 48 1
279 99.42 93.12 34.25 403.91 21 30 1
280 45.15 38.54 20.63 453.57 23 24 2
281 38.56 84.76 20.89 359.93 24 35 2
282 69.56 66.12 20.46 252.33 0 26 2
283 93.65 39.89 49.23 297.32 24 39 2
284 15.05 27.53 13.47 344.65 10 31 3
285 1.07 38.59 30.52 59.71 0 28 3
286 25.66 60.60 19.75 357.64 7 25 1
287 19.70 19.65 41.13 263.99 21 24 2
288 62.68 4.44 1.17 452.13 8 23 1
289 11.83 67.59 15.95 247.66 12 25 3
290 93.35 38.36 45.67 326.89 23 38 3
291 70.19 32.55 49.30 189.78 7 19 3
292 25.89 84.63 19.61 352.27 2 37 2
293 87.73 94.09 9.36 252.64 24 44 2
294 78.56 52.67 28.89 121.08 6 22 3
295 55.34 29.76 1.54 290.08 12 13 2
296 0.45 96.72 16.13 374.67 14 42 1
297 72.97 13.77 49.82 310.82 18 38 2
298 45.49 14.88 28.71 322.55 9 13 2
299 63.32 75.85 40.92 404.68 2 2 2
300 70.84 42.56 39.84 320.41 1 33 1
301 54.62 58.76 37.67 347.21 0 1 1
302 26.75 86.68 9.05 260.82 21 27 2
303 45.50 47.51 10.02 251.56 8 41 3
304 5.22 27.20 33.94 388.42 0 3 3
305 21.92 60.05 45.00 53.27 8 34 1
306 75.09 97.49 19.13 492.69 19 46 3
307 86.41 31.69 30.85 430.76 17 19 1
308 32.28 2.77 39.39 462.99 17 42 2
309 58.73 32.04 16.58 272.05 0 29 2
310 0.19 53.80 31.60 121.70 10 24 3
311 9.76 10.25 27.23 468.70 11 30 3
312 56.14 57.58 35.59 280.36 18 28 1
313 59.32 13.68 28.69 67.56 3 5 3
314 95.44 34.35 42.28 454.90 22 26 2
315 65.86 71.41 25.96 267.77 21 47 1
316 46.82 52.41 36.65 453.93 10 21 3
317 8.13 62.17 2.40 101.42 4 27 2
318 48.64 14.60 1.38 169.99 13 22 2
319 15.11 36.56 41.26 345.67 4 46 2
320 6.92 55.18 3.63 339.47 14 21 2
321 95.78 28.77 15.46 380.68 7 30 1
322 26.99 82.16 20.92 296.25 12 44 2
323 12.48 59.54 38.18 461.05 21 24 1
324 0.67 26.32 16.96 279.28 9 21 3
325 22.31 32.85 30.05 203.19 17 26 3
326 70.37 12.94 37.78 330.64 1 5 1
327 48.24 98.43 28.81 154.04 19 30 3
328 58.61 49.57 15.44 148.79 22 27 3
329 62.61 53.25 26.55 498.19 23 31 2
330 68.26 46.18 42.17 438.11 16 23 1
331 61.55 63.54 2.26 305.41 19 42 2
332 18.46 43.38 33.77 412.58 17 29 3
333 86.50 17.25 22.49 495.02 9 40 2
334 37.48 36.27 31.63 282.86 17 34 3
335 93.07 79.38 45.95 161.46 22 27 2
336 19.51 50.91 30.07 131.45 1 26 1
337 57.01 38.36 46.18 64.88 14 28 3
338 17.19 34.56 20.68 331.99 21 38 3
339 40.79 88.14 16.67 74.37 2 31 1
340 73.65 16.76 22.41 183.01 13 48 3
341 5.00 26.54 25.48 487.09 20 35 3
342 47.82 32.39 39.94 218.82 14 29 2
343 24.30 71.42 10.89 190.43 6 9 2
344 43.11 22.40 5.41 384.60 0 8 2
345 71.52 84.98 25.84 347.24 15 33 2
346 53.62 61.80 24.20 384.56 20 39 3
347 23.70 37.76 28.92 441.20 4 47 3
348 6.59 93.77 16.65 353.07 14 33 3
349 7.34 53.07 38.91 402.14 4 45 1
350 16.69 22.31 31.28 199.08 0 2 2
351 24.57 50.26 37.17 237.83 21 48 3
352 26.60 55.82 16.42 318.68 5 42 2
353 70.51 24.59 6.50 265.67 20 41 1
354 10.40 80.73 10.67 344.89 22 36 1
355 38.66 45.31 10.37 274.98 17 48 3
356 0.14 2.89 28.70 183.87 22 31 1
357 39.45 86.89 26.40 122.38 11 36 3
358 1.98 11.67 33.78 397.09 18 31 2
359 83.09 33.93 26.47 468.18 5 46 1
360 55.96 61.92 49.40 153.04 19 27 2
361 77.53 91.82 36.53 230.64 7 44 2
362 81.96 54.42 19.74 465.95 8 37 2
363 51.75 43.05 17.95 55.41 5 15 1
364 40.73 85.38 16.92 420.02 5 46 3
365 28.15 32.22 20.21 308.56 2 45 3
366 45.98 83.12 36.49 274.22 11 23 3
367 40.16 94.99 11.76 114.84 7 29 3
368 87.53 53.90 29.33 335.97 18 27 2
369 98.84 66.13 44.51 178.04 13 27 3
370 44.96 53.54 28.20 64.19 24 30 1
371 71.25 53.86 5.20 361.86 12 21 1
372 20.33 7.82 48.37 378.30 9 45 3
373 27.98 83.62 22.14 366.59 20 23 1
374 82.59 36.94 25.79 132.24 7 16 2
375 91.13 48.78 24.51 411.86 23 36 3
376 21.71 67.48 44.81 346.55 4 46 1
377 55.38 26.77 25.33 145.32 18 23 1
378 78.76 26.36 8.43 382.60 8 27 2
379 88.19 60.18 17.50 412.07 8 16 3
380 43.23 1.19 7.10 302.55 22 36 2
381 44.76 98.29 26.81 187.68 13 24 2
382 88.19 48.21 19.50 415.78 3 25 3
383 68.87 14.82 14.68 481.67 10 33 2
384 86.02 26.68 20.91 260.92 17 29 1
385 55.07 62.27 12.44 243.29 18 21 2
386 67.19 27.42 37.20 248.49 13 30 3
387 81.16 80.35 42.67 85.35 20 33 3
388 8.07 24.89 9.34 393.02 23 42 3
389 16.00 5.91 1.15 423.75 22 40 1
390 88.18 11.51 6.76 282.79 14 32 1
391 7.68 82.00 42.45 251.66 10 43 2
392 69.05 40.89 2.03 391.28 18 47 3
393 61.58 37.14 10.23 440.68 15 43 3
394 68.70 10.41 43.36 383.27 16 30 2
395 59.75 36.14 18.53 138.32 6 31 1
396 34.63 75.77 46.78 495.72 18 26 3
397 16.11 3.02 44.12 101.19 11 34 2
398 29.15 27.48 41.71 338.02 10 26 1
399 4.95 70.44 1.90 58.01 14 17 1
400 6.89 36.88 38.61 53.94 1 14 2
401 65.62 61.62 14.53 304.72 10 33 3
402 44.90 35.98 23.83 389.15 21 45 3
403 31.54 10.34 48.31 428.06 15 18 1
404 89.64 27.46 27.40 396.06 11 47 3
405 55.87 88.72 38.89 469.20 23 24 2
406 92.74 85.65 27.70 89.45 21 35 2
407 67.72 19.51 9.27 328.63 9 31 2
408 94.45 18.69 39.53 82.24 20 26 2
409 40.71 93.45 8.14 414.47 16 32 1
410 60.19 88.56 48.04 425.27 11 27 3
411 68.38 5.88 37.94 396.47 9 29 1
412 44.98 5.62 20.59 442.64 24 35 3
413 77.31 91.21 3.13 488.21 13 18 1
414 17.15 7.00 19.35 277.55 11 14 3
415 11.08 37.92 43.43 92.55 20 36 2
416 66.85 47.14 38.64 335.03 3 47 3
417 30.21 58.51 2.63 419.31 21 31 1
418 5.87 35.92 44.95 401.00 12 23 2
419 84.30 98.49 15.81 442.03 23 33 2
420 75.68 9.26 42.09 344.26 17 19 1
421 49.06 18.14 37.96 155.18 11 48 2
422 97.75 28.47 22.46 238.83 11 42 1
423 5.72 79.19 32.71 179.73 18 26 3
424 64.99 64.90 11.17 339.67 0 34 1
425 27.80 95.06 14.92 60.19 17 34 1
426 11.36 31.17 48.80 433.57 20 24 1
427 69.29 29.83 26.42 349.39 12 14 2
428 87.23 67.15 38.60 233.54 15 17 3
429 51.66 43.46 29.75 72.65 22 31 1
430 44.41 5.83 33.50 491.51 23 44 2
431 84.07 80.92 29.75 436.59 12 39 1
432 7.17 58.53 27.30 163.61 21 23 1
433 96.54 48.96 25.72 209.20 24 32 1
434 33.59 18.05 5.11 280.88 6 38 3
435 53.71 79.43 16.85 171.78 7 38 2
436 53.40 68.17 29.00 479.20 8 43 2
437 34.06 56.26 17.86 180.70 17 41 3
438 66.87 3.95 0.21 380.57 12 13 1
439 90.02 27.01 38.57 209.53 2 3 2
440 14.32 22.38 1.10 320.35 21 37 2
441 86.48 65.65 19.03 241.61 24 26 3
442 66.62 99.67 31.22 198.27 8 19 3
443 3.22 46.34 3.99 447.53 20 45 3
444 26.47 25.02 13.82 494.84 11 23 3
445 46.32 79.56 38.24 143.02 20 31 1
446 11.72 31.03 22.68 393.86 11 44 3
447 31.21 84.49 41.60 301.28 18 40 3
448 44.42 3.65 19.49 183.87 10 26 3
449 58.91 83.14 31.84 295.62 2 34 1
450 31.04 53.35 10.05 281.54 19 33 2
451 4.64 16.28 14.52 305.38 0 2 1
452 78.04 61.92 34.27 258.41 21 44 1
453 93.10 23.21 13.68 170.55 20 41 2
454 87.25 13.61 44.43 68.79 3 9 1
455 37.66 57.01 4.64 349.66 17 18 3
456 26.54 45.98 3.58 167.70 10 38 3
457 20.39 13.59 28.20 470.46 21 32 2
458 25.73 43.51 10.55 105.89 9 36 2
459 91.62 66.71 8.83 295.23 16 30 1
460 37.92 88.82 0.99 291.38 0 15 1
461 35.29 37.20 11.57 156.78 15 41 3
462 17.84 87.58 40.32 268.21 8 22 1
463 38.26 44.10 41.69 420.44 10 47 3
464 1.30 79.23 32.93 101.05 8 17 1
465 6.44 72.13 7.44 147.51 3 21 2
466 43.74 94.79 48.45 457.78 20 45 2
467 86.03 7.00 9.97 375.36 2 2 2
468 37.46 10.12 22.68 206.62 4 7 3
469 52.00 15.30 44.70 469.19 12 26 3
470 85.77 24.75 41.82 260.45 7 42 1
471 55.48 46.00 34.06 439.34 3 26 1
472 20.18 49.56 12.27 241.81 23 29 3
473 91.02 97.07 29.37 459.87 17 44 3
474 35.85 10.22 39.51 172.78 2 12 2
475 68.24 18.67 29.22 82.49 19 24 1
476 74.67 67.00 6.02 92.02 16 39 3
477 65.31 1.15 5.03 331.57 4 27 3
478 65.21 81.24 22.94 176.35 24 28 3
479 97.35 83.61 13.71 57.00 0 1 2
480 50.16 52.38 11.75 299.98 1 18 3
481 8.51 11.98 36.38 279.87 19 45 2
482 74.69 22.82 32.20 131.32 6 38 3
483 7.88 48.23 15.30 360.59 7 9 3
484 11.96 86.12 10.57 97.78 19 28 3
485 58.45 31.28 2.08 142.25 13 25 1
486 32.12 27.01 5.05 449.40 23 28 1
487 82.47 20.86 36.97 188.85 11 35 3
488 67.91 28.45 39.90 462.64 24 45 3
489 16.48 51.00 26.31 483.31 13 48 1
490 9.20 98.78 11.28 278.01 17 18 3
491 68.23 57.19 13.16 85.76 8 13 2
492 65.42 50.05 36.96 55.08 1 1 2
493 65.71 6.70 46.97 266.80 7 24 1
494 44.67 98.66 16.14 62.24 1 2 3
495 84.87 54.99 14.37 214.31 23 37 3
496 83.72 1.27 37.76 459.68 7 25 3
497 44.25 25.71 48.83 156.71 23 26 2
498 48.14 88.31 18.76 447.56 22 41 2
499 71.66 74.82 8.56 74.01 2 2 3
500 18.27 77.63 34.67 305.79 4 42 1
1 157.24 4970.85 1
2 159.47 2616.63 2
3 139.50 3406.12 3
4 197.13 4411.89 1
5 115.63 2984.54 1
1 1.13 45.54 3
2 1.86 26.53 2
3 1.03 37.49 4
4 1.91 48.27 3
5 1.43 37.26 4
6 1.35 30.22 1
7 1.58 38.11 1
8 1.78 49.77 3
9 1.54 39.33 2
10 1.02 46.88 5
11 1.81 38.17 3
12 1.94 45.96 1
13 1.56 31.70 1
14 1.72 38.35 2
