Data for Vehicle routing problem with drones - Author: Huyen Do Thi Ngoc
Number of depots: 1
Number of cities: 100
Number of trucks: 4
Number of drones: 13
Area: 100 100 50
Customer maximum demand: 500
Max capacity of truck: 200
Max energy of truck: 5000
Max capacity of drone: 2
Max energy of drone: 50
1 39.17 23.05 9.92
1 19.26 57.47 30.09 472.20 7 25 1
2 99.70 80.75 36.94 406.35 16 31 1
3 47.28 88.83 12.98 303.86 20 44 1
4 79.57 92.46 9.97 87.17 2 33 1
5 5.04 82.07 2.92 483.74 11 18 1
6 50.39 37.14 28.01 208.16 13 42 1
7 32.62 73.32 14.72 419.04 22 26 1
8 68.81 50.97 36.04 74.19 3 45 1
9 32.32 61.14 12.80 357.81 0 36 1
10 42.22 14.44 19.06 359.77 3 20 1
11 83.66 11.93 34.95 200.16 6 25 1
12 5.18 64.29 15.82 292.29 20 22 1
13 97.09 50.57 13.43 297.05 21 31 1
14 96.99 34.56 7.30 130.25 16 19 1
15 49.10 30.93 7.52 476.49 21 32 1
16 77.01 99.21 8.45 102.06 11 22 1
17 18.54 79.69 36.14 170.92 4 41 1
18 50.52 50.90 45.43 111.23 3 28 1
19 67.66 69.63 13.44 318.05 10 24 1
20 78.19 76.50 34.25 493.56 18 45 1
21 74.71 52.74 12.88 72.18 1 25 1
22 82.11 14.11 7.46 94.23 5 45 1
23 86.81 25.00 40.36 329.04 17 22 1
24 56.65 82.15 36.83 70.25 9 15 1
25 50.28 64.53 36.41 112.91 24 42 1
26 67.51 43.47 31.42 191.91 23 35 1
27 57.63 47.38 2.86 441.23 7 20 1
28 51.57 29.48 29.03 143.18 11 38 1
29 98.50 48.15 28.70 195.38 23 33 1
30 32.56 5.39 12.14 283.43 16 32 1
31 67.67 84.88 10.74 314.69 12 24 1
32 22.85 75.03 28.25 123.00 14 26 1
33 98.32 90.24 2.53 163.16 5 29 1
34 45.38 3.84 34.88 265.85 5 39 1
35 38.45 29.13 19.30 477.30 4 28 1
36 24.10 36.29 38.66 279.43 6 17 1
37 87.16 31.35 31.09 311.10 18 24 1
38 88.15 22.87 6.24 226.86 12 12 1
39 1.84 58.27 7.75 288.76 2 6 1
40 88.26 92.63 38.30 287.47 13 46 1
41 59.08 41.22 25.63 195.39 6 30 1
42 4.42 55.84 12.16 238.63 9 36 1
43 39.65 23.04 43.55 348.41 21 31 1
44 17.53 79.70 35.70 435.64 24 35 1
45 61.70 7.25 17.95 393.69 4 7 1
46 38.76 1.75 13.37 375.15 3 37 1
47 82.35 9.88 40.79 393.19 19 19 1
48 86.57 55.16 5.05 263.57 24 41 1
49 65.98 0.40 46.62 357.18 13 32 1
50 31.92 11.25 6.49 85.86 22 33 1
51 30.85 29.57 33.80 115.05 23 32 1
52 76.06 58.24 16.43 295.17 2 8 1
53 91.05 95.27 3.41 111.30 0 8 1
54 3.55 31.97 14.86 175.79 24 32 1
55 37.37 83.63 21.08 101.08 7 22 1
56 11.23 84.49 33.17 292.97 16 17 1
57 80.16 38.21 35.81 437.46 10 15 1
58 48.23 45.54 42.57 206.24 14 14 1
59 63.10 12.91 9.93 166.34 7 34 1
60 56.21 62.56 32.83 58.52 14 14 1
61 35.17 25.29 11.21 318.97 6 35 1
62 59.07 52.48 37.93 118.93 1 23 1
63 95.70 47.53 15.20 90.21 10 45 1
64 4.94 93.72 26.74 319.56 6 38 1
65 18.64 72.41 25.46 59.73 23 36 1
66 30.25 58.41 1.57 128.27 22 32 1
67 27.41 97.78 16.23 354.60 8 13 1
68 11.31 36.29 48.61 305.49 7 45 1
69 9.67 39.50 36.45 365.49 0 18 1
70 71.56 59.99 31.14 155.65 13 23 1
71 69.02 26.94 21.13 424.87 14 44 1
72 31.20 97.90 6.03 176.21 16 25 1
73 26.41 70.25 41.64 394.91 6 45 1
74 73.29 66.13 4.59 366.95 16 29 1
75 72.32 1.31 48.14 79.11 24 38 1
76 15.16 58.87 19.69 468.32 18 24 1
77 72.56 77.25 43.40 306.39 23 23 1
78 48.34 68.48 10.57 458.64 21 26 1
79 87.50 18.81 25.14 366.94 0 28 1
80 38.57 46.45 36.59 458.10 11 14 1
81 46.55 33.14 14.74 373.35 5 13 1
82 12.84 63.60 38.74 130.15 24 30 1
83 84.85 49.60 20.59 180.33 5 31 1
84 29.64 66.56 21.77 356.82 12 33 1
85 47.81 66.99 44.51 124.43 16 43 1
86 33.41 91.31 44.12 156.00 17 39 1
87 80.80 56.57 30.87 293.51 0 28 1
88 13.46 34.68 0.42 155.98 6 21 1
89 18.87 15.75 18.92 437.87 10 25 1
90 39.79 70.69 10.95 254.57 11 22 1
91 96.73 27.76 48.79 96.86 8 45 1
92 95.15 37.58 2.09 364.37 19 28 1
93 74.29 29.46 11.65 488.75 14 15 1
94 62.58 0.83 1.54 411.21 24 27 1
95 89.24 99.04 29.80 54.87 3 16 1
96 78.11 65.55 8.85 413.85 0 11 1
97 7.54 49.25 45.21 454.14 1 32 1
98 93.62 96.66 5.65 158.52 19 19 1
99 13.81 79.74 5.58 198.34 14 31 1
100 81.83 0.88 15.15 68.12 8 16 1
1 178.08 3487.71 1
2 143.10 3564.57 1
3 151.89 2718.23 1
4 132.81 3243.93 1
1 1.17 34.02 2
2 1.11 43.04 4
3 1.02 26.23 4
4 1.84 46.44 4
5 1.49 26.42 1
6 1.73 40.14 3
7 1.03 29.42 1
8 1.35 30.93 3
9 1.45 49.17 2
10 1.33 34.64 4
11 1.08 47.12 2
12 1.59 37.34 2
13 1.66 47.68 4
