Data for Vehicle routing problem with drones - Author: Huyen Do Thi Ngoc
Number of depots: 4
Number of cities: 400
Number of trucks: 7
Number of drones: 11
Area: 100 100 50
Customer maximum demand: 500
Max capacity of truck: 200
Max energy of truck: 5000
Max capacity of drone: 2
Max energy of drone: 50
1 69.81 87.25 45.92
2 69.19 11.88 48.01
3 74.74 24.62 16.07
4 32.46 70.86 24.11
1 97.52 78.42 33.78 117.57 17 22 1
2 29.85 37.01 4.47 433.17 6 22 2
3 8.70 78.74 21.35 162.56 13 33 3
4 34.89 75.13 17.75 344.05 5 29 4
5 24.25 91.23 16.64 164.05 21 27 1
6 73.35 78.82 3.94 63.24 4 36 4
7 92.74 52.55 8.39 429.00 17 28 1
8 68.85 43.17 6.94 388.99 5 38 1
9 56.93 70.76 40.50 464.25 1 9 2
10 76.21 49.21 37.56 347.66 23 40 3
11 68.87 95.54 44.54 311.06 12 48 1
12 73.47 31.66 37.17 142.02 11 40 4
13 5.90 63.39 40.62 487.36 20 31 2
14 49.73 95.36 43.36 358.46 22 27 2
15 64.37 2.86 31.45 391.06 17 24 2
16 10.16 60.17 45.33 211.49 4 39 1
17 20.70 65.19 32.72 276.00 3 30 3
18 1.03 43.66 27.84 313.60 22 40 2
19 67.19 53.94 17.72 433.25 20 42 4
20 2.67 14.81 48.23 278.52 22 41 2
21 11.90 59.49 1.69 266.52 13 37 1
22 75.72 88.39 12.26 214.43 1 42 4
23 77.99 54.52 40.67 369.98 9 25 1
24 50.99 14.60 39.95 74.53 23 25 4
25 10.33 31.05 13.15 82.38 10 39 2
26 26.89 33.13 45.24 226.62 19 42 3
27 68.42 31.88 21.72 242.95 22 46 1
28 22.18 81.93 8.27 71.20 17 17 4
29 73.00 12.15 24.50 326.75 9 40 3
30 45.50 61.54 0.76 150.98 4 37 3
31 79.32 63.30 44.84 475.47 24 31 2
32 29.19 61.96 6.99 457.02 4 30 3
33 59.98 38.24 45.86 209.79 19 24 3
34 20.90 75.11 27.39 312.95 20 27 1
35 99.22 18.05 37.29 480.15 23 24 3
36 9.96 45.11 4.91 377.21 8 14 1
37 33.16 37.90 17.07 268.93 5 33 2
38 4.28 12.98 12.53 158.90 22 37 1
39 87.87 31.98 17.90 287.16 4 46 4
40 94.65 41.99 8.18 377.46 4 45 1
41 68.27 97.19 9.01 284.07 8 15 1
42 48.62 78.70 6.94 311.56 5 7 3
43 6.45 1.50 41.52 166.41 21 27 1
44 68.52 11.29 11.28 203.75 21 26 3
45 71.48 58.08 20.10 148.34 2 27 2
46 41.94 75.53 43.88 273.81 4 38 2
47 79.26 29.36 36.95 144.08 8 47 3
48 87.91 97.25 44.78 423.79 7 44 4
49 81.56 26.63 13.85 355.96 18 48 2
50 12.30 75.07 16.11 197.42 10 20 4
51 91.61 82.57 39.98 378.93 13 39 2
52 5.75 81.65 3.46 463.89 6 8 4
53 71.91 81.56 33.44 80.38 13 37 2
54 23.62 36.41 20.50 279.36 13 14 3
55 53.97 10.61 43.69 148.57 7 32 4
56 46.21 93.79 13.37 376.24 2 6 3
57 63.55 83.03 41.48 180.26 0 16 2
58 43.62 66.56 36.45 53.33 6 25 1
59 73.61 33.33 15.55 329.18 12 39 3
60 23.49 30.28 33.99 355.20 9 47 4
61 31.64 89.45 11.47 474.01 16 34 3
62 23.11 59.61 6.17 353.79 8 19 2
63 37.22 74.05 15.02 472.27 13 46 1
64 77.33 9.59 47.87 258.49 3 39 4
65 41.20 19.59 2.72 263.58 5 7 2
66 99.05 87.45 24.83 94.63 6 14 3
67 17.44 7.00 23.37 291.61 10 42 3
68 10.84 27.09 34.66 281.94 5 6 2
69 55.29 7.52 38.18 419.75 5 22 4
70 27.63 42.25 49.65 74.03 16 24 1
71 77.07 10.50 10.97 246.89 4 24 4
72 85.07 25.74 43.55 202.19 20 20 1
73 70.49 51.23 23.18 401.60 10 20 2
74 93.93 54.30 23.68 133.60 11 35 4
75 47.26 50.61 26.57 132.56 21 48 1
76 87.88 94.14 27.02 171.77 5 16 3
77 36.58 51.76 18.40 429.59 18 31 4
78 67.26 35.37 23.32 361.93 23 38 1
79 2.54 73.34 47.78 441.01 23 43 4
80 85.66 67.78 4.30 112.97 18 40 2
81 4.42 52.71 37.51 257.79 8 22 3
82 15.35 37.80 4.45 412.59 2 38 4
83 64.73 87.97 42.50 346.34 6 22 2
84 0.28 13.87 20.40 390.77 5 12 4
85 45.85 87.53 15.93 403.37 7 11 2
86 8.85 22.57 32.52 221.42 18 24 1
87 50.62 25.58 1.13 172.28 11 31 3
88 65.95 61.10 3.35 137.29 4 32 2
89 52.57 13.41 15.30 369.33 6 9 1
90 62.91 54.76 34.19 81.63 15 21 2
91 93.47 63.64 4.17 66.11 20 26 2
92 9.48 25.49 35.12 243.60 11 43 2
93 3.06 25.52 23.96 191.97 18 18 3
94 62.42 12.96 17.21 235.82 23 39 2
95 13.33 1.98 41.19 185.19 12 21 1
96 63.47 77.73 12.95 403.67 15 20 3
97 36.59 12.65 2.55 371.84 12 36 2
98 75.65 90.10 12.33 249.83 15 22 2
99 86.80 9.35 31.63 109.00 5 5 4
100 81.49 79.02 38.44 240.99 12 14 3
101 83.08 6.58 26.04 58.33 5 24 3
102 86.95 73.83 15.48 189.52 7 35 4
103 57.43 75.89 42.88 403.36 7 13 2
104 95.34 15.85 21.66 110.44 9 23 3
105 31.95 91.98 31.19 239.08 16 42 2
106 88.89 19.54 17.87 480.14 22 31 1
107 57.63 3.99 6.87 467.84 5 10 4
108 64.90 0.09 12.82 209.30 15 47 2
109 54.07 93.96 24.27 77.51 5 6 4
110 29.90 84.45 3.08 476.29 17 19 1
111 65.47 1.99 13.09 325.47 14 40 2
112 1.05 98.98 45.06 280.25 0 19 1
113 94.23 91.83 32.47 346.24 13 25 3
114 20.08 14.62 20.07 68.29 22 31 1
115 40.45 58.93 44.64 442.46 16 19 2
116 68.91 57.74 28.39 175.70 6 18 4
117 11.87 65.16 48.22 227.33 6 29 4
118 32.34 35.03 13.35 87.27 9 41 2
119 87.50 83.65 27.91 243.22 20 44 4
120 97.11 31.11 19.55 274.14 8 22 4
121 54.67 90.76 0.88 354.92 5 48 4
122 26.02 42.09 34.49 327.74 22 28 3
123 87.38 18.81 22.81 213.95 3 20 1
124 39.46 49.73 11.84 134.96 21 23 2
125 84.15 46.34 27.54 268.79 12 36 1
126 9.99 17.80 22.11 242.07 15 27 4
127 79.01 78.87 5.75 382.32 20 29 2
128 38.22 65.33 26.01 231.76 5 26 2
129 71.72 63.09 16.87 235.42 8 19 4
130 1.66 94.67 3.55 456.14 19 32 4
131 58.22 57.22 1.55 216.55 13 33 2
132 94.47 90.54 20.11 406.97 1 4 4
133 12.74 46.34 49.70 174.74 1 25 4
134 9.05 51.54 1.20 334.77 21 32 4
135 44.03 51.02 33.28 345.01 23 41 1
136 45.25 62.02 1.11 381.31 3 45 3
137 52.40 56.41 31.85 215.71 14 34 2
138 63.23 64.07 36.62 103.67 19 46 1
139 4.28 30.52 45.60 475.77 23 44 3
140 90.77 49.50 39.44 418.03 13 28 1
141 78.75 25.38 3.66 189.43 9 47 4
142 18.71 25.92 48.08 342.37 9 38 4
143 81.67 33.77 36.31 234.86 2 38 4
144 50.24 93.03 10.90 433.74 4 21 1
145 85.69 44.18 33.79 485.46 24 36 4
146 48.71 87.82 9.81 171.97 0 11 2
147 69.11 5.89 0.36 266.65 10 29 3
148 76.10 98.04 41.68 122.12 17 45 4
149 78.15 90.88 18.13 62.64 18 30 1
150 55.50 61.85 48.70 162.99 2 42 2
151 78.17 48.91 29.54 95.72 2 45 2
152 8.67 73.07 32.47 393.75 18 43 2
153 31.20 44.36 7.80 474.47 2 11 4
154 85.06 22.43 9.58 407.79 10 38 3
155 90.27 96.79 36.44 246.50 4 35 3
156 5.10 7.26 20.52 185.74 20 24 2
157 55.54 65.47 19.65 77.50 19 36 2
158 82.52 51.67 48.84 399.82 18 18 4
159 92.55 90.55 27.91 346.31 10 19 2
160 85.77 58.42 17.25 233.17 5 21 2
161 5.75 29.28 14.94 473.61 4 40 4
162 10.87 99.74 8.01 208.71 6 40 4
163 72.70 74.79 33.65 139.46 15 15 2
164 30.63 14.44 0.05 271.79 4 12 4
165 57.07 22.52 10.81 461.73 1 38 2
166 33.93 30.18 19.66 238.64 2 19 4
167 77.68 7.33 38.73 51.24 19 23 3
168 54.27 26.68 49.99 87.89 6 42 3
169 27.38 25.57 40.52 429.25 3 44 2
170 65.17 71.65 10.44 283.95 6 20 1
171 37.95 25.05 4.79 378.43 9 46 2
172 73.95 32.41 2.20 331.56 9 46 2
173 32.07 95.00 36.29 97.85 18 30 1
174 92.86 0.14 21.00 339.74 0 5 3
175 8.01 2.36 14.37 399.62 17 23 1
176 4.57 94.75 32.30 177.38 20 24 3
177 52.09 75.90 49.86 343.67 18 24 4
178 91.27 63.92 1.52 278.16 5 45 2
179 53.69 51.59 26.10 221.67 19 23 1
180 63.30 18.76 8.76 428.06 4 10 3
181 91.35 19.19 27.79 435.78 13 48 4
182 21.95 19.80 32.96 59.67 12 27 1
183 21.09 38.94 25.32 353.61 11 34 1
184 84.90 69.32 28.51 437.36 11 38 4
185 91.89 35.16 3.01 230.69 17 46 2
186 45.27 25.79 10.28 406.60 2 41 1
187 95.18 12.26 36.00 279.80 3 28 1
188 98.95 9.41 14.48 152.59 16 28 2
189 35.11 94.13 39.24 497.80 20 28 2
190 46.00 46.01 25.89 139.36 2 25 3
191 56.67 65.70 41.48 429.47 0 43 2
192 10.20 74.75 22.43 54.25 12 29 4
193 12.92 33.27 24.48 296.73 18 25 2
194 26.43 89.19 20.34 259.14 10 25 1
195 68.42 6.46 3.78 323.52 15 42 1
196 28.34 45.88 38.18 459.41 9 25 2
197 82.18 97.94 15.44 245.44 18 47 3
198 24.00 41.10 11.85 161.92 9 18 1
199 44.00 64.87 13.68 445.96 21 48 1
200 39.02 17.17 18.34 98.24 16 31 3
201 0.07 99.40 36.44 311.39 4 12 3
202 75.57 26.60 41.79 105.44 2 3 1
203 58.09 21.13 10.69 192.14 5 47 2
204 67.47 87.63 2.83 107.60 2 20 4
205 69.16 45.23 44.18 140.81 22 23 2
206 3.85 15.40 4.61 199.49 12 42 3
207 80.19 95.15 18.26 382.22 13 26 2
208 47.44 99.24 32.81 469.20 23 46 3
209 31.36 27.09 15.32 263.31 11 11 3
210 47.54 86.71 7.63 208.95 6 30 1
211 45.18 54.67 42.17 304.72 10 41 1
212 87.53 17.93 22.50 129.08 21 22 4
213 46.35 29.36 7.08 313.72 17 33 2
214 83.56 14.36 4.28 255.32 7 32 2
215 54.27 77.84 26.70 137.01 14 46 2
216 97.25 98.39 7.41 214.13 5 42 3
217 91.70 68.44 7.70 361.80 7 24 3
218 86.71 27.47 23.82 176.74 23 46 4
219 71.83 1.69 32.80 485.73 17 18 1
220 95.06 57.79 6.96 495.78 18 21 1
221 47.10 11.50 48.83 72.99 16 45 4
222 81.86 47.72 31.95 484.37 21 21 4
223 86.40 35.61 23.11 167.41 4 25 1
224 60.32 62.62 3.63 414.38 11 41 4
225 77.31 80.56 17.72 161.11 21 47 3
226 75.26 46.77 21.44 468.04 20 21 2
227 97.25 25.37 39.35 252.27 12 48 2
228 25.91 76.45 40.56 392.70 6 42 3
229 52.33 89.86 19.68 345.91 14 15 2
230 48.24 75.76 14.34 179.51 0 32 2
231 61.93 63.04 23.00 360.02 13 32 2
232 66.22 95.94 10.18 204.99 22 45 2
233 50.73 61.50 37.98 392.77 6 35 3
234 40.44 63.41 4.85 264.15 2 32 2
235 86.65 81.32 12.49 376.95 2 15 1
236 79.20 51.47 35.21 304.42 13 20 2
237 76.35 80.45 13.91 472.08 22 27 3
238 85.87 15.36 36.85 488.55 23 43 3
239 39.52 3.62 18.74 96.99 20 36 3
240 98.22 89.05 26.85 82.25 1 7 1
241 24.08 18.03 17.48 348.63 20 36 2
242 52.66 11.62 0.31 378.95 20 47 3
243 96.89 78.55 38.73 328.31 4 26 2
244 26.11 73.18 36.74 109.73 6 31 4
245 97.24 94.03 37.99 321.77 14 24 2
246 55.91 27.81 37.70 149.88 7 7 2
247 7.77 6.09 38.86 259.84 10 47 3
248 7.31 67.51 46.44 265.66 16 31 4
249 70.10 19.48 25.83 287.45 5 13 1
250 3.62 77.16 22.93 400.09 19 34 3
251 56.62 77.50 12.37 225.99 17 27 3
252 8.70 42.33 4.00 296.32 7 19 4
253 48.20 40.47 44.04 466.16 13 38 3
254 56.57 17.25 21.72 375.82 14 45 1
255 32.00 2.19 2.42 86.44 6 17 2
256 21.63 26.87 3.81 251.61 7 11 2
257 52.76 11.34 21.03 292.04 14 30 2
258 45.77 62.63 32.12 95.09 14 36 3
259 60.41 19.96 11.48 476.80 13 13 1
260 47.15 59.70 4.89 191.78 9 33 4
261 57.32 29.35 49.64 460.03 24 36 1
262 44.77 45.38 33.63 390.45 20 40 2
263 42.23 54.21 38.68 206.00 19 39 1
264 63.05 86.05 29.37 118.51 3 9 3
265 80.00 85.57 19.43 314.64 2 8 3
266 75.38 74.53 47.04 414.01 20 37 2
267 40.56 74.95 48.77 144.60 14 39 4
268 88.06 54.26 44.20 186.15 3 34 4
269 95.27 37.56 32.88 487.36 21 30 1
270 5.58 40.54 37.13 335.93 9 39 4
271 22.98 72.88 2.11 489.15 5 16 2
272 10.74 60.35 34.67 65.13 11 37 3
273 83.10 16.86 40.88 97.21 16 27 2
274 57.06 98.23 40.50 53.13 18 40 3
275 13.97 0.28 9.45 120.67 5 42 3
276 95.40 57.46 10.11 61.58 18 26 1
277 95.06 85.17 16.27 353.98 13 22 4
278 39.20 56.61 42.84 262.30 4 21 3
279 76.80 59.23 6.61 444.34 3 11 3
280 68.17 82.03 48.91 86.44 20 33 1
281 65.69 47.14 46.56 373.82 7 31 1
282 55.47 60.97 38.47 322.37 20 38 1
283 8.27 85.15 21.77 161.54 22 28 2
284 46.26 47.92 29.26 444.17 6 43 3
285 28.12 6.30 2.72 126.75 10 10 3
286 16.38 73.15 45.27 293.21 23 37 1
287 17.05 73.61 24.73 339.55 5 45 4
288 82.29 71.73 1.87 289.19 11 33 1
289 38.37 6.29 19.42 349.83 5 29 2
290 37.90 47.44 32.51 368.73 14 20 4
291 24.81 63.97 30.99 51.08 0 22 3
292 74.85 56.43 38.69 417.93 18 42 3
293 3.79 70.27 0.75 53.59 22 29 4
294 42.49 81.27 6.62 270.52 8 12 1
295 80.00 25.24 1.45 147.24 16 28 2
296 94.62 88.32 2.12 69.19 8 18 3
297 92.33 43.62 9.69 254.28 24 25 4
298 23.05 38.81 2.09 375.89 8 31 4
299 16.67 95.07 15.65 291.39 8 8 4
300 12.82 59.03 0.74 211.14 8 34 2
301 62.06 55.27 44.73 256.07 20 27 4
302 57.07 16.91 26.78 275.17 14 22 4
303 65.23 48.66 41.68 86.87 6 27 4
304 69.65 78.36 39.71 121.45 17 42 2
305 7.61 84.10 9.71 322.00 15 45 3
306 30.27 71.11 37.80 436.31 22 43 1
307 80.09 49.63 34.57 221.77 4 16 1
308 34.02 13.95 25.85 417.40 14 43 3
309 42.72 94.70 9.40 467.25 8 31 4
310 52.48 12.38 39.55 70.62 5 47 3
311 32.74 5.35 1.05 169.29 20 35 1
312 27.49 99.63 29.15 273.84 7 34 4
313 49.75 11.27 23.06 80.40 8 48 4
314 20.91 31.70 48.76 333.02 24 47 4
315 87.74 49.84 7.65 459.00 13 39 3
316 49.31 23.07 45.19 290.36 1 18 4
317 62.92 60.81 43.84 145.75 21 22 4
318 28.86 50.42 48.51 75.83 13 37 4
319 38.61 99.96 33.37 407.42 21 27 3
320 83.48 78.77 8.79 151.43 3 31 2
321 70.35 34.22 35.76 173.31 24 33 2
322 46.15 4.25 42.01 68.11 6 36 1
323 82.95 57.89 36.92 434.25 23 25 4
324 82.53 68.53 3.22 416.68 16 44 4
325 63.87 60.89 34.13 396.59 3 7 3
326 63.80 15.41 20.89 158.23 10 10 4
327 44.07 25.81 40.49 252.39 10 43 4
328 6.75 63.18 48.68 263.38 19 22 4
329 70.31 40.63 1.89 467.19 21 33 4
330 87.88 60.32 5.70 457.91 4 33 3
331 14.43 36.19 15.90 409.51 15 39 1
332 71.87 78.94 31.45 181.32 4 26 3
333 23.48 43.38 25.86 453.22 9 36 3
334 32.68 21.98 20.87 88.95 16 24 2
335 41.64 80.36 35.12 114.93 19 37 4
336 78.38 97.16 41.92 380.57 24 27 1
337 72.61 30.80 8.89 231.92 24 28 3
338 6.45 88.67 17.27 64.69 9 11 2
339 28.05 94.21 37.52 399.01 18 29 2
340 39.17 94.80 29.10 338.89 8 31 4
341 56.63 13.50 37.35 276.12 3 44 4
342 47.16 88.76 36.04 463.66 16 48 3
343 46.46 83.23 18.85 332.41 10 32 4
344 98.02 49.63 28.94 228.45 2 33 4
345 11.28 28.33 33.89 89.59 20 46 1
346 60.80 54.83 20.65 463.20 19 29 3
347 30.47 62.18 40.94 482.58 16 30 2
348 57.38 24.11 14.43 341.30 20 38 2
349 17.09 33.94 47.88 355.14 2 41 1
350 82.89 89.33 13.72 147.58 17 41 2
351 37.82 85.76 44.85 360.07 24 36 4
352 27.48 68.91 11.09 480.04 0 17 2
353 37.19 32.25 47.43 373.67 4 38 3
354 76.65 70.90 42.91 290.55 1 32 2
355 44.57 80.19 11.48 143.34 11 22 4
356 94.17 4.32 1.23 403.61 8 21 3
357 78.27 78.35 35.63 54.98 14 30 3
358 16.85 19.20 15.74 61.02 2 14 1
359 64.45 30.08 22.57 462.13 3 20 4
360 11.53 33.04 44.47 291.22 11 37 4
361 1.67 73.09 43.92 387.60 18 37 1
362 85.58 63.71 7.48 271.46 16 38 1
363 97.20 87.37 39.46 423.86 4 35 3
364 9.00 24.29 45.60 477.99 12 28 3
365 30.57 97.00 23.12 453.45 1 46 2
366 97.56 8.07 4.65 322.36 13 48 2
367 93.45 13.90 22.88 112.46 21 26 3
368 19.42 64.60 16.56 145.05 22 39 4
369 80.46 85.55 32.79 477.92 23 30 1
370 87.26 90.21 15.21 450.64 11 45 2
371 73.29 50.66 12.61 101.56 4 4 2
372 57.39 98.94 13.19 356.20 16 23 1
373 62.38 26.53 19.52 487.82 19 36 1
374 19.48 78.18 36.69 381.79 9 32 3
375 16.00 4.53 47.57 279.64 3 35 4
376 26.51 55.41 24.50 166.63 4 39 2
377 14.18 67.98 31.31 469.93 2 14 4
378 5.82 16.51 49.31 479.06 18 23 3
379 27.24 73.47 15.53 249.16 24 27 3
380 46.48 26.37 6.32 476.48 7 47 1
381 52.95 6.20 23.19 190.05 17 48 1
382 92.25 42.32 10.71 230.39 18 27 4
383 11.38 15.49 0.49 254.04 2 5 4
384 11.03 77.47 33.43 259.70 13 39 3
385 4.20 25.22 9.03 498.08 15 38 1
386 76.21 92.41 49.74 312.45 7 46 4
387 99.91 48.29 41.30 186.15 0 29 4
388 57.01 97.26 7.30 99.17 18 26 2
389 44.82 8.79 14.02 487.57 7 29 4
390 33.43 3.87 3.65 421.37 17 23 4
391 26.13 28.18 32.99 409.77 20 42 2
392 59.94 71.10 2.00 303.24 18 47 1
393 82.76 56.92 36.10 135.89 5 9 1
394 10.07 26.42 17.24 349.15 19 46 1
395 27.46 6.28 5.15 203.89 20 27 4
396 39.98 20.96 12.10 350.59 15 26 1
397 37.21 82.79 30.48 214.36 24 39 1
398 9.76 28.55 48.40 98.33 17 46 4
399 87.79 76.41 38.94 156.17 14 18 1
400 60.32 87.61 9.66 430.08 12 18 1
1 108.53 3130.82 1
2 140.02 4579.64 2
3 122.74 4032.57 3
4 133.67 2902.80 4
5 143.94 3035.06 4
6 120.50 4205.07 4
7 131.61 4396.85 3
1 1.50 26.84 6
2 1.42 46.80 1
3 1.34 25.72 4
4 1.71 25.93 6
5 1.76 48.54 1
6 1.22 28.41 2
7 1.99 40.16 3
8 1.96 45.38 5
9 1.90 40.86 7
10 1.67 35.09 7
11 1.56 44.49 7
