Data for Vehicle routing problem with drones - Author: Huyen Do Thi Ngoc
Number of depots: 4
Number of cities: 100
Number of trucks: 9
Number of drones: 10
Area: 100 100 50
Customer maximum demand: 500
Max capacity of truck: 200
Max energy of truck: 5000
Max capacity of drone: 2
Max energy of drone: 50
1 95.24 25.74 4.67
2 89.24 44.51 11.20
3 38.61 29.18 40.47
4 91.55 97.10 17.50
1 58.32 76.93 8.41 245.11 15 45 4
2 17.16 29.85 38.47 129.39 23 41 4
3 39.53 33.64 13.56 482.17 14 25 2
4 70.33 77.36 21.57 175.39 23 46 4
5 39.07 21.14 20.87 215.62 20 42 1
6 52.10 34.28 15.07 83.17 15 35 2
7 56.66 73.40 28.02 418.38 2 19 2
8 21.27 97.45 10.45 329.10 9 14 2
9 19.34 0.68 41.45 50.76 9 21 4
10 27.98 84.69 7.75 294.67 10 38 3
11 86.46 49.91 25.00 402.05 7 8 1
12 65.41 62.13 7.78 128.59 23 39 3
13 63.59 22.63 28.50 326.64 16 30 4
14 43.48 7.08 17.42 276.96 18 25 3
15 99.89 89.76 8.76 347.56 7 42 3
16 23.45 13.56 47.44 244.57 23 36 4
17 62.65 2.11 33.16 365.43 10 37 2
18 45.71 15.73 28.47 395.31 3 35 2
19 97.21 25.86 40.33 98.93 6 37 4
20 79.48 73.67 15.36 407.49 16 48 1
21 3.42 94.82 21.84 413.58 14 47 4
22 35.46 78.08 16.89 443.28 22 27 4
23 55.34 43.12 29.52 72.57 17 23 2
24 68.92 94.38 11.37 379.49 7 35 1
25 54.98 17.19 23.74 318.69 6 20 1
26 82.30 31.66 25.66 211.78 7 43 4
27 13.35 70.47 44.19 113.87 10 41 4
28 52.93 35.20 29.82 143.56 24 34 1
29 19.65 26.73 30.11 304.99 19 33 2
30 42.34 52.04 1.38 221.21 3 36 1
31 50.38 12.25 27.26 496.63 8 28 2
32 70.13 65.38 20.93 340.24 15 37 2
33 26.48 14.65 13.25 325.91 5 44 2
34 32.33 92.71 16.44 254.63 17 23 1
35 29.45 41.83 37.39 301.81 11 11 2
36 20.36 52.39 9.02 146.34 20 41 3
37 86.15 0.41 5.56 441.25 13 18 1
38 0.14 79.84 2.65 89.05 0 43 1
39 76.31 89.73 20.51 418.11 1 26 3
40 23.66 96.41 9.59 433.03 14 30 1
41 23.60 37.19 2.11 358.60 15 27 1
42 65.54 22.93 16.25 290.45 17 30 1
43 7.56 84.62 28.59 274.87 16 48 3
44 14.76 6.04 6.07 212.98 0 43 3
45 30.96 8.37 8.20 311.88 5 26 3
46 53.37 36.29 28.73 422.86 22 38 2
47 52.18 96.04 11.51 160.75 11 25 1
48 65.01 52.55 29.41 52.72 0 3 1
49 28.75 80.68 10.61 467.32 24 39 3
50 88.03 66.82 19.42 299.80 15 46 4
51 20.34 98.81 46.43 372.28 17 18 2
52 38.18 30.71 30.02 494.65 9 15 1
53 47.86 90.05 13.93 226.53 15 47 2
54 32.36 42.56 1.76 179.25 21 21 4
55 49.16 24.20 29.17 485.94 2 13 1
56 87.33 21.31 5.60 298.17 18 46 4
57 45.12 29.18 36.60 486.16 7 35 2
58 87.36 41.19 3.62 253.60 1 3 2
59 93.47 88.60 46.48 81.13 17 41 2
60 69.12 62.70 3.29 353.81 11 46 2
61 57.80 19.08 46.38 258.59 12 13 3
62 14.65 16.24 1.39 270.11 12 26 4
63 90.85 72.35 21.06 336.38 13 13 4
64 16.17 16.04 9.43 385.38 13 26 3
65 99.94 49.00 20.71 185.85 5 23 2
66 55.98 59.56 39.53 233.42 5 13 4
67 98.51 2.57 31.47 139.44 22 29 3
68 16.75 80.39 21.60 438.81 2 46 2
69 13.48 52.31 3.83 402.20 13 37 2
70 46.34 47.32 26.84 145.80 16 21 3
71 19.98 98.25 37.14 292.05 1 17 2
72 59.92 40.35 15.91 325.20 21 30 4
73 4.48 74.32 22.11 421.88 24 48 3
74 24.76 60.42 49.32 294.69 0 33 1
75 45.05 50.81 35.85 68.88 11 15 3
76 81.79 38.88 13.39 233.84 11 32 4
77 62.48 53.92 48.00 476.75 21 29 4
78 12.06 34.10 36.08 395.85 14 46 2
79 82.45 57.22 46.69 335.45 12 43 4
80 82.86 97.75 6.57 293.66 12 26 2
81 66.26 29.87 5.20 258.09 23 29 4
82 29.45 4.14 1.60 495.22 6 31 1
83 78.43 8.51 30.98 475.82 20 30 3
84 30.02 69.08 3.16 457.28 16 43 4
85 81.54 1.74 8.11 215.56 10 17 4
86 92.56 2.27 48.46 250.89 23 47 4
87 23.88 61.73 36.75 306.82 24 48 3
88 77.79 28.13 46.92 134.13 18 37 1
89 49.00 96.05 41.24 356.53 19 45 3
90 49.66 67.70 14.55 371.89 17 39 1
91 83.25 36.67 22.72 198.70 10 20 1
92 50.18 81.31 28.84 274.84 3 8 4
93 98.79 11.18 12.76 192.45 21 39 2
94 67.61 62.12 0.10 78.83 19 30 1
95 31.63 87.13 10.45 379.45 11 32 3
96 34.86 4.17 8.49 483.74 14 35 4
97 7.27 83.97 15.42 332.61 2 29 1
98 97.08 75.95 11.40 179.78 14 16 4
99 8.79 10.26 28.77 356.00 17 46 1
100 96.70 29.62 16.07 88.38 19 30 4
1 187.69 2573.73 1
2 186.70 4867.01 2
3 115.28 3977.85 3
4 136.65 3069.71 4
5 175.72 3229.28 3
6 170.22 2542.24 4
7 117.56 3463.18 3
8 195.68 2558.99 1
9 199.62 4709.63 3
1 1.41 44.78 3
2 1.79 48.73 5
3 1.32 26.36 9
4 1.85 43.99 8
5 1.05 41.91 7
6 1.92 46.13 2
7 1.28 46.64 9
8 1.34 40.71 7
9 1.34 29.91 8
10 1.20 30.44 9
