Data for Vehicle routing problem with drones - Author: Huyen Do Thi Ngoc
Number of depots: 4
Number of cities: 300
Number of trucks: 7
Number of drones: 14
Area: 100 100 50
Customer maximum demand: 500
Max capacity of truck: 200
Max energy of truck: 5000
Max capacity of drone: 2
Max energy of drone: 50
1 39.81 81.63 41.30
2 82.27 56.10 34.90
3 48.08 30.39 37.75
4 11.12 47.06 37.92
1 68.91 25.65 17.37 337.31 11 18 2
2 59.66 17.85 36.26 130.49 18 22 2
3 77.20 46.40 38.10 105.67 1 6 3
4 68.51 70.20 0.06 52.41 8 28 3
5 99.21 60.58 30.60 412.31 2 6 2
6 30.16 88.44 9.65 143.25 20 22 3
7 33.38 32.35 31.96 343.67 4 6 4
8 42.59 81.86 48.71 139.39 15 25 2
9 91.13 8.96 29.43 479.74 22 48 2
10 5.35 32.16 6.03 463.54 12 43 1
11 78.93 40.91 15.38 162.30 10 13 3
12 29.21 58.20 12.86 385.35 10 29 1
13 87.54 52.36 27.86 335.17 19 41 1
14 36.57 44.35 34.15 277.35 23 28 3
15 91.11 84.44 5.60 217.29 0 8 3
16 36.22 39.93 48.08 171.14 6 19 3
17 45.91 67.61 45.37 345.10 21 29 4
18 50.84 1.19 6.04 380.94 1 11 2
19 64.86 22.52 9.45 274.27 4 23 4
20 34.69 69.09 10.03 235.67 7 40 4
21 34.16 97.84 36.29 350.44 6 33 3
22 6.30 11.61 21.32 488.01 12 38 3
23 87.73 40.13 43.06 223.48 18 35 1
24 90.82 71.83 41.41 293.31 3 40 2
25 92.01 84.27 4.91 111.87 6 37 2
26 80.51 13.68 25.08 371.46 23 43 2
27 76.83 15.84 29.27 304.34 19 31 1
28 90.46 99.53 2.66 299.43 19 19 2
29 68.75 99.21 38.33 221.00 20 38 3
30 84.57 65.13 19.84 178.62 21 32 3
31 5.79 39.31 30.95 266.87 20 46 4
32 50.27 33.64 9.60 370.34 18 46 4
33 23.79 59.40 15.12 367.69 5 38 1
34 71.04 25.16 3.77 242.85 10 44 3
35 65.40 51.88 10.39 194.47 5 32 3
36 57.07 54.27 31.27 298.28 7 22 4
37 0.88 88.12 9.66 239.47 11 22 1
38 32.66 75.03 20.96 156.37 18 46 3
39 36.00 88.08 8.37 430.35 13 18 1
40 44.91 28.72 36.98 317.72 7 23 2
41 56.68 16.86 8.14 268.33 3 30 3
42 96.86 71.61 44.50 403.74 9 33 3
43 23.62 68.02 35.29 198.36 19 34 2
44 6.41 97.90 0.42 346.15 3 32 1
45 23.15 80.08 32.06 297.50 15 32 1
46 30.91 73.38 49.32 117.36 10 32 2
47 41.54 30.55 16.62 185.98 8 30 2
48 28.84 16.09 25.99 325.32 9 39 4
49 92.14 37.10 3.05 116.50 19 27 4
50 29.20 84.66 18.38 270.38 9 12 2
51 22.55 88.18 22.39 348.10 2 45 2
52 5.87 93.47 25.38 301.87 2 33 3
53 83.21 24.96 43.69 320.33 0 32 3
54 2.68 15.79 49.89 75.03 11 36 2
55 42.85 37.04 27.16 197.42 11 36 4
56 68.33 73.89 8.69 272.45 13 43 3
57 20.05 63.99 43.80 428.50 4 44 3
58 10.33 17.08 1.71 121.93 4 15 3
59 63.05 40.08 3.79 269.56 12 22 1
60 10.48 69.76 49.56 412.74 16 18 3
61 20.81 96.89 17.50 372.59 19 44 1
62 91.04 78.72 40.22 307.77 22 37 3
63 44.85 94.78 40.43 158.23 8 34 2
64 60.52 32.23 46.73 316.40 23 36 1
65 16.36 56.54 1.66 497.16 2 13 4
66 34.29 22.85 1.68 313.64 21 40 2
67 5.87 80.44 10.42 395.40 5 16 1
68 35.54 88.93 34.43 180.62 3 10 4
69 44.84 97.22 45.98 382.96 13 15 2
70 6.13 52.90 38.13 409.54 10 26 2
71 45.54 25.75 37.26 306.99 14 41 1
72 55.29 81.90 27.83 278.14 4 18 4
73 49.94 28.69 23.59 348.56 19 23 4
74 90.71 81.52 28.42 489.26 23 35 4
75 30.64 65.34 48.47 60.02 3 20 1
76 15.16 2.92 15.15 420.23 0 20 1
77 41.49 62.32 49.81 464.69 4 35 1
78 53.23 12.25 48.05 56.56 15 48 2
79 52.04 60.60 4.66 376.48 7 34 4
80 45.70 40.57 11.28 329.57 17 29 2
81 32.31 65.79 8.51 373.87 16 19 1
82 22.17 84.74 43.40 160.94 16 36 2
83 55.31 57.63 27.62 223.32 21 38 2
84 29.53 6.36 23.80 102.46 16 44 1
85 4.87 64.93 5.27 374.02 12 32 4
86 82.74 74.33 39.81 407.37 17 42 2
87 47.68 16.16 8.32 257.55 15 30 4
88 12.49 12.13 15.80 447.20 7 38 3
89 1.74 85.35 43.39 355.15 10 40 2
90 72.76 17.63 4.04 214.79 0 40 3
91 16.72 79.24 45.20 490.55 5 38 2
92 99.38 11.10 3.03 351.09 4 17 2
93 30.99 22.18 26.74 311.75 13 30 1
94 3.53 98.42 14.59 458.67 19 38 2
95 26.60 55.85 11.39 369.92 10 31 3
96 26.75 72.41 33.80 109.98 6 29 2
97 7.04 25.44 40.49 387.92 0 5 4
98 69.59 16.79 23.07 158.06 3 21 2
99 76.30 23.29 21.99 480.52 12 26 1
100 62.63 72.82 45.69 121.34 16 31 2
101 13.22 66.94 37.37 417.93 19 39 4
102 48.15 94.75 1.06 360.30 16 47 2
103 40.09 54.28 0.21 211.18 11 48 2
104 12.07 55.11 6.35 235.58 13 37 1
105 91.74 91.05 19.48 458.59 24 29 2
106 99.82 6.20 48.43 272.53 10 11 1
107 81.58 79.73 11.35 279.87 18 30 4
108 73.18 83.55 23.61 110.41 10 44 4
109 35.75 37.98 30.20 304.01 8 46 1
110 66.39 94.70 10.91 267.88 14 28 2
111 37.02 98.66 16.11 110.96 15 39 3
112 66.67 53.45 43.46 59.86 18 18 2
113 6.81 85.59 11.62 384.60 12 47 3
114 48.96 83.12 43.64 471.39 13 33 4
115 74.87 97.84 48.27 136.23 1 34 4
116 90.21 95.22 49.51 347.78 12 16 4
117 92.11 22.45 9.61 245.00 15 41 1
118 99.21 46.22 28.72 471.27 12 16 4
119 83.47 79.63 43.08 345.04 5 31 4
120 44.67 14.79 23.52 481.58 24 48 1
121 37.96 95.63 35.82 231.23 21 42 1
122 22.53 52.42 23.07 84.59 12 40 1
123 79.62 52.92 34.43 179.27 17 33 3
124 43.91 28.59 19.83 179.98 11 32 1
125 91.67 83.61 22.98 69.02 15 15 4
126 64.32 96.39 16.96 203.48 23 28 1
127 50.58 95.87 19.69 71.07 7 11 2
128 59.28 97.08 17.12 419.63 23 40 3
129 27.01 8.91 7.08 145.13 18 39 3
130 68.70 48.66 27.07 342.91 8 30 3
131 24.50 10.17 43.42 409.61 0 38 3
132 63.25 6.68 21.22 370.96 7 32 4
133 32.04 32.25 49.50 490.69 14 30 2
134 78.92 34.63 9.24 368.87 7 15 1
135 41.41 39.51 40.19 355.32 7 20 4
136 29.00 98.72 30.12 399.63 12 30 4
137 69.68 52.77 32.42 50.43 22 34 1
138 16.68 67.42 14.73 185.96 21 34 3
139 72.14 3.16 23.25 495.72 4 38 4
140 86.62 69.15 10.10 296.13 14 14 2
141 43.42 57.58 30.93 57.80 3 32 2
142 32.35 57.64 45.17 187.37 16 19 3
143 49.76 26.61 47.22 141.56 9 27 3
144 62.07 79.92 8.68 316.27 3 43 3
145 6.86 89.13 2.54 163.31 7 11 2
146 76.25 89.50 35.13 120.46 4 19 1
147 84.99 36.72 35.68 291.99 4 26 4
148 96.98 73.80 45.11 322.06 11 33 4
149 92.74 92.56 10.60 479.72 3 47 2
150 0.65 92.98 5.10 369.94 24 26 2
151 4.34 54.32 25.90 311.39 16 21 1
152 21.13 49.18 2.72 215.32 24 43 4
153 71.44 40.80 6.09 477.13 16 47 4
154 83.28 7.50 10.08 63.05 20 27 3
155 11.53 21.42 11.64 406.36 20 21 3
156 53.03 62.97 4.43 424.21 14 27 3
157 98.03 79.88 6.11 419.65 15 21 1
158 14.34 41.67 9.95 318.20 13 41 4
159 20.74 50.25 29.64 285.29 11 18 4
160 18.73 11.63 47.81 287.93 8 10 4
161 17.91 44.81 49.08 388.20 23 32 2
162 59.37 9.65 0.43 50.65 16 37 1
163 7.56 43.45 41.40 145.16 0 33 4
164 22.97 99.88 24.90 61.86 12 29 2
165 51.82 91.73 28.68 290.38 19 34 2
166 33.79 44.48 28.54 322.29 4 38 2
167 63.64 66.51 18.74 437.65 10 35 2
168 41.97 84.34 44.41 436.66 8 14 4
169 28.77 90.87 44.09 365.97 23 23 1
170 48.78 24.21 13.28 84.95 23 36 2
171 32.13 44.27 26.05 226.22 22 27 2
172 65.37 69.53 27.25 153.79 23 33 1
173 62.97 65.53 17.19 230.96 24 45 4
174 31.53 17.03 29.99 223.35 18 20 3
175 47.20 28.91 18.01 141.78 23 23 3
176 28.41 83.51 15.09 109.26 7 13 3
177 60.55 66.17 21.50 153.82 22 23 4
178 55.60 84.06 13.25 69.78 12 48 1
179 62.63 86.61 41.57 292.96 18 42 2
180 45.31 9.13 40.81 189.15 21 30 1
181 10.82 48.12 2.35 343.48 3 25 3
182 74.96 57.61 10.82 369.88 4 19 3
183 94.63 53.87 42.84 238.43 0 33 4
184 89.39 58.65 46.91 225.33 10 47 3
185 12.97 89.14 44.35 53.68 4 45 1
186 22.92 14.02 34.57 267.10 18 47 4
187 19.82 26.58 21.12 63.56 23 32 1
188 97.16 47.91 28.89 411.59 14 45 2
189 26.02 8.40 49.02 391.88 15 42 2
190 15.89 56.31 8.82 420.23 9 37 1
191 26.43 39.35 27.57 195.57 22 44 3
192 79.71 68.24 2.51 240.30 23 28 1
193 19.31 82.07 45.41 107.67 14 16 1
194 92.99 38.40 18.48 150.95 23 39 1
195 32.41 20.65 35.74 197.18 7 36 4
196 65.58 29.39 16.17 298.56 20 33 2
197 36.85 5.28 28.86 301.64 9 39 1
198 74.22 70.61 28.71 88.21 18 34 1
199 72.10 58.18 28.05 233.38 1 12 3
200 14.21 61.21 26.74 148.19 5 25 4
201 88.16 35.50 1.47 54.00 20 22 3
202 19.54 85.18 33.37 59.00 8 42 3
203 24.27 5.84 36.92 140.74 0 43 1
204 90.26 81.50 49.97 314.26 16 39 1
205 42.32 27.74 40.91 208.07 20 43 3
206 19.36 60.62 13.73 329.22 1 37 3
207 6.34 50.22 2.84 420.01 23 27 3
208 9.83 39.07 11.94 249.40 11 32 3
209 13.42 48.79 33.48 427.34 23 37 2
210 63.87 69.62 46.13 219.64 15 30 2
211 41.14 84.16 34.59 126.80 11 48 1
212 10.70 21.11 4.71 204.88 7 41 1
213 77.13 30.73 49.32 200.22 0 2 4
214 15.70 56.52 41.04 482.24 4 27 4
215 5.34 14.45 43.59 402.75 18 21 1
216 4.90 51.95 1.78 424.70 3 32 4
217 17.88 62.06 9.20 462.82 1 10 3
218 0.46 11.12 40.60 264.93 16 45 2
219 80.94 28.35 10.10 171.87 4 46 3
220 4.62 70.31 40.78 104.07 16 17 1
221 99.39 35.20 6.88 346.91 14 17 3
222 95.00 40.48 4.26 134.98 8 42 2
223 60.51 10.01 49.65 182.34 1 24 2
224 87.13 4.74 41.68 492.05 2 40 2
225 48.19 5.23 15.39 108.31 20 42 2
226 52.53 78.52 35.33 486.93 22 48 3
227 82.68 85.77 47.68 494.96 16 28 2
228 36.05 58.90 15.16 267.17 2 41 3
229 11.01 35.51 47.81 252.27 7 41 2
230 71.95 58.74 38.87 234.74 13 28 4
231 76.83 23.42 10.46 420.84 0 24 1
232 79.13 50.73 23.33 84.79 12 27 2
233 29.84 2.77 43.72 452.51 19 27 1
234 21.65 29.31 35.79 188.78 4 48 2
235 95.18 62.77 48.71 438.76 7 26 2
236 12.43 62.20 11.93 417.09 3 23 1
237 35.62 25.50 21.54 85.09 9 29 1
238 70.72 3.90 38.88 174.54 12 42 3
239 40.41 75.67 19.07 98.15 14 21 3
240 95.52 4.04 22.53 95.69 14 44 4
241 5.64 51.72 32.55 364.04 18 18 3
242 90.74 49.39 32.51 325.25 7 37 3
243 80.53 37.64 34.84 370.67 1 8 3
244 22.85 0.15 8.21 405.02 3 37 4
245 69.12 46.79 26.88 69.02 17 45 1
246 0.36 73.42 28.33 179.39 12 23 3
247 17.59 67.85 45.73 318.82 18 31 2
248 50.56 91.89 0.61 288.82 2 8 1
249 90.56 62.90 31.52 111.07 7 12 1
250 93.94 7.75 5.05 435.78 7 25 3
251 76.54 78.05 8.65 168.24 4 11 3
252 50.01 55.82 3.85 109.76 0 38 4
253 4.19 6.92 0.13 360.55 0 2 3
254 83.63 39.34 2.96 486.07 22 37 2
255 23.66 91.28 16.29 147.03 17 35 2
256 90.74 95.08 6.26 382.58 19 48 1
257 40.39 67.71 15.65 223.97 15 19 2
258 97.12 40.64 12.60 113.03 24 33 4
259 80.76 95.09 42.46 296.62 14 41 1
260 15.30 38.17 17.01 440.17 7 20 1
261 38.65 16.89 33.77 105.02 5 34 2
262 31.54 46.15 44.41 478.03 1 22 4
263 96.38 17.32 22.73 412.22 20 31 1
264 51.29 66.49 28.81 330.05 13 48 2
265 28.86 24.01 43.33 266.21 7 14 4
266 46.19 68.70 25.52 112.14 10 21 4
267 33.95 30.26 33.02 494.60 19 20 4
268 38.96 44.35 6.91 129.51 9 44 2
269 50.19 52.87 46.44 383.34 7 9 3
270 70.16 64.97 31.32 110.78 16 26 2
271 69.32 1.27 18.09 188.88 23 23 1
272 55.52 1.93 11.84 143.07 1 32 2
273 75.45 34.70 44.29 170.63 8 26 2
274 0.43 86.84 11.50 217.47 21 35 4
275 78.15 86.75 8.46 422.06 0 29 2
276 96.75 38.64 3.53 357.13 18 26 2
277 75.58 8.89 37.82 165.63 12 18 1
278 12.23 33.53 1.18 111.19 12 26 4
279 88.53 78.82 8.07 371.71 0 4 3
280 60.19 31.65 31.49 222.14 10 30 2
281 10.54 42.23 14.94 241.49 16 21 1
282 99.78 23.80 47.36 162.65 1 30 4
283 40.98 10.12 13.70 140.91 15 25 1
284 51.00 14.24 29.59 105.81 18 47 4
285 17.81 33.60 20.08 281.89 17 33 4
286 62.56 72.16 36.07 152.97 9 29 3
287 48.93 53.67 31.66 189.11 3 27 3
288 65.33 18.88 45.82 445.55 14 27 3
289 8.31 42.01 46.24 433.06 9 28 4
290 76.65 66.10 47.21 370.66 9 18 3
291 83.06 83.49 8.70 417.35 14 40 3
292 97.10 81.87 8.73 225.32 8 24 3
293 73.01 54.51 43.21 331.27 10 42 4
294 18.82 71.87 13.06 410.45 21 44 3
295 37.21 79.49 5.49 499.52 16 47 2
296 7.20 28.62 21.59 120.36 7 45 2
297 9.54 9.73 13.21 60.15 9 35 2
298 21.73 11.28 15.46 344.60 23 27 2
299 71.79 11.38 41.66 191.82 4 40 3
300 75.84 58.22 28.39 476.74 1 34 1
1 149.72 4343.78 1
2 171.21 3282.26 2
3 195.10 4848.79 3
4 172.14 2932.33 4
5 189.72 4114.82 2
6 152.17 3599.87 4
7 113.34 3204.83 3
1 1.86 30.84 2
2 1.86 38.44 7
3 1.63 29.94 5
4 1.66 39.53 6
5 1.14 38.65 7
6 1.01 31.64 4
7 1.46 49.53 6
8 1.55 45.71 4
9 1.45 25.25 2
10 1.59 39.12 2
11 1.72 46.53 5
12 1.67 45.11 1
13 1.91 43.75 5
14 1.70 36.91 6
