Data for Vehicle routing problem with drones - Author: Huyen Do Thi Ngoc
Number of depots: 1
Number of cities: 100
Number of trucks: 2
Number of drones: 6
Area: 100 100 50
Customer maximum demand: 500
Max capacity of truck: 200
Max energy of truck: 5000
Max capacity of drone: 2
Max energy of drone: 50
1 86.22 6.26 35.97
1 35.71 85.14 31.19 202.36 0 0 1
2 50.73 47.81 6.36 317.20 21 39 1
3 61.36 20.16 32.95 488.74 5 36 1
4 75.07 17.84 21.54 167.00 1 18 1
5 3.07 23.89 13.57 395.63 1 13 1
6 54.09 85.17 17.06 407.65 20 36 1
7 21.41 20.99 32.82 373.14 17 41 1
8 9.47 85.13 10.07 373.63 1 43 1
9 6.83 68.20 29.68 99.60 10 30 1
10 53.17 74.14 1.02 392.32 8 19 1
11 70.16 32.06 42.28 467.59 13 46 1
12 34.34 45.01 3.22 140.95 1 8 1
13 63.04 4.93 38.29 95.98 10 47 1
14 41.69 58.78 46.73 107.89 24 30 1
15 74.40 25.93 11.48 88.53 2 20 1
16 71.31 87.54 3.76 328.76 21 33 1
17 39.04 63.68 34.13 440.15 23 41 1
18 54.35 37.55 36.46 430.44 17 46 1
19 7.76 4.80 2.64 449.89 18 28 1
20 71.99 50.03 39.51 298.14 10 10 1
21 48.61 91.23 42.92 436.23 9 19 1
22 68.32 22.81 4.38 446.26 5 16 1
23 22.77 75.09 0.39 282.73 19 32 1
24 1.26 15.18 35.21 141.02 14 22 1
25 74.67 7.61 18.32 354.71 17 43 1
26 28.69 66.22 44.46 499.81 18 45 1
27 47.87 21.23 6.69 343.91 17 23 1
28 39.06 4.33 27.25 168.17 11 38 1
29 19.08 65.69 30.39 215.99 16 35 1
30 28.25 7.04 25.97 458.46 20 34 1
31 46.89 94.64 31.01 168.07 9 12 1
32 86.64 45.54 44.39 421.81 20 22 1
33 7.30 23.18 38.06 96.25 6 21 1
34 26.21 18.77 18.13 74.02 6 48 1
35 25.58 43.13 3.34 225.98 23 45 1
36 51.58 14.03 48.49 467.51 2 4 1
37 60.92 3.11 24.71 375.74 16 22 1
38 41.67 95.70 0.38 56.48 15 32 1
39 5.71 27.12 39.43 334.97 15 38 1
40 65.37 79.71 33.41 183.86 12 14 1
41 91.22 16.06 42.71 350.12 21 44 1
42 85.52 56.85 2.38 54.42 5 33 1
43 53.97 10.75 26.93 471.00 14 41 1
44 69.62 54.18 13.81 419.54 23 39 1
45 50.20 56.60 38.03 385.39 24 40 1
46 79.85 96.95 45.81 130.83 12 37 1
47 25.75 20.48 28.27 275.90 22 25 1
48 1.96 15.91 20.90 186.19 3 19 1
49 72.17 64.01 43.94 456.97 20 26 1
50 61.47 47.23 18.20 265.68 4 5 1
51 80.60 79.69 48.49 403.11 1 11 1
52 6.73 62.37 25.22 351.26 15 38 1
53 46.77 35.90 48.80 466.68 14 29 1
54 58.39 81.16 44.32 415.46 5 17 1
55 58.36 68.17 1.33 96.96 10 28 1
56 64.34 55.31 36.80 463.94 21 27 1
57 65.60 94.39 9.26 148.95 8 45 1
58 3.09 83.97 17.77 166.54 15 40 1
59 23.49 72.05 30.96 61.12 8 12 1
60 78.34 43.02 41.32 145.30 11 20 1
61 12.65 52.62 21.68 265.42 3 35 1
62 77.12 5.33 18.74 254.39 14 22 1
63 77.79 93.82 19.91 464.93 19 29 1
64 18.44 43.78 44.45 120.11 4 13 1
65 28.90 94.03 24.41 218.27 12 40 1
66 24.25 75.19 33.68 314.58 16 45 1
67 19.83 34.95 41.16 444.26 13 30 1
68 7.70 87.51 46.62 126.69 23 46 1
69 99.23 34.16 18.55 329.95 16 17 1
70 16.78 12.05 48.19 420.91 2 10 1
71 48.54 15.44 11.38 388.46 13 15 1
72 42.11 16.28 8.33 273.76 11 25 1
73 52.47 36.85 42.80 256.88 21 27 1
74 61.74 75.83 34.53 168.89 14 22 1
75 97.77 20.96 47.10 334.11 0 12 1
76 36.13 76.64 45.17 251.87 9 12 1
77 45.98 56.42 33.98 176.48 9 22 1
78 74.08 77.14 12.41 411.10 2 32 1
79 44.27 21.21 1.54 200.18 17 36 1
80 93.11 40.77 49.53 212.68 7 18 1
81 80.39 63.52 21.21 493.44 7 38 1
82 99.27 64.04 39.47 54.86 3 23 1
83 62.68 60.21 39.38 164.46 7 47 1
84 43.14 39.80 45.79 207.22 6 28 1
85 81.49 67.81 16.74 249.76 12 14 1
86 31.86 77.07 3.66 337.88 15 37 1
87 83.56 79.14 25.28 65.87 21 30 1
88 85.11 91.06 46.05 374.44 6 38 1
89 43.34 14.49 39.43 168.51 17 19 1
90 75.26 55.86 48.66 169.42 24 43 1
91 78.61 8.52 48.37 285.04 24 37 1
92 14.31 76.55 47.55 462.86 10 46 1
93 46.47 55.72 3.56 220.81 8 36 1
94 61.36 16.20 15.04 340.32 9 35 1
95 70.38 20.91 37.80 160.99 23 34 1
96 97.77 11.51 35.89 406.77 24 34 1
97 41.57 53.70 46.48 115.14 4 19 1
98 91.59 59.44 39.73 100.41 22 27 1
99 63.63 87.31 42.63 376.12 16 40 1
100 18.08 28.37 41.66 260.45 24 38 1
1 100.94 3019.30 1
2 134.23 4432.74 1
1 1.69 38.70 2
2 1.97 48.29 1
3 1.62 29.65 2
4 1.93 42.66 1
5 1.49 34.63 2
6 1.83 46.39 1
