Data for Vehicle routing problem with drones - Author: Huyen Do Thi Ngoc
Number of depots: 3
Number of cities: 300
Number of trucks: 8
Number of drones: 18
Area: 100 100 50
Customer maximum demand: 500
Max capacity of truck: 200
Max energy of truck: 5000
Max capacity of drone: 2
Max energy of drone: 50
1 80.22 46.62 35.46
2 94.53 72.98 49.91
3 81.80 65.56 41.19
1 94.60 46.28 11.08 410.92 23 48 3
2 31.66 92.05 21.54 415.41 5 41 2
3 11.33 19.61 6.85 322.70 14 38 2
4 5.60 14.48 24.09 66.28 23 35 2
5 86.80 52.68 30.03 322.69 5 21 3
6 71.91 44.20 9.05 395.65 23 32 2
7 49.85 5.06 33.90 348.20 1 47 3
8 28.15 95.80 47.83 490.49 6 11 1
9 20.76 46.14 49.48 454.26 23 34 2
10 99.84 23.34 34.19 262.16 14 32 2
11 88.07 33.57 47.46 486.14 21 44 2
12 46.42 88.00 18.17 333.03 3 21 3
13 50.26 7.52 2.79 326.87 8 45 1
14 28.25 97.06 13.24 256.08 11 20 1
15 19.16 20.21 33.58 359.63 2 35 3
16 97.05 50.50 34.53 356.14 18 26 1
17 65.94 27.05 11.42 224.32 12 24 2
18 29.59 85.37 17.32 373.46 19 23 3
19 68.44 53.41 49.51 153.68 16 45 2
20 56.57 56.73 27.60 374.05 10 13 3
21 50.22 97.93 16.89 287.23 9 11 2
22 25.77 39.71 32.25 306.76 8 47 1
23 48.56 4.50 10.68 288.94 19 31 2
24 71.01 57.53 39.87 418.67 21 35 1
25 4.71 43.15 47.87 325.14 19 37 3
26 91.27 14.19 30.91 397.78 13 39 3
27 78.58 92.27 13.08 302.97 6 41 3
28 76.49 80.23 38.32 191.10 13 42 1
29 82.73 88.01 12.27 397.87 19 42 3
30 49.72 39.79 32.53 401.69 0 32 1
31 27.89 40.87 32.98 342.61 3 34 1
32 74.19 30.96 13.50 147.80 16 28 2
33 32.02 60.63 1.73 312.83 15 46 1
34 64.97 90.19 11.38 241.94 1 42 1
35 37.57 7.41 31.86 245.53 16 30 2
36 8.43 63.91 29.15 102.64 12 41 1
37 26.63 1.85 3.05 94.19 14 31 2
38 22.28 26.45 35.95 486.19 8 24 1
39 29.77 87.89 36.36 395.99 1 12 3
40 75.35 72.35 35.85 499.00 20 35 2
41 18.98 16.46 29.12 479.69 6 12 1
42 14.35 97.07 41.58 191.02 14 24 3
43 66.81 32.65 37.97 239.89 22 39 2
44 87.00 99.55 41.45 274.25 19 42 1
45 53.36 84.93 39.86 156.14 22 45 3
46 89.70 95.79 37.04 344.64 11 23 3
47 11.68 64.14 12.12 448.09 10 34 1
48 55.39 39.29 38.32 217.77 14 32 1
49 43.04 25.34 12.69 150.32 24 25 2
50 71.17 31.54 22.57 455.86 3 15 2
51 82.18 83.26 8.52 290.70 3 21 1
52 81.24 84.46 36.04 301.49 21 26 1
53 78.14 29.32 49.69 493.03 16 37 1
54 49.48 25.32 21.82 164.87 7 28 2
55 94.80 29.20 19.13 334.68 23 34 1
56 73.72 24.18 49.77 151.42 8 23 3
57 11.68 25.60 34.33 214.99 14 39 2
58 88.95 18.81 47.31 437.03 0 42 2
59 92.52 23.23 14.37 462.29 0 46 3
60 20.88 27.11 34.21 487.11 17 44 1
61 8.02 77.63 35.30 195.35 5 29 1
62 53.01 91.64 18.95 201.98 3 29 3
63 58.93 67.15 34.14 177.71 23 45 1
64 5.83 16.30 19.32 88.45 5 33 1
65 83.97 94.56 9.69 136.94 5 12 1
66 25.42 89.20 27.72 296.65 18 39 2
67 50.06 40.24 13.58 413.09 6 20 3
68 39.37 10.92 4.63 410.51 13 28 1
69 41.19 20.00 1.25 457.70 11 34 1
70 15.26 78.58 49.51 484.68 14 17 3
71 74.23 62.95 45.53 327.55 13 43 1
72 26.70 87.57 23.62 358.33 21 24 2
73 94.53 87.42 2.77 164.00 19 44 2
74 52.76 80.26 38.76 470.59 14 17 3
75 91.80 28.20 34.79 267.01 22 30 1
76 32.55 18.14 36.19 275.55 7 30 1
77 27.09 83.73 10.91 193.89 13 21 3
78 24.70 34.51 34.93 289.26 1 48 2
79 11.40 16.60 1.96 320.22 5 28 1
80 51.21 46.33 23.09 337.46 13 38 3
81 25.21 78.29 33.85 406.74 10 10 1
82 75.53 26.29 11.58 67.82 9 44 3
83 79.98 61.00 21.76 122.36 1 43 2
84 19.17 56.68 44.82 470.21 7 29 2
85 95.35 60.61 1.59 164.00 23 35 2
86 30.09 1.95 21.11 63.37 2 8 2
87 1.48 3.71 1.92 100.68 6 24 1
88 61.71 29.29 37.09 189.03 0 27 1
89 24.26 69.90 44.43 459.73 9 29 1
90 29.35 1.09 32.09 385.47 22 28 1
91 88.89 10.47 23.52 235.34 2 41 3
92 37.28 59.40 11.74 478.48 19 41 3
93 92.42 89.51 31.47 282.82 14 15 3
94 62.92 12.46 31.98 335.92 10 25 3
95 56.67 44.19 41.45 151.99 4 21 3
96 31.41 66.69 40.30 325.81 21 28 2
97 5.00 71.64 28.42 255.06 4 23 3
98 39.82 51.33 29.88 325.24 0 31 1
99 8.86 77.57 23.79 354.55 11 29 3
100 69.58 43.48 31.95 366.51 10 37 1
101 74.61 78.52 16.27 378.32 10 10 2
102 79.20 35.46 27.33 414.29 21 30 2
103 42.00 71.56 19.17 393.08 18 30 2
104 37.13 6.25 42.70 462.14 1 31 1
105 35.06 37.43 32.77 208.45 7 8 3
106 51.85 33.24 12.45 491.61 16 36 1
107 88.15 65.75 0.91 120.08 20 36 2
108 33.91 68.13 27.44 242.67 16 24 1
109 24.25 0.25 4.48 499.56 0 45 2
110 47.78 5.44 0.99 235.92 1 19 1
111 67.22 95.57 31.23 211.85 21 22 3
112 88.77 63.64 10.91 322.59 22 45 2
113 95.07 42.36 45.44 340.33 13 46 2
114 58.51 18.14 14.54 59.62 0 7 3
115 37.96 34.18 4.71 108.72 23 30 2
116 74.91 50.70 24.11 69.55 7 29 1
117 17.56 43.24 28.26 280.02 19 42 1
118 50.00 42.73 40.25 138.54 19 19 1
119 98.33 81.53 6.77 498.14 15 24 3
120 12.31 41.43 44.13 445.39 9 36 1
121 67.75 45.15 7.37 444.71 19 19 2
122 81.59 51.84 20.92 151.86 0 48 1
123 5.79 50.83 45.30 367.41 17 40 3
124 12.02 79.60 28.78 230.93 7 44 1
125 22.50 81.71 3.52 240.17 23 30 3
126 74.36 62.93 42.18 453.67 5 18 3
127 93.30 53.26 22.51 488.51 11 38 3
128 4.50 77.89 28.05 491.99 15 34 1
129 3.04 52.02 2.32 271.44 3 31 2
130 79.96 99.28 39.54 342.94 22 34 1
131 87.54 86.66 0.54 243.77 13 21 2
132 63.64 47.10 15.32 247.84 14 24 2
133 85.14 29.66 6.49 264.41 14 36 2
134 88.72 39.31 8.31 186.49 19 23 3
135 86.96 24.43 27.08 496.61 12 21 1
136 81.54 77.31 37.94 142.74 18 36 1
137 54.56 2.14 5.34 431.36 11 42 2
138 18.75 20.40 33.17 230.01 4 36 1
139 80.38 78.45 1.92 57.41 24 33 3
140 90.47 41.78 0.56 452.91 9 37 3
141 21.81 37.49 30.90 270.85 15 19 3
142 41.26 57.43 27.65 132.71 2 42 2
143 31.78 72.79 6.55 182.41 14 30 1
144 32.34 22.13 13.81 89.29 20 48 1
145 27.77 91.46 8.42 300.51 0 14 2
146 43.99 1.81 18.38 224.07 20 29 3
147 45.76 59.84 25.39 293.01 21 34 1
148 37.20 11.80 49.87 339.93 9 24 2
149 75.10 95.47 39.28 320.63 18 18 3
150 13.19 90.04 6.26 77.55 23 45 2
151 11.99 85.50 38.66 432.67 7 7 2
152 67.77 60.08 25.69 309.94 3 31 1
153 13.10 97.66 31.82 447.98 17 45 2
154 39.78 9.15 23.48 422.90 1 21 3
155 74.67 27.74 3.50 179.52 6 19 3
156 39.02 85.02 12.57 453.90 7 22 3
157 36.03 92.68 36.83 440.14 0 35 1
158 71.63 62.92 47.54 473.97 10 20 3
159 11.19 41.37 39.59 451.15 10 23 2
160 60.13 94.86 2.53 152.58 17 35 3
161 21.32 95.11 31.57 220.33 9 38 3
162 19.18 81.01 18.95 389.79 14 15 1
163 35.51 20.24 32.72 318.75 3 24 1
164 15.41 68.47 3.00 230.02 11 22 2
165 1.85 48.88 32.75 77.81 20 28 3
166 57.15 80.15 37.31 131.11 1 43 1
167 8.48 78.27 26.20 339.68 10 32 1
168 27.02 61.89 28.96 471.84 2 47 3
169 39.81 24.71 6.27 409.32 9 25 1
170 16.75 96.03 40.95 222.03 24 26 1
171 41.16 86.72 41.54 86.66 7 38 3
172 50.60 97.65 46.32 80.68 10 27 2
173 79.16 18.23 1.14 396.77 23 48 2
174 6.70 73.94 38.51 384.75 18 35 2
175 80.63 32.41 31.00 172.91 13 42 1
176 74.35 98.57 33.60 328.49 24 33 3
177 54.58 96.66 46.81 264.99 6 28 3
178 62.06 42.99 29.37 153.07 2 41 2
179 61.27 2.46 30.33 468.38 5 24 2
180 96.47 32.68 40.17 209.32 3 29 3
181 84.00 66.86 19.11 296.65 18 47 1
182 62.55 37.65 6.61 277.15 10 10 1
183 75.30 40.23 33.65 162.61 9 42 2
184 50.00 31.69 35.97 420.93 10 16 3
185 68.28 27.38 45.88 473.21 14 46 2
186 86.85 46.45 13.34 332.07 9 39 2
187 53.28 22.57 7.26 183.91 12 19 1
188 50.25 6.74 12.71 144.06 19 38 2
189 93.56 99.93 16.53 337.92 20 25 3
190 62.30 68.19 49.20 156.06 11 33 2
191 7.15 45.24 36.87 426.66 24 40 3
192 53.33 24.26 28.70 281.82 17 19 2
193 77.98 75.13 27.87 285.05 12 36 1
194 6.83 32.10 8.75 419.63 11 46 1
195 43.92 53.57 19.33 401.40 23 23 1
196 39.41 44.82 13.73 253.58 14 39 2
197 98.56 23.54 4.37 292.63 11 14 1
198 62.53 58.63 11.41 338.94 14 20 2
199 52.91 51.16 38.41 128.68 4 23 2
200 19.62 52.80 17.35 311.77 14 28 2
201 98.32 26.07 38.80 181.25 20 29 2
202 60.56 2.11 31.29 336.31 0 47 3
203 99.75 15.01 5.64 252.99 10 18 2
204 77.01 20.95 5.27 389.57 9 35 1
205 46.22 41.63 35.95 164.13 1 19 2
206 85.74 95.57 39.72 273.71 5 44 2
207 5.52 42.02 27.85 440.81 11 41 3
208 43.04 61.25 5.38 186.02 12 20 2
209 0.87 44.73 35.16 368.42 12 35 2
210 87.77 54.30 7.83 191.49 1 28 2
211 37.43 2.83 11.86 136.69 22 33 2
212 45.24 63.68 45.20 155.23 0 4 1
213 77.61 27.62 22.68 152.94 0 22 1
214 69.69 95.47 14.88 267.87 16 36 1
215 81.86 21.81 46.54 231.25 12 32 3
216 22.46 19.34 8.48 126.26 5 31 2
217 46.71 31.76 25.95 189.17 11 26 2
218 4.32 89.56 13.41 336.10 17 32 2
219 10.10 72.94 16.47 364.71 9 38 1
220 96.38 25.45 34.91 286.57 24 26 2
221 56.02 42.54 49.74 461.23 24 44 1
222 23.32 76.25 45.45 325.84 9 44 1
223 80.06 60.06 16.64 348.07 17 44 3
224 70.16 39.58 10.52 423.80 10 37 1
225 65.13 88.44 32.74 348.77 21 42 1
226 37.06 85.01 8.97 289.26 3 32 2
227 60.59 53.77 25.03 389.65 5 23 2
228 19.31 6.12 49.35 472.19 20 22 2
229 15.63 88.60 33.15 407.43 2 43 1
230 4.10 98.44 32.54 487.00 5 20 2
231 13.29 20.77 19.47 433.32 17 25 3
232 65.61 2.98 46.32 469.64 18 19 3
233 97.89 46.26 35.12 498.00 4 6 2
234 9.43 64.56 12.20 424.89 2 35 2
235 4.01 9.73 49.19 331.98 7 8 3
236 81.34 36.16 26.48 327.68 13 42 3
237 65.82 22.99 26.60 472.03 23 44 2
238 86.98 93.16 9.83 257.93 18 35 2
239 11.80 73.73 41.78 206.36 11 46 2
240 88.20 11.24 4.45 413.54 5 7 2
241 22.64 58.24 22.45 66.14 8 16 1
242 6.15 67.30 17.83 406.77 9 35 3
243 84.36 74.19 23.81 371.66 23 41 1
244 29.80 7.68 21.96 497.17 11 45 3
245 21.19 83.92 35.41 438.38 17 25 1
246 88.21 33.46 37.29 355.39 3 45 1
247 66.86 11.25 17.72 368.18 12 14 1
248 59.96 40.54 12.71 308.69 24 44 1
249 78.99 86.39 23.19 410.89 10 22 2
250 64.52 50.28 30.56 104.12 22 28 3
251 69.24 79.22 40.93 183.75 6 16 2
252 34.50 70.04 5.19 281.06 1 46 3
253 43.48 13.70 1.76 384.68 21 21 3
254 54.89 10.39 35.59 310.12 11 18 3
255 84.89 39.99 0.19 290.55 19 33 2
256 47.63 1.38 49.19 485.26 1 12 2
257 47.75 16.54 17.20 418.70 8 24 2
258 36.93 3.24 49.19 167.36 20 40 3
259 29.31 39.85 34.28 102.05 9 22 2
260 64.72 91.24 23.56 466.43 14 25 2
261 90.05 27.60 37.31 170.72 4 41 2
262 92.10 25.09 44.09 375.39 11 48 1
263 61.81 27.08 6.04 158.47 5 7 2
264 1.22 32.05 28.99 433.42 10 18 1
265 92.50 47.37 32.52 476.13 6 18 3
266 3.49 27.67 49.79 326.83 6 9 1
267 92.53 35.20 0.50 462.90 21 32 3
268 30.06 10.26 42.70 105.66 3 16 2
269 51.99 17.34 35.99 177.85 7 29 2
270 26.28 56.53 20.71 82.13 14 31 1
271 5.76 70.11 48.14 219.63 0 16 2
272 41.95 36.34 33.23 104.40 9 19 1
273 15.51 69.90 45.44 467.53 4 16 1
274 77.09 47.05 49.24 119.05 19 34 2
275 24.29 64.57 23.12 304.31 19 43 1
276 13.06 44.21 23.55 482.92 22 34 1
277 59.82 24.68 22.96 358.93 11 46 3
278 57.61 33.43 40.70 75.04 22 32 2
279 22.99 88.84 48.15 490.61 10 41 3
280 98.25 85.10 27.29 164.65 14 23 3
281 56.58 92.77 42.85 141.56 7 8 3
282 23.09 54.56 3.71 235.31 14 26 1
283 56.52 29.74 31.47 70.24 1 43 3
284 57.33 64.73 27.49 110.80 10 19 1
285 77.67 45.94 17.09 241.76 13 32 1
286 39.97 78.94 17.14 369.04 23 35 3
287 3.66 29.87 15.84 315.35 15 29 2
288 44.68 58.02 14.78 327.50 3 32 3
289 91.26 95.88 49.09 90.30 2 10 3
290 12.32 34.24 39.37 136.51 14 35 2
291 15.90 91.68 14.27 296.75 8 8 3
292 32.16 26.58 27.58 484.26 22 24 2
293 26.16 5.21 19.62 414.57 5 22 3
294 74.56 44.49 28.60 211.93 24 42 1
295 92.94 67.29 47.03 54.15 1 45 1
296 10.10 14.66 48.19 64.91 1 20 3
297 8.89 49.02 39.11 182.36 23 39 1
298 20.96 71.95 27.62 368.49 2 6 2
299 14.91 25.65 26.49 53.64 12 27 3
300 93.10 27.77 47.00 198.78 9 41 3
1 142.94 2791.93 1
2 106.29 4982.04 2
3 196.96 3179.04 3
4 138.66 3347.41 1
5 131.53 4394.01 2
6 128.07 2903.69 3
7 132.82 3420.68 3
8 194.96 3526.70 3
1 1.29 37.49 7
2 1.67 29.22 3
3 1.59 26.35 8
4 1.74 35.66 1
5 1.20 28.88 5
6 1.99 45.70 6
7 1.33 47.50 5
8 1.28 39.54 2
9 1.88 28.57 7
10 1.11 33.45 8
11 1.37 33.80 1
12 1.83 38.67 7
13 1.44 33.99 7
14 1.96 48.57 1
15 1.83 40.57 8
16 1.11 25.72 2
17 1.45 47.72 7
18 1.02 30.47 4
