Data for Vehicle routing problem with drones - Author: Huyen Do Thi Ngoc
Number of depots: 4
Number of cities: 400
Number of trucks: 4
Number of drones: 8
Area: 100 100 50
Customer maximum demand: 500
Max capacity of truck: 200
Max energy of truck: 5000
Max capacity of drone: 2
Max energy of drone: 50
1 39.59 75.13 30.58
2 56.52 24.42 20.33
3 63.17 51.55 31.27
4 47.42 42.88 30.48
1 87.60 69.88 35.82 352.62 24 27 3
2 66.81 7.02 31.91 286.62 13 41 2
3 56.81 62.45 28.86 445.85 8 43 4
4 16.45 80.80 19.67 270.48 10 28 3
5 79.75 32.45 3.59 448.16 13 17 4
6 78.99 71.87 2.15 154.35 10 20 1
7 21.78 41.63 36.15 80.00 12 42 3
8 24.57 23.30 17.86 87.47 5 38 1
9 0.77 61.16 19.15 252.56 19 23 3
10 46.15 31.38 30.18 418.54 24 24 1
11 80.21 5.12 13.97 403.01 13 19 3
12 51.18 21.64 7.85 141.96 22 48 4
13 27.60 1.20 32.64 479.68 11 22 1
14 29.80 87.38 37.49 347.01 14 19 2
15 40.12 18.29 21.92 456.95 24 45 1
16 10.43 94.27 15.34 182.17 15 31 3
17 88.89 62.30 41.79 399.54 23 35 1
18 58.02 94.21 42.42 417.17 18 47 3
19 36.31 47.93 37.54 387.21 5 32 4
20 97.53 92.71 32.63 497.74 24 46 4
21 50.54 61.16 9.31 165.64 15 33 2
22 9.53 3.19 4.89 418.88 19 34 1
23 91.70 61.74 32.43 364.31 14 36 2
24 37.65 2.01 35.29 226.87 12 13 1
25 13.03 96.17 11.49 131.34 24 31 2
26 92.07 61.27 12.34 277.39 2 42 4
27 13.22 51.32 30.56 348.76 7 14 3
28 81.04 92.80 39.75 324.33 1 34 3
29 29.63 4.17 12.05 469.11 17 27 1
30 49.35 84.47 41.15 456.56 16 24 3
31 5.75 4.39 5.61 257.71 4 13 2
32 2.03 20.54 25.50 242.65 5 34 4
33 36.50 90.67 33.93 303.11 7 46 2
34 17.09 43.13 20.43 253.04 4 12 4
35 74.00 88.93 16.93 169.99 12 25 3
36 14.63 64.68 42.80 121.05 0 21 3
37 18.62 20.27 34.53 150.04 7 20 1
38 5.41 98.22 49.75 274.88 13 20 3
39 20.40 22.15 26.67 175.19 2 16 3
40 16.59 92.28 7.40 294.83 7 17 1
41 61.20 72.13 42.05 288.88 17 26 1
42 98.29 76.66 34.38 335.11 13 38 3
43 13.36 42.97 41.42 136.73 11 13 3
44 82.76 77.10 10.93 336.52 10 14 1
45 34.02 4.42 28.81 335.96 6 6 4
46 36.69 18.47 21.58 117.50 2 38 3
47 52.82 72.36 5.54 129.00 6 25 1
48 71.21 65.10 5.80 85.13 12 29 1
49 34.44 91.37 46.74 184.68 13 34 2
50 51.43 62.11 36.28 471.31 20 24 4
51 57.68 25.24 45.51 209.77 0 12 4
52 16.34 78.60 31.27 192.12 8 29 2
53 8.15 94.31 48.29 248.29 17 39 2
54 13.58 65.40 36.65 258.63 24 34 1
55 49.85 91.75 41.42 237.82 0 14 1
56 59.85 17.23 22.99 480.23 15 23 4
57 31.00 74.31 26.50 357.60 19 30 1
58 89.03 74.85 2.62 142.28 0 1 3
59 80.54 60.68 4.53 162.78 0 27 1
60 52.19 6.83 46.31 258.38 8 29 1
61 57.68 28.21 14.61 302.70 14 42 3
62 28.77 96.10 30.62 282.11 13 26 3
63 5.09 25.67 10.05 225.18 10 21 4
64 85.09 89.55 14.80 178.51 6 21 3
65 38.89 57.65 49.69 429.64 22 33 4
66 76.13 43.55 37.60 82.37 21 25 4
67 57.10 82.30 21.72 406.45 22 48 1
68 57.28 89.61 3.05 116.49 17 33 4
69 88.02 12.18 42.09 53.03 5 31 3
70 3.17 38.34 37.61 75.58 3 26 1
71 72.31 33.77 43.68 298.02 9 32 1
72 28.74 78.44 23.43 449.97 15 23 1
73 88.02 83.30 6.72 273.08 0 17 1
74 97.68 34.65 47.94 374.42 23 46 2
75 4.67 75.74 25.42 327.65 1 13 1
76 74.25 41.11 26.56 231.74 13 40 2
77 84.11 99.30 28.36 240.18 4 19 4
78 47.94 15.47 29.08 340.78 17 21 2
79 45.37 54.26 45.40 250.74 3 27 2
80 77.05 4.56 24.39 209.79 15 19 1
81 69.47 78.19 31.16 75.82 0 12 1
82 15.64 67.08 46.42 53.41 17 43 2
83 89.48 26.73 4.22 214.41 9 27 1
84 69.09 26.99 43.68 84.02 4 45 2
85 17.64 65.43 48.70 159.46 7 39 1
86 72.05 66.51 12.72 134.77 17 19 1
87 12.33 10.35 22.37 89.81 24 26 1
88 36.53 40.60 40.37 219.95 13 31 4
89 57.98 38.98 23.99 261.36 0 33 1
90 72.98 25.27 42.62 367.91 22 26 4
91 62.39 63.88 20.16 448.68 11 27 2
92 3.15 56.57 38.17 343.44 21 40 3
93 35.70 51.29 11.94 476.54 17 46 2
94 9.87 51.58 33.54 402.34 9 28 3
95 82.63 49.39 35.94 272.69 1 5 3
96 96.67 13.02 0.65 482.94 17 35 4
97 31.95 65.74 31.37 199.19 14 32 2
98 82.88 0.31 3.28 288.19 13 25 4
99 60.38 56.97 9.71 271.32 11 40 2
100 7.05 74.73 17.20 438.54 17 21 3
101 48.61 55.39 22.97 309.62 14 37 1
102 81.15 86.32 42.98 99.12 1 38 4
103 91.57 32.43 20.85 295.48 16 21 2
104 7.95 59.20 46.44 195.02 21 40 2
105 7.85 23.72 45.70 359.35 19 35 2
106 34.66 8.80 44.84 357.12 1 29 1
107 30.30 60.57 8.56 177.01 24 25 3
108 79.18 26.55 40.99 420.97 1 33 4
109 10.16 78.04 37.65 267.63 12 29 4
110 87.80 97.50 37.77 440.71 3 40 4
111 26.93 22.51 4.92 196.89 0 13 1
112 23.38 90.82 43.33 82.79 23 24 3
113 30.17 41.10 7.71 382.75 0 4 3
114 45.96 84.60 15.88 389.10 5 33 3
115 13.94 93.49 49.79 68.22 23 29 4
116 9.20 82.97 46.31 180.32 16 43 4
117 23.50 81.35 1.51 400.45 14 21 4
118 35.14 20.30 44.17 236.32 13 47 1
119 21.45 65.84 33.40 247.58 17 28 4
120 56.84 99.72 1.76 153.20 6 23 4
121 83.11 16.82 38.74 490.30 6 26 3
122 43.10 30.95 22.30 406.36 4 47 1
123 65.70 55.16 30.12 177.11 8 38 2
124 13.00 14.31 35.33 245.34 6 28 3
125 88.19 65.52 48.15 115.54 24 42 1
126 7.11 95.91 47.60 185.37 6 38 2
127 48.32 31.38 3.00 276.81 24 28 1
128 65.02 76.93 47.46 125.20 20 34 4
129 61.64 1.64 22.27 216.62 24 25 3
130 33.78 47.76 26.75 485.36 16 29 4
131 38.06 59.72 3.09 186.25 24 25 3
132 89.50 45.70 35.75 218.22 9 29 1
133 0.26 48.10 29.41 294.40 18 30 3
134 40.30 57.22 22.18 436.25 15 42 2
135 87.74 26.53 48.26 270.21 23 40 4
136 87.04 2.81 25.53 111.78 22 37 3
137 84.33 67.07 49.58 228.33 16 43 4
138 69.98 63.97 34.40 103.68 0 11 2
139 70.56 69.95 38.05 133.93 20 32 1
140 83.38 86.34 49.03 104.61 24 24 2
141 87.87 99.95 11.22 144.70 6 41 2
142 98.84 21.31 27.44 376.08 18 19 4
143 69.92 16.85 38.32 146.91 12 37 1
144 98.53 19.23 17.54 324.13 16 43 4
145 32.00 78.36 15.92 424.78 6 17 2
146 41.18 72.96 26.56 216.29 16 26 1
147 88.79 41.31 3.41 352.38 11 25 4
148 79.36 66.80 35.19 273.84 18 29 4
149 96.83 15.44 33.70 90.78 22 42 1
150 15.15 67.62 49.08 243.34 5 16 2
151 10.96 38.76 6.63 195.45 20 40 1
152 15.26 63.02 19.92 167.65 7 12 3
153 80.71 86.14 40.03 192.27 20 30 2
154 89.50 78.36 48.55 347.02 22 23 1
155 18.69 8.95 13.16 195.77 9 17 1
156 54.79 2.81 16.50 378.30 17 39 1
157 23.21 27.33 31.39 274.94 23 39 4
158 93.86 48.59 43.01 491.59 24 40 1
159 40.22 57.18 9.56 472.19 14 47 4
160 30.25 27.06 13.94 362.97 22 32 2
161 4.25 4.73 19.63 310.38 17 18 1
162 18.77 35.28 42.20 389.83 19 42 2
163 20.54 43.53 44.02 247.55 22 46 3
164 45.26 45.94 40.39 221.49 9 42 3
165 52.29 79.95 40.43 370.38 7 36 3
166 96.16 20.34 3.63 204.81 7 19 4
167 61.54 72.48 33.19 299.36 21 39 3
168 18.00 64.35 32.23 394.82 7 36 4
169 77.98 28.43 47.31 383.15 23 38 1
170 72.66 23.44 40.07 64.05 10 17 3
171 9.80 62.81 6.56 386.61 4 11 3
172 86.77 29.08 23.42 87.39 8 16 2
173 68.01 21.25 13.69 100.04 20 45 2
174 39.31 60.70 31.72 161.16 11 18 3
175 27.80 25.24 10.49 125.53 13 37 4
176 78.71 85.20 5.18 190.15 15 21 3
177 60.87 25.77 9.26 307.26 2 3 4
178 28.36 73.22 46.98 319.22 9 18 4
179 61.26 30.29 46.60 332.93 24 39 2
180 51.43 10.16 21.17 128.72 8 45 2
181 24.01 54.73 42.52 196.57 17 26 2
182 68.66 10.29 5.46 247.84 5 29 2
183 41.28 51.69 20.90 406.61 23 33 3
184 73.81 69.96 7.83 54.83 1 47 1
185 43.12 56.25 41.29 450.54 1 19 2
186 21.36 96.75 30.11 304.60 11 38 1
187 62.84 13.32 40.25 79.50 10 45 3
188 71.97 53.22 49.94 272.32 2 36 4
189 6.51 84.21 4.65 68.56 19 34 1
190 12.16 47.41 44.61 409.94 23 44 2
191 17.86 60.47 26.29 118.23 11 29 2
192 48.44 29.99 25.30 379.96 12 39 3
193 9.11 78.16 35.16 156.67 7 33 3
194 54.20 1.70 7.80 135.02 24 36 3
195 12.06 30.16 36.56 399.31 2 17 2
196 20.04 10.97 22.80 274.49 13 48 2
197 38.09 52.46 29.83 102.26 19 29 3
198 44.01 98.51 14.58 210.05 1 37 1
199 97.64 48.67 16.20 223.09 24 30 4
200 19.19 37.25 34.26 58.40 2 4 2
201 46.39 26.20 15.24 451.56 7 25 3
202 60.63 25.91 40.03 353.82 10 18 1
203 95.59 13.44 40.89 177.01 0 4 3
204 99.49 43.16 3.37 258.27 19 37 3
205 45.78 80.04 32.71 340.34 15 31 1
206 35.34 68.88 30.39 348.71 1 46 3
207 56.02 83.64 33.81 495.93 4 24 3
208 33.97 76.54 42.58 196.56 11 48 2
209 66.84 83.21 3.03 386.41 23 27 1
210 20.72 52.36 18.32 488.92 12 22 3
211 75.74 57.88 34.86 441.76 23 44 4
212 75.09 18.58 19.02 320.11 20 36 4
213 96.15 83.16 9.00 379.52 1 45 2
214 13.11 19.35 8.72 189.47 5 5 2
215 84.78 35.17 30.29 131.61 15 34 4
216 57.08 80.06 39.58 334.29 18 20 3
217 40.47 58.18 17.76 324.59 13 15 4
218 81.18 80.63 13.13 158.21 24 26 3
219 11.25 41.81 2.24 121.80 7 11 2
220 70.38 32.99 43.96 156.98 14 40 2
221 4.70 94.15 37.32 77.56 16 41 1
222 58.74 0.66 25.78 262.44 20 46 3
223 68.04 73.46 24.42 410.00 4 19 1
224 71.89 58.54 15.06 357.55 2 29 4
225 20.21 94.88 17.27 287.36 22 32 3
226 16.56 18.29 7.07 371.96 5 17 4
227 18.53 16.30 19.98 193.69 5 28 4
228 34.30 79.41 10.03 454.04 19 47 4
229 76.14 14.42 38.31 106.29 14 30 2
230 40.86 68.70 24.19 277.60 16 48 1
231 21.50 11.63 37.64 439.39 21 39 2
232 73.96 1.32 10.60 406.30 18 32 1
233 79.17 72.34 35.45 189.03 6 40 1
234 88.67 49.62 22.68 150.38 14 36 4
235 41.15 97.26 28.75 440.75 11 13 2
236 76.21 18.06 33.57 465.13 24 39 2
237 2.38 54.80 25.67 212.98 15 38 1
238 41.47 13.78 9.05 154.96 15 35 4
239 9.66 64.15 33.99 167.70 1 4 3
240 40.37 97.55 2.62 218.92 3 32 2
241 14.62 64.50 17.07 126.55 16 28 1
242 68.73 94.04 28.60 65.87 10 22 1
243 86.76 2.63 27.35 413.37 0 40 4
244 54.12 48.48 39.15 232.86 5 6 1
245 51.94 68.52 5.68 146.20 8 14 3
246 76.54 74.98 32.98 57.26 18 35 2
247 13.94 88.65 40.86 475.74 5 23 1
248 28.97 52.51 15.90 234.60 2 20 2
249 47.96 19.74 45.64 214.41 7 23 3
250 91.79 2.28 34.67 340.09 12 15 1
251 56.86 12.07 17.84 449.53 19 26 4
252 73.52 72.00 35.95 223.57 7 37 1
253 59.64 24.34 32.27 453.36 14 21 3
254 47.42 7.05 30.83 410.33 20 39 3
255 75.45 52.23 17.90 64.61 13 17 2
256 77.44 50.51 39.01 136.90 3 47 4
257 69.50 39.42 38.92 166.09 8 25 2
258 74.05 46.21 14.80 157.26 16 23 2
259 49.70 55.79 9.66 386.18 9 41 4
260 55.08 22.34 11.07 438.27 22 38 1
261 81.74 66.84 15.20 171.93 17 28 1
262 97.96 31.03 8.77 302.94 18 44 1
263 9.26 98.42 34.69 175.12 18 43 4
264 89.14 40.81 24.16 427.26 14 46 4
265 74.31 79.22 42.75 197.23 17 46 4
266 91.71 56.58 3.38 77.35 3 48 1
267 14.73 59.65 13.94 166.35 0 15 1
268 40.04 45.38 31.10 138.32 14 40 1
269 61.86 69.83 10.92 76.51 4 7 1
270 64.38 87.73 8.94 192.14 4 34 2
271 74.42 41.38 43.56 372.60 0 6 4
272 7.02 44.17 41.14 497.97 2 30 1
273 46.07 48.22 25.80 202.20 18 42 3
274 35.76 78.98 5.01 387.81 19 45 1
275 22.73 2.29 7.15 486.22 3 21 3
276 89.94 31.34 32.59 197.76 15 29 4
277 25.83 65.43 39.37 289.90 22 38 1
278 15.29 51.54 43.06 181.40 14 25 2
279 15.79 90.76 27.51 115.33 13 31 1
280 63.23 48.90 24.54 97.60 17 40 1
281 79.74 25.22 35.94 352.60 6 25 2
282 3.79 36.51 42.39 202.22 18 48 3
283 7.13 87.60 27.55 228.65 6 41 2
284 93.60 52.41 44.48 259.13 13 18 3
285 90.04 79.96 14.00 142.26 17 21 1
286 83.42 25.31 19.28 459.91 7 31 2
287 61.17 79.68 45.57 436.80 24 34 3
288 80.44 20.74 48.92 389.99 11 13 4
289 21.76 58.35 33.08 318.08 10 28 2
290 97.21 75.88 4.51 146.40 18 34 4
291 8.06 91.39 34.58 492.63 24 24 1
292 60.50 5.75 18.06 89.38 3 14 2
293 45.38 65.02 39.34 413.18 10 26 3
294 54.97 87.37 35.27 382.51 15 48 2
295 46.82 84.64 29.67 285.43 17 34 2
296 55.05 50.28 41.85 129.53 8 21 2
297 28.06 34.32 0.22 201.28 12 36 2
298 28.40 37.14 1.05 58.14 0 18 3
299 16.60 60.48 39.75 218.14 10 16 4
300 82.44 3.40 47.04 239.85 4 8 2
301 42.74 97.48 33.17 409.91 22 29 4
302 45.78 63.15 8.08 95.24 24 36 2
303 37.60 18.29 21.17 320.26 21 21 2
304 56.89 23.04 42.12 446.33 23 29 2
305 97.68 29.07 45.59 481.96 5 12 4
306 85.79 45.57 34.17 160.80 9 16 1
307 5.69 48.70 12.84 125.12 10 12 1
308 2.89 64.98 12.69 110.10 24 42 2
309 30.48 69.15 0.35 417.69 14 27 3
310 97.39 71.87 17.93 332.99 3 23 3
311 49.74 18.35 0.67 134.29 2 20 1
312 63.93 79.40 22.31 119.73 21 47 2
313 33.56 52.43 12.51 211.55 0 3 1
314 70.67 14.78 36.66 199.03 11 35 3
315 12.96 0.82 20.84 60.12 13 41 3
316 90.74 52.98 5.91 285.20 13 41 3
317 28.69 9.28 32.22 480.12 15 24 3
318 39.76 32.76 26.92 183.70 24 43 1
319 11.14 33.23 25.55 112.70 1 5 2
320 91.81 93.57 11.62 79.86 22 47 4
321 41.56 23.72 27.98 361.70 11 26 2
322 45.46 88.82 10.89 63.06 11 40 3
323 23.70 33.63 17.42 462.52 14 40 1
324 38.43 45.34 27.27 90.91 2 2 2
325 71.35 8.95 20.87 153.18 20 29 2
326 56.85 91.07 24.71 191.51 11 12 4
327 80.43 52.00 23.96 392.74 5 10 3
328 75.36 76.60 24.28 142.06 13 20 4
329 35.57 95.91 8.58 65.29 11 35 1
330 20.37 4.85 25.28 139.20 3 10 4
331 48.20 48.25 28.90 180.27 7 34 4
332 68.81 90.22 14.45 256.75 11 15 3
333 52.77 74.44 36.88 63.09 13 24 4
334 12.16 70.37 25.26 242.13 13 35 3
335 20.72 84.53 24.87 295.10 0 35 2
336 13.45 84.16 30.18 123.31 19 31 3
337 48.85 76.69 47.10 77.13 3 13 3
338 45.53 52.74 23.69 293.21 0 7 3
339 64.47 41.81 31.41 452.35 11 27 4
340 91.39 44.58 18.22 180.94 14 42 1
341 89.85 60.17 2.65 85.58 19 42 1
342 80.84 6.06 0.10 435.18 14 27 4
343 24.82 24.95 49.19 485.55 10 40 4
344 54.67 56.13 11.51 427.56 7 16 3
345 14.74 9.41 31.70 157.18 8 11 4
346 39.24 97.51 32.74 293.52 8 10 1
347 22.32 31.86 18.22 475.90 4 25 2
348 59.07 31.28 8.86 149.60 16 39 4
349 27.33 14.98 31.84 63.51 7 48 2
350 77.01 94.56 15.60 343.53 6 12 2
351 92.90 61.31 15.57 321.22 19 46 1
352 16.00 81.53 45.69 406.54 8 31 3
353 30.68 48.08 39.15 357.63 3 43 3
354 10.75 88.78 33.20 329.46 9 28 1
355 25.75 76.47 18.66 454.08 10 35 3
356 52.05 40.01 47.38 107.48 2 44 2
357 49.50 66.55 4.19 176.24 14 34 3
358 10.79 76.81 5.18 480.41 20 33 4
359 71.33 2.31 6.90 84.02 4 10 4
360 27.19 63.23 10.05 92.89 3 41 2
361 11.33 93.69 30.81 167.56 0 14 2
362 39.10 63.55 21.91 382.43 2 36 2
363 96.63 97.31 18.34 140.39 9 36 4
364 76.65 52.38 25.94 262.56 19 24 4
365 98.37 85.73 1.54 436.48 10 14 3
366 25.05 9.92 10.83 89.33 14 38 3
367 6.27 62.64 25.00 216.47 23 30 2
368 33.95 75.47 48.11 266.28 4 34 2
369 82.46 64.30 17.11 394.37 18 27 1
370 84.88 5.75 26.99 357.52 12 48 1
371 54.50 83.89 17.48 280.16 17 42 1
372 62.79 73.28 34.59 234.47 23 44 2
373 48.01 43.33 19.53 240.54 13 27 3
374 27.44 81.53 39.61 410.57 0 17 3
375 38.39 80.71 40.45 349.82 23 39 4
376 4.88 42.14 25.31 325.04 21 27 4
377 1.98 75.03 11.61 453.75 4 31 4
378 60.95 34.14 15.68 202.77 0 42 3
379 22.37 66.73 34.76 120.69 10 24 1
380 57.33 59.23 26.86 308.88 5 18 2
381 72.64 62.31 18.41 431.27 20 24 1
382 71.04 56.76 37.89 250.36 4 12 1
383 39.82 26.74 33.03 483.81 10 20 3
384 86.59 36.63 46.33 233.40 8 17 2
385 94.24 20.47 1.02 176.48 22 48 4
386 15.87 71.96 42.11 277.21 12 26 4
387 23.68 86.83 42.18 470.32 1 24 2
388 6.44 20.29 30.85 452.39 12 41 3
389 98.46 56.07 16.51 361.89 21 48 4
390 15.05 13.38 46.99 283.30 11 20 3
391 74.11 50.49 25.17 314.08 1 45 1
392 61.40 29.79 9.73 412.09 5 11 3
393 74.77 71.23 24.30 446.04 4 12 2
394 0.33 29.07 32.76 59.83 5 45 2
395 69.34 70.36 7.56 279.04 14 29 1
396 99.58 44.16 21.96 455.85 10 15 4
397 56.75 42.08 13.16 108.25 23 27 4
398 84.90 6.75 31.97 376.02 14 42 2
399 80.54 90.03 17.18 148.02 15 31 3
400 51.47 0.43 48.12 85.64 14 20 4
1 112.78 4943.93 1
2 183.95 2650.52 2
3 128.95 4079.36 3
4 173.80 3301.89 4
1 1.84 47.61 3
2 1.89 40.20 2
3 1.28 43.22 1
4 1.92 40.63 2
5 1.28 36.75 2
6 1.20 48.89 4
7 1.79 33.86 4
8 1.43 29.58 1
