Data for Vehicle routing problem with drones - Author: Huyen Do Thi Ngoc
Number of depots: 2
Number of cities: 200
Number of trucks: 3
Number of drones: 4
Area: 100 100 50
Customer maximum demand: 500
Max capacity of truck: 200
Max energy of truck: 5000
Max capacity of drone: 2
Max energy of drone: 50
1 39.15 93.33 36.07
2 37.48 86.48 1.97
1 96.55 28.17 36.04 404.63 13 28 2
2 52.69 63.22 15.66 325.83 19 33 1
3 18.06 2.90 12.92 252.88 18 30 1
4 63.68 78.03 5.06 118.73 6 9 1
5 47.01 46.02 49.92 418.41 24 48 2
6 71.48 89.49 46.85 226.75 18 44 2
7 23.98 58.40 14.15 418.33 11 33 1
8 50.56 32.54 44.45 78.92 23 39 1
9 0.03 37.45 37.82 304.89 16 28 1
10 37.02 92.64 32.61 228.21 6 20 2
11 60.79 35.37 15.95 209.03 10 48 1
12 57.72 16.52 25.58 86.75 9 12 1
13 6.34 57.99 22.86 82.37 24 48 2
14 25.04 70.33 16.97 77.89 6 15 1
15 37.68 91.09 1.06 101.70 22 36 1
16 91.41 61.33 27.04 493.74 1 22 1
17 81.13 54.96 22.92 257.87 21 43 1
18 53.49 7.81 26.33 175.12 14 29 2
19 89.71 10.39 48.70 434.69 0 31 1
20 86.11 62.93 31.46 452.16 24 47 1
21 10.16 12.48 38.60 103.58 13 34 1
22 43.75 57.62 13.54 383.36 13 17 1
23 52.79 67.47 0.71 87.60 6 47 1
24 1.87 52.64 38.44 182.81 0 47 1
25 32.84 56.87 31.39 450.28 3 43 1
26 89.92 8.68 18.85 88.35 15 37 1
27 70.75 26.65 17.19 308.82 1 46 2
28 90.04 88.98 41.48 236.49 11 20 1
29 14.89 27.83 31.11 312.86 16 21 2
30 72.39 34.75 40.27 432.67 12 43 1
31 14.44 39.62 4.29 161.80 19 22 1
32 29.66 28.35 19.29 469.63 3 45 2
33 99.41 50.79 44.95 409.50 14 37 1
34 71.92 23.82 22.94 277.46 12 45 1
35 83.99 25.24 39.13 490.14 1 22 2
36 2.98 12.58 32.61 453.82 18 25 1
37 68.82 31.13 1.31 139.12 14 20 2
38 67.87 90.99 37.55 234.83 1 32 2
39 46.87 67.17 13.39 433.36 17 21 1
40 59.23 70.70 24.72 489.37 24 25 1
41 55.87 25.35 21.80 255.16 23 43 1
42 15.54 79.24 3.73 288.73 12 34 2
43 10.11 73.84 3.27 336.47 0 35 2
44 28.92 24.76 40.25 360.16 17 22 2
45 90.45 40.13 11.18 373.53 18 38 2
46 15.36 9.67 12.68 430.99 7 15 2
47 51.72 81.46 23.34 261.48 8 9 2
48 31.42 81.67 8.83 304.46 11 18 2
49 17.83 18.85 25.63 391.78 0 7 2
50 24.98 12.71 47.96 480.71 21 46 1
51 16.23 70.70 44.08 168.05 13 42 2
52 85.71 15.13 25.13 112.86 17 48 1
53 57.27 57.35 20.31 223.43 5 42 2
54 54.44 53.00 37.17 272.46 14 19 2
55 61.01 6.91 14.48 317.34 24 38 1
56 77.15 75.14 30.92 401.65 3 11 1
57 89.23 96.81 40.71 142.33 3 18 1
58 23.23 50.10 47.48 91.56 17 36 1
59 40.78 2.81 3.32 80.53 0 33 1
60 13.52 43.83 49.68 194.98 13 24 1
61 17.32 91.27 17.85 317.37 15 16 2
62 59.31 90.67 44.96 170.53 5 25 2
63 85.88 17.48 38.87 473.19 4 9 1
64 51.07 67.66 45.86 448.48 2 18 1
65 76.47 22.39 34.21 406.46 11 38 2
66 18.52 11.51 28.37 432.77 10 22 2
67 92.65 95.81 45.78 411.67 14 33 2
68 85.29 3.83 38.19 138.87 21 32 1
69 65.74 9.69 1.82 101.94 3 6 1
70 17.87 1.28 36.58 386.60 0 0 2
71 32.76 56.04 28.18 413.00 20 30 1
72 79.43 38.51 34.29 95.72 14 29 2
73 44.36 15.62 40.10 386.72 11 29 1
74 2.00 0.67 18.93 415.87 5 29 2
75 73.12 15.11 25.23 402.24 23 26 1
76 12.56 65.34 5.75 475.37 21 22 1
77 95.63 69.35 46.29 210.18 15 36 1
78 60.70 13.96 7.21 333.34 14 40 2
79 85.35 90.83 29.08 223.24 22 32 2
80 69.55 63.23 42.93 463.59 14 24 2
81 52.10 69.10 19.94 459.68 2 20 2
82 60.32 50.76 16.88 456.32 3 18 1
83 11.93 71.64 0.31 378.84 9 14 2
84 45.25 72.12 6.40 468.60 14 38 1
85 1.77 84.06 21.58 309.00 15 45 1
86 5.09 2.89 12.77 288.15 11 27 2
87 34.22 34.31 21.81 90.49 15 48 2
88 1.90 85.83 10.77 292.01 15 44 1
89 26.84 23.25 48.51 343.94 20 43 1
90 20.32 51.77 33.63 336.46 23 40 2
91 30.17 17.99 2.47 394.19 23 34 2
92 85.49 4.52 16.87 199.39 21 25 2
93 75.23 54.86 15.84 149.18 3 38 2
94 63.12 52.96 13.87 406.89 13 44 1
95 75.12 21.46 1.23 473.73 13 19 2
96 18.24 22.18 28.59 118.97 17 45 2
97 1.26 56.38 42.34 126.27 5 8 1
98 17.57 33.97 45.17 339.29 20 27 1
99 72.54 33.95 7.11 243.53 8 40 1
100 81.38 65.67 25.09 318.38 12 14 1
101 23.59 80.67 47.84 273.89 9 46 2
102 53.34 99.36 47.05 405.15 7 35 2
103 98.08 86.34 43.95 441.21 23 25 1
104 26.33 85.02 40.98 359.96 16 31 1
105 36.76 10.85 43.61 199.37 13 13 1
106 78.81 64.01 9.88 290.55 11 32 2
107 49.81 73.66 47.12 171.86 3 34 2
108 44.24 8.37 19.07 259.27 8 24 1
109 46.17 59.69 17.42 425.85 17 38 2
110 95.63 50.89 19.53 372.35 18 28 2
111 67.36 71.04 24.10 160.66 15 19 2
112 45.81 27.22 46.39 368.85 2 22 1
113 94.47 34.89 0.82 127.19 23 30 1
114 33.94 5.02 46.05 386.16 16 47 2
115 86.62 33.21 31.68 329.95 18 48 1
116 71.06 51.95 8.91 254.19 21 25 2
117 32.77 72.30 1.60 384.19 7 28 1
118 79.56 39.57 9.31 295.10 2 15 1
119 24.63 62.31 34.26 399.86 13 16 1
120 19.41 50.74 42.47 70.86 22 31 2
121 40.26 65.92 39.61 99.98 5 11 1
122 32.83 75.97 45.04 499.84 0 25 1
123 26.04 98.24 47.02 138.84 21 23 2
124 21.52 61.71 48.16 90.36 15 48 1
125 32.53 73.63 46.13 331.39 13 16 1
126 59.48 73.91 16.80 349.80 7 21 2
127 38.67 12.38 29.09 420.38 22 36 2
128 30.94 5.41 49.61 98.67 12 21 2
129 66.37 77.67 34.58 391.60 4 47 2
130 39.79 87.40 0.36 287.99 18 28 1
131 15.77 30.38 23.63 233.59 18 42 1
132 54.31 15.52 2.80 399.85 2 43 2
133 43.16 95.25 31.96 166.77 10 36 2
134 42.75 17.14 37.97 266.13 16 25 2
135 49.69 54.08 25.26 155.23 16 42 1
136 67.15 26.43 9.70 162.68 18 19 2
137 67.21 87.43 0.68 53.84 21 37 1
138 94.12 59.46 27.60 448.91 16 33 1
139 7.07 55.47 39.26 396.81 10 47 1
140 49.49 98.96 27.23 134.79 9 36 2
141 26.68 83.53 36.98 221.64 2 37 1
142 91.43 49.34 7.71 455.23 24 46 1
143 55.10 72.01 47.02 395.00 7 43 2
144 80.46 82.68 33.21 344.13 11 25 2
145 39.58 66.27 32.84 344.45 2 19 2
146 98.05 66.39 44.98 86.10 15 32 2
147 52.55 2.18 17.54 172.68 1 47 1
148 46.22 56.98 41.15 232.08 2 11 2
149 93.03 53.93 14.88 144.81 7 44 2
150 17.79 45.65 4.09 219.74 15 35 1
151 93.27 21.73 0.58 310.40 14 21 2
152 4.59 58.35 36.67 382.18 20 29 2
153 16.56 18.33 4.52 430.16 15 33 2
154 53.00 79.81 13.79 451.96 13 25 1
155 59.61 15.65 39.32 389.36 17 26 2
156 55.90 13.25 31.71 141.69 10 30 2
157 93.42 66.82 31.85 223.71 11 29 2
158 0.75 50.21 45.21 428.20 22 47 1
159 15.71 38.43 37.51 366.04 8 26 1
160 7.27 67.60 49.80 157.52 3 11 2
161 31.44 84.74 32.42 264.86 2 4 2
162 31.17 85.12 16.67 62.00 10 44 1
163 81.18 32.01 25.94 158.15 19 20 2
164 23.87 52.89 13.36 411.21 3 44 1
165 51.08 3.46 6.80 256.58 17 30 2
166 48.17 82.78 18.12 283.16 1 14 1
167 58.60 70.56 44.99 206.67 4 19 1
168 70.28 75.01 6.08 195.78 6 41 2
169 18.62 78.41 3.87 261.92 16 19 2
170 50.28 24.88 44.23 347.97 10 31 2
171 23.36 57.66 28.71 489.23 23 46 1
172 60.43 55.75 5.95 470.53 3 24 2
173 8.24 85.58 45.31 385.31 8 12 1
174 50.83 1.29 14.23 68.75 8 33 2
175 56.31 26.45 13.18 313.27 18 39 1
176 33.33 39.23 24.43 334.52 7 35 1
177 1.81 66.67 35.12 90.96 19 27 1
178 1.66 67.94 17.77 190.51 10 34 2
179 32.57 7.17 19.28 306.06 15 15 1
180 54.00 23.39 21.68 172.49 9 40 1
181 4.21 1.08 7.88 203.01 7 25 2
182 28.52 49.59 0.12 278.46 15 18 2
183 11.78 18.49 20.53 316.79 6 48 2
184 1.76 54.75 46.78 479.37 10 10 2
185 66.77 25.92 41.01 137.61 7 14 2
186 4.96 11.10 6.89 383.95 13 37 1
187 94.43 9.44 38.86 109.92 9 45 2
188 53.44 42.38 30.32 226.29 9 30 2
189 25.41 19.92 15.17 441.13 8 23 2
190 21.50 61.50 18.54 403.31 13 36 1
191 87.46 94.92 41.38 77.13 12 39 2
192 24.09 60.10 29.29 377.43 15 42 2
193 67.56 12.32 31.78 436.54 18 46 1
194 28.45 51.06 19.93 481.12 18 19 2
195 93.01 38.76 40.51 82.18 16 21 1
196 59.59 57.63 31.12 156.05 18 35 1
197 85.28 3.44 4.64 87.13 10 44 2
198 43.07 57.51 42.48 323.06 21 23 1
199 1.61 91.86 29.79 361.68 20 20 2
200 93.42 9.72 12.11 422.04 5 33 1
1 182.45 3646.11 1
2 117.27 4335.23 2
3 128.62 2655.06 2
1 1.47 37.55 1
2 1.19 44.10 1
3 2.00 47.10 2
4 1.11 42.06 2
