Data for Vehicle routing problem with drones - Author: Huyen Do Thi Ngoc
Number of depots: 5
Number of cities: 300
Number of trucks: 6
Number of drones: 16
Area: 100 100 50
Customer maximum demand: 500
Max capacity of truck: 200
Max energy of truck: 5000
Max capacity of drone: 2
Max energy of drone: 50
1 98.34 16.75 32.98
2 68.29 19.02 49.05
3 35.59 68.92 23.08
4 75.42 49.47 18.32
5 42.43 98.16 21.21
1 50.42 64.57 47.81 301.34 5 10 5
2 41.03 6.80 5.00 91.75 18 19 4
3 51.11 0.61 26.18 68.47 8 24 5
4 47.85 28.47 30.28 415.21 2 32 4
5 36.77 84.93 16.14 202.42 16 35 2
6 98.14 26.94 10.27 139.67 11 30 1
7 55.75 95.15 14.98 186.67 7 46 2
8 88.91 43.70 20.98 73.19 13 31 2
9 22.53 36.44 33.09 297.65 8 17 5
10 41.21 16.87 7.76 426.47 13 14 1
11 84.33 8.93 0.49 146.12 21 22 1
12 64.16 7.25 13.43 53.27 12 30 3
13 71.79 26.11 35.76 298.97 9 30 1
14 2.41 67.52 0.05 151.63 15 43 5
15 71.11 71.33 14.16 188.21 17 48 2
16 80.28 85.18 12.39 431.44 4 25 2
17 67.84 40.19 24.87 494.90 11 12 2
18 26.89 62.30 4.57 487.19 5 12 1
19 69.97 98.96 40.39 351.27 21 27 2
20 66.11 96.63 7.89 131.85 1 31 5
21 34.92 46.84 19.34 153.05 13 29 3
22 6.48 17.04 40.35 381.27 12 20 5
23 87.83 76.88 37.00 108.53 4 14 2
24 11.87 31.85 35.18 248.35 18 40 1
25 24.76 51.73 5.76 111.70 11 22 1
26 90.28 83.73 2.05 126.09 19 23 5
27 70.17 70.14 16.00 366.63 22 33 1
28 66.56 32.20 24.33 435.98 1 8 2
29 34.65 30.66 42.23 258.62 9 38 4
30 41.18 22.42 31.14 109.58 0 13 5
31 65.86 18.01 43.30 291.55 8 25 5
32 94.53 36.92 41.09 168.98 23 46 2
33 16.44 60.15 4.73 101.40 5 46 1
34 77.91 61.53 46.50 191.83 2 48 5
35 32.14 99.41 22.10 78.54 13 48 3
36 36.27 19.79 17.85 291.74 3 6 4
37 68.42 28.39 24.67 296.49 11 35 5
38 5.63 41.64 45.19 116.51 5 10 5
39 48.77 84.05 13.78 62.52 5 23 4
40 40.10 98.23 35.58 328.05 0 3 2
41 34.04 13.24 23.10 332.03 6 11 1
42 62.18 7.58 27.00 236.68 9 27 5
43 70.40 51.02 25.84 93.64 24 45 1
44 37.01 58.68 20.47 451.99 13 31 2
45 92.65 72.27 12.93 442.29 23 28 4
46 8.30 57.79 3.08 383.80 18 41 2
47 49.02 73.02 7.29 53.51 8 16 4
48 32.54 34.55 28.36 198.71 16 41 4
49 32.36 61.21 24.46 295.96 10 44 5
50 77.39 15.68 19.23 149.48 11 36 1
51 79.46 67.43 42.68 298.39 6 32 2
52 46.85 40.23 13.73 412.02 20 35 4
53 0.66 40.73 44.21 344.56 0 20 5
54 71.11 45.19 2.61 104.59 19 22 2
55 29.13 16.99 22.23 131.48 7 39 3
56 37.12 74.43 24.67 454.74 1 48 3
57 72.72 3.59 22.12 388.67 16 18 4
58 37.38 49.93 38.88 492.30 1 6 3
59 41.62 2.31 8.06 298.43 20 40 2
60 60.26 78.70 23.02 361.87 5 15 4
61 93.97 28.98 49.59 225.04 1 29 3
62 53.04 19.15 16.86 107.85 9 10 1
63 90.00 41.17 3.48 373.43 1 7 2
64 34.71 40.92 46.78 287.02 8 19 2
65 49.93 37.05 25.78 283.65 9 10 5
66 89.15 9.34 6.07 82.07 2 9 1
67 61.42 67.13 22.90 113.01 23 44 2
68 86.71 8.31 7.28 191.32 1 9 4
69 72.95 21.65 7.26 162.02 14 29 1
70 17.70 56.92 29.24 179.68 12 27 1
71 8.19 84.66 36.53 390.51 19 21 5
72 35.31 6.53 15.27 223.79 18 26 5
73 14.01 70.83 37.44 113.37 20 32 5
74 44.88 40.35 6.55 405.22 3 48 4
75 10.73 31.28 40.55 183.81 23 33 5
76 29.68 55.04 36.63 365.46 21 32 3
77 4.18 16.76 21.15 175.98 15 47 5
78 53.47 32.54 22.78 207.67 10 11 2
79 29.35 67.49 36.00 372.86 15 41 3
80 79.62 87.06 15.84 452.14 20 35 3
81 14.72 48.56 12.05 262.45 16 40 1
82 25.50 90.22 21.37 356.09 4 28 3
83 20.17 79.25 7.42 362.66 18 48 2
84 4.36 74.06 9.97 492.82 4 43 1
85 43.10 20.03 7.51 416.19 16 31 1
86 54.52 23.23 43.79 421.68 14 21 4
87 25.73 33.73 8.03 322.57 20 26 2
88 32.11 78.52 49.98 155.62 2 8 4
89 68.20 83.11 28.35 226.78 7 45 4
90 12.06 12.37 15.14 469.02 22 45 3
91 52.26 4.42 12.97 174.11 22 43 2
92 32.73 56.50 23.59 321.73 22 24 3
93 13.28 14.20 48.79 280.73 16 48 4
94 47.60 50.61 6.53 179.00 6 26 3
95 52.56 11.88 5.66 462.15 11 15 3
96 73.11 15.09 47.34 141.68 10 48 3
97 12.09 88.09 45.88 66.43 0 20 3
98 33.31 59.55 29.12 186.61 10 36 1
99 90.38 51.91 19.29 261.75 11 39 5
100 48.11 41.72 45.77 305.58 11 14 2
101 68.99 10.22 0.40 383.44 15 24 5
102 57.79 98.61 6.08 59.75 0 12 3
103 31.34 40.55 24.23 330.68 14 27 2
104 94.09 3.30 20.07 421.25 23 26 5
105 3.03 0.49 20.70 209.87 14 35 5
106 39.25 81.24 12.16 196.60 6 40 1
107 48.52 92.28 20.67 459.86 19 30 4
108 54.40 82.85 28.40 375.45 17 31 4
109 94.79 17.98 1.68 131.82 14 46 3
110 81.46 92.52 36.04 232.90 2 13 3
111 85.35 45.36 49.04 195.87 13 34 4
112 8.84 67.97 11.72 359.30 23 39 1
113 64.54 10.61 11.47 416.62 18 19 2
114 6.00 68.94 32.20 479.08 6 42 4
115 14.30 38.68 6.15 407.57 24 25 1
116 9.13 10.49 46.01 251.75 22 29 3
117 61.58 93.86 23.44 81.16 24 32 5
118 64.85 65.46 11.13 407.84 7 38 2
119 71.97 13.60 16.61 441.49 16 18 2
120 9.83 56.52 14.90 337.04 17 24 4
121 31.50 76.85 17.21 475.07 19 26 3
122 90.73 37.85 17.71 93.85 8 8 1
123 8.12 11.91 4.69 137.94 23 41 3
124 28.56 42.18 46.86 196.48 9 11 3
125 2.67 2.52 38.82 459.86 18 21 2
126 54.63 31.15 19.66 321.19 23 31 2
127 68.92 54.69 35.69 311.27 4 27 2
128 91.77 35.08 29.28 74.06 18 22 2
129 16.20 40.03 31.13 221.70 14 39 1
130 98.19 69.93 44.86 169.08 12 37 3
131 46.78 35.28 22.60 375.74 23 27 5
132 63.24 63.56 6.47 78.36 4 11 5
133 76.53 13.84 38.35 207.67 21 33 5
134 0.22 67.62 3.86 233.97 9 13 5
135 60.50 20.75 34.63 250.64 20 38 1
136 76.81 57.40 13.29 398.37 9 34 3
137 93.53 77.15 10.71 344.96 19 45 4
138 12.99 49.28 9.92 497.52 24 25 2
139 77.55 73.77 30.59 110.78 2 46 4
140 50.30 12.57 7.02 393.60 6 22 5
141 48.86 36.38 4.67 496.50 24 44 5
142 57.38 10.48 32.59 323.85 16 17 3
143 21.79 34.00 32.05 422.47 6 37 3
144 30.05 40.67 45.44 299.46 13 30 4
145 79.97 73.00 48.50 153.25 16 42 4
146 1.88 45.62 7.64 344.63 2 43 5
147 28.08 81.41 35.97 470.19 18 20 3
148 52.49 36.23 46.31 439.48 0 18 2
149 83.80 86.47 13.06 360.30 12 30 2
150 58.79 18.16 29.81 429.25 5 5 2
151 55.73 29.75 31.72 203.86 5 10 1
152 46.98 5.15 2.56 92.37 7 46 3
153 33.39 80.47 38.13 414.60 21 33 3
154 91.56 96.82 36.70 251.57 4 29 4
155 72.27 5.79 2.17 262.97 3 18 3
156 27.09 65.77 24.15 69.94 21 34 4
157 8.00 79.09 10.20 203.88 16 17 4
158 94.55 19.06 22.74 225.76 6 43 1
159 93.72 23.93 14.57 406.20 11 45 5
160 12.87 93.20 6.18 147.74 9 30 4
161 69.13 10.54 38.51 334.74 9 14 4
162 51.31 76.02 42.99 219.85 5 18 4
163 33.37 3.65 15.98 379.03 22 37 1
164 74.16 9.75 29.05 355.89 13 13 5
165 66.12 19.39 33.16 111.82 16 40 3
166 58.22 3.36 33.39 155.11 20 38 1
167 81.73 13.62 0.06 389.11 8 8 5
168 91.45 35.24 8.45 265.31 19 42 2
169 28.43 3.93 8.72 170.09 19 19 2
170 33.05 36.68 27.91 471.03 16 24 2
171 90.37 64.25 3.93 318.21 7 47 1
172 85.57 58.43 17.87 204.63 18 44 1
173 81.03 7.78 13.44 408.07 9 31 2
174 72.81 88.84 40.86 304.05 10 46 3
175 54.40 25.36 39.41 439.86 24 45 1
176 7.21 85.71 47.70 451.02 9 17 2
177 72.92 30.69 34.05 82.79 10 33 5
178 5.35 66.66 20.46 171.49 9 20 1
179 15.15 50.53 31.62 239.37 19 27 3
180 76.28 19.85 15.12 227.51 16 27 4
181 37.90 11.33 19.84 112.09 8 34 1
182 22.82 37.97 46.98 54.22 21 23 5
183 27.33 19.50 33.18 114.81 24 25 3
184 81.57 89.75 1.39 161.91 14 43 2
185 55.05 67.04 1.62 124.82 16 18 3
186 53.73 97.11 15.40 252.34 17 24 2
187 38.17 12.13 8.62 232.94 3 27 1
188 82.39 99.33 36.85 472.04 0 1 1
189 67.11 30.65 40.00 409.03 7 35 4
190 19.22 13.55 49.95 392.55 12 23 4
191 55.73 54.99 33.49 459.21 20 40 5
192 42.55 77.84 49.18 207.33 13 15 3
193 14.37 94.88 30.04 229.89 22 40 2
194 86.75 69.39 47.87 344.36 17 43 1
195 23.13 82.02 49.33 144.77 23 25 3
196 2.75 15.67 27.47 137.38 0 29 2
197 53.54 57.61 44.61 61.13 9 20 2
198 91.09 6.94 15.11 59.79 22 48 5
199 70.84 49.09 22.54 430.55 14 28 1
200 51.18 99.63 2.04 419.64 15 26 4
201 81.73 99.96 9.45 202.97 5 30 2
202 31.44 84.83 39.96 423.73 13 27 2
203 1.42 7.89 37.32 163.97 10 39 5
204 12.50 44.81 8.71 419.06 16 24 5
205 10.17 79.34 3.30 483.27 23 36 3
206 91.65 28.82 10.94 297.88 5 44 2
207 2.91 68.05 45.18 340.95 18 23 4
208 56.24 41.45 49.46 257.47 20 24 1
209 20.16 17.39 41.30 131.62 3 16 5
210 47.69 56.11 37.57 375.89 22 44 4
211 10.62 81.11 12.71 399.35 8 39 2
212 29.56 28.04 32.98 267.24 2 41 4
213 71.61 21.45 12.21 160.44 17 42 4
214 40.40 87.20 39.08 478.19 21 26 3
215 96.73 12.32 5.78 445.30 4 7 5
216 70.20 34.72 1.94 80.54 20 23 2
217 97.41 99.61 46.83 116.42 22 40 5
218 95.40 27.00 1.46 176.40 6 40 2
219 94.15 67.90 21.94 325.15 8 48 4
220 90.30 22.25 29.29 224.76 9 26 5
221 13.80 40.52 13.49 168.56 6 12 3
222 56.87 93.71 7.55 420.12 8 40 5
223 97.13 78.23 12.06 248.57 5 26 5
224 27.72 2.96 27.53 63.49 16 22 2
225 41.62 46.27 5.21 173.82 10 16 3
226 8.12 0.72 45.90 80.53 17 18 5
227 76.37 10.81 43.12 344.99 19 22 4
228 83.75 62.67 20.12 332.60 4 17 1
229 3.98 72.33 46.92 168.98 4 12 1
230 48.01 53.67 20.72 382.49 10 19 2
231 91.91 64.34 15.86 296.08 12 29 3
232 6.09 49.00 4.53 327.58 20 42 4
233 2.13 45.70 31.37 197.57 20 35 2
234 58.04 61.67 46.68 139.84 3 30 5
235 63.40 99.83 11.72 348.29 13 23 4
236 22.05 72.78 46.66 124.12 1 38 1
237 35.41 10.34 12.85 105.44 15 22 1
238 75.95 69.69 45.52 140.88 23 26 5
239 92.05 32.13 48.30 244.60 24 32 3
240 90.82 81.16 24.02 116.53 5 37 2
241 34.33 41.96 19.21 322.77 5 33 4
242 37.34 68.77 23.15 372.18 11 37 2
243 15.68 66.69 49.54 89.24 6 10 1
244 41.36 51.71 8.64 303.21 4 41 2
245 72.44 77.14 49.69 120.03 18 44 1
246 77.89 71.20 17.13 244.11 22 37 1
247 52.20 54.21 26.88 65.51 4 16 1
248 99.90 60.44 11.13 255.93 12 23 3
249 96.20 11.95 5.46 115.64 24 32 5
250 4.57 29.62 3.56 438.40 18 18 1
251 13.88 23.15 37.51 202.47 0 18 2
252 80.13 21.72 1.48 239.40 12 27 4
253 78.36 23.80 24.51 316.03 17 22 5
254 27.31 8.84 23.02 184.93 0 43 3
255 60.09 17.56 2.43 136.28 13 18 4
256 29.24 47.03 38.69 412.91 16 29 5
257 86.63 68.39 13.27 75.21 18 42 3
258 28.50 31.31 39.11 244.68 2 37 4
259 14.00 9.44 25.35 313.76 9 26 2
260 80.98 90.42 3.72 333.80 16 27 1
261 23.88 93.14 41.59 55.02 3 42 5
262 63.53 15.26 7.28 237.09 17 45 4
263 79.53 42.67 5.15 376.26 16 37 1
264 73.86 29.12 40.27 186.21 21 41 2
265 53.22 9.25 44.02 455.54 7 35 5
266 61.44 65.83 16.69 272.58 19 32 4
267 45.54 58.99 30.04 397.18 23 39 4
268 86.61 41.45 14.15 288.80 3 30 2
269 66.51 15.38 21.24 177.61 1 31 2
270 28.90 32.40 20.34 172.67 9 14 3
271 38.80 69.06 47.63 477.51 10 45 2
272 18.12 67.95 32.64 251.69 3 6 1
273 67.29 82.65 7.58 158.14 24 44 2
274 68.88 37.01 49.75 335.37 5 5 3
275 10.97 17.53 11.23 92.64 3 7 4
276 19.26 22.27 38.76 245.42 18 33 5
277 40.80 90.21 23.01 109.79 1 8 4
278 23.27 39.24 10.91 479.05 9 32 1
279 76.48 42.48 46.28 266.13 5 38 5
280 80.58 32.80 26.16 448.79 12 44 3
281 49.47 30.11 15.58 400.35 19 31 3
282 9.61 93.13 8.94 363.64 12 22 3
283 55.26 99.10 20.86 382.97 13 42 2
284 72.56 36.95 47.79 356.41 17 34 5
285 97.19 89.01 33.40 499.22 17 45 3
286 56.06 97.95 36.65 256.57 17 22 4
287 60.60 46.03 10.71 84.17 3 29 1
288 61.21 77.81 46.69 460.58 9 12 2
289 70.29 54.34 31.41 352.09 18 41 5
290 8.41 30.69 34.89 354.70 9 21 3
291 90.18 52.48 34.01 376.56 24 35 3
292 1.81 26.52 0.51 52.67 7 47 5
293 60.18 92.73 12.55 221.83 3 29 4
294 77.84 71.60 46.41 104.30 16 29 2
295 93.03 78.61 44.13 264.70 6 11 2
296 12.87 80.92 41.92 138.54 14 35 5
297 12.17 96.79 8.44 443.61 19 24 2
298 42.86 21.29 8.25 270.19 5 5 2
299 55.66 89.39 13.67 212.73 14 30 1
300 47.92 79.59 44.62 373.76 20 26 3
1 157.85 3901.30 1
2 125.83 3380.75 2
3 152.37 4873.35 3
4 178.86 2622.04 4
5 131.80 2872.45 5
6 129.58 4256.16 1
1 1.70 26.72 4
2 1.39 48.02 2
3 1.93 37.75 5
4 1.96 38.21 5
5 1.21 35.00 2
6 1.94 44.43 1
7 1.75 42.36 4
8 1.10 40.71 2
9 1.40 35.68 3
10 1.63 25.08 4
11 1.40 48.35 5
12 1.99 29.53 3
13 1.67 43.13 2
14 1.10 37.55 2
15 1.64 26.68 2
16 1.89 26.07 3
