Data for Vehicle routing problem with drones - Author: Huyen Do Thi Ngoc
Number of depots: 1
Number of cities: 200
Number of trucks: 4
Number of drones: 9
Area: 100 100 50
Customer maximum demand: 500
Max capacity of truck: 200
Max energy of truck: 5000
Max capacity of drone: 2
Max energy of drone: 50
1 34.48 65.77 16.90
1 61.58 67.19 0.47 128.34 20 44 1
2 88.65 84.76 38.00 277.51 15 48 1
3 69.06 87.00 41.46 267.00 10 11 1
4 72.35 75.43 49.31 262.94 8 26 1
5 32.31 41.96 38.53 336.71 12 32 1
6 66.41 99.81 44.09 99.61 10 48 1
7 47.21 8.99 42.71 333.30 2 39 1
8 1.73 22.54 4.81 459.02 20 38 1
9 0.53 48.29 7.61 144.68 20 28 1
10 68.19 60.18 10.74 69.42 6 25 1
11 81.44 44.89 20.13 376.14 19 43 1
12 4.84 63.24 46.56 280.78 1 40 1
13 47.10 61.37 26.58 487.21 19 48 1
14 47.10 21.27 0.99 424.99 20 46 1
15 87.83 51.31 19.27 356.64 0 1 1
16 93.40 88.51 35.99 475.70 12 48 1
17 51.28 71.79 18.91 196.90 24 42 1
18 44.50 99.79 18.14 102.07 14 39 1
19 4.47 78.20 49.27 161.09 24 35 1
20 72.35 0.78 20.35 182.87 1 15 1
21 1.07 67.33 30.15 445.12 7 42 1
22 66.51 54.90 2.19 97.28 14 31 1
23 11.49 16.60 38.01 300.50 10 38 1
24 99.23 88.04 5.76 203.79 22 29 1
25 31.49 26.44 45.07 309.20 10 19 1
26 50.34 7.68 25.53 120.71 3 7 1
27 81.72 87.50 13.84 408.03 4 39 1
28 18.62 7.29 1.12 238.89 16 33 1
29 17.13 71.67 43.30 390.38 18 47 1
30 64.12 86.22 43.15 396.30 14 39 1
31 43.88 75.96 36.04 285.27 23 44 1
32 64.76 71.29 22.93 375.32 0 0 1
33 4.52 78.25 13.38 157.85 14 19 1
34 88.90 41.89 32.82 180.10 1 32 1
35 84.90 42.19 29.49 162.16 16 39 1
36 78.99 13.94 25.39 387.97 24 26 1
37 4.65 8.74 21.95 171.53 14 14 1
38 93.82 21.68 21.44 261.51 14 46 1
39 56.99 11.13 36.72 75.51 11 25 1
40 86.19 67.84 31.43 89.18 9 27 1
41 67.93 40.41 10.29 89.25 14 35 1
42 64.50 4.83 15.52 108.73 7 38 1
43 46.77 87.60 9.61 471.07 22 45 1
44 3.00 35.59 23.52 112.47 22 31 1
45 42.74 37.52 23.69 98.44 22 29 1
46 17.42 44.79 37.17 297.49 6 20 1
47 31.20 36.09 9.77 93.51 23 36 1
48 14.32 54.01 17.18 190.38 22 44 1
49 65.58 58.13 29.06 403.17 17 41 1
50 68.26 89.92 45.64 345.95 17 23 1
51 1.26 46.48 1.10 203.35 14 45 1
52 6.28 9.66 0.01 460.64 18 43 1
53 93.57 85.67 27.90 446.63 19 23 1
54 1.27 48.24 7.17 268.78 19 38 1
55 12.78 73.54 24.71 123.63 13 28 1
56 22.21 99.52 1.94 434.35 1 42 1
57 81.04 78.09 34.19 275.78 10 23 1
58 24.13 82.67 45.32 98.86 1 17 1
59 33.29 26.61 4.51 84.46 2 32 1
60 15.00 79.58 38.39 330.31 19 43 1
61 69.29 93.52 29.71 469.70 2 30 1
62 57.52 89.73 10.55 380.17 12 24 1
63 64.01 49.89 40.07 459.01 0 19 1
64 77.27 73.41 26.79 137.58 1 9 1
65 49.41 23.88 19.33 397.98 19 22 1
66 8.48 22.75 19.11 109.73 24 47 1
67 1.35 70.55 16.56 359.00 8 18 1
68 52.31 1.01 20.24 377.73 2 9 1
69 57.62 15.62 41.76 225.39 9 33 1
70 13.14 85.33 3.85 444.11 13 33 1
71 79.20 21.81 31.26 442.57 4 20 1
72 34.94 63.41 43.62 324.65 18 35 1
73 83.24 95.01 40.72 201.21 21 44 1
74 83.18 10.59 14.71 437.09 1 38 1
75 57.51 82.21 34.44 93.00 13 17 1
76 57.92 32.25 28.16 127.19 15 37 1
77 15.59 12.84 14.94 349.58 13 41 1
78 85.80 58.16 38.57 263.38 9 41 1
79 5.94 34.44 10.86 342.98 2 18 1
80 92.20 67.79 42.74 156.56 17 25 1
81 8.04 50.11 28.73 492.50 20 47 1
82 37.89 31.11 4.45 391.12 9 37 1
83 11.37 84.70 25.93 387.86 22 39 1
84 42.80 55.64 45.98 172.32 2 7 1
85 87.24 74.69 29.64 176.04 15 32 1
86 72.42 55.04 28.73 415.42 0 4 1
87 53.04 2.10 28.49 97.48 11 21 1
88 56.71 98.21 31.82 199.60 12 23 1
89 74.65 4.49 33.09 388.30 19 24 1
90 82.65 42.59 7.15 258.57 19 41 1
91 48.41 75.51 6.99 67.25 15 15 1
92 50.09 11.81 30.54 112.16 16 21 1
93 96.36 67.54 11.11 299.62 4 35 1
94 32.33 57.55 2.78 144.34 22 45 1
95 38.82 95.36 25.18 386.30 6 13 1
96 34.71 42.44 11.58 280.09 7 9 1
97 7.95 20.28 36.86 70.88 24 48 1
98 60.25 95.29 17.32 153.54 22 36 1
99 19.05 53.97 25.92 466.24 21 39 1
100 1.05 65.36 49.63 112.56 14 36 1
101 97.57 22.30 0.65 82.85 18 39 1
102 76.26 80.66 20.76 257.91 21 35 1
103 95.23 34.47 20.48 118.70 23 38 1
104 88.05 73.83 1.54 332.66 19 38 1
105 46.76 68.77 2.75 298.90 12 45 1
106 99.79 18.04 9.84 294.05 13 42 1
107 26.82 47.47 20.98 95.52 5 12 1
108 35.01 37.76 4.43 419.84 18 36 1
109 82.58 99.61 43.20 219.66 14 25 1
110 33.09 36.61 29.05 66.35 24 28 1
111 91.56 18.78 9.67 233.37 8 30 1
112 67.85 30.71 32.37 286.28 22 43 1
113 7.02 13.17 5.15 321.60 18 34 1
114 8.42 59.26 0.88 432.25 11 27 1
115 43.33 41.53 15.90 278.96 8 24 1
116 36.32 83.42 44.80 69.26 23 27 1
117 71.34 25.94 14.08 432.15 2 30 1
118 72.46 47.87 24.17 352.49 16 48 1
119 53.59 14.20 20.64 387.17 0 7 1
120 76.36 2.04 12.54 171.48 15 45 1
121 59.85 33.23 29.55 397.20 6 30 1
122 95.62 93.43 4.24 322.62 21 46 1
123 52.45 48.04 23.85 102.77 5 28 1
124 21.01 47.83 39.83 477.93 21 38 1
125 83.73 28.47 25.76 310.43 7 14 1
126 50.57 12.32 36.05 131.26 24 39 1
127 62.19 5.42 10.78 56.80 17 40 1
128 29.00 49.27 43.09 494.30 1 47 1
129 14.54 72.11 39.65 339.56 3 19 1
130 36.65 5.35 19.57 194.98 0 37 1
131 13.72 94.06 37.12 391.88 4 5 1
132 94.01 98.76 43.98 215.79 2 37 1
133 52.82 8.07 40.83 269.80 1 6 1
134 51.54 97.18 40.67 190.89 23 38 1
135 0.09 77.55 19.86 373.11 23 47 1
136 4.41 66.91 10.08 424.28 23 24 1
137 1.54 5.34 34.44 489.72 22 39 1
138 91.11 71.39 39.42 294.40 4 6 1
139 67.53 81.78 7.52 249.00 18 24 1
140 18.22 48.79 8.23 380.14 12 48 1
141 87.50 80.13 8.80 262.91 14 28 1
142 55.84 23.44 25.90 475.62 16 48 1
143 41.26 16.65 13.48 463.13 3 32 1
144 68.01 77.39 23.24 427.67 7 14 1
145 11.29 62.17 31.77 219.94 21 44 1
146 90.85 4.11 29.30 86.30 13 47 1
147 84.50 11.17 42.48 437.54 17 31 1
148 28.45 30.34 7.86 75.68 20 44 1
149 74.84 33.71 18.33 402.25 3 33 1
150 14.65 66.82 41.77 240.66 0 26 1
151 25.92 96.91 35.63 90.83 12 17 1
152 4.59 33.52 5.52 251.45 3 43 1
153 30.57 76.46 14.06 419.10 0 19 1
154 94.22 17.88 39.81 422.82 4 5 1
155 94.89 75.42 4.40 422.59 24 42 1
156 51.69 0.38 37.01 312.75 24 24 1
157 11.76 67.94 38.93 80.05 23 31 1
158 67.02 53.78 19.21 249.11 23 31 1
159 38.06 30.89 6.82 105.60 17 26 1
160 4.79 95.55 36.78 146.27 13 37 1
161 8.40 49.26 21.61 64.78 15 48 1
162 30.57 26.25 12.88 209.70 22 30 1
163 15.21 37.19 17.69 280.57 24 26 1
164 99.97 84.17 30.02 364.92 7 7 1
165 46.44 44.02 8.78 268.06 14 37 1
166 57.77 78.54 39.02 272.70 15 27 1
167 5.30 42.90 20.48 376.71 3 11 1
168 71.43 58.39 42.00 188.04 20 46 1
169 4.02 82.61 10.37 54.52 1 7 1
170 43.81 96.17 39.19 418.96 16 23 1
171 27.41 38.43 21.08 282.28 4 30 1
172 99.40 89.56 40.41 57.90 6 47 1
173 44.29 6.71 20.62 135.58 13 26 1
174 89.52 30.98 9.59 320.90 21 21 1
175 27.59 16.53 35.40 307.63 22 27 1
176 4.33 0.27 3.81 205.20 11 23 1
177 40.30 6.43 47.34 138.06 8 35 1
178 59.65 2.76 41.77 208.35 0 42 1
179 82.72 96.38 23.63 450.50 0 30 1
180 12.12 65.59 35.17 467.94 0 47 1
181 72.56 79.12 41.09 286.85 5 44 1
182 13.48 67.66 23.87 260.73 16 27 1
183 23.23 74.37 14.40 498.66 1 48 1
184 0.86 95.37 39.87 65.86 21 38 1
185 38.46 80.29 13.22 399.07 0 46 1
186 77.36 89.61 19.49 249.03 19 43 1
187 62.95 20.15 29.67 163.88 1 10 1
188 92.76 52.53 44.95 494.30 19 22 1
189 79.78 85.71 47.10 292.41 17 27 1
190 24.96 37.14 42.12 127.44 8 13 1
191 89.84 83.11 24.37 456.69 9 28 1
192 17.14 99.05 9.04 403.07 23 30 1
193 67.00 57.91 38.11 116.70 12 21 1
194 36.57 57.20 2.46 139.08 20 46 1
195 42.95 69.23 47.98 418.78 11 15 1
196 22.01 48.45 3.08 261.24 8 21 1
197 51.98 1.34 42.98 423.94 15 37 1
198 70.00 25.02 38.57 489.98 22 32 1
199 40.01 13.65 12.89 269.15 14 32 1
200 8.28 1.25 15.25 230.84 16 47 1
1 142.00 4666.71 1
2 101.69 4157.97 1
3 126.43 2671.53 1
4 148.72 4529.59 1
1 1.18 41.66 4
2 1.23 28.72 2
3 1.32 30.29 1
4 1.07 35.10 3
5 1.67 26.44 3
6 1.30 30.71 2
7 1.76 49.30 3
8 1.62 49.94 2
9 1.40 46.17 2
