Data for Vehicle routing problem with drones - Author: Huyen Do Thi Ngoc
Number of depots: 1
Number of cities: 100
Number of trucks: 3
Number of drones: 10
Area: 100 100 50
Customer maximum demand: 500
Max capacity of truck: 200
Max energy of truck: 5000
Max capacity of drone: 2
Max energy of drone: 50
1 98.73 41.50 15.10
1 94.47 35.99 15.87 356.68 11 45 1
2 42.16 82.69 2.70 467.68 12 37 1
3 92.78 41.12 27.41 227.59 16 22 1
4 72.70 29.32 29.57 482.42 20 38 1
5 31.85 49.67 24.84 415.61 23 45 1
6 91.91 67.88 37.19 264.90 5 38 1
7 35.29 45.51 42.05 225.41 3 39 1
8 67.25 8.47 32.71 447.02 20 31 1
9 81.18 26.51 48.80 451.38 11 40 1
10 24.44 29.98 19.33 275.08 6 18 1
11 30.79 16.93 21.25 248.39 4 28 1
12 40.79 8.47 47.68 476.09 1 22 1
13 13.97 85.14 11.82 163.78 15 46 1
14 78.37 38.44 5.04 490.58 19 34 1
15 78.60 68.03 29.76 192.71 11 42 1
16 79.32 86.92 33.03 262.80 16 43 1
17 22.28 40.96 31.81 67.24 18 46 1
18 70.01 89.03 24.58 481.92 10 47 1
19 25.75 37.46 32.44 71.35 14 38 1
20 84.00 21.22 14.70 140.00 3 27 1
21 77.70 33.85 36.45 68.15 7 25 1
22 51.80 68.84 49.19 371.08 1 8 1
23 7.32 98.54 49.05 302.46 7 46 1
24 50.29 7.00 20.39 255.50 3 16 1
25 51.98 11.48 3.61 276.14 10 39 1
26 48.74 13.80 40.30 286.28 7 36 1
27 85.45 68.79 6.62 120.85 7 39 1
28 12.97 79.17 24.12 478.96 13 23 1
29 27.69 57.84 42.00 245.74 23 29 1
30 15.37 48.78 40.31 327.92 2 11 1
31 53.01 59.07 10.63 121.95 24 44 1
32 11.00 11.91 5.10 326.95 12 14 1
33 68.08 86.97 8.70 466.60 24 30 1
34 70.50 46.46 26.82 476.97 22 46 1
35 90.62 50.12 39.02 252.42 11 28 1
36 34.13 8.05 1.10 429.93 3 5 1
37 92.45 88.47 0.25 314.39 23 31 1
38 61.38 66.98 16.76 415.21 24 24 1
39 56.99 20.03 20.03 85.26 11 18 1
40 53.70 79.49 4.73 492.05 14 38 1
41 93.49 59.72 32.82 342.08 14 27 1
42 96.22 55.18 31.98 55.74 24 25 1
43 80.56 18.93 27.30 474.26 10 18 1
44 71.42 68.70 43.64 499.34 14 40 1
45 91.67 94.44 44.76 328.35 17 43 1
46 26.39 77.31 49.50 241.16 20 42 1
47 62.20 65.84 26.65 90.29 19 45 1
48 38.89 13.73 30.42 193.59 6 10 1
49 77.74 20.04 23.10 400.91 9 39 1
50 20.77 46.17 23.72 129.69 19 26 1
51 30.02 53.71 3.15 93.89 20 29 1
52 9.53 4.49 42.27 143.47 10 43 1
53 47.61 10.66 1.35 464.54 10 13 1
54 8.23 78.30 14.58 366.22 18 28 1
55 58.90 47.19 18.42 263.34 21 40 1
56 29.85 47.68 45.46 105.12 9 17 1
57 59.37 44.75 1.12 204.38 21 39 1
58 47.32 60.32 48.55 229.09 23 30 1
59 15.81 31.13 38.93 243.70 15 32 1
60 29.51 42.20 13.72 163.56 5 29 1
61 16.70 89.82 32.40 61.63 15 24 1
62 86.52 92.73 21.83 131.45 23 29 1
63 1.93 48.90 34.92 468.32 21 41 1
64 62.02 74.68 40.54 308.86 24 33 1
65 19.93 11.67 38.16 166.34 3 7 1
66 78.33 40.10 38.02 457.21 1 24 1
67 48.53 28.38 30.48 83.20 13 36 1
68 37.74 73.32 17.68 225.67 24 28 1
69 40.18 5.60 49.52 404.58 4 30 1
70 37.28 32.78 9.90 274.86 1 20 1
71 46.09 45.72 24.33 477.61 13 26 1
72 95.40 91.65 1.93 450.54 4 39 1
73 25.17 27.44 6.30 342.97 15 40 1
74 74.31 95.16 10.05 220.68 20 39 1
75 9.86 84.15 8.67 74.10 6 11 1
76 57.81 30.94 44.66 479.26 3 46 1
77 71.67 30.60 48.64 168.97 0 18 1
78 11.43 34.40 10.84 409.23 11 15 1
79 50.22 14.61 8.72 119.54 2 17 1
80 63.96 32.96 40.38 218.29 20 47 1
81 34.13 51.00 10.52 477.24 16 30 1
82 15.50 76.85 41.61 376.96 17 31 1
83 62.40 19.67 7.98 253.62 12 29 1
84 42.00 58.22 38.62 361.57 9 31 1
85 29.85 96.47 48.59 269.06 0 16 1
86 12.33 79.40 29.15 170.40 9 12 1
87 56.41 34.39 16.04 349.29 13 16 1
88 25.99 55.62 13.82 197.00 7 20 1
89 27.83 50.81 21.02 434.50 9 35 1
90 66.42 51.08 33.48 450.11 6 12 1
91 16.79 66.39 21.59 480.72 17 33 1
92 38.13 66.59 7.40 62.36 4 21 1
93 64.06 48.50 6.37 366.00 22 45 1
94 75.26 76.81 15.16 353.71 21 29 1
95 64.19 7.89 10.46 238.09 4 18 1
96 76.58 57.31 27.02 153.81 9 44 1
97 8.33 7.11 39.19 458.20 24 47 1
98 90.44 70.36 47.22 365.56 16 22 1
99 67.01 49.03 36.00 62.68 6 22 1
100 33.29 90.60 34.48 136.27 2 30 1
1 113.86 4766.51 1
2 174.99 4924.03 1
3 115.14 4437.44 1
1 1.80 35.85 1
2 1.26 25.89 3
3 1.04 44.39 1
4 1.90 43.51 1
5 1.02 43.98 3
6 1.13 49.29 2
7 1.15 41.94 1
8 1.76 38.02 3
9 1.97 28.75 3
10 1.63 44.53 2
