Data for Vehicle routing problem with drones - Author: Huyen Do Thi Ngoc
Number of depots: 3
Number of cities: 400
Number of trucks: 5
Number of drones: 7
Area: 100 100 50
Customer maximum demand: 500
Max capacity of truck: 200
Max energy of truck: 5000
Max capacity of drone: 2
Max energy of drone: 50
1 23.60 43.76 44.85
2 21.37 4.44 30.05
3 38.43 74.67 22.73
1 50.54 24.09 15.10 55.99 1 5 1
2 28.95 10.84 7.63 78.00 2 13 3
3 83.43 19.98 18.79 125.71 14 36 3
4 50.75 15.89 47.24 77.06 17 35 3
5 4.40 31.59 24.28 432.57 12 14 3
6 44.32 13.90 14.49 449.20 19 28 2
7 81.31 47.00 49.76 126.04 15 38 1
8 27.10 69.31 13.24 449.20 11 41 2
9 70.84 95.26 11.09 198.58 4 33 1
10 88.99 32.73 16.73 337.48 7 7 2
11 67.74 62.91 31.75 258.52 1 14 3
12 23.62 58.19 31.39 177.17 7 22 1
13 7.89 15.69 43.62 170.39 16 48 1
14 13.18 62.94 46.55 433.22 9 43 2
15 11.20 36.47 31.11 89.84 13 27 1
16 96.09 5.45 29.69 61.00 22 33 1
17 19.57 84.36 41.70 238.91 8 19 3
18 82.47 97.51 28.94 106.22 9 35 2
19 91.39 50.99 27.08 399.78 9 24 2
20 13.24 76.11 48.94 471.09 18 26 1
21 57.41 44.89 24.89 389.74 11 47 1
22 97.82 51.67 39.25 198.92 18 28 3
23 94.44 21.83 31.65 272.63 6 40 3
24 2.00 39.20 14.88 166.97 15 21 1
25 34.26 0.51 27.30 405.50 2 15 1
26 92.59 3.16 25.34 335.81 17 34 2
27 20.52 35.08 47.69 420.35 3 3 2
28 60.73 76.77 1.91 114.55 23 44 3
29 63.46 13.72 47.81 177.55 12 30 1
30 59.93 90.37 45.74 490.20 18 30 2
31 95.39 93.56 11.43 301.74 7 47 2
32 83.28 52.35 48.85 342.95 12 30 3
33 19.02 97.81 1.59 377.54 8 35 2
34 6.71 31.39 12.52 382.81 3 13 1
35 69.11 93.46 43.12 188.87 14 35 3
36 6.22 92.51 28.69 122.19 23 47 2
37 73.44 66.25 40.02 329.36 18 20 1
38 69.53 62.72 43.48 309.31 18 33 2
39 60.39 45.61 1.53 191.34 6 34 3
40 5.61 25.21 35.70 477.03 24 28 2
41 59.01 27.66 29.12 210.42 8 32 1
42 4.77 36.37 8.20 389.10 8 37 2
43 11.56 11.97 31.40 393.60 12 41 3
44 85.58 20.93 15.41 489.97 7 18 3
45 55.32 0.77 44.56 454.22 22 33 1
46 6.70 54.50 20.81 418.11 23 46 1
47 55.47 89.61 29.09 137.20 2 17 1
48 72.16 97.55 18.06 357.89 18 43 3
49 6.69 61.45 37.34 351.87 1 6 2
50 19.09 82.84 43.76 333.86 11 30 3
51 26.99 15.91 42.31 470.08 9 35 1
52 70.35 13.03 3.71 349.42 12 37 1
53 91.22 48.68 43.66 432.96 24 38 2
54 53.17 26.36 25.91 237.55 0 40 2
55 50.77 18.28 40.27 180.82 4 30 3
56 99.46 74.15 7.19 210.20 5 16 2
57 22.21 99.58 49.31 403.38 4 14 2
58 90.21 45.26 15.54 456.20 17 18 3
59 19.64 35.21 43.50 297.74 5 6 3
60 93.74 9.37 49.77 247.38 12 31 2
61 52.55 89.93 15.16 407.63 2 19 1
62 17.75 82.69 16.31 420.38 10 36 3
63 32.68 80.48 2.25 132.50 17 30 2
64 99.31 1.53 3.35 197.06 24 37 2
65 86.49 53.70 12.16 172.76 2 31 2
66 18.44 37.68 30.30 239.53 12 24 1
67 22.88 29.59 49.44 161.44 18 39 2
68 72.32 6.49 2.22 119.51 21 38 2
69 10.83 2.75 24.09 385.41 10 34 2
70 60.68 63.12 45.70 188.76 0 38 2
71 60.44 92.89 17.65 455.06 14 42 2
72 89.60 80.85 12.21 250.34 23 26 1
73 75.56 81.34 18.56 67.14 17 47 2
74 83.26 65.59 35.72 402.40 19 48 2
75 63.83 0.57 35.69 189.07 0 20 3
76 44.89 31.17 45.26 409.53 15 48 1
77 43.03 2.21 8.19 484.59 3 6 1
78 36.95 42.48 3.69 445.89 21 26 1
79 91.57 16.39 35.91 249.95 7 47 3
80 8.64 91.68 44.44 192.60 9 30 1
81 95.13 53.39 37.83 145.41 23 46 3
82 83.79 7.84 23.21 208.22 7 17 2
83 47.60 92.39 28.14 268.68 23 39 3
84 23.65 33.61 14.71 328.36 19 38 3
85 18.65 34.15 47.13 122.17 5 9 3
86 76.21 91.45 36.05 108.10 8 21 2
87 27.13 48.19 32.00 415.61 18 46 1
88 84.19 17.94 4.47 197.13 8 24 3
89 87.03 22.59 1.18 50.63 24 41 2
90 82.71 25.07 22.47 53.12 23 48 3
91 10.05 78.03 44.17 443.87 17 26 3
92 48.09 69.68 8.75 130.81 23 47 1
93 7.91 16.37 17.54 496.62 24 29 3
94 28.82 18.84 5.77 160.09 2 28 1
95 12.32 27.55 1.15 401.86 22 31 3
96 8.61 29.76 24.67 168.86 0 18 3
97 73.45 59.67 47.22 209.05 24 26 2
98 36.62 16.54 20.46 135.95 15 26 3
99 39.77 33.89 47.08 203.65 15 37 1
100 95.14 17.19 8.76 294.43 20 46 2
101 15.34 52.46 40.96 427.44 11 44 3
102 57.70 48.57 4.37 388.69 4 41 1
103 1.09 52.03 25.51 340.00 0 8 3
104 50.17 83.42 49.41 173.44 15 35 2
105 13.97 75.98 16.33 119.88 7 46 1
106 18.57 38.13 34.10 171.81 19 32 1
107 57.40 20.72 24.25 182.73 15 23 1
108 34.07 4.60 0.76 402.39 24 38 3
109 51.37 74.82 49.08 472.68 21 21 1
110 23.15 19.53 41.86 50.07 23 28 2
111 92.08 26.61 17.14 195.30 21 35 1
112 71.66 98.29 2.03 137.91 11 29 3
113 38.22 76.43 23.74 80.14 7 24 1
114 31.53 14.88 43.72 377.56 11 36 2
115 85.65 98.70 16.64 51.10 0 19 3
116 5.86 7.04 20.02 173.79 24 44 2
117 51.14 52.46 49.30 373.37 2 24 1
118 79.96 43.89 17.08 464.68 11 15 2
119 9.67 75.13 48.26 112.02 14 29 2
120 65.10 63.12 13.67 67.48 18 48 1
121 76.57 40.30 26.76 422.62 21 25 2
122 91.57 44.57 48.25 226.96 23 41 1
123 71.01 51.93 39.61 109.11 13 44 1
124 73.51 17.01 9.59 471.07 9 21 1
125 6.05 86.98 24.62 102.67 24 24 1
126 4.75 67.06 19.18 266.62 18 43 3
127 24.26 14.91 43.25 79.01 17 35 1
128 54.05 31.15 48.53 307.00 2 46 2
129 26.20 94.59 46.77 164.85 5 29 2
130 74.04 85.97 34.97 338.39 9 12 3
131 12.46 86.17 1.02 249.77 5 27 2
132 45.13 20.17 22.03 53.78 4 8 3
133 71.06 20.73 10.66 59.06 5 9 1
134 95.13 56.08 39.48 402.32 20 22 1
135 92.06 37.35 22.88 254.44 16 46 1
136 41.12 96.84 25.68 241.35 21 30 3
137 18.95 42.54 22.32 189.03 19 48 3
138 30.28 97.07 9.67 237.37 13 15 3
139 17.82 25.24 37.94 489.28 1 46 2
140 16.58 76.84 30.49 468.72 18 35 3
141 0.66 97.55 44.50 465.97 15 37 1
142 72.07 6.70 42.71 394.76 20 36 2
143 42.66 6.83 8.25 79.50 18 22 2
144 15.86 95.94 38.91 103.83 5 34 2
145 59.36 30.74 39.04 396.82 6 25 2
146 11.30 76.81 4.53 256.77 11 32 2
147 62.91 68.13 45.41 398.03 0 34 2
148 41.65 3.62 8.29 118.11 3 5 2
149 99.70 47.73 31.67 271.59 14 37 1
150 54.47 87.09 28.02 205.95 9 29 2
151 26.40 64.31 27.88 108.37 21 37 2
152 97.40 86.11 24.94 496.25 23 30 2
153 53.50 23.15 48.48 171.59 20 45 3
154 80.09 0.20 9.96 425.73 7 11 1
155 53.51 13.77 22.16 488.13 14 25 1
156 11.13 86.73 11.96 337.22 4 10 1
157 93.68 31.72 43.40 450.64 20 28 2
158 62.88 87.75 46.31 183.18 0 22 1
159 5.02 91.75 1.09 72.55 15 28 3
160 2.05 9.72 38.07 165.41 18 19 1
161 40.08 2.09 47.45 83.83 24 26 1
162 32.31 37.84 37.97 173.68 0 38 3
163 64.85 5.14 43.74 361.63 3 30 1
164 15.18 97.15 36.72 394.08 14 44 1
165 48.64 3.14 38.99 329.05 15 23 3
166 67.38 55.63 42.87 492.87 3 37 1
167 21.12 3.33 23.13 347.27 1 12 1
168 87.72 87.15 5.70 378.21 0 19 3
169 69.16 85.79 29.04 438.22 17 46 2
170 3.02 93.36 44.81 279.97 7 29 1
171 75.30 27.12 28.75 216.46 7 27 3
172 78.32 8.65 34.94 153.84 20 29 1
173 23.05 17.14 14.44 154.02 1 24 3
174 7.82 70.71 4.05 464.59 0 19 2
175 74.53 94.24 15.44 370.21 3 18 3
176 15.37 93.47 44.38 156.42 0 44 3
177 66.87 43.02 1.11 92.07 7 10 2
178 3.75 12.40 7.28 268.69 20 36 1
179 33.87 38.49 24.14 255.30 0 34 2
180 14.91 96.54 38.97 138.66 12 20 2
181 75.57 39.27 9.00 107.48 23 46 2
182 46.47 74.03 5.47 138.10 18 37 2
183 91.13 95.48 31.18 455.85 8 38 2
184 41.25 20.08 15.36 445.02 14 29 2
185 90.10 28.41 15.95 450.73 8 32 3
186 50.02 60.75 22.48 152.16 11 20 1
187 19.85 92.80 23.82 89.65 6 9 1
188 82.95 32.19 40.83 339.63 10 42 3
189 67.44 24.77 48.07 428.17 7 45 2
190 79.70 60.95 3.44 471.95 19 32 1
191 99.66 85.06 49.07 416.73 6 44 1
192 52.53 89.92 31.59 191.89 7 41 3
193 2.52 14.44 6.40 114.54 19 44 2
194 54.29 71.71 0.01 467.18 0 40 1
195 57.32 23.13 46.49 107.37 5 39 2
196 12.55 26.47 19.85 282.82 10 24 2
197 68.14 77.31 29.67 374.52 16 38 3
198 8.27 91.06 33.84 75.20 21 37 1
199 76.73 2.85 6.56 337.50 15 19 3
200 58.29 97.67 49.27 59.83 13 19 2
201 59.56 93.66 42.88 68.49 24 29 3
202 12.03 32.28 48.34 327.24 2 30 3
203 77.99 63.54 12.15 342.58 7 41 3
204 9.81 33.40 21.12 171.24 17 21 3
205 40.28 72.27 30.80 59.61 7 40 2
206 30.93 70.80 30.83 387.40 22 24 1
207 13.07 6.25 33.80 327.08 19 19 1
208 71.51 20.05 36.44 66.45 23 40 3
209 30.25 78.40 1.01 408.26 8 12 3
210 24.81 71.71 20.07 175.58 4 39 2
211 53.71 88.72 32.88 383.24 21 33 1
212 33.06 78.44 12.80 168.90 5 46 2
213 64.66 94.16 39.11 364.41 21 47 2
214 48.43 65.34 42.83 201.82 21 39 3
215 34.88 25.26 49.08 241.39 0 24 3
216 15.49 63.69 25.57 375.30 21 23 2
217 86.86 2.09 14.24 55.08 1 10 1
218 24.64 25.08 3.52 353.42 14 48 3
219 63.02 47.98 13.96 377.83 11 44 2
220 70.36 28.49 37.05 333.12 5 42 2
221 8.93 54.99 39.57 238.29 22 35 1
222 16.71 85.68 5.28 401.31 20 34 1
223 24.71 92.83 35.83 233.76 15 46 1
224 89.01 4.64 30.30 155.30 18 47 2
225 25.17 33.10 4.09 197.51 7 30 1
226 18.92 66.75 16.05 80.85 4 48 2
227 92.93 65.22 3.31 173.14 17 25 1
228 94.71 41.63 6.47 400.98 15 16 1
229 0.26 1.32 33.81 53.00 0 42 2
230 49.39 15.82 24.43 449.65 24 41 2
231 18.27 79.63 16.77 59.50 11 31 2
232 40.24 94.78 40.02 243.01 7 17 3
233 55.70 25.67 24.00 236.93 13 20 2
234 88.39 45.84 13.55 360.12 14 30 2
235 94.48 84.02 8.81 202.15 9 23 2
236 97.95 20.42 42.86 125.73 0 28 1
237 48.02 55.95 2.75 127.47 20 30 2
238 17.71 79.35 6.83 61.10 13 43 2
239 23.48 56.68 30.43 369.74 0 14 2
240 29.43 60.73 13.01 145.47 10 40 2
241 40.09 37.12 37.56 141.38 18 29 3
242 89.74 3.97 4.92 254.97 18 35 2
243 36.65 42.71 33.16 82.81 13 40 1
244 5.23 64.52 41.40 251.50 5 32 3
245 33.69 52.35 21.72 238.07 6 38 1
246 85.68 66.47 48.58 319.08 19 28 1
247 69.06 88.86 15.71 328.40 8 12 1
248 27.49 87.14 23.80 494.43 7 34 2
249 2.85 84.50 1.86 413.25 8 29 1
250 21.56 57.85 17.43 106.88 22 32 1
251 34.96 33.21 13.13 224.35 8 24 1
252 7.08 58.97 9.50 409.11 0 3 3
253 97.24 31.30 1.42 275.80 0 17 1
254 1.98 41.89 12.71 351.22 22 36 1
255 71.12 22.60 1.49 488.54 5 10 1
256 59.16 30.33 14.03 384.81 2 36 1
257 1.39 15.86 8.77 102.63 22 39 2
258 49.82 89.90 39.20 52.17 0 12 3
259 45.70 73.02 46.93 439.13 16 47 3
260 0.54 71.87 33.40 350.21 14 29 3
261 58.62 58.45 11.41 89.40 15 43 1
262 73.05 70.34 12.52 422.43 20 34 2
263 85.51 17.35 38.45 355.24 7 37 2
264 94.71 40.31 5.01 66.84 17 20 2
265 15.50 98.62 19.66 276.54 13 44 1
266 51.23 64.21 16.58 72.09 11 35 2
267 83.41 22.90 35.47 258.79 23 44 3
268 12.95 80.45 8.21 55.79 0 32 3
269 54.00 73.55 34.87 170.58 19 38 2
270 34.41 89.55 26.41 304.86 22 44 1
271 13.49 60.55 5.71 468.87 20 22 2
272 61.96 56.69 36.76 185.20 21 39 3
273 91.54 23.03 43.25 225.76 3 18 3
274 46.18 61.20 11.40 164.49 14 36 1
275 26.64 49.20 26.44 95.05 5 36 3
276 36.81 32.39 17.31 248.04 3 26 2
277 46.39 12.54 40.91 386.06 10 43 1
278 48.02 69.96 3.71 475.22 19 36 1
279 64.05 46.46 38.24 402.34 22 25 1
280 9.02 74.42 15.86 85.16 5 13 1
281 3.94 84.32 28.19 64.82 16 39 1
282 54.12 68.47 42.52 489.68 5 37 1
283 65.11 72.66 30.91 445.06 17 37 1
284 72.44 40.16 11.30 385.15 5 11 3
285 44.40 94.66 48.66 299.41 4 47 2
286 65.92 98.50 11.32 372.95 5 29 2
287 91.69 31.86 23.34 467.29 6 11 1
288 43.01 18.49 15.48 246.73 19 40 3
289 99.35 7.80 21.50 55.86 15 43 3
290 33.92 62.06 44.85 474.53 24 45 2
291 28.05 20.24 44.69 404.43 17 28 2
292 40.82 32.27 8.71 462.62 23 27 1
293 54.80 85.01 15.66 334.23 1 39 2
294 91.40 90.14 31.94 183.22 1 38 1
295 65.87 4.96 22.64 173.67 14 14 3
296 23.13 71.62 31.85 274.46 24 46 3
297 54.66 56.31 18.52 255.26 15 43 2
298 73.58 39.23 17.71 160.65 7 28 1
299 95.51 56.18 23.54 416.60 10 42 2
300 49.04 35.66 34.70 229.72 18 39 3
301 91.49 40.33 34.02 93.29 21 29 2
302 73.60 35.03 44.17 259.40 3 19 3
303 81.01 25.94 8.25 253.45 19 33 1
304 26.24 37.45 20.16 157.93 8 45 1
305 54.12 98.89 1.91 242.08 17 30 2
306 27.63 69.51 32.00 294.80 1 35 1
307 20.04 55.27 0.32 366.79 6 28 1
308 93.57 6.90 15.27 176.74 6 43 2
309 92.27 70.91 34.72 108.43 16 28 1
310 79.37 88.70 30.07 51.47 7 26 2
311 26.90 22.33 9.77 298.23 7 19 2
312 91.23 18.05 28.61 228.13 6 6 2
313 71.99 22.64 28.37 50.17 8 34 1
314 57.06 59.79 40.96 223.48 4 33 3
315 81.95 43.21 44.88 437.44 0 20 2
316 43.91 7.86 18.06 69.20 2 43 1
317 86.18 98.80 48.83 203.28 6 38 1
318 7.72 68.62 30.11 239.38 10 10 3
319 20.31 9.44 4.46 363.42 24 41 1
320 39.83 43.13 37.78 475.95 15 36 3
321 2.25 88.30 15.23 440.89 14 35 3
322 4.12 87.24 26.02 119.48 7 11 3
323 53.77 20.98 30.92 494.48 21 36 2
324 82.95 43.79 26.37 471.99 19 32 1
325 26.87 90.14 33.58 58.55 16 29 1
326 6.96 73.71 20.57 145.17 23 32 1
327 70.57 54.79 20.83 353.65 20 36 2
328 68.72 40.24 34.25 218.32 5 36 3
329 48.84 14.93 47.62 128.81 4 10 2
330 67.27 58.36 14.45 497.84 6 38 2
331 11.44 77.37 14.63 112.93 20 25 3
332 38.82 15.84 35.41 370.71 16 16 1
333 94.94 43.13 26.77 481.95 10 25 3
334 48.00 25.29 33.76 453.09 11 25 1
335 29.70 57.25 24.66 187.35 22 37 3
336 80.97 4.40 47.44 407.99 15 34 1
337 72.16 90.44 44.72 411.28 16 31 3
338 56.85 45.96 21.81 249.17 23 47 3
339 57.36 27.27 49.63 367.13 2 3 3
340 54.56 91.71 48.49 230.62 17 17 3
341 80.26 63.93 25.72 388.91 14 17 1
342 5.30 58.73 38.87 292.71 4 31 2
343 53.98 85.91 4.77 363.95 5 8 1
344 87.77 7.67 45.98 137.30 19 39 2
345 68.39 82.15 37.10 192.73 7 10 3
346 65.06 12.64 34.95 291.92 18 18 1
347 59.47 98.02 0.39 491.39 22 22 1
348 15.32 31.80 28.66 87.70 6 12 2
349 68.49 86.74 45.81 235.86 22 25 3
350 76.18 10.51 38.43 378.53 4 28 2
351 40.34 75.32 0.74 244.02 3 37 1
352 83.25 50.27 33.83 360.24 10 42 3
353 66.54 72.07 38.75 81.46 2 27 3
354 14.53 10.28 10.89 231.80 6 43 3
355 47.58 4.25 12.01 420.86 14 25 2
356 46.62 10.71 16.52 195.21 5 47 2
357 71.63 91.30 7.59 212.64 24 29 1
358 37.14 14.42 4.65 288.78 20 33 2
359 84.34 80.43 41.61 185.01 2 11 1
360 77.83 33.31 40.71 329.03 21 29 3
361 50.88 48.77 16.97 324.63 16 17 2
362 52.12 49.74 37.81 452.72 22 34 3
363 79.60 49.08 8.64 332.44 24 40 1
364 35.59 5.15 2.88 196.52 16 18 1
365 75.75 52.43 23.94 268.29 19 31 1
366 24.36 59.24 38.63 427.30 20 29 3
367 47.30 65.14 34.56 461.48 5 41 2
368 44.08 8.15 18.61 387.60 18 42 1
369 49.38 65.98 44.22 281.89 6 25 1
370 9.88 77.41 3.26 497.39 6 13 2
371 47.06 94.20 44.35 264.27 11 41 2
372 19.00 85.28 41.99 351.68 21 32 3
373 79.36 0.41 48.65 73.82 2 47 3
374 77.90 47.61 23.13 400.63 24 46 1
375 94.08 61.08 23.92 242.31 17 43 2
376 50.02 81.68 43.51 335.89 9 10 2
377 93.72 13.33 44.88 109.85 12 43 1
378 11.91 90.79 30.11 374.83 20 32 2
379 11.60 0.15 49.92 422.95 3 43 2
380 36.92 45.08 43.97 73.87 8 12 3
381 70.03 17.29 40.41 239.50 9 46 1
382 75.03 70.12 14.55 52.50 19 27 1
383 75.45 69.24 34.12 379.83 11 37 3
384 60.88 38.41 37.51 116.45 10 44 3
385 60.00 18.01 21.83 485.05 23 33 1
386 73.47 75.15 38.85 250.33 15 47 2
387 86.18 27.64 35.86 285.61 6 23 1
388 75.08 1.64 6.99 86.67 17 43 1
389 42.90 27.80 44.87 223.52 4 27 2
390 71.17 97.16 35.52 79.34 6 21 2
391 25.11 83.24 28.97 450.75 3 46 2
392 93.70 76.73 12.38 470.03 24 25 3
393 1.56 15.52 1.40 359.75 18 42 1
394 28.75 30.12 46.62 394.19 8 42 3
395 76.09 70.31 39.28 261.75 3 6 3
396 94.21 29.85 1.37 212.31 12 36 3
397 43.02 3.39 19.07 464.38 18 27 1
398 18.86 68.10 0.63 145.35 11 40 3
399 17.88 44.11 49.29 236.08 18 34 2
400 64.41 63.81 46.12 156.86 2 40 3
1 191.34 4437.22 1
2 172.44 3288.95 2
3 152.93 4051.14 3
4 181.39 2510.68 1
5 175.25 3561.97 1
1 1.80 28.65 4
2 1.02 26.60 2
3 1.31 35.26 3
4 1.65 36.76 4
5 1.32 40.35 5
6 1.94 47.42 4
7 1.97 43.83 5
