Data for Vehicle routing problem with drones - Author: Huyen Do Thi Ngoc
Number of depots: 2
Number of cities: 500
Number of trucks: 3
Number of drones: 8
Area: 100 100 50
Customer maximum demand: 500
Max capacity of truck: 200
Max energy of truck: 5000
Max capacity of drone: 2
Max energy of drone: 50
1 19.18 82.93 17.48
2 73.06 61.12 20.99
1 3.53 92.29 22.29 221.61 14 25 2
2 55.40 73.56 29.42 142.01 24 48 2
3 74.24 87.01 25.22 51.57 3 40 1
4 58.16 44.75 8.27 315.39 18 44 2
5 94.25 52.18 31.21 424.13 3 14 2
6 67.11 49.59 43.15 159.00 3 26 1
7 50.47 51.44 29.41 67.97 19 45 2
8 35.63 60.38 3.36 420.98 5 27 2
9 85.89 35.40 10.82 121.72 13 16 2
10 79.24 94.26 46.77 118.87 11 25 2
11 33.33 42.42 16.58 160.63 3 9 1
12 57.34 70.75 44.76 201.89 23 46 2
13 83.28 25.24 43.79 469.34 19 43 2
14 49.77 73.49 8.90 374.72 22 44 2
15 73.05 53.02 7.83 391.12 8 22 1
16 29.48 26.05 30.58 297.54 18 26 2
17 71.62 52.32 7.49 441.86 3 20 2
18 3.44 48.83 10.87 490.90 11 44 1
19 75.76 91.81 46.88 289.09 1 10 1
20 9.50 95.99 3.53 235.07 17 48 1
21 85.83 71.80 22.99 105.53 6 29 1
22 66.07 40.62 23.04 58.09 1 12 1
23 69.79 16.95 13.57 156.64 13 45 1
24 86.01 72.90 46.24 490.13 3 25 1
25 84.60 21.54 16.37 472.97 22 28 2
26 8.25 78.83 33.09 347.46 7 38 1
27 79.65 89.99 43.47 96.37 13 25 2
28 1.54 21.78 35.59 341.05 2 24 1
29 31.56 71.74 35.62 169.95 3 43 2
30 47.47 70.45 10.63 367.06 22 30 1
31 84.49 11.82 8.36 325.97 0 35 1
32 45.86 47.51 17.84 346.67 3 3 2
33 43.71 68.89 0.90 78.03 22 46 2
34 6.45 65.73 8.62 117.46 10 21 1
35 44.48 80.63 30.01 469.67 10 40 1
36 98.79 64.52 6.65 183.87 21 38 2
37 75.36 65.88 6.77 235.46 6 29 2
38 49.67 5.72 8.71 442.83 23 42 2
39 24.97 24.87 49.89 89.70 4 25 2
40 54.86 37.30 14.51 61.71 10 36 2
41 56.75 31.49 18.27 85.09 12 33 2
42 82.57 39.98 31.32 374.90 10 32 2
43 56.22 38.58 38.60 388.07 16 24 1
44 4.10 83.34 33.28 128.46 14 19 2
45 1.77 62.38 10.68 328.66 4 32 1
46 16.15 30.88 28.02 401.95 15 19 1
47 12.95 31.92 42.81 444.48 9 23 2
48 30.00 66.40 45.91 289.69 5 29 2
49 97.40 35.27 41.89 401.52 3 26 1
50 16.13 87.34 1.05 186.45 24 30 1
51 0.96 82.93 5.81 418.44 14 19 1
52 17.79 67.37 12.33 321.14 24 42 2
53 85.83 10.78 23.33 286.07 20 37 1
54 9.66 29.54 20.48 195.00 12 16 2
55 97.06 49.96 43.77 76.96 17 20 2
56 19.59 90.56 41.27 244.99 10 16 2
57 96.10 57.67 13.52 222.84 4 19 2
58 55.66 31.93 29.19 302.76 9 27 2
59 37.41 39.48 37.04 351.00 1 47 1
60 24.34 57.35 37.00 421.54 13 17 2
61 57.66 55.27 24.06 245.18 20 46 1
62 62.29 61.80 31.50 377.44 9 23 1
63 26.87 64.18 13.32 452.36 6 33 2
64 48.62 90.75 32.16 439.30 13 47 1
65 63.33 88.62 1.83 404.42 21 32 2
66 21.39 69.79 45.59 365.06 13 21 1
67 15.02 75.82 44.51 299.38 3 31 1
68 35.14 88.97 48.46 94.86 9 44 1
69 93.15 9.20 34.83 145.60 21 23 2
70 31.54 98.18 13.91 65.12 23 25 2
71 46.62 32.49 45.03 387.04 5 42 2
72 48.43 0.26 15.05 234.47 4 36 1
73 32.96 30.47 21.78 468.04 1 10 1
74 4.91 69.10 0.90 90.93 12 22 2
75 22.33 84.28 15.05 119.48 12 38 1
76 0.88 3.42 2.49 285.45 2 28 1
77 35.56 86.81 41.83 257.30 18 36 2
78 40.61 38.04 49.86 268.95 18 31 1
79 94.12 50.43 45.16 397.92 1 36 2
80 92.42 9.96 43.66 251.55 19 47 2
81 59.95 18.39 1.14 261.62 7 42 1
82 31.25 86.08 23.26 237.38 19 28 2
83 90.93 16.33 11.00 251.54 22 45 2
84 21.96 16.25 45.04 215.28 3 19 1
85 99.41 30.27 13.80 404.52 13 14 1
86 95.82 15.72 32.57 278.44 21 25 1
87 41.58 27.93 38.39 119.51 12 30 2
88 95.72 96.62 37.13 203.31 7 10 2
89 53.49 35.29 18.55 71.97 3 10 2
90 84.49 46.11 44.22 136.10 14 44 2
91 84.40 35.00 0.56 458.42 21 27 1
92 61.99 33.29 1.34 91.54 3 12 2
93 91.52 45.63 25.36 476.03 6 23 2
94 81.81 12.20 42.42 141.78 1 10 2
95 63.47 43.83 32.51 96.45 18 29 1
96 70.02 94.80 13.42 209.00 24 31 1
97 85.07 89.68 28.17 161.03 19 43 1
98 80.20 95.07 3.68 400.97 11 11 1
99 54.27 98.08 38.60 74.69 17 28 1
100 85.94 64.01 6.81 330.72 18 25 2
101 29.52 62.83 8.63 173.62 18 41 2
102 83.29 72.32 16.79 74.21 17 23 2
103 12.45 87.61 11.35 435.88 9 33 1
104 16.90 38.66 12.54 166.14 3 38 1
105 16.02 13.04 40.59 359.50 10 23 1
106 55.91 96.24 15.26 356.29 21 22 1
107 98.73 6.76 34.37 178.85 7 8 2
108 39.77 7.18 3.22 460.23 7 45 1
109 16.70 7.47 8.19 147.78 10 29 2
110 62.84 59.07 7.33 138.19 12 43 1
111 17.82 74.05 18.17 110.40 11 11 1
112 35.65 1.79 16.68 206.12 7 43 2
113 60.15 29.50 32.27 436.84 12 29 2
114 37.06 24.23 27.11 198.08 18 44 2
115 3.87 15.78 39.20 236.83 1 41 2
116 72.92 29.47 38.50 384.21 6 33 1
117 20.12 81.75 10.94 128.99 17 30 2
118 13.57 56.01 24.87 169.20 11 41 1
119 43.11 83.42 49.86 423.10 15 31 1
120 0.25 11.13 28.47 465.29 19 34 1
121 67.10 29.10 48.05 389.91 23 35 2
122 56.67 61.46 46.51 142.43 13 21 2
123 17.98 73.94 37.07 71.52 21 21 1
124 36.12 81.03 17.37 417.06 14 44 1
125 91.14 69.78 29.03 355.40 2 25 2
126 80.31 56.29 29.48 487.75 14 17 2
127 63.68 0.92 48.85 199.79 18 31 2
128 61.04 39.98 30.93 192.24 18 27 1
129 88.87 89.80 12.14 260.43 19 36 2
130 32.09 51.42 3.60 278.17 4 16 2
131 65.31 97.29 26.39 430.78 5 48 1
132 67.89 34.84 16.85 427.20 9 21 2
133 14.90 17.64 40.31 329.11 24 35 2
134 62.02 5.05 16.64 150.91 11 46 2
135 89.94 47.76 41.56 330.88 7 44 2
136 37.38 26.68 4.27 78.12 8 24 1
137 56.59 67.07 3.25 396.95 1 38 2
138 45.04 54.69 19.64 432.07 24 46 2
139 12.33 82.72 5.29 212.67 9 28 1
140 56.62 37.35 41.22 172.53 17 46 2
141 59.24 53.58 45.36 309.14 4 20 1
142 30.62 0.37 36.49 389.07 15 24 2
143 9.90 92.85 3.19 341.59 7 25 2
144 64.21 78.69 46.31 118.72 1 43 2
145 21.15 31.24 47.10 409.05 15 27 1
146 85.70 28.08 23.69 67.82 7 42 2
147 30.37 63.35 32.62 436.20 20 22 1
148 42.96 58.00 48.94 495.76 19 43 2
149 78.26 55.85 28.51 397.92 23 25 2
150 76.79 95.47 16.91 57.83 6 23 2
151 41.63 5.71 49.81 409.73 1 28 1
152 89.87 36.82 4.15 322.09 22 39 1
153 72.29 30.64 7.01 403.68 11 35 2
154 72.02 59.93 21.26 374.34 12 42 2
155 60.82 41.19 7.95 281.95 16 26 1
156 10.35 86.80 7.24 167.38 14 37 2
157 47.66 0.02 36.63 304.79 18 47 1
158 55.31 5.97 19.01 188.99 3 24 2
159 99.00 46.20 42.51 384.37 15 20 1
160 48.61 58.35 7.27 475.25 14 37 2
161 31.50 40.29 1.18 134.67 14 47 1
162 25.40 41.03 19.92 130.64 9 35 1
163 28.57 62.65 32.42 262.70 7 13 2
164 23.05 20.18 42.79 351.53 16 25 1
165 20.51 50.58 8.84 102.62 20 26 1
166 90.75 20.22 46.71 276.16 16 24 1
167 18.79 6.60 24.19 138.19 15 15 2
168 9.25 87.17 14.18 436.65 8 39 1
169 16.67 76.35 4.73 231.39 20 24 2
170 14.04 76.25 7.53 275.24 7 28 1
171 21.39 61.97 13.04 206.10 21 43 1
172 20.70 5.11 47.08 341.60 22 45 1
173 13.53 45.65 3.53 81.86 14 14 2
174 36.67 52.87 13.11 420.56 6 46 2
175 20.26 89.76 2.84 340.80 11 15 1
176 36.72 13.64 9.59 163.06 23 45 2
177 78.18 8.85 7.26 311.45 3 7 2
178 20.26 5.93 12.71 382.93 3 16 2
179 82.61 65.97 38.68 81.22 22 35 2
180 72.57 18.08 39.75 347.91 10 32 2
181 69.96 77.21 14.17 408.15 1 17 2
182 52.10 59.75 34.47 334.25 8 43 2
183 99.11 57.56 29.97 160.73 9 26 1
184 46.84 32.79 23.80 326.83 8 17 2
185 70.06 50.06 41.20 141.69 20 44 1
186 7.00 70.15 22.47 138.69 14 28 1
187 33.47 37.47 1.89 325.62 5 37 1
188 15.07 21.53 37.26 303.72 18 21 1
189 2.14 58.46 10.83 499.21 4 43 2
190 81.02 3.05 5.87 264.01 2 19 2
191 3.69 79.38 12.76 454.98 16 32 1
192 88.66 8.57 15.42 346.53 8 47 1
193 28.27 78.88 21.03 322.98 20 45 2
194 15.59 72.75 49.28 484.89 8 20 2
195 74.77 18.48 18.99 189.83 15 35 2
196 72.40 21.50 47.84 128.50 10 13 2
197 37.76 0.66 42.18 253.77 19 40 1
198 95.72 60.83 32.33 168.50 6 35 1
199 92.77 58.61 14.54 345.37 12 39 1
200 87.31 55.96 27.96 88.67 10 26 1
201 26.13 71.10 4.06 275.76 4 47 2
202 93.89 29.84 4.22 196.85 0 44 2
203 94.47 70.55 4.39 199.59 6 11 2
204 64.83 50.15 25.20 278.57 18 34 1
205 81.24 74.26 33.77 378.02 11 40 1
206 40.17 80.93 12.47 337.45 20 29 2
207 88.99 7.18 22.38 324.00 15 48 1
208 86.68 89.62 49.58 255.49 2 6 2
209 12.05 62.48 5.99 56.66 14 21 1
210 98.54 43.47 11.07 254.67 14 45 1
211 42.97 29.50 34.14 178.72 1 1 2
212 38.09 19.15 15.07 238.62 20 32 1
213 44.31 26.45 42.07 130.76 0 48 1
214 60.49 59.10 49.44 373.58 13 33 2
215 86.08 5.50 13.86 482.70 19 32 2
216 11.67 87.23 45.79 178.59 21 22 1
217 33.26 48.49 14.70 213.69 8 13 1
218 81.41 21.15 25.10 243.95 10 17 1
219 39.33 40.64 40.95 470.07 12 37 1
220 14.18 28.24 4.68 137.60 13 44 2
221 47.96 71.83 27.45 436.53 23 25 1
222 33.33 60.69 39.43 210.55 8 14 2
223 86.41 46.87 24.38 205.77 10 13 1
224 76.28 58.71 39.20 126.48 10 14 1
225 36.67 86.37 28.49 294.33 18 29 1
226 80.64 36.55 14.15 256.20 23 47 2
227 41.42 82.36 31.85 339.37 24 38 1
228 58.98 13.73 40.32 459.84 7 20 1
229 86.70 76.04 4.15 401.17 17 39 2
230 13.14 15.72 6.50 276.05 6 12 2
231 34.76 82.49 27.72 366.42 4 7 1
232 57.66 86.71 13.07 423.33 13 13 2
233 91.23 61.37 7.34 284.52 18 25 1
234 90.69 90.61 17.70 346.53 0 0 1
235 12.06 82.54 31.75 302.85 24 48 2
236 11.84 57.86 2.68 58.92 11 35 1
237 86.78 4.75 43.45 469.32 18 37 1
238 2.03 58.63 30.16 474.34 13 47 2
239 73.63 46.58 31.05 63.99 24 27 1
240 4.36 42.22 33.52 386.55 10 24 1
241 69.86 48.85 32.64 459.69 11 28 1
242 23.22 54.99 38.21 81.36 9 46 1
243 45.76 71.96 19.77 304.79 22 47 2
244 26.67 3.84 48.20 124.10 13 19 2
245 75.89 11.75 3.76 351.45 12 38 2
246 71.67 12.29 31.20 230.05 24 38 1
247 26.86 88.24 32.72 233.83 1 13 2
248 47.69 68.75 23.23 462.69 11 33 1
249 24.31 49.80 26.73 261.28 12 23 2
250 24.98 23.03 37.90 161.27 8 26 1
251 50.08 1.97 32.36 181.23 0 8 1
252 12.05 9.44 25.87 242.34 24 40 1
253 73.67 8.16 17.05 85.26 18 26 2
254 80.89 39.89 25.33 241.31 23 26 2
255 52.26 18.67 10.73 171.20 5 10 2
256 23.88 70.60 46.37 273.62 16 39 2
257 83.11 82.19 15.05 287.91 24 35 1
258 28.78 68.73 45.21 205.77 9 33 2
259 23.77 3.61 9.94 112.21 4 12 2
260 86.99 96.95 36.79 184.51 20 44 1
261 24.91 9.60 0.40 201.72 2 22 1
262 46.93 16.29 18.66 374.18 15 40 1
263 48.50 8.53 16.29 244.36 6 20 1
264 0.44 15.66 23.75 196.03 8 20 1
265 92.37 10.94 21.67 208.12 6 48 2
266 17.18 77.84 16.81 195.94 4 26 1
267 67.30 30.83 5.58 283.09 15 47 2
268 9.13 94.47 20.60 430.08 9 46 2
269 64.94 97.31 36.72 81.66 11 47 1
270 62.52 80.43 42.24 233.44 1 31 1
271 8.02 98.79 34.53 451.10 2 14 2
272 83.62 44.49 5.96 348.77 1 24 1
273 14.08 96.88 30.96 253.90 6 33 1
274 60.21 88.47 28.94 457.90 16 20 1
275 6.43 21.76 2.67 497.64 5 46 1
276 27.08 19.11 29.36 363.21 11 41 1
277 92.84 15.64 10.18 376.73 24 48 2
278 20.59 25.92 23.85 226.21 24 24 2
279 17.14 68.51 49.49 154.33 21 22 1
280 21.91 23.31 37.52 470.43 6 48 1
281 2.31 32.74 49.61 105.19 7 47 2
282 40.44 40.96 20.15 434.25 13 23 1
283 2.44 31.36 44.64 141.20 17 34 2
284 50.22 79.74 4.93 471.89 2 14 2
285 2.64 71.37 47.35 413.95 5 28 1
286 82.79 39.17 36.87 68.33 23 43 2
287 47.40 99.66 9.59 276.03 3 5 1
288 26.52 28.20 21.31 389.74 0 46 1
289 76.30 14.23 8.98 477.52 17 20 1
290 52.09 47.08 23.09 337.49 10 38 1
291 30.68 8.63 32.85 253.70 8 13 2
292 72.09 64.95 6.06 222.70 8 23 1
293 73.02 73.62 33.85 239.67 8 31 2
294 48.48 80.96 4.99 488.54 11 41 1
295 17.55 41.29 46.05 69.48 18 47 2
296 22.94 25.85 35.80 220.42 3 43 1
297 44.73 19.96 16.49 226.50 21 33 2
298 45.57 3.89 33.82 111.39 8 18 2
299 91.13 82.10 5.36 182.26 5 11 2
300 70.28 91.64 27.93 104.05 7 44 1
301 6.02 0.35 9.85 105.62 9 19 1
302 82.15 65.91 24.15 63.09 20 35 2
303 45.28 49.55 19.05 429.17 10 39 2
304 32.05 50.74 4.07 133.28 12 21 1
305 60.67 82.28 45.19 272.10 4 22 1
306 10.33 34.07 13.52 293.06 10 34 2
307 77.70 38.41 28.58 308.71 1 15 1
308 93.21 54.28 10.45 357.33 24 39 2
309 28.16 70.68 31.50 63.77 2 18 1
310 81.68 34.21 18.49 366.25 21 28 1
311 9.01 17.14 25.75 341.24 0 40 1
312 8.62 81.00 16.62 476.64 11 17 2
313 48.26 62.72 24.23 144.85 18 29 2
314 34.33 84.59 34.90 495.76 8 38 2
315 5.07 78.18 35.47 477.97 0 34 1
316 60.54 29.14 30.72 361.18 17 17 1
317 68.48 49.30 4.66 484.61 5 38 1
318 71.95 12.16 43.19 352.57 9 40 1
319 46.09 12.09 14.20 345.77 4 10 2
320 56.13 98.59 42.96 329.22 14 28 1
321 70.33 71.31 22.81 137.09 16 26 1
322 79.97 50.16 16.88 231.23 7 27 1
323 19.26 35.17 33.15 280.44 13 48 1
324 82.66 31.39 13.29 59.17 5 19 1
325 6.01 67.15 47.53 471.41 8 22 2
326 70.97 94.60 46.37 304.51 14 45 1
327 73.59 97.26 25.88 55.16 0 48 2
328 56.90 65.03 47.66 64.62 14 33 2
329 29.98 2.22 19.30 372.06 0 48 1
330 45.78 29.30 25.37 275.96 11 35 1
331 27.22 33.94 35.64 190.23 9 33 1
332 62.56 50.33 31.10 214.14 15 18 1
333 50.72 98.68 49.43 241.81 8 23 2
334 92.00 52.65 9.62 428.62 9 37 1
335 88.88 63.29 19.55 252.53 8 32 1
336 38.28 21.30 40.09 191.59 8 19 1
337 7.86 86.11 17.59 304.54 10 16 2
338 82.80 88.68 38.28 212.26 7 31 2
339 28.68 97.40 41.59 401.03 22 34 1
340 3.25 27.34 25.62 167.82 3 29 2
341 67.89 6.86 6.93 296.82 24 42 2
342 54.59 39.82 1.77 60.09 24 43 2
343 16.26 79.70 19.77 130.07 9 20 1
344 94.76 67.39 44.61 409.25 12 21 2
345 61.61 94.06 19.59 281.48 3 8 2
346 47.59 91.11 45.17 307.46 4 33 1
347 1.52 75.34 39.52 131.53 2 19 1
348 98.61 38.06 15.20 126.48 13 46 2
349 6.67 70.38 45.20 325.66 15 38 2
350 74.42 32.24 30.48 139.06 11 13 2
351 23.38 32.89 36.37 374.59 22 26 1
352 82.47 98.70 12.56 188.83 2 20 1
353 9.57 11.73 40.32 257.86 23 26 2
354 44.36 76.28 21.06 174.77 15 16 2
355 66.04 70.53 41.23 99.63 4 24 2
356 85.33 79.42 2.74 209.51 21 48 1
357 21.18 15.54 22.39 168.06 15 37 2
358 6.32 73.81 14.03 414.52 15 40 1
359 44.70 88.45 43.30 223.60 22 35 2
360 40.03 49.39 9.91 396.13 15 46 2
361 26.15 94.30 29.80 52.41 21 48 2
362 89.43 8.20 31.49 127.15 1 31 2
363 91.87 87.33 37.90 51.80 7 28 1
364 2.67 30.40 46.26 367.28 5 18 1
365 54.75 38.51 9.75 179.44 17 29 1
366 86.30 8.00 2.92 355.78 15 19 2
367 54.31 88.62 12.25 127.60 0 25 1
368 27.77 80.82 44.09 304.79 19 38 2
369 76.61 40.27 26.78 142.47 3 5 1
370 28.80 10.92 39.53 220.79 22 48 1
371 66.87 56.45 44.20 492.28 1 16 2
372 30.84 79.50 29.61 343.00 19 36 1
373 88.11 99.09 22.87 51.24 5 32 1
374 70.66 25.04 18.60 363.34 6 36 2
375 82.67 36.24 22.00 296.60 16 27 2
376 23.35 12.82 9.13 65.82 0 20 1
377 64.27 45.78 15.12 241.14 16 40 2
378 26.66 30.11 25.61 296.76 3 23 2
379 2.81 36.14 49.65 101.07 5 16 2
380 84.77 96.08 17.38 154.25 15 43 2
381 80.95 94.46 43.38 77.68 12 32 2
382 40.12 60.56 1.03 180.54 0 28 2
383 46.93 7.00 16.08 296.38 7 43 2
384 98.60 91.88 37.14 184.98 3 9 2
385 76.02 58.50 31.72 349.33 10 45 2
386 5.96 74.15 2.42 411.64 11 35 1
387 32.23 76.79 14.02 432.42 3 36 1
388 78.84 89.12 27.06 94.73 3 21 1
389 43.66 26.34 4.31 166.75 8 47 2
390 20.17 77.07 6.30 297.68 18 31 2
391 10.83 9.15 15.52 400.97 16 46 2
392 83.78 88.57 38.28 371.08 2 34 1
393 81.49 69.59 48.25 91.38 20 28 2
394 96.09 53.10 17.00 187.07 9 45 2
395 62.66 32.12 13.83 180.19 11 36 2
396 95.08 15.19 24.61 198.82 2 6 2
397 97.79 0.88 36.22 372.08 15 24 2
398 19.07 45.60 0.74 405.02 9 34 1
399 8.84 26.11 44.89 85.59 18 28 1
400 2.03 36.91 18.97 159.93 4 5 2
401 14.51 48.06 5.66 276.58 6 40 2
402 68.75 44.36 37.62 244.60 12 34 2
403 3.19 37.26 34.88 419.72 23 31 2
404 65.09 81.80 38.21 409.19 9 13 1
405 21.85 40.63 49.35 67.30 20 32 2
406 91.37 89.00 33.95 223.72 3 3 1
407 49.81 42.21 27.81 437.45 15 25 2
408 50.07 44.78 30.31 113.06 13 22 2
409 96.03 66.97 42.21 112.25 8 23 1
410 35.41 70.24 36.71 313.04 0 27 1
411 28.28 99.19 30.64 86.94 16 19 2
412 71.53 11.33 15.58 458.07 0 15 2
413 48.13 67.41 30.40 183.19 14 47 2
414 70.56 48.79 41.46 377.93 15 42 1
415 52.61 56.28 5.93 115.27 14 19 1
416 19.40 45.12 17.08 277.51 3 40 2
417 74.59 13.22 11.26 307.14 24 30 2
418 52.38 10.59 11.42 256.43 8 32 1
419 3.86 29.15 28.87 315.68 1 39 1
420 38.23 12.92 38.18 170.39 0 24 2
421 24.78 50.00 5.70 385.80 22 22 2
422 68.83 25.69 1.48 231.57 19 44 1
423 35.23 42.66 24.89 323.13 13 36 1
424 99.37 21.31 30.25 306.87 20 46 2
425 56.43 29.70 12.27 229.85 24 35 2
426 40.21 26.24 27.00 296.72 11 31 2
427 23.10 27.59 8.00 309.75 8 40 1
428 33.48 90.12 3.87 93.96 2 4 1
429 63.71 82.50 23.60 370.68 10 42 1
430 64.63 49.43 6.48 441.16 12 21 2
431 83.65 67.59 46.44 197.93 19 19 2
432 49.63 99.01 15.81 345.92 24 46 1
433 87.44 10.95 16.19 158.23 11 16 1
434 57.52 86.94 31.17 288.91 20 43 2
435 24.44 22.21 42.75 61.17 2 18 2
436 12.33 54.68 45.97 391.15 0 6 1
437 4.50 37.62 5.95 405.08 0 15 2
438 40.58 32.53 12.89 82.01 9 16 2
439 58.30 46.99 49.83 171.30 7 13 2
440 20.11 4.23 41.96 98.43 19 22 2
441 77.96 9.55 16.28 311.74 4 33 2
442 70.83 34.28 46.80 256.33 2 6 2
443 72.56 30.27 7.44 463.25 18 30 2
444 64.42 32.08 17.67 195.24 17 42 2
445 43.11 39.20 5.43 195.40 19 40 1
446 99.44 83.97 32.07 306.31 5 38 2
447 55.43 5.02 3.78 414.99 21 43 1
448 80.63 87.92 9.63 178.69 13 24 2
449 47.10 15.43 7.80 65.13 16 23 2
450 70.94 54.27 12.50 366.65 9 13 1
451 57.34 20.54 34.24 312.46 18 28 1
452 33.00 67.92 24.41 246.19 24 46 2
453 85.76 71.53 5.84 404.12 23 35 2
454 6.08 58.09 14.69 234.69 15 23 1
455 93.18 5.95 9.81 367.43 5 7 2
456 77.11 89.50 44.59 55.18 17 36 2
457 15.44 88.61 40.79 408.00 14 30 1
458 42.17 95.63 27.15 326.23 0 36 1
459 83.22 76.40 22.05 216.99 13 45 2
460 5.84 60.63 13.16 193.55 8 47 1
461 91.57 7.63 43.88 337.85 21 44 1
462 62.01 41.99 36.72 320.44 19 23 1
463 32.07 74.91 31.55 197.99 6 26 1
464 90.40 51.60 35.15 158.65 14 41 2
465 23.40 82.42 8.95 255.74 23 39 2
466 75.40 70.94 38.04 385.09 24 44 2
467 94.54 7.64 40.94 376.04 6 30 1
468 80.22 85.83 37.92 483.30 11 23 2
469 48.56 92.98 25.96 479.27 9 36 1
470 16.59 15.38 21.26 63.31 8 48 2
471 36.49 39.70 25.23 219.15 11 48 1
472 12.72 24.97 33.40 291.55 15 38 1
473 77.58 95.98 37.03 61.18 11 43 2
474 66.50 58.95 34.42 138.71 7 36 1
475 47.47 10.39 47.80 181.36 20 31 2
476 80.22 49.38 17.56 73.84 21 21 2
477 96.43 25.76 22.55 393.74 20 32 2
478 35.55 61.73 14.03 498.08 11 16 2
479 87.87 66.55 17.36 342.98 18 42 1
480 56.23 58.49 13.84 167.67 21 27 1
481 7.75 79.87 38.97 453.36 17 38 1
482 62.84 15.77 43.29 145.05 22 28 2
483 5.03 96.15 27.74 156.48 14 19 1
484 94.75 44.28 6.40 105.95 18 42 1
485 54.58 80.53 36.67 155.83 17 48 2
486 70.36 85.10 39.29 358.33 18 30 1
487 70.01 36.02 25.17 258.41 8 10 1
488 85.17 39.82 5.79 384.19 17 23 1
489 59.08 69.51 48.74 455.23 8 46 2
490 60.89 74.41 20.19 68.16 16 46 2
491 6.51 2.48 29.24 366.59 10 42 2
492 87.92 46.64 35.79 426.44 13 35 1
493 67.01 84.02 1.47 58.65 23 31 2
494 28.15 95.23 24.99 96.85 12 30 1
495 97.08 21.01 31.84 172.03 5 19 2
496 30.14 25.70 40.61 360.13 2 46 1
497 91.34 20.95 23.12 285.72 17 23 2
498 21.76 82.25 39.15 493.69 1 30 1
499 51.23 43.13 42.75 93.04 0 31 2
500 34.76 54.46 11.10 158.65 13 16 2
1 149.58 3557.15 1
2 137.79 3229.02 2
3 100.20 4306.39 2
1 1.38 49.29 1
2 1.82 49.31 1
3 1.31 27.48 1
4 1.89 40.45 1
5 1.50 37.09 2
6 1.61 38.01 2
7 1.29 34.73 2
8 1.67 45.16 2
