Data for Vehicle routing problem with drones - Author: Huyen Do Thi Ngoc
Number of depots: 3
Number of cities: 500
Number of trucks: 3
Number of drones: 3
Area: 100 100 50
Customer maximum demand: 500
Max capacity of truck: 200
Max energy of truck: 5000
Max capacity of drone: 2
Max energy of drone: 50
1 85.22 28.95 47.35
2 99.12 60.40 4.76
3 84.76 92.58 27.52
1 92.72 0.73 21.11 304.50 0 14 3
2 12.76 88.21 21.64 179.08 9 40 1
3 65.17 73.62 21.53 151.65 21 46 1
4 56.96 99.67 42.70 51.17 5 30 2
5 25.26 47.28 2.05 336.32 10 39 3
6 88.90 58.22 8.89 484.61 21 48 3
7 69.52 2.69 34.92 480.27 17 30 3
8 83.40 66.68 5.61 273.80 21 43 3
9 44.65 20.85 4.71 74.56 13 48 1
10 63.69 71.22 23.98 239.65 0 6 3
11 86.02 44.63 6.96 287.77 24 32 2
12 55.86 92.44 29.35 297.82 16 32 2
13 84.78 79.13 19.74 492.19 16 26 2
14 68.18 62.25 6.95 311.64 5 30 3
15 75.30 10.84 16.80 470.20 4 32 2
16 14.72 91.46 29.19 237.24 15 32 1
17 40.89 30.98 35.69 264.36 16 33 3
18 82.77 48.29 43.62 87.94 7 9 3
19 54.51 51.31 40.29 362.93 1 45 2
20 57.06 3.69 37.74 151.29 7 32 1
21 54.61 7.02 48.46 292.75 5 41 1
22 34.27 92.37 3.95 294.03 22 44 1
23 11.13 68.94 17.70 487.52 2 29 3
24 31.99 46.70 33.55 180.68 8 28 2
25 36.42 84.45 6.20 440.43 2 19 2
26 88.52 58.14 14.26 460.81 9 13 1
27 16.14 96.45 34.25 426.16 6 31 1
28 74.01 79.57 49.84 220.45 24 35 1
29 49.16 4.62 23.20 143.12 20 20 2
30 36.30 17.92 22.67 307.93 20 41 3
31 94.73 91.65 3.19 372.94 10 32 1
32 64.37 87.39 19.89 129.43 17 17 2
33 89.90 31.37 12.27 121.23 18 21 1
34 5.53 72.66 13.49 74.75 3 47 2
35 62.71 74.03 43.47 285.38 22 30 3
36 95.46 53.90 23.54 227.02 16 43 1
37 76.68 33.16 19.47 263.29 18 28 1
38 86.72 2.43 0.91 312.39 4 13 2
39 26.02 90.83 14.63 88.50 20 30 3
40 49.09 58.48 16.89 67.27 6 36 3
41 53.54 56.75 38.69 67.54 4 19 2
42 6.87 62.81 16.16 429.79 8 24 3
43 67.21 38.74 22.35 423.81 7 9 1
44 86.06 16.14 28.45 167.55 3 6 3
45 91.60 81.98 29.48 275.74 14 24 3
46 55.55 84.38 34.27 55.29 0 5 2
47 50.89 66.87 34.50 470.68 6 21 2
48 4.03 8.63 38.72 146.95 21 40 1
49 32.56 82.98 31.45 245.53 0 41 1
50 8.50 24.60 15.01 481.39 17 45 1
51 29.45 2.33 31.21 253.09 10 13 1
52 2.33 20.14 26.17 283.09 5 23 2
53 1.27 94.23 23.30 471.69 22 28 1
54 1.59 47.80 44.63 291.04 21 26 2
55 53.42 25.20 45.96 286.23 7 34 1
56 3.90 15.11 14.12 263.55 10 45 2
57 15.04 41.05 7.37 347.77 11 48 3
58 26.15 28.53 7.32 299.63 3 26 3
59 7.46 24.21 1.78 427.63 3 43 2
60 55.46 10.62 32.01 440.40 6 9 3
61 82.96 93.14 6.57 316.94 19 31 1
62 16.62 25.02 18.08 292.90 7 27 2
63 17.30 61.26 44.56 330.10 23 36 1
64 22.13 25.82 0.79 353.01 21 39 3
65 32.78 87.16 0.63 439.29 22 42 3
66 82.06 74.02 16.67 184.31 12 33 1
67 36.43 58.65 29.99 62.00 0 11 3
68 41.41 36.12 33.01 118.51 19 39 3
69 56.45 35.93 35.41 352.62 2 36 1
70 73.86 20.72 49.66 280.34 13 27 2
71 65.77 61.19 24.02 358.62 4 42 3
72 63.34 13.76 24.97 160.32 24 26 2
73 54.78 59.72 32.16 355.79 7 39 1
74 57.69 70.32 49.32 176.88 17 25 3
75 32.04 98.07 32.76 188.37 23 42 2
76 22.22 38.86 5.33 348.45 17 21 3
77 77.57 28.82 30.81 385.78 22 47 3
78 18.89 35.28 48.97 313.24 17 32 3
79 17.62 35.76 19.61 87.72 20 31 3
80 62.11 80.71 37.55 284.74 7 21 2
81 58.54 71.19 0.30 249.15 22 29 2
82 28.84 63.35 5.47 486.26 23 33 3
83 26.06 95.60 20.73 195.09 20 34 1
84 58.12 69.34 23.64 299.28 3 23 1
85 28.71 30.22 44.18 238.63 18 36 2
86 30.06 87.71 14.92 55.90 20 48 1
87 18.55 63.68 1.40 431.58 15 42 1
88 69.82 74.20 34.00 188.21 4 28 2
89 51.20 91.32 22.07 122.47 17 28 3
90 14.13 41.06 16.07 414.86 18 36 1
91 13.82 48.45 17.32 129.90 10 36 1
92 3.63 10.31 32.19 269.13 17 43 1
93 47.86 6.82 15.81 159.41 8 14 3
94 25.44 21.46 10.13 197.21 7 13 3
95 51.97 68.06 47.51 233.88 6 28 3
96 26.69 18.69 27.81 265.75 0 15 2
97 46.93 8.16 42.28 85.25 8 21 3
98 76.12 50.94 9.33 291.19 22 32 3
99 26.94 3.89 17.33 384.29 21 36 3
100 4.36 8.41 12.89 252.63 21 42 1
101 43.49 54.99 6.45 344.52 4 24 2
102 99.95 47.20 43.25 473.32 3 48 3
103 80.95 78.45 46.83 464.98 1 47 3
104 57.22 50.58 1.21 355.23 23 31 1
105 87.38 10.86 14.00 362.69 13 35 2
106 81.03 64.15 4.33 490.29 13 16 3
107 64.27 22.57 7.08 132.88 16 48 1
108 60.48 48.51 7.45 403.88 5 15 1
109 47.45 73.59 45.71 108.95 7 47 1
110 36.93 82.56 34.40 186.07 13 29 1
111 85.45 95.38 2.59 240.19 20 35 2
112 65.40 65.93 20.85 273.83 9 36 3
113 16.47 74.55 42.65 159.21 1 45 3
114 50.80 25.89 33.34 93.17 16 19 2
115 63.89 79.47 21.25 475.82 10 40 2
116 80.64 92.55 4.45 424.73 19 26 1
117 74.27 54.08 0.92 176.66 23 39 2
118 40.33 7.44 20.98 379.96 2 44 3
119 40.47 34.38 18.98 210.46 23 37 3
120 86.30 36.84 36.37 410.64 23 42 3
121 69.81 33.27 47.05 271.13 3 45 2
122 42.86 51.32 46.19 277.31 19 23 3
123 14.43 13.50 42.81 442.19 22 24 2
124 18.98 99.55 31.14 83.01 20 38 2
125 93.50 92.99 0.03 365.76 21 27 1
126 55.89 41.07 22.57 436.59 20 44 3
127 66.92 80.69 4.22 195.64 6 17 1
128 8.97 86.32 0.48 419.87 15 28 1
129 71.22 95.76 0.57 180.35 9 32 3
130 85.07 15.81 6.13 53.29 13 24 3
131 93.95 85.45 40.14 394.22 3 45 1
132 21.88 7.55 2.47 325.80 9 27 2
133 47.81 78.23 27.29 129.93 9 48 2
134 98.94 77.73 4.96 259.61 15 19 2
135 99.43 19.79 15.63 397.17 20 41 3
136 25.23 98.83 5.94 428.09 18 39 1
137 7.15 19.09 13.72 139.35 9 33 2
138 37.45 53.80 46.70 390.55 15 28 2
139 66.34 30.60 20.99 87.16 19 28 1
140 21.77 44.29 33.66 145.04 8 21 2
141 14.60 33.98 27.23 138.99 8 9 1
142 4.71 60.59 48.37 215.27 14 39 2
143 65.47 40.34 22.37 333.96 19 31 1
144 49.34 1.74 18.98 122.87 12 32 3
145 76.30 71.49 15.89 294.82 21 48 3
146 1.22 68.34 21.37 484.01 7 45 1
147 69.98 79.73 48.24 339.11 13 48 3
148 7.15 31.49 39.96 448.06 19 20 2
149 84.48 36.55 7.46 449.79 8 13 2
150 66.50 22.56 35.03 419.65 12 22 3
151 45.99 5.00 2.31 298.68 11 12 3
152 91.80 4.82 28.87 316.92 14 46 2
153 0.53 87.27 28.85 315.73 17 34 2
154 98.31 28.13 11.58 207.58 0 23 1
155 14.20 35.75 31.66 84.96 5 5 3
156 58.55 84.52 27.41 56.35 14 28 3
157 25.31 82.05 28.98 244.12 8 20 3
158 21.26 47.95 40.54 350.92 20 37 2
159 34.44 87.12 23.49 149.07 7 48 2
160 47.53 73.56 32.58 297.80 10 21 3
161 16.44 57.96 37.56 331.27 3 24 2
162 81.79 62.66 36.73 280.25 9 25 3
163 44.01 47.30 5.15 344.79 19 44 3
164 62.63 19.06 21.06 186.06 7 14 3
165 37.38 55.61 4.43 300.47 13 33 1
166 60.92 77.82 24.97 262.25 5 34 2
167 48.21 81.91 21.44 289.53 5 8 2
168 81.67 8.52 24.77 191.22 24 43 1
169 21.10 12.22 21.97 176.88 20 39 1
170 55.55 28.82 16.93 138.00 24 30 1
171 86.96 56.62 7.74 350.71 24 39 2
172 26.43 36.47 5.90 343.29 22 28 3
173 45.07 98.94 12.23 227.86 6 6 2
174 48.74 78.22 6.83 94.73 15 39 2
175 5.82 39.72 14.05 90.07 8 21 3
176 40.02 22.05 34.01 374.03 22 39 3
177 34.04 42.64 27.96 322.54 15 44 3
178 15.66 19.76 35.14 457.94 8 33 1
179 74.73 21.22 45.89 251.94 16 46 3
180 16.67 37.09 42.71 309.87 7 35 3
181 78.63 87.64 1.04 331.15 7 25 1
182 52.96 29.18 8.70 207.75 7 34 2
183 24.54 58.06 46.65 219.27 24 42 1
184 61.01 68.14 42.74 266.46 16 47 1
185 39.11 78.53 22.50 293.49 22 23 2
186 47.19 69.59 20.72 71.26 22 37 1
187 2.27 21.81 2.57 444.72 21 48 3
188 50.14 24.94 30.55 305.47 14 31 2
189 61.75 17.13 13.74 348.60 21 22 3
190 23.21 70.18 16.84 223.63 3 6 3
191 88.29 99.21 19.75 346.66 0 45 3
192 93.96 83.14 11.61 275.32 12 48 2
193 28.96 69.77 15.77 376.18 3 12 3
194 76.12 35.87 18.17 377.21 15 15 1
195 37.78 72.62 20.80 236.44 14 25 1
196 3.19 59.51 44.86 449.47 20 28 2
197 30.72 32.06 40.89 168.50 4 46 2
198 68.68 80.51 26.69 391.90 18 28 3
199 92.72 10.70 46.82 169.33 3 45 3
200 71.06 94.42 16.74 198.60 0 3 1
201 78.90 3.71 20.88 410.46 6 15 1
202 26.15 61.14 38.29 237.24 6 9 2
203 36.63 49.58 32.39 444.03 11 22 3
204 25.56 37.11 12.75 76.48 2 16 2
205 75.58 54.41 19.88 203.55 19 28 1
206 83.55 13.60 6.14 175.75 12 26 1
207 40.56 85.20 18.85 88.32 17 41 2
208 5.43 28.25 40.75 453.13 24 42 1
209 88.65 9.16 30.53 101.31 12 23 1
210 28.51 85.71 26.83 405.41 12 35 3
211 52.03 91.99 14.59 103.56 12 41 2
212 10.69 2.41 6.10 80.89 2 46 3
213 33.06 74.59 25.38 233.47 4 27 2
214 81.87 69.09 42.50 239.97 17 31 3
215 62.05 90.91 23.15 331.15 8 16 2
216 80.73 36.63 46.52 123.12 3 19 2
217 90.26 78.85 15.11 203.93 0 9 3
218 44.62 66.35 36.52 264.90 19 45 3
219 82.49 2.25 40.75 222.59 23 40 3
220 11.07 80.32 49.94 167.10 18 45 3
221 96.16 12.21 36.03 261.55 8 28 3
222 70.56 67.64 34.12 214.79 6 38 2
223 92.35 25.92 38.73 439.48 9 10 2
224 17.43 14.75 6.83 354.64 18 34 1
225 68.21 41.78 36.63 332.32 12 45 1
226 50.68 25.78 16.88 439.81 21 24 2
227 41.05 3.40 33.69 407.44 0 13 2
228 80.85 44.17 12.11 225.44 15 21 1
229 22.44 78.51 28.33 337.77 11 38 3
230 9.48 91.50 10.94 415.97 15 38 2
231 24.86 89.69 48.17 117.29 16 41 3
232 12.96 0.08 48.82 259.28 3 20 3
233 28.80 76.09 41.81 139.56 16 17 2
234 72.38 6.57 36.38 237.28 15 35 3
235 66.35 37.07 35.58 410.46 17 24 3
236 71.84 24.70 10.88 377.33 1 47 1
237 39.59 40.83 31.60 480.21 17 29 3
238 50.40 88.18 15.40 382.15 0 9 3
239 56.11 30.59 35.59 58.82 4 32 1
240 60.25 49.66 33.46 337.36 20 21 1
241 51.28 46.70 35.29 289.07 10 25 3
242 11.61 80.13 25.30 194.41 19 36 2
243 55.18 47.82 16.29 166.20 20 41 3
244 12.43 44.50 36.01 345.89 14 48 2
245 76.13 87.57 35.16 90.96 2 34 1
246 65.73 76.30 38.22 221.78 16 47 1
247 52.72 68.89 45.87 448.06 9 25 2
248 41.68 63.61 41.46 478.85 18 25 2
249 53.46 86.82 46.42 247.74 22 43 1
250 13.01 38.27 22.25 439.52 13 17 3
251 97.18 54.42 47.53 466.56 1 35 3
252 88.32 56.14 1.40 357.71 21 44 1
253 90.26 32.04 29.04 443.30 2 26 2
254 51.38 68.27 38.62 261.04 14 34 1
255 18.06 11.71 44.62 54.91 9 15 3
256 89.33 89.81 2.56 351.19 17 43 3
257 75.19 79.10 23.89 482.50 4 39 2
258 86.71 34.04 7.47 484.84 14 32 1
259 46.46 12.55 13.42 87.81 11 28 3
260 72.86 31.87 18.56 126.80 21 21 1
261 99.61 91.10 10.45 430.97 4 19 1
262 16.40 18.65 7.01 256.68 8 22 3
263 37.29 26.68 2.25 336.72 12 22 3
264 50.87 17.64 37.05 318.72 3 26 3
265 73.83 42.32 48.28 474.20 21 30 1
266 96.56 18.91 6.67 176.13 1 40 2
267 38.78 82.66 47.70 93.86 15 48 2
268 92.13 84.40 18.29 87.50 2 12 3
269 72.71 98.19 16.93 240.49 20 31 3
270 97.28 61.95 17.85 149.12 1 36 1
271 83.42 34.50 29.21 157.37 3 15 2
272 71.82 67.20 33.08 461.92 0 25 3
273 23.61 2.69 32.97 130.39 11 47 3
274 3.63 29.25 9.77 388.12 5 31 3
275 53.47 61.12 39.54 454.20 4 17 2
276 8.22 51.09 32.04 72.52 10 16 3
277 1.32 97.11 19.89 403.53 12 42 2
278 93.02 42.00 46.02 340.57 22 42 1
279 79.28 50.69 36.13 356.83 1 18 3
280 90.50 21.70 22.49 391.64 11 21 1
281 38.25 61.21 48.28 342.07 13 45 1
282 84.08 30.18 13.95 391.39 24 40 2
283 64.69 91.70 8.25 156.64 19 42 1
284 15.58 53.99 7.62 266.98 13 39 1
285 96.58 56.40 43.43 499.13 7 38 1
286 65.03 3.35 1.51 413.67 6 47 2
287 30.62 81.53 24.54 345.08 2 47 3
288 1.63 39.69 23.80 455.53 22 31 3
289 54.21 58.74 29.40 106.51 4 34 1
290 36.27 58.38 1.02 312.84 18 26 1
291 66.49 23.99 48.23 292.04 21 33 2
292 73.25 64.77 30.78 326.45 9 17 1
293 0.50 35.52 33.06 426.10 6 24 2
294 94.92 17.52 1.25 101.43 19 27 2
295 91.36 14.67 16.17 460.98 17 20 3
296 17.32 77.90 10.25 65.68 13 39 2
297 68.56 82.77 37.76 185.42 22 33 1
298 8.76 87.16 39.01 121.05 22 31 1
299 65.98 16.38 26.09 454.58 13 28 2
300 8.95 13.42 20.67 255.58 10 11 3
301 86.26 81.33 18.85 157.68 1 34 3
302 70.50 17.42 10.25 160.85 8 39 1
303 3.61 43.78 37.04 494.44 24 25 1
304 57.36 41.36 34.72 294.94 18 41 1
305 10.16 74.37 6.51 272.50 2 47 1
306 48.00 83.46 14.23 313.11 16 45 3
307 16.22 84.43 41.19 95.54 21 29 3
308 89.51 69.05 46.45 313.72 11 23 3
309 51.38 55.04 37.71 423.22 8 37 3
310 56.24 32.43 16.10 72.82 0 6 1
311 97.93 19.21 3.04 202.45 7 32 3
312 68.79 10.05 23.28 392.28 14 44 1
313 62.94 82.49 36.38 397.95 6 18 3
314 25.20 53.61 35.12 152.99 18 32 1
315 27.63 54.29 22.11 397.06 14 43 1
316 72.12 76.96 13.39 144.12 20 32 3
317 62.66 23.56 28.51 321.73 1 10 2
318 65.09 59.34 42.69 416.19 8 24 1
319 38.23 88.13 21.45 106.10 9 20 3
320 85.93 19.33 33.93 83.34 11 20 3
321 73.98 31.23 26.16 440.10 17 24 2
322 40.06 42.50 31.92 146.73 15 45 2
323 6.10 71.56 23.26 449.44 6 32 1
324 96.02 87.58 21.64 115.06 2 30 3
325 32.73 92.01 8.91 209.15 1 15 2
326 29.80 62.28 1.32 342.67 18 30 1
327 23.15 99.51 39.32 214.25 9 18 1
328 75.24 5.01 24.07 155.44 7 32 2
329 55.76 34.68 47.09 265.67 23 36 2
330 68.32 12.72 48.44 346.54 7 22 2
331 66.08 18.05 29.99 105.63 3 10 2
332 27.69 54.44 17.77 492.66 10 13 1
333 98.14 76.07 13.07 301.19 2 29 3
334 65.56 95.79 39.73 222.61 21 45 3
335 76.38 29.70 28.21 432.88 17 48 1
336 77.43 57.74 0.25 361.93 7 9 1
337 78.60 28.09 47.36 75.00 1 42 2
338 57.71 79.55 48.58 486.44 5 15 3
339 17.74 39.89 17.11 459.98 24 43 1
340 9.19 19.29 25.16 462.20 22 46 1
341 46.56 17.80 38.03 437.88 17 23 2
342 69.56 61.24 13.96 340.22 19 32 3
343 90.20 91.81 21.92 478.96 0 3 3
344 89.88 28.60 37.48 467.06 13 16 1
345 54.20 17.91 40.43 185.81 11 24 3
346 24.48 58.64 49.28 371.10 6 44 1
347 38.01 10.29 42.69 325.54 13 37 3
348 33.44 11.71 1.05 64.34 9 15 3
349 42.24 13.26 29.06 416.90 1 45 3
350 5.65 96.58 41.52 399.25 14 31 3
351 29.16 70.74 46.27 94.14 16 33 3
352 78.92 78.07 44.38 262.18 3 17 2
353 22.41 52.51 23.36 218.04 22 37 2
354 79.02 79.01 41.53 81.29 5 17 3
355 22.94 16.74 21.39 323.44 2 26 2
356 50.91 8.66 15.24 175.98 10 33 1
357 66.18 35.81 0.39 114.17 12 29 1
358 32.49 10.62 22.61 407.41 0 45 2
359 73.46 79.41 33.49 221.62 15 40 2
360 65.48 61.54 16.84 383.69 1 5 3
361 26.53 86.74 18.55 195.38 7 30 2
362 2.50 86.83 22.95 263.82 5 30 1
363 29.17 38.33 24.02 119.45 20 43 2
364 88.74 51.61 3.23 207.29 11 15 2
365 41.44 42.75 41.82 56.16 1 1 1
366 2.69 14.22 44.27 353.86 4 32 3
367 99.37 93.09 30.69 140.71 17 44 3
368 62.13 67.69 0.24 396.07 7 23 1
369 36.39 24.41 2.65 370.81 6 44 2
370 38.91 38.88 4.27 97.09 20 26 1
371 82.24 27.52 33.21 478.87 9 36 2
372 47.51 10.14 16.97 393.00 10 19 1
373 71.00 24.72 14.09 404.36 8 28 2
374 32.71 62.38 29.70 61.94 14 39 2
375 72.52 20.46 23.13 359.30 7 42 3
376 21.98 51.36 27.15 82.02 5 30 2
377 50.28 34.05 49.00 163.46 11 33 3
378 76.79 14.15 42.85 58.20 14 39 3
379 49.78 31.28 0.98 58.94 1 31 3
380 24.30 45.57 42.83 465.41 23 30 3
381 84.22 3.79 18.31 115.57 16 26 3
382 47.93 35.60 36.96 335.84 7 29 3
383 38.51 15.03 33.54 393.23 24 45 3
384 97.75 75.62 45.61 365.84 3 37 1
385 21.88 32.19 16.86 373.23 11 36 1
386 0.26 93.13 35.54 433.57 24 25 1
387 37.24 99.72 41.50 378.76 11 23 3
388 58.57 77.74 5.44 69.62 5 34 3
389 47.45 1.15 14.24 176.46 12 37 1
390 55.78 78.16 22.55 165.76 17 26 3
391 50.32 40.45 5.88 121.83 16 17 1
392 2.49 39.37 27.13 474.96 22 33 3
393 93.66 70.25 2.75 78.42 23 30 2
394 93.28 10.15 10.22 122.84 2 43 3
395 91.37 81.20 6.78 286.95 3 7 2
396 68.58 4.88 16.90 351.64 8 18 3
397 0.88 64.26 20.17 322.31 10 20 2
398 67.55 25.12 22.27 75.99 17 20 3
399 3.00 44.40 3.80 286.37 9 36 2
400 83.83 85.74 45.33 488.59 23 31 2
401 19.76 64.28 42.53 399.11 15 41 3
402 84.40 96.81 24.68 92.81 8 18 3
403 74.80 99.67 42.26 303.78 5 34 1
404 77.54 31.44 33.02 330.64 20 20 1
405 36.33 84.82 2.46 241.85 13 35 1
406 91.54 48.20 2.12 66.15 4 4 1
407 14.37 40.70 11.15 385.38 5 35 1
408 71.25 66.13 39.28 193.76 17 32 1
409 17.28 67.14 2.87 458.79 6 36 1
410 40.41 15.38 18.02 70.97 10 20 3
411 64.03 5.02 14.02 166.85 18 27 3
412 36.79 98.18 0.12 70.95 13 31 3
413 24.65 68.73 5.18 94.97 14 31 3
414 48.80 23.24 4.35 330.35 21 27 3
415 14.51 17.64 48.94 487.03 24 35 3
416 79.57 61.92 4.74 333.38 7 20 3
417 87.91 54.44 36.44 238.01 13 32 3
418 50.02 71.10 43.06 208.00 12 26 1
419 28.77 24.38 23.31 134.40 3 24 1
420 50.91 24.63 17.06 228.34 23 31 2
421 28.37 42.23 5.77 303.36 15 39 1
422 61.50 42.41 44.34 220.66 7 41 2
423 66.94 55.03 43.69 212.49 21 43 2
424 64.97 8.33 0.15 475.41 2 28 3
425 12.01 49.94 41.22 203.49 11 41 1
426 22.93 23.47 7.25 309.83 10 27 3
427 77.25 74.81 26.32 124.96 24 43 1
428 35.27 80.54 28.56 275.43 11 42 2
429 77.86 88.07 44.18 109.30 11 36 2
430 63.32 69.57 26.83 172.63 19 23 3
431 97.67 14.86 35.80 422.93 17 17 3
432 18.88 75.62 22.52 110.47 19 48 3
433 67.98 16.00 11.75 152.47 9 15 3
434 70.66 18.04 22.43 195.07 2 2 2
435 63.73 85.36 41.05 262.87 17 31 3
436 29.55 27.65 33.11 130.94 6 7 3
437 41.73 63.87 30.02 470.61 0 27 3
438 19.53 71.96 31.64 295.52 9 20 3
439 42.13 43.69 3.97 309.27 12 38 3
440 50.18 11.13 9.64 70.13 19 29 1
441 12.31 40.45 29.87 168.36 4 16 2
442 63.70 84.63 6.40 477.33 19 19 3
443 83.91 2.23 39.79 393.89 9 42 1
444 85.52 96.09 11.71 471.69 17 39 3
445 72.41 72.84 27.05 409.82 8 38 2
446 19.91 46.16 34.83 448.04 17 25 2
447 51.03 89.57 13.62 436.45 24 32 1
448 92.18 82.15 13.57 99.58 9 28 3
449 65.11 5.58 27.94 215.33 2 12 3
450 29.81 45.08 34.41 356.71 2 21 2
451 84.09 2.89 7.78 301.59 5 13 3
452 34.29 69.86 22.12 89.29 6 13 3
453 28.90 25.95 39.14 177.51 9 11 1
454 92.46 84.75 19.39 212.98 3 44 1
455 36.37 33.64 16.93 207.08 22 48 2
456 37.39 84.87 23.75 311.44 20 32 3
457 54.60 49.30 19.15 100.95 0 17 3
458 95.81 56.12 10.80 451.40 6 33 3
459 20.42 60.19 39.22 375.15 2 20 3
460 27.54 50.58 0.24 416.19 21 24 1
461 47.67 29.00 22.36 105.17 5 33 2
462 16.26 77.30 0.42 430.34 13 21 2
463 15.14 55.66 30.19 263.45 6 28 3
464 92.23 80.96 39.23 108.36 15 23 3
465 40.05 2.67 2.15 122.58 0 48 1
466 79.29 26.95 33.88 229.46 6 34 3
467 70.75 8.31 8.56 329.37 24 40 1
468 82.16 93.23 12.56 408.22 8 9 2
469 75.64 43.44 44.28 361.33 3 39 3
470 66.52 58.25 32.00 151.05 9 28 2
471 82.41 82.84 31.96 466.65 22 43 3
472 76.91 47.06 1.58 102.82 8 48 2
473 82.76 49.85 22.21 230.33 19 46 1
474 61.76 4.98 25.18 144.21 0 36 2
475 16.56 29.04 18.98 479.76 12 18 1
476 34.99 4.43 49.05 181.53 14 31 2
477 75.57 39.80 42.32 217.55 23 23 2
478 88.98 32.48 44.14 274.10 4 7 1
479 31.29 4.83 15.88 375.71 8 8 1
480 72.03 13.80 43.88 350.05 22 34 2
481 68.64 39.97 10.38 75.57 13 32 3
482 66.69 68.29 41.95 239.09 17 46 1
483 82.69 14.97 29.59 53.18 8 40 3
484 38.61 63.22 26.83 273.03 11 22 3
485 27.26 38.87 20.64 338.19 11 16 1
486 31.69 4.30 29.09 303.52 14 42 2
487 33.16 72.40 34.99 400.11 12 38 2
488 48.95 56.43 7.06 203.93 15 38 2
489 89.91 77.66 29.61 190.17 6 34 3
490 67.46 74.84 31.34 453.97 10 24 1
491 63.66 15.92 19.53 202.05 18 25 2
492 26.98 11.63 37.74 251.52 20 39 3
493 97.90 47.82 21.44 428.32 0 30 1
494 36.27 88.20 22.48 372.59 16 39 3
495 43.22 54.87 23.42 66.32 13 47 3
496 77.98 85.70 40.74 245.10 22 46 1
497 94.75 5.28 0.78 351.30 5 16 1
498 39.00 42.53 10.07 194.33 3 48 2
499 35.47 14.29 28.21 309.91 20 43 1
500 32.81 71.62 17.64 331.33 16 29 1
1 101.04 4866.55 1
2 114.91 3608.18 2
3 161.32 4387.21 3
1 2.00 29.43 2
2 1.69 30.82 2
3 1.21 29.76 1
