Data for Vehicle routing problem with drones - Author: Huyen Do Thi Ngoc
Number of depots: 4
Number of cities: 400
Number of trucks: 8
Number of drones: 18
Area: 100 100 50
Customer maximum demand: 500
Max capacity of truck: 200
Max energy of truck: 5000
Max capacity of drone: 2
Max energy of drone: 50
1 14.28 81.14 23.03
2 11.73 30.60 37.35
3 12.59 9.17 45.56
4 87.45 22.70 33.36
1 12.00 36.69 33.16 134.67 9 24 3
2 63.80 40.74 45.05 405.82 15 18 2
3 34.60 20.47 37.82 343.17 10 46 1
4 63.66 88.52 25.79 61.57 20 27 3
5 64.42 90.11 35.49 333.55 2 44 4
6 64.07 19.25 11.19 341.83 17 45 1
7 66.42 51.00 2.95 431.48 7 17 2
8 97.18 59.45 28.83 499.86 23 35 2
9 93.88 4.56 14.04 284.73 4 26 2
10 60.91 64.96 31.87 284.14 15 38 4
11 80.47 43.67 21.22 427.34 5 33 3
12 68.84 89.49 8.63 436.97 14 26 4
13 92.53 18.70 35.43 465.17 6 31 2
14 56.19 15.86 13.64 296.00 22 40 3
15 91.49 87.07 10.41 171.31 18 41 4
16 51.14 26.66 47.62 76.30 12 16 3
17 69.57 23.61 9.29 492.76 17 38 2
18 78.70 62.78 40.87 331.77 23 30 4
19 13.13 55.07 10.93 413.52 8 35 1
20 31.29 32.75 2.47 78.89 12 39 2
21 78.95 14.14 18.43 380.33 7 17 3
22 66.87 6.14 46.56 429.29 23 27 1
23 71.74 90.01 45.40 115.34 15 46 4
24 9.51 69.00 31.74 346.50 18 19 2
25 41.16 99.74 4.73 330.96 5 9 1
26 85.04 35.18 46.23 68.59 4 24 4
27 19.10 65.88 43.62 363.68 20 29 4
28 51.36 94.20 41.79 155.36 13 42 1
29 75.93 97.35 47.54 331.71 19 25 4
30 99.36 96.52 28.64 207.21 18 31 3
31 64.85 23.25 30.35 347.35 17 27 4
32 47.00 50.33 21.76 468.86 15 32 3
33 24.39 61.89 23.46 399.84 19 24 1
34 62.46 4.42 27.26 325.83 17 21 1
35 98.67 17.56 43.52 59.91 23 33 2
36 58.18 83.17 15.56 117.74 11 40 1
37 90.45 38.98 45.07 212.54 24 42 4
38 69.35 22.33 40.20 72.04 9 18 2
39 50.34 72.05 9.97 277.43 2 48 3
40 15.27 48.26 44.90 358.95 4 35 2
41 95.28 9.68 1.58 101.35 19 30 2
42 87.50 87.09 45.61 160.39 19 25 2
43 82.04 89.92 26.25 187.52 10 12 4
44 84.14 0.73 41.18 107.17 11 23 3
45 58.71 45.77 18.41 473.97 12 14 4
46 77.05 68.69 24.60 493.70 11 34 3
47 7.70 96.26 40.57 334.17 23 47 1
48 0.18 49.62 8.33 156.43 19 19 3
49 22.28 10.86 18.67 431.71 15 21 3
50 92.59 45.47 45.81 65.77 3 19 2
51 37.81 48.58 18.66 224.56 14 15 3
52 67.93 56.37 26.71 412.75 7 21 1
53 42.61 56.48 1.71 89.97 7 47 2
54 37.79 8.88 35.27 374.35 2 13 2
55 81.25 74.16 48.88 123.10 24 45 1
56 11.17 71.46 41.27 202.44 11 13 2
57 94.15 42.14 21.72 311.90 10 36 1
58 43.41 28.40 36.44 223.25 20 45 4
59 97.05 65.44 19.59 149.59 20 38 4
60 66.69 93.29 38.61 236.89 1 47 1
61 82.86 59.33 25.04 311.23 21 24 4
62 4.62 69.18 46.72 107.20 19 21 3
63 6.94 99.30 7.40 145.63 11 34 4
64 28.75 80.30 34.08 124.91 14 17 2
65 86.36 97.97 23.17 166.11 12 19 2
66 2.58 40.60 22.13 74.32 14 43 1
67 15.40 59.63 25.38 214.66 7 44 4
68 68.06 65.25 5.95 433.75 11 35 4
69 60.72 62.98 28.54 231.65 18 23 3
70 95.71 34.80 48.70 71.16 10 27 3
71 74.84 48.25 31.79 83.79 19 34 3
72 84.44 58.82 27.17 201.28 14 38 2
73 60.35 93.19 25.62 325.61 1 47 1
74 45.73 12.48 38.29 213.93 20 34 2
75 42.89 13.33 14.25 499.28 23 37 4
76 8.46 70.85 7.36 68.15 11 40 4
77 8.41 45.48 14.47 228.19 14 36 4
78 76.85 44.06 38.97 379.19 4 10 2
79 42.79 54.88 16.91 249.92 11 42 4
80 64.37 58.21 21.89 409.06 6 24 3
81 49.56 66.11 41.23 312.04 23 27 4
82 32.43 49.82 33.06 145.47 9 41 3
83 83.54 86.57 29.72 477.74 13 42 1
84 96.63 79.91 34.99 62.25 7 16 2
85 60.02 65.93 27.36 447.11 16 16 4
86 98.80 54.44 8.70 497.38 9 48 1
87 76.11 68.81 33.04 435.09 22 37 4
88 54.11 53.76 33.22 213.25 24 48 1
89 18.99 27.39 36.17 403.49 8 21 2
90 74.55 87.95 35.23 299.32 10 27 4
91 89.27 66.86 3.36 229.45 16 35 1
92 8.83 71.53 21.50 255.65 19 26 4
93 5.93 90.01 27.99 430.33 15 42 3
94 20.42 30.63 17.57 363.06 4 48 4
95 27.58 43.72 15.35 494.24 6 20 2
96 64.10 91.57 47.38 414.19 13 29 1
97 7.52 40.20 12.84 286.78 20 22 1
98 14.36 39.73 43.68 359.82 4 35 3
99 45.30 98.67 21.19 322.54 7 24 2
100 24.63 66.58 43.11 342.05 19 32 3
101 24.83 66.71 22.73 417.93 8 47 3
102 20.68 38.95 5.53 52.58 16 22 2
103 31.04 48.80 1.74 139.53 22 32 3
104 85.86 8.09 7.52 320.78 14 27 3
105 39.05 49.15 27.26 236.20 5 33 1
106 6.33 4.97 46.59 128.96 24 24 1
107 14.61 76.23 2.88 436.98 21 27 3
108 44.78 53.78 23.96 478.53 21 46 4
109 92.02 48.30 31.38 367.84 16 16 1
110 56.70 81.47 16.09 414.95 0 46 3
111 88.94 4.67 27.18 480.97 17 35 4
112 16.39 1.42 41.44 484.36 10 43 1
113 99.33 48.38 36.75 341.55 0 33 2
114 30.63 60.09 31.34 487.49 7 27 4
115 46.08 36.99 41.68 111.16 18 48 3
116 70.91 31.00 36.36 240.87 24 39 4
117 83.03 26.55 24.33 455.65 5 5 2
118 82.24 68.22 17.89 378.69 19 36 4
119 96.60 95.03 44.27 251.22 12 13 2
120 40.96 49.25 48.25 456.80 24 42 2
121 27.51 38.88 4.13 174.35 19 19 3
122 98.36 89.76 14.53 422.35 5 29 1
123 38.90 64.10 13.54 61.03 3 4 2
124 51.39 87.91 47.51 490.06 16 42 4
125 95.49 3.87 35.40 146.97 19 46 3
126 15.05 4.54 32.38 254.73 12 21 4
127 97.65 40.73 14.56 57.34 23 39 3
128 39.21 10.56 20.22 136.51 9 26 4
129 21.99 48.21 0.99 427.92 23 35 4
130 42.11 29.69 2.57 126.24 9 38 1
131 79.86 0.57 2.35 256.77 0 15 1
132 3.62 5.64 33.84 448.65 16 45 3
133 67.46 55.09 42.77 111.34 14 47 1
134 35.70 12.76 49.32 443.99 8 16 1
135 78.56 10.72 28.61 345.47 9 46 4
136 76.10 90.55 21.75 309.40 18 33 2
137 79.03 76.96 3.61 200.18 7 25 1
138 79.39 85.77 45.14 131.37 10 29 2
139 34.95 16.87 9.51 333.70 4 16 1
140 35.73 48.96 45.85 196.89 19 36 1
141 10.87 50.06 32.98 337.95 22 40 3
142 42.98 17.40 17.63 499.75 19 25 3
143 17.83 69.65 5.72 138.99 6 27 2
144 98.24 10.11 41.36 495.71 18 40 3
145 86.08 63.97 36.68 258.35 1 36 2
146 41.68 31.04 10.74 270.39 22 39 2
147 80.91 92.01 40.58 202.48 4 20 2
148 68.46 79.44 19.47 334.86 14 32 1
149 97.17 62.73 49.29 273.56 24 42 4
150 99.42 32.69 0.33 175.12 24 30 3
151 85.48 13.88 12.78 389.11 12 35 1
152 36.78 5.15 26.08 415.33 9 36 4
153 72.24 94.66 34.84 218.34 9 47 4
154 35.10 15.42 41.88 425.50 10 30 1
155 30.50 97.53 21.03 399.24 20 46 4
156 16.28 36.65 34.44 85.69 20 23 1
157 36.90 54.57 26.92 440.21 17 17 1
158 39.09 30.44 3.03 60.78 3 11 3
159 96.82 42.16 46.81 460.42 3 25 4
160 63.60 37.52 6.49 176.95 15 22 1
161 90.72 74.49 13.13 408.24 9 32 4
162 57.11 87.29 30.27 118.35 8 14 4
163 17.38 51.98 25.57 293.77 1 25 4
164 98.20 57.64 14.32 413.83 0 5 1
165 29.23 6.94 46.12 472.15 20 42 2
166 63.12 10.61 13.39 463.05 9 44 3
167 83.57 0.22 45.02 335.37 0 10 4
168 99.05 98.16 0.18 116.02 7 7 2
169 48.60 86.57 48.89 147.07 2 27 1
170 34.48 94.23 10.48 342.52 14 35 4
171 21.75 57.89 47.41 302.07 6 12 4
172 90.03 51.03 15.19 126.63 24 48 1
173 73.34 19.78 48.67 292.31 3 5 2
174 85.71 91.89 35.58 428.36 0 14 1
175 81.06 43.92 13.24 244.58 4 8 1
176 31.68 3.15 8.75 378.52 10 22 1
177 66.83 70.52 4.62 494.24 13 26 1
178 38.46 7.05 16.21 199.51 5 10 4
179 87.36 83.98 48.89 70.23 24 27 2
180 99.59 28.44 26.99 186.17 5 16 1
181 95.64 90.22 36.07 349.24 3 9 2
182 68.97 27.41 49.48 118.50 6 21 4
183 48.63 6.86 10.14 145.08 20 32 2
184 22.01 37.73 9.88 179.37 19 32 3
185 53.48 80.86 35.20 125.04 8 35 1
186 56.31 54.76 31.26 233.63 15 17 4
187 54.86 25.03 22.25 499.49 0 48 4
188 86.13 47.15 37.91 429.20 23 23 1
189 79.63 62.31 18.53 115.58 3 39 3
190 58.29 61.50 49.15 199.73 10 40 1
191 34.18 32.76 35.73 409.09 17 24 3
192 92.44 36.93 35.03 381.54 0 42 4
193 54.89 39.80 44.87 176.87 24 37 1
194 47.29 72.75 18.19 376.01 16 42 2
195 97.58 94.82 1.74 330.07 9 39 3
196 59.19 13.31 8.95 467.97 4 19 1
197 61.00 32.49 27.94 331.99 14 32 3
198 35.91 96.79 10.14 356.60 22 36 1
199 59.54 94.60 44.51 349.95 1 30 4
200 49.34 30.75 27.56 455.15 11 27 4
201 52.41 23.12 11.93 128.20 11 46 1
202 24.61 17.63 41.56 288.02 22 23 4
203 32.63 53.07 39.27 94.40 0 48 1
204 82.04 64.34 1.93 227.23 3 40 2
205 55.36 19.83 35.41 443.50 24 44 3
206 93.81 15.73 4.37 139.48 2 7 3
207 63.98 72.14 7.43 72.80 13 20 2
208 40.09 12.37 30.38 447.27 20 47 2
209 71.76 88.46 21.19 226.79 10 14 2
210 29.76 43.48 22.22 94.77 7 20 2
211 59.48 90.45 1.84 68.02 8 9 2
212 89.81 79.11 5.85 454.92 5 27 1
213 99.08 46.12 29.64 128.64 23 35 4
214 13.38 56.92 30.69 120.88 8 26 2
215 51.55 39.33 14.66 422.79 20 30 1
216 65.03 93.54 16.11 324.66 2 28 4
217 52.77 76.46 38.09 402.87 23 33 2
218 30.93 80.97 5.54 76.67 10 45 1
219 28.36 48.61 39.52 371.37 2 39 1
220 38.65 57.37 48.75 221.49 11 17 4
221 39.08 42.59 47.81 492.98 9 15 2
222 28.62 2.52 43.14 293.36 18 39 2
223 65.71 75.96 12.97 180.00 22 30 3
224 57.95 67.32 38.60 74.34 22 36 1
225 74.68 82.04 30.80 230.65 5 36 3
226 16.95 38.60 6.82 125.54 18 23 1
227 38.35 75.28 30.22 289.62 4 11 2
228 51.82 36.52 37.91 179.75 15 19 4
229 27.08 90.04 1.67 88.11 9 40 4
230 27.14 45.98 49.20 178.94 0 16 3
231 48.17 28.20 33.47 222.49 23 39 1
232 41.72 8.93 9.07 241.69 0 46 4
233 83.38 55.93 13.96 435.97 8 20 4
234 91.08 74.00 39.74 441.66 12 15 2
235 5.38 61.31 27.57 378.38 18 41 4
236 42.72 39.02 30.47 106.08 5 11 1
237 11.62 17.35 11.37 420.58 10 19 4
238 2.21 53.82 2.57 359.95 11 36 4
239 3.64 92.83 10.38 136.54 15 37 4
240 58.53 63.82 47.95 265.29 14 30 4
241 94.56 29.03 35.69 212.73 10 26 2
242 85.72 73.84 17.33 253.03 1 41 1
243 16.19 54.45 24.53 332.19 8 15 3
244 75.40 30.51 8.07 471.53 24 46 3
245 95.61 13.10 47.32 461.69 5 8 3
246 29.14 58.64 40.53 402.04 11 17 3
247 45.58 52.25 36.16 205.24 6 27 3
248 79.91 1.84 44.54 386.08 11 12 2
249 99.48 83.68 36.02 232.22 20 20 2
250 93.77 54.12 43.36 396.85 11 29 2
251 54.40 41.16 14.50 402.23 8 19 1
252 28.24 17.82 37.83 237.12 21 48 3
253 95.08 27.28 3.38 272.74 16 24 4
254 23.27 49.61 49.65 218.32 17 26 3
255 1.27 70.00 26.74 153.19 12 23 4
256 39.26 49.31 13.71 478.26 24 36 1
257 67.06 61.03 27.75 381.93 7 31 3
258 84.68 87.04 28.52 436.96 2 11 1
259 7.15 3.58 7.47 281.88 8 43 3
260 12.14 98.02 37.15 479.75 17 25 3
261 74.73 28.39 42.56 271.92 0 16 1
262 80.43 43.13 12.43 476.57 20 27 2
263 58.40 64.17 48.42 336.61 14 38 1
264 89.54 6.47 24.62 393.55 1 8 3
265 28.44 68.49 38.98 88.57 18 42 4
266 7.80 48.71 34.60 439.08 1 12 4
267 8.09 32.56 48.43 95.42 15 16 3
268 35.53 93.72 12.89 292.26 15 41 1
269 42.69 15.97 44.56 273.27 3 28 1
270 71.20 52.24 39.92 280.84 15 45 3
271 9.66 92.95 33.72 213.70 7 41 2
272 67.26 73.41 6.30 210.10 10 15 4
273 50.63 10.85 42.95 384.53 0 45 2
274 92.02 80.70 24.74 284.18 13 26 2
275 38.82 12.70 7.70 68.55 23 39 2
276 74.73 67.69 13.86 459.48 7 48 2
277 76.25 18.40 2.26 370.67 13 47 3
278 60.95 14.77 24.54 483.87 20 38 1
279 17.11 29.51 3.69 280.12 4 19 2
280 98.74 3.04 3.88 456.51 22 24 3
281 56.82 38.94 11.11 313.69 23 40 1
282 70.48 63.61 27.89 105.38 2 12 1
283 81.91 26.02 18.07 146.49 8 37 4
284 5.92 12.57 34.83 158.82 6 17 4
285 59.49 64.58 41.46 327.10 24 34 1
286 47.32 16.01 23.03 89.55 19 36 2
287 33.75 68.98 8.08 449.58 11 16 1
288 94.55 40.88 2.92 271.94 12 17 1
289 61.03 50.09 33.11 246.44 10 37 1
290 26.91 26.29 48.83 221.80 1 4 2
291 69.69 86.86 1.03 253.97 5 21 2
292 41.00 60.14 26.97 107.83 18 22 3
293 90.46 62.51 36.83 141.02 24 36 1
294 45.28 20.06 14.38 267.28 8 30 2
295 84.12 4.78 26.22 89.43 14 43 3
296 34.65 28.23 15.51 279.24 22 22 4
297 66.62 69.26 30.55 350.44 20 22 4
298 5.17 4.90 14.58 440.93 19 34 1
299 9.89 66.88 45.41 92.76 19 46 3
300 16.22 74.24 42.61 144.76 10 48 3
301 87.54 42.20 43.29 81.65 14 16 3
302 79.55 77.81 24.12 366.68 16 47 1
303 98.26 1.05 8.58 56.61 14 39 3
304 68.93 77.76 26.91 296.34 21 36 4
305 66.81 10.36 39.39 254.62 1 25 2
306 8.24 40.15 29.67 391.65 6 24 2
307 54.88 55.68 30.21 426.91 15 34 2
308 87.93 62.59 46.45 339.89 13 36 3
309 11.37 35.32 25.23 168.89 17 32 4
310 21.39 10.72 46.77 123.34 1 18 4
311 48.17 46.20 4.77 59.75 2 9 3
312 57.94 42.66 44.04 480.81 24 26 1
313 43.83 30.74 24.53 237.35 7 15 1
314 51.99 71.75 40.95 365.15 18 40 4
315 1.69 23.54 47.33 149.03 8 32 2
316 27.20 11.09 45.35 360.59 14 29 4
317 21.42 48.52 31.73 326.70 9 29 1
318 59.35 39.28 19.08 81.44 24 39 1
319 0.71 76.29 14.14 446.57 16 39 1
320 11.39 7.47 24.82 277.29 12 18 1
321 16.75 86.46 45.48 317.90 2 15 1
322 31.16 64.11 40.84 430.81 13 43 4
323 88.51 90.38 48.02 286.83 3 43 4
324 0.98 60.58 22.18 441.71 16 20 4
325 16.40 39.59 2.25 489.20 14 14 3
326 16.06 36.74 43.69 344.40 22 23 2
327 62.42 37.44 33.11 96.05 4 42 4
328 15.01 95.84 9.00 172.97 13 42 4
329 89.55 27.18 35.45 472.33 9 36 4
330 99.19 41.66 25.19 295.94 22 38 3
331 42.33 45.23 6.48 133.82 1 9 4
332 48.17 65.76 39.09 129.35 5 35 4
333 94.39 37.49 22.66 443.85 16 28 1
334 35.61 81.52 16.42 56.73 21 25 3
335 10.15 26.03 7.04 108.90 19 29 2
336 62.23 44.53 8.78 70.98 16 35 1
337 31.24 18.07 18.24 376.73 15 33 4
338 15.07 51.62 48.93 216.18 17 32 1
339 7.50 40.15 18.42 372.03 22 37 2
340 65.61 38.19 10.26 425.93 20 32 1
341 83.60 41.75 40.57 276.45 4 37 3
342 94.76 17.46 18.23 100.15 8 30 1
343 75.37 92.12 40.92 469.42 14 15 2
344 33.41 86.52 38.82 488.67 12 32 1
345 38.99 0.38 15.06 375.42 9 24 4
346 76.20 98.90 45.76 379.03 2 24 4
347 18.04 75.15 46.17 220.29 22 33 4
348 83.36 60.18 22.60 201.89 2 41 3
349 13.59 0.02 36.03 346.26 15 23 1
350 19.01 48.93 34.74 116.47 6 37 2
351 87.36 6.98 4.63 221.27 14 18 2
352 56.87 80.84 8.53 318.47 17 33 4
353 51.22 75.31 49.04 335.05 9 40 2
354 13.74 40.88 18.70 306.91 11 28 3
355 45.27 95.38 26.35 77.83 22 34 2
356 78.62 51.52 37.72 391.99 23 48 1
357 24.84 13.54 42.78 124.71 17 23 1
358 84.63 51.68 19.03 93.94 17 24 4
359 54.93 32.24 0.20 434.28 3 44 2
360 60.39 81.63 27.75 171.13 12 14 1
361 4.48 45.01 17.12 130.47 4 24 2
362 80.41 29.53 26.42 481.38 13 40 3
363 52.71 78.86 14.87 90.98 17 18 2
364 74.82 20.80 2.27 115.34 2 23 1
365 84.99 14.10 1.96 365.12 23 40 4
366 47.85 82.43 37.07 427.01 18 21 1
367 56.84 74.28 35.23 90.53 16 24 2
368 29.57 73.59 46.68 378.39 17 43 2
369 79.91 15.02 17.66 481.73 14 37 4
370 86.53 85.92 3.57 127.76 3 39 1
371 23.92 16.47 16.90 486.75 18 47 2
372 86.45 51.16 16.47 80.77 18 23 3
373 33.58 57.26 49.55 212.59 19 46 1
374 1.00 30.72 31.75 91.00 15 17 3
375 45.85 41.01 17.20 77.12 9 23 3
376 87.32 1.67 27.68 53.47 8 47 4
377 35.78 36.79 20.94 467.30 23 41 3
378 37.28 77.15 6.76 115.59 15 24 1
379 44.80 88.38 49.49 80.81 18 46 1
380 25.84 74.82 49.29 239.53 13 26 2
381 8.11 11.14 46.43 105.24 5 38 3
382 29.14 76.70 48.90 240.01 15 19 1
383 20.53 34.90 34.75 423.01 3 30 4
384 16.05 75.47 47.51 82.82 21 42 3
385 56.17 80.29 5.30 442.11 20 39 4
386 22.08 61.68 5.04 115.28 20 36 3
387 28.49 88.32 47.02 322.96 3 28 3
388 33.59 61.43 10.44 323.80 8 34 1
389 35.33 92.70 40.55 128.49 6 21 4
390 75.30 40.28 6.21 393.52 1 29 1
391 94.65 78.57 20.60 114.30 0 15 1
392 13.75 53.24 5.15 168.22 3 47 3
393 11.55 9.59 17.98 463.29 12 46 3
394 72.61 19.39 16.34 118.80 21 41 3
395 26.99 87.33 26.38 266.94 14 34 1
396 38.96 80.90 1.36 235.27 17 41 2
397 13.43 43.70 41.93 118.33 17 39 1
398 83.08 20.91 21.19 340.03 10 32 2
399 23.56 37.44 25.38 422.33 17 44 2
400 63.33 31.97 42.51 149.34 9 47 1
1 111.05 3495.62 1
2 187.78 3268.20 2
3 154.65 3904.18 3
4 172.49 3189.25 4
5 161.46 3495.16 4
6 157.50 4016.24 2
7 197.56 3458.61 1
8 171.87 2831.08 3
1 1.05 43.32 1
2 1.32 32.34 1
3 1.79 46.98 2
4 1.64 32.86 8
5 1.04 39.74 3
6 1.35 31.49 1
7 1.29 31.94 3
8 1.48 42.96 6
9 1.78 49.84 8
10 1.35 26.37 8
11 1.24 38.78 1
12 1.61 27.32 4
13 1.61 30.35 3
14 1.05 39.16 2
15 1.55 44.15 1
16 1.12 32.85 2
17 1.79 34.29 8
18 1.13 38.74 3
