Data for Vehicle routing problem with drones - Author: Huyen Do Thi Ngoc
Number of depots: 3
Number of cities: 500
Number of trucks: 8
Number of drones: 8
Area: 100 100 50
Customer maximum demand: 500
Max capacity of truck: 200
Max energy of truck: 5000
Max capacity of drone: 2
Max energy of drone: 50
1 4.36 14.57 39.77
2 97.00 28.15 15.93
3 48.44 17.29 12.74
1 31.28 30.76 25.08 73.39 20 45 2
2 24.86 5.17 27.65 162.26 0 11 2
3 97.08 41.22 8.10 319.86 12 28 3
4 28.03 98.43 32.58 258.65 17 47 2
5 51.34 34.68 36.05 317.93 10 31 3
6 41.13 34.86 15.76 476.97 15 34 1
7 57.26 5.96 41.46 210.02 23 33 2
8 1.90 97.50 3.49 218.10 9 34 1
9 86.55 56.67 4.50 369.15 20 41 3
10 17.72 66.14 13.85 336.76 16 33 1
11 75.57 28.05 16.18 304.55 10 48 1
12 55.14 47.10 29.86 259.18 15 40 3
13 62.89 13.34 11.62 59.82 12 12 2
14 95.38 14.65 2.81 312.35 12 21 1
15 41.58 68.37 7.84 433.50 17 37 2
16 38.60 10.93 9.82 402.56 19 38 1
17 41.60 71.12 1.25 85.33 15 25 1
18 47.67 89.10 23.57 335.68 5 23 2
19 81.81 68.73 30.12 446.61 21 43 1
20 5.67 28.55 15.63 283.88 2 45 2
21 24.27 91.58 31.53 120.50 20 24 1
22 92.06 65.65 36.52 419.96 22 29 2
23 93.32 91.15 35.47 286.87 19 43 1
24 99.44 82.17 43.16 413.91 15 17 2
25 85.08 59.82 1.15 438.93 2 10 2
26 12.61 15.19 27.81 335.29 6 13 2
27 29.33 23.68 7.43 82.33 24 44 2
28 33.42 73.37 9.48 235.47 23 48 3
29 62.38 63.00 11.05 61.02 19 27 3
30 97.90 8.85 45.81 423.26 7 43 2
31 72.36 76.34 4.84 361.10 20 20 1
32 27.63 62.36 42.39 487.16 19 36 1
33 5.30 23.97 44.58 53.17 13 30 1
34 94.72 42.83 31.54 120.91 6 44 3
35 40.11 0.44 17.84 359.15 21 46 2
36 23.38 28.82 19.81 296.56 21 32 1
37 66.73 92.86 12.34 429.97 9 32 2
38 84.59 4.49 33.66 209.27 7 34 1
39 83.31 36.49 8.18 311.24 17 46 3
40 50.49 83.24 13.75 318.93 8 47 3
41 93.04 2.90 15.48 107.34 2 20 1
42 33.89 71.43 45.55 480.11 7 43 1
43 59.82 4.71 8.85 424.87 4 25 2
44 71.46 97.22 28.66 252.14 7 7 2
45 72.78 28.94 34.87 170.88 11 16 2
46 67.40 51.52 45.34 261.89 11 36 2
47 67.53 59.65 4.35 177.56 7 31 2
48 92.67 42.94 5.78 98.45 10 15 1
49 7.17 19.57 39.90 445.38 22 38 2
50 7.06 51.01 38.29 88.58 11 37 1
51 56.28 52.21 13.69 369.92 15 31 1
52 98.38 12.96 47.00 178.86 11 21 1
53 79.39 36.84 43.51 125.51 3 38 1
54 55.11 58.09 23.88 257.75 21 22 1
55 38.64 39.04 40.50 469.12 4 16 3
56 77.27 26.80 21.47 219.88 9 30 1
57 84.08 71.97 14.50 494.73 7 19 3
58 72.58 15.88 23.43 271.63 10 23 2
59 22.94 68.24 12.19 278.02 13 34 1
60 82.55 83.27 35.69 473.32 5 47 2
61 11.04 6.64 31.07 105.96 14 14 1
62 76.50 90.48 10.67 493.75 18 36 1
63 6.89 31.33 29.27 299.75 6 6 1
64 60.28 13.12 42.80 434.27 13 21 1
65 65.01 55.93 19.49 379.71 4 38 2
66 91.49 92.57 6.06 228.28 20 24 3
67 4.55 83.62 29.80 339.11 17 31 3
68 86.33 69.60 4.55 331.87 24 36 3
69 41.18 10.79 41.19 315.35 1 42 2
70 31.93 68.47 20.26 374.36 22 30 1
71 16.16 76.03 17.62 268.85 1 22 3
72 54.07 3.34 34.32 483.07 15 19 2
73 58.42 43.03 30.31 369.84 14 18 3
74 27.52 53.86 18.42 246.76 3 3 3
75 64.54 0.22 7.19 341.66 22 38 1
76 97.56 63.22 9.44 446.25 2 14 1
77 82.89 44.99 34.68 391.17 4 12 1
78 52.52 37.17 4.97 70.61 5 17 1
79 18.55 21.92 39.82 220.99 7 33 2
80 65.10 61.18 21.72 447.66 8 9 3
81 2.75 42.83 46.84 413.51 20 20 1
82 63.10 35.42 24.24 333.45 2 33 1
83 1.41 69.77 6.12 283.62 17 20 3
84 12.36 22.18 24.77 160.70 17 38 2
85 30.15 4.62 7.59 140.96 14 17 3
86 64.42 7.22 9.47 69.75 21 33 2
87 46.79 54.78 5.29 228.56 13 37 3
88 53.98 19.56 26.33 404.22 22 27 3
89 30.83 99.26 18.74 478.34 7 21 2
90 66.53 81.81 17.11 491.84 15 31 3
91 99.15 99.86 42.66 95.33 2 26 3
92 69.92 36.16 8.81 226.65 5 13 2
93 37.26 48.01 0.76 414.15 8 25 3
94 89.98 72.81 10.00 137.51 11 29 2
95 16.98 44.08 48.07 237.89 0 26 3
96 34.91 98.57 29.93 223.68 13 13 1
97 44.82 70.00 38.36 344.47 15 35 2
98 68.28 29.28 26.17 203.53 23 39 2
99 45.51 98.52 20.77 448.73 17 21 1
100 43.44 24.48 3.64 397.07 7 44 1
101 2.60 44.50 4.93 152.73 13 17 1
102 58.89 91.47 17.83 327.09 16 22 3
103 47.00 84.23 23.14 100.19 24 41 2
104 18.39 85.80 40.21 210.39 8 12 2
105 12.63 18.75 46.86 171.90 21 27 1
106 12.23 40.25 23.08 382.56 5 15 2
107 46.26 74.67 44.27 275.42 24 36 2
108 85.06 75.97 36.69 494.31 16 34 1
109 57.26 8.10 24.77 161.40 23 33 2
110 4.35 54.72 32.40 84.52 7 18 1
111 78.25 75.36 34.40 481.72 13 36 3
112 26.01 55.20 40.65 484.55 15 39 2
113 31.55 48.62 3.15 278.18 22 40 2
114 4.12 86.89 33.48 69.67 11 37 1
115 47.78 64.05 15.83 456.12 2 4 1
116 5.90 20.93 49.61 379.34 3 44 1
117 35.42 89.31 39.76 127.20 12 27 1
118 84.27 78.24 29.12 374.64 22 40 3
119 89.19 34.26 0.44 380.69 21 46 3
120 61.33 22.46 47.51 377.65 24 40 3
121 61.94 15.35 17.91 303.97 23 37 3
122 94.63 83.81 48.98 485.55 6 39 2
123 69.44 77.85 17.26 334.57 5 38 3
124 39.36 70.93 11.87 64.60 19 32 1
125 25.27 92.05 19.58 265.74 23 39 2
126 66.78 13.27 43.82 480.15 3 37 1
127 80.76 70.63 7.30 349.37 5 26 3
128 47.35 7.31 33.84 449.78 19 29 3
129 6.86 53.12 48.19 362.64 4 7 2
130 85.25 9.73 45.31 437.19 10 26 3
131 33.94 27.55 9.87 385.06 22 44 2
132 0.00 86.86 17.34 93.23 17 32 1
133 40.27 23.51 35.52 52.08 18 35 1
134 15.66 35.19 15.82 151.68 12 20 3
135 75.34 14.14 18.42 131.39 7 20 3
136 98.97 3.57 41.72 454.04 2 29 3
137 82.79 26.68 43.06 265.41 8 30 2
138 75.80 24.40 35.96 225.05 9 11 1
139 85.33 36.05 35.76 217.43 13 34 2
140 61.86 43.98 48.74 475.78 10 42 1
141 2.62 9.70 10.60 407.46 5 40 2
142 81.12 59.06 8.20 439.25 17 20 1
143 37.25 92.24 21.16 415.44 7 29 1
144 5.92 59.90 44.54 89.71 16 37 2
145 35.53 85.08 13.52 180.31 9 21 2
146 16.34 42.47 37.45 193.73 17 24 2
147 85.46 77.30 7.01 164.97 20 46 2
148 12.73 35.30 14.79 466.80 14 27 3
149 78.98 42.97 35.11 63.60 12 43 3
150 5.99 55.49 31.61 480.80 10 45 2
151 56.35 3.91 3.30 377.55 21 22 2
152 83.98 93.84 22.69 159.68 8 32 3
153 10.54 24.97 13.67 405.91 1 4 3
154 44.10 4.23 38.44 111.63 9 16 3
155 43.18 14.32 41.64 79.54 22 30 1
156 33.34 14.41 11.83 157.95 6 32 3
157 95.71 57.42 41.78 457.76 19 32 3
158 2.52 86.60 27.06 86.28 7 23 3
159 76.62 73.55 20.21 315.47 14 37 1
160 31.02 91.51 29.42 477.99 22 24 1
161 40.47 18.49 21.70 96.48 5 10 1
162 67.37 50.57 22.64 414.46 4 28 2
163 22.67 60.50 8.60 263.36 23 46 2
164 80.67 1.65 34.73 259.15 16 29 2
165 29.50 83.86 10.52 120.18 23 32 2
166 66.28 50.43 1.61 215.59 0 36 3
167 36.69 56.99 39.10 375.48 16 44 3
168 20.15 98.20 9.29 379.95 11 24 1
169 38.80 42.38 10.48 398.87 10 24 3
170 69.76 74.22 5.60 419.53 19 40 2
171 92.00 70.64 7.11 401.27 22 44 3
172 88.89 1.30 25.80 403.38 1 39 1
173 36.09 74.99 12.33 186.12 18 26 3
174 91.40 92.69 40.39 180.68 10 32 3
175 1.52 50.65 35.41 59.93 19 31 2
176 37.05 40.18 28.18 255.28 13 37 3
177 36.48 9.01 37.62 151.56 6 21 2
178 12.48 51.72 42.70 411.03 23 47 3
179 70.28 68.16 38.87 231.85 14 25 3
180 91.27 80.88 32.40 430.31 20 45 3
181 73.70 45.69 13.53 366.81 12 42 2
182 57.73 61.80 4.46 434.34 10 30 2
183 1.84 17.62 11.39 76.75 0 30 2
184 16.20 31.12 43.86 388.78 21 35 1
185 50.61 42.18 11.45 322.78 19 27 2
186 83.52 39.67 40.61 440.01 16 32 1
187 47.13 24.85 31.74 365.48 13 38 1
188 91.47 14.99 14.75 355.29 6 23 3
189 36.70 79.31 25.50 469.90 21 29 3
190 69.75 25.54 37.53 222.74 11 38 2
191 67.85 50.01 24.45 75.79 20 36 3
192 67.22 81.32 12.12 68.35 11 18 2
193 48.98 30.52 43.54 376.81 13 45 3
194 44.36 85.86 27.44 253.87 18 33 2
195 86.61 58.15 27.48 198.72 4 5 1
196 70.76 74.33 0.99 423.16 9 37 3
197 1.48 56.33 30.31 345.56 7 45 1
198 20.61 27.66 29.31 81.83 17 38 3
199 91.61 39.98 39.73 414.73 22 29 2
200 44.86 66.67 5.26 238.99 7 40 3
201 7.03 2.52 19.50 393.67 22 37 1
202 75.61 5.06 28.73 208.54 22 34 2
203 76.90 12.95 8.31 100.57 24 25 2
204 64.00 2.45 27.44 488.99 19 25 3
205 92.59 69.46 8.72 377.08 14 46 1
206 1.16 76.14 18.85 205.16 6 48 3
207 0.49 78.32 31.95 495.28 4 9 1
208 82.87 2.73 40.11 436.90 1 15 2
209 20.55 20.57 32.76 67.79 21 30 2
210 35.92 45.00 47.99 370.57 13 33 2
211 22.57 65.66 32.41 242.73 5 37 2
212 27.55 93.49 37.28 396.12 14 47 3
213 20.12 59.39 1.26 441.75 3 29 3
214 51.30 54.79 2.74 430.89 12 25 1
215 51.95 41.02 2.18 153.56 23 40 2
216 55.29 5.06 26.11 55.99 1 35 1
217 5.55 47.37 28.63 208.81 14 31 2
218 90.93 94.09 21.05 139.21 20 21 2
219 74.04 85.17 23.98 339.92 2 29 2
220 72.49 50.08 21.17 289.37 14 28 1
221 23.36 73.79 2.49 196.30 5 15 2
222 54.52 8.88 26.63 484.75 13 33 2
223 11.10 87.89 5.30 78.34 6 11 2
224 56.30 42.91 44.39 408.92 8 11 2
225 53.80 83.96 34.62 373.48 0 15 3
226 13.79 89.28 1.64 313.88 2 21 3
227 87.16 47.02 11.44 287.83 6 24 1
228 78.91 75.24 30.17 224.24 15 30 1
229 43.93 77.06 35.45 394.26 1 4 1
230 20.65 58.58 49.38 184.29 18 48 3
231 68.25 23.97 14.35 59.39 7 18 3
232 2.61 87.60 23.97 456.72 2 23 3
233 63.90 78.59 11.14 209.72 16 37 1
234 48.15 38.03 27.76 240.79 10 39 1
235 63.26 28.90 8.26 440.85 15 25 2
236 6.56 62.60 6.92 155.96 17 23 3
237 65.08 19.26 15.96 380.60 17 42 3
238 28.25 80.80 47.33 356.26 11 33 2
239 2.87 59.60 48.88 493.62 19 30 2
240 7.35 73.14 10.21 54.74 3 13 3
241 4.83 37.25 33.60 328.82 7 28 2
242 30.98 87.03 34.88 409.11 12 12 3
243 73.20 59.95 45.14 410.91 20 31 2
244 87.78 12.76 26.19 478.71 24 44 2
245 43.06 83.17 36.82 453.94 21 36 3
246 41.99 95.10 19.96 73.35 16 35 2
247 92.34 6.20 21.93 464.71 3 42 3
248 5.53 41.57 29.49 302.93 22 22 2
249 48.15 50.04 22.43 306.87 1 1 3
250 42.97 97.82 42.81 389.82 17 35 1
251 74.47 76.23 31.35 266.08 14 46 2
252 96.81 75.05 37.26 257.05 24 33 1
253 21.48 32.80 38.81 174.15 15 28 2
254 52.90 97.97 22.54 497.52 8 35 3
255 26.10 5.79 20.06 411.81 8 43 2
256 86.21 39.45 14.54 220.04 10 45 3
257 54.41 46.99 1.01 319.10 24 41 3
258 86.65 22.93 29.66 213.40 15 27 3
259 31.10 2.46 2.81 245.26 15 35 1
260 3.26 78.35 26.56 279.12 1 18 2
261 26.06 80.49 27.09 312.76 21 26 2
262 53.19 62.08 7.63 276.76 14 20 3
263 48.12 80.88 9.03 490.41 0 28 1
264 63.26 36.59 6.78 437.28 1 12 2
265 27.07 36.68 22.48 328.00 19 35 1
266 66.35 33.56 14.01 188.61 16 33 2
267 26.31 9.44 28.65 412.69 24 44 2
268 2.11 71.52 41.85 206.31 8 39 3
269 60.54 38.87 36.10 55.19 18 30 1
270 48.90 92.97 44.36 383.48 22 22 2
271 49.42 68.31 31.90 73.10 18 42 1
272 85.26 68.33 5.09 115.78 11 43 3
273 40.72 53.66 20.56 420.49 21 30 1
274 99.44 76.24 47.62 413.31 6 11 1
275 90.48 34.87 20.36 306.09 13 45 2
276 13.14 11.89 22.31 424.69 24 40 2
277 9.76 60.78 4.26 393.00 8 8 3
278 84.71 59.71 1.90 68.35 6 46 2
279 24.59 44.01 36.42 84.18 20 22 1
280 1.25 91.53 34.61 248.04 18 25 1
281 6.38 11.40 30.03 260.01 18 34 3
282 77.22 61.56 1.28 183.91 15 31 2
283 79.08 64.45 8.95 300.92 11 38 1
284 41.54 55.67 4.57 465.89 13 31 1
285 20.98 17.77 4.81 100.88 8 30 1
286 86.63 93.52 1.85 109.51 7 39 3
287 11.08 88.55 22.00 400.83 16 31 3
288 69.76 22.01 35.29 468.56 18 45 2
289 14.79 78.56 20.89 92.23 17 31 2
290 62.41 90.64 7.33 448.21 4 45 2
291 40.81 66.82 6.88 205.00 1 33 2
292 41.69 36.98 21.08 455.55 16 39 3
293 47.62 26.55 15.85 110.47 24 31 1
294 71.21 20.80 33.59 464.27 5 35 2
295 4.10 81.12 38.79 486.28 17 32 1
296 98.09 23.67 20.77 197.45 0 36 2
297 90.74 47.42 17.46 82.28 14 25 1
298 67.51 6.29 25.31 376.50 22 36 2
299 91.80 20.22 2.68 219.81 14 47 3
300 30.15 29.62 1.59 479.55 16 22 1
301 99.16 18.03 24.23 173.28 5 45 3
302 71.40 19.96 34.61 246.11 7 47 2
303 37.45 91.44 45.98 306.24 5 46 1
304 54.33 61.00 15.11 197.27 11 44 3
305 12.93 36.46 36.06 169.29 11 34 1
306 18.78 96.75 39.30 319.52 6 42 1
307 89.67 13.94 46.51 176.70 15 32 3
308 76.02 37.55 1.51 158.64 5 40 1
309 10.76 82.68 17.20 301.26 7 41 2
310 21.04 6.76 5.95 415.77 1 36 1
311 99.77 96.49 4.60 177.55 11 19 3
312 66.74 68.86 4.57 246.28 23 31 3
313 70.62 97.04 32.80 272.53 15 26 3
314 61.63 74.75 20.00 193.76 9 46 1
315 51.29 16.03 35.12 65.91 1 15 1
316 46.17 22.85 12.40 426.22 12 38 3
317 98.04 49.30 18.97 248.45 13 36 2
318 4.59 11.13 30.97 356.91 10 28 1
319 42.76 57.04 43.80 493.79 9 15 1
320 55.58 62.39 45.86 429.16 20 29 2
321 91.34 32.66 49.13 268.61 13 43 2
322 21.65 71.47 0.62 122.31 13 32 1
323 18.27 43.42 18.20 440.90 6 36 3
324 13.85 95.75 38.97 86.84 10 36 2
325 0.40 88.21 37.04 248.71 2 48 1
326 22.91 92.38 28.24 496.96 17 41 2
327 22.03 77.73 9.80 419.75 21 26 1
328 4.17 53.58 11.73 441.38 21 32 1
329 59.65 14.57 33.96 371.25 24 28 1
330 2.46 24.53 21.81 473.68 0 41 2
331 54.81 39.11 34.99 391.23 23 24 1
332 42.29 1.17 15.55 270.07 4 45 3
333 17.20 72.32 16.15 312.36 13 33 3
334 52.28 65.57 42.15 156.55 18 43 1
335 69.47 3.91 11.34 253.86 7 41 1
336 45.23 71.73 31.68 459.95 17 35 2
337 22.91 99.66 44.12 228.34 7 10 3
338 53.22 38.57 4.75 78.69 21 24 2
339 17.40 16.59 43.03 410.18 16 19 2
340 3.62 87.62 34.94 83.42 18 29 3
341 62.53 43.39 13.92 51.28 23 34 1
342 45.26 84.02 17.83 235.97 0 23 2
343 44.73 64.60 26.10 436.54 1 22 1
344 39.72 60.42 23.74 452.07 14 20 2
345 50.61 85.86 22.12 103.03 3 24 1
346 20.88 88.54 16.14 467.27 17 20 3
347 16.16 29.43 0.17 265.04 9 39 1
348 84.30 4.34 12.44 71.31 21 37 2
349 95.05 56.40 34.14 247.06 12 43 1
350 50.18 44.66 4.10 50.52 15 16 3
351 68.27 99.96 8.90 381.53 21 48 1
352 28.85 8.91 26.80 136.50 16 44 2
353 65.61 45.20 7.01 446.91 18 45 3
354 79.59 57.60 20.96 334.68 12 44 2
355 56.54 10.15 20.18 476.18 3 31 1
356 6.68 87.72 46.76 331.93 11 44 1
357 70.29 37.73 27.76 421.16 17 42 3
358 82.90 16.65 8.81 481.85 12 19 3
359 47.99 87.61 45.82 373.85 0 8 1
360 31.29 75.66 5.12 335.45 5 39 1
361 72.30 69.40 37.16 138.36 20 33 1
362 7.92 67.91 47.09 390.57 15 40 3
363 81.04 83.56 33.36 168.34 16 16 2
364 79.52 70.87 12.87 264.12 1 37 2
365 39.12 47.15 37.93 360.07 24 41 1
366 76.70 91.19 12.00 167.49 8 46 1
367 18.63 14.30 45.02 214.02 12 42 1
368 31.54 95.37 37.49 322.44 22 23 3
369 47.24 59.83 41.98 316.03 13 17 3
370 17.73 62.79 43.84 378.71 3 26 1
371 16.36 74.85 4.72 140.96 17 43 2
372 90.42 73.26 20.85 89.88 4 35 3
373 62.20 68.56 16.31 127.67 1 22 1
374 61.75 25.81 42.76 183.98 21 28 3
375 60.69 11.04 28.71 98.22 10 37 3
376 91.39 28.23 28.82 73.89 16 17 1
377 16.36 75.61 10.94 372.31 6 18 2
378 32.37 14.85 10.52 368.90 16 37 2
379 80.27 51.78 45.88 243.95 18 48 3
380 21.61 85.18 38.34 71.10 12 32 2
381 2.05 7.39 19.10 180.14 22 46 2
382 65.26 78.94 6.09 60.48 0 40 3
383 81.22 3.95 2.84 86.33 23 31 2
384 0.34 79.37 36.59 469.20 3 39 1
385 19.62 50.75 31.90 137.87 23 26 2
386 81.96 27.94 19.79 359.87 8 41 1
387 94.54 16.09 5.55 247.91 4 47 1
388 54.37 5.33 6.88 279.61 3 29 3
389 82.04 15.53 7.45 280.20 1 37 2
390 0.88 67.62 27.88 228.53 16 35 2
391 40.93 5.42 35.95 253.72 9 30 1
392 0.28 42.97 31.58 381.63 0 21 2
393 81.11 34.44 33.98 250.88 15 45 3
394 43.95 35.52 45.32 242.24 24 43 2
395 2.26 81.40 48.12 258.22 18 21 2
396 90.36 64.76 32.49 176.64 15 19 2
397 33.83 18.58 18.41 161.63 24 32 1
398 50.24 19.03 20.89 469.70 13 40 2
399 17.09 74.80 1.29 67.94 15 43 2
400 24.52 25.93 24.13 206.86 2 3 1
401 81.38 73.03 22.96 396.94 15 41 1
402 86.82 61.67 49.98 472.57 6 13 2
403 81.44 23.41 39.76 250.16 6 13 2
404 86.65 15.61 2.30 65.35 3 18 2
405 99.72 83.98 17.75 241.80 23 47 3
406 31.00 17.09 27.53 389.51 21 38 1
407 58.36 48.94 0.10 414.16 0 10 3
408 24.06 77.23 7.61 209.10 22 35 2
409 80.81 21.26 6.78 358.09 14 31 2
410 74.60 66.41 18.02 466.11 6 36 2
411 62.37 47.16 45.17 356.02 24 26 3
412 4.34 86.62 22.05 62.05 3 14 3
413 47.59 74.35 36.54 223.52 23 26 2
414 34.70 36.78 26.61 98.94 22 23 1
415 70.11 32.30 31.10 247.92 17 43 1
416 41.31 24.05 15.19 475.75 22 27 2
417 9.72 28.93 21.80 65.35 0 22 2
418 75.62 17.09 12.57 298.49 16 47 2
419 52.10 53.19 6.75 170.36 21 29 1
420 92.49 21.34 6.11 121.63 1 27 3
421 65.73 85.23 45.21 465.73 11 25 2
422 78.75 67.34 16.58 368.59 21 33 3
423 34.16 28.12 11.18 200.40 15 33 3
424 79.52 9.86 19.34 174.03 3 9 3
425 75.40 74.57 45.82 88.81 22 28 2
426 49.82 58.19 25.51 461.56 14 27 2
427 69.16 13.13 2.71 131.49 24 27 1
428 11.99 27.12 43.24 444.03 18 30 2
429 0.66 22.71 25.60 371.82 10 39 2
430 20.49 31.91 29.04 153.67 17 37 3
431 2.56 67.55 21.97 183.23 2 11 1
432 22.96 49.92 0.39 493.38 6 26 1
433 93.24 88.29 0.90 459.71 12 35 1
434 45.34 82.97 35.49 265.66 22 42 1
435 67.02 88.29 4.13 249.72 0 19 1
436 20.19 96.62 38.61 423.04 14 19 3
437 53.87 86.49 47.05 206.14 6 7 2
438 30.61 84.77 34.73 200.75 3 48 1
439 9.88 49.92 22.19 87.35 16 34 3
440 27.40 66.55 26.30 237.51 14 40 3
441 95.45 35.93 49.77 440.52 20 37 1
442 44.19 73.43 21.86 260.14 2 15 1
443 50.93 11.11 32.61 93.37 20 27 2
444 62.20 13.19 44.53 125.72 11 44 1
445 15.78 45.88 33.35 386.61 14 47 3
446 16.43 61.02 2.02 287.30 21 36 3
447 47.00 11.70 14.72 434.42 6 26 3
448 42.55 88.59 6.30 334.38 6 37 3
449 26.11 32.79 38.26 310.11 10 14 3
450 53.75 43.43 5.98 434.19 3 31 2
451 1.50 94.19 0.47 166.78 14 34 2
452 72.49 4.21 33.72 105.59 0 21 2
453 53.21 16.69 19.00 223.51 14 45 2
454 73.29 92.42 36.91 299.88 18 37 3
455 59.78 18.70 36.39 176.31 21 39 3
456 86.43 71.81 12.27 467.30 2 37 3
457 33.62 21.75 18.78 290.14 10 33 2
458 45.96 93.21 32.52 414.79 16 34 2
459 76.50 6.55 38.55 299.82 10 31 1
460 26.79 45.81 8.47 250.80 10 12 1
461 0.44 75.02 27.76 87.38 12 41 2
462 77.16 43.01 39.78 185.14 13 20 2
463 96.83 36.60 36.96 170.10 22 26 3
464 54.30 87.87 21.05 282.14 8 14 2
465 53.73 27.08 39.23 205.50 17 17 1
466 17.53 29.90 37.11 272.13 13 14 1
467 19.99 6.71 37.39 464.48 18 29 3
468 66.61 23.33 8.55 74.53 19 48 3
469 70.73 31.60 44.56 110.57 21 25 3
470 78.88 99.70 17.87 312.64 22 34 3
471 43.70 7.62 11.46 71.54 16 18 2
472 71.06 6.70 1.84 313.24 20 23 1
473 31.20 20.93 5.96 103.31 11 42 1
474 60.78 26.77 8.69 380.53 23 48 3
475 45.80 61.02 22.99 343.63 23 42 1
476 99.28 22.08 48.00 162.31 1 41 1
477 51.25 47.36 21.25 53.01 3 45 2
478 53.16 7.23 16.44 84.09 2 20 1
479 38.47 65.07 11.69 411.08 18 23 3
480 33.76 87.87 15.08 350.00 24 24 1
481 39.51 4.68 28.75 376.64 9 45 3
482 2.42 45.15 45.95 269.57 0 12 1
483 70.92 85.47 25.17 101.49 5 13 1
484 77.23 60.94 26.80 219.26 13 41 1
485 9.98 33.64 7.89 243.89 22 30 1
486 79.56 57.57 14.72 293.50 10 14 3
487 24.11 68.25 40.42 202.59 0 12 3
488 69.04 30.37 34.21 115.11 12 33 3
489 11.02 15.74 11.93 137.93 14 23 1
490 24.12 75.76 28.02 479.91 10 48 3
491 65.39 92.70 14.52 118.29 22 31 2
492 47.46 6.10 28.28 178.95 2 48 2
493 70.70 38.50 11.76 358.45 22 32 3
494 60.71 18.47 34.82 348.77 24 37 3
495 7.86 56.16 40.62 490.88 16 43 2
496 81.64 87.71 19.17 100.74 11 32 3
497 94.75 94.30 49.41 372.38 7 43 2
498 1.80 83.35 7.89 323.10 1 32 1
499 42.66 73.60 26.62 96.61 12 19 2
500 77.81 80.56 17.49 375.74 12 28 3
1 129.05 4099.33 1
2 135.18 3194.72 2
3 156.63 3777.15 3
4 178.59 4377.55 1
5 182.35 3939.46 2
6 131.78 3651.89 2
7 101.13 3264.82 2
8 140.75 3776.80 2
1 1.46 49.66 3
2 1.72 36.70 1
3 1.14 48.38 1
4 1.48 49.96 5
5 1.54 30.03 3
6 1.52 37.72 3
7 1.05 33.11 8
8 1.19 37.90 3
