Data for Vehicle routing problem with drones - Author: Huyen Do Thi Ngoc
Number of depots: 3
Number of cities: 500
Number of trucks: 6
Number of drones: 8
Area: 100 100 50
Customer maximum demand: 500
Max capacity of truck: 200
Max energy of truck: 5000
Max capacity of drone: 2
Max energy of drone: 50
1 79.57 63.24 49.84
2 34.55 45.43 44.51
3 95.87 43.85 12.95
1 56.15 86.52 34.07 364.49 5 43 3
2 63.47 80.97 11.65 91.26 5 8 1
3 3.29 83.64 27.88 374.76 2 15 3
4 38.44 56.84 48.68 263.20 0 47 3
5 71.07 14.05 12.99 95.35 4 21 2
6 83.02 64.03 15.62 364.74 8 44 3
7 99.64 29.47 11.78 206.40 9 44 3
8 22.72 8.73 9.95 444.75 11 15 3
9 93.45 22.78 21.51 68.64 12 31 1
10 81.31 22.75 11.61 327.93 21 25 1
11 62.33 49.75 41.26 436.47 18 26 1
12 10.24 45.16 47.34 160.74 18 40 2
13 31.10 57.39 18.04 452.29 8 8 3
14 65.62 40.75 5.30 342.27 18 25 2
15 92.17 65.55 1.19 439.10 12 14 2
16 93.05 31.51 25.14 51.55 23 44 2
17 80.47 65.26 25.91 459.22 20 46 1
18 75.38 85.58 28.58 164.49 20 37 1
19 46.24 13.25 2.27 436.18 12 25 2
20 63.61 63.25 40.96 71.38 15 36 2
21 59.03 48.04 18.44 234.19 9 21 2
22 49.29 83.40 29.74 150.79 11 15 3
23 11.79 30.84 33.71 245.88 15 48 3
24 46.82 33.32 14.48 385.23 18 36 1
25 18.43 14.64 37.24 112.68 0 39 1
26 52.44 65.01 8.72 325.72 3 47 2
27 24.18 99.29 43.68 496.32 0 42 3
28 16.80 48.28 24.43 268.50 22 35 1
29 22.35 39.81 43.80 238.80 16 36 1
30 54.32 51.21 27.31 52.53 5 12 2
31 42.51 50.35 39.59 169.63 20 25 3
32 21.51 71.72 20.71 443.91 22 25 1
33 28.31 85.71 9.90 292.17 15 20 1
34 93.93 62.72 21.08 163.34 21 34 2
35 77.76 14.40 24.11 463.87 2 46 2
36 29.58 76.52 29.10 281.52 9 15 3
37 24.86 54.16 30.32 69.08 20 46 1
38 70.59 21.93 18.88 117.61 10 41 1
39 54.97 21.17 46.21 392.68 6 40 1
40 67.55 3.28 1.13 117.66 10 10 1
41 0.27 0.45 38.25 85.93 16 31 2
42 37.81 4.75 13.29 390.51 4 45 3
43 35.45 82.12 15.62 261.35 10 26 3
44 21.26 63.83 27.90 425.05 22 26 2
45 26.16 7.10 0.81 158.56 0 46 1
46 27.91 77.30 32.90 479.82 11 47 1
47 87.90 61.98 42.89 225.52 13 23 3
48 42.37 25.62 40.81 274.88 1 4 1
49 82.83 81.65 33.56 494.67 22 28 2
50 71.03 91.54 49.57 57.80 13 20 2
51 46.15 69.72 17.72 358.36 7 18 3
52 28.33 28.84 45.09 181.32 0 15 1
53 16.39 87.42 10.97 408.45 3 30 3
54 17.96 9.52 29.63 187.17 2 6 1
55 22.39 27.82 5.74 215.44 23 43 2
56 59.72 82.37 28.31 305.63 3 3 3
57 93.47 57.61 41.20 436.18 8 44 3
58 47.85 16.60 23.64 312.51 15 19 1
59 14.19 61.42 46.39 121.68 23 25 2
60 44.30 55.50 24.93 466.58 5 41 3
61 52.02 92.67 15.72 276.14 15 44 2
62 49.52 5.28 11.12 334.27 1 34 2
63 59.76 88.83 19.70 331.17 12 44 2
64 39.27 9.78 36.48 418.66 19 48 2
65 89.06 42.18 21.43 159.19 5 10 1
66 55.70 68.18 40.89 275.01 18 24 2
67 6.67 16.71 32.78 334.63 4 5 2
68 47.81 55.73 15.25 155.83 15 39 2
69 49.03 49.62 34.30 143.90 13 21 3
70 12.15 4.98 40.05 203.47 19 31 1
71 57.29 61.43 21.78 119.70 14 37 1
72 12.92 80.91 13.99 406.04 22 47 1
73 95.85 13.69 34.97 177.78 4 15 2
74 20.34 82.71 33.02 138.57 1 29 2
75 0.25 92.67 3.16 109.16 21 29 2
76 53.40 74.44 11.06 255.92 14 19 1
77 50.26 67.35 13.25 57.73 23 45 3
78 41.23 40.29 2.57 146.77 0 39 1
79 89.27 5.88 1.13 447.02 14 44 1
80 15.08 72.28 3.96 65.62 21 26 3
81 6.33 48.88 2.05 58.26 19 24 1
82 88.28 29.83 1.33 98.90 9 26 1
83 26.05 8.80 21.62 424.93 0 28 2
84 24.25 18.27 8.33 69.72 0 0 1
85 9.21 51.45 15.01 364.87 1 25 2
86 7.47 35.59 44.94 342.53 8 23 1
87 13.88 34.24 11.64 164.16 1 43 3
88 7.25 36.41 3.81 421.82 10 17 1
89 47.89 30.59 19.49 184.17 7 25 3
90 60.29 7.27 15.60 145.62 7 21 3
91 50.40 37.58 10.81 461.84 5 31 3
92 33.25 10.65 5.02 212.68 13 33 1
93 71.57 6.72 48.42 358.20 1 17 3
94 90.21 15.32 19.70 227.83 21 31 2
95 71.62 33.30 29.72 71.24 9 28 3
96 68.84 9.76 48.13 72.35 6 8 1
97 19.30 96.14 35.15 496.24 24 25 3
98 43.04 56.97 39.60 113.17 22 22 1
99 21.47 21.71 22.43 263.22 2 38 3
100 87.42 84.80 48.57 135.03 20 48 3
101 73.62 73.36 37.91 89.56 24 32 1
102 93.74 24.79 15.24 86.08 17 34 2
103 67.46 9.57 36.09 375.93 15 29 3
104 44.31 55.12 25.92 243.98 16 35 1
105 8.67 87.22 36.14 350.16 22 30 3
106 61.02 9.85 27.77 206.16 18 45 2
107 84.81 4.85 39.80 412.44 9 16 1
108 60.27 56.83 30.58 316.04 2 44 2
109 27.77 69.18 39.28 275.76 12 27 1
110 47.60 8.40 14.49 401.08 2 40 3
111 65.04 30.50 41.84 250.76 9 33 2
112 16.41 48.43 9.43 63.22 17 44 2
113 72.15 7.64 30.57 315.67 16 16 1
114 48.11 12.88 5.16 367.72 16 21 1
115 61.49 98.59 0.58 341.47 1 34 1
116 59.66 1.06 1.59 212.61 24 32 1
117 27.16 30.78 18.42 85.30 12 46 2
118 65.51 81.42 47.83 311.55 13 16 1
119 29.99 17.40 37.12 189.27 10 48 1
120 13.30 45.49 23.97 375.71 22 28 3
121 33.99 36.54 4.23 413.71 10 35 2
122 62.31 11.75 3.69 244.78 10 38 2
123 78.56 63.74 29.42 497.52 7 14 1
124 56.99 42.17 33.45 76.53 1 7 1
125 49.86 70.67 12.10 346.29 8 33 1
126 51.47 69.49 39.69 465.80 14 28 2
127 22.32 97.66 1.14 384.39 22 35 3
128 42.97 95.03 1.04 498.46 7 10 1
129 47.07 0.15 42.42 402.54 3 24 3
130 63.77 78.54 10.36 301.27 19 26 1
131 75.22 11.83 5.85 198.13 15 37 2
132 85.71 2.50 32.84 152.59 19 41 3
133 92.92 39.29 18.96 241.01 1 37 1
134 27.55 71.61 0.52 216.65 15 31 1
135 31.65 1.33 27.96 447.58 10 48 3
136 53.97 85.05 16.72 437.43 4 35 2
137 70.03 51.68 0.90 297.04 2 39 1
138 78.51 78.76 15.54 88.74 23 39 2
139 40.19 29.80 12.47 457.72 3 25 1
140 71.11 40.49 41.07 135.33 19 47 1
141 94.60 47.21 45.63 146.53 16 23 3
142 58.97 64.53 24.62 379.32 13 17 2
143 45.05 91.89 7.57 179.53 4 8 1
144 65.74 17.42 35.70 454.46 18 48 1
145 94.05 73.01 39.25 314.34 7 28 2
146 56.42 27.00 13.51 498.28 21 37 2
147 28.97 74.66 37.22 355.38 18 38 1
148 53.05 89.14 44.59 173.84 18 35 2
149 86.65 4.67 31.36 311.38 7 25 3
150 43.23 4.12 24.68 445.66 15 37 1
151 89.23 1.31 24.10 349.03 15 37 1
152 54.59 93.63 9.73 372.77 19 21 2
153 84.15 34.98 19.54 186.35 12 45 3
154 56.65 53.26 47.79 231.63 2 11 1
155 56.91 20.39 34.91 361.27 5 21 1
156 3.01 66.64 11.84 459.46 10 31 3
157 33.77 37.18 15.57 390.24 18 22 1
158 59.34 80.39 28.73 79.87 2 21 2
159 94.54 79.33 37.30 203.63 22 33 1
160 67.46 91.67 34.62 407.83 12 17 2
161 69.46 3.95 25.84 451.71 15 28 3
162 35.42 53.40 27.30 345.46 3 32 2
163 61.65 27.76 27.78 340.21 2 7 3
164 22.56 64.12 24.51 490.12 14 18 1
165 71.58 96.23 21.91 304.83 0 31 1
166 37.65 98.85 20.86 285.97 17 23 1
167 36.06 69.20 15.12 203.02 7 38 1
168 5.91 72.53 41.37 169.83 11 11 2
169 17.47 3.99 3.41 204.75 17 28 3
170 67.28 26.14 41.56 129.37 2 43 2
171 61.41 52.73 4.35 181.64 10 36 2
172 44.51 57.48 25.50 408.77 24 39 1
173 18.50 98.85 31.03 384.22 21 36 3
174 7.90 69.87 8.94 86.99 5 25 1
175 22.37 38.94 46.14 161.15 17 43 2
176 50.39 41.99 38.23 371.34 22 37 1
177 94.40 87.63 5.87 458.80 19 24 3
178 19.21 20.56 36.50 268.39 21 29 2
179 85.49 91.37 1.33 356.62 16 39 1
180 42.31 25.22 33.80 416.65 13 25 3
181 97.34 93.41 41.79 261.33 6 17 3
182 37.77 83.91 41.26 426.99 16 20 2
183 38.08 45.50 29.89 171.05 18 47 3
184 70.53 94.84 41.82 333.86 19 37 3
185 24.90 71.94 26.50 271.38 17 22 3
186 16.52 5.45 34.53 363.42 22 36 1
187 99.69 14.63 21.76 269.26 16 48 2
188 72.47 35.45 27.06 498.11 6 30 2
189 34.42 44.40 6.68 99.89 19 46 3
190 12.24 21.14 19.48 183.02 13 25 2
191 40.28 3.62 34.55 400.36 6 16 2
192 12.26 2.14 26.72 280.06 24 29 2
193 45.76 1.15 38.49 70.70 2 13 1
194 65.60 93.67 22.25 87.14 16 25 2
195 53.94 25.38 36.72 88.45 22 41 1
196 73.10 26.03 20.57 469.43 10 35 3
197 87.52 76.96 48.18 330.80 10 40 2
198 38.58 90.01 27.98 392.56 9 31 1
199 25.87 38.10 39.29 322.73 2 9 1
200 62.76 33.11 0.91 84.62 7 31 2
201 24.74 77.76 17.70 125.85 7 25 2
202 0.04 10.62 17.34 492.47 13 35 1
203 87.82 4.61 37.63 243.97 8 31 1
204 85.56 88.43 20.85 191.10 24 46 3
205 98.64 78.72 30.53 314.35 7 17 3
206 57.55 70.81 27.17 100.49 8 23 2
207 67.38 83.92 41.34 294.18 19 34 1
208 58.08 13.67 49.53 73.06 9 33 1
209 61.29 57.58 45.21 138.22 13 36 3
210 63.42 10.93 46.11 220.97 20 38 1
211 78.29 5.77 35.75 454.57 7 28 3
212 51.90 34.51 15.55 55.68 1 36 1
213 48.35 43.40 48.66 338.86 21 36 1
214 59.91 53.66 0.16 234.29 20 38 3
215 79.73 76.23 49.46 97.43 11 13 3
216 76.29 76.45 15.80 243.34 10 44 1
217 65.05 0.97 35.51 212.43 15 20 1
218 98.24 40.98 9.77 360.60 12 42 3
219 24.08 40.71 37.06 370.30 24 24 2
220 66.60 61.83 24.30 235.90 22 42 1
221 8.41 27.80 13.61 473.01 4 9 1
222 55.94 35.66 20.26 110.24 18 21 2
223 64.81 56.49 0.71 223.13 22 33 2
224 4.16 66.50 22.65 496.65 16 20 3
225 53.32 29.29 14.14 322.00 20 20 2
226 2.15 50.39 45.67 412.16 1 5 2
227 21.28 43.49 42.87 426.61 5 20 3
228 31.79 27.92 33.77 215.64 3 46 1
229 76.28 88.09 31.84 89.27 4 9 1
230 85.48 75.64 42.79 105.64 5 28 2
231 38.17 19.70 46.73 422.39 12 21 2
232 98.39 19.51 23.32 354.34 1 39 1
233 66.23 18.31 45.74 409.03 24 25 2
234 51.55 20.22 49.34 430.76 24 24 3
235 40.48 62.43 30.95 286.56 1 20 3
236 72.54 77.84 47.46 140.51 12 35 3
237 4.02 66.23 15.16 230.74 21 33 1
238 8.04 25.25 0.77 411.70 23 40 2
239 48.11 48.74 10.00 170.16 14 22 1
240 66.45 1.76 11.02 433.40 10 42 3
241 46.65 42.25 40.78 465.22 24 47 1
242 61.42 28.07 49.40 308.08 24 35 1
243 30.17 30.60 35.17 86.21 22 31 3
244 72.57 63.32 13.21 146.99 22 48 2
245 14.42 4.37 5.57 170.79 11 23 3
246 59.94 20.47 10.32 166.81 12 40 2
247 75.69 52.71 45.35 212.05 23 29 3
248 42.88 58.70 1.77 436.78 8 39 3
249 68.93 39.97 17.66 213.03 18 43 3
250 30.60 10.58 35.85 232.49 1 23 1
251 52.51 2.44 1.41 369.30 8 19 2
252 98.80 2.86 27.23 92.35 12 42 1
253 53.82 21.79 42.72 453.45 24 41 3
254 35.25 53.52 1.11 252.24 10 14 3
255 46.27 50.27 10.41 462.80 1 10 3
256 86.72 63.05 26.28 360.03 10 42 1
257 44.97 45.88 44.32 118.46 9 20 3
258 37.58 14.41 33.14 269.29 12 25 1
259 49.02 90.83 33.50 495.98 8 46 2
260 90.13 33.61 1.79 176.65 20 40 1
261 91.11 1.16 7.18 391.89 8 10 3
262 34.97 7.14 5.18 378.40 21 32 3
263 69.72 99.87 18.10 361.71 8 20 3
264 52.49 78.90 0.55 105.43 9 29 1
265 86.85 2.66 32.81 374.12 6 27 2
266 60.01 66.43 23.62 57.23 10 37 3
267 56.68 89.35 38.80 491.41 7 21 2
268 1.44 28.03 6.18 288.35 17 37 3
269 48.12 5.36 38.64 416.98 3 35 3
270 58.70 26.09 23.58 346.49 19 23 2
271 49.79 47.92 22.99 301.44 11 42 2
272 92.73 43.84 7.52 161.86 24 36 3
273 53.69 92.86 43.12 91.54 12 24 1
274 91.70 85.89 36.73 466.24 7 27 3
275 74.02 1.82 5.40 317.53 6 47 2
276 74.73 89.81 43.03 276.87 18 40 2
277 59.49 76.74 3.40 179.53 4 10 3
278 79.55 51.14 21.63 483.72 13 13 1
279 65.78 20.65 35.52 147.39 15 39 3
280 52.79 1.03 24.68 326.18 11 41 2
281 87.43 36.15 2.53 417.47 2 18 2
282 82.24 98.40 37.61 386.04 19 29 3
283 56.39 31.91 47.79 425.16 2 4 3
284 20.41 17.61 14.17 481.18 11 29 2
285 69.69 44.24 18.40 419.54 12 19 3
286 69.39 80.95 42.57 172.24 12 22 1
287 21.89 55.34 39.60 227.21 1 24 3
288 56.05 63.29 4.88 485.97 3 20 2
289 53.94 53.96 5.84 162.49 4 14 3
290 91.59 30.89 27.89 281.65 22 24 1
291 26.49 81.97 32.52 406.15 22 43 2
292 3.00 90.41 33.23 316.70 6 23 3
293 82.33 47.26 20.96 450.79 15 17 3
294 91.79 57.81 5.96 272.24 18 21 2
295 38.47 56.26 38.82 412.94 5 15 3
296 24.98 52.79 4.35 123.67 11 28 3
297 59.88 66.30 14.88 197.98 9 26 3
298 86.50 86.94 29.23 418.24 16 20 2
299 11.00 17.64 27.32 418.21 12 13 2
300 62.25 74.01 36.20 54.56 5 38 1
301 3.89 73.59 34.44 337.65 10 47 2
302 23.61 93.82 4.54 384.26 15 44 1
303 40.02 15.60 29.08 261.84 9 45 1
304 13.46 26.75 13.09 65.69 1 20 2
305 70.10 2.31 8.85 284.47 20 36 1
306 21.66 75.07 12.17 315.80 1 40 1
307 37.01 67.23 5.94 113.32 2 9 1
308 19.42 70.98 42.18 107.95 22 26 2
309 42.46 65.18 49.73 413.15 11 46 3
310 78.40 80.48 49.49 265.18 6 42 2
311 75.02 1.85 12.54 390.31 23 29 1
312 21.17 5.68 3.22 110.68 4 44 3
313 61.50 86.01 34.64 255.15 19 26 3
314 4.26 88.01 44.26 121.34 5 29 1
315 7.58 79.64 0.56 168.76 17 40 1
316 51.35 12.45 18.87 414.04 4 33 3
317 34.95 23.24 11.88 263.69 24 42 3
318 2.00 56.33 40.77 360.97 4 37 3
319 57.51 87.04 28.16 150.35 17 26 2
320 53.78 86.90 42.47 121.43 0 40 2
321 69.41 70.03 37.97 458.76 8 18 1
322 50.91 95.29 45.47 374.68 6 10 3
323 86.31 82.16 10.84 137.41 13 23 1
324 56.22 17.58 10.08 249.17 8 15 3
325 84.35 78.94 47.73 154.63 21 37 1
326 16.72 66.84 0.51 309.48 4 8 2
327 78.90 42.19 17.42 187.86 9 19 1
328 60.30 28.77 5.45 480.22 15 17 1
329 68.63 46.30 23.53 409.95 22 30 2
330 67.98 67.00 26.06 186.09 23 24 1
331 37.52 29.22 29.67 136.35 24 41 3
332 63.62 1.14 5.05 360.13 2 11 3
333 41.03 87.22 5.73 105.59 24 47 1
334 90.98 9.55 20.24 132.97 16 36 3
335 12.81 49.13 47.06 469.51 4 18 1
336 47.14 86.31 27.16 89.52 20 22 3
337 5.28 77.14 26.34 178.08 0 46 1
338 23.78 96.45 25.53 225.60 7 32 3
339 69.00 36.21 46.39 337.39 6 42 2
340 36.02 94.85 31.80 357.34 5 18 1
341 41.28 27.56 10.26 86.98 13 47 2
342 64.84 56.02 34.47 315.17 24 38 3
343 11.99 20.15 13.14 79.68 18 47 3
344 78.88 99.68 28.24 218.32 24 48 3
345 59.07 74.85 37.62 211.88 9 14 1
346 86.36 58.21 36.67 468.20 4 27 2
347 17.87 69.09 6.30 411.60 5 23 3
348 67.12 82.61 45.05 94.46 4 17 2
349 97.24 27.84 46.47 286.64 1 22 2
350 99.66 57.60 43.32 217.96 2 43 3
351 9.80 99.72 11.74 264.98 8 26 3
352 0.46 19.87 11.77 138.63 17 36 1
353 55.38 13.17 6.63 213.47 22 25 3
354 46.13 5.91 43.78 101.39 12 22 2
355 32.30 68.15 25.22 473.75 21 33 2
356 56.26 31.12 0.82 227.52 4 20 3
357 11.94 98.31 25.29 128.56 12 22 3
358 56.58 70.15 11.78 92.57 15 17 3
359 44.53 93.43 3.22 379.75 18 43 3
360 66.44 73.14 39.05 480.19 11 18 3
361 4.64 10.18 30.81 470.26 9 41 2
362 55.84 45.77 28.43 57.29 23 40 1
363 87.68 67.46 12.58 181.48 17 47 1
364 67.89 1.13 26.67 128.36 7 15 2
365 85.22 22.92 4.68 237.41 19 47 3
366 68.98 3.41 45.06 277.27 18 24 3
367 2.24 73.02 21.70 325.15 17 26 2
368 84.48 64.45 33.51 154.51 6 17 1
369 49.83 29.65 30.88 340.30 3 13 2
370 75.51 55.21 45.28 106.43 11 33 1
371 97.54 62.74 14.10 364.38 20 31 3
372 30.00 6.64 37.76 349.44 23 37 2
373 51.24 96.00 34.97 461.88 19 42 3
374 78.77 77.43 19.85 242.60 4 42 1
375 72.93 52.61 9.57 363.26 13 46 1
376 98.08 15.15 4.13 245.42 3 38 2
377 72.79 42.64 39.92 65.86 16 34 3
378 12.05 19.34 22.45 218.29 0 47 2
379 93.49 25.11 31.99 462.13 14 33 3
380 13.45 53.86 43.56 350.08 16 44 3
381 88.15 31.19 12.41 329.21 1 44 3
382 36.97 1.74 34.29 280.41 4 6 1
383 7.53 40.29 25.87 156.23 21 34 3
384 2.82 59.66 12.27 420.81 21 24 1
385 28.20 2.86 18.49 363.81 10 32 1
386 99.48 46.84 1.66 466.68 1 12 1
387 0.48 23.72 30.89 341.23 23 44 1
388 58.76 36.18 37.48 200.21 19 36 2
389 56.49 47.79 7.92 126.72 18 18 3
390 92.68 35.30 38.32 378.90 22 41 2
391 22.60 26.00 44.56 129.19 5 31 2
392 26.22 1.25 1.59 89.68 10 28 1
393 78.83 1.53 18.80 105.47 13 19 1
394 0.70 69.05 2.26 419.62 6 11 2
395 81.55 52.55 45.65 160.60 15 43 1
396 91.31 26.31 8.19 378.96 19 41 2
397 20.07 13.23 22.89 484.28 7 42 1
398 81.58 62.57 0.78 81.80 20 21 3
399 38.43 51.72 38.17 176.58 17 45 2
400 80.57 89.03 22.70 373.05 12 22 2
401 72.98 87.98 45.84 155.95 2 25 1
402 57.76 62.28 24.72 436.73 3 15 1
403 47.06 63.95 41.34 314.81 18 36 1
404 23.44 19.92 20.23 472.94 15 35 2
405 10.26 35.00 37.89 338.89 7 28 2
406 86.16 85.50 23.67 182.82 24 32 1
407 53.45 94.75 27.43 166.25 20 42 2
408 50.45 73.65 34.90 63.43 13 47 1
409 17.74 3.02 10.01 94.26 9 10 3
410 77.87 42.57 14.00 287.52 20 30 1
411 12.53 79.78 7.10 384.26 2 17 2
412 30.66 2.79 46.72 165.12 18 26 3
413 76.16 74.11 11.59 439.60 5 33 2
414 73.38 10.22 31.63 284.27 12 13 2
415 43.71 82.02 35.87 268.07 6 38 1
416 38.60 20.11 28.73 203.27 3 45 2
417 51.74 41.40 17.03 110.43 5 21 1
418 43.14 55.84 42.82 186.29 23 28 2
419 51.05 23.30 26.45 153.28 13 17 3
420 22.60 61.35 41.03 488.73 2 11 1
421 7.31 3.79 28.36 386.21 24 29 1
422 63.41 44.64 37.64 289.82 8 19 3
423 53.77 1.91 8.68 273.58 18 37 2
424 73.74 82.19 36.64 98.99 20 31 1
425 37.51 24.00 11.34 444.47 5 13 2
426 58.97 42.38 16.40 210.20 10 36 1
427 15.66 5.98 25.58 194.54 15 42 2
428 32.92 62.70 41.66 413.37 14 20 3
429 96.87 45.29 45.45 430.93 12 36 3
430 38.35 99.97 28.44 356.39 3 15 1
431 8.10 46.42 19.27 177.15 17 36 3
432 35.44 72.66 4.17 97.06 19 19 3
433 89.05 90.38 14.76 279.84 22 43 1
434 47.55 99.57 11.36 69.59 17 46 3
435 90.59 85.72 14.80 455.96 16 16 3
436 66.90 82.23 20.12 208.21 20 26 1
437 89.23 58.26 26.54 55.10 20 38 2
438 22.51 8.64 48.52 196.68 5 14 1
439 58.10 37.84 39.47 442.86 16 45 2
440 68.78 38.09 28.92 101.10 10 37 2
441 20.14 78.36 45.95 181.61 9 14 3
442 0.27 93.46 8.86 146.25 10 32 3
443 80.77 68.21 25.21 404.25 4 36 3
444 80.72 97.55 23.38 221.66 10 29 1
445 67.63 77.33 30.14 224.42 22 32 1
446 82.24 72.85 3.91 104.70 21 34 1
447 14.81 33.28 1.64 256.77 11 48 3
448 77.33 30.33 28.47 228.70 21 40 2
449 92.01 49.16 38.56 373.22 9 18 1
450 88.01 99.97 24.86 305.82 12 28 3
451 36.33 86.56 8.58 145.18 13 15 2
452 16.54 82.27 49.98 280.31 16 18 3
453 39.20 62.95 9.10 288.01 2 9 1
454 33.70 47.09 32.73 343.64 5 38 3
455 95.53 27.44 35.39 169.43 9 25 2
456 13.33 21.97 30.39 251.66 16 43 3
457 87.04 12.43 17.79 441.55 17 46 3
458 45.27 20.26 11.51 226.98 17 26 1
459 93.11 72.40 24.61 372.93 0 43 1
460 9.56 99.76 29.20 425.48 4 33 2
461 5.15 68.64 45.66 395.36 5 43 3
462 98.58 64.52 49.41 295.61 7 12 2
463 11.32 88.09 9.06 413.72 6 40 3
464 80.93 78.12 45.48 175.37 16 30 3
465 45.11 28.03 25.61 433.22 10 34 1
466 25.17 66.45 22.59 427.09 22 26 1
467 57.10 72.50 34.93 225.28 7 35 1
468 3.69 49.29 20.52 284.61 21 29 2
469 27.68 57.70 9.26 350.65 9 9 2
470 22.32 85.28 40.74 275.74 18 23 3
471 44.88 75.85 6.66 488.00 14 45 3
472 47.37 19.16 20.52 57.65 17 34 3
473 62.62 40.32 6.00 284.17 15 19 3
474 17.20 93.89 27.81 335.49 19 41 1
475 17.16 55.79 21.23 347.08 19 40 2
476 61.98 83.73 4.52 459.89 10 35 2
477 33.55 51.18 12.52 464.00 10 30 2
478 76.06 19.59 8.07 341.88 18 23 1
479 76.65 30.35 30.62 59.09 9 31 1
480 36.81 19.17 14.62 355.45 17 46 3
481 93.93 93.94 46.38 487.96 0 22 1
482 99.05 70.71 32.27 451.86 21 46 1
483 82.99 71.41 12.13 377.96 22 33 2
484 48.44 40.55 36.81 317.80 3 26 1
485 38.92 27.69 49.51 455.75 9 12 3
486 89.77 80.80 5.55 195.66 0 32 3
487 60.21 43.59 33.99 434.53 5 38 2
488 69.94 38.67 39.74 496.22 4 45 1
489 48.30 41.44 30.29 240.05 4 42 2
490 2.46 14.07 43.31 342.47 17 48 3
491 69.64 9.18 15.57 223.82 18 35 2
492 20.04 31.02 38.56 324.24 17 24 2
493 63.91 36.17 45.75 462.85 21 41 3
494 14.17 1.43 25.59 357.20 6 7 3
495 46.85 17.81 23.74 134.46 21 23 2
496 75.95 5.77 24.90 76.54 13 38 3
497 88.85 79.58 19.56 63.96 7 38 1
498 45.39 34.99 10.68 243.32 18 36 3
499 20.31 67.31 30.89 219.58 15 18 2
500 82.29 25.99 23.40 424.84 22 31 3
1 184.38 4047.47 1
2 145.08 2818.40 2
3 194.13 2548.87 3
4 173.52 3836.19 1
5 189.09 4624.73 2
6 157.80 2895.21 2
1 1.25 44.43 2
2 1.48 32.46 6
3 1.01 28.23 3
4 1.41 36.43 1
5 1.52 27.26 2
6 1.49 40.19 2
7 1.00 40.57 1
8 1.79 26.36 6
