Data for Vehicle routing problem with drones - Author: Huyen Do Thi Ngoc
Number of depots: 4
Number of cities: 100
Number of trucks: 9
Number of drones: 16
Area: 100 100 50
Customer maximum demand: 500
Max capacity of truck: 200
Max energy of truck: 5000
Max capacity of drone: 2
Max energy of drone: 50
1 22.97 85.97 19.14
2 46.41 10.28 27.00
3 45.96 62.21 12.84
4 93.29 47.23 3.92
1 87.53 22.30 43.69 381.99 18 37 1
2 32.52 80.93 33.65 177.48 20 26 3
3 65.29 43.28 47.63 393.83 16 29 2
4 68.45 19.76 44.88 334.17 3 14 2
5 76.25 72.84 2.66 496.20 23 35 4
6 74.92 50.76 32.87 248.60 4 24 2
7 89.32 23.17 15.37 183.06 14 21 1
8 14.52 84.99 23.80 116.24 3 40 3
9 12.21 95.62 44.17 247.68 5 17 4
10 43.97 37.33 30.20 442.66 14 46 2
11 50.57 2.68 48.87 186.49 20 37 4
12 54.94 84.46 5.26 343.52 2 2 1
13 90.89 9.14 20.85 305.36 19 27 4
14 8.58 81.20 41.84 99.90 10 36 3
15 62.19 80.24 6.84 369.06 7 27 4
16 89.52 69.42 36.09 270.04 22 36 3
17 31.81 94.54 2.96 128.94 3 44 1
18 59.72 43.72 36.90 483.81 1 9 2
19 11.50 80.28 27.42 232.22 16 48 1
20 95.49 10.79 16.93 496.53 23 34 1
21 56.48 13.27 37.01 389.63 4 27 3
22 20.02 27.96 0.76 212.14 9 47 1
23 30.82 66.48 19.42 426.04 18 19 3
24 67.28 82.81 39.33 418.15 17 26 3
25 28.00 92.02 27.85 57.89 6 38 2
26 24.05 73.57 13.92 375.88 4 16 2
27 7.74 24.11 40.93 89.01 7 9 1
28 53.14 35.28 5.48 59.55 18 18 2
29 88.56 6.69 16.96 300.73 24 32 2
30 37.11 45.41 35.21 297.57 12 36 4
31 86.62 56.34 45.99 188.94 23 44 1
32 72.21 39.61 36.77 135.11 18 20 2
33 32.27 29.84 27.22 353.91 13 36 2
34 86.30 86.38 17.41 307.92 6 8 2
35 86.64 87.64 27.54 247.69 19 48 4
36 82.76 37.54 48.32 212.34 8 36 2
37 34.66 63.78 8.12 219.08 23 37 1
38 35.36 69.24 21.87 234.12 17 23 1
39 58.35 31.39 30.34 222.62 10 12 2
40 91.16 46.64 9.31 192.05 5 42 3
41 76.85 27.22 48.60 329.10 20 36 4
42 31.25 33.22 18.91 294.58 3 6 2
43 70.83 94.90 0.25 283.66 15 25 1
44 19.11 56.84 9.25 76.52 9 15 4
45 15.55 48.77 18.58 130.02 23 33 1
46 31.64 23.59 21.07 313.04 19 27 4
47 89.31 64.48 7.03 244.17 15 43 2
48 58.63 46.24 45.30 295.75 11 40 2
49 91.04 9.10 25.52 188.48 12 24 3
50 19.58 67.39 19.61 368.09 8 40 2
51 91.81 42.58 42.99 276.43 23 44 2
52 68.93 32.67 14.08 166.37 23 41 1
53 60.18 14.80 13.74 309.67 1 9 3
54 16.85 15.88 2.48 313.11 2 23 2
55 5.35 56.79 4.31 247.65 9 37 1
56 31.37 85.91 12.83 203.95 23 26 4
57 98.76 38.92 27.43 217.60 3 29 3
58 62.70 36.47 12.00 476.77 3 10 1
59 54.66 64.97 29.14 124.12 9 44 2
60 11.14 71.44 31.44 271.62 9 12 1
61 87.58 60.46 45.88 305.68 23 31 2
62 71.28 83.42 49.77 189.93 13 27 3
63 46.17 18.70 47.95 121.31 23 38 4
64 33.90 43.50 35.99 358.27 10 41 3
65 39.18 78.48 23.00 104.53 18 24 2
66 87.61 18.39 6.40 333.25 15 26 3
67 56.75 88.35 39.55 311.45 5 30 1
68 80.42 33.65 33.96 50.49 18 18 4
69 97.86 59.56 15.14 78.44 7 27 4
70 9.47 57.36 9.26 484.06 24 37 1
71 34.14 64.80 0.62 143.86 8 43 4
72 48.64 66.62 6.05 498.19 0 39 4
73 47.98 1.66 21.24 151.83 20 39 3
74 78.22 69.29 29.41 53.19 2 11 3
75 12.30 32.34 47.85 440.21 15 24 1
76 22.48 67.63 23.32 286.41 3 42 1
77 60.44 97.95 13.93 63.82 19 34 2
78 8.49 67.18 10.06 342.80 4 4 4
79 68.96 49.21 46.64 238.85 16 31 4
80 15.69 41.49 9.64 462.66 16 34 1
81 30.32 56.69 22.78 458.18 18 38 3
82 56.26 17.22 21.94 120.01 10 24 4
83 16.26 81.38 1.92 378.89 0 34 2
84 51.98 1.22 45.78 175.32 18 20 4
85 8.59 58.60 35.45 397.77 21 31 4
86 92.06 23.65 6.63 55.55 0 22 1
87 62.73 45.25 14.51 403.71 8 33 2
88 58.70 26.59 46.86 398.51 15 46 2
89 33.14 85.19 37.98 87.06 20 35 4
90 80.69 18.08 25.56 404.73 17 17 2
91 2.74 56.08 35.53 277.70 12 41 4
92 95.65 83.39 10.32 273.27 11 28 2
93 58.49 74.11 33.48 100.57 5 11 3
94 85.63 84.82 35.65 481.39 9 34 4
95 75.51 98.50 14.65 233.99 15 32 3
96 59.75 27.19 36.20 389.02 7 33 4
97 14.89 42.04 28.84 307.56 8 40 2
98 51.69 6.92 8.69 405.72 15 29 2
99 95.89 64.46 6.79 351.09 4 31 1
100 63.45 87.01 27.26 469.73 19 47 1
1 139.47 3346.46 1
2 184.22 2761.22 2
3 188.82 2985.97 3
4 169.23 3238.36 4
5 118.63 3255.76 4
6 192.83 4209.60 2
7 192.13 3191.51 3
8 142.05 4155.04 4
9 197.19 2977.55 1
1 1.94 48.26 1
2 1.65 29.31 2
3 1.39 38.77 1
4 1.42 28.50 4
5 1.27 40.46 4
6 1.85 33.95 1
7 1.16 41.44 1
8 1.13 49.33 9
9 1.00 35.60 6
10 1.63 33.36 6
11 1.48 27.06 8
12 1.11 38.24 4
13 1.17 47.79 7
14 1.26 49.86 1
15 1.36 46.86 5
16 1.60 31.23 3
