Data for Vehicle routing problem with drones - Author: Huyen Do Thi Ngoc
Number of depots: 4
Number of cities: 300
Number of trucks: 8
Number of drones: 9
Area: 100 100 50
Customer maximum demand: 500
Max capacity of truck: 200
Max energy of truck: 5000
Max capacity of drone: 2
Max energy of drone: 50
1 44.69 95.95 38.24
2 96.19 39.92 27.32
3 54.42 74.51 24.49
4 15.20 62.23 24.26
1 22.58 81.16 36.53 198.75 20 28 4
2 61.90 76.80 31.18 181.84 11 12 1
3 34.39 99.52 24.02 267.35 20 21 3
4 57.37 42.71 28.51 69.96 24 46 4
5 5.59 34.09 32.55 340.05 13 35 2
6 30.56 79.77 49.02 280.94 11 24 2
7 71.67 77.74 44.91 334.87 15 31 3
8 95.12 21.63 17.49 117.45 7 43 4
9 59.80 66.73 49.92 206.79 5 26 3
10 33.46 53.11 25.84 446.28 18 42 1
11 76.18 69.57 9.45 225.14 21 23 3
12 20.43 2.26 29.59 479.66 23 24 1
13 45.72 71.66 48.71 412.71 7 47 4
14 12.48 9.77 30.01 390.15 8 44 4
15 99.57 34.25 34.13 345.33 14 21 2
16 12.14 78.57 46.73 260.17 22 37 2
17 97.92 0.30 34.60 398.23 3 34 4
18 83.59 58.18 8.10 317.87 20 30 4
19 43.14 66.14 47.39 239.16 1 34 2
20 19.44 60.06 14.23 356.44 8 44 3
21 65.73 17.69 37.58 479.49 0 24 4
22 0.08 69.93 14.68 395.53 7 20 4
23 4.85 40.20 5.98 51.98 21 39 3
24 88.89 79.44 47.77 184.52 21 32 3
25 71.41 80.29 28.67 244.91 6 40 1
26 20.11 36.69 42.86 135.86 4 12 1
27 9.00 57.81 9.95 351.64 21 21 1
28 42.66 60.04 29.86 187.69 23 47 1
29 87.79 44.66 22.32 171.67 9 46 3
30 20.71 86.84 4.74 471.18 24 45 4
31 50.82 99.39 27.26 148.35 21 22 1
32 4.63 59.24 48.86 245.14 21 30 1
33 20.72 40.97 4.55 376.59 2 13 1
34 28.68 99.85 38.47 84.68 1 29 4
35 97.89 67.38 26.57 368.53 0 29 2
36 96.71 35.00 29.89 137.06 24 46 4
37 76.76 19.81 0.96 464.51 9 11 3
38 80.78 93.00 23.81 425.18 16 37 2
39 71.05 3.86 49.77 211.95 13 31 4
40 52.28 19.18 3.45 212.68 15 45 2
41 87.03 81.98 39.92 380.91 3 28 2
42 18.41 77.72 32.76 57.16 18 28 1
43 65.05 72.29 26.23 253.44 21 21 2
44 33.81 50.62 48.15 64.75 16 44 2
45 45.03 33.90 16.00 276.65 11 11 2
46 69.50 90.18 22.38 224.85 7 10 4
47 19.78 15.59 24.92 330.20 22 37 4
48 97.31 77.58 45.53 100.64 8 36 2
49 28.52 77.86 19.40 266.32 2 33 1
50 48.48 31.38 46.00 152.87 8 28 3
51 84.46 39.47 41.57 422.27 0 2 3
52 0.21 89.99 5.97 434.63 10 10 4
53 20.77 28.80 25.94 365.04 23 30 4
54 38.53 44.97 9.80 214.96 3 34 4
55 31.67 60.67 18.50 89.90 2 39 4
56 78.17 94.31 43.88 141.18 5 7 1
57 58.98 43.40 27.88 364.03 12 47 3
58 61.98 61.62 44.85 156.48 14 23 2
59 65.41 49.90 49.80 202.95 3 13 1
60 16.09 24.14 44.23 163.06 13 30 2
61 99.20 2.27 7.98 167.11 11 46 3
62 36.95 32.04 26.05 162.89 17 21 4
63 76.83 21.52 18.75 222.06 21 21 1
64 81.36 92.87 24.38 253.25 24 28 2
65 67.35 65.50 6.29 407.98 12 13 4
66 92.31 66.38 13.64 131.22 4 18 1
67 51.38 11.92 37.81 425.55 1 1 1
68 92.78 49.77 43.11 306.40 10 39 3
69 4.95 47.64 5.91 99.92 7 19 1
70 92.85 28.84 7.54 235.50 23 42 2
71 24.23 23.00 4.02 345.91 1 33 2
72 27.65 41.23 34.72 95.69 21 33 3
73 91.77 35.50 29.95 497.86 3 40 1
74 4.04 7.72 26.55 223.33 22 31 2
75 57.83 71.97 28.05 397.85 6 32 3
76 49.38 60.18 39.26 404.49 15 29 1
77 51.44 3.66 47.58 309.83 5 8 4
78 24.59 83.99 7.11 423.06 1 38 3
79 13.50 84.12 21.43 397.17 2 12 1
80 45.08 2.67 20.47 341.49 8 40 4
81 17.25 45.65 39.39 285.99 18 39 2
82 5.12 91.30 39.38 82.95 13 47 3
83 38.17 1.61 1.80 275.52 7 46 3
84 93.29 36.36 45.03 484.94 14 33 1
85 66.13 46.16 1.37 353.83 0 0 1
86 79.59 48.88 45.47 445.65 9 22 1
87 22.57 62.60 21.17 414.67 5 43 3
88 51.99 61.69 28.17 312.61 3 8 1
89 18.94 85.58 32.47 180.02 5 41 2
90 53.05 42.09 9.87 284.71 21 26 3
91 20.41 44.73 9.61 130.86 9 43 3
92 20.16 91.09 21.68 409.98 22 42 2
93 90.09 28.67 39.63 150.83 22 34 4
94 46.78 67.98 10.57 416.64 23 38 4
95 81.46 74.69 13.07 309.35 4 47 2
96 41.51 45.31 5.87 425.92 18 23 2
97 35.99 53.51 14.78 299.56 2 9 1
98 73.59 95.96 25.81 291.07 11 19 2
99 95.76 22.63 26.95 387.68 14 34 3
100 30.64 77.66 12.22 205.85 18 23 1
101 59.34 28.25 4.88 150.49 14 19 2
102 36.65 56.77 1.61 203.51 4 45 1
103 92.02 6.50 13.70 54.82 3 39 3
104 96.95 5.13 13.71 68.71 17 37 1
105 62.21 22.38 21.27 345.21 1 32 4
106 9.79 25.90 2.43 404.48 0 47 3
107 95.59 55.06 10.56 321.20 11 40 2
108 49.21 17.81 18.79 390.46 15 37 3
109 31.55 29.21 45.89 75.10 14 22 4
110 8.46 19.07 23.35 169.92 11 48 1
111 39.04 86.39 21.03 114.49 15 18 2
112 56.14 55.48 45.51 86.58 23 32 1
113 44.59 59.42 1.42 283.95 9 16 4
114 88.57 41.41 24.46 325.93 16 16 3
115 56.63 90.99 33.34 147.36 18 41 4
116 63.74 98.05 38.72 314.07 19 32 3
117 67.56 90.63 10.66 148.15 10 14 3
118 85.99 90.68 12.18 142.40 24 39 4
119 14.58 28.46 18.70 102.53 4 26 3
120 98.95 90.65 38.55 390.96 19 24 4
121 80.70 64.64 22.43 467.39 12 31 2
122 27.14 74.95 21.49 462.80 4 42 3
123 40.74 28.85 15.61 294.43 10 43 1
124 49.50 14.30 40.39 360.55 18 29 3
125 16.06 53.83 32.45 251.45 22 27 1
126 91.93 61.54 46.37 354.36 23 26 2
127 41.25 5.54 43.89 419.24 22 43 1
128 19.32 11.20 23.44 438.64 8 12 4
129 75.06 45.88 29.30 125.90 15 15 3
130 65.99 37.18 20.12 131.10 16 27 3
131 4.45 87.22 49.21 210.85 17 34 1
132 46.13 79.42 44.87 380.75 1 8 1
133 92.47 6.54 45.23 79.60 20 20 3
134 1.03 80.76 28.14 379.54 3 23 4
135 94.06 15.65 9.12 200.35 20 41 4
136 46.63 61.33 23.27 83.80 4 5 3
137 96.32 56.16 34.72 176.30 16 25 1
138 66.32 67.73 18.29 296.66 23 24 3
139 17.96 73.02 35.00 200.19 20 44 2
140 82.80 39.78 6.50 350.98 20 22 2
141 37.09 92.07 20.03 432.02 7 38 4
142 27.70 86.81 47.35 366.43 7 8 3
143 29.57 9.97 3.59 258.85 1 8 1
144 67.79 43.96 10.69 345.50 23 43 2
145 31.87 5.13 36.01 390.27 23 44 3
146 1.90 53.70 3.34 180.81 7 46 1
147 23.74 11.11 46.61 235.57 2 39 3
148 35.17 82.53 7.25 184.54 24 48 3
149 40.89 65.36 34.07 307.04 15 36 1
150 65.16 17.70 26.48 473.86 22 34 2
151 61.33 88.25 44.83 240.25 12 41 2
152 71.19 81.66 33.11 433.55 22 24 1
153 78.96 37.79 38.47 185.40 15 18 2
154 41.13 65.07 30.30 426.98 11 40 2
155 97.05 30.89 7.50 151.83 1 45 3
156 73.91 3.88 14.26 272.69 14 40 3
157 7.78 50.74 18.85 68.19 19 28 4
158 85.52 29.23 49.63 122.38 22 41 2
159 98.17 83.66 37.72 479.17 11 38 1
160 85.70 66.08 36.73 186.94 2 8 1
161 1.69 55.81 9.69 268.46 14 26 4
162 92.60 91.44 49.75 343.37 5 24 4
163 26.05 12.13 16.38 383.34 18 42 1
164 3.89 62.33 1.03 309.57 12 48 4
165 3.37 88.41 23.65 56.71 13 16 4
166 70.18 77.40 43.03 267.44 22 25 1
167 4.31 33.49 26.69 251.91 0 16 1
168 84.03 76.29 30.39 368.66 9 32 2
169 66.67 98.75 6.81 104.39 23 38 3
170 21.43 56.02 2.37 257.95 5 19 3
171 87.96 2.05 6.03 472.40 14 22 4
172 32.39 27.20 37.55 436.09 2 33 2
173 42.05 17.01 34.54 213.71 19 27 2
174 92.21 92.82 10.70 178.86 16 30 2
175 12.39 55.66 38.45 458.54 24 45 1
176 73.73 49.60 34.53 460.46 12 27 1
177 46.42 64.87 17.10 444.41 17 42 1
178 34.26 88.96 26.70 186.35 17 36 2
179 92.38 77.92 1.68 74.35 11 25 4
180 61.95 74.34 20.38 457.98 24 32 3
181 86.42 26.11 19.21 119.60 5 31 2
182 79.72 17.08 47.51 148.46 8 35 1
183 38.09 87.16 4.78 83.75 11 27 4
184 6.15 76.15 44.43 311.01 17 24 2
185 45.80 58.64 26.84 465.83 5 16 1
186 94.89 67.77 14.41 374.01 6 23 1
187 34.85 3.44 25.41 255.07 5 21 4
188 68.02 31.30 41.44 354.13 20 38 2
189 59.32 14.09 34.60 267.92 7 20 2
190 73.12 54.70 6.83 214.48 18 27 1
191 23.87 0.26 46.73 146.61 16 30 4
192 87.40 6.72 10.40 398.14 21 21 2
193 92.88 51.98 8.67 401.83 2 2 4
194 23.20 83.31 44.10 475.84 13 20 1
195 10.43 96.79 4.39 270.77 9 16 3
196 72.63 39.07 2.75 354.55 24 48 1
197 88.01 48.49 1.02 173.85 10 45 4
198 24.89 30.16 12.48 155.00 23 38 4
199 64.77 77.50 27.85 144.17 1 29 1
200 21.03 84.81 48.29 426.50 0 26 2
201 81.09 82.03 43.81 375.18 19 28 3
202 58.18 76.19 31.11 245.23 14 22 4
203 31.36 6.71 2.75 237.55 20 48 1
204 56.52 21.01 3.26 384.45 22 36 2
205 38.87 2.16 28.01 349.31 18 32 3
206 1.67 95.15 38.03 105.73 4 44 4
207 11.24 92.47 24.51 256.60 16 43 3
208 96.63 26.42 37.46 198.76 24 44 3
209 11.26 34.01 31.75 221.88 12 22 3
210 4.70 25.69 40.84 231.45 1 29 3
211 49.04 46.40 34.69 204.44 14 15 1
212 40.47 20.37 11.11 160.05 21 29 2
213 16.48 66.29 24.69 253.18 24 27 3
214 52.35 61.95 9.96 220.78 23 37 4
215 18.63 78.87 18.34 357.81 23 31 3
216 25.75 37.86 14.36 193.81 0 11 3
217 87.87 87.69 19.73 368.43 4 11 2
218 22.86 72.32 48.26 440.22 3 35 2
219 57.95 31.90 22.58 364.99 0 3 1
220 1.33 10.18 26.58 455.96 15 22 4
221 7.07 37.74 19.29 396.61 15 19 1
222 58.63 18.25 39.73 154.39 17 35 4
223 9.85 43.67 47.36 480.56 6 44 1
224 29.15 83.63 13.14 322.76 10 45 1
225 14.48 87.46 38.94 177.74 4 38 2
226 76.28 79.68 42.97 215.30 20 47 2
227 80.17 55.89 46.14 232.69 19 25 4
228 58.06 38.62 25.97 71.76 21 25 2
229 52.74 45.86 15.08 414.32 4 35 4
230 33.57 46.45 28.11 187.68 18 28 1
231 97.81 71.41 23.42 237.39 7 22 1
232 3.59 39.43 17.04 72.97 6 19 2
233 32.47 83.42 30.76 351.42 6 25 2
234 30.53 85.85 34.30 222.39 3 47 4
235 40.39 24.75 27.68 305.03 21 24 4
236 63.45 31.47 24.08 93.93 15 38 4
237 45.85 61.22 26.00 234.32 15 33 1
238 13.99 51.85 4.18 140.91 23 34 1
239 24.02 85.95 33.19 122.05 9 46 2
240 65.00 37.84 16.21 410.81 21 25 4
241 36.02 72.69 37.19 412.24 21 28 2
242 69.94 88.47 48.11 85.44 11 29 2
243 3.40 74.07 40.06 107.35 8 35 3
244 6.86 82.52 0.28 314.92 4 48 3
245 76.96 43.43 49.98 433.67 1 47 1
246 15.54 83.62 39.74 136.53 3 22 3
247 55.17 58.99 35.56 82.72 14 46 4
248 21.04 33.18 49.99 206.08 10 14 1
249 88.16 38.71 3.17 275.30 8 44 2
250 87.33 84.54 25.54 122.92 0 45 4
251 28.00 45.45 2.14 432.44 9 28 2
252 33.71 0.11 3.27 336.21 19 43 1
253 29.91 67.07 22.57 57.20 16 32 3
254 61.93 98.44 21.06 421.63 19 36 1
255 1.35 72.27 11.66 247.30 12 19 2
256 60.43 62.88 27.20 285.40 18 21 4
257 30.77 21.94 12.17 239.39 4 23 2
258 18.90 63.14 24.45 460.34 4 38 3
259 19.26 63.29 13.06 447.46 22 36 4
260 25.91 43.90 32.27 333.34 5 37 4
261 65.05 20.66 38.02 188.30 24 47 2
262 45.08 55.99 41.90 55.55 12 41 4
263 42.02 97.07 9.18 118.01 22 25 1
264 12.92 70.87 22.65 192.61 16 43 4
265 64.75 16.52 42.11 366.90 1 22 2
266 89.32 33.45 19.01 355.66 10 24 4
267 18.49 75.87 13.13 169.02 8 27 2
268 97.05 54.56 34.59 183.31 0 6 1
269 52.58 46.87 25.57 392.76 8 17 1
270 24.24 70.93 49.62 479.35 4 40 4
271 35.90 1.83 1.99 237.49 24 48 3
272 49.46 37.14 19.46 62.27 2 22 1
273 13.94 23.73 39.86 350.67 3 6 1
274 68.25 24.79 35.50 333.79 16 21 1
275 42.67 66.28 14.99 222.21 23 23 2
276 37.26 63.87 48.16 342.55 3 42 4
277 17.29 71.03 7.17 447.59 17 21 4
278 65.67 13.36 37.98 152.52 3 16 2
279 8.67 38.10 13.61 101.14 4 21 2
280 50.90 53.58 36.55 499.24 13 34 2
281 68.80 67.60 11.34 369.20 14 22 1
282 63.25 9.47 13.59 489.16 1 41 4
283 43.75 97.27 0.59 379.44 4 47 1
284 79.54 85.06 24.32 436.76 8 48 2
285 37.95 77.22 10.32 310.72 10 20 2
286 35.92 35.17 32.17 225.34 15 36 2
287 59.92 91.38 3.32 209.25 17 20 1
288 46.37 0.37 18.19 479.39 24 24 2
289 85.61 25.52 31.96 255.67 0 29 1
290 58.69 43.07 8.30 441.22 20 28 1
291 92.38 78.27 44.06 400.51 19 24 4
292 82.40 57.29 42.81 99.42 23 42 2
293 81.86 73.69 12.63 492.85 15 15 2
294 13.15 90.55 31.15 437.83 1 19 4
295 85.22 15.59 16.42 354.55 13 47 1
296 86.24 13.25 22.14 303.58 2 37 2
297 9.81 10.34 27.04 352.01 14 43 1
298 36.63 96.86 34.47 372.96 22 46 3
299 66.67 24.07 3.67 339.27 20 32 2
300 71.41 42.78 25.32 127.63 10 45 4
1 178.86 2977.63 1
2 180.30 2651.76 2
3 122.03 4886.47 3
4 142.99 4085.58 4
5 169.82 4715.40 4
6 155.06 2679.97 1
7 183.89 2763.66 3
8 101.33 3271.56 2
1 1.75 43.17 2
2 1.12 33.22 4
3 1.42 36.60 4
4 1.56 27.43 4
5 1.64 26.08 1
6 1.81 31.85 2
7 1.88 44.22 5
8 1.77 31.32 6
9 1.23 44.40 2
