Data for Vehicle routing problem with drones - Author: Huyen Do Thi Ngoc
Number of depots: 2
Number of cities: 500
Number of trucks: 7
Number of drones: 17
Area: 100 100 50
Customer maximum demand: 500
Max capacity of truck: 200
Max energy of truck: 5000
Max capacity of drone: 2
Max energy of drone: 50
1 74.08 10.27 28.47
2 26.23 42.48 11.27
1 17.12 87.65 23.86 413.81 23 39 1
2 9.40 63.71 20.13 216.53 15 23 1
3 79.69 86.32 8.87 190.56 3 14 2
4 40.95 55.27 45.75 301.92 0 5 2
5 49.82 96.14 41.06 76.90 12 26 1
6 6.80 40.09 34.49 106.51 5 40 1
7 8.41 65.48 6.12 483.37 2 22 1
8 33.40 27.55 20.86 317.14 0 37 2
9 80.93 11.31 46.37 395.86 9 30 1
10 87.51 45.26 32.69 112.48 9 38 1
11 22.98 60.49 0.52 331.92 15 22 2
12 5.85 46.16 30.76 381.12 16 41 2
13 60.52 62.51 30.12 275.02 21 22 1
14 85.45 60.57 46.12 390.60 11 16 2
15 38.19 61.72 16.71 492.38 0 21 1
16 29.12 24.35 40.41 183.99 21 39 2
17 95.72 17.47 2.18 404.83 2 10 2
18 39.57 59.06 42.25 261.44 15 31 1
19 85.64 56.29 34.58 180.08 17 26 2
20 52.55 81.46 18.44 141.66 19 24 1
21 8.97 31.79 6.00 144.29 5 17 2
22 46.75 99.80 2.03 76.02 2 16 2
23 55.01 61.78 1.10 469.77 14 20 1
24 39.19 9.17 49.22 131.00 17 41 2
25 93.29 91.79 10.72 328.78 16 27 2
26 99.84 81.46 23.22 336.47 14 46 1
27 3.51 36.41 25.21 336.80 22 47 2
28 60.27 47.48 20.58 402.01 5 32 1
29 83.35 27.94 16.52 191.15 6 20 2
30 6.12 1.86 32.34 259.66 1 36 2
31 11.04 26.74 11.31 489.18 4 42 2
32 26.25 42.68 20.21 429.35 20 32 1
33 14.78 98.28 31.97 364.14 10 21 2
34 6.63 84.85 38.60 409.93 1 41 1
35 17.00 15.25 26.70 142.82 21 37 2
36 39.14 86.73 46.17 188.08 10 46 1
37 29.20 61.80 7.66 361.55 2 34 1
38 42.35 6.87 26.69 386.05 11 43 1
39 55.92 93.60 41.12 497.13 7 41 2
40 29.29 18.86 32.45 289.59 10 25 1
41 60.48 56.76 40.02 348.97 20 47 1
42 5.77 65.11 29.75 63.96 2 42 2
43 4.50 62.71 13.04 212.66 5 24 2
44 99.47 67.18 4.24 495.53 21 29 1
45 60.68 28.75 11.83 249.38 6 41 1
46 67.76 61.34 20.74 268.88 7 39 2
47 38.68 44.02 11.87 277.17 7 48 1
48 41.29 57.20 48.99 266.34 4 9 1
49 95.93 56.75 16.05 191.92 17 45 2
50 64.66 49.08 38.02 304.54 11 11 1
51 16.73 85.82 38.91 51.74 4 5 2
52 21.26 68.36 1.03 198.17 2 33 2
53 23.96 59.92 21.20 53.56 17 37 1
54 75.16 14.76 48.22 134.57 22 32 1
55 93.26 45.01 43.47 161.32 22 43 1
56 45.51 33.11 21.72 270.72 16 41 2
57 9.55 34.08 46.82 206.67 7 35 2
58 2.44 94.91 7.06 273.83 16 19 2
59 24.64 26.72 9.80 446.23 17 41 2
60 5.02 47.04 27.46 171.16 5 24 2
61 51.53 6.87 47.50 234.84 24 33 2
62 38.15 97.06 41.89 477.16 12 15 1
63 74.38 89.93 40.32 466.94 23 23 2
64 8.37 4.96 7.81 162.43 24 41 2
65 75.36 31.77 34.44 239.90 10 36 1
66 59.44 36.60 29.13 471.63 6 11 2
67 88.78 73.03 1.56 282.94 24 24 1
68 87.99 41.66 22.10 241.45 24 46 1
69 52.96 94.75 16.02 263.77 7 31 1
70 90.62 56.89 8.32 140.12 24 28 1
71 14.82 53.12 31.79 196.73 13 48 2
72 50.50 44.53 49.75 57.27 2 30 2
73 83.54 92.82 18.74 304.47 16 39 2
74 91.88 50.51 9.68 213.29 24 42 2
75 42.13 41.67 2.37 114.60 16 25 2
76 88.97 10.10 36.61 91.78 18 27 2
77 70.39 6.87 12.01 156.24 4 15 2
78 31.15 45.52 21.94 443.97 22 28 1
79 59.53 93.40 24.25 345.53 0 34 2
80 88.95 23.59 3.90 355.08 1 35 1
81 39.63 62.04 23.53 194.84 9 30 1
82 34.28 47.81 40.30 258.01 9 15 2
83 82.09 60.98 12.35 468.94 14 45 1
84 64.69 24.06 19.43 225.43 23 48 1
85 59.70 22.75 37.05 450.63 5 8 2
86 10.29 72.95 3.31 201.81 19 40 1
87 43.80 46.14 2.15 260.40 13 29 1
88 98.29 42.39 38.74 371.32 11 26 2
89 38.33 14.63 42.81 229.77 6 22 1
90 39.04 67.47 35.89 207.25 18 26 1
91 54.95 63.98 20.29 297.28 8 17 2
92 44.05 51.39 26.63 245.83 22 26 2
93 2.71 56.47 46.62 84.38 21 42 2
94 55.81 10.33 30.06 381.95 10 42 2
95 28.76 33.80 1.39 419.17 5 11 2
96 15.71 95.56 33.59 432.96 6 46 1
97 51.17 29.87 20.36 255.58 6 24 2
98 83.10 44.33 21.22 322.02 6 7 2
99 2.01 79.82 21.49 435.82 8 12 1
100 37.26 78.64 14.99 133.68 19 28 2
101 84.99 21.04 4.61 219.02 3 14 2
102 32.60 59.83 0.28 469.12 5 48 1
103 2.30 61.93 21.38 303.89 12 36 2
104 20.29 66.60 8.40 341.21 6 23 1
105 84.84 34.50 18.85 120.98 12 43 1
106 97.64 10.23 28.89 214.74 10 27 2
107 20.70 78.63 26.59 193.19 13 44 1
108 27.56 14.93 5.61 350.26 14 42 2
109 40.88 76.86 23.60 173.13 20 47 1
110 3.88 2.07 9.23 310.52 14 17 1
111 86.86 82.39 35.89 231.73 3 35 2
112 53.11 6.63 35.92 147.84 15 33 1
113 52.16 62.37 6.63 231.77 21 33 2
114 53.84 94.51 0.08 263.43 15 20 2
115 25.71 15.12 14.25 143.67 22 29 2
116 13.47 43.11 48.78 464.80 2 29 1
117 85.47 47.96 35.56 405.98 19 36 1
118 53.09 57.36 3.48 480.46 23 25 1
119 93.27 28.66 47.99 407.41 4 48 1
120 59.84 26.70 26.76 216.09 18 33 2
121 32.73 59.28 1.95 492.75 24 45 1
122 52.76 97.05 11.42 185.96 7 39 2
123 0.81 1.43 46.18 164.46 2 15 1
124 66.99 3.33 35.76 155.07 0 26 1
125 1.91 96.35 0.19 154.49 8 24 2
126 92.71 49.76 27.68 417.17 0 35 1
127 27.69 0.53 1.95 146.49 20 34 2
128 84.72 75.63 30.63 342.04 12 40 1
129 2.79 53.56 23.98 250.33 4 20 1
130 40.57 45.74 6.44 102.04 5 31 2
131 28.92 53.16 37.44 393.91 8 46 1
132 30.91 58.56 17.77 350.38 11 35 1
133 41.77 64.62 42.55 490.49 1 20 1
134 74.96 66.60 38.60 178.49 20 43 1
135 9.23 23.25 32.21 407.95 9 36 1
136 49.23 4.37 48.50 75.12 17 44 2
137 59.16 32.31 4.87 199.07 0 31 1
138 28.29 35.37 14.17 217.52 15 23 1
139 75.31 26.36 32.16 482.59 18 30 1
140 32.89 94.91 22.64 72.91 19 21 2
141 4.07 7.82 4.15 342.85 11 40 1
142 60.29 73.14 28.59 352.51 12 35 2
143 30.79 79.36 0.20 247.83 16 27 2
144 48.48 98.16 32.84 203.97 15 47 2
145 8.62 22.87 16.04 275.40 15 39 1
146 95.93 25.91 34.47 380.03 20 38 2
147 29.34 30.72 15.17 134.60 8 25 1
148 6.59 96.85 23.46 63.96 1 3 2
149 60.22 86.58 21.00 184.12 6 40 1
150 7.07 58.17 10.92 169.24 11 20 2
151 6.62 77.24 16.51 262.28 1 27 2
152 86.42 58.93 43.27 66.08 6 15 1
153 49.76 52.82 32.84 191.74 2 28 1
154 36.71 98.34 41.51 75.20 16 24 2
155 32.68 87.26 49.65 450.28 9 19 2
156 29.00 20.28 4.02 143.82 14 44 1
157 11.86 41.85 13.75 439.29 18 37 1
158 83.54 29.82 1.97 74.59 10 21 2
159 39.17 84.13 29.81 136.48 0 19 2
160 4.02 44.56 24.66 223.17 1 45 1
161 46.84 18.12 11.20 90.94 0 15 1
162 40.55 70.31 6.94 467.99 3 24 2
163 31.02 25.91 14.05 152.78 10 23 1
164 97.85 95.50 22.42 395.96 11 31 2
165 37.52 24.86 49.35 94.12 11 24 2
166 59.82 41.53 18.13 495.83 19 34 2
167 61.49 33.96 45.92 295.76 24 29 1
168 37.01 62.25 40.07 369.92 12 20 1
169 27.34 96.68 18.58 488.83 18 41 2
170 2.81 8.05 34.29 111.82 22 44 1
171 73.47 78.76 48.86 266.26 10 16 2
172 85.41 79.09 34.16 461.88 21 36 2
173 48.94 9.99 13.21 494.81 14 37 2
174 71.11 60.20 6.89 432.83 24 24 2
175 47.01 32.89 44.02 82.83 21 21 1
176 91.91 89.59 3.13 487.01 22 47 2
177 60.93 11.43 34.87 91.06 16 29 1
178 27.20 85.33 4.31 465.19 23 41 1
179 80.15 44.02 4.75 200.94 5 27 1
180 15.79 53.90 44.34 349.44 16 41 2
181 70.87 31.83 23.47 285.62 17 33 2
182 1.13 70.29 49.40 276.67 1 24 1
183 37.13 85.79 30.96 84.06 6 45 2
184 22.34 33.93 22.38 105.69 12 41 1
185 19.40 18.84 18.64 73.13 6 23 2
186 71.66 46.93 46.98 99.27 14 48 2
187 19.89 59.20 1.32 437.53 24 27 2
188 37.60 78.47 28.40 399.78 18 48 2
189 19.07 72.54 15.45 278.57 12 21 1
190 10.76 79.38 35.39 178.06 9 10 2
191 13.62 27.36 20.98 474.28 3 29 2
192 38.99 79.37 48.59 50.04 15 25 1
193 98.60 19.28 20.43 210.31 13 36 1
194 79.15 15.55 34.65 437.89 23 47 1
195 66.04 41.71 23.48 340.97 22 22 2
196 39.80 97.01 34.09 496.29 19 25 2
197 65.91 2.54 49.81 363.37 0 3 1
198 81.02 99.06 32.23 107.51 6 6 2
199 78.30 61.43 44.94 473.44 2 11 2
200 78.62 38.85 26.10 478.69 1 27 1
201 89.07 37.88 18.05 298.34 1 48 1
202 62.36 52.66 43.45 134.14 8 16 1
203 97.02 56.07 33.91 120.55 11 11 2
204 54.32 52.06 22.62 283.39 22 42 2
205 21.82 75.34 41.69 192.74 15 30 2
206 62.84 18.78 3.14 126.03 24 35 2
207 47.60 27.33 45.73 454.88 10 10 2
208 8.04 3.41 30.22 242.39 0 8 2
209 31.28 60.68 7.80 416.66 13 26 2
210 44.65 94.94 20.37 352.28 2 41 2
211 33.82 74.84 19.54 134.73 5 36 2
212 28.25 16.86 2.48 77.62 7 42 1
213 61.71 18.13 20.52 132.86 5 36 2
214 37.28 32.35 31.01 399.62 12 14 2
215 45.81 7.18 19.82 379.36 4 12 2
216 69.64 9.34 7.29 380.26 3 5 2
217 12.59 58.49 1.40 282.26 5 47 1
218 75.23 36.04 25.66 454.12 21 22 1
219 74.17 81.05 11.56 483.37 14 25 1
220 95.64 35.57 10.27 333.61 7 24 2
221 7.42 82.63 32.22 290.73 18 42 2
222 80.02 56.58 14.39 239.51 20 22 2
223 96.01 96.48 42.50 173.29 3 47 1
224 17.97 75.58 9.78 449.20 12 33 1
225 89.51 2.12 1.92 107.63 21 37 1
226 54.53 58.17 41.85 480.70 8 28 1
227 84.12 17.62 26.24 104.60 22 29 1
228 96.48 4.69 37.70 313.69 10 31 2
229 71.26 68.48 1.97 281.68 12 24 2
230 16.91 85.08 23.40 185.90 21 31 2
231 70.89 68.59 21.52 260.42 14 24 1
232 30.71 11.44 22.17 250.53 11 20 2
233 87.31 82.59 21.63 201.14 19 23 2
234 36.73 45.47 46.47 347.60 7 44 2
235 5.84 27.33 9.60 325.49 10 13 1
236 36.77 45.83 10.81 398.19 0 37 1
237 95.34 85.36 37.22 173.49 7 26 2
238 90.94 50.67 24.92 462.40 6 47 2
239 63.34 45.69 8.33 205.96 18 39 2
240 84.62 7.56 48.16 168.52 0 12 1
241 57.66 71.31 17.07 77.28 7 37 1
242 70.78 30.59 25.59 335.07 15 41 2
243 64.17 76.87 1.02 105.15 2 12 2
244 33.01 9.87 39.30 457.77 14 17 1
245 0.42 43.37 46.21 161.94 3 39 1
246 41.48 67.48 32.39 172.91 11 41 2
247 38.39 34.44 1.53 322.45 12 20 2
248 67.53 75.52 27.91 79.03 20 34 2
249 13.90 96.57 8.19 394.79 6 24 1
250 12.79 22.17 30.17 324.56 18 20 2
251 36.32 74.95 46.14 101.46 13 29 2
252 6.05 76.85 7.84 229.49 9 44 1
253 39.26 80.51 25.43 318.00 12 25 1
254 33.97 85.36 35.11 337.47 16 22 1
255 74.89 88.54 47.57 297.40 22 40 1
256 35.33 20.02 7.06 96.75 13 19 1
257 28.31 25.08 14.99 329.98 14 43 2
258 96.11 0.09 42.66 252.36 16 29 2
259 12.46 46.32 17.39 351.48 0 9 1
260 79.98 89.03 25.57 367.40 11 24 2
261 30.87 51.62 43.52 354.87 9 35 2
262 12.27 77.83 29.99 54.30 3 20 1
263 86.91 92.25 15.71 289.87 0 29 1
264 49.60 31.73 41.47 249.90 6 8 2
265 10.97 74.63 24.85 179.06 21 42 2
266 23.51 14.10 42.93 283.77 5 7 2
267 48.71 5.74 26.26 122.26 17 20 2
268 5.49 98.00 15.44 408.13 17 46 2
269 52.03 90.32 33.19 495.62 22 47 2
270 1.60 34.64 14.01 207.40 19 44 1
271 62.01 83.41 34.18 199.42 15 33 2
272 89.35 28.17 12.72 323.54 12 21 2
273 15.91 27.78 18.59 248.56 22 45 1
274 19.84 33.71 29.16 498.10 2 23 2
275 67.18 74.76 38.41 488.76 15 30 1
276 17.89 60.62 35.65 454.12 22 25 2
277 85.05 59.70 0.14 140.56 23 41 1
278 9.22 51.22 42.02 483.00 22 39 1
279 30.15 70.64 42.95 312.37 14 27 2
280 40.18 28.97 8.67 335.36 21 23 1
281 37.46 86.14 18.30 60.19 1 35 2
282 81.10 94.91 30.57 407.46 23 38 1
283 39.80 2.37 35.06 330.22 14 35 1
284 77.52 51.52 31.22 85.13 3 41 2
285 4.50 3.47 46.81 58.71 3 48 1
286 2.20 59.70 43.97 97.79 6 36 1
287 80.42 53.99 23.01 236.85 7 39 2
288 98.92 18.84 7.94 176.01 20 29 2
289 67.69 32.58 15.17 94.66 23 25 1
290 62.73 5.03 23.03 402.31 23 42 1
291 23.97 0.72 48.94 113.54 3 27 1
292 6.29 55.00 38.19 364.22 13 16 2
293 53.06 7.37 19.41 153.02 21 40 1
294 18.58 52.70 3.89 447.60 20 37 2
295 12.58 91.68 28.04 239.57 7 11 1
296 25.64 10.89 43.16 475.71 6 9 2
297 9.49 46.53 11.35 396.12 17 39 1
298 76.57 52.93 9.19 221.55 8 35 1
299 41.55 31.76 17.61 171.89 7 16 1
300 90.28 63.48 19.56 417.08 19 38 1
301 5.43 56.33 11.50 113.31 2 22 1
302 43.80 33.28 34.39 159.14 15 45 1
303 54.93 98.65 0.01 213.73 18 28 1
304 71.31 51.12 27.57 198.48 21 40 1
305 34.62 67.33 30.37 397.83 19 23 1
306 63.33 50.36 10.40 470.09 3 27 2
307 79.15 98.70 47.21 401.08 5 13 1
308 70.77 93.19 12.37 424.67 3 27 2
309 87.13 90.82 8.41 381.88 20 40 2
310 78.72 8.07 44.58 262.13 9 16 2
311 98.29 20.85 29.51 244.23 2 20 1
312 9.80 52.29 27.89 244.20 20 20 1
313 44.98 61.09 32.91 83.24 9 31 1
314 34.81 27.91 42.70 139.73 4 48 2
315 83.63 23.74 13.77 249.47 10 15 2
316 27.12 62.22 7.74 423.44 15 47 1
317 78.20 51.85 6.69 456.87 9 12 2
318 48.58 23.80 31.51 359.10 23 39 2
319 39.50 59.59 17.13 374.85 0 39 1
320 71.75 73.66 6.05 378.77 6 10 1
321 36.85 98.19 47.95 240.85 24 44 2
322 16.95 48.85 29.24 321.28 12 48 2
323 13.33 84.55 48.94 497.41 10 13 2
324 32.91 86.13 46.41 468.13 17 43 2
325 38.65 46.47 22.14 246.95 6 34 2
326 48.07 54.51 25.64 71.08 19 43 1
327 11.43 74.82 12.78 347.96 3 20 1
328 7.26 47.01 22.52 302.79 13 16 2
329 87.17 95.01 17.39 497.34 20 41 2
330 77.74 41.66 43.72 257.87 23 41 1
331 54.13 32.19 26.06 488.40 5 31 2
332 29.79 96.28 43.35 492.83 1 9 2
333 31.16 32.10 45.55 323.89 19 33 1
334 99.85 94.42 27.40 462.52 12 44 1
335 70.76 38.46 29.73 244.76 20 37 2
336 0.82 87.67 18.83 124.47 20 22 2
337 47.53 47.13 43.14 412.99 16 16 1
338 86.09 47.92 48.67 177.31 7 10 2
339 7.40 74.25 33.45 450.49 16 46 1
340 27.81 72.02 13.13 331.51 21 34 2
341 63.72 66.19 23.56 497.15 11 39 1
342 32.20 47.75 37.88 115.02 16 19 2
343 54.64 90.22 25.01 81.56 0 12 2
344 49.45 53.70 42.60 244.47 13 25 2
345 13.19 2.48 23.98 163.21 8 43 1
346 44.42 54.37 36.99 192.29 1 5 1
347 88.03 73.98 25.88 395.86 13 24 1
348 25.06 9.45 2.30 494.56 21 34 2
349 0.07 21.68 30.58 169.73 20 25 2
350 3.24 88.08 38.74 475.25 15 32 1
351 45.97 97.89 38.64 329.59 13 29 1
352 79.44 3.67 30.08 420.08 3 33 2
353 74.54 88.34 9.25 138.58 5 43 1
354 53.89 38.77 5.25 319.92 9 32 1
355 36.79 94.34 7.48 193.99 19 35 2
356 61.70 57.35 13.69 91.18 20 35 2
357 70.54 90.83 38.60 149.56 10 28 1
358 48.73 41.68 21.94 250.54 10 22 2
359 81.34 4.92 15.15 120.57 22 33 1
360 69.11 61.32 8.69 130.10 24 38 2
361 40.77 56.53 42.43 203.17 14 32 1
362 33.59 37.07 6.12 131.69 14 15 2
363 55.15 95.54 17.30 321.49 14 21 2
364 15.22 80.59 26.39 485.36 18 20 1
365 94.96 49.81 41.96 257.84 10 32 2
366 30.68 17.16 5.01 337.79 10 24 1
367 79.66 64.72 10.24 488.74 23 46 2
368 26.25 87.01 13.36 68.70 15 40 1
369 3.29 37.27 43.38 215.43 6 8 2
370 84.47 81.13 18.22 358.00 19 26 1
371 33.16 44.53 2.35 174.16 15 42 1
372 40.66 9.86 36.69 455.65 19 36 1
373 19.91 82.04 3.92 198.12 10 19 2
374 3.99 86.37 32.51 263.61 10 43 1
375 68.02 5.52 40.67 415.78 22 38 1
376 81.67 19.47 36.62 436.16 8 30 1
377 33.07 40.70 34.65 159.71 18 42 2
378 92.54 99.97 11.40 163.62 20 29 2
379 23.60 60.27 22.65 133.16 17 32 2
380 43.41 26.71 21.30 324.78 4 48 2
381 72.73 18.08 17.72 182.99 5 38 2
382 7.52 79.52 11.99 333.09 12 22 1
383 83.78 83.41 20.78 70.49 22 41 1
384 28.18 89.08 49.93 419.05 2 24 2
385 16.54 32.55 15.87 350.99 24 42 2
386 25.75 52.32 35.48 404.18 0 9 2
387 15.37 22.67 26.40 279.36 3 33 2
388 75.97 84.49 19.09 335.67 10 33 2
389 4.33 1.34 41.85 365.41 13 13 2
390 22.90 24.23 38.97 344.10 16 24 1
391 42.93 23.69 9.92 218.84 20 28 1
392 50.99 23.37 39.64 351.61 0 9 1
393 78.78 84.62 1.51 72.66 2 19 2
394 10.76 50.51 36.61 484.78 3 27 2
395 79.37 24.41 5.30 195.71 5 25 1
396 62.74 98.73 38.36 444.46 18 40 1
397 15.83 99.58 32.82 267.84 9 42 1
398 44.03 80.56 14.98 195.13 9 29 2
399 28.08 11.50 24.17 387.50 20 26 1
400 51.08 28.09 18.31 392.01 7 35 1
401 32.87 39.69 47.65 77.96 22 38 2
402 89.97 19.58 1.77 107.53 19 21 2
403 45.84 25.83 45.91 250.52 16 43 1
404 21.32 8.57 29.81 132.86 13 19 1
405 35.39 18.18 43.30 280.73 18 46 2
406 97.61 74.36 11.88 156.18 14 25 2
407 29.60 86.30 1.48 154.69 6 6 2
408 91.63 39.19 19.46 186.85 18 21 1
409 24.87 64.63 40.95 137.77 21 44 1
410 4.73 66.42 24.40 71.91 1 4 1
411 58.15 33.22 20.02 88.67 17 46 1
412 13.00 15.01 41.23 266.33 12 12 1
413 30.43 97.41 46.84 359.12 8 33 2
414 28.16 30.63 25.83 277.83 3 21 1
415 39.14 95.32 13.93 190.37 17 25 1
416 52.15 69.61 39.39 242.31 24 41 2
417 20.13 88.59 4.34 292.00 0 22 1
418 86.25 79.88 24.54 393.50 16 19 2
419 87.85 6.29 8.37 119.45 2 40 1
420 80.80 55.32 42.82 341.60 24 44 1
421 7.84 78.05 35.71 489.01 16 27 1
422 24.47 82.15 10.98 348.84 3 25 2
423 12.50 0.16 7.24 130.93 6 7 2
424 58.43 14.38 8.35 177.23 20 36 1
425 73.99 86.17 7.62 221.63 4 24 1
426 42.26 40.44 23.76 223.18 1 43 1
427 87.27 16.62 6.72 448.11 19 33 2
428 74.55 76.29 31.74 61.61 12 46 1
429 95.14 48.71 36.83 135.11 23 44 2
430 90.87 27.65 19.84 73.96 12 14 2
431 56.14 29.69 32.28 178.84 3 15 1
432 72.98 70.80 31.20 422.67 2 40 2
433 13.96 34.89 37.74 199.97 17 45 2
434 98.87 20.47 16.45 249.30 21 43 2
435 52.88 54.41 37.32 140.14 4 41 2
436 83.47 56.13 25.14 421.68 13 48 2
437 27.80 8.33 8.20 359.57 20 22 2
438 2.71 95.40 38.86 408.67 4 23 1
439 36.21 40.77 21.31 113.83 22 39 2
440 89.57 36.41 7.94 473.84 16 22 1
441 73.60 24.49 34.87 189.00 15 20 2
442 0.54 2.43 23.19 438.54 23 27 2
443 49.84 76.28 30.11 268.40 8 26 2
444 92.13 43.99 3.28 82.33 3 14 2
445 60.74 36.75 34.75 469.79 21 33 2
446 39.62 84.56 23.09 403.42 9 38 1
447 81.77 72.88 43.91 180.16 17 31 1
448 44.78 24.26 46.19 315.24 0 18 2
449 62.49 10.87 1.04 139.69 11 22 1
450 86.09 36.30 47.12 486.79 21 48 1
451 75.35 43.27 14.97 426.37 15 40 2
452 18.46 79.31 9.09 326.54 19 46 2
453 70.97 66.54 7.67 220.73 8 23 2
454 36.65 94.78 46.31 131.74 24 38 1
455 44.78 75.71 16.04 85.49 11 42 1
456 73.88 49.03 25.78 481.43 9 31 2
457 31.65 91.17 2.36 58.18 17 30 1
458 78.43 78.84 3.30 136.44 21 35 2
459 48.98 81.30 5.48 277.28 3 23 1
460 56.36 72.85 38.98 458.38 2 10 1
461 34.74 54.83 18.01 230.55 7 20 1
462 52.18 60.03 13.74 308.02 4 41 1
463 77.59 47.69 13.72 96.91 12 26 1
464 27.41 3.25 49.28 145.57 0 37 1
465 13.62 31.27 13.68 77.39 3 27 2
466 60.62 7.50 5.35 256.92 22 44 1
467 50.12 5.65 31.73 79.98 5 47 1
468 67.75 24.12 26.73 299.74 19 35 1
469 85.26 85.15 24.12 349.49 12 18 1
470 74.82 0.30 19.88 450.00 10 46 1
471 31.99 80.95 4.42 384.60 6 47 1
472 51.83 20.47 11.38 389.18 17 28 2
473 29.79 67.36 22.65 99.51 24 37 2
474 5.45 89.24 16.80 364.21 21 27 1
475 17.15 86.61 28.30 310.91 12 15 2
476 67.66 20.28 31.98 85.99 12 38 1
477 26.62 81.97 40.43 248.26 18 29 2
478 39.07 72.98 7.84 247.55 12 12 2
479 55.80 59.74 35.91 82.41 21 36 1
480 50.52 24.30 23.16 249.82 16 39 1
481 61.14 65.64 47.60 115.08 18 39 2
482 99.52 38.99 2.25 149.05 10 22 2
483 81.47 55.52 18.54 480.89 23 30 1
484 59.39 57.78 43.95 133.08 3 19 1
485 61.03 82.82 18.33 251.98 19 42 2
486 75.89 29.05 20.59 86.11 4 30 2
487 97.05 45.43 35.63 444.61 24 26 1
488 88.44 45.75 25.26 359.13 15 34 1
489 79.40 6.52 39.99 188.69 11 11 2
490 88.14 53.29 22.75 281.43 15 19 1
491 25.64 68.23 38.81 350.17 0 11 1
492 62.35 80.51 22.25 377.88 11 21 2
493 26.91 60.35 28.82 346.53 17 24 2
494 56.42 27.44 36.90 71.96 20 20 1
495 82.60 61.13 2.38 282.29 19 19 2
496 89.08 9.86 33.05 88.79 20 26 1
497 77.97 79.52 6.25 273.80 23 39 1
498 66.69 45.62 23.26 149.06 7 43 1
499 37.72 27.73 19.59 399.01 24 37 2
500 17.29 9.52 1.37 185.32 12 33 2
1 128.70 3911.43 1
2 194.30 4568.34 2
3 196.99 3050.83 1
4 120.98 3897.47 2
5 197.47 4537.72 2
6 135.15 4876.55 2
7 197.58 4197.45 1
1 1.11 43.27 6
2 1.51 47.91 7
3 1.88 25.08 5
4 1.92 38.45 2
5 1.50 43.71 5
6 1.97 34.19 6
7 1.66 42.07 4
8 1.98 37.02 1
9 1.09 33.24 4
10 1.01 28.67 4
11 1.21 43.86 2
12 1.44 41.85 1
13 1.84 38.06 6
14 1.17 26.66 6
15 1.75 45.64 5
16 1.30 42.78 7
17 1.35 30.91 7
