Data for Vehicle routing problem with drones - Author: Huyen Do Thi Ngoc
Number of depots: 5
Number of cities: 400
Number of trucks: 9
Number of drones: 18
Area: 100 100 50
Customer maximum demand: 500
Max capacity of truck: 200
Max energy of truck: 5000
Max capacity of drone: 2
Max energy of drone: 50
1 72.84 33.37 44.14
2 27.88 34.13 8.89
3 43.48 18.12 28.36
4 47.67 8.87 35.78
5 68.28 72.95 29.78
1 19.91 81.43 1.48 54.51 7 22 4
2 3.47 73.84 20.46 360.97 8 41 5
3 59.19 38.30 11.57 350.90 17 19 1
4 24.32 53.51 23.90 96.08 15 18 1
5 53.91 78.83 14.85 121.22 21 38 4
6 62.08 23.14 10.64 294.41 10 18 4
7 75.59 75.73 17.80 103.36 22 46 5
8 61.77 92.65 9.55 493.23 8 9 2
9 14.72 66.23 47.48 368.96 16 37 3
10 96.45 35.52 35.07 469.57 15 23 3
11 95.38 74.04 17.49 473.44 1 8 5
12 20.28 58.09 17.53 203.94 7 24 1
13 59.78 88.43 14.87 466.13 21 28 5
14 73.34 27.18 21.91 250.97 9 33 1
15 68.92 38.85 3.53 256.08 21 39 1
16 56.80 44.94 1.93 80.89 19 42 3
17 4.69 35.53 20.22 71.29 18 30 4
18 1.77 22.42 15.61 88.83 5 5 4
19 48.12 50.21 35.67 199.87 8 41 5
20 47.97 69.48 28.68 408.73 18 31 5
21 41.59 22.63 2.68 490.90 13 35 2
22 66.49 53.24 20.37 258.45 11 27 4
23 27.46 3.89 49.33 492.67 13 40 5
24 45.99 54.88 4.30 433.59 20 22 4
25 28.85 6.63 42.98 370.53 0 17 3
26 10.74 63.52 43.52 203.67 8 10 5
27 91.25 43.56 14.42 262.02 6 39 1
28 37.26 35.37 13.29 278.72 16 39 4
29 6.11 36.24 21.42 208.24 1 43 2
30 99.27 4.62 14.47 482.70 19 21 3
31 76.23 21.52 48.30 377.23 2 14 5
32 0.24 54.37 21.06 269.93 3 26 5
33 43.08 54.69 22.62 131.52 13 25 5
34 2.84 10.51 13.24 218.18 13 37 2
35 54.78 6.16 41.75 216.03 0 34 5
36 56.95 44.05 21.80 101.84 21 22 5
37 72.47 51.81 18.66 394.76 4 38 1
38 37.31 57.08 38.04 118.60 24 27 2
39 26.34 57.97 19.78 421.87 24 42 2
40 23.00 79.27 10.76 341.72 10 44 3
41 20.65 30.89 33.17 154.44 19 33 4
42 76.43 34.92 21.00 483.98 20 36 2
43 93.39 58.12 43.46 287.18 16 35 2
44 94.40 33.40 45.51 326.97 21 35 3
45 37.75 29.64 4.18 373.28 4 42 5
46 11.41 95.65 24.29 78.49 11 11 4
47 13.13 49.26 22.66 165.46 14 14 2
48 68.34 49.31 22.46 318.38 1 41 3
49 76.69 21.40 30.67 135.31 5 26 2
50 71.79 60.15 22.06 399.24 18 18 1
51 61.14 51.30 13.23 468.03 17 35 3
52 5.59 36.77 20.67 307.61 2 36 1
53 80.75 27.35 3.98 271.43 4 5 5
54 49.95 16.46 24.51 151.08 20 46 3
55 62.39 40.61 8.93 275.63 11 47 3
56 92.43 65.89 47.16 153.62 14 28 5
57 86.11 70.13 8.61 427.50 0 14 4
58 32.77 22.10 15.69 338.80 19 38 4
59 98.45 35.65 38.16 88.38 3 35 5
60 22.63 33.73 2.13 175.07 2 37 1
61 54.70 5.41 8.56 385.14 18 43 3
62 0.73 87.09 9.91 291.66 20 25 4
63 60.31 75.50 0.98 395.51 21 24 2
64 7.67 24.00 29.16 328.76 17 20 3
65 88.34 64.11 20.67 469.05 22 46 2
66 56.80 72.37 41.65 190.52 7 14 3
67 63.95 10.03 25.27 465.34 5 37 2
68 81.00 97.40 36.74 115.95 15 20 4
69 82.68 68.40 6.53 492.02 12 41 3
70 69.47 29.10 43.32 355.05 21 31 4
71 69.41 67.45 41.47 328.35 7 38 3
72 5.50 65.99 39.48 490.44 19 34 4
73 12.51 75.83 5.82 238.97 14 46 3
74 44.75 73.54 7.45 199.78 1 20 5
75 59.04 61.47 18.54 243.81 19 24 3
76 3.87 76.32 17.35 299.76 9 19 1
77 74.77 48.08 15.69 438.81 23 40 1
78 43.40 43.98 28.71 231.36 11 45 5
79 37.57 89.98 35.07 232.43 0 21 3
80 66.14 25.81 38.21 302.26 17 21 1
81 58.17 3.84 14.85 104.82 12 39 5
82 81.05 45.20 6.99 187.58 9 27 3
83 45.94 79.20 13.94 461.00 2 30 2
84 6.24 5.83 18.38 229.23 12 23 5
85 44.42 86.67 19.29 406.30 22 33 4
86 80.99 0.64 19.49 108.16 9 9 4
87 5.09 72.36 1.63 118.89 12 12 5
88 28.72 32.78 34.96 429.46 0 26 1
89 24.07 20.48 12.91 54.84 5 18 1
90 33.63 6.66 29.87 143.76 6 25 2
91 13.75 2.47 32.08 229.62 24 46 3
92 62.88 93.95 35.07 164.56 7 43 2
93 62.98 81.56 49.65 173.95 16 22 1
94 51.96 2.29 5.67 245.29 10 25 4
95 3.67 52.03 23.59 170.23 2 4 3
96 74.67 2.33 37.55 269.55 5 9 3
97 38.40 90.28 23.72 105.44 1 45 2
98 72.20 69.32 49.44 347.74 20 34 2
99 60.95 2.18 22.63 366.29 1 45 1
100 65.10 91.44 29.56 297.75 0 15 3
101 24.34 50.04 41.52 339.19 0 47 5
102 41.65 39.75 6.94 462.96 6 27 2
103 60.65 19.18 9.48 182.06 22 39 5
104 74.09 88.35 20.07 439.84 10 10 5
105 59.73 69.55 16.89 291.14 9 45 3
106 26.90 56.18 30.04 365.37 6 6 2
107 77.17 57.47 45.15 317.62 12 30 1
108 22.44 25.57 4.15 474.11 13 41 1
109 42.09 92.16 46.09 313.63 17 43 2
110 91.15 69.71 0.02 223.01 1 48 2
111 49.83 48.41 7.04 58.43 17 19 5
112 30.97 73.93 8.82 307.92 11 43 3
113 50.77 87.91 5.43 238.10 23 32 3
114 84.96 66.66 23.69 488.85 19 19 4
115 25.64 29.15 34.49 388.63 20 47 3
116 76.02 68.58 45.32 118.80 7 40 2
117 10.05 29.53 22.53 209.25 16 48 4
118 89.75 8.73 14.01 171.14 5 45 1
119 86.24 3.15 34.41 278.91 7 9 1
120 79.12 22.60 33.96 320.79 21 21 5
121 34.25 56.06 2.32 297.96 19 40 5
122 67.02 96.28 38.25 439.39 8 8 1
123 16.62 4.35 8.01 466.30 20 33 3
124 75.13 31.81 12.22 346.33 10 47 1
125 24.88 77.75 40.64 244.12 1 44 4
126 9.60 10.81 45.72 278.41 8 46 4
127 3.32 61.74 14.00 267.97 21 44 2
128 88.53 31.56 38.17 136.12 12 22 2
129 61.55 97.81 43.38 249.85 19 39 1
130 15.00 14.18 29.57 151.08 1 30 3
131 9.86 53.77 0.87 453.41 10 18 1
132 53.92 66.23 23.09 145.22 16 26 2
133 94.30 70.52 8.03 137.11 22 34 1
134 46.68 4.73 4.73 236.91 5 36 5
135 34.44 80.03 3.07 457.88 3 42 1
136 5.72 62.32 1.61 295.61 20 37 5
137 2.82 39.21 9.36 387.95 2 21 2
138 95.60 41.93 36.37 356.18 21 24 4
139 84.30 31.59 31.68 225.87 8 30 2
140 13.81 61.99 24.25 450.34 6 45 1
141 46.09 74.32 25.58 268.24 3 45 2
142 89.76 38.95 34.13 408.01 11 34 4
143 3.42 95.64 42.18 470.28 6 17 3
144 89.74 62.38 42.36 365.93 17 24 1
145 68.00 36.99 18.99 189.29 9 16 1
146 37.37 68.83 33.01 425.11 24 41 5
147 15.71 4.04 10.58 366.88 18 47 2
148 50.11 34.59 23.86 292.16 7 19 5
149 72.24 0.59 22.20 442.37 6 28 3
150 35.55 33.00 43.69 317.14 13 48 3
151 91.53 78.44 47.70 356.51 1 20 5
152 74.61 69.75 25.10 68.76 17 34 3
153 55.67 90.77 6.44 423.33 24 47 3
154 2.13 70.54 20.18 276.14 1 12 5
155 4.66 64.67 47.97 70.13 19 21 1
156 17.90 26.63 5.52 451.97 12 32 1
157 87.41 56.30 43.19 334.63 21 25 3
158 20.88 86.50 30.84 478.99 5 9 2
159 76.11 15.00 7.80 128.35 15 32 4
160 10.12 49.31 20.04 190.09 9 36 3
161 8.54 81.01 10.34 455.28 15 23 3
162 61.10 11.12 36.66 214.20 9 40 5
163 59.25 77.84 20.29 394.18 1 25 4
164 68.98 86.37 47.67 334.51 5 8 3
165 52.65 71.05 11.79 151.30 5 36 4
166 11.77 55.65 41.93 277.53 0 48 3
167 59.89 92.11 3.35 248.85 21 36 5
168 26.71 71.15 40.34 388.80 18 38 3
169 25.51 28.24 32.42 391.65 3 34 5
170 81.73 61.75 3.12 124.07 15 41 3
171 97.74 44.00 11.93 347.07 12 17 2
172 40.73 96.82 46.63 354.23 1 8 5
173 18.15 49.49 47.79 391.63 22 40 1
174 83.53 24.38 5.62 159.63 22 45 1
175 19.96 42.31 44.03 273.82 6 34 2
176 65.42 90.83 3.36 190.21 12 20 4
177 22.25 3.81 44.02 237.70 15 41 3
178 15.46 82.76 17.76 414.19 18 35 2
179 0.38 20.13 44.47 451.71 15 15 3
180 58.89 84.59 14.02 317.66 18 47 2
181 29.25 29.36 3.07 413.76 10 13 1
182 94.92 85.61 20.59 111.20 21 35 4
183 43.62 57.34 29.01 374.26 12 46 5
184 5.25 75.78 30.41 220.64 15 26 4
185 27.65 9.95 11.36 362.61 18 36 3
186 64.39 27.03 27.48 62.54 16 25 3
187 17.88 86.21 1.45 485.75 24 31 5
188 19.70 61.31 11.24 274.33 10 31 5
189 96.40 17.38 8.65 423.37 20 43 5
190 41.23 37.50 45.57 327.49 6 20 2
191 53.63 89.79 19.61 168.63 23 34 1
192 61.55 96.79 14.78 176.02 14 20 4
193 62.44 35.17 25.10 211.42 11 45 2
194 62.56 97.45 35.54 485.77 12 21 4
195 6.92 14.97 23.57 128.11 2 40 5
196 71.14 60.34 18.66 81.12 6 47 5
197 23.48 54.63 48.29 86.63 8 10 1
198 97.71 63.86 32.40 410.89 15 33 1
199 35.97 51.91 35.46 84.75 17 41 2
200 5.63 4.85 17.80 178.47 6 12 4
201 49.60 79.57 22.42 496.39 22 32 3
202 65.19 13.28 40.85 394.41 24 45 4
203 91.03 58.65 17.53 429.50 0 2 4
204 55.30 67.42 13.57 72.15 4 44 1
205 12.08 78.44 40.68 409.01 22 31 5
206 36.45 62.31 28.22 103.71 10 31 3
207 18.36 63.03 35.27 476.83 3 10 2
208 21.38 70.96 12.03 429.21 24 30 3
209 58.60 67.69 7.55 173.28 2 48 1
210 79.71 95.28 43.06 495.97 23 41 1
211 64.10 81.24 12.33 396.00 10 47 5
212 29.26 30.89 10.25 97.46 12 35 1
213 54.31 10.22 22.90 365.50 11 27 5
214 83.70 47.93 19.08 337.24 8 15 5
215 61.11 70.67 15.44 148.76 22 35 5
216 17.72 39.79 37.15 347.73 6 14 3
217 1.60 39.41 15.42 120.35 15 20 1
218 27.88 64.37 35.38 476.51 3 15 1
219 99.58 73.47 21.43 327.81 14 28 3
220 34.17 72.81 23.38 202.09 8 32 3
221 68.09 17.93 40.10 216.57 3 34 1
222 30.75 91.29 30.17 487.32 14 47 5
223 50.21 31.94 43.16 447.59 10 10 2
224 29.80 55.43 43.44 183.66 4 24 1
225 69.22 79.47 28.61 349.00 14 18 3
226 4.71 82.62 45.45 199.99 10 29 2
227 70.64 66.89 10.86 188.48 2 9 3
228 8.71 10.28 6.60 385.29 2 7 1
229 54.25 95.07 26.27 84.55 13 17 2
230 99.23 31.06 24.96 218.75 16 39 2
231 68.77 51.76 23.47 324.88 2 33 4
232 4.78 60.54 48.35 421.51 13 28 4
233 20.42 95.70 3.39 64.27 23 37 2
234 33.88 30.81 28.99 290.20 22 41 4
235 41.36 73.51 19.91 481.85 5 26 2
236 76.12 98.71 33.06 496.56 9 11 2
237 72.31 90.69 3.82 204.20 14 37 4
238 48.74 84.65 10.88 292.82 17 46 5
239 93.46 21.92 5.34 367.38 3 40 4
240 94.53 7.32 21.72 178.57 3 34 2
241 13.22 52.88 28.87 331.61 22 35 1
242 48.59 49.52 24.43 166.34 24 44 4
243 32.04 44.29 36.80 226.83 18 27 5
244 48.90 34.46 42.42 129.05 19 26 4
245 0.47 41.80 21.68 272.98 18 25 5
246 81.30 72.49 43.22 393.74 9 12 1
247 65.48 55.27 26.20 181.88 21 47 3
248 9.77 67.61 6.92 196.29 24 42 3
249 12.13 4.26 10.21 151.19 13 20 3
250 71.85 43.28 4.14 444.27 16 31 5
251 15.40 96.95 12.24 463.11 9 40 4
252 91.43 21.27 37.74 368.30 10 28 1
253 34.30 29.03 7.57 54.21 5 16 2
254 26.02 9.29 4.58 124.77 7 38 2
255 65.72 87.08 44.77 112.25 5 11 5
256 7.25 89.31 16.05 479.51 6 39 4
257 24.42 91.29 42.71 480.61 11 22 1
258 42.17 17.28 20.67 244.15 12 27 4
259 33.37 41.31 43.99 335.25 3 14 2
260 43.27 22.54 11.27 276.29 4 16 3
261 38.40 27.41 24.79 63.74 3 27 3
262 68.47 73.96 15.49 301.84 5 48 4
263 25.37 14.40 22.84 405.59 18 29 3
264 44.86 38.38 32.00 455.77 20 20 3
265 16.97 54.72 41.09 213.17 11 23 1
266 6.71 21.23 48.37 404.45 24 31 2
267 74.73 71.33 5.21 475.53 4 28 4
268 51.93 55.26 46.47 391.28 6 7 5
269 1.05 75.60 15.55 227.07 6 14 2
270 9.41 59.51 7.75 306.91 15 28 3
271 92.68 59.36 12.66 287.65 2 30 1
272 39.41 14.10 18.92 338.54 19 41 3
273 68.47 75.55 44.23 387.82 17 33 5
274 15.17 87.69 17.25 468.95 2 27 4
275 8.60 85.13 7.36 411.48 6 20 5
276 6.10 65.22 40.28 204.92 8 46 3
277 90.55 35.80 8.41 106.53 13 17 2
278 21.31 75.70 11.00 438.89 12 14 1
279 58.54 25.55 35.28 173.97 13 16 5
280 46.25 3.85 3.99 256.47 22 23 4
281 11.91 38.74 34.91 145.69 7 17 4
282 49.35 13.29 49.32 214.88 9 22 1
283 18.75 9.27 32.64 199.25 15 23 1
284 93.10 81.86 29.04 416.42 6 10 5
285 10.14 57.81 30.55 215.92 4 31 1
286 90.62 27.41 43.05 123.57 18 34 3
287 36.84 16.14 34.65 94.11 5 32 3
288 58.10 17.73 28.17 116.73 1 15 1
289 13.76 4.33 23.76 58.31 9 39 4
290 90.04 80.83 41.53 67.54 5 42 5
291 49.95 88.94 25.44 155.62 13 16 4
292 72.18 7.26 10.49 355.49 0 5 2
293 24.26 34.22 18.16 50.32 8 35 5
294 63.25 26.73 41.53 161.06 17 43 4
295 95.82 31.82 43.25 108.72 8 36 4
296 26.04 37.77 4.02 471.28 6 38 3
297 58.60 27.99 9.36 62.35 22 25 1
298 15.72 99.68 44.89 381.28 11 19 5
299 45.49 39.98 13.69 176.96 7 31 3
300 44.26 47.30 20.75 470.91 16 18 2
301 96.32 72.60 25.65 247.47 11 17 4
302 25.98 81.09 2.32 196.36 24 24 1
303 61.55 38.56 5.78 163.97 9 43 5
304 37.80 30.63 29.19 446.58 19 41 4
305 72.89 39.75 11.86 288.47 0 20 3
306 8.01 4.93 26.03 268.65 10 32 4
307 62.49 33.70 8.39 296.86 11 21 4
308 27.19 54.60 28.00 269.73 5 31 5
309 96.80 95.45 20.29 119.78 19 47 2
310 52.27 82.05 29.08 101.21 15 47 4
311 3.30 6.01 28.59 420.14 5 23 3
312 75.54 14.73 34.31 444.62 15 15 4
313 24.92 45.80 47.45 398.56 18 29 3
314 87.54 32.15 13.76 210.38 7 13 3
315 74.79 85.80 45.02 126.70 4 40 5
316 35.73 0.06 35.81 217.17 22 39 1
317 2.42 63.01 34.81 217.25 15 23 3
318 5.15 93.79 31.28 218.44 17 23 3
319 15.97 9.21 24.76 363.27 5 25 1
320 87.22 51.52 36.26 284.04 23 48 1
321 85.30 62.79 31.78 391.34 19 19 1
322 44.28 35.96 9.15 457.96 9 29 1
323 70.86 17.30 21.54 468.24 13 41 1
324 23.76 26.23 3.96 486.54 15 19 4
325 45.42 47.00 36.37 198.51 5 40 1
326 59.52 2.25 47.38 343.56 2 12 5
327 22.68 74.70 0.54 228.61 10 42 2
328 54.24 67.30 31.59 439.64 3 35 3
329 25.59 29.42 16.09 95.95 15 15 4
330 35.10 1.92 33.78 255.16 5 20 2
331 36.96 21.72 4.78 153.01 10 15 3
332 4.49 74.49 43.34 420.92 12 32 4
333 27.37 30.03 28.68 469.52 21 46 1
334 98.16 48.41 13.63 378.38 15 15 1
335 39.79 3.79 31.15 197.14 0 47 2
336 52.59 72.53 32.75 281.69 5 25 4
337 69.47 18.57 34.34 451.34 6 15 1
338 84.25 0.27 8.70 261.53 14 43 4
339 34.46 82.58 25.97 106.26 21 31 2
340 85.44 13.58 42.76 439.09 21 41 1
341 29.89 11.40 38.70 201.88 14 35 4
342 75.07 69.24 10.26 426.92 12 30 1
343 32.41 30.66 15.49 438.67 19 45 4
344 40.26 0.05 20.86 235.96 5 42 4
345 16.61 23.91 8.73 453.86 20 26 4
346 55.07 30.85 9.35 137.70 22 35 5
347 92.89 72.94 5.17 86.66 23 44 2
348 53.23 68.89 49.82 72.20 6 45 1
349 86.59 42.02 46.73 125.98 11 44 3
350 6.27 16.72 36.66 54.45 4 38 1
351 19.17 25.51 17.90 181.94 9 15 3
352 46.70 91.85 11.70 346.56 24 37 3
353 1.95 97.41 34.56 199.86 4 21 5
354 37.24 64.80 15.76 172.73 7 35 2
355 73.30 50.33 40.78 95.85 14 14 2
356 75.79 4.75 48.05 460.04 24 29 3
357 3.54 26.65 19.91 254.64 0 47 2
358 97.38 72.50 2.05 280.85 7 33 3
359 60.28 45.75 25.70 320.03 9 26 4
360 84.75 58.18 42.80 157.05 5 36 4
361 56.09 54.00 49.56 54.47 14 42 3
362 88.76 30.40 7.73 67.77 16 24 2
363 38.20 91.65 48.93 409.23 11 27 1
364 83.54 70.85 35.86 353.65 0 33 2
365 91.44 51.85 8.49 334.30 22 30 4
366 0.75 42.97 26.90 487.07 0 20 5
367 37.17 57.36 29.55 341.42 14 45 4
368 92.06 48.67 42.56 297.53 23 48 5
369 84.48 94.06 6.18 473.90 5 45 5
370 15.60 96.43 14.56 469.31 13 45 1
371 69.14 82.36 10.71 247.61 13 16 5
372 77.17 78.57 36.72 105.25 9 28 4
373 22.47 81.42 32.91 436.79 17 28 4
374 92.56 71.93 0.14 218.04 0 12 5
375 61.95 85.17 49.32 232.54 15 42 1
376 49.35 37.43 1.47 464.64 2 35 4
377 28.74 63.72 47.41 86.01 5 7 4
378 86.41 95.82 20.23 359.11 24 27 4
379 42.51 8.81 14.24 254.77 11 18 1
380 47.49 11.02 16.72 225.55 21 48 4
381 72.99 42.97 2.95 337.70 24 43 4
382 17.73 62.87 14.83 145.15 0 6 2
383 35.84 49.38 49.31 154.49 15 36 2
384 23.11 9.02 6.19 384.61 18 23 5
385 73.92 93.97 47.05 132.29 20 33 1
386 13.33 34.97 7.39 397.42 2 5 2
387 14.28 80.21 41.48 156.97 5 35 3
388 53.11 51.87 29.11 97.65 3 8 1
389 66.80 63.33 49.96 450.75 24 27 4
390 85.02 9.83 5.66 88.89 20 31 5
391 7.32 24.78 34.82 202.01 8 10 5
392 81.60 46.52 40.27 59.05 7 8 4
393 62.90 39.03 7.04 277.82 10 17 1
394 83.64 37.28 21.25 70.46 21 29 5
395 13.73 70.16 48.53 159.27 8 15 5
396 15.51 80.31 42.04 104.34 16 24 1
397 79.38 56.51 16.80 367.53 9 42 1
398 97.68 72.90 12.51 401.92 2 21 1
399 65.41 53.89 44.53 455.97 15 19 3
400 39.36 50.80 41.20 379.80 8 32 1
1 169.00 2788.55 1
2 186.99 4155.45 2
3 125.81 3834.91 3
4 103.62 4931.32 4
5 158.64 4077.37 5
6 195.82 3990.05 3
7 190.56 4640.76 2
8 170.92 3942.19 2
9 182.48 4590.78 3
1 1.23 42.11 1
2 1.34 47.91 2
3 1.98 26.42 9
4 1.57 36.74 6
5 1.75 26.36 4
6 1.18 34.44 1
7 1.85 47.27 7
8 1.23 35.32 4
9 1.94 47.94 4
10 1.85 31.53 9
11 1.55 37.55 8
12 1.78 39.06 4
13 1.44 33.64 9
14 1.82 42.68 8
15 1.23 32.97 2
16 1.94 45.55 4
17 1.01 47.21 7
18 1.09 32.73 5
