Data for Vehicle routing problem with drones - Author: Huyen Do Thi Ngoc
Number of depots: 2
Number of cities: 500
Number of trucks: 5
Number of drones: 12
Area: 100 100 50
Customer maximum demand: 500
Max capacity of truck: 200
Max energy of truck: 5000
Max capacity of drone: 2
Max energy of drone: 50
1 13.07 65.69 38.06
2 62.23 34.45 27.78
1 1.80 44.79 18.67 78.55 14 20 1
2 37.15 75.72 16.91 128.10 21 23 2
3 67.42 86.89 16.80 454.00 17 35 2
4 71.46 3.50 18.76 78.27 3 27 1
5 64.40 57.41 37.51 122.06 19 27 2
6 43.65 61.81 15.60 315.29 10 12 2
7 16.09 68.87 22.28 210.65 21 44 1
8 18.82 94.29 27.14 426.23 15 28 2
9 83.85 9.48 48.43 490.08 8 26 2
10 95.48 5.74 37.31 158.38 5 26 1
11 93.15 98.69 3.34 430.88 9 32 1
12 65.43 30.37 38.73 316.09 24 41 2
13 54.15 98.47 33.22 385.35 9 40 1
14 90.67 29.48 30.49 461.46 18 36 2
15 41.31 60.17 49.35 292.62 13 37 1
16 16.14 5.30 27.06 137.39 7 17 1
17 6.69 37.49 15.40 238.09 21 31 1
18 10.56 6.05 25.09 295.11 4 27 1
19 8.76 22.29 6.41 256.28 9 39 2
20 28.87 77.99 32.51 322.07 19 32 1
21 28.16 6.63 16.55 496.03 16 20 2
22 59.24 24.86 27.29 328.78 17 40 2
23 60.16 71.85 21.34 195.68 2 46 1
24 33.13 31.65 37.01 251.19 11 39 1
25 2.60 99.27 14.42 60.38 14 20 1
26 16.81 54.24 0.15 377.84 20 45 1
27 30.07 40.43 18.97 467.58 6 46 1
28 52.08 93.29 44.77 194.52 22 25 2
29 5.34 33.63 7.98 96.51 2 45 2
30 45.48 3.48 33.68 336.20 1 4 2
31 94.41 22.03 4.90 375.30 22 42 2
32 45.00 38.53 41.72 212.43 19 43 2
33 75.79 92.67 45.79 252.36 14 34 2
34 98.43 29.73 22.17 283.44 11 42 1
35 98.84 16.10 14.85 388.66 9 44 2
36 88.05 81.48 28.66 57.26 20 32 1
37 97.26 47.07 14.05 187.17 3 6 2
38 9.75 44.09 37.57 181.65 12 32 1
39 6.05 52.62 3.14 93.22 0 9 2
40 10.16 30.26 25.70 103.86 14 46 2
41 13.39 4.64 11.72 242.09 16 22 2
42 61.02 39.36 31.86 386.18 23 31 1
43 35.83 73.27 47.95 218.30 3 26 1
44 3.61 47.66 18.38 222.26 23 33 2
45 26.85 79.52 34.15 133.24 7 27 2
46 17.11 56.36 41.72 174.11 20 23 2
47 89.43 51.07 21.46 300.87 0 21 1
48 66.12 38.87 1.20 141.59 9 18 2
49 7.90 51.49 21.00 228.54 21 37 1
50 23.79 16.15 37.32 430.64 13 37 2
51 62.98 38.54 0.06 70.60 12 20 2
52 98.61 70.38 14.44 477.23 13 42 2
53 92.27 36.85 44.69 323.87 16 21 1
54 79.15 60.02 34.80 208.52 22 24 2
55 46.22 35.85 28.49 154.80 16 28 2
56 12.40 95.99 30.99 479.92 11 41 2
57 26.74 66.48 44.54 79.19 7 38 2
58 43.25 49.06 30.66 258.02 20 42 1
59 78.50 64.53 35.23 113.83 10 22 1
60 26.46 53.60 45.25 337.99 1 10 1
61 97.98 54.33 6.44 342.80 6 11 2
62 93.33 20.74 23.47 281.95 7 12 1
63 21.60 36.84 23.45 324.02 6 19 1
64 57.84 43.45 44.25 232.46 0 18 1
65 78.43 74.73 4.01 101.26 10 16 1
66 0.59 71.97 8.33 117.19 17 28 1
67 61.23 53.88 4.75 393.59 23 44 1
68 19.74 75.00 19.35 421.25 3 31 1
69 76.81 34.32 7.01 411.75 21 30 2
70 61.19 28.63 36.71 304.38 3 14 1
71 18.65 75.45 33.66 147.64 6 11 1
72 96.16 59.50 34.36 150.32 7 17 1
73 18.45 56.13 29.97 327.15 1 27 2
74 23.72 73.61 12.97 71.76 5 10 1
75 43.98 8.12 28.39 314.62 1 27 2
76 93.99 21.27 11.90 65.92 14 43 1
77 26.06 71.49 38.96 485.27 21 45 2
78 32.57 85.20 9.80 463.60 19 43 2
79 27.98 53.74 26.67 82.64 7 45 2
80 34.77 38.27 10.34 91.22 19 29 2
81 11.78 0.37 45.07 104.69 13 40 1
82 19.33 6.96 37.53 318.68 21 47 2
83 28.09 40.00 17.04 233.27 1 12 1
84 70.34 64.94 5.55 439.03 3 29 1
85 61.35 71.65 47.94 89.39 10 24 2
86 21.58 62.98 12.93 224.28 6 11 2
87 6.01 93.25 22.83 84.92 24 24 1
88 88.76 50.65 19.30 321.95 9 35 1
89 51.98 86.75 11.14 80.39 9 13 1
90 48.25 83.54 17.13 451.27 13 47 2
91 55.13 57.95 41.10 105.20 17 38 1
92 68.73 11.03 22.81 294.82 7 27 1
93 81.93 0.27 41.04 236.29 18 44 1
94 13.76 57.35 43.68 278.26 7 30 1
95 93.85 25.11 49.98 149.52 23 36 1
96 64.14 91.11 43.21 238.44 3 47 2
97 40.12 20.23 30.69 141.40 0 34 2
98 47.67 85.82 26.91 453.11 14 48 2
99 62.78 20.18 9.56 327.85 13 32 1
100 30.50 37.80 24.70 165.49 14 32 2
101 60.65 50.57 42.59 290.63 3 5 2
102 1.19 24.77 21.10 89.67 6 23 1
103 16.15 55.35 15.95 226.32 16 46 2
104 21.43 41.05 29.66 301.40 16 17 1
105 57.60 96.22 31.67 377.51 16 17 1
106 30.38 56.09 6.44 485.39 0 21 2
107 60.03 31.37 30.73 139.30 20 29 2
108 70.04 99.86 29.94 304.64 10 45 2
109 11.21 10.84 8.23 158.53 11 41 2
110 82.33 32.17 0.13 446.97 8 48 1
111 64.56 8.98 31.47 90.68 6 15 2
112 36.91 68.13 20.98 131.82 21 46 2
113 53.93 36.06 13.78 360.44 15 47 2
114 12.75 68.79 11.29 90.88 4 28 2
115 20.00 71.82 48.26 116.41 16 34 2
116 19.29 70.70 48.09 282.11 1 3 2
117 31.54 87.85 2.10 342.51 22 40 2
118 56.16 72.50 1.12 156.39 4 33 2
119 38.40 33.05 14.30 325.73 10 16 1
120 90.41 35.40 33.22 301.17 23 27 1
121 51.75 29.37 19.36 328.25 11 44 1
122 65.78 1.26 8.02 121.16 13 44 1
123 20.21 50.27 0.77 342.90 10 44 2
124 2.97 73.48 28.29 224.16 8 14 2
125 13.54 54.31 41.20 353.90 24 39 1
126 45.58 4.52 20.48 180.61 4 42 2
127 88.35 31.96 19.53 469.42 10 26 1
128 58.86 68.23 43.13 453.74 1 5 2
129 84.25 57.19 33.80 349.15 19 43 2
130 57.00 74.13 1.39 324.14 6 10 1
131 14.82 29.75 12.77 111.82 7 36 1
132 77.01 74.99 43.14 232.89 4 17 2
133 71.73 99.63 37.53 323.97 6 23 1
134 2.21 54.46 31.81 106.94 18 23 2
135 35.39 90.75 32.45 118.67 18 34 1
136 45.19 22.15 7.54 447.74 5 11 1
137 2.27 12.09 20.48 408.89 4 46 1
138 43.28 69.14 26.08 200.24 19 34 1
139 31.90 2.01 47.94 362.46 21 29 1
140 2.34 22.18 0.95 302.11 8 46 2
141 93.94 55.32 32.56 391.54 14 35 1
142 59.92 64.73 42.04 236.97 11 31 2
143 34.46 97.64 41.91 194.03 19 26 1
144 58.02 10.81 49.10 96.28 15 37 2
145 60.00 92.90 31.45 97.56 0 29 2
146 26.83 66.03 48.08 231.22 23 44 1
147 22.24 62.62 40.71 452.59 0 21 2
148 55.91 9.17 46.49 423.91 11 36 1
149 7.31 33.65 13.79 308.56 9 42 1
150 8.44 88.55 10.94 73.13 23 23 2
151 80.24 74.61 36.99 119.48 5 31 2
152 6.79 14.55 21.45 121.94 14 20 1
153 68.33 84.15 11.16 167.89 1 18 2
154 5.72 78.24 40.94 295.84 12 13 1
155 4.19 43.40 6.89 188.99 16 33 2
156 4.20 24.89 45.97 135.91 18 40 2
157 58.38 63.77 24.78 302.39 3 24 2
158 39.79 73.60 34.99 272.39 14 30 2
159 14.17 72.90 48.40 411.00 18 27 2
160 78.70 93.09 2.85 215.40 20 39 2
161 51.78 11.88 21.15 369.13 10 16 1
162 89.93 94.50 22.97 241.59 13 34 1
163 27.41 70.85 49.80 388.37 20 37 1
164 68.39 10.73 46.63 143.12 24 24 1
165 85.86 2.03 0.96 408.29 5 27 2
166 56.15 27.40 39.01 350.51 6 10 1
167 31.49 81.71 30.31 107.62 10 41 1
168 1.44 16.85 3.68 382.20 18 39 1
169 7.99 11.20 10.76 253.34 23 39 1
170 85.70 8.78 20.32 255.41 19 42 1
171 67.06 9.88 49.38 82.10 10 27 2
172 77.65 85.87 2.75 190.19 3 47 2
173 93.79 10.28 27.13 53.48 16 17 1
174 90.54 20.11 18.55 424.75 19 43 1
175 98.70 92.80 37.44 433.65 22 39 1
176 39.44 4.82 27.69 178.01 12 39 2
177 23.94 21.80 40.99 82.00 18 36 2
178 26.43 88.19 4.04 81.52 17 32 1
179 50.25 56.67 18.15 438.59 3 33 1
180 6.86 90.02 22.66 475.84 15 48 1
181 30.29 59.79 17.08 304.04 22 27 1
182 30.77 5.58 8.61 458.48 11 39 1
183 15.62 35.85 23.39 212.65 21 31 2
184 33.56 94.84 43.63 345.97 20 20 2
185 11.50 38.00 19.22 231.57 16 36 1
186 58.22 31.85 42.69 315.43 6 38 1
187 22.47 8.58 35.09 191.37 1 19 2
188 62.49 38.00 20.42 337.18 13 13 1
189 32.99 16.88 42.01 294.03 20 38 2
190 86.95 42.96 4.33 369.31 17 30 1
191 2.85 21.99 42.61 228.12 14 47 2
192 68.79 36.48 13.49 290.52 12 48 2
193 76.68 80.41 1.54 477.52 5 46 1
194 14.03 65.56 25.41 401.90 19 45 2
195 86.67 65.23 4.23 81.30 0 20 2
196 91.98 68.89 16.55 351.53 24 48 1
197 24.37 15.47 21.26 432.77 19 48 2
198 12.42 64.51 19.37 388.52 14 14 1
199 46.58 69.42 29.79 462.79 20 31 2
200 28.85 86.50 13.92 186.96 9 38 2
201 61.20 59.32 26.54 333.98 24 47 2
202 41.23 48.42 3.35 479.13 7 33 2
203 33.16 94.84 8.88 59.35 18 41 1
204 0.32 94.78 1.03 51.61 8 31 2
205 83.33 5.66 13.60 370.74 16 38 1
206 24.86 82.78 8.10 194.95 14 16 1
207 11.12 7.80 5.00 464.28 19 29 2
208 39.66 74.02 15.65 150.94 6 28 1
209 3.09 5.62 10.27 172.30 18 48 1
210 84.08 47.49 6.83 344.99 10 22 2
211 41.46 72.41 36.80 63.26 6 11 2
212 67.35 21.53 40.59 235.98 4 36 2
213 98.76 27.09 49.49 271.82 14 44 2
214 67.26 37.56 38.93 407.97 4 14 2
215 25.61 61.22 7.27 404.34 4 43 2
216 78.19 90.35 21.96 234.20 23 23 1
217 80.96 92.57 49.59 456.77 15 36 1
218 7.23 34.78 32.54 97.85 24 33 1
219 48.01 72.32 12.16 131.64 19 43 1
220 77.13 0.53 3.16 388.26 4 42 1
221 14.21 22.24 44.16 52.40 8 44 2
222 59.50 33.38 13.50 236.69 6 24 2
223 23.12 87.94 35.60 303.86 11 22 1
224 1.57 73.86 30.20 495.35 24 24 2
225 65.78 41.50 22.16 323.54 23 33 2
226 89.33 99.80 25.79 81.06 10 24 1
227 77.03 53.89 9.34 150.18 2 40 1
228 74.47 92.01 25.12 430.14 12 41 2
229 89.12 11.02 6.09 107.91 13 27 1
230 26.48 46.19 41.83 298.69 21 32 1
231 47.69 14.13 13.73 400.31 13 32 2
232 35.95 80.23 25.83 477.18 22 48 1
233 86.51 73.95 25.53 481.08 8 36 2
234 45.14 4.84 33.92 385.31 19 21 1
235 78.57 67.73 19.97 383.72 21 42 2
236 5.82 1.89 13.58 464.51 18 29 1
237 70.80 23.63 46.44 132.84 12 15 1
238 51.79 90.86 27.03 136.23 9 36 1
239 17.79 28.05 29.29 75.11 23 32 1
240 72.42 57.04 18.83 223.42 21 38 2
241 15.30 62.81 1.13 384.30 11 27 2
242 21.30 26.87 37.16 130.21 9 36 1
243 15.51 36.63 44.49 64.32 24 48 2
244 29.44 43.53 43.04 424.75 16 28 2
245 82.89 25.19 22.75 96.87 9 40 2
246 11.23 98.17 25.43 128.51 2 19 1
247 25.10 41.29 16.65 455.22 2 42 1
248 33.35 11.82 13.36 305.00 19 48 2
249 61.02 16.73 23.60 450.24 1 19 1
250 1.25 77.90 48.97 330.68 15 21 2
251 37.66 17.79 29.10 194.11 23 48 1
252 45.92 30.24 38.56 301.86 1 11 2
253 0.12 56.12 41.61 231.15 2 15 2
254 66.51 20.76 10.68 145.31 8 19 1
255 90.74 61.17 41.76 143.55 12 32 2
256 95.92 76.13 7.21 316.66 16 32 2
257 70.75 92.29 11.46 162.04 6 27 1
258 68.96 83.20 36.22 423.36 17 22 2
259 97.91 21.22 18.97 67.07 24 31 1
260 74.64 23.28 1.75 418.42 12 26 2
261 39.08 34.96 31.36 160.23 3 45 1
262 4.33 44.56 2.88 108.46 11 11 1
263 23.06 87.27 38.62 240.39 1 13 1
264 85.50 76.84 48.24 215.57 15 44 1
265 13.06 54.19 41.37 175.14 9 23 2
266 64.63 9.10 30.94 94.02 4 28 2
267 98.90 64.50 32.26 430.61 23 27 1
268 12.12 87.50 9.57 381.12 20 37 2
269 91.46 7.18 17.27 305.04 1 31 1
270 25.00 42.26 10.26 379.14 12 17 1
271 32.78 50.50 4.83 313.21 4 32 1
272 35.93 25.75 25.81 397.38 3 9 1
273 44.38 53.08 35.42 77.43 9 30 1
274 73.74 99.38 46.84 421.10 21 25 2
275 99.52 8.41 26.14 384.67 4 9 2
276 5.89 10.45 16.18 127.08 14 18 2
277 1.97 87.67 19.83 416.12 13 40 1
278 85.22 8.52 21.08 430.03 18 23 2
279 58.70 79.00 31.42 465.00 11 30 1
280 40.45 57.53 46.95 460.22 10 18 1
281 97.91 29.46 1.46 481.03 8 17 1
282 13.54 50.19 11.49 180.04 8 37 1
283 83.80 29.37 24.14 330.57 10 13 2
284 47.70 79.74 9.86 134.16 0 11 1
285 92.26 30.16 15.81 308.80 17 30 1
286 86.76 50.28 0.12 380.19 10 46 1
287 92.50 19.91 32.79 80.53 10 24 2
288 83.60 82.57 6.26 135.94 12 29 1
289 74.83 55.24 35.62 486.23 23 43 2
290 61.55 35.98 38.30 257.59 7 40 1
291 97.35 45.53 20.99 60.95 24 34 1
292 6.37 11.17 17.26 388.81 10 28 2
293 37.43 11.32 37.04 380.19 3 46 2
294 41.38 98.89 15.83 392.76 18 27 2
295 81.84 84.10 1.99 392.40 17 35 1
296 93.03 45.80 49.41 112.45 10 27 1
297 57.73 33.20 10.39 130.31 4 41 2
298 18.89 8.33 17.48 251.75 5 44 2
299 57.84 76.40 16.07 154.41 18 46 2
300 69.51 68.87 2.33 185.17 12 41 1
301 40.37 69.27 30.51 387.44 1 9 2
302 81.74 89.68 6.62 302.03 0 14 1
303 26.91 58.23 41.48 146.55 12 31 2
304 34.49 0.17 29.54 359.55 1 36 2
305 18.80 54.79 27.09 241.60 16 44 2
306 92.90 40.11 36.85 54.47 14 27 1
307 82.04 20.32 45.75 430.65 20 46 2
308 92.58 56.77 4.46 327.30 17 33 2
309 20.07 42.87 37.62 358.19 21 48 1
310 82.82 54.24 42.94 464.39 16 47 1
311 54.08 77.55 41.71 305.49 12 30 2
312 7.42 75.21 22.43 339.52 15 32 2
313 54.78 1.21 48.77 468.17 8 40 2
314 39.07 26.73 39.27 385.03 5 28 1
315 89.64 14.70 27.39 422.23 1 20 1
316 9.31 77.28 45.02 180.96 3 42 2
317 33.50 36.64 25.43 234.03 9 44 1
318 58.80 14.15 3.56 136.26 19 28 2
319 6.89 87.23 40.82 89.53 9 38 1
320 79.25 65.44 33.13 331.88 4 6 1
321 22.92 68.40 44.00 203.68 0 28 2
322 64.92 13.79 11.78 330.31 19 39 1
323 73.79 50.52 0.75 495.09 21 35 2
324 12.56 23.17 12.96 336.96 24 39 1
325 11.70 30.09 35.82 493.26 4 38 2
326 39.69 64.54 10.42 71.52 4 42 2
327 44.09 38.13 9.92 378.14 22 36 2
328 80.78 2.40 46.86 277.24 1 20 1
329 89.00 63.53 36.18 293.97 24 44 1
330 95.82 25.91 41.14 79.85 7 22 2
331 94.51 22.62 25.22 99.29 0 30 2
332 76.48 91.39 4.37 63.91 18 38 1
333 33.74 81.53 26.23 166.51 9 16 1
334 4.03 36.64 22.89 183.45 6 12 1
335 32.49 41.59 1.63 299.63 20 25 2
336 64.80 85.02 24.23 314.04 10 31 1
337 74.32 86.51 24.05 85.89 14 48 2
338 98.31 40.10 13.16 143.86 24 26 1
339 73.80 84.84 15.10 359.71 5 30 2
340 83.17 13.71 24.32 388.74 5 6 2
341 85.44 8.70 45.06 248.06 24 33 2
342 18.60 31.65 43.65 312.48 14 39 1
343 96.65 53.39 36.84 283.48 3 46 2
344 1.52 75.02 14.59 169.39 2 17 1
345 58.74 50.75 33.84 391.12 21 24 2
346 5.39 79.97 35.41 171.78 7 36 1
347 73.73 32.03 1.19 434.86 10 20 2
348 54.99 45.89 19.57 306.61 21 38 1
349 99.89 59.03 36.10 264.96 7 12 2
350 32.02 43.82 42.11 456.70 9 18 2
351 96.47 34.75 21.08 95.53 21 41 2
352 68.27 38.37 6.55 220.32 10 41 1
353 99.16 17.36 17.13 80.48 3 47 1
354 34.65 30.80 12.47 150.99 10 20 2
355 94.33 9.24 27.26 117.28 3 33 2
356 13.81 81.68 6.63 397.19 12 24 1
357 29.03 37.04 0.40 490.72 10 41 2
358 43.09 2.21 2.22 87.40 22 38 2
359 97.57 63.11 2.81 272.77 1 2 1
360 57.25 91.70 13.27 381.92 22 34 2
361 20.82 35.77 8.04 153.56 22 37 2
362 6.71 31.53 46.04 299.64 6 37 1
363 18.35 68.91 36.89 248.87 16 22 1
364 63.68 2.60 3.22 329.72 24 38 1
365 20.79 41.74 10.97 234.31 22 45 2
366 14.48 38.78 43.59 464.40 14 15 2
367 69.76 7.15 29.39 392.10 24 26 1
368 85.60 7.77 32.64 356.18 0 6 2
369 28.21 76.50 40.66 121.07 14 16 1
370 0.92 54.91 30.21 275.43 18 33 1
371 31.94 79.34 17.32 177.46 24 40 2
372 21.86 91.86 17.09 433.80 6 14 1
373 57.51 59.40 21.62 125.28 10 14 1
374 7.20 78.79 47.77 423.43 12 29 1
375 76.79 98.76 48.04 346.22 20 35 1
376 0.65 43.25 36.28 84.92 20 35 2
377 96.79 14.87 9.95 147.09 23 39 1
378 14.24 96.27 11.52 221.29 9 38 2
379 31.01 36.91 37.37 438.80 22 22 2
380 68.96 46.05 0.75 362.29 22 48 2
381 68.87 77.90 45.16 285.43 7 34 1
382 78.08 94.40 49.44 67.86 22 27 2
383 65.84 59.43 31.15 205.01 9 10 1
384 84.63 42.52 36.65 335.37 0 22 2
385 53.89 82.83 7.90 68.09 16 39 2
386 65.79 46.31 26.55 394.61 12 22 2
387 16.47 65.86 49.30 331.28 14 25 1
388 8.34 58.95 7.23 50.81 1 33 2
389 5.16 61.48 35.49 87.09 22 23 2
390 59.97 43.02 4.51 368.27 7 39 1
391 72.72 62.95 23.38 223.19 4 47 2
392 85.37 9.95 37.10 171.85 9 44 1
393 54.15 23.82 36.17 439.44 10 18 1
394 74.18 16.58 0.60 308.10 5 14 2
395 98.53 26.09 1.00 438.28 22 24 2
396 49.94 80.53 35.42 109.81 7 24 2
397 48.80 90.07 12.56 385.23 6 10 2
398 12.29 32.84 7.90 466.18 21 43 1
399 3.75 83.85 43.55 145.05 8 13 2
400 49.27 66.79 40.37 116.20 5 8 2
401 98.96 78.62 7.64 171.56 16 22 1
402 21.50 42.88 15.59 146.99 7 11 2
403 62.85 90.07 46.27 189.81 23 43 1
404 56.92 78.34 16.75 386.09 7 47 1
405 49.73 53.39 38.74 51.93 18 41 1
406 84.37 74.05 13.76 309.51 24 45 2
407 72.12 77.19 20.37 151.18 24 39 2
408 78.03 20.07 45.16 320.25 4 7 1
409 90.34 96.00 12.63 65.88 24 31 2
410 73.15 94.06 32.62 344.93 15 29 1
411 16.71 78.62 4.69 480.49 23 43 1
412 37.94 84.64 14.20 150.72 5 42 1
413 84.33 55.45 42.78 140.80 24 48 1
414 27.00 19.50 44.95 492.00 17 41 2
415 39.79 7.76 23.30 447.12 7 25 1
416 23.55 88.09 20.86 73.36 11 27 2
417 99.22 33.60 49.06 354.30 21 31 1
418 14.47 99.95 1.43 136.91 2 29 2
419 64.98 88.57 49.82 194.97 12 12 2
420 17.57 38.27 9.36 147.69 2 11 2
421 57.26 19.34 2.68 373.53 3 10 2
422 63.99 83.28 19.31 461.43 8 38 2
423 64.14 82.19 0.86 50.56 12 27 2
424 78.98 8.78 10.67 222.73 6 8 1
425 32.21 56.37 1.69 382.12 24 27 2
426 9.32 19.10 41.45 187.70 17 46 2
427 49.03 84.06 19.09 441.27 4 35 1
428 7.45 65.90 10.91 464.04 21 31 2
429 15.38 50.07 42.23 490.84 18 25 2
430 48.99 2.23 27.67 491.85 5 16 2
431 4.25 30.31 34.41 250.33 11 47 1
432 77.60 57.76 46.88 415.08 20 28 2
433 5.00 67.30 11.48 453.27 23 47 2
434 59.68 70.68 18.81 165.25 19 40 1
435 99.00 21.65 34.45 488.00 23 34 2
436 47.29 29.34 29.03 170.35 23 43 2
437 25.95 53.03 28.27 185.19 9 46 1
438 17.84 73.85 48.31 405.41 3 11 1
439 12.08 67.74 32.59 318.23 4 10 1
440 77.09 42.15 1.88 340.92 24 46 1
441 10.78 75.91 30.88 169.31 18 19 1
442 64.31 2.12 43.74 492.28 13 15 2
443 56.08 83.44 11.54 127.37 8 16 2
444 52.80 37.66 40.57 147.20 15 34 1
445 39.11 94.04 47.66 327.83 21 41 2
446 66.44 45.67 16.94 468.54 18 39 1
447 88.10 73.10 25.24 478.04 19 26 2
448 70.79 2.44 5.96 196.76 11 41 2
449 3.04 55.21 30.59 285.91 11 22 1
450 21.82 46.93 4.43 225.07 20 22 1
451 90.61 70.96 3.37 145.57 5 16 2
452 67.07 55.67 7.25 437.20 9 12 1
453 43.30 53.89 31.81 361.25 14 34 1
454 13.34 24.75 41.15 58.59 11 28 1
455 68.79 53.61 36.67 352.58 3 35 2
456 35.76 96.26 48.63 114.27 20 21 1
457 11.83 43.32 35.80 286.84 16 34 2
458 21.84 55.70 6.99 454.89 11 30 2
459 25.93 8.14 34.74 104.59 13 16 2
460 45.56 10.63 8.83 127.56 10 45 2
461 66.54 48.52 20.71 450.35 9 10 1
462 62.88 21.55 32.69 451.14 2 16 2
463 84.97 37.58 13.41 374.66 11 31 1
464 3.03 36.84 49.52 385.71 14 37 2
465 71.53 85.29 42.12 410.41 15 46 1
466 87.80 81.54 35.13 247.43 21 39 2
467 20.56 68.49 47.08 357.24 6 20 1
468 58.10 8.31 29.37 421.17 22 34 2
469 32.87 53.40 6.79 160.07 4 34 2
470 4.76 91.27 16.61 119.27 16 45 2
471 1.15 74.47 10.42 84.34 13 46 1
472 25.58 9.59 29.73 444.52 20 30 1
473 11.48 40.81 28.35 140.26 14 35 2
474 69.00 47.95 32.19 233.58 6 7 1
475 2.98 41.12 40.16 171.86 19 44 2
476 35.86 80.40 4.04 436.15 4 27 2
477 73.87 3.15 3.85 223.85 13 38 1
478 85.23 96.61 42.19 83.98 20 22 2
479 81.08 48.60 18.42 312.52 10 41 1
480 97.57 44.77 33.99 491.18 15 32 1
481 19.83 87.77 11.90 145.52 0 9 1
482 69.68 53.36 33.51 343.77 6 41 2
483 4.54 74.67 8.20 323.49 23 25 2
484 64.82 38.33 40.03 98.84 21 31 2
485 14.01 21.88 20.42 167.53 15 39 2
486 7.84 34.68 13.10 103.32 15 37 2
487 15.96 2.08 18.94 250.67 16 43 2
488 90.68 60.88 14.22 162.46 17 42 2
489 35.73 19.36 32.62 248.33 14 20 2
490 39.99 26.62 11.05 457.82 20 37 1
491 17.11 38.31 12.43 433.51 21 34 2
492 99.37 8.91 41.01 87.96 13 43 2
493 39.07 53.78 6.75 55.08 6 44 1
494 90.64 10.00 44.60 130.84 0 26 1
495 76.97 40.65 45.35 113.42 5 33 2
496 99.64 79.70 38.04 124.31 21 44 2
497 80.39 31.80 47.83 160.43 24 32 2
498 46.39 87.52 22.35 153.34 16 23 2
499 96.41 91.27 34.90 268.67 10 13 1
500 60.07 69.63 41.90 94.20 15 36 2
1 196.20 2707.92 1
2 156.62 3345.83 2
3 122.77 3888.90 1
4 111.16 4811.84 1
5 161.60 2562.27 1
1 1.20 41.43 5
2 1.39 40.63 4
3 1.82 48.39 3
4 1.85 40.76 2
5 1.70 47.81 3
6 1.92 34.17 2
7 1.68 43.84 1
8 1.72 39.61 3
9 1.74 45.26 2
10 1.75 44.45 3
11 1.22 29.12 5
12 1.22 32.41 4
