Data for Vehicle routing problem with drones - Author: Huyen Do Thi Ngoc
Number of depots: 2
Number of cities: 100
Number of trucks: 6
Number of drones: 7
Area: 100 100 50
Customer maximum demand: 500
Max capacity of truck: 200
Max energy of truck: 5000
Max capacity of drone: 2
Max energy of drone: 50
1 64.09 44.76 6.01
2 96.78 94.39 9.53
1 25.66 5.16 10.44 316.40 3 38 1
2 45.57 79.09 1.96 103.31 9 16 1
3 63.76 56.36 6.66 88.99 11 48 2
4 20.76 69.92 1.51 416.00 22 40 1
5 44.90 75.50 0.78 330.97 24 38 2
6 30.92 36.37 46.87 451.06 18 48 1
7 44.16 82.65 19.64 325.80 19 30 1
8 22.12 65.83 39.26 150.08 19 22 1
9 10.21 58.84 16.96 231.43 11 43 2
10 33.15 51.72 36.44 274.39 0 7 2
11 75.23 53.16 25.14 352.30 20 36 2
12 79.34 45.78 1.17 178.40 6 14 2
13 44.69 66.90 9.11 384.49 3 35 2
14 43.71 97.70 48.33 464.56 21 23 1
15 34.03 17.57 47.67 81.98 3 32 1
16 18.97 86.52 14.80 435.04 7 28 1
17 27.41 18.41 4.32 70.38 17 43 2
18 39.66 50.25 2.38 345.31 14 36 1
19 92.87 10.15 1.96 450.58 8 35 1
20 44.56 23.04 3.73 402.29 9 48 1
21 35.32 53.34 11.43 285.87 10 11 2
22 30.63 1.87 48.02 80.11 7 7 1
23 21.23 74.83 42.79 428.74 2 32 1
24 98.56 20.78 1.25 401.83 5 18 2
25 57.12 81.71 33.87 426.37 2 24 1
26 66.14 3.24 22.41 114.22 7 45 1
27 16.67 23.64 6.48 375.82 15 25 2
28 18.84 11.61 2.25 66.50 8 16 1
29 88.38 99.03 27.23 392.62 3 43 1
30 55.45 18.58 30.62 409.81 21 27 1
31 66.22 2.60 47.26 284.16 19 21 2
32 85.96 73.63 28.85 254.69 13 16 1
33 64.02 97.23 7.55 57.61 19 31 2
34 94.09 55.09 23.06 494.43 21 40 2
35 95.40 33.18 13.59 414.70 10 10 1
36 56.91 84.69 13.02 346.58 18 33 1
37 42.68 10.64 1.24 469.71 15 39 2
38 77.55 51.87 30.08 51.28 10 13 2
39 26.95 62.97 26.71 444.62 24 41 2
40 42.28 1.10 45.91 436.97 18 40 2
41 17.52 30.57 8.05 258.24 21 48 1
42 8.45 95.83 0.12 479.52 17 18 2
43 19.65 62.25 6.11 341.89 21 25 2
44 66.08 29.54 15.02 498.77 14 23 2
45 17.39 40.64 38.80 484.00 19 21 1
46 71.63 14.51 12.73 291.24 1 6 1
47 44.04 14.01 12.43 446.21 10 19 2
48 48.38 45.78 39.91 189.03 19 30 2
49 33.27 75.75 20.27 97.58 0 26 1
50 85.65 29.18 37.14 450.42 1 3 2
51 17.67 55.96 33.23 219.83 2 29 1
52 85.98 71.96 3.83 136.43 21 32 1
53 29.44 29.23 14.64 390.91 22 35 2
54 3.97 17.39 13.49 109.72 1 12 1
55 69.41 79.77 22.70 470.14 13 44 2
56 11.49 90.46 15.07 427.47 11 35 2
57 11.42 50.66 11.59 490.66 6 7 1
58 70.72 70.87 35.90 316.08 6 10 2
59 31.25 9.74 3.48 236.53 7 47 2
60 27.85 81.46 21.41 117.91 8 21 2
61 3.26 59.52 34.18 436.61 12 17 2
62 72.62 88.50 9.65 288.78 11 18 1
63 88.26 8.22 7.32 362.11 15 27 2
64 77.26 60.56 24.47 489.97 14 42 2
65 34.82 94.05 20.76 394.40 10 18 1
66 21.66 94.87 13.67 184.84 21 29 2
67 31.03 22.68 36.20 105.79 21 23 2
68 57.55 80.68 6.27 167.96 8 22 1
69 9.96 45.17 25.01 244.30 8 19 1
70 94.01 5.12 16.00 315.62 17 28 1
71 81.20 78.34 6.60 81.86 2 38 2
72 77.05 71.38 46.46 255.24 24 41 1
73 7.99 87.46 24.04 393.69 22 44 1
74 15.53 69.57 21.48 232.31 21 32 2
75 37.03 74.07 4.75 262.64 24 47 2
76 7.19 8.81 49.13 463.38 24 27 1
77 70.59 25.63 8.17 429.26 3 33 2
78 37.03 13.13 46.44 491.79 9 20 2
79 17.55 30.54 44.59 322.08 17 41 2
80 34.84 25.42 34.19 306.46 22 24 1
81 72.55 99.90 37.76 71.76 15 15 1
82 21.57 1.55 14.77 127.30 21 37 1
83 37.57 98.54 24.29 127.86 13 41 2
84 14.89 71.58 30.41 327.57 1 6 2
85 27.08 30.07 14.78 84.91 11 14 2
86 90.23 99.20 32.53 234.66 0 43 1
87 66.59 65.61 47.47 238.16 3 20 2
88 23.22 22.96 27.54 148.53 14 19 1
89 50.80 63.82 22.43 121.96 9 40 2
90 12.92 74.49 34.10 196.07 16 26 2
91 23.05 84.70 17.28 256.47 21 38 2
92 57.81 31.51 11.03 272.28 12 22 2
93 32.90 87.73 28.95 107.29 2 47 2
94 47.47 13.04 36.73 222.33 2 27 1
95 17.63 98.17 3.43 207.77 3 45 2
96 22.55 29.83 37.77 313.56 24 42 2
97 86.13 27.32 40.43 280.70 5 48 1
98 9.41 38.91 16.60 146.10 21 27 1
99 37.35 58.83 6.57 70.16 4 40 2
100 2.70 74.94 10.01 170.95 23 39 2
1 171.80 3649.81 1
2 164.19 4794.68 2
3 128.25 4758.20 1
4 148.36 4183.53 1
5 190.21 3890.79 2
6 120.43 4035.35 2
1 1.82 26.97 5
2 1.25 39.24 3
3 1.40 41.99 2
4 1.57 29.03 6
5 1.50 29.14 5
6 1.60 43.54 4
7 1.35 36.05 6
