Data for Vehicle routing problem with drones - Author: Huyen Do Thi Ngoc
Number of depots: 5
Number of cities: 100
Number of trucks: 9
Number of drones: 15
Area: 100 100 50
Customer maximum demand: 500
Max capacity of truck: 200
Max energy of truck: 5000
Max capacity of drone: 2
Max energy of drone: 50
1 44.60 13.23 18.00
2 71.64 60.10 3.52
3 63.27 89.79 1.70
4 80.70 17.61 24.72
5 68.22 37.60 37.62
1 4.66 76.85 34.68 245.44 21 48 3
2 92.91 10.85 36.96 444.89 11 16 2
3 38.63 59.05 29.44 430.21 3 23 1
4 89.57 76.43 37.94 195.39 21 30 3
5 27.24 27.06 14.70 489.81 12 39 2
6 37.20 41.06 42.49 308.27 24 46 5
7 14.33 73.36 11.42 117.45 7 26 4
8 49.21 97.82 10.37 363.44 20 44 2
9 2.56 48.64 24.57 224.87 9 16 1
10 4.34 31.50 15.84 477.35 7 28 3
11 92.11 59.85 16.87 216.15 24 39 1
12 8.05 16.88 16.32 140.48 2 42 4
13 14.89 27.62 24.11 195.31 24 39 4
14 8.17 22.72 48.04 191.62 11 42 5
15 87.59 75.59 34.34 355.70 11 20 5
16 82.78 98.00 18.98 128.70 10 30 1
17 1.86 56.41 40.90 460.13 14 45 5
18 47.39 45.51 2.58 480.08 22 38 2
19 53.20 94.90 7.41 389.11 18 37 5
20 65.02 12.29 22.53 143.86 21 47 1
21 54.91 41.98 19.39 483.03 11 34 5
22 65.60 25.16 27.53 371.29 1 5 1
23 48.60 86.06 10.36 101.90 18 33 3
24 62.13 21.63 27.37 438.52 17 27 1
25 54.16 9.57 42.44 367.53 14 40 4
26 35.08 28.74 34.72 172.87 13 42 2
27 6.62 71.97 33.17 223.73 1 32 3
28 94.32 90.70 6.20 476.15 20 30 3
29 98.11 18.37 23.36 401.74 22 33 3
30 19.22 20.94 11.62 165.14 8 33 1
31 70.73 36.13 48.03 124.66 9 15 3
32 91.14 25.71 5.32 271.53 3 27 3
33 79.78 80.45 17.78 350.93 19 38 5
34 40.23 55.58 31.83 402.43 15 42 4
35 91.27 92.90 49.09 165.62 17 27 1
36 67.86 49.82 23.10 482.02 3 43 3
37 4.99 78.67 17.09 140.83 11 38 5
38 3.17 82.80 33.83 111.32 15 19 2
39 59.05 77.07 26.30 177.71 13 35 3
40 26.41 32.71 9.60 389.15 0 32 2
41 74.64 76.63 25.50 436.81 24 28 4
42 81.38 27.09 22.80 193.41 19 30 3
43 56.68 73.77 37.00 282.83 22 36 4
44 71.65 72.63 8.03 285.32 18 34 5
45 89.31 0.24 35.33 108.41 21 47 3
46 66.39 7.84 48.34 59.04 20 40 5
47 67.95 80.69 17.67 176.15 17 25 5
48 78.03 77.39 12.10 474.34 20 31 5
49 45.68 81.97 15.72 392.87 16 37 2
50 54.09 15.82 33.15 287.17 5 17 2
51 11.97 50.86 31.54 162.80 19 19 1
52 27.56 64.09 37.34 53.83 0 23 5
53 63.29 0.96 4.71 405.79 5 6 3
54 10.13 30.44 7.74 69.13 11 14 4
55 82.05 32.47 19.44 100.90 20 39 1
56 89.13 88.15 21.21 379.72 16 40 2
57 37.83 28.86 5.69 217.44 1 7 4
58 56.60 86.25 33.77 102.84 14 28 3
59 19.41 5.89 43.61 380.96 2 31 2
60 82.46 73.06 10.96 125.02 24 46 4
61 37.94 23.98 0.47 337.22 12 48 3
62 86.56 85.40 26.51 291.05 13 32 1
63 86.15 3.49 7.09 247.55 8 34 1
64 88.08 55.91 30.56 324.98 12 21 3
65 55.68 2.54 7.95 234.11 4 9 2
66 86.71 74.81 22.24 356.39 8 38 4
67 65.15 68.93 16.07 278.52 1 6 5
68 91.73 84.71 17.89 294.84 18 22 1
69 59.13 34.49 21.54 386.83 23 29 1
70 3.52 93.12 0.91 198.89 6 26 4
71 5.95 39.24 0.77 319.96 12 14 5
72 86.11 44.87 8.04 464.68 5 10 1
73 59.13 6.55 25.64 447.74 9 20 4
74 35.58 18.90 43.19 150.49 19 43 4
75 82.13 31.62 28.56 320.18 11 32 2
76 37.13 49.69 43.05 171.09 12 20 2
77 29.86 79.28 32.41 260.12 1 13 5
78 83.55 30.62 10.16 125.30 9 40 2
79 67.66 19.73 48.32 498.73 14 22 3
80 12.40 91.63 33.02 212.69 1 12 4
81 16.47 13.11 30.69 388.09 24 42 1
82 56.45 64.73 7.97 241.64 12 21 4
83 91.90 78.01 21.80 94.96 5 17 1
84 90.50 60.38 1.06 262.05 12 20 1
85 4.34 91.92 19.57 173.09 15 19 2
86 98.04 97.35 7.82 396.74 9 9 4
87 87.97 55.69 45.15 244.79 0 1 2
88 57.74 26.99 46.09 242.77 24 31 3
89 94.35 3.81 0.71 184.86 23 31 2
90 46.45 18.36 40.24 102.68 9 15 3
91 21.22 97.18 7.57 65.03 13 34 2
92 31.13 41.02 35.77 337.64 0 46 3
93 93.89 80.93 3.60 333.93 5 45 3
94 55.32 54.08 10.11 217.34 22 48 3
95 45.55 62.23 19.24 128.68 11 11 1
96 41.48 58.82 2.46 224.84 1 35 1
97 93.34 79.11 34.46 243.23 5 29 4
98 95.14 76.18 38.08 190.28 20 31 1
99 15.21 86.67 6.06 444.64 14 19 3
100 59.59 54.85 33.49 418.67 2 16 5
1 111.96 4486.10 1
2 111.41 3594.14 2
3 123.39 3200.92 3
4 163.05 4170.74 4
5 189.98 3739.28 5
6 195.69 4476.70 2
7 169.17 3909.02 4
8 103.20 4789.80 3
9 117.07 4176.36 3
1 1.95 27.47 9
2 1.11 30.06 3
3 1.17 39.33 6
4 1.00 46.61 2
5 1.37 26.77 8
6 1.29 38.24 5
7 1.25 36.14 4
8 1.76 35.70 5
9 1.44 41.13 2
10 1.71 47.30 8
11 1.75 31.91 8
12 1.43 27.19 5
13 1.26 34.35 3
14 1.28 42.58 9
15 1.97 36.58 9
