Data for Vehicle routing problem with drones - Author: Huyen Do Thi Ngoc
Number of depots: 2
Number of cities: 300
Number of trucks: 7
Number of drones: 15
Area: 100 100 50
Customer maximum demand: 500
Max capacity of truck: 200
Max energy of truck: 5000
Max capacity of drone: 2
Max energy of drone: 50
1 50.16 20.47 27.29
2 71.34 8.57 36.70
1 50.73 46.31 47.55 213.87 7 24 1
2 81.04 31.55 39.75 183.66 21 45 1
3 78.62 47.69 20.06 466.61 9 12 2
4 46.26 3.35 28.40 160.78 6 29 1
5 13.49 63.94 23.45 298.92 8 26 2
6 3.25 87.96 13.33 330.19 23 35 1
7 75.51 69.35 46.16 184.41 5 33 2
8 40.52 38.76 22.77 400.37 17 45 2
9 95.79 86.56 0.28 304.22 6 45 2
10 19.43 53.61 8.82 314.32 2 41 2
11 84.55 2.61 4.49 456.69 16 34 2
12 8.07 76.63 23.57 219.82 11 15 1
13 25.49 7.87 23.59 282.62 23 41 1
14 1.92 13.11 29.61 437.79 13 21 1
15 74.05 49.27 45.20 306.51 20 34 2
16 70.18 82.40 9.38 431.06 15 17 1
17 89.00 54.41 40.97 379.12 16 38 1
18 33.18 40.81 38.52 189.14 15 30 2
19 41.41 18.98 43.81 201.58 20 48 2
20 87.56 78.81 30.27 187.18 22 44 1
21 60.66 97.13 41.17 452.15 6 9 1
22 32.76 13.68 46.53 190.96 0 43 1
23 33.32 67.58 34.01 289.05 8 20 1
24 89.51 0.31 27.54 476.90 3 26 2
25 61.70 14.87 40.41 118.95 9 44 1
26 42.90 97.85 42.64 176.06 22 26 1
27 88.13 29.57 30.13 319.39 7 38 2
28 30.56 22.68 12.81 164.73 5 40 2
29 19.36 38.93 34.99 254.13 16 24 2
30 54.75 16.84 44.61 414.26 1 42 1
31 23.83 79.46 24.51 341.88 4 36 2
32 39.35 58.58 37.81 248.79 22 47 2
33 15.02 9.26 12.80 129.25 7 10 2
34 42.52 38.82 31.04 419.91 17 42 1
35 28.33 38.18 23.29 85.17 4 15 2
36 94.55 69.08 44.55 394.83 5 6 1
37 39.15 12.31 4.92 306.01 12 43 1
38 44.17 50.34 22.60 72.57 1 48 2
39 88.45 68.86 28.23 288.71 15 44 1
40 72.47 9.31 43.13 277.05 7 27 2
41 43.07 36.25 5.15 195.49 10 42 2
42 9.88 21.75 18.00 310.46 19 44 1
43 88.19 92.21 15.21 270.17 13 26 2
44 80.79 60.17 27.08 61.70 11 23 1
45 16.85 94.92 18.99 391.68 21 27 2
46 26.73 2.21 47.50 243.25 5 20 1
47 32.33 36.16 42.59 438.83 24 36 1
48 18.11 23.58 14.67 239.35 0 43 2
49 39.93 93.91 7.89 243.71 14 22 2
50 53.97 53.66 23.16 229.96 8 12 2
51 19.58 95.38 47.56 287.86 21 21 2
52 76.63 37.29 24.60 392.33 8 42 1
53 92.82 61.95 46.37 426.13 8 33 1
54 4.92 95.97 21.30 380.19 0 30 1
55 54.24 58.25 41.16 222.07 1 24 1
56 68.75 91.23 40.07 143.42 20 22 2
57 30.75 87.95 0.27 204.31 22 30 2
58 54.58 16.02 4.33 434.73 7 13 1
59 4.34 58.10 22.56 65.53 22 40 2
60 10.19 5.81 8.28 321.46 24 28 1
61 49.59 60.81 41.86 400.27 14 30 1
62 1.34 38.70 38.40 252.21 0 16 1
63 69.52 5.82 13.30 231.92 19 24 2
64 40.25 65.25 2.15 318.32 3 12 1
65 44.23 42.10 9.76 496.29 2 34 2
66 61.65 65.35 47.65 107.56 5 26 2
67 29.82 56.93 12.22 346.28 14 25 2
68 72.17 74.36 47.44 201.70 15 30 2
69 49.87 23.79 6.87 69.08 4 48 1
70 1.96 18.81 24.29 350.09 8 13 1
71 71.92 5.22 37.71 333.05 6 42 2
72 2.14 55.84 36.66 209.50 22 42 2
73 81.79 89.60 45.49 348.72 6 8 2
74 11.26 99.21 24.66 144.35 13 24 1
75 95.21 11.35 12.06 323.30 19 41 2
76 82.47 60.30 2.00 113.72 18 25 1
77 59.94 18.19 48.80 367.98 7 25 2
78 18.86 68.97 39.24 307.84 17 47 2
79 52.52 88.97 9.01 340.22 23 24 2
80 22.77 15.12 24.17 140.54 22 22 1
81 45.60 79.94 27.07 332.83 19 32 1
82 26.90 12.24 7.97 210.42 0 39 1
83 48.56 32.70 11.89 159.99 11 41 1
84 77.25 47.45 31.32 389.81 14 45 2
85 2.18 5.96 31.45 55.09 6 45 2
86 13.42 18.16 7.07 383.66 4 28 1
87 52.56 15.69 28.42 404.89 23 39 2
88 96.15 82.82 5.06 52.42 20 33 1
89 16.38 19.73 43.89 446.06 12 38 2
90 99.52 15.61 29.26 272.92 10 48 2
91 38.87 17.66 4.47 277.24 18 40 1
92 20.89 25.80 4.49 104.25 8 39 2
93 93.67 72.19 15.73 342.52 6 36 1
94 74.48 57.48 49.90 386.54 11 25 2
95 65.57 13.49 30.96 162.14 7 32 2
96 51.83 29.34 20.02 315.83 22 45 1
97 14.25 15.69 34.95 125.38 22 43 1
98 21.76 17.85 29.20 478.12 11 31 1
99 67.49 71.68 17.37 150.48 7 30 1
100 38.71 22.81 5.39 70.15 5 46 1
101 37.95 74.68 32.51 288.18 23 41 1
102 47.49 94.66 28.04 141.97 18 37 2
103 42.25 27.59 38.95 398.70 7 12 1
104 18.88 53.47 47.28 105.71 18 25 2
105 54.51 30.45 0.02 468.99 15 46 2
106 70.25 41.16 32.01 396.74 12 26 2
107 55.08 41.96 3.44 438.90 10 29 2
108 34.12 70.98 39.59 212.19 10 25 1
109 5.79 29.78 28.07 233.13 13 45 1
110 6.72 72.46 44.02 346.30 18 35 1
111 10.46 99.01 11.60 194.30 18 18 1
112 49.18 3.20 47.96 278.79 15 16 1
113 0.65 64.23 8.66 232.47 5 19 1
114 42.33 72.53 5.18 200.06 21 39 1
115 55.28 4.54 24.47 63.20 12 47 1
116 95.39 11.47 29.92 345.96 8 15 1
117 8.90 49.74 25.03 469.24 14 29 2
118 74.94 97.23 42.33 224.07 7 37 1
119 30.34 5.76 12.49 52.67 2 43 1
120 40.98 42.58 35.69 440.94 9 22 2
121 2.90 47.21 6.07 82.27 0 25 2
122 84.15 78.09 48.62 159.04 23 39 2
123 77.71 68.90 46.08 248.30 13 35 2
124 3.31 86.29 43.22 392.54 6 9 2
125 59.04 50.83 37.87 179.35 15 26 2
126 13.88 6.21 23.67 251.32 6 19 2
127 0.88 15.71 34.85 409.96 10 20 2
128 21.05 97.78 15.59 168.41 18 21 1
129 78.38 21.19 46.84 496.97 0 15 2
130 10.17 68.94 26.27 469.86 3 16 2
131 87.65 43.20 14.64 453.76 13 38 1
132 64.72 21.45 20.27 102.92 23 34 1
133 9.50 74.96 23.68 375.02 24 39 1
134 28.07 53.99 11.38 444.02 16 20 2
135 36.88 27.97 12.90 348.22 14 31 2
136 24.49 75.41 35.29 205.84 6 8 2
137 9.10 21.79 37.17 454.46 19 24 2
138 68.96 12.08 33.04 262.89 10 11 2
139 32.68 46.53 36.64 186.38 9 35 2
140 38.75 6.34 6.81 483.09 13 42 2
141 95.86 7.89 16.96 209.05 8 8 2
142 8.83 41.03 49.93 321.63 21 31 2
143 68.22 55.79 18.17 246.28 13 30 1
144 63.36 94.93 26.47 486.08 10 20 1
145 40.58 54.15 8.77 288.60 15 20 2
146 31.21 27.95 29.12 128.09 5 43 2
147 12.59 90.20 40.71 81.00 11 38 1
148 23.21 57.65 47.95 276.54 9 41 2
149 30.13 48.04 46.16 114.42 9 27 2
150 86.48 78.65 16.34 311.93 17 28 2
151 14.24 8.37 16.14 64.40 0 16 1
152 11.81 35.92 24.15 141.30 15 27 1
153 21.57 47.11 39.63 88.40 17 48 1
154 69.99 21.54 49.44 375.01 11 20 1
155 89.36 40.95 9.86 296.67 20 30 1
156 8.06 6.41 6.84 189.24 22 36 2
157 15.81 69.89 36.27 351.57 15 21 2
158 20.92 54.43 5.28 229.58 5 32 1
159 38.73 6.43 39.80 71.21 20 36 2
160 4.88 64.03 44.14 396.67 3 12 2
161 44.96 96.37 40.58 441.67 13 41 2
162 62.65 45.47 11.81 60.70 1 32 1
163 13.46 23.98 25.94 449.14 2 34 2
164 93.22 26.28 40.58 88.80 7 29 1
165 86.14 18.08 37.41 356.96 6 33 2
166 83.18 64.57 5.03 430.53 20 41 1
167 71.14 72.28 3.98 143.08 5 33 1
168 71.07 67.26 42.77 314.78 14 33 1
169 87.67 44.64 23.34 482.50 23 45 2
170 82.50 24.93 10.17 188.10 3 15 1
171 52.57 48.49 28.41 209.18 12 40 2
172 34.66 46.27 18.21 399.99 3 45 1
173 37.81 93.84 38.87 321.35 1 37 2
174 28.78 78.36 20.36 334.00 2 30 1
175 84.00 66.59 45.39 125.33 6 22 1
176 9.10 59.07 10.53 434.90 1 15 1
177 68.95 30.39 24.32 446.91 6 42 2
178 85.40 28.69 15.80 204.23 6 37 2
179 24.86 12.85 11.63 303.17 17 24 1
180 52.93 54.78 38.50 54.76 5 6 1
181 47.01 58.31 39.92 52.11 21 33 2
182 28.59 24.03 15.00 226.31 16 34 2
183 14.25 12.69 49.62 321.61 19 21 1
184 55.02 34.28 48.41 317.32 23 28 2
185 35.62 44.72 11.24 224.79 2 31 2
186 8.92 44.79 9.78 464.71 23 44 1
187 70.73 79.79 20.93 479.75 2 15 2
188 28.18 73.19 4.99 350.87 24 38 2
189 56.15 34.98 22.49 61.91 21 24 1
190 27.76 9.47 24.82 421.41 12 32 1
191 16.04 71.08 27.54 412.55 12 40 2
192 26.69 50.36 33.17 183.45 16 21 2
193 16.18 8.12 48.21 211.96 9 9 1
194 81.69 39.55 23.11 450.35 3 34 1
195 40.26 83.47 10.50 312.54 15 27 2
196 17.48 46.43 39.49 223.17 13 32 2
197 16.31 93.55 0.39 296.80 1 16 2
198 14.53 40.90 41.78 205.12 21 47 2
199 39.45 2.53 47.69 66.32 9 41 2
200 94.17 30.40 48.01 131.87 21 39 1
201 91.56 82.98 39.66 499.99 17 18 2
202 57.36 73.36 26.04 288.24 3 13 2
203 65.88 85.57 48.79 60.28 3 14 2
204 84.96 81.57 7.32 150.85 4 34 1
205 3.56 67.04 6.15 236.75 23 43 2
206 62.28 47.32 21.88 402.49 9 15 2
207 0.24 59.31 15.37 146.94 22 24 2
208 23.28 84.16 47.20 494.54 23 41 1
209 46.69 12.03 37.74 319.03 20 34 2
210 18.23 28.80 17.29 56.10 6 40 1
211 94.61 58.03 16.06 464.89 6 7 2
212 0.24 6.43 12.47 195.73 2 9 1
213 37.35 7.55 0.74 76.77 13 40 2
214 74.65 78.83 27.12 84.28 20 22 1
215 95.89 17.39 23.40 252.89 1 22 2
216 88.23 23.59 36.93 118.71 1 17 1
217 2.32 57.29 26.95 66.62 16 34 2
218 48.31 21.08 15.59 111.48 9 25 1
219 55.61 30.43 21.43 91.14 17 44 2
220 37.02 59.46 31.84 99.85 9 10 1
221 22.38 99.49 8.70 486.60 17 37 1
222 45.99 95.29 41.91 89.36 19 38 2
223 75.66 18.98 22.98 109.35 4 35 2
224 33.93 79.70 33.42 265.89 5 28 2
225 61.82 0.65 35.61 353.14 18 36 1
226 0.84 75.23 4.04 243.64 19 34 1
227 73.45 92.60 33.40 464.09 15 46 1
228 10.24 57.16 31.54 493.38 0 44 2
229 65.36 38.72 3.21 483.94 14 37 1
230 23.36 71.31 35.72 80.10 11 14 1
231 2.67 58.15 36.15 195.96 3 5 2
232 60.80 48.19 21.02 428.96 19 29 1
233 81.59 62.34 27.69 68.57 10 37 2
234 83.97 40.28 6.30 429.99 6 27 2
235 7.22 78.19 27.58 294.20 23 40 2
236 18.24 15.57 28.75 373.78 8 20 1
237 59.01 85.05 25.63 219.14 23 48 2
238 42.31 50.24 12.30 80.58 4 28 1
239 67.10 17.14 10.13 300.13 16 32 2
240 9.99 15.65 23.32 314.37 14 42 2
241 93.94 37.38 10.84 399.40 14 19 1
242 98.77 45.94 3.04 186.26 12 16 1
243 7.06 87.20 45.51 453.43 22 24 2
244 21.38 80.70 25.05 165.41 8 8 1
245 73.00 37.49 12.93 466.97 18 34 1
246 96.27 60.97 36.52 155.78 24 48 2
247 32.77 99.84 37.93 138.45 23 24 2
248 35.08 21.92 44.17 413.98 3 20 2
249 82.39 49.02 12.97 284.63 24 37 2
250 14.14 54.43 8.73 150.73 19 41 1
251 63.67 46.19 3.31 175.58 10 17 1
252 48.80 98.19 10.76 310.18 21 36 1
253 43.23 82.53 39.88 345.09 18 35 1
254 96.50 18.13 23.98 413.66 22 37 1
255 74.71 29.48 40.73 435.31 0 6 2
256 35.59 61.74 5.47 364.67 15 17 1
257 56.12 38.52 33.57 272.92 11 33 1
258 95.05 78.83 3.16 305.18 5 18 1
259 53.67 25.82 45.88 378.45 12 35 1
260 15.59 89.34 22.70 213.71 3 11 1
261 45.87 51.32 14.87 383.09 14 48 1
262 48.63 68.98 47.81 222.07 7 16 1
263 46.45 91.65 49.82 211.02 23 25 1
264 64.25 93.08 19.79 499.33 23 24 1
265 81.60 81.85 2.40 289.69 22 35 1
266 36.04 5.46 21.57 430.07 18 30 1
267 74.89 70.65 15.41 277.77 13 41 2
268 1.33 32.53 38.99 212.77 13 28 1
269 10.32 37.91 46.29 343.79 0 44 2
270 51.50 25.51 23.76 162.59 2 17 1
271 22.02 12.03 34.12 74.22 8 34 2
272 78.35 71.31 24.93 284.54 9 46 2
273 56.91 36.10 17.37 355.23 10 27 2
274 12.99 95.83 10.27 408.27 22 25 1
275 19.96 87.39 17.16 310.67 16 38 2
276 0.05 41.26 36.26 268.03 4 18 1
277 79.76 81.90 33.52 409.10 23 27 1
278 59.87 56.34 28.06 205.25 21 39 1
279 50.35 89.25 10.12 94.14 14 38 1
280 17.64 92.43 18.40 489.05 4 21 2
281 26.94 98.84 41.14 143.57 18 36 2
282 98.10 14.02 45.96 394.40 16 16 2
283 27.76 14.63 49.71 208.17 23 33 1
284 70.65 40.99 40.59 174.56 16 36 2
285 30.60 72.47 42.11 180.41 6 16 1
286 88.74 17.22 12.32 172.51 15 18 1
287 3.48 66.02 38.35 266.73 15 39 2
288 33.87 32.44 41.35 420.87 9 18 1
289 11.69 66.74 26.01 289.32 10 33 2
290 49.40 98.58 41.05 365.38 14 31 2
291 68.14 37.83 31.24 237.27 0 21 2
292 80.79 29.98 7.42 90.77 9 9 2
293 91.46 14.01 39.08 209.00 9 39 1
294 41.76 36.98 13.87 320.49 9 21 1
295 83.56 22.36 45.07 187.03 14 14 2
296 0.14 97.72 39.11 440.35 14 47 1
297 52.93 75.50 1.30 474.07 12 44 2
298 49.44 12.54 9.74 449.81 23 43 2
299 67.78 43.24 31.08 487.91 1 36 2
300 91.60 49.23 44.96 478.14 15 40 1
1 102.94 3281.45 1
2 156.62 4428.29 2
3 153.11 3202.79 1
4 160.96 3513.20 1
5 106.14 3703.89 1
6 197.48 4514.28 2
7 152.03 3905.84 2
1 1.47 29.02 2
2 1.06 45.62 6
3 1.40 40.78 4
4 1.44 48.34 3
5 1.27 36.65 7
6 1.23 41.07 4
7 1.65 43.40 5
8 1.09 49.15 2
9 1.38 26.90 3
10 1.88 29.27 1
11 1.12 25.77 3
12 1.15 29.76 3
13 1.16 31.67 1
14 1.19 37.99 3
15 1.79 34.61 3
