Data for Vehicle routing problem with drones - Author: Huyen Do Thi Ngoc
Number of depots: 1
Number of cities: 300
Number of trucks: 3
Number of drones: 10
Area: 100 100 50
Customer maximum demand: 500
Max capacity of truck: 200
Max energy of truck: 5000
Max capacity of drone: 2
Max energy of drone: 50
1 41.05 27.33 20.99
1 82.20 65.86 18.68 378.40 10 17 1
2 51.97 51.28 8.30 387.49 24 44 1
3 8.56 92.33 20.62 394.66 5 26 1
4 6.73 52.50 9.90 320.28 19 40 1
5 20.87 39.03 12.48 403.40 12 35 1
6 60.42 91.12 24.69 324.75 2 6 1
7 73.43 48.61 19.73 453.53 4 43 1
8 82.78 1.10 24.51 441.98 18 37 1
9 79.83 52.39 3.59 350.11 10 46 1
10 16.79 81.38 13.81 402.95 2 46 1
11 10.42 57.36 12.01 402.64 19 24 1
12 49.31 41.24 35.40 471.30 23 47 1
13 91.81 11.30 5.45 307.89 3 4 1
14 40.83 94.88 7.10 203.03 20 27 1
15 48.04 77.80 8.09 185.83 22 38 1
16 1.50 76.52 23.44 387.34 9 9 1
17 96.80 52.99 39.75 263.07 23 28 1
18 37.56 91.59 23.19 239.71 1 18 1
19 90.23 26.49 12.90 108.67 9 44 1
20 92.04 30.62 20.52 319.24 7 37 1
21 21.23 56.81 16.11 424.40 14 45 1
22 4.81 5.56 42.43 482.96 18 30 1
23 6.23 82.42 4.72 132.67 23 34 1
24 48.85 38.08 42.00 164.07 23 33 1
25 58.02 7.96 47.46 232.34 23 48 1
26 23.21 41.66 12.53 301.47 2 24 1
27 37.76 64.77 39.23 485.91 21 29 1
28 78.99 62.39 41.62 321.13 9 10 1
29 96.85 83.07 18.82 136.07 23 33 1
30 50.62 70.17 4.15 360.66 8 44 1
31 73.23 32.54 34.43 404.79 0 0 1
32 8.91 21.13 41.67 83.61 0 18 1
33 9.50 57.41 1.10 214.64 10 25 1
34 10.26 39.17 0.65 335.03 6 41 1
35 41.32 69.74 20.64 120.52 7 10 1
36 14.00 36.74 8.90 256.88 5 11 1
37 60.09 68.54 41.69 327.05 6 6 1
38 25.15 74.89 26.35 478.19 23 28 1
39 70.71 8.51 18.54 257.11 6 32 1
40 12.93 73.82 9.55 140.43 7 11 1
41 45.85 63.29 49.07 261.09 1 23 1
42 82.95 45.47 19.07 165.64 13 44 1
43 17.52 85.54 38.32 314.53 22 42 1
44 76.44 2.95 23.81 330.75 11 15 1
45 28.56 63.19 8.65 251.08 21 36 1
46 61.90 95.06 23.19 368.24 18 26 1
47 1.55 37.31 49.63 442.37 12 34 1
48 4.82 92.41 19.66 264.20 1 11 1
49 41.55 33.54 35.33 449.23 16 43 1
50 52.12 91.89 26.40 101.33 11 36 1
51 34.61 14.96 5.95 116.05 0 38 1
52 12.83 39.09 29.75 167.22 11 25 1
53 59.98 79.59 47.05 354.47 20 27 1
54 74.81 89.44 29.72 478.56 1 25 1
55 79.08 21.17 22.52 314.50 1 33 1
56 21.41 45.75 9.22 326.28 16 16 1
57 49.69 19.08 46.08 247.91 5 25 1
58 65.14 23.19 37.51 472.60 2 47 1
59 58.83 29.85 36.00 482.37 0 44 1
60 24.95 6.15 23.21 462.35 5 21 1
61 80.79 27.00 15.02 215.74 21 30 1
62 81.17 35.41 34.52 464.79 0 5 1
63 88.16 2.28 8.97 495.80 0 10 1
64 21.02 27.50 7.58 210.00 22 32 1
65 96.74 36.22 0.47 254.74 8 42 1
66 49.89 90.68 19.80 345.06 7 32 1
67 43.14 65.13 37.28 456.50 18 23 1
68 47.25 65.63 30.96 401.38 12 28 1
69 29.63 73.25 8.77 451.51 16 48 1
70 94.99 29.00 35.71 388.29 1 47 1
71 89.40 1.23 4.81 206.36 24 36 1
72 95.54 86.46 40.04 442.15 13 47 1
73 7.38 62.46 42.75 69.39 10 13 1
74 33.00 81.79 23.94 302.74 6 38 1
75 70.52 41.49 4.90 491.83 5 16 1
76 52.26 21.75 9.69 262.32 9 14 1
77 88.12 81.24 12.01 208.79 5 43 1
78 90.28 4.10 10.96 178.10 17 46 1
79 55.37 94.27 22.95 330.49 6 13 1
80 95.06 35.53 6.70 57.57 21 48 1
81 53.93 62.19 14.23 498.42 24 45 1
82 76.58 63.26 32.47 254.11 24 24 1
83 54.67 80.50 41.14 248.73 3 16 1
84 99.68 42.26 3.16 51.52 15 33 1
85 95.81 51.09 20.75 328.94 0 22 1
86 43.92 85.30 26.81 432.71 7 7 1
87 55.94 11.67 7.25 420.41 13 33 1
88 21.19 50.54 5.72 470.71 21 45 1
89 22.61 1.19 3.08 259.51 13 16 1
90 77.16 37.63 34.65 191.47 0 22 1
91 31.71 88.38 0.15 148.69 4 31 1
92 3.04 25.11 32.52 193.81 6 15 1
93 24.16 64.06 6.36 227.52 1 33 1
94 58.09 72.25 6.00 422.14 14 30 1
95 83.69 76.28 9.17 77.08 24 33 1
96 89.83 26.20 29.11 196.87 16 24 1
97 48.50 16.73 27.99 69.50 22 29 1
98 51.08 52.23 43.01 276.28 15 33 1
99 92.08 41.53 42.81 381.92 10 48 1
100 92.86 56.36 31.42 269.57 11 36 1
101 55.14 48.74 2.90 475.72 22 22 1
102 87.34 88.68 35.82 213.88 21 37 1
103 84.19 20.77 19.41 171.04 11 25 1
104 3.83 94.87 43.70 448.62 18 39 1
105 50.06 56.49 28.52 321.23 5 19 1
106 75.56 71.28 6.30 310.42 12 27 1
107 9.58 37.06 17.84 286.47 19 46 1
108 27.73 88.88 19.51 215.98 12 12 1
109 58.72 52.83 14.62 382.41 7 27 1
110 89.09 23.85 27.58 291.22 23 43 1
111 60.79 2.77 40.20 407.52 2 13 1
112 72.80 44.05 26.38 381.41 10 30 1
113 21.53 1.81 37.50 294.54 24 41 1
114 60.10 31.67 20.46 127.13 10 18 1
115 17.25 97.17 17.55 410.05 2 32 1
116 71.37 23.08 11.17 271.74 13 48 1
117 71.17 13.61 40.59 495.66 3 39 1
118 40.13 78.66 16.44 330.11 4 35 1
119 35.15 77.12 45.66 335.15 9 16 1
120 74.21 59.46 37.94 339.89 1 4 1
121 16.46 50.77 43.15 200.02 17 22 1
122 93.68 7.60 35.26 270.21 18 32 1
123 71.65 15.67 12.41 325.66 19 32 1
124 59.31 20.39 34.16 105.76 16 46 1
125 40.99 3.59 33.84 195.25 24 48 1
126 1.92 47.85 14.29 217.05 12 45 1
127 26.91 34.35 46.20 103.11 9 41 1
128 3.17 38.16 11.33 360.71 1 42 1
129 78.90 40.27 0.63 257.23 22 22 1
130 95.09 84.34 8.84 266.87 14 44 1
131 90.79 1.40 39.90 281.36 6 25 1
132 71.88 25.52 2.75 191.76 23 31 1
133 37.29 4.36 44.36 379.24 5 43 1
134 28.91 72.00 17.77 431.90 8 40 1
135 35.46 6.51 12.11 387.05 9 19 1
136 45.31 72.06 2.13 212.48 13 27 1
137 91.69 99.95 29.76 476.62 15 20 1
138 99.77 66.38 14.58 351.65 15 23 1
139 25.80 30.93 11.20 412.47 17 20 1
140 24.93 9.84 20.74 380.08 22 44 1
141 47.77 84.14 13.21 175.95 0 40 1
142 52.89 86.71 5.55 271.73 11 40 1
143 82.52 93.15 5.59 345.48 18 36 1
144 75.23 82.83 49.88 218.02 12 41 1
145 41.28 23.67 30.25 141.42 12 19 1
146 67.34 52.66 19.61 481.10 17 24 1
147 31.09 70.23 6.05 167.13 17 36 1
148 67.89 57.24 16.59 208.19 14 44 1
149 18.03 28.09 34.83 425.75 10 18 1
150 7.82 8.63 31.29 401.41 11 17 1
151 75.79 45.47 42.63 305.63 12 29 1
152 48.50 95.10 14.27 233.57 23 34 1
153 63.25 27.01 37.63 90.37 16 41 1
154 12.08 31.84 26.47 396.73 8 28 1
155 38.89 99.50 5.85 62.96 23 28 1
156 97.69 10.04 33.48 355.59 22 26 1
157 46.87 65.76 33.76 422.47 15 44 1
158 63.94 22.60 17.24 183.31 13 20 1
159 57.67 33.19 28.70 374.76 19 23 1
160 97.07 4.78 47.84 82.62 7 35 1
161 33.15 45.82 39.65 390.94 16 32 1
162 91.59 99.58 9.49 475.38 17 45 1
163 96.26 69.54 48.18 447.60 21 38 1
164 81.80 24.60 45.55 474.94 8 23 1
165 90.33 77.50 28.93 364.58 11 33 1
166 3.14 36.78 18.58 418.61 15 46 1
167 0.33 9.92 49.40 174.42 5 44 1
168 44.61 19.10 44.38 87.73 19 42 1
169 59.48 26.94 21.30 274.03 21 27 1
170 42.79 93.68 9.04 395.65 18 24 1
171 78.84 34.11 21.80 231.18 19 38 1
172 52.69 62.94 41.49 82.88 10 37 1
173 17.52 31.58 26.10 261.54 2 32 1
174 26.62 32.93 49.75 471.47 3 5 1
175 51.28 41.91 6.44 397.29 5 14 1
176 75.42 55.29 41.94 450.33 20 26 1
177 85.00 32.69 17.79 252.21 20 23 1
178 12.91 25.82 44.19 309.49 9 47 1
179 2.47 85.91 10.68 331.78 22 31 1
180 68.59 46.54 35.75 150.45 16 48 1
181 48.80 13.37 17.21 484.15 7 26 1
182 90.73 4.03 35.96 86.53 10 45 1
183 41.40 21.55 33.70 438.27 3 41 1
184 43.16 93.90 10.68 155.66 10 10 1
185 31.34 5.38 40.27 392.44 2 16 1
186 58.10 79.58 12.82 93.72 3 14 1
187 10.50 69.23 5.42 419.13 22 27 1
188 16.05 17.70 38.53 163.45 23 35 1
189 20.84 45.83 25.09 416.67 5 32 1
190 52.33 1.78 22.40 437.95 23 46 1
191 2.72 53.90 12.38 405.82 8 23 1
192 53.53 72.74 33.90 443.95 16 44 1
193 64.32 43.06 8.23 207.88 9 19 1
194 2.94 83.38 48.04 213.73 5 45 1
195 4.62 47.80 18.25 114.34 24 25 1
196 63.06 52.87 45.13 336.42 9 26 1
197 98.25 8.87 17.70 343.66 8 40 1
198 70.46 11.76 36.77 320.00 22 35 1
199 55.69 54.67 25.69 454.93 14 34 1
200 62.68 15.64 14.89 88.32 11 22 1
201 25.73 27.89 15.16 403.54 9 17 1
202 6.16 46.66 41.82 453.19 20 48 1
203 51.92 38.41 20.68 269.47 16 40 1
204 15.09 75.51 45.08 398.36 0 25 1
205 35.33 81.95 7.43 191.60 7 7 1
206 67.74 11.62 37.30 345.15 10 35 1
207 35.01 31.76 34.80 243.79 20 24 1
208 46.10 54.07 19.40 459.18 19 35 1
209 68.95 95.95 11.65 134.90 17 37 1
210 85.44 16.20 28.84 368.85 24 25 1
211 40.57 25.83 9.06 341.62 3 11 1
212 27.73 44.08 6.76 390.80 12 34 1
213 88.35 70.37 28.06 404.67 22 31 1
214 35.24 62.31 1.91 323.77 3 45 1
215 14.94 50.33 5.29 391.28 1 32 1
216 19.09 50.94 30.54 98.54 8 39 1
217 66.71 15.17 16.20 360.41 13 42 1
218 94.63 3.54 9.85 398.63 3 8 1
219 16.05 90.13 25.28 347.91 6 25 1
220 55.12 89.72 24.03 185.25 5 35 1
221 69.34 70.84 29.29 452.61 0 32 1
222 85.00 91.84 46.31 336.09 14 36 1
223 76.98 69.84 20.54 198.06 15 28 1
224 71.61 67.39 22.29 309.88 3 46 1
225 53.08 30.79 14.20 379.06 13 22 1
226 8.10 54.52 21.63 357.66 0 0 1
227 64.73 3.73 16.63 382.26 16 40 1
228 35.63 57.31 25.87 218.46 8 13 1
229 73.02 88.42 35.28 378.57 5 24 1
230 32.89 25.18 45.03 315.39 17 41 1
231 51.98 6.77 12.54 94.74 1 1 1
232 96.91 76.91 32.23 129.63 18 35 1
233 15.40 65.10 42.81 303.31 22 47 1
234 90.93 85.35 11.83 303.87 23 26 1
235 21.55 46.99 19.56 263.86 11 19 1
236 92.14 25.60 7.54 360.49 2 10 1
237 25.17 92.41 49.26 351.61 0 42 1
238 80.87 6.18 23.31 411.67 24 24 1
239 57.52 90.25 17.43 374.23 6 36 1
240 2.81 70.41 38.20 171.63 20 23 1
241 17.55 20.04 46.83 160.59 20 42 1
242 88.93 31.89 43.32 350.13 9 48 1
243 63.97 70.40 1.28 259.14 23 24 1
244 66.10 68.99 40.06 62.38 16 34 1
245 99.66 50.63 17.06 224.71 20 34 1
246 54.18 12.13 43.41 419.48 0 47 1
247 76.22 59.74 25.20 304.65 22 36 1
248 27.81 7.50 26.21 374.72 24 26 1
249 99.61 94.59 23.82 139.60 8 24 1
250 78.60 63.07 42.83 347.95 18 33 1
251 40.23 6.01 26.21 125.82 17 19 1
252 24.44 51.68 47.01 484.43 9 27 1
253 64.89 86.09 20.85 242.10 21 27 1
254 39.15 62.45 38.04 435.20 18 21 1
255 20.74 6.69 26.80 455.69 14 16 1
256 17.68 73.33 38.69 113.25 9 21 1
257 4.90 78.51 48.58 152.59 14 27 1
258 32.96 35.44 2.45 199.05 6 42 1
259 59.82 93.97 43.30 174.90 14 29 1
260 30.61 54.00 22.77 278.14 21 36 1
261 49.41 66.12 25.06 385.58 6 37 1
262 78.17 81.88 36.72 145.54 6 34 1
263 86.32 68.40 4.96 183.12 12 46 1
264 55.10 87.90 43.52 453.47 7 27 1
265 92.95 93.88 45.08 389.04 11 36 1
266 69.73 43.60 22.40 395.34 4 16 1
267 82.62 71.52 5.83 321.73 17 28 1
268 46.27 27.53 20.39 62.59 8 8 1
269 97.04 5.28 9.45 94.16 8 20 1
270 25.76 9.07 7.86 213.31 21 41 1
271 20.44 78.08 24.07 406.80 9 15 1
272 57.64 80.13 30.74 88.87 5 47 1
273 44.21 43.12 8.53 462.21 12 29 1
274 16.68 80.94 20.65 105.85 16 40 1
275 70.30 51.07 36.90 343.60 19 37 1
276 5.69 46.73 13.35 366.14 10 38 1
277 54.14 5.18 45.30 298.37 21 26 1
278 75.06 21.03 15.95 266.53 2 24 1
279 36.78 97.52 22.26 100.70 22 27 1
280 76.85 77.08 43.52 351.55 19 47 1
281 37.31 91.85 28.77 285.66 23 39 1
282 79.87 86.63 40.23 288.31 21 30 1
283 94.60 96.84 30.05 279.75 9 13 1
284 59.90 4.88 21.85 90.74 23 33 1
285 36.45 1.71 16.53 396.25 21 31 1
286 47.86 33.77 10.98 232.24 1 40 1
287 80.23 89.91 19.92 326.61 21 24 1
288 69.03 24.27 49.62 398.08 10 29 1
289 78.10 87.22 18.47 276.01 18 34 1
290 49.38 40.07 16.77 393.57 23 41 1
291 92.82 57.74 1.96 93.64 12 21 1
292 44.40 93.85 5.95 329.98 15 18 1
293 88.59 59.69 5.68 354.90 0 41 1
294 85.99 5.57 3.85 442.98 15 48 1
295 92.49 16.83 37.69 492.37 14 48 1
296 39.39 69.00 34.87 135.96 19 48 1
297 80.86 27.95 1.29 437.91 22 23 1
298 38.56 85.73 44.29 329.37 11 24 1
299 30.83 14.60 26.60 258.12 11 13 1
300 2.28 85.37 29.39 148.35 16 35 1
1 184.37 2967.24 1
2 184.24 3774.75 1
3 101.97 2947.13 1
1 1.54 31.97 3
2 1.10 43.15 2
3 1.01 30.16 2
4 1.21 26.31 3
5 1.73 35.12 1
6 1.31 33.07 1
7 1.55 30.45 2
8 1.22 34.75 1
9 1.46 36.92 1
10 1.49 36.73 2
