Data for Vehicle routing problem with drones - Author: Huyen Do Thi Ngoc
Number of depots: 2
Number of cities: 400
Number of trucks: 3
Number of drones: 12
Area: 100 100 50
Customer maximum demand: 500
Max capacity of truck: 200
Max energy of truck: 5000
Max capacity of drone: 2
Max energy of drone: 50
1 53.93 9.08 2.40
2 44.48 46.22 21.34
1 2.28 43.43 7.14 214.93 17 31 1
2 23.45 22.31 17.57 421.01 14 47 1
3 19.96 87.63 47.53 76.14 20 48 1
4 44.00 16.75 14.80 418.78 8 34 1
5 61.67 96.40 13.29 383.23 23 30 2
6 17.43 51.09 21.64 314.28 0 7 1
7 47.81 77.53 24.63 166.76 1 22 1
8 94.34 0.71 10.85 298.07 22 24 2
9 55.84 61.93 47.52 454.82 3 20 2
10 32.96 30.01 38.01 181.56 18 32 1
11 89.42 69.32 47.15 292.67 6 8 2
12 68.83 1.88 7.94 359.91 5 24 2
13 34.37 12.11 17.44 58.84 16 36 2
14 41.73 25.43 40.45 121.15 8 12 2
15 2.78 82.65 40.03 420.77 23 39 1
16 83.96 89.94 41.30 66.02 4 28 1
17 50.99 79.82 13.39 174.97 12 26 1
18 42.62 55.71 25.58 319.13 24 29 2
19 55.22 37.51 28.15 362.29 4 42 2
20 75.40 64.06 23.77 421.47 12 38 2
21 73.75 57.58 8.66 91.19 16 16 1
22 72.76 42.93 43.07 68.00 7 41 1
23 43.33 88.96 9.33 352.71 22 31 2
24 51.00 40.15 23.23 65.46 12 23 1
25 72.62 72.76 39.85 318.25 23 38 2
26 29.44 91.94 36.13 360.52 22 33 1
27 72.09 54.57 27.67 164.80 20 41 1
28 0.10 72.20 30.50 425.56 21 44 1
29 11.14 66.92 6.01 179.27 14 37 1
30 33.38 68.39 45.26 454.84 16 31 1
31 31.57 26.08 43.58 150.17 2 35 2
32 44.68 88.68 21.88 135.97 19 19 1
33 96.51 32.86 36.32 87.00 13 32 1
34 2.16 86.20 47.54 302.61 18 25 2
35 35.82 23.16 17.39 206.61 1 35 1
36 16.44 79.52 49.01 404.53 17 44 2
37 70.61 67.87 5.56 130.79 3 31 2
38 79.02 70.64 6.29 127.67 8 16 2
39 17.16 57.12 13.63 466.00 5 33 1
40 17.43 57.64 9.88 205.12 15 15 2
41 31.87 84.56 16.23 158.07 17 19 1
42 30.80 23.62 45.30 408.51 21 25 2
43 61.35 49.06 4.51 142.28 15 41 2
44 47.52 9.13 30.11 358.06 6 35 1
45 2.83 74.96 18.26 491.11 16 37 2
46 77.05 20.98 34.85 168.00 24 29 2
47 25.07 48.36 39.05 76.33 4 22 2
48 6.34 87.95 0.17 395.60 17 47 2
49 53.07 20.81 48.71 235.37 10 14 1
50 18.24 66.45 18.03 325.67 16 39 1
51 27.97 63.61 9.21 301.11 3 8 2
52 74.78 47.46 6.23 372.87 11 24 2
53 99.18 48.69 0.52 306.43 2 22 1
54 19.94 94.52 6.11 180.34 14 45 2
55 78.85 20.84 0.63 385.21 23 23 2
56 92.67 4.47 37.21 202.43 18 32 2
57 30.58 41.12 5.08 363.59 10 18 2
58 88.84 32.76 40.19 127.33 24 24 1
59 58.40 82.52 18.66 211.35 17 38 2
60 3.84 91.02 16.02 50.40 2 23 2
61 92.37 50.63 18.95 141.72 17 37 2
62 91.31 43.94 9.31 392.57 14 17 1
63 57.15 35.39 9.72 395.57 23 45 2
64 88.70 30.91 32.69 331.19 14 27 1
65 84.04 0.12 49.01 330.28 8 39 2
66 12.66 41.23 11.54 446.16 7 21 1
67 31.38 46.97 8.21 50.20 0 43 2
68 43.32 32.00 30.18 54.36 22 38 1
69 59.76 99.78 22.21 90.23 3 45 1
70 73.02 84.19 48.70 165.26 11 28 1
71 24.66 12.19 47.67 146.76 23 24 2
72 41.39 40.47 19.74 460.57 19 25 1
73 1.91 40.32 29.39 177.65 8 47 2
74 47.17 29.16 38.00 460.16 0 44 1
75 53.55 85.20 13.40 165.81 23 28 1
76 47.51 48.16 2.98 225.89 18 31 1
77 32.74 57.56 41.29 359.12 18 45 1
78 20.27 93.06 16.57 280.45 23 35 2
79 30.08 50.12 45.90 93.45 11 33 2
80 72.26 90.74 42.35 345.90 13 28 1
81 39.89 10.88 18.65 329.93 13 14 2
82 33.86 37.17 41.95 61.26 11 18 1
83 28.79 39.90 2.30 122.33 24 32 2
84 32.24 32.99 8.03 475.64 12 35 2
85 83.59 81.52 29.11 252.32 19 36 1
86 59.29 12.46 48.76 54.18 1 4 2
87 83.57 92.39 28.45 55.63 8 9 1
88 94.10 12.72 2.33 257.70 1 13 1
89 4.57 88.71 6.54 256.29 16 22 1
90 2.78 68.05 5.11 385.16 21 38 1
91 55.21 33.41 11.80 248.29 19 24 1
92 34.51 94.83 24.90 342.68 23 37 2
93 79.43 20.64 39.06 463.71 2 29 1
94 76.00 88.91 7.40 222.96 10 19 2
95 28.65 20.38 16.72 116.59 10 27 1
96 88.43 53.22 26.65 71.28 21 23 2
97 68.07 24.17 49.80 162.13 0 16 1
98 90.96 67.10 3.56 346.15 24 31 2
99 52.59 1.61 31.15 70.16 0 9 2
100 49.40 51.26 38.02 61.39 17 28 1
101 20.50 52.96 44.19 202.25 2 14 1
102 25.08 13.73 44.47 373.24 16 37 2
103 19.35 13.94 31.00 78.74 11 24 1
104 56.08 59.53 26.64 56.35 1 44 1
105 10.64 45.65 13.39 451.25 4 16 1
106 52.93 70.32 16.29 160.03 20 23 2
107 27.24 81.51 43.85 366.62 20 40 1
108 11.36 97.82 2.90 246.17 0 42 2
109 75.64 67.10 18.96 295.66 10 41 2
110 12.99 18.68 2.37 166.00 0 31 1
111 85.78 83.92 17.31 474.29 17 36 1
112 61.96 22.59 24.02 476.04 7 42 1
113 26.00 93.35 19.48 110.62 5 25 1
114 31.18 1.11 30.62 97.66 8 11 2
115 53.30 87.69 42.97 493.10 16 46 1
116 21.78 18.53 11.93 128.15 9 32 1
117 70.38 11.07 9.53 396.46 5 25 1
118 1.13 58.23 35.03 77.40 14 38 2
119 7.13 68.51 47.41 233.22 12 47 2
120 66.30 13.56 41.93 249.07 9 22 2
121 71.21 5.01 41.60 253.88 11 26 2
122 23.25 27.44 36.59 239.67 11 37 1
123 61.24 78.86 16.45 59.54 19 32 2
124 15.61 8.09 25.91 335.02 0 40 1
125 47.26 27.05 32.32 408.86 4 29 2
126 68.22 52.32 26.00 339.49 15 27 2
127 86.30 48.01 20.14 137.17 20 30 2
128 40.92 51.83 21.07 470.41 23 35 1
129 26.60 25.21 21.17 160.46 7 10 2
130 95.62 16.70 19.97 308.23 13 26 1
131 52.99 51.64 14.16 181.06 21 37 2
132 18.06 78.37 28.48 240.05 4 24 2
133 28.91 90.65 26.78 91.56 8 11 1
134 31.64 76.71 36.49 209.45 11 38 1
135 1.52 97.60 21.75 260.14 5 6 2
136 82.58 84.06 11.01 368.77 3 32 1
137 53.83 36.52 7.02 349.97 1 40 1
138 32.18 18.23 45.99 203.31 14 40 1
139 67.90 44.08 1.27 58.61 4 37 2
140 32.96 43.97 16.35 489.08 22 42 1
141 75.28 51.02 5.28 275.16 16 31 2
142 32.61 74.29 19.92 275.77 23 31 1
143 2.12 77.61 12.80 222.40 17 22 1
144 54.69 71.40 19.32 293.66 19 28 1
145 51.42 95.69 19.27 70.19 22 23 1
146 81.30 94.15 13.82 240.40 24 47 1
147 9.62 59.46 27.41 62.51 8 23 1
148 9.43 90.10 46.20 222.73 16 39 2
149 90.61 10.70 13.22 69.39 20 28 1
150 52.48 30.42 26.83 293.19 12 28 1
151 67.40 37.07 48.65 204.97 21 33 1
152 4.68 25.38 49.08 243.81 18 18 2
153 23.57 79.07 31.31 347.31 16 22 2
154 39.01 0.65 11.89 296.03 19 27 1
155 85.80 71.81 30.03 430.41 24 39 1
156 97.47 60.32 43.99 106.37 10 14 1
157 54.23 39.93 35.52 346.83 16 34 1
158 62.77 7.10 13.51 106.14 1 37 2
159 92.71 28.73 35.21 415.78 13 39 1
160 53.65 56.71 21.31 270.54 4 4 2
161 73.75 17.20 7.08 131.25 19 24 1
162 83.93 66.63 20.00 474.38 6 38 1
163 25.15 27.20 36.96 177.23 9 47 1
164 80.06 49.96 23.43 89.58 20 31 1
165 27.51 17.66 5.15 475.89 0 16 2
166 22.84 69.20 4.88 497.92 19 30 2
167 99.98 34.98 10.43 231.08 11 33 1
168 65.90 19.47 30.88 497.11 2 34 1
169 48.19 89.39 3.68 375.33 9 20 1
170 59.27 15.23 34.01 321.65 16 21 2
171 81.30 72.47 16.88 348.81 1 37 1
172 59.58 0.19 17.76 463.82 11 17 2
173 59.87 20.50 3.78 377.66 17 33 2
174 64.13 66.95 5.96 89.86 11 48 2
175 60.83 67.25 15.76 233.75 15 16 1
176 71.36 31.75 38.52 146.17 23 44 1
177 84.84 35.62 39.36 232.50 8 24 2
178 11.98 74.39 25.83 282.47 10 41 2
179 44.76 67.44 19.05 91.08 7 22 2
180 48.93 53.90 12.82 175.97 7 18 1
181 32.47 57.90 27.07 288.23 14 31 2
182 20.62 93.64 22.54 135.22 17 26 2
183 79.26 18.02 29.77 198.15 10 33 1
184 71.19 75.42 4.41 375.09 8 41 2
185 35.38 16.52 34.10 340.49 22 44 1
186 91.68 60.43 28.91 484.77 4 13 1
187 10.58 6.67 35.17 455.72 17 35 2
188 62.27 97.67 45.72 175.40 24 26 1
189 27.53 88.48 43.54 146.23 7 41 1
190 98.40 80.32 31.67 176.15 4 4 2
191 69.56 92.83 43.62 167.01 5 19 1
192 84.63 83.49 39.26 157.81 6 15 1
193 67.33 76.02 23.47 289.42 0 24 2
194 83.67 30.13 3.02 70.57 14 48 1
195 42.12 86.32 30.97 334.61 5 15 2
196 18.43 84.22 13.81 392.00 21 37 2
197 82.29 85.79 40.10 65.09 19 26 1
198 37.17 45.34 4.37 297.63 23 25 2
199 46.34 83.95 39.91 363.55 9 26 1
200 88.89 7.60 36.98 247.73 2 39 1
201 49.67 19.53 37.46 461.52 11 45 1
202 43.15 96.00 19.48 416.78 10 13 1
203 67.37 7.59 35.19 404.00 23 28 1
204 15.04 46.75 9.69 425.05 9 17 1
205 87.94 61.94 23.48 300.53 18 37 1
206 96.41 92.17 9.82 172.42 3 30 2
207 30.55 8.07 35.85 103.01 10 47 1
208 42.95 94.70 24.41 197.07 24 41 2
209 70.83 16.55 47.85 191.95 6 29 2
210 7.95 21.83 37.57 427.40 4 4 2
211 78.24 7.44 9.83 486.01 11 34 1
212 63.79 14.94 26.35 398.04 0 45 1
213 22.15 79.55 24.61 59.14 12 12 1
214 13.44 30.44 31.76 493.53 16 31 2
215 88.21 35.58 6.52 218.87 9 30 2
216 80.91 76.00 28.48 232.64 0 40 2
217 24.17 34.58 33.70 159.69 0 36 1
218 64.78 51.79 26.75 251.24 9 37 1
219 84.71 2.97 20.28 125.14 17 26 2
220 25.35 75.93 11.39 162.80 20 47 2
221 41.47 97.85 19.49 184.32 9 24 1
222 41.24 64.99 34.20 222.08 21 43 2
223 32.26 1.06 19.49 273.63 23 36 1
224 64.73 84.40 49.88 68.98 24 36 2
225 79.02 42.94 27.04 321.05 12 18 2
226 15.71 38.92 46.37 255.07 23 43 2
227 18.99 41.01 47.06 87.16 3 34 1
228 43.82 21.97 21.71 337.44 19 24 2
229 79.43 32.60 46.10 268.79 14 41 2
230 54.46 37.71 35.74 311.36 7 32 1
231 0.46 60.06 12.12 299.99 15 42 2
232 65.34 37.79 27.95 446.50 14 37 1
233 85.09 98.82 0.03 405.41 0 2 1
234 5.78 52.75 6.16 447.24 4 37 2
235 17.58 69.12 42.22 196.34 0 34 2
236 39.58 47.66 9.07 460.02 16 27 1
237 88.69 76.17 47.61 54.30 15 35 2
238 18.48 22.60 46.83 409.11 14 28 1
239 8.30 8.52 48.95 63.41 7 36 1
240 78.08 23.34 11.70 144.44 5 34 1
241 34.54 49.38 4.30 243.40 16 25 2
242 7.36 11.10 43.60 296.00 19 20 1
243 80.10 38.04 2.48 458.14 15 21 2
244 14.57 41.15 0.60 487.85 9 23 1
245 60.87 85.40 13.95 321.35 12 26 2
246 28.22 73.82 35.41 382.93 18 23 1
247 58.00 43.76 10.38 84.90 16 29 2
248 85.82 27.52 45.55 479.89 6 40 1
249 97.66 1.50 18.03 329.01 22 29 2
250 80.06 63.98 9.61 447.05 19 19 1
251 5.69 66.39 10.60 181.17 20 46 1
252 53.81 42.30 43.45 224.30 15 28 1
253 95.35 30.74 38.66 236.45 12 16 2
254 10.63 22.80 27.00 65.32 11 35 1
255 81.14 44.68 45.48 99.80 22 30 1
256 97.24 33.66 29.02 446.67 16 19 2
257 39.92 46.79 24.06 261.26 6 24 2
258 84.24 24.12 34.43 370.03 13 28 2
259 14.32 0.22 37.72 276.26 8 36 1
260 45.66 19.12 27.80 97.88 4 18 2
261 36.08 81.04 35.11 160.28 20 29 2
262 24.67 48.13 43.98 52.59 1 23 1
263 11.18 21.01 19.14 451.94 10 36 2
264 57.85 78.06 43.14 346.07 19 43 2
265 7.86 5.86 22.27 485.95 23 32 2
266 27.12 82.50 39.02 225.12 20 32 2
267 60.39 51.69 35.17 299.50 5 22 2
268 23.65 15.69 21.09 203.35 9 32 1
269 47.71 40.91 49.28 197.14 5 11 1
270 29.81 47.51 3.39 397.12 18 37 2
271 58.96 45.30 8.79 220.32 22 32 2
272 3.50 99.39 44.45 327.21 7 19 2
273 51.36 48.84 3.07 187.08 11 28 2
274 26.08 52.23 23.20 174.88 3 42 1
275 32.65 4.08 17.81 202.87 16 27 1
276 50.15 52.62 38.67 460.30 17 39 2
277 67.52 77.15 37.25 471.53 16 48 1
278 60.61 59.18 14.04 430.34 20 44 2
279 89.46 0.96 23.84 280.06 10 40 1
280 80.61 58.76 42.25 301.49 0 29 2
281 17.84 89.37 40.03 364.13 1 39 2
282 21.72 5.50 12.66 398.69 0 23 1
283 95.21 47.70 18.20 436.01 7 47 1
284 84.30 78.98 26.27 342.20 24 44 2
285 84.63 7.61 30.91 427.37 21 30 2
286 9.69 28.22 29.15 293.07 19 40 2
287 62.52 15.88 3.62 57.63 8 20 2
288 46.50 97.02 43.49 420.98 3 28 1
289 86.26 48.83 20.75 297.18 15 29 1
290 54.37 79.13 27.33 72.42 8 37 2
291 32.01 18.92 0.62 67.27 19 25 2
292 71.94 3.63 22.89 367.49 17 28 1
293 95.40 20.55 4.22 201.22 23 41 2
294 60.00 60.13 2.67 378.18 23 25 2
295 52.72 14.32 48.46 313.41 12 33 2
296 0.20 77.22 15.44 163.40 8 48 1
297 46.50 32.83 31.18 98.81 8 15 2
298 83.69 58.54 29.53 53.91 22 25 1
299 53.13 36.48 19.85 287.93 10 21 2
300 95.31 77.62 42.74 348.30 1 35 2
301 28.45 48.04 4.04 313.08 0 39 1
302 51.98 12.91 34.55 480.54 23 38 2
303 39.11 60.65 37.48 86.19 13 20 2
304 45.72 39.73 10.31 347.29 11 24 1
305 31.42 18.88 39.71 416.60 16 23 1
306 42.76 14.10 38.26 236.45 12 23 1
307 86.84 84.42 43.55 125.36 4 30 2
308 54.04 59.53 23.23 130.44 4 14 1
309 31.83 65.50 31.82 58.43 20 22 2
310 19.70 52.17 8.89 123.28 2 22 1
311 20.07 50.11 21.00 233.38 24 45 2
312 44.11 56.51 21.53 387.48 5 20 1
313 51.68 85.61 15.38 494.43 4 36 2
314 78.30 53.59 28.44 155.69 9 39 1
315 13.27 7.49 34.85 339.26 22 47 2
316 50.25 2.34 16.58 451.96 13 37 1
317 55.46 44.07 26.17 107.05 23 26 2
318 56.66 71.96 32.42 404.31 3 40 1
319 55.75 77.26 39.59 349.96 22 43 2
320 37.92 85.38 3.56 323.69 1 30 1
321 74.36 75.41 48.30 117.37 19 45 2
322 31.17 5.48 40.79 58.80 18 35 2
323 49.63 55.02 28.92 409.29 16 30 2
324 50.97 38.16 31.54 103.93 24 29 2
325 33.74 97.28 16.81 388.93 1 27 2
326 93.74 59.46 22.91 74.37 4 13 2
327 85.88 40.33 5.44 250.55 23 31 1
328 4.24 85.30 26.71 135.44 18 26 1
329 62.74 45.39 31.51 104.25 10 23 1
330 6.00 39.76 32.32 307.48 15 45 1
331 53.19 89.45 32.10 217.66 17 28 2
332 74.36 39.84 11.74 472.52 24 28 1
333 27.54 80.47 5.88 98.82 22 26 2
334 78.01 4.53 6.84 431.14 16 31 2
335 26.81 17.15 12.95 259.20 21 30 1
336 36.32 9.14 12.16 469.86 10 11 2
337 66.54 58.69 1.18 355.43 20 22 2
338 38.98 53.19 15.57 289.22 10 48 1
339 84.49 15.36 41.05 123.76 10 35 1
340 20.79 2.51 49.51 276.21 9 47 1
341 0.62 57.58 4.64 343.25 19 19 2
342 70.56 35.93 49.72 229.91 6 17 2
343 74.68 1.51 21.40 112.88 6 43 1
344 85.93 81.45 13.76 379.98 23 34 2
345 32.85 44.16 19.47 408.38 18 38 2
346 13.97 39.98 0.37 207.50 19 35 2
347 40.82 59.27 48.51 52.53 8 48 1
348 99.20 1.96 13.88 82.32 1 2 1
349 59.62 26.08 15.71 479.75 10 22 1
350 98.97 35.17 49.10 326.11 0 2 1
351 98.93 73.48 49.73 101.98 4 20 2
352 64.51 90.33 6.23 60.46 17 38 2
353 77.04 75.36 47.76 276.18 5 26 2
354 72.51 14.57 45.45 394.91 24 47 1
355 16.43 87.06 34.92 371.29 6 28 1
356 6.46 95.79 19.08 328.41 16 45 1
357 23.44 85.53 19.63 302.31 11 12 1
358 1.62 64.39 33.75 454.48 23 32 2
359 88.62 48.69 0.24 197.05 10 33 1
360 59.60 46.42 37.50 195.13 17 43 2
361 35.09 46.11 0.64 476.81 23 31 1
362 48.71 2.74 21.87 417.75 4 15 2
363 92.87 43.54 27.05 357.14 2 38 1
364 30.52 75.20 39.78 310.48 22 39 1
365 14.87 61.88 49.52 116.19 5 7 1
366 58.10 88.12 34.18 327.36 11 48 2
367 85.90 29.19 45.15 242.11 8 30 2
368 77.43 43.27 45.29 498.68 15 35 2
369 45.52 48.30 43.74 242.38 19 43 2
370 76.16 8.41 41.25 198.27 8 17 2
371 57.79 16.23 17.83 229.21 9 21 1
372 73.21 16.85 7.30 70.23 14 40 1
373 26.25 98.61 8.83 153.32 18 23 2
374 83.03 34.82 49.36 216.64 6 15 2
375 81.94 61.55 34.09 273.12 19 38 1
376 65.13 21.93 5.94 311.37 17 34 2
377 17.25 25.39 5.05 280.16 15 18 2
378 35.01 92.84 18.55 458.54 6 47 2
379 1.80 30.13 15.25 280.34 17 23 1
380 76.38 7.56 13.24 319.67 17 47 1
381 76.52 58.10 26.27 447.92 15 37 2
382 79.53 26.38 46.09 252.84 6 30 1
383 86.49 80.39 14.51 144.22 4 8 2
384 40.39 30.65 20.10 488.41 4 37 1
385 18.43 37.17 43.39 471.17 2 29 1
386 81.61 94.25 40.44 224.88 19 28 2
387 48.43 57.60 31.37 447.97 9 9 1
388 97.52 26.09 3.35 115.36 9 15 1
389 73.87 92.91 45.75 107.33 24 41 1
390 39.26 31.07 43.64 499.08 10 45 1
391 65.89 64.59 47.66 395.75 17 48 1
392 93.86 85.25 7.13 87.07 14 21 1
393 10.35 99.30 32.16 99.85 1 13 2
394 83.59 34.87 20.43 313.78 2 20 2
395 40.20 11.73 41.40 50.73 6 41 1
396 89.00 3.97 10.10 154.94 5 22 1
397 94.01 2.08 40.88 473.25 18 28 1
398 35.89 56.75 28.84 244.16 9 41 2
399 82.91 90.56 3.26 53.14 7 17 1
400 99.68 66.81 2.09 472.37 0 18 2
1 185.37 3422.43 1
2 120.12 3308.57 2
3 174.39 3163.66 1
1 1.85 34.04 2
2 1.01 39.02 1
3 1.79 48.33 2
4 1.98 38.84 3
5 1.04 47.92 3
6 1.08 28.08 2
7 1.31 31.41 2
8 1.53 49.32 3
9 1.56 37.06 1
10 1.73 49.33 1
11 1.33 33.81 2
12 1.43 29.46 3
