Data for Vehicle routing problem with drones - Author: Huyen Do Thi Ngoc
Number of depots: 3
Number of cities: 200
Number of trucks: 4
Number of drones: 4
Area: 100 100 50
Customer maximum demand: 500
Max capacity of truck: 200
Max energy of truck: 5000
Max capacity of drone: 2
Max energy of drone: 50
1 32.84 97.88 27.41
2 72.62 83.01 14.34
3 55.28 1.11 32.12
1 3.71 92.57 42.61 420.38 0 44 2
2 52.76 10.65 28.21 360.01 8 12 3
3 61.22 40.89 36.57 269.72 24 27 2
4 89.01 65.24 25.71 210.85 21 45 3
5 57.87 87.20 46.66 422.53 0 3 3
6 39.35 38.15 40.27 408.88 10 36 3
7 35.22 8.05 49.04 220.24 1 28 2
8 48.86 53.62 45.02 102.56 14 30 1
9 61.31 18.35 29.32 106.30 3 15 3
10 8.93 82.55 29.98 436.90 18 21 1
11 43.72 31.75 11.21 198.86 3 42 3
12 16.81 6.09 4.71 280.53 2 17 1
13 33.34 24.83 28.10 346.29 10 30 3
14 91.55 3.70 39.08 228.47 13 38 1
15 0.14 63.42 12.78 350.44 19 38 2
16 0.55 62.76 4.94 281.75 6 41 2
17 77.41 67.12 5.23 413.00 9 29 3
18 5.72 68.38 17.27 255.32 6 20 3
19 6.27 55.60 20.30 487.85 3 17 3
20 69.87 23.04 33.52 291.39 19 43 2
21 12.17 49.97 26.56 460.27 3 17 2
22 84.63 89.64 45.50 343.07 20 46 1
23 20.45 9.49 1.17 125.56 5 45 3
24 35.41 27.49 24.73 354.59 1 42 2
25 40.90 38.69 30.80 70.97 4 36 2
26 1.17 34.01 43.68 163.22 8 13 2
27 97.86 84.12 17.77 189.71 21 40 3
28 0.85 96.74 14.54 249.11 19 44 1
29 37.23 26.08 21.81 351.57 15 40 3
30 83.04 22.22 42.23 216.17 23 34 1
31 92.37 89.69 36.25 306.92 6 41 3
32 11.82 44.39 47.95 307.42 4 34 1
33 88.69 11.61 24.05 487.75 8 19 1
34 71.80 81.36 8.31 450.70 5 41 2
35 24.11 10.54 26.26 169.53 18 31 1
36 75.74 56.87 48.62 460.55 0 28 3
37 18.67 50.30 13.54 397.79 4 43 1
38 15.45 95.04 38.62 385.39 11 46 3
39 92.31 56.20 24.44 402.67 6 6 1
40 10.45 49.05 42.32 397.08 16 16 2
41 19.91 20.34 7.38 407.13 5 17 2
42 93.71 46.97 32.36 201.11 8 24 1
43 70.34 68.62 22.61 418.24 15 35 3
44 80.98 40.12 44.45 79.16 0 24 1
45 73.01 32.84 29.87 264.99 7 24 2
46 1.19 6.55 41.87 328.64 24 44 3
47 61.50 6.12 39.64 308.52 11 33 1
48 37.15 55.72 7.76 410.58 21 37 1
49 5.31 28.49 17.32 279.36 2 22 1
50 59.86 7.82 45.74 122.04 0 15 2
51 48.95 92.75 17.75 434.90 21 44 2
52 58.21 78.51 43.90 222.06 6 12 1
53 17.89 53.53 48.17 76.19 24 43 1
54 90.95 10.84 39.73 391.19 8 46 3
55 83.17 19.75 35.15 256.38 22 35 2
56 42.86 40.73 1.90 475.24 6 23 2
57 3.25 70.68 27.45 379.91 13 22 3
58 28.76 92.93 19.77 223.89 5 19 3
59 54.42 64.15 27.38 311.75 4 9 1
60 40.49 59.05 7.25 468.07 14 29 2
61 69.65 20.55 4.82 291.81 24 48 2
62 88.87 76.47 49.95 197.93 4 8 1
63 37.40 82.35 12.45 347.03 8 21 3
64 86.35 59.17 33.52 438.76 16 26 3
65 6.99 92.53 15.49 358.70 24 26 2
66 77.60 24.85 27.95 284.23 3 4 3
67 99.09 27.52 34.28 472.01 16 20 3
68 15.70 34.49 36.41 119.10 12 18 3
69 89.41 35.88 18.66 239.47 3 30 3
70 24.03 93.26 35.33 461.01 15 35 2
71 51.91 68.08 34.72 325.00 1 34 1
72 89.81 50.69 12.63 241.56 3 20 2
73 79.29 80.77 17.91 109.65 18 26 3
74 34.92 72.46 36.52 153.45 16 36 2
75 77.08 84.78 39.36 281.57 19 43 3
76 80.27 59.29 35.93 209.11 11 47 3
77 22.70 87.81 30.18 325.74 5 19 3
78 42.96 68.00 25.68 398.00 4 10 1
79 13.56 3.32 34.41 226.45 6 20 3
80 35.86 4.46 11.80 491.89 8 23 3
81 83.64 1.42 34.45 444.95 24 27 1
82 84.92 25.51 3.05 140.52 19 22 3
83 1.46 82.10 1.53 307.96 2 17 3
84 5.62 9.57 31.95 266.10 16 16 3
85 43.51 62.16 39.26 396.40 6 29 3
86 56.67 9.63 7.21 334.02 0 27 3
87 81.34 65.02 17.53 488.44 17 28 2
88 96.35 68.16 40.32 234.09 3 47 1
89 47.82 29.28 42.36 158.62 3 34 2
90 55.01 89.61 5.45 325.00 3 34 1
91 65.24 49.53 30.71 162.51 22 33 2
92 90.46 3.19 34.50 291.61 18 44 3
93 25.10 43.82 6.47 105.74 7 11 2
94 34.24 95.67 39.96 429.90 12 42 1
95 23.52 26.07 9.69 405.94 19 32 1
96 54.14 8.78 12.59 340.04 3 10 1
97 72.60 20.77 12.54 221.36 15 35 2
98 64.77 75.35 11.97 186.52 3 27 1
99 58.20 76.55 42.29 307.20 18 22 3
100 0.20 39.10 31.42 390.12 19 34 1
101 81.09 80.56 22.71 375.50 3 38 1
102 86.12 70.43 24.74 258.91 15 48 2
103 19.23 55.76 30.32 81.35 8 29 1
104 66.33 16.49 10.17 180.23 20 21 2
105 89.14 18.70 26.91 384.89 9 33 1
106 90.24 85.91 40.97 462.21 15 26 3
107 7.10 6.73 22.77 91.68 8 20 1
108 37.73 34.38 40.74 233.79 3 10 3
109 86.32 35.93 36.96 303.85 2 8 3
110 89.67 24.11 31.77 413.11 6 14 2
111 25.54 39.62 10.83 134.10 11 45 2
112 94.40 66.57 31.66 243.37 7 39 3
113 18.92 28.66 42.36 223.36 20 25 3
114 55.17 40.72 7.75 297.94 1 4 1
115 43.23 31.86 16.59 101.47 0 18 3
116 17.24 98.49 36.00 465.41 18 26 1
117 54.45 13.98 38.34 398.70 13 44 2
118 57.95 84.77 27.47 204.71 8 39 3
119 53.53 29.53 19.40 97.63 19 19 3
120 31.57 62.43 7.54 280.47 1 47 1
121 98.36 18.40 23.82 365.43 2 8 1
122 4.14 75.98 47.25 493.49 19 46 3
123 98.11 8.78 16.10 91.50 13 32 1
124 64.16 33.17 30.20 200.81 1 29 2
125 66.58 82.84 22.50 149.53 23 34 2
126 34.05 11.65 6.01 415.93 15 15 2
127 29.15 83.51 23.44 424.70 3 44 3
128 34.48 69.67 29.00 86.71 12 40 3
129 80.09 31.12 26.36 143.41 10 47 1
130 89.44 82.98 6.08 291.33 17 41 1
131 99.00 76.11 38.57 159.05 1 35 1
132 46.78 82.44 27.69 484.62 6 21 1
133 28.17 27.26 1.30 391.26 4 24 1
134 27.67 83.43 49.36 105.06 24 32 2
135 95.05 65.51 41.10 475.65 15 39 3
136 65.96 16.74 0.61 328.96 1 26 2
137 68.39 23.27 7.48 250.41 3 19 1
138 18.89 14.13 45.83 411.54 4 15 3
139 54.93 0.35 10.86 251.89 15 38 2
140 34.39 60.78 27.52 104.38 19 35 3
141 56.35 39.06 32.43 65.61 18 20 3
142 72.19 16.15 45.33 66.13 16 48 2
143 37.58 98.89 45.34 324.26 15 21 1
144 75.14 0.48 48.86 54.33 12 46 2
145 10.21 99.40 5.43 83.87 8 14 1
146 4.83 97.74 19.25 395.92 4 40 1
147 31.62 10.01 27.23 322.82 24 46 3
148 15.20 38.33 48.79 339.25 19 27 1
149 96.69 83.64 46.64 451.78 17 46 3
150 91.74 28.01 14.98 486.45 22 32 3
151 84.34 12.21 32.81 485.87 4 41 1
152 41.51 74.03 7.22 239.68 16 35 3
153 6.53 46.18 11.31 243.02 20 48 2
154 47.04 52.04 36.07 65.77 21 31 1
155 19.44 57.81 46.01 145.20 4 29 3
156 22.61 52.53 29.65 395.78 7 11 1
157 44.99 67.59 42.16 202.56 10 41 1
158 60.11 53.65 34.70 171.78 1 2 1
159 18.86 99.47 20.64 204.88 10 14 1
160 85.43 46.94 20.32 319.60 8 40 3
161 65.16 17.27 4.52 329.75 20 30 3
162 57.31 55.78 5.48 216.03 5 37 1
163 80.93 43.63 31.85 419.98 3 32 2
164 39.01 67.42 47.85 495.03 7 36 3
165 74.54 71.15 3.11 202.05 7 11 1
166 8.45 13.53 45.76 282.02 8 17 3
167 32.09 65.13 33.65 196.75 17 30 3
168 38.65 73.73 28.40 290.50 19 24 1
169 78.62 8.03 31.22 373.87 22 25 3
170 43.82 81.67 23.08 268.70 24 45 2
171 70.06 86.99 31.64 127.24 12 34 1
172 16.92 67.03 26.60 160.17 13 47 3
173 17.11 69.99 15.18 336.09 20 28 3
174 88.51 88.42 27.14 489.75 17 32 2
175 11.11 51.72 42.30 359.79 22 46 3
176 95.58 5.86 27.58 222.07 14 27 1
177 10.52 17.90 42.90 101.89 15 47 3
178 33.27 96.06 24.19 374.59 6 12 2
179 68.61 13.48 45.31 250.19 2 19 2
180 6.58 68.31 20.91 311.76 17 41 2
181 93.40 74.08 34.30 215.67 21 25 3
182 79.92 94.05 25.96 206.79 22 34 3
183 22.18 78.90 9.92 357.38 24 41 1
184 11.17 19.65 14.51 497.48 19 30 3
185 68.03 42.09 26.15 272.99 3 45 3
186 53.57 40.97 20.91 138.57 21 22 3
187 80.25 2.10 44.02 491.32 11 38 2
188 7.52 92.02 31.09 109.14 22 44 1
189 93.39 30.82 46.78 400.53 24 45 3
190 70.82 96.40 19.70 115.50 12 38 1
191 42.81 93.71 3.18 244.22 9 40 1
192 68.67 19.66 22.04 221.32 3 32 3
193 6.93 86.17 40.36 131.99 6 43 2
194 94.70 12.56 3.33 260.59 10 23 3
195 14.89 51.76 0.17 497.42 10 29 2
196 51.38 50.90 28.07 234.06 12 22 2
197 66.50 40.04 43.91 268.94 19 23 1
198 35.54 61.15 27.57 268.57 23 41 3
199 21.89 62.87 46.42 271.27 6 39 2
200 24.68 27.89 48.91 239.36 7 20 2
1 138.34 4271.99 1
2 145.29 2967.88 2
3 190.91 3339.78 3
4 199.65 3504.58 3
1 1.28 46.21 2
2 1.04 39.11 3
3 1.22 27.41 4
4 1.14 30.80 1
