Data for Vehicle routing problem with drones - Author: Huyen Do Thi Ngoc
Number of depots: 2
Number of cities: 200
Number of trucks: 3
Number of drones: 13
Area: 100 100 50
Customer maximum demand: 500
Max capacity of truck: 200
Max energy of truck: 5000
Max capacity of drone: 2
Max energy of drone: 50
1 5.29 22.62 34.07
2 10.24 77.75 4.82
1 18.40 94.34 22.49 316.09 14 46 2
2 62.81 95.18 14.30 211.60 14 41 2
3 50.46 50.57 18.07 498.01 10 24 1
4 62.39 85.90 49.97 75.97 15 45 2
5 4.27 27.75 6.86 97.47 18 41 2
6 63.46 86.88 24.08 147.47 18 36 1
7 0.79 40.12 39.15 114.31 17 28 2
8 83.58 92.10 0.89 358.83 23 31 1
9 43.06 53.07 30.59 69.05 10 43 2
10 95.24 51.54 43.17 111.08 21 32 1
11 85.49 19.03 12.70 221.92 17 37 2
12 51.69 99.08 6.90 242.92 20 29 2
13 41.79 5.86 26.46 217.13 9 29 2
14 70.22 83.66 6.69 180.74 2 7 1
15 18.99 92.10 11.50 496.07 14 41 2
16 71.96 15.51 33.42 317.35 3 15 1
17 47.17 1.35 16.33 424.94 8 16 1
18 54.20 47.74 23.24 376.01 5 7 2
19 64.93 78.13 35.18 297.30 23 25 2
20 76.45 72.19 23.60 372.64 6 7 2
21 2.18 35.43 26.57 165.19 7 15 2
22 13.17 23.20 24.18 303.08 14 24 2
23 8.74 7.74 35.42 233.44 5 35 2
24 21.39 96.47 33.88 486.54 22 29 1
25 1.10 40.42 0.46 404.30 12 18 1
26 4.03 64.44 16.45 421.14 7 10 2
27 56.46 28.20 37.96 350.17 9 13 2
28 28.93 53.02 6.12 189.79 2 39 2
29 8.32 97.83 13.74 168.96 19 27 2
30 90.71 77.64 43.96 487.44 12 15 2
31 40.82 15.36 20.21 455.85 17 26 1
32 66.33 1.95 8.01 163.38 6 30 1
33 74.64 66.73 26.88 94.85 22 48 1
34 60.02 28.46 40.91 474.59 5 18 2
35 27.12 64.17 42.46 426.63 5 10 1
36 80.42 19.04 44.14 331.28 0 35 1
37 55.65 35.51 43.35 345.38 23 46 1
38 70.00 7.32 35.60 366.05 7 42 2
39 29.97 62.76 0.50 98.28 24 47 2
40 53.58 78.90 7.39 187.31 3 5 2
41 44.24 77.05 0.65 84.06 6 37 1
42 54.91 11.73 23.62 317.64 4 38 1
43 2.75 58.83 40.39 258.60 17 42 2
44 83.70 42.76 48.16 81.56 1 29 2
45 59.62 48.70 46.01 152.35 23 35 1
46 44.63 17.70 37.84 177.01 19 47 1
47 13.95 88.96 14.60 160.61 8 45 2
48 16.82 99.72 30.10 441.13 23 29 1
49 51.17 24.14 28.73 118.04 14 47 1
50 58.01 87.81 28.05 273.34 1 4 2
51 6.88 51.19 42.99 90.02 19 35 2
52 27.87 20.50 9.77 410.17 24 38 1
53 78.05 56.46 44.20 204.51 7 7 2
54 7.48 60.65 17.64 404.96 17 30 1
55 61.83 98.47 8.44 235.94 4 38 2
56 12.06 42.60 4.09 272.82 5 43 1
57 3.25 80.81 24.29 138.06 8 48 2
58 50.08 17.77 38.74 144.34 23 38 1
59 84.04 61.04 38.41 242.12 21 42 1
60 6.15 77.93 7.60 229.37 10 48 1
61 54.82 99.97 42.44 189.97 20 43 2
62 59.39 1.20 5.03 70.05 7 33 1
63 24.07 31.38 32.78 319.50 16 26 2
64 85.18 66.10 43.78 460.87 7 12 1
65 53.78 1.30 0.68 383.15 11 19 2
66 89.80 21.19 9.32 377.15 18 18 2
67 24.76 39.63 33.44 126.33 24 37 2
68 67.81 99.79 19.99 423.61 15 33 2
69 46.26 67.30 45.57 299.14 22 43 2
70 70.29 76.93 14.05 465.02 18 20 1
71 7.55 69.00 31.36 87.64 7 34 1
72 43.39 43.10 24.48 344.60 15 15 2
73 49.59 3.64 12.90 312.81 12 19 1
74 35.72 0.52 13.41 250.27 12 25 1
75 61.62 23.19 5.89 366.86 20 30 1
76 64.15 90.43 8.60 68.04 1 43 2
77 17.16 32.63 45.89 450.12 15 32 2
78 71.01 65.65 24.60 71.80 0 2 2
79 30.44 15.01 38.08 468.88 19 33 1
80 72.19 11.51 2.25 60.93 4 6 1
81 53.00 62.65 10.87 470.53 5 47 1
82 34.28 14.90 33.76 172.13 12 25 2
83 23.42 77.67 5.34 261.25 20 39 1
84 8.02 1.88 38.42 497.65 20 31 2
85 16.35 90.69 28.71 413.52 8 38 2
86 74.77 21.81 30.99 452.37 24 39 2
87 79.83 69.74 46.19 295.20 23 41 1
88 39.85 35.90 31.61 186.27 15 25 2
89 81.73 38.73 37.57 80.22 12 44 2
90 57.10 7.89 11.61 87.98 0 6 2
91 98.37 73.71 20.48 345.05 15 26 1
92 56.20 42.03 49.06 231.63 12 38 1
93 35.98 44.20 19.26 247.36 2 22 2
94 10.17 82.68 40.21 195.88 10 33 1
95 67.35 42.23 36.37 229.27 7 29 2
96 75.41 9.33 11.30 492.81 18 19 2
97 53.77 44.21 25.47 125.07 23 36 1
98 39.60 69.73 13.37 430.92 20 34 1
99 46.33 78.46 31.86 118.08 4 8 1
100 78.62 6.47 49.79 175.39 10 31 2
101 69.45 39.61 31.38 58.40 18 42 2
102 51.10 2.84 42.40 395.68 13 29 2
103 66.67 94.37 13.11 450.00 6 36 1
104 57.47 21.00 27.05 350.86 0 22 1
105 12.30 11.28 19.02 349.30 5 30 2
106 62.12 24.17 36.93 453.21 10 15 2
107 26.54 5.85 10.38 122.62 0 5 2
108 10.75 46.02 3.60 278.18 8 48 2
109 22.40 64.39 23.55 408.68 8 32 1
110 32.40 20.44 31.32 294.32 8 27 2
111 53.01 71.80 7.70 276.27 5 39 1
112 23.99 25.51 10.41 63.39 5 39 1
113 95.65 31.15 29.51 466.35 11 26 1
114 16.01 70.24 25.44 279.07 23 35 1
115 57.43 7.06 29.71 244.51 13 41 2
116 64.95 38.74 0.43 448.17 14 42 1
117 80.67 29.70 29.30 183.38 6 25 2
118 69.63 82.71 34.27 210.10 20 35 1
119 1.21 47.04 16.26 314.81 8 48 1
120 86.13 41.93 46.18 106.19 14 20 2
121 20.61 80.84 25.54 159.56 10 23 2
122 56.35 57.86 1.92 244.85 1 36 1
123 37.42 23.15 2.47 184.91 6 25 2
124 40.13 60.48 29.34 187.08 17 21 1
125 81.81 26.96 21.42 53.97 4 10 2
126 38.04 35.51 32.37 157.99 11 16 1
127 23.26 47.01 22.67 110.80 17 40 1
128 68.42 51.06 42.03 124.90 20 29 1
129 31.40 89.60 15.89 262.67 23 48 2
130 10.08 12.00 0.29 377.40 19 36 2
131 32.23 53.05 37.25 303.55 22 34 2
132 29.47 42.69 17.39 275.88 13 31 1
133 80.42 50.05 35.39 250.44 11 39 1
134 90.74 51.95 27.53 183.82 4 8 2
135 63.05 61.94 11.01 74.63 2 42 2
136 3.69 75.06 28.24 312.31 3 22 1
137 93.44 49.71 8.60 263.55 16 30 2
138 17.29 74.67 38.84 389.26 8 30 2
139 88.85 68.31 39.62 357.31 9 16 1
140 46.54 21.17 42.32 336.77 13 40 2
141 77.85 98.58 10.74 217.17 18 39 1
142 2.69 50.12 34.80 325.56 12 32 1
143 26.34 15.35 47.59 256.08 1 36 1
144 69.49 34.43 22.84 280.66 24 46 2
145 14.65 62.04 42.63 246.73 22 39 2
146 10.58 38.88 27.35 89.14 0 43 1
147 79.70 30.94 18.68 203.64 2 34 1
148 3.42 46.39 43.34 242.15 10 38 1
149 72.33 16.83 11.55 133.29 11 38 1
150 90.27 1.70 8.04 161.19 4 22 1
151 23.88 11.96 11.65 454.32 5 39 1
152 57.27 2.25 48.45 139.27 7 9 2
153 32.26 41.88 15.59 442.88 2 40 2
154 61.73 15.15 27.24 331.16 22 33 2
155 95.57 3.77 24.04 237.91 5 42 1
156 47.25 42.60 46.16 206.24 24 41 2
157 6.43 38.65 34.94 183.53 1 33 2
158 7.92 90.54 21.58 454.13 4 33 1
159 79.71 58.83 32.48 227.01 17 26 2
160 94.79 19.89 44.38 425.22 17 44 1
161 96.28 10.96 21.88 235.92 18 48 2
162 6.63 54.54 18.74 378.26 23 24 1
163 19.51 83.46 20.88 310.50 24 24 1
164 35.88 48.46 10.56 408.00 8 12 1
165 57.96 45.08 48.34 300.56 21 36 2
166 41.93 89.93 21.13 103.07 2 26 2
167 13.84 98.13 10.11 170.82 21 24 2
168 60.46 44.08 31.41 447.74 2 17 1
169 85.90 93.39 6.70 251.83 9 16 2
170 58.42 9.72 1.15 122.25 15 23 2
171 44.21 46.31 22.82 456.69 3 3 1
172 20.39 4.43 35.32 214.79 20 40 2
173 53.51 37.32 44.34 389.88 2 5 1
174 20.17 72.64 47.79 459.69 5 12 2
175 47.31 12.79 47.22 375.48 15 27 2
176 82.19 82.68 30.43 113.82 8 37 1
177 94.45 47.79 11.39 249.61 0 11 2
178 67.19 68.57 17.61 310.66 24 41 2
179 38.27 40.64 49.10 354.41 21 32 1
180 1.38 41.60 36.45 478.26 18 24 1
181 92.49 97.95 6.94 411.21 21 24 1
182 37.14 32.04 19.75 400.97 12 32 2
183 91.11 35.59 7.76 305.08 18 26 1
184 98.54 78.99 32.81 263.59 10 12 2
185 85.04 24.23 36.26 412.34 17 31 2
186 71.45 96.05 9.23 117.28 15 30 2
187 44.82 60.08 40.60 181.09 8 30 1
188 57.41 28.69 23.20 50.31 12 37 2
189 42.42 93.08 43.71 156.08 20 27 2
190 90.70 27.90 36.19 145.27 9 11 2
191 78.73 25.75 38.09 385.36 23 36 2
192 23.78 71.29 18.27 479.05 15 29 1
193 65.28 19.17 41.84 169.78 2 5 1
194 44.55 86.28 24.66 245.93 9 16 1
195 35.87 27.74 11.00 287.15 4 8 2
196 4.83 85.84 27.21 306.19 14 46 1
197 89.81 27.92 49.95 386.53 14 19 1
198 52.82 55.80 25.17 111.08 1 19 1
199 28.70 48.07 42.13 469.70 24 33 1
200 16.08 24.87 43.07 498.16 20 26 2
1 112.60 4134.30 1
2 173.89 4011.92 2
3 119.74 4280.79 1
1 1.70 49.78 2
2 1.82 37.22 3
3 1.36 38.47 3
4 1.87 43.56 3
5 1.96 37.21 1
6 1.55 34.41 2
7 1.14 42.87 1
8 1.38 26.73 2
9 1.40 42.61 2
10 1.30 35.67 3
11 1.39 40.78 3
12 1.76 39.35 1
13 1.24 39.82 3
