Data for Vehicle routing problem with drones - Author: Huyen Do Thi Ngoc
Number of depots: 2
Number of cities: 500
Number of trucks: 3
Number of drones: 7
Area: 100 100 50
Customer maximum demand: 500
Max capacity of truck: 200
Max energy of truck: 5000
Max capacity of drone: 2
Max energy of drone: 50
1 11.92 91.69 39.32
2 70.01 59.72 42.26
1 97.94 43.79 47.58 81.66 17 42 1
2 98.24 56.09 47.47 239.19 7 14 1
3 51.37 34.64 9.43 65.13 1 30 2
4 6.24 23.57 8.87 133.41 6 40 2
5 39.66 26.40 33.80 385.41 24 25 1
6 14.90 40.45 28.99 53.55 6 27 1
7 65.46 54.57 16.82 261.24 23 23 2
8 65.93 13.31 1.09 59.01 2 46 2
9 49.78 61.65 31.84 355.50 0 37 1
10 79.89 83.30 2.59 478.43 17 47 2
11 68.80 18.97 38.59 176.24 9 9 2
12 68.41 41.04 45.35 322.45 5 23 2
13 95.99 52.43 40.57 65.33 19 28 2
14 49.60 62.91 29.99 208.59 17 42 2
15 80.62 52.98 43.71 384.41 13 18 2
16 19.25 42.21 30.61 233.53 5 20 2
17 27.84 17.78 45.53 360.12 14 47 2
18 32.73 70.36 22.35 335.40 13 39 2
19 46.20 70.71 10.86 417.03 11 22 2
20 19.94 40.43 15.19 481.00 3 36 1
21 2.83 29.47 25.77 86.01 15 35 2
22 36.83 76.06 0.60 269.66 17 30 2
23 81.13 95.79 26.36 380.83 10 45 1
24 49.07 77.70 11.59 197.30 9 18 1
25 77.79 95.48 9.41 71.48 16 40 2
26 69.87 17.18 37.72 309.11 3 47 2
27 60.82 68.62 12.49 243.11 17 38 1
28 53.57 52.81 44.45 231.47 3 23 1
29 72.00 9.43 35.96 253.85 21 33 2
30 48.46 43.34 15.20 173.61 20 30 2
31 43.73 64.26 26.55 233.21 19 44 1
32 12.13 88.37 4.71 392.51 2 4 2
33 74.92 97.49 45.31 86.10 6 15 2
34 40.65 87.13 34.45 133.86 4 29 1
35 26.58 15.38 10.22 390.35 20 46 2
36 43.27 15.93 2.08 454.67 18 41 2
37 39.81 91.38 24.21 349.49 13 22 2
38 29.56 85.33 46.40 222.03 21 26 2
39 14.81 19.41 44.64 106.58 3 48 1
40 11.69 33.38 13.46 115.39 1 24 1
41 60.56 59.06 49.39 235.00 3 24 2
42 35.26 66.44 14.15 477.24 3 34 2
43 92.37 31.95 38.45 260.61 22 26 1
44 31.68 63.38 21.25 295.15 24 31 1
45 26.71 73.28 3.40 322.52 22 43 1
46 28.95 19.65 13.49 204.31 14 38 1
47 57.50 10.68 20.88 71.10 2 33 2
48 31.97 44.63 36.80 82.87 18 34 2
49 17.55 27.61 6.31 116.02 22 23 1
50 4.15 9.00 40.17 264.83 22 30 1
51 88.66 21.07 9.97 480.22 13 48 2
52 85.43 63.58 15.51 329.65 13 31 2
53 54.02 47.01 33.86 99.42 8 29 2
54 51.58 18.28 3.42 202.88 3 36 2
55 64.53 82.22 15.00 433.32 6 39 2
56 79.84 66.57 2.46 305.45 5 5 1
57 88.09 42.58 32.10 397.16 19 38 2
58 98.80 50.39 14.06 266.25 18 26 1
59 92.65 20.51 1.41 385.58 15 39 1
60 42.12 96.13 23.28 149.06 10 42 2
61 13.99 22.73 7.54 65.92 10 15 2
62 96.52 45.19 29.75 459.71 11 36 2
63 71.07 44.43 32.93 311.64 12 20 2
64 59.01 19.74 21.25 365.00 22 38 1
65 88.63 6.49 15.47 404.14 10 29 2
66 79.60 18.10 13.39 241.51 6 25 1
67 66.20 92.27 18.13 332.46 11 44 2
68 68.72 90.26 8.97 463.16 17 18 1
69 77.39 25.71 14.01 366.19 17 18 1
70 83.56 60.84 45.46 325.19 5 34 2
71 48.78 20.79 18.31 188.53 23 29 2
72 69.97 38.33 38.81 383.08 7 48 1
73 90.09 63.73 23.72 149.55 19 28 2
74 32.22 33.35 49.59 105.86 0 46 1
75 54.82 63.41 39.36 118.53 23 35 1
76 8.67 49.90 19.87 62.87 4 11 2
77 46.18 90.26 22.11 346.99 4 13 2
78 14.82 58.86 19.65 246.35 24 24 2
79 88.92 56.26 43.57 437.34 13 33 2
80 10.90 58.22 0.39 496.70 1 13 2
81 74.45 48.94 41.29 391.40 12 30 1
82 59.90 3.69 45.43 330.09 11 26 1
83 28.36 0.00 13.20 224.15 24 35 1
84 42.04 57.90 28.53 241.75 5 40 1
85 68.28 64.51 49.08 264.05 22 39 1
86 18.53 47.94 2.81 442.77 4 27 1
87 31.18 74.60 42.33 336.21 8 8 1
88 26.22 50.26 6.95 278.72 18 48 2
89 49.89 79.20 28.55 288.55 18 38 1
90 89.03 54.27 33.89 272.88 6 30 2
91 15.55 30.78 5.90 299.40 6 32 2
92 90.51 63.00 4.69 211.47 3 3 1
93 61.25 14.50 45.64 386.86 20 38 1
94 81.92 28.16 20.75 87.92 16 40 2
95 22.41 68.92 10.03 319.93 6 23 1
96 63.89 52.43 27.09 243.06 16 31 1
97 16.99 31.61 30.78 110.72 0 0 1
98 56.48 26.25 48.19 407.67 8 47 2
99 14.60 15.11 32.15 295.04 3 46 2
100 22.77 94.80 19.25 459.08 7 17 2
101 99.29 31.28 44.03 239.93 0 32 2
102 2.94 46.10 25.78 150.58 23 32 1
103 96.54 39.49 17.37 324.10 24 42 2
104 95.38 24.91 24.66 473.35 17 41 2
105 68.51 75.85 18.96 432.65 22 32 1
106 66.83 1.78 0.51 152.56 14 20 1
107 40.33 61.82 16.50 321.49 16 27 1
108 13.98 50.45 0.38 248.83 20 24 1
109 91.08 24.50 27.09 186.48 14 27 1
110 11.87 38.73 3.40 112.01 7 47 2
111 4.81 56.82 47.93 282.08 23 44 1
112 63.01 77.45 24.25 236.77 20 44 2
113 71.19 39.32 40.73 488.63 15 32 2
114 55.91 39.41 46.62 88.82 21 22 1
115 1.96 88.97 43.89 189.92 12 37 1
116 19.89 28.78 10.12 71.38 2 34 2
117 74.06 28.31 20.15 357.79 16 35 1
118 83.78 12.04 33.59 420.52 14 22 1
119 60.43 0.62 20.97 218.81 1 44 2
120 38.78 92.12 10.11 159.07 4 20 1
121 35.37 23.85 10.38 143.77 5 30 2
122 73.02 56.42 31.51 434.05 10 28 1
123 99.05 65.21 23.76 453.24 13 42 1
124 70.19 78.22 15.76 337.11 18 34 1
125 32.85 69.75 49.08 421.20 22 29 1
126 44.19 53.00 15.07 495.62 22 47 1
127 92.71 67.39 30.36 472.57 16 36 1
128 83.04 90.34 38.67 270.19 15 38 2
129 83.13 17.97 37.98 413.04 13 20 2
130 77.59 2.65 18.70 105.97 15 37 2
131 74.49 16.85 32.52 193.43 10 17 1
132 82.23 18.81 10.45 305.07 1 8 2
133 40.61 47.28 30.62 78.06 0 39 1
134 74.05 42.87 25.96 216.33 6 33 2
135 28.85 35.75 44.25 441.25 5 23 1
136 23.22 89.81 45.01 149.84 5 12 2
137 67.61 54.95 18.36 209.34 19 25 2
138 16.20 62.82 27.33 77.71 5 48 1
139 63.65 96.42 22.86 221.90 15 24 2
140 40.33 85.52 36.41 50.71 5 19 2
141 10.74 73.63 22.32 336.83 0 28 2
142 38.51 11.98 44.49 427.65 13 13 2
143 53.89 58.34 15.22 50.26 21 27 2
144 5.55 39.33 47.63 59.14 24 29 2
145 89.35 23.02 48.43 432.15 4 25 2
146 66.80 84.89 32.00 197.18 3 34 2
147 14.95 86.71 24.13 464.69 14 29 1
148 78.24 4.73 27.28 165.12 11 36 2
149 87.28 93.31 31.24 160.56 23 38 1
150 57.82 54.75 41.49 165.56 22 22 1
151 66.22 44.27 44.51 64.68 24 24 1
152 2.06 30.98 20.29 275.09 5 25 1
153 51.66 17.87 2.24 470.58 11 41 2
154 12.42 54.80 23.78 58.42 12 43 2
155 65.94 27.89 23.99 283.35 14 30 2
156 18.33 57.53 37.24 384.15 21 31 2
157 69.22 34.75 31.56 406.86 20 36 1
158 45.97 56.85 4.66 92.81 6 30 1
159 48.26 95.19 32.18 398.43 6 30 1
160 43.92 12.45 42.99 483.40 13 20 2
161 29.58 38.38 32.45 281.84 24 32 2
162 49.98 25.62 41.14 371.37 19 22 2
163 68.14 40.54 35.88 175.44 0 24 1
164 14.27 15.26 5.53 267.67 17 31 1
165 63.56 46.11 3.82 233.59 12 19 2
166 73.48 56.29 32.80 487.95 9 36 2
167 87.52 76.53 28.01 52.83 13 26 2
168 74.82 40.93 13.88 291.53 2 4 1
169 91.62 51.70 38.86 437.23 23 23 1
170 45.21 16.90 32.64 223.19 20 37 1
171 26.93 14.87 30.13 330.01 15 38 1
172 51.66 41.15 3.33 261.55 10 37 2
173 57.26 61.75 43.36 252.47 5 25 1
174 79.45 77.36 23.90 222.12 9 14 2
175 14.87 73.87 29.67 75.25 23 43 2
176 34.82 42.34 48.06 152.30 14 21 1
177 94.19 11.60 6.30 374.55 23 38 1
178 17.63 58.76 24.07 285.40 6 10 2
179 78.61 71.98 22.25 275.36 12 47 1
180 41.93 64.33 25.96 125.18 10 30 1
181 33.27 63.48 0.76 367.62 5 24 1
182 41.15 81.41 35.96 464.44 0 42 1
183 30.04 56.73 1.08 497.54 9 28 1
184 24.77 10.95 3.05 117.62 13 40 2
185 75.48 78.83 39.50 158.74 8 26 2
186 6.69 92.16 32.08 491.75 23 33 2
187 63.94 38.78 6.42 387.45 4 39 1
188 15.30 96.40 40.66 424.83 17 38 1
189 0.04 2.98 32.37 381.96 19 20 2
190 35.88 96.82 40.19 380.59 14 14 1
191 10.62 77.11 20.41 142.75 10 37 2
192 23.27 20.74 32.20 307.25 19 47 2
193 68.99 22.29 21.45 329.61 8 25 2
194 85.16 60.16 31.50 281.30 22 28 1
195 27.42 48.39 17.24 245.45 16 31 2
196 78.92 55.13 4.32 269.78 19 27 1
197 17.87 50.38 12.36 51.82 1 19 2
198 60.84 75.42 36.73 198.31 17 33 2
199 61.06 68.95 13.36 281.65 1 45 2
200 10.83 86.97 40.81 181.50 16 44 1
201 22.24 7.32 16.29 270.42 8 9 1
202 98.30 38.67 6.56 450.49 18 21 1
203 2.35 89.79 22.69 166.85 19 38 1
204 19.56 63.23 28.15 488.11 0 22 1
205 94.23 86.49 27.43 486.80 18 43 1
206 5.35 23.33 6.03 199.58 23 25 1
207 53.95 49.59 10.11 236.93 3 21 2
208 63.89 99.79 40.29 279.42 23 31 1
209 86.34 31.13 1.52 259.91 8 17 2
210 59.51 70.83 27.17 390.62 16 34 2
211 26.36 14.09 8.51 62.04 7 43 1
212 96.15 39.42 9.31 184.37 15 20 1
213 90.83 89.61 14.30 159.29 3 35 1
214 96.35 33.17 15.37 215.65 17 21 1
215 9.62 26.63 2.22 168.66 19 48 1
216 67.63 51.49 17.28 384.88 1 7 2
217 34.09 45.58 28.73 325.14 5 7 1
218 69.14 22.57 6.05 204.20 7 17 1
219 1.26 96.08 47.64 256.99 9 36 2
220 55.31 18.49 19.11 427.95 4 30 2
221 14.92 46.35 15.59 190.64 10 15 2
222 43.42 4.84 20.22 71.46 2 27 2
223 90.12 14.59 24.74 103.19 13 26 1
224 45.29 36.27 22.90 446.93 21 37 2
225 80.57 53.46 13.66 458.41 18 38 2
226 45.48 99.27 19.85 124.02 7 37 1
227 15.56 86.54 0.56 159.32 4 6 1
228 37.68 32.37 27.30 440.92 15 25 2
229 25.63 44.27 11.24 138.00 3 32 2
230 71.61 19.33 46.20 190.15 19 38 2
231 41.39 72.84 17.19 55.32 23 44 2
232 83.86 68.14 42.13 394.79 15 24 2
233 70.75 54.15 33.32 339.69 8 33 2
234 22.85 74.86 38.69 109.83 7 43 2
235 41.18 14.65 43.06 351.37 6 23 1
236 97.37 96.02 10.91 314.72 24 38 2
237 25.24 44.80 16.83 388.75 6 35 1
238 26.43 98.10 22.56 368.10 15 26 2
239 53.69 98.27 1.93 51.43 18 18 1
240 70.43 43.74 0.56 270.05 17 29 2
241 10.93 32.95 31.30 105.84 10 36 1
242 10.75 9.33 39.78 454.40 11 46 2
243 48.85 35.41 41.95 53.15 1 39 1
244 60.08 8.06 18.26 150.67 20 21 2
245 69.21 3.27 39.54 75.97 23 44 1
246 73.88 59.25 20.36 131.97 11 46 1
247 82.78 89.12 12.00 211.14 4 46 2
248 35.31 33.94 46.71 386.62 2 42 1
249 31.81 66.27 32.49 490.80 15 34 2
250 80.54 5.12 5.72 146.44 18 28 2
251 45.59 23.15 13.20 421.23 5 43 1
252 6.30 36.90 5.69 444.80 8 18 2
253 94.46 64.84 20.23 322.98 2 21 1
254 3.35 19.77 47.33 353.09 24 27 1
255 16.62 30.99 32.83 453.19 11 19 1
256 22.07 91.65 49.21 52.22 19 29 1
257 80.64 89.35 26.89 393.33 5 22 1
258 26.85 64.04 7.17 221.57 24 38 2
259 94.18 16.17 31.42 317.26 14 42 1
260 17.51 64.22 18.72 239.61 16 36 1
261 4.34 5.73 10.12 181.75 2 38 2
262 25.39 72.76 23.18 119.01 22 39 2
263 75.68 38.78 41.34 243.96 9 20 1
264 55.06 55.99 8.75 313.66 13 31 1
265 70.49 43.39 40.15 102.09 14 33 1
266 51.22 32.41 25.93 134.85 20 43 2
267 44.46 82.00 0.38 129.08 21 44 2
268 84.10 71.82 21.75 440.74 3 45 1
269 87.99 38.80 16.46 247.52 6 29 1
270 63.36 51.15 37.35 330.19 6 23 2
271 49.09 86.73 8.13 229.55 18 18 2
272 86.02 65.13 47.85 246.05 0 22 1
273 22.67 1.64 44.35 360.08 11 19 2
274 92.97 7.65 49.81 158.28 4 39 1
275 48.83 42.45 25.80 179.05 21 27 1
276 75.88 43.47 46.12 428.16 11 12 2
277 50.31 78.17 31.87 371.84 9 12 2
278 32.78 86.83 48.78 431.04 1 38 1
279 21.73 39.13 27.04 272.22 21 36 1
280 62.92 66.12 39.92 258.41 1 20 1
281 0.01 37.61 26.70 484.92 0 7 2
282 71.96 23.82 15.67 281.23 15 23 1
283 47.13 81.84 32.09 498.69 23 37 2
284 57.56 13.81 46.88 321.29 13 33 1
285 52.68 94.63 37.74 492.85 13 28 1
286 12.66 96.90 23.61 358.44 15 38 1
287 82.99 94.46 20.64 299.63 12 16 1
288 48.80 83.58 28.72 279.19 12 24 1
289 2.73 52.70 31.98 439.24 6 21 1
290 67.55 15.98 20.22 309.61 16 41 1
291 66.24 29.54 28.07 236.64 22 28 1
292 92.79 18.01 44.10 291.17 6 7 2
293 5.94 84.04 11.13 450.88 8 38 2
294 45.83 17.47 38.39 479.69 10 30 1
295 58.76 52.64 14.90 316.12 6 38 1
296 44.16 28.10 24.64 202.91 23 30 1
297 44.07 73.79 19.27 293.49 17 43 1
298 47.88 30.17 45.01 386.65 11 36 1
299 75.79 87.16 4.41 236.91 1 36 1
300 33.87 35.63 21.30 135.41 16 39 1
301 31.67 79.05 9.56 404.02 22 44 1
302 62.94 5.25 30.77 139.16 5 38 2
303 59.57 6.21 44.88 372.57 18 21 1
304 57.81 61.47 18.66 208.83 19 30 2
305 74.59 63.79 40.95 199.82 4 28 1
306 93.18 33.30 49.40 224.90 7 37 2
307 10.17 4.32 45.03 202.00 6 7 2
308 37.70 33.61 9.94 493.91 14 24 1
309 33.99 1.24 9.27 120.58 18 34 2
310 73.30 41.75 39.68 436.53 16 23 2
311 66.05 5.93 27.63 113.63 24 40 1
312 81.93 3.06 9.63 176.47 5 26 2
313 4.27 58.64 13.75 370.73 16 32 1
314 11.39 9.37 1.83 329.46 15 23 1
315 41.35 53.12 32.91 230.08 19 34 1
316 27.26 11.66 10.86 460.83 20 20 2
317 11.28 42.94 24.00 117.91 16 22 2
318 26.71 61.95 30.35 463.54 1 39 2
319 69.00 45.09 41.69 178.61 11 34 1
320 81.66 24.16 36.31 360.92 24 36 1
321 41.16 88.46 13.55 331.70 14 31 2
322 41.19 20.63 30.24 172.27 6 14 2
323 78.16 33.88 14.01 254.76 16 48 1
324 34.51 32.01 34.00 254.85 13 16 1
325 3.38 27.93 10.83 106.02 14 44 2
326 55.49 62.84 47.63 274.46 9 23 2
327 80.42 81.37 12.58 204.68 5 14 1
328 42.25 13.49 47.60 444.43 0 33 2
329 61.28 49.91 31.12 364.36 15 16 1
330 68.40 36.37 45.61 376.91 21 31 1
331 25.27 63.14 1.74 241.96 3 6 2
332 59.96 65.16 3.23 119.74 8 48 2
333 0.48 30.51 43.03 411.25 16 28 2
334 82.35 42.05 40.67 354.49 1 7 1
335 13.19 74.37 45.37 225.44 14 33 2
336 93.40 74.68 39.35 488.53 23 42 2
337 7.04 5.58 6.07 371.18 7 22 2
338 45.23 65.44 19.92 295.35 13 32 1
339 31.86 80.79 32.48 469.01 4 16 2
340 67.08 57.04 22.36 416.49 2 8 2
341 4.97 31.78 26.31 412.76 13 45 2
342 93.06 64.32 18.47 482.22 9 48 1
343 52.14 53.33 25.81 328.31 24 33 1
344 68.31 50.31 12.09 471.25 14 16 2
345 96.39 85.06 22.89 364.34 23 35 1
346 69.21 93.06 30.86 190.39 18 43 2
347 68.31 26.05 1.62 404.41 20 41 2
348 47.56 40.28 14.55 199.08 9 34 2
349 73.06 33.02 25.89 81.31 12 43 2
350 23.10 9.39 49.02 60.17 8 15 1
351 25.86 34.99 6.65 435.39 18 45 2
352 36.99 15.96 18.13 360.98 10 14 1
353 45.72 39.46 46.31 486.73 4 8 1
354 43.63 35.77 0.37 242.79 23 35 1
355 20.75 7.31 20.91 386.17 4 31 2
356 89.65 36.43 49.46 293.22 3 43 1
357 65.69 8.02 29.46 283.73 15 17 1
358 48.17 12.97 34.04 463.21 0 37 1
359 13.71 92.24 7.31 244.38 22 42 2
360 13.54 26.93 6.71 238.74 24 30 1
361 94.74 73.87 35.49 128.55 18 42 1
362 65.93 59.65 39.83 375.51 2 12 2
363 4.60 16.70 14.87 486.19 9 24 1
364 52.30 73.02 37.36 421.70 0 30 1
365 37.43 10.60 12.12 486.34 7 26 2
366 76.34 39.83 29.72 269.07 4 18 2
367 91.85 74.00 28.21 164.11 4 30 2
368 88.40 15.43 22.68 462.99 17 19 2
369 18.26 83.25 45.51 175.40 20 27 2
370 94.76 80.43 42.92 404.08 20 25 2
371 14.86 76.19 15.34 441.33 15 46 2
372 70.49 16.99 6.24 410.67 2 12 1
373 91.37 59.09 28.80 474.76 11 47 2
374 98.69 11.97 32.86 496.56 23 23 2
375 35.65 73.03 28.91 374.02 12 12 2
376 72.20 59.30 33.06 328.93 23 29 1
377 74.51 41.25 40.86 93.93 13 15 2
378 83.10 24.50 26.23 463.71 21 48 1
379 88.36 47.06 19.10 453.02 4 23 1
380 50.96 68.17 10.00 166.10 10 24 2
381 66.38 76.34 39.75 419.37 5 30 2
382 25.99 29.13 33.33 231.06 8 23 2
383 34.84 5.28 20.45 223.80 24 46 1
384 92.10 95.30 21.44 363.70 15 19 1
385 69.19 61.85 33.80 465.03 0 17 1
386 17.92 62.98 3.64 407.90 23 27 1
387 98.85 44.55 13.88 115.07 22 37 1
388 56.20 77.55 36.53 253.89 4 23 2
389 97.73 26.65 14.08 329.62 10 47 2
390 29.12 79.71 41.18 82.46 5 46 1
391 38.44 86.29 38.58 487.36 10 37 2
392 61.41 37.72 6.72 289.94 1 9 2
393 15.68 36.20 48.85 487.71 15 36 2
394 38.20 77.47 15.11 329.28 1 26 1
395 1.19 50.52 3.04 413.14 15 47 1
396 82.98 21.04 35.33 218.79 5 45 2
397 98.43 45.67 33.44 410.43 12 32 2
398 49.47 87.05 31.93 172.02 9 30 1
399 29.25 2.43 25.23 395.19 21 37 2
400 22.98 52.64 18.95 318.97 10 36 2
401 68.54 50.23 46.70 443.19 5 45 1
402 26.58 26.61 10.31 148.33 14 24 2
403 98.40 90.49 22.71 98.90 13 47 1
404 86.32 55.10 48.27 408.58 10 16 2
405 38.98 26.23 40.65 213.42 10 18 2
406 37.52 18.11 28.54 315.10 8 41 1
407 78.65 17.37 25.99 214.44 3 26 2
408 70.46 1.97 10.64 313.07 20 25 2
409 13.29 26.69 26.66 403.50 12 12 2
410 29.40 96.20 25.23 446.51 10 12 1
411 2.36 70.78 23.54 380.76 4 47 2
412 48.75 3.76 38.94 441.68 16 27 1
413 94.07 50.45 19.89 313.41 9 15 1
414 37.13 17.03 3.38 139.59 7 25 1
415 89.85 89.87 36.51 287.32 2 41 2
416 50.27 20.33 12.00 351.88 22 22 1
417 75.46 98.56 18.94 262.50 19 31 2
418 73.10 28.37 0.09 366.49 3 14 2
419 3.42 28.77 30.59 337.86 12 40 2
420 92.90 16.77 39.04 480.83 6 23 2
421 37.38 88.26 44.14 329.37 18 23 1
422 39.00 79.93 29.20 354.35 11 38 1
423 54.25 15.58 43.95 114.68 21 34 1
424 58.65 79.38 10.17 238.28 22 36 2
425 19.92 35.32 45.62 102.89 0 37 2
426 49.77 43.32 18.05 93.11 6 28 2
427 57.07 27.44 21.33 62.54 20 45 1
428 99.32 71.22 24.13 469.27 5 33 2
429 50.04 95.72 30.90 355.77 7 13 2
430 92.80 78.59 46.66 443.99 12 15 1
431 54.76 18.56 35.16 462.62 12 47 1
432 24.71 53.02 24.54 442.19 7 30 1
433 88.42 47.09 13.64 436.57 3 35 1
434 75.61 0.70 17.22 129.90 7 9 2
435 75.59 88.40 33.80 375.80 10 48 1
436 62.82 83.33 40.60 317.69 11 44 2
437 20.28 67.44 46.60 103.40 24 45 2
438 72.48 17.21 15.88 134.03 2 12 2
439 0.82 81.42 46.72 379.54 24 32 2
440 35.24 21.48 27.97 218.13 15 40 1
441 37.43 51.44 19.55 226.70 20 40 2
442 72.92 18.27 23.28 490.04 14 31 1
443 32.55 8.76 42.90 426.61 18 33 2
444 71.79 61.55 34.71 287.37 12 27 1
445 72.96 1.58 15.97 84.38 10 29 1
446 87.33 0.26 25.78 227.05 7 39 2
447 78.41 71.30 6.83 144.01 16 23 1
448 48.48 94.48 4.57 365.35 12 44 2
449 99.11 64.75 2.01 321.88 21 31 2
450 5.18 39.12 19.94 190.42 24 33 1
451 88.35 4.40 15.25 117.93 11 16 1
452 64.92 76.68 2.99 150.83 15 41 2
453 4.35 39.26 14.99 184.43 24 27 2
454 74.88 78.52 45.59 284.68 2 17 2
455 80.82 75.88 11.77 102.66 2 29 2
456 51.16 55.93 21.84 192.09 14 29 1
457 88.50 35.14 37.13 329.74 9 25 1
458 64.35 32.16 11.07 496.72 0 28 1
459 28.91 68.33 37.79 253.10 11 39 1
460 75.72 51.80 5.21 413.15 4 29 1
461 41.50 0.88 45.94 327.98 8 47 2
462 86.84 99.00 26.71 109.18 8 15 1
463 94.79 34.67 46.06 283.04 15 17 1
464 75.55 4.29 19.19 154.00 9 27 2
465 56.29 34.05 15.04 457.84 23 47 1
466 96.36 28.12 23.24 431.70 8 38 1
467 31.30 64.92 7.54 337.37 24 41 2
468 70.01 74.71 23.15 177.66 22 39 1
469 21.16 10.11 47.54 331.01 7 34 1
470 60.07 29.49 25.16 194.04 21 37 1
471 88.64 86.05 40.33 417.70 24 37 1
472 16.36 66.54 24.95 205.54 9 25 1
473 20.29 19.49 9.53 255.37 11 27 2
474 19.37 63.66 38.27 497.91 1 19 2
475 49.30 74.29 47.62 393.13 24 36 2
476 20.93 62.19 26.73 451.90 12 42 2
477 34.41 88.10 26.91 80.75 5 45 1
478 65.28 18.59 30.64 399.80 20 23 1
479 96.57 29.45 32.84 237.41 7 40 1
480 60.71 71.54 11.84 419.75 10 24 2
481 73.78 28.90 14.22 96.25 17 45 1
482 62.31 92.65 35.04 494.22 20 40 1
483 31.07 3.30 1.31 281.95 3 16 1
484 23.10 34.80 1.45 130.58 9 42 2
485 36.63 50.56 22.90 171.25 1 6 1
486 27.21 97.54 36.62 285.83 11 16 1
487 37.23 55.98 47.60 460.71 12 33 1
488 17.73 54.86 3.07 80.68 23 23 1
489 59.55 90.77 20.57 370.65 21 27 2
490 33.55 89.54 18.78 211.65 9 21 1
491 25.48 60.65 41.31 369.56 6 30 2
492 62.08 27.01 44.29 429.10 17 31 2
493 96.68 89.04 7.44 86.13 21 22 2
494 87.95 35.91 10.90 470.80 5 44 1
495 23.21 18.89 24.45 321.31 18 32 1
496 4.99 78.89 24.07 326.48 13 43 2
497 35.89 54.34 25.40 470.46 5 43 1
498 70.89 29.71 17.22 381.68 12 41 2
499 19.14 31.77 13.81 131.95 24 38 1
500 24.39 30.69 23.91 150.83 13 36 2
1 189.36 4669.69 1
2 198.07 4310.80 2
3 120.83 3542.70 1
1 1.27 45.39 1
2 1.09 28.92 1
3 1.42 40.28 2
4 1.46 25.42 1
5 1.19 25.62 3
6 1.61 42.44 2
7 1.45 39.50 2
