Data for Vehicle routing problem with drones - Author: Huyen Do Thi Ngoc
Number of depots: 2
Number of cities: 200
Number of trucks: 2
Number of drones: 9
Area: 100 100 50
Customer maximum demand: 500
Max capacity of truck: 200
Max energy of truck: 5000
Max capacity of drone: 2
Max energy of drone: 50
1 46.05 41.48 1.26
2 77.17 19.71 13.42
1 33.87 52.55 44.74 345.21 10 19 2
2 47.60 13.59 18.01 453.06 0 28 1
3 15.50 23.58 41.72 80.99 10 35 1
4 50.22 24.96 33.56 221.68 10 28 1
5 95.80 69.91 13.98 333.11 17 27 1
6 52.81 48.51 0.40 384.69 1 45 2
7 27.29 21.05 2.50 479.61 6 29 1
8 21.61 70.29 34.40 365.18 19 19 2
9 98.26 49.81 17.92 151.83 15 44 1
10 20.34 62.04 4.70 485.31 13 42 1
11 68.22 45.86 10.09 94.17 2 39 2
12 48.31 69.13 27.99 361.96 10 42 2
13 91.90 9.25 48.53 93.85 20 29 1
14 22.73 50.41 32.74 490.97 6 23 2
15 96.35 33.76 27.66 400.84 10 31 1
16 24.40 33.11 24.83 295.18 5 8 2
17 44.99 44.73 4.70 294.68 20 35 1
18 54.09 66.87 1.01 465.12 23 30 1
19 45.57 74.58 15.91 244.01 15 33 1
20 18.76 41.69 3.05 155.24 6 9 1
21 37.50 85.78 8.96 191.21 6 10 1
22 46.39 57.90 0.48 328.06 9 43 2
23 47.56 35.19 40.30 175.44 18 44 1
24 40.19 62.32 31.49 366.63 21 33 1
25 55.40 76.06 9.23 332.82 13 13 1
26 98.58 83.73 11.57 179.69 11 43 1
27 99.43 72.15 20.74 316.97 0 15 2
28 83.95 80.34 48.67 231.88 14 17 1
29 51.02 41.32 27.33 316.69 20 48 1
30 54.28 16.35 38.86 135.50 22 39 1
31 33.78 65.15 4.11 200.94 0 40 2
32 29.93 55.64 12.42 451.40 17 21 2
33 23.49 81.84 40.71 111.62 20 34 1
34 18.41 13.16 30.40 52.24 19 30 1
35 13.51 63.84 41.61 229.68 11 27 1
36 81.20 52.24 8.91 467.16 9 25 2
37 72.86 91.56 19.42 377.90 15 26 2
38 66.22 60.82 20.62 277.12 7 43 1
39 95.50 60.57 2.82 176.69 15 26 2
40 59.67 39.14 44.86 462.90 20 35 2
41 51.22 21.13 25.86 321.02 1 32 1
42 72.31 4.29 0.76 75.62 12 27 2
43 11.77 35.48 4.47 478.03 20 48 1
44 81.51 8.58 21.30 162.10 2 10 2
45 52.56 61.56 28.07 339.59 14 24 1
46 16.92 49.71 21.55 59.74 4 25 2
47 8.53 37.73 30.19 50.72 5 9 2
48 62.55 6.00 35.07 300.35 18 41 1
49 48.33 96.38 24.15 162.30 0 14 1
50 86.14 50.95 31.21 119.85 21 39 2
51 56.42 86.13 41.55 160.07 24 37 2
52 52.46 22.63 29.34 157.03 7 13 1
53 55.06 93.90 48.72 307.40 7 23 2
54 87.84 44.95 36.65 314.80 2 33 2
55 17.39 40.76 38.86 234.21 6 33 2
56 41.51 95.90 4.23 79.99 1 18 1
57 23.79 71.36 30.71 436.17 15 44 2
58 16.17 85.54 37.59 121.95 3 12 2
59 7.40 40.81 7.91 177.96 18 18 2
60 69.75 47.33 2.98 187.21 0 38 1
61 48.60 95.43 15.28 396.29 17 19 2
62 17.88 95.30 41.60 478.96 1 26 2
63 77.02 74.52 32.19 352.00 8 32 1
64 44.14 97.14 24.97 190.59 10 17 1
65 69.84 56.27 30.80 336.34 12 17 1
66 4.19 44.67 34.22 411.73 9 26 2
67 38.06 49.13 40.12 443.30 1 11 1
68 73.10 29.98 6.50 496.90 21 46 1
69 10.18 65.31 41.15 383.02 20 29 1
70 71.38 22.86 15.31 400.17 3 27 1
71 67.55 58.13 46.13 416.76 12 15 2
72 86.84 13.95 13.13 407.05 17 17 1
73 0.98 93.00 43.36 122.38 9 31 1
74 61.49 53.51 49.59 111.26 10 32 1
75 25.42 29.52 9.47 241.50 3 44 2
76 89.63 43.60 37.95 239.48 13 42 1
77 84.99 79.95 40.13 307.02 10 22 1
78 3.89 18.28 36.42 476.01 7 31 2
79 20.09 86.94 4.06 76.60 8 15 1
80 64.45 24.90 40.80 165.09 9 9 1
81 0.20 4.61 19.64 419.28 21 26 1
82 91.77 75.26 9.40 433.38 7 12 2
83 27.95 2.62 32.04 61.99 20 42 1
84 15.50 98.01 34.93 167.56 13 24 2
85 58.75 39.72 17.18 373.80 22 43 2
86 62.68 27.27 41.13 73.82 23 35 2
87 95.41 96.68 24.54 230.02 24 45 1
88 58.45 99.77 31.26 367.44 24 25 1
89 98.26 31.78 44.75 276.94 2 48 1
90 70.01 27.23 49.51 119.88 15 44 2
91 43.68 9.08 22.08 120.18 17 46 1
92 61.29 14.02 45.09 365.41 1 8 1
93 62.00 33.76 4.34 256.30 1 9 1
94 86.22 16.12 47.91 88.98 11 30 2
95 94.86 83.39 46.57 148.21 0 10 1
96 70.09 94.31 37.85 242.73 23 31 1
97 96.17 32.15 12.62 481.45 11 45 2
98 20.79 99.32 45.24 469.05 18 32 2
99 4.72 53.21 20.53 255.30 20 31 2
100 60.00 7.20 2.32 172.09 13 35 1
101 63.36 54.47 10.32 394.84 20 36 1
102 80.64 60.04 13.73 157.01 8 30 1
103 98.21 50.67 33.49 330.00 6 31 2
104 87.08 42.80 10.37 185.24 7 28 2
105 19.74 7.81 34.97 414.65 17 28 2
106 52.73 94.96 41.44 343.03 6 22 2
107 68.59 25.08 40.93 244.56 10 40 2
108 18.36 16.01 48.17 419.86 7 22 1
109 97.05 21.22 42.66 371.87 11 12 2
110 66.43 19.34 47.63 158.91 17 20 1
111 28.71 91.90 16.00 238.74 20 20 1
112 45.60 96.28 29.54 120.77 11 20 1
113 39.39 40.18 24.54 85.86 21 28 2
114 19.50 67.26 27.90 67.11 0 39 2
115 9.57 49.28 46.52 278.43 23 40 1
116 53.01 61.92 31.66 179.11 4 41 2
117 97.39 28.09 49.08 272.20 21 37 2
118 4.08 0.87 28.80 489.89 14 28 1
119 87.10 94.84 49.13 345.73 3 42 2
120 52.15 74.65 44.97 205.29 16 33 2
121 95.26 27.47 18.11 104.23 20 33 2
122 39.51 70.97 0.66 435.56 20 22 1
123 41.91 89.80 25.10 413.84 2 31 2
124 90.39 56.48 46.40 425.24 23 38 1
125 46.06 67.42 9.71 264.64 15 29 1
126 4.08 83.96 9.67 121.72 2 5 1
127 43.59 39.82 6.78 285.14 3 24 2
128 24.76 39.80 49.06 362.06 14 46 2
129 81.55 6.68 33.98 334.97 15 44 2
130 38.24 59.61 32.27 239.45 20 38 2
131 76.03 14.98 22.70 434.37 20 47 2
132 70.19 43.91 29.28 334.80 24 44 2
133 96.15 44.45 12.53 59.72 12 42 1
134 0.37 98.65 25.49 428.11 14 33 1
135 38.93 61.69 10.98 222.28 4 25 2
136 34.57 65.58 13.22 147.61 12 46 2
137 19.52 60.89 24.63 163.36 24 32 2
138 20.64 56.68 9.41 120.73 5 25 2
139 37.15 36.20 26.51 315.47 0 18 1
140 44.34 81.66 21.11 292.52 23 28 1
141 38.28 85.66 42.71 202.96 7 23 2
142 67.92 57.92 8.45 449.62 9 20 2
143 10.18 76.11 2.71 297.83 7 13 1
144 31.36 96.19 32.44 369.84 1 11 1
145 2.32 94.90 17.27 251.37 23 46 1
146 67.88 0.32 6.44 431.19 6 46 2
147 54.23 50.95 37.51 128.23 9 33 2
148 19.21 84.46 3.91 244.82 19 23 1
149 30.71 12.75 49.84 394.90 20 21 2
150 62.13 39.16 39.77 141.89 5 30 1
151 31.40 39.15 19.58 299.30 20 33 1
152 65.38 14.15 2.13 454.68 22 32 2
153 76.72 77.68 22.81 281.55 7 41 1
154 71.63 27.99 45.97 74.66 8 20 2
155 84.47 50.46 3.67 70.92 9 42 1
156 18.75 30.39 42.85 162.85 16 16 1
157 66.21 24.99 45.13 148.40 14 33 1
158 52.85 51.47 42.17 57.26 17 46 1
159 96.46 64.78 42.48 171.91 18 27 1
160 33.68 16.56 22.83 422.08 5 29 2
161 67.65 36.63 19.23 292.12 7 35 2
162 92.12 50.47 36.07 380.29 13 47 2
163 27.48 11.45 42.15 188.49 9 21 2
164 47.54 62.06 11.53 313.97 15 24 1
165 79.19 24.21 23.67 431.57 7 22 2
166 80.55 39.72 14.67 493.94 13 31 2
167 80.33 18.76 37.89 173.99 12 33 1
168 79.10 84.84 21.79 98.82 13 18 1
169 62.86 42.77 44.96 299.13 17 31 2
170 67.32 71.89 13.17 66.37 15 24 1
171 24.65 62.40 41.93 74.21 11 47 2
172 32.74 35.21 24.62 243.47 0 4 1
173 18.05 79.83 27.57 142.84 3 9 2
174 65.53 32.88 46.67 51.97 0 18 1
175 83.21 10.38 11.56 74.12 4 36 1
176 23.63 99.20 19.15 118.92 5 11 1
177 79.10 22.44 46.44 323.89 24 24 1
178 77.87 90.86 25.95 308.48 14 38 2
179 85.43 56.57 41.00 75.03 7 18 2
180 68.73 51.32 16.28 424.65 4 11 2
181 15.98 46.76 28.71 127.28 5 37 1
182 52.05 94.58 4.58 100.90 0 15 2
183 50.54 72.96 19.29 371.42 7 28 1
184 62.17 54.10 47.20 439.17 0 19 1
185 7.94 85.48 2.09 90.40 5 23 1
186 34.75 40.46 1.19 462.25 24 48 1
187 56.55 11.81 39.63 236.85 23 34 2
188 60.83 48.96 20.77 192.91 5 5 2
189 67.32 33.76 47.35 159.61 3 40 2
190 70.15 84.94 29.42 169.90 14 22 2
191 16.97 56.81 0.23 357.40 20 22 1
192 6.00 61.70 40.27 146.30 23 37 2
193 25.19 58.30 46.94 487.42 8 25 2
194 70.90 15.18 39.17 209.25 19 27 1
195 99.91 73.57 14.15 429.55 11 16 1
196 78.84 55.61 30.04 311.97 10 48 1
197 48.80 64.74 31.93 363.33 14 35 2
198 37.39 83.38 48.47 465.19 1 27 2
199 74.21 36.45 48.62 383.22 23 31 1
200 74.07 31.97 4.26 106.08 13 43 1
1 155.02 3766.20 1
2 105.91 3802.61 2
1 1.37 35.84 1
2 1.60 46.48 2
3 1.82 35.74 2
4 1.11 33.00 1
5 1.67 28.59 2
6 1.85 34.05 2
7 1.00 33.22 1
8 1.79 32.54 1
9 1.76 41.94 2
