Data for Vehicle routing problem with drones - Author: Huyen Do Thi Ngoc
Number of depots: 1
Number of cities: 400
Number of trucks: 6
Number of drones: 10
Area: 100 100 50
Customer maximum demand: 500
Max capacity of truck: 200
Max energy of truck: 5000
Max capacity of drone: 2
Max energy of drone: 50
1 85.24 62.99 16.21
1 25.78 42.68 12.09 413.94 12 16 1
2 35.99 27.44 2.69 163.89 7 36 1
3 10.82 1.28 3.16 99.64 1 45 1
4 10.15 48.04 28.94 215.46 3 5 1
5 26.45 94.36 17.75 338.15 5 32 1
6 27.93 79.55 44.77 117.93 11 23 1
7 12.70 25.58 28.46 492.79 16 33 1
8 71.51 47.42 0.53 371.06 24 32 1
9 32.79 37.61 48.25 84.11 4 21 1
10 78.80 21.95 37.35 278.74 12 48 1
11 27.05 45.72 31.82 242.64 9 32 1
12 81.56 79.90 24.81 96.02 9 28 1
13 41.54 92.27 48.02 477.38 20 36 1
14 32.16 98.42 6.79 80.99 14 25 1
15 92.22 21.73 43.52 105.31 14 44 1
16 79.82 93.89 49.19 164.44 12 25 1
17 7.78 81.37 13.95 303.42 17 21 1
18 58.44 72.66 28.17 216.05 19 43 1
19 65.69 30.18 27.71 261.37 19 26 1
20 81.15 91.00 12.41 450.05 6 31 1
21 59.46 17.85 45.51 290.83 0 40 1
22 95.39 94.87 47.66 187.02 13 16 1
23 91.52 33.89 4.16 438.01 2 9 1
24 39.23 57.43 1.40 214.09 21 33 1
25 50.75 84.82 28.15 448.43 20 27 1
26 94.12 11.15 17.43 164.42 22 25 1
27 41.38 27.66 47.15 417.92 2 10 1
28 93.01 45.92 1.44 387.46 23 23 1
29 81.56 89.46 34.96 256.00 7 24 1
30 46.32 4.70 29.79 461.91 16 38 1
31 23.47 43.90 13.65 383.24 15 46 1
32 79.32 1.84 22.52 377.62 22 34 1
33 38.67 4.20 21.20 424.93 15 24 1
34 20.33 13.95 42.49 290.82 24 34 1
35 98.72 59.11 46.10 447.44 23 35 1
36 68.17 99.67 0.69 458.88 9 39 1
37 37.90 26.50 31.03 424.77 15 40 1
38 66.05 47.74 26.48 267.04 23 34 1
39 13.72 33.35 2.05 256.11 16 19 1
40 34.73 71.16 37.22 412.33 11 30 1
41 82.06 89.73 1.56 161.65 16 24 1
42 31.49 10.78 33.32 68.57 14 37 1
43 96.58 16.78 6.56 347.08 6 21 1
44 82.73 87.68 41.88 253.96 4 33 1
45 8.50 46.08 39.06 396.21 23 40 1
46 71.35 7.35 21.15 149.36 13 20 1
47 51.93 19.76 27.51 495.64 1 28 1
48 17.54 30.17 4.20 202.33 21 27 1
49 53.83 88.19 33.32 263.93 7 40 1
50 73.76 52.78 47.53 156.01 0 5 1
51 18.14 44.27 13.13 206.97 8 35 1
52 98.30 70.22 9.09 181.53 18 19 1
53 45.24 35.00 28.41 89.41 12 42 1
54 77.12 21.66 5.23 206.32 11 46 1
55 91.31 91.15 18.25 178.42 17 22 1
56 51.98 83.06 6.12 224.64 9 41 1
57 23.04 34.52 40.32 496.67 16 43 1
58 43.43 21.97 26.72 139.09 20 44 1
59 19.68 20.17 35.97 230.33 12 13 1
60 46.09 55.20 17.63 475.47 3 31 1
61 23.90 33.25 21.53 463.79 18 19 1
62 73.55 83.20 0.36 330.76 2 48 1
63 96.49 34.54 35.48 174.56 0 48 1
64 15.25 77.16 20.79 73.80 22 28 1
65 54.03 75.16 5.99 408.26 16 33 1
66 76.10 43.00 21.50 174.76 23 48 1
67 15.78 2.03 2.92 93.91 24 47 1
68 47.68 13.99 7.68 176.68 7 9 1
69 27.04 44.38 21.23 340.44 2 8 1
70 88.32 57.99 2.96 80.97 0 21 1
71 19.47 7.98 49.90 428.55 24 27 1
72 59.79 78.01 38.00 238.24 20 45 1
73 76.87 41.90 10.23 180.52 13 35 1
74 58.90 51.72 1.37 262.00 10 43 1
75 28.11 75.37 39.89 434.68 18 38 1
76 1.59 37.45 45.40 57.89 14 46 1
77 13.92 13.51 25.67 318.04 20 42 1
78 62.33 59.85 20.11 111.38 0 12 1
79 62.65 4.02 29.72 90.53 13 35 1
80 8.62 10.96 2.52 129.65 21 23 1
81 76.52 51.47 20.04 265.88 5 31 1
82 48.95 15.06 36.92 423.67 13 42 1
83 32.70 90.41 3.70 79.14 10 33 1
84 82.27 42.46 10.04 253.18 3 45 1
85 89.37 42.01 31.90 254.87 8 28 1
86 45.93 13.41 22.19 312.40 11 16 1
87 87.93 53.85 19.39 463.64 17 40 1
88 28.76 58.27 36.91 381.12 3 13 1
89 11.86 20.43 9.05 248.41 6 26 1
90 23.19 54.79 42.46 485.85 20 27 1
91 48.22 76.07 1.53 146.31 19 24 1
92 77.86 83.83 18.36 474.69 11 42 1
93 24.77 40.30 39.41 283.07 5 24 1
94 11.23 20.62 19.01 442.52 15 37 1
95 59.63 60.42 47.12 354.58 13 30 1
96 0.25 22.10 6.14 93.22 12 16 1
97 41.02 64.51 46.09 213.59 7 43 1
98 79.92 20.99 48.64 311.97 11 39 1
99 32.09 5.26 49.83 243.37 12 29 1
100 15.76 84.20 30.00 445.06 1 34 1
101 76.99 65.51 28.91 346.96 11 13 1
102 15.78 69.37 34.10 383.47 2 39 1
103 70.94 64.18 45.76 172.17 13 40 1
104 16.53 64.32 41.00 324.66 7 34 1
105 19.32 63.64 8.94 340.38 17 30 1
106 0.88 62.52 11.38 233.62 15 23 1
107 67.86 98.60 12.50 492.58 12 40 1
108 60.03 58.29 8.59 331.86 3 42 1
109 76.53 46.38 22.73 238.63 24 33 1
110 51.44 3.49 36.34 346.12 24 44 1
111 12.16 63.07 47.18 268.41 3 9 1
112 17.30 22.79 39.08 480.19 2 19 1
113 98.44 33.33 39.58 439.37 7 37 1
114 66.21 84.75 23.63 481.41 12 20 1
115 65.67 21.31 3.13 407.60 14 35 1
116 45.57 78.89 48.77 458.74 4 6 1
117 67.23 3.90 33.20 58.40 14 21 1
118 45.90 57.22 4.34 282.39 17 46 1
119 45.19 73.53 37.17 469.64 6 39 1
120 53.79 95.63 12.39 388.37 13 21 1
121 79.06 33.23 47.98 58.43 18 26 1
122 57.63 59.12 45.81 217.35 5 11 1
123 10.11 67.98 8.10 369.38 19 19 1
124 39.39 20.57 15.24 308.44 9 48 1
125 40.29 38.87 40.23 73.72 19 32 1
126 96.05 15.57 6.93 92.93 3 32 1
127 18.21 98.97 36.38 226.50 8 29 1
128 3.47 6.61 27.72 398.04 3 24 1
129 63.89 53.03 44.17 403.25 12 35 1
130 35.77 49.22 48.09 349.04 16 18 1
131 21.06 24.09 26.05 70.73 2 38 1
132 88.77 70.01 4.16 495.52 10 47 1
133 63.26 52.75 40.38 346.35 6 8 1
134 35.67 71.39 18.43 282.16 12 31 1
135 86.04 56.46 11.11 137.91 5 22 1
136 39.81 76.66 5.61 118.17 7 11 1
137 42.88 73.31 11.66 122.80 8 8 1
138 80.05 85.32 22.33 482.13 5 10 1
139 92.65 74.88 6.21 113.08 12 41 1
140 88.88 83.24 10.63 105.28 24 29 1
141 61.14 67.14 18.05 119.32 19 21 1
142 73.47 62.19 17.43 233.67 9 28 1
143 49.94 25.94 18.81 270.83 20 43 1
144 79.65 58.41 11.78 382.39 8 15 1
145 82.51 41.51 29.12 142.18 17 25 1
146 97.31 38.16 5.02 448.22 6 24 1
147 19.13 35.60 13.28 468.72 23 44 1
148 23.29 54.46 25.58 206.92 8 19 1
149 18.92 84.93 2.38 83.01 10 46 1
150 52.84 36.65 30.75 233.41 21 42 1
151 74.13 30.62 21.90 162.10 19 47 1
152 16.31 59.99 46.64 101.49 20 36 1
153 80.72 54.25 10.46 128.59 14 24 1
154 45.86 54.79 34.60 362.33 16 25 1
155 12.03 26.44 35.58 361.50 14 34 1
156 86.74 21.48 21.90 471.73 0 31 1
157 87.29 22.10 3.37 425.87 14 45 1
158 67.52 31.95 46.56 255.53 17 26 1
159 52.96 20.54 26.35 256.25 2 19 1
160 62.93 54.45 39.92 70.36 13 22 1
161 54.88 99.59 20.31 486.17 2 11 1
162 9.39 37.01 36.76 483.27 6 36 1
163 32.91 12.98 11.36 149.09 5 9 1
164 93.69 23.80 27.82 278.00 21 43 1
165 53.31 27.82 2.61 309.87 5 18 1
166 77.52 31.84 46.88 107.05 2 43 1
167 51.47 54.24 48.25 451.60 3 18 1
168 62.39 90.71 43.91 478.06 15 35 1
169 50.88 26.36 0.24 473.27 4 25 1
170 39.80 4.61 6.78 242.24 22 32 1
171 85.44 95.37 43.25 293.97 2 3 1
172 77.32 97.85 28.79 369.23 8 16 1
173 19.69 84.65 20.38 278.47 7 32 1
174 81.11 91.95 15.71 373.41 7 30 1
175 7.79 11.59 5.05 188.97 22 32 1
176 95.89 81.23 35.20 433.58 3 35 1
177 38.14 38.79 39.91 121.26 18 37 1
178 18.84 17.68 23.84 238.30 24 48 1
179 30.64 51.92 40.49 319.80 23 40 1
180 51.43 57.92 10.93 166.76 17 19 1
181 10.54 68.32 24.58 397.02 16 16 1
182 33.60 49.29 28.67 391.32 1 7 1
183 74.90 56.70 44.31 287.92 9 21 1
184 15.26 51.81 45.85 274.79 13 20 1
185 47.37 63.41 27.23 486.28 19 34 1
186 28.13 96.86 0.80 445.49 19 21 1
187 82.91 26.89 37.29 154.46 18 46 1
188 64.28 25.84 5.31 205.12 2 17 1
189 24.21 45.01 23.10 157.85 23 38 1
190 45.19 94.12 39.85 438.56 17 46 1
191 70.46 44.19 21.06 407.68 3 38 1
192 19.82 99.20 30.89 227.13 14 26 1
193 44.38 38.66 37.61 302.17 12 33 1
194 53.39 54.47 17.99 113.89 16 17 1
195 89.43 99.35 36.17 141.86 14 43 1
196 74.92 16.35 0.04 240.66 17 27 1
197 15.55 52.88 14.97 152.70 20 25 1
198 98.23 51.27 41.45 199.63 9 48 1
199 89.06 70.77 24.07 260.33 20 24 1
200 85.95 58.80 42.37 220.48 24 44 1
201 97.50 21.54 17.25 138.62 24 45 1
202 77.73 61.28 47.16 187.58 1 38 1
203 62.79 57.39 21.58 458.69 19 48 1
204 67.11 92.44 19.93 179.57 19 38 1
205 26.53 24.10 5.34 221.27 16 30 1
206 18.74 5.29 13.04 99.04 10 47 1
207 14.20 74.83 23.11 364.20 11 27 1
208 70.74 86.12 47.03 362.25 1 10 1
209 7.23 27.03 3.06 78.02 19 26 1
210 94.12 15.62 42.50 379.29 8 28 1
211 35.00 67.35 49.95 268.52 24 41 1
212 95.80 98.90 42.51 260.05 19 20 1
213 77.47 13.57 15.31 437.00 9 20 1
214 62.83 38.19 22.69 321.86 21 34 1
215 87.44 60.93 3.75 245.85 19 31 1
216 36.39 81.71 43.75 381.76 10 27 1
217 25.46 65.62 33.90 94.22 20 40 1
218 5.69 25.07 3.37 89.66 4 17 1
219 76.32 39.61 19.31 353.31 20 30 1
220 82.98 33.79 25.50 77.29 1 39 1
221 92.89 80.34 23.05 445.84 2 25 1
222 1.97 21.51 5.73 468.68 0 34 1
223 19.84 3.55 45.33 73.35 21 24 1
224 39.80 11.80 40.75 376.85 0 27 1
225 54.99 24.43 28.93 378.66 14 43 1
226 72.93 44.28 31.50 100.12 8 45 1
227 35.58 51.43 16.13 449.65 1 40 1
228 29.93 14.71 17.87 459.22 12 24 1
229 10.08 95.86 10.57 284.18 4 21 1
230 50.60 77.29 42.69 326.75 22 39 1
231 74.17 62.44 18.88 62.75 14 40 1
232 4.62 31.15 6.19 279.13 2 27 1
233 4.41 84.76 16.93 395.49 21 29 1
234 55.56 13.23 10.45 477.60 24 26 1
235 74.68 46.20 27.72 471.39 0 38 1
236 14.85 82.28 43.19 149.77 18 26 1
237 57.66 71.34 12.57 379.58 21 34 1
238 64.81 95.34 14.80 190.85 0 30 1
239 98.68 8.88 11.71 189.84 16 47 1
240 2.96 23.20 34.05 145.81 0 11 1
241 18.91 18.03 27.34 172.01 13 22 1
242 8.21 9.84 8.77 123.67 10 25 1
243 85.63 96.57 33.07 346.07 20 44 1
244 25.34 2.56 4.68 69.11 13 17 1
245 62.06 58.63 21.35 100.47 6 28 1
246 34.48 33.62 9.98 344.93 23 40 1
247 28.76 1.14 31.29 402.95 13 28 1
248 62.49 5.77 15.28 404.26 3 12 1
249 3.95 94.86 38.72 57.67 12 27 1
250 64.36 0.96 12.04 271.43 21 34 1
251 84.89 2.09 19.92 182.85 14 35 1
252 71.00 74.62 44.22 85.52 18 35 1
253 93.91 47.12 26.40 403.74 12 31 1
254 92.24 41.30 8.75 441.13 19 37 1
255 47.66 19.91 35.25 462.79 21 45 1
256 90.72 13.51 14.14 423.49 20 45 1
257 13.54 99.80 28.29 293.56 2 18 1
258 78.75 38.08 4.82 467.27 19 45 1
259 22.11 0.65 49.80 91.74 17 29 1
260 28.18 12.91 45.00 407.96 21 44 1
261 84.20 46.70 30.77 174.95 11 44 1
262 93.64 81.56 49.24 382.24 9 44 1
263 13.07 40.73 16.36 84.12 4 42 1
264 26.98 12.44 6.10 474.75 23 32 1
265 15.43 31.92 37.53 64.16 7 35 1
266 68.31 94.22 3.83 456.73 7 46 1
267 97.54 93.55 37.01 427.12 22 34 1
268 94.19 20.13 37.43 91.74 23 44 1
269 69.68 90.77 38.55 126.36 20 39 1
270 6.34 25.54 22.08 331.65 3 7 1
271 54.14 15.33 22.97 364.41 4 14 1
272 27.49 97.05 14.79 149.30 19 29 1
273 58.72 71.53 5.57 268.17 24 44 1
274 7.35 38.48 40.89 357.29 5 37 1
275 22.26 96.68 0.72 364.25 9 31 1
276 87.80 90.21 3.41 448.83 15 34 1
277 39.54 1.48 45.70 279.77 20 34 1
278 64.80 43.57 22.04 178.07 1 29 1
279 27.73 70.57 43.48 465.18 20 39 1
280 17.00 39.67 27.07 72.18 16 33 1
281 25.33 80.32 22.52 345.05 7 42 1
282 93.38 94.80 2.62 278.41 8 29 1
283 90.91 75.44 16.54 279.22 4 35 1
284 91.41 42.21 33.15 159.39 6 39 1
285 9.56 96.52 36.36 222.64 9 36 1
286 63.17 60.24 30.96 260.11 14 45 1
287 65.16 4.81 27.67 174.30 0 2 1
288 43.88 95.32 1.45 489.18 4 31 1
289 23.23 55.72 29.95 419.39 16 40 1
290 53.81 53.23 31.75 422.67 24 32 1
291 94.76 72.66 1.92 185.24 1 11 1
292 57.22 65.56 28.65 414.75 14 47 1
293 78.93 62.17 39.36 166.92 0 5 1
294 31.72 30.32 34.28 112.36 14 47 1
295 79.03 84.28 7.15 74.68 10 19 1
296 6.10 8.54 37.44 347.88 1 18 1
297 79.30 48.39 27.06 248.46 24 41 1
298 66.85 44.64 12.72 140.88 2 34 1
299 38.49 87.26 25.20 93.21 13 23 1
300 8.28 34.30 24.13 160.92 11 19 1
301 13.90 4.49 5.59 255.62 19 45 1
302 84.94 84.92 3.91 51.24 15 26 1
303 16.90 56.74 33.81 130.13 8 30 1
304 76.01 99.36 13.31 218.19 4 38 1
305 72.98 24.89 1.11 284.90 4 6 1
306 51.58 29.85 20.08 391.80 1 12 1
307 82.35 39.78 26.67 468.71 8 45 1
308 18.14 61.55 9.09 229.17 0 39 1
309 59.62 91.69 17.06 306.09 24 42 1
310 77.06 98.42 27.18 226.52 13 17 1
311 11.95 89.43 11.54 236.74 9 30 1
312 74.42 31.60 45.18 205.83 12 44 1
313 12.15 65.00 0.03 120.41 23 42 1
314 51.87 58.07 29.15 435.59 18 35 1
315 13.92 92.81 13.60 115.17 1 28 1
316 95.14 67.76 33.30 111.86 2 45 1
317 30.24 73.67 48.46 169.73 14 46 1
318 16.81 87.17 48.20 388.90 19 40 1
319 20.33 47.65 10.34 453.89 16 25 1
320 66.06 34.83 23.67 375.38 20 36 1
321 82.05 86.44 18.84 253.79 9 27 1
322 24.84 62.93 48.47 150.09 10 34 1
323 74.86 55.70 31.67 489.86 23 39 1
324 46.48 93.70 13.18 313.06 1 7 1
325 61.16 17.44 35.30 406.45 19 28 1
326 27.34 21.47 37.63 489.20 7 19 1
327 5.80 79.43 6.45 65.83 15 31 1
328 22.23 34.92 36.31 178.50 14 35 1
329 67.09 23.44 12.63 469.50 10 45 1
330 72.37 76.69 29.67 404.58 13 45 1
331 99.75 28.13 40.33 327.05 17 45 1
332 51.02 5.66 4.03 276.39 11 12 1
333 43.50 12.55 16.87 393.71 18 39 1
334 82.28 74.65 34.71 269.18 6 13 1
335 94.85 43.22 40.17 441.37 0 35 1
336 8.94 78.15 16.66 251.66 10 27 1
337 3.75 14.79 22.40 484.62 21 44 1
338 66.04 66.96 28.89 183.12 21 34 1
339 66.05 22.70 42.27 200.63 24 45 1
340 10.47 48.19 18.36 148.73 9 10 1
341 19.73 68.62 5.43 168.30 24 44 1
342 35.56 59.54 0.76 92.80 15 15 1
343 9.16 88.54 7.82 440.37 9 19 1
344 20.98 8.21 35.23 108.58 0 23 1
345 33.85 48.23 29.37 119.12 19 23 1
346 79.86 8.69 30.63 51.67 2 29 1
347 97.50 36.84 43.98 323.28 5 47 1
348 64.48 43.34 16.59 94.37 13 17 1
349 62.84 95.76 12.02 330.37 13 15 1
350 75.86 85.65 0.06 242.49 24 48 1
351 29.67 8.05 12.63 247.50 6 14 1
352 92.33 77.84 2.41 275.39 7 10 1
353 61.67 96.89 6.80 407.90 17 37 1
354 17.32 58.80 19.28 364.42 2 37 1
355 70.12 46.41 6.40 223.57 20 23 1
356 23.39 55.33 18.17 109.82 20 35 1
357 20.00 95.04 5.73 52.21 6 33 1
358 69.55 59.89 27.74 390.09 19 34 1
359 12.89 65.32 45.22 98.68 17 45 1
360 64.31 80.50 20.96 493.97 18 33 1
361 10.06 87.90 11.77 195.81 5 7 1
362 71.12 39.85 16.63 393.60 16 36 1
363 84.73 95.06 25.46 349.90 19 28 1
364 74.72 93.58 40.95 267.61 17 18 1
365 90.81 80.14 41.39 361.77 9 47 1
366 80.71 13.63 43.03 382.58 12 42 1
367 76.50 51.84 39.73 411.16 7 39 1
368 83.52 95.17 2.84 69.57 2 25 1
369 65.27 60.32 28.63 91.58 19 21 1
370 45.89 57.96 40.30 327.74 14 23 1
371 62.27 43.32 2.16 236.95 23 41 1
372 47.39 70.62 25.91 360.75 15 40 1
373 10.43 41.70 22.57 402.90 11 36 1
374 19.53 21.78 1.34 147.09 7 26 1
375 77.91 42.53 5.39 393.52 5 39 1
376 23.89 3.93 46.05 395.92 23 23 1
377 63.81 35.17 38.47 282.53 4 43 1
378 56.67 8.08 35.09 464.63 4 6 1
379 46.55 92.21 49.81 486.53 24 40 1
380 32.37 60.79 27.46 54.69 8 35 1
381 43.49 2.60 29.36 419.89 9 32 1
382 72.74 57.59 9.97 247.19 6 9 1
383 50.75 71.87 40.17 435.14 1 39 1
384 79.56 96.80 30.88 155.29 8 44 1
385 37.50 65.32 39.40 95.70 12 19 1
386 15.58 26.89 3.82 463.52 3 15 1
387 31.69 96.73 1.04 216.13 3 23 1
388 45.39 51.22 29.84 190.09 21 30 1
389 21.13 49.73 14.71 318.79 9 10 1
390 95.52 54.63 32.08 106.03 15 32 1
391 74.71 67.66 10.65 412.52 12 13 1
392 46.41 23.03 39.43 295.96 11 29 1
393 74.49 18.31 6.02 97.63 14 44 1
394 51.37 97.20 38.85 96.14 22 24 1
395 7.60 15.39 22.15 479.23 22 24 1
396 43.03 96.43 15.30 222.83 16 42 1
397 52.35 46.40 31.76 485.23 16 23 1
398 3.14 21.34 16.59 343.85 14 21 1
399 55.67 66.32 1.10 315.74 16 37 1
400 14.89 82.93 6.32 81.06 6 14 1
1 168.37 2915.36 1
2 127.05 3649.03 1
3 124.65 3188.13 1
4 170.32 3722.58 1
5 185.84 3258.20 1
6 164.25 2756.66 1
1 1.96 41.06 3
2 1.53 29.03 3
3 1.23 25.28 2
4 1.25 36.36 1
5 1.76 25.86 1
6 1.70 26.73 1
7 1.25 27.26 3
8 1.35 29.03 6
9 1.01 30.34 4
10 1.71 46.24 4
