Data for Vehicle routing problem with drones - Author: Huyen Do Thi Ngoc
Number of depots: 3
Number of cities: 300
Number of trucks: 4
Number of drones: 10
Area: 100 100 50
Customer maximum demand: 500
Max capacity of truck: 200
Max energy of truck: 5000
Max capacity of drone: 2
Max energy of drone: 50
1 69.76 90.86 8.04
2 80.06 67.59 9.51
3 56.45 43.13 6.61
1 62.88 54.88 7.78 431.35 7 39 3
2 70.24 29.60 10.19 275.31 17 26 3
3 4.34 35.52 27.17 97.27 11 22 2
4 80.65 93.48 6.34 191.37 19 27 1
5 38.06 53.64 35.85 497.59 3 3 3
6 18.09 34.36 29.48 317.31 17 19 2
7 43.80 89.28 9.19 91.31 9 33 1
8 31.05 61.97 36.74 77.23 18 33 1
9 9.33 73.55 21.87 316.50 4 34 3
10 84.71 60.37 39.99 349.57 19 30 1
11 63.77 11.92 2.41 50.86 9 34 2
12 86.21 24.74 19.58 408.12 16 22 3
13 9.88 64.34 44.31 329.85 12 12 1
14 51.15 58.29 43.28 301.30 18 46 3
15 30.36 80.68 12.54 269.67 24 36 3
16 28.79 8.34 14.79 185.33 11 16 2
17 31.16 79.02 28.66 281.19 19 25 3
18 87.68 99.75 43.37 92.03 3 46 2
19 28.41 21.06 36.70 341.59 10 14 1
20 46.05 77.09 2.90 334.45 14 28 1
21 29.21 34.31 33.79 169.38 18 36 2
22 57.67 6.53 6.69 115.50 16 47 3
23 25.12 54.40 7.61 325.18 8 44 2
24 73.59 65.53 30.68 285.40 16 47 3
25 59.28 72.59 28.67 138.83 23 38 3
26 25.19 40.50 26.60 378.03 20 25 1
27 29.16 51.85 43.93 362.03 8 24 1
28 15.10 57.04 14.52 303.13 12 14 2
29 76.09 20.32 1.80 192.25 10 32 3
30 45.13 11.56 4.28 355.70 0 36 3
31 91.25 92.70 38.31 185.41 2 41 2
32 33.85 13.40 28.98 472.26 5 30 3
33 38.73 4.39 24.46 420.18 23 23 2
34 31.46 28.55 37.33 448.71 7 35 3
35 32.21 19.07 47.43 449.59 24 43 1
36 7.11 12.99 9.02 465.07 22 33 1
37 65.96 66.66 48.07 271.01 4 17 1
38 44.54 39.48 0.77 197.23 5 29 3
39 38.91 28.65 40.88 301.31 11 23 3
40 4.34 35.62 5.88 404.71 17 45 1
41 74.60 67.75 7.65 250.59 1 31 3
42 0.73 8.73 8.78 116.89 5 31 1
43 75.00 26.60 4.46 340.94 7 12 2
44 25.62 12.67 41.43 372.58 5 17 2
45 35.68 61.86 35.52 139.33 12 14 3
46 59.04 43.66 35.61 466.26 10 24 1
47 88.12 12.91 36.23 67.60 0 26 2
48 2.31 60.71 4.86 231.71 18 39 3
49 93.76 95.07 18.31 72.73 23 34 3
50 82.55 97.77 20.69 463.26 20 45 1
51 65.82 29.30 30.55 341.76 2 20 3
52 21.63 5.12 18.91 99.47 14 47 3
53 50.88 77.39 31.45 408.41 15 22 2
54 74.65 92.62 30.18 153.50 15 29 1
55 71.42 54.39 20.43 127.37 12 43 3
56 84.64 21.57 40.40 282.45 16 27 2
57 29.07 85.75 21.38 102.24 0 40 1
58 65.17 37.74 1.20 351.42 3 26 1
59 87.54 52.70 38.77 354.87 18 30 2
60 6.94 22.24 19.12 282.58 12 42 1
61 45.73 75.68 19.07 324.73 13 16 2
62 7.73 40.72 30.89 228.28 19 42 1
63 63.01 76.94 29.49 138.74 9 27 1
64 49.58 61.87 15.72 418.96 3 9 2
65 90.25 17.50 27.29 83.64 12 38 2
66 71.33 61.61 22.30 62.55 8 13 2
67 0.38 66.45 12.38 361.97 1 22 1
68 37.07 69.86 47.54 121.30 8 22 3
69 93.35 83.34 15.20 489.67 12 46 3
70 53.59 13.51 21.20 480.40 1 31 3
71 47.71 93.56 13.35 333.47 15 26 1
72 72.28 58.67 48.52 472.59 20 23 1
73 89.83 76.50 9.39 367.07 11 40 2
74 43.03 27.92 4.44 450.75 13 27 2
75 48.06 1.56 46.12 195.97 13 26 3
76 79.26 62.26 11.34 67.34 1 25 2
77 45.65 35.14 24.28 439.63 20 35 2
78 0.04 23.70 48.15 167.93 0 24 3
79 37.97 12.60 6.34 362.86 15 45 3
80 80.60 11.25 34.68 70.06 24 33 1
81 17.51 72.25 3.69 223.54 18 43 3
82 23.98 61.14 45.28 311.87 11 22 1
83 95.14 75.06 24.87 79.51 9 48 1
84 56.98 85.58 44.40 398.57 5 16 3
85 8.92 79.00 25.64 317.35 13 25 1
86 4.14 3.27 13.11 139.25 13 31 2
87 85.89 51.77 40.84 202.54 5 39 2
88 7.30 9.17 15.45 383.43 13 36 2
89 27.88 79.08 49.61 232.45 14 21 1
90 10.90 39.12 22.65 433.78 2 47 1
91 58.81 36.67 12.97 423.34 18 36 3
92 74.30 73.02 39.62 394.29 1 7 2
93 15.51 22.33 21.65 74.47 10 26 1
94 4.47 60.06 44.84 141.89 17 43 3
95 61.37 3.78 46.28 315.64 24 47 2
96 84.98 40.64 42.86 481.53 4 37 3
97 23.40 74.94 48.71 341.33 0 35 3
98 49.81 66.46 38.58 228.88 19 40 1
99 35.52 79.25 32.09 255.07 8 14 3
100 81.14 44.76 24.06 416.22 7 34 1
101 89.47 98.77 34.07 288.89 19 39 3
102 20.13 51.25 41.77 98.38 5 44 1
103 37.62 94.06 48.54 81.69 4 48 1
104 26.17 96.55 32.70 480.56 11 15 1
105 21.26 78.70 21.82 161.84 7 46 2
106 38.12 47.35 41.09 248.67 1 45 3
107 54.14 47.71 22.60 69.15 6 24 1
108 30.03 38.32 27.43 204.67 22 41 3
109 6.32 98.20 36.11 283.17 17 33 1
110 49.90 0.71 31.50 121.32 3 6 1
111 72.97 69.99 48.95 112.84 20 23 1
112 92.94 83.51 3.86 283.97 24 36 2
113 16.28 21.84 46.66 325.32 24 31 2
114 42.66 13.31 49.91 63.97 21 39 2
115 40.61 23.81 34.87 230.28 14 26 2
116 82.78 50.96 38.72 164.89 22 23 3
117 39.45 96.13 23.88 283.59 13 36 3
118 91.75 53.34 6.41 97.95 21 21 1
119 10.16 80.57 44.48 116.11 10 35 2
120 17.95 96.07 28.88 347.93 13 28 2
121 90.31 81.56 48.08 299.62 8 13 2
122 12.82 44.46 19.61 327.92 13 41 3
123 99.74 42.11 10.41 165.93 4 26 3
124 97.86 32.64 32.37 454.67 2 26 1
125 5.24 53.85 24.16 149.59 4 12 1
126 77.13 21.21 5.44 472.52 10 41 2
127 15.76 40.00 3.85 300.05 13 45 3
128 71.68 34.35 36.67 464.00 0 16 2
129 45.35 99.39 42.66 316.29 19 42 2
130 20.07 24.13 37.02 496.04 5 25 2
131 60.52 63.72 28.50 259.79 2 36 3
132 38.55 53.81 46.48 196.19 23 31 2
133 7.98 94.22 40.03 373.32 14 29 3
134 34.62 36.64 3.01 52.74 24 46 3
135 76.25 79.77 19.54 420.27 3 3 2
136 47.07 19.57 8.40 228.74 17 24 3
137 2.40 72.35 25.02 118.15 2 32 1
138 47.55 35.00 48.59 499.87 4 36 1
139 97.43 94.63 48.54 306.65 3 48 3
140 98.37 52.43 37.42 404.68 16 32 1
141 21.51 94.15 32.71 197.09 7 8 1
142 6.73 36.17 31.65 105.54 19 19 1
143 87.65 92.60 10.75 178.51 6 38 2
144 4.81 17.97 49.66 350.03 20 36 3
145 31.99 89.53 39.17 301.15 23 29 2
146 46.77 52.02 10.75 66.14 20 47 3
147 31.33 50.28 9.75 219.00 12 43 3
148 24.66 46.13 48.02 65.62 0 40 3
149 55.16 41.80 6.91 490.88 21 22 2
150 89.45 95.63 41.84 207.46 5 18 1
151 3.43 48.66 14.33 157.19 19 36 3
152 17.38 61.21 11.40 182.95 9 18 3
153 96.47 49.94 40.38 341.37 15 32 2
154 37.51 96.01 21.43 161.94 17 19 3
155 47.04 3.98 32.03 437.93 2 21 2
156 17.80 98.61 45.81 128.24 3 48 2
157 19.84 60.16 15.41 480.01 19 22 3
158 39.91 19.71 2.67 356.90 17 38 2
159 88.09 77.91 36.23 53.46 1 26 3
160 42.79 51.10 14.58 177.18 20 30 2
161 68.56 54.99 47.84 487.16 14 24 2
162 77.91 52.10 31.87 214.17 4 24 1
163 68.83 77.92 38.33 415.13 11 23 2
164 75.02 24.45 41.25 158.92 18 24 1
165 84.65 31.46 12.29 203.67 7 25 3
166 21.91 74.71 2.73 498.31 24 25 1
167 89.24 97.18 4.77 496.62 14 17 2
168 40.98 11.20 31.90 410.99 7 8 3
169 82.10 77.87 8.93 300.07 12 37 3
170 81.90 43.83 15.22 137.79 23 42 3
171 31.95 51.49 47.34 234.86 24 42 2
172 61.40 67.19 31.43 148.73 20 45 1
173 51.61 72.35 3.44 135.59 20 39 2
174 14.70 35.46 9.01 320.54 9 21 3
175 7.29 92.76 28.55 395.35 24 29 3
176 33.32 66.17 26.90 463.14 18 46 1
177 13.81 79.07 47.38 408.82 5 17 3
178 58.87 62.25 25.24 144.10 19 41 2
179 24.12 92.96 34.27 249.31 5 22 1
180 18.17 60.95 28.89 142.93 11 41 3
181 68.34 62.24 14.89 336.84 9 41 3
182 37.52 66.35 16.74 284.64 13 31 1
183 50.13 94.90 5.42 144.16 14 48 1
184 55.22 15.09 1.61 77.16 20 23 1
185 80.05 3.24 25.21 366.35 6 10 2
186 65.81 52.22 28.37 177.96 17 29 2
187 32.57 75.69 44.45 247.02 14 36 3
188 89.03 98.98 10.86 339.59 1 37 3
189 58.55 95.04 12.15 471.97 22 40 1
190 28.16 55.76 9.02 229.70 23 30 1
191 39.24 22.93 26.87 59.09 8 34 1
192 40.50 0.93 12.84 471.94 20 34 1
193 48.00 37.98 37.97 202.46 19 46 3
194 52.41 75.89 40.43 100.40 3 7 1
195 14.31 37.61 14.71 323.06 18 35 1
196 51.20 85.92 35.05 362.93 11 36 2
197 23.65 73.93 2.45 353.23 23 41 3
198 26.48 90.35 4.58 452.57 17 47 3
199 67.85 39.47 22.97 413.23 21 30 3
200 92.46 55.04 16.33 486.05 20 43 3
201 83.11 18.70 31.50 490.62 1 3 1
202 78.06 38.36 22.87 418.78 17 27 2
203 27.15 55.14 22.12 297.56 19 30 1
204 72.38 98.18 12.43 311.72 11 43 1
205 10.11 91.83 16.24 243.96 18 45 1
206 63.93 59.14 23.05 126.30 7 12 3
207 5.18 58.37 22.60 361.50 21 29 2
208 76.67 64.85 49.53 112.34 14 18 3
209 34.77 35.64 19.39 414.09 4 28 1
210 20.15 68.17 27.08 56.39 5 12 2
211 36.70 72.11 34.54 464.42 6 23 2
212 87.61 13.24 25.66 355.27 7 34 1
213 49.37 92.29 45.65 163.94 2 40 2
214 37.11 74.41 15.92 353.03 12 21 3
215 75.23 29.96 29.08 312.51 15 39 2
216 3.87 71.32 3.74 348.05 0 8 1
217 15.58 22.37 1.81 471.36 3 45 3
218 98.92 98.04 45.36 65.87 3 36 3
219 70.25 42.57 48.21 459.19 17 39 1
220 71.51 9.07 38.94 326.75 7 9 2
221 8.94 27.94 3.54 460.81 12 22 1
222 33.73 73.62 41.84 452.62 5 36 2
223 19.35 34.25 28.99 232.06 18 30 1
224 54.27 45.66 31.91 100.90 0 42 2
225 21.01 37.91 10.10 393.64 7 7 1
226 70.55 92.82 36.27 214.50 6 32 1
227 29.32 15.16 19.95 340.79 5 10 3
228 16.67 67.36 37.09 358.49 7 25 2
229 15.99 8.01 42.84 250.14 20 35 2
230 23.29 89.67 13.55 240.46 15 43 3
231 5.93 15.23 33.84 190.95 7 16 1
232 30.63 96.21 2.86 235.09 1 31 1
233 37.47 55.25 2.24 172.20 9 40 1
234 15.04 97.13 15.82 159.84 15 18 1
235 85.29 13.86 12.12 432.72 19 26 2
236 11.39 56.50 47.61 247.66 12 19 3
237 86.65 42.13 12.45 77.46 6 6 3
238 39.11 39.33 2.06 491.06 0 26 3
239 32.78 24.35 38.94 141.16 9 46 1
240 46.47 52.57 45.81 405.69 19 32 1
241 72.12 95.34 10.40 433.43 24 32 2
242 45.29 84.76 41.92 279.56 4 28 3
243 23.69 8.21 28.47 255.55 19 23 2
244 16.96 82.21 21.03 82.59 22 48 3
245 39.38 41.02 40.75 269.39 3 12 1
246 82.32 0.22 36.99 486.98 4 47 2
247 55.88 42.38 13.41 439.90 4 41 1
248 46.29 25.79 47.10 394.76 6 29 1
249 56.49 34.94 32.99 138.68 11 42 3
250 24.07 91.78 47.62 408.49 3 19 2
251 52.56 1.08 18.94 318.95 18 18 2
252 84.25 35.77 15.77 157.84 21 29 1
253 45.97 65.93 35.19 393.53 4 33 2
254 52.62 60.84 45.88 86.55 23 47 2
255 74.95 97.88 26.84 301.49 12 27 1
256 33.83 11.57 4.01 313.27 15 19 3
257 66.10 21.67 11.05 306.54 2 9 3
258 46.47 6.16 49.42 185.65 14 42 2
259 66.44 91.26 40.42 288.65 23 23 2
260 80.81 34.12 4.66 180.16 15 31 1
261 89.20 97.52 27.91 143.17 9 33 3
262 15.12 85.18 24.29 65.13 18 32 2
263 38.69 40.49 11.90 395.71 24 37 3
264 59.72 70.76 30.91 450.22 12 35 2
265 78.35 68.54 12.45 392.29 16 44 2
266 78.83 4.12 43.46 309.16 4 20 1
267 43.88 64.19 14.47 448.86 14 18 2
268 28.74 27.05 35.96 293.37 19 22 3
269 18.62 91.20 35.70 147.30 19 29 2
270 92.25 33.72 16.88 297.07 6 40 2
271 30.90 31.60 31.69 157.13 14 31 2
272 62.90 52.70 32.02 113.22 18 35 2
273 59.22 54.94 28.58 218.13 15 31 3
274 22.21 89.38 4.68 196.78 1 18 1
275 79.00 13.65 46.68 243.06 5 33 1
276 74.27 4.01 23.59 72.09 12 45 2
277 25.19 36.25 5.05 55.97 10 15 2
278 29.57 36.92 46.07 377.98 7 26 1
279 14.66 51.79 26.96 429.31 20 26 2
280 97.26 17.66 44.44 359.11 13 35 2
281 66.51 68.83 40.44 353.21 1 24 2
282 8.96 94.28 36.02 293.58 4 12 1
283 11.14 50.35 19.92 319.79 7 20 2
284 36.90 88.05 46.33 98.78 19 32 2
285 88.63 53.10 11.94 476.76 8 13 3
286 16.28 54.93 12.98 101.61 24 43 1
287 86.88 99.09 7.11 219.08 22 44 3
288 4.79 61.22 36.29 230.39 7 15 2
289 70.57 42.61 6.52 276.59 2 23 1
290 39.65 25.28 2.31 490.62 3 10 1
291 17.88 20.62 9.16 429.78 13 46 1
292 25.87 10.93 33.04 483.91 4 48 1
293 14.16 14.42 13.10 269.48 5 46 1
294 94.37 7.29 42.16 82.02 8 9 3
295 77.20 10.80 36.33 469.90 23 37 1
296 69.55 59.81 31.63 249.45 17 48 3
297 67.60 73.38 9.36 397.33 0 18 3
298 80.27 48.22 42.89 460.08 3 25 3
299 43.19 2.45 16.67 321.53 7 32 1
300 27.50 22.36 33.39 269.86 20 40 2
1 127.82 3571.97 1
2 172.09 4886.95 2
3 116.00 3953.74 3
4 124.23 4127.45 3
1 1.06 47.85 2
2 1.95 30.78 3
3 1.91 27.16 3
4 1.57 33.22 2
5 1.83 39.11 3
6 1.86 32.44 4
7 1.02 27.11 1
8 1.57 44.68 3
9 1.36 31.71 3
10 1.30 41.53 1
