Data for Vehicle routing problem with drones - Author: Huyen Do Thi Ngoc
Number of depots: 1
Number of cities: 300
Number of trucks: 3
Number of drones: 13
Area: 100 100 50
Customer maximum demand: 500
Max capacity of truck: 200
Max energy of truck: 5000
Max capacity of drone: 2
Max energy of drone: 50
1 2.54 73.38 30.00
1 37.22 96.70 39.69 306.85 7 15 1
2 25.29 80.21 49.87 220.25 9 44 1
3 25.30 39.11 14.61 442.61 17 22 1
4 32.54 24.05 8.19 109.56 8 16 1
5 92.92 56.73 14.24 414.76 16 39 1
6 5.25 72.73 11.07 138.31 8 10 1
7 75.38 83.69 5.54 71.90 20 43 1
8 86.80 89.71 49.00 347.18 6 28 1
9 57.84 72.65 17.17 365.28 3 4 1
10 93.73 47.51 16.81 189.73 18 42 1
11 64.88 21.53 31.45 474.11 5 28 1
12 12.96 60.27 22.72 325.04 6 7 1
13 66.75 48.65 48.74 222.23 3 16 1
14 14.74 63.84 32.29 113.93 0 4 1
15 70.34 72.75 10.50 172.10 23 28 1
16 14.76 8.65 49.49 496.62 2 32 1
17 41.17 43.66 26.07 489.00 9 20 1
18 39.54 9.85 11.72 427.71 7 38 1
19 70.47 7.04 22.03 261.66 11 12 1
20 10.02 15.57 23.50 209.67 1 10 1
21 7.67 20.75 7.70 243.58 10 20 1
22 30.23 62.97 23.69 177.05 3 21 1
23 81.25 96.22 13.19 255.64 22 23 1
24 35.56 95.78 5.78 97.32 21 45 1
25 42.54 97.25 14.81 458.86 3 8 1
26 27.56 4.03 4.36 467.99 23 31 1
27 23.58 50.44 17.09 61.97 11 26 1
28 95.31 8.18 43.88 391.31 14 19 1
29 90.75 25.60 42.13 296.30 1 7 1
30 21.93 10.33 36.91 216.56 6 42 1
31 14.00 58.30 10.19 171.26 11 15 1
32 22.06 72.15 26.07 172.59 21 32 1
33 48.46 62.38 30.88 305.59 24 37 1
34 67.27 59.84 42.60 370.22 16 31 1
35 26.39 38.69 49.06 470.44 23 39 1
36 97.29 68.20 40.77 68.61 1 29 1
37 30.92 55.11 3.76 411.18 2 26 1
38 19.89 53.35 17.28 84.36 2 34 1
39 33.68 74.18 3.60 466.95 23 39 1
40 50.90 0.39 12.77 154.97 17 45 1
41 39.08 18.22 27.59 175.02 21 28 1
42 94.42 60.70 11.06 294.22 2 46 1
43 84.58 65.84 21.37 241.91 8 15 1
44 73.69 41.45 30.23 368.53 18 19 1
45 1.09 77.92 28.42 384.68 1 33 1
46 43.79 42.13 33.30 297.92 19 42 1
47 25.42 32.62 11.53 323.46 21 24 1
48 0.03 73.10 33.98 460.51 1 40 1
49 49.92 93.07 3.47 213.18 21 22 1
50 1.43 0.61 3.34 118.57 15 33 1
51 13.53 71.89 6.36 277.12 17 42 1
52 36.37 84.17 8.40 499.24 19 21 1
53 82.33 5.09 14.03 343.42 7 32 1
54 10.82 37.29 8.62 151.31 6 34 1
55 47.61 17.02 48.36 55.39 9 21 1
56 2.33 86.67 34.21 302.18 15 44 1
57 19.54 14.11 26.04 351.87 19 34 1
58 3.44 97.62 23.00 452.44 2 17 1
59 34.18 73.85 47.28 279.56 21 44 1
60 44.28 56.76 46.31 169.46 16 46 1
61 94.59 56.00 33.60 178.34 10 44 1
62 93.32 69.03 14.07 198.55 17 20 1
63 67.43 63.94 23.35 209.69 21 36 1
64 66.11 20.94 26.83 398.85 2 46 1
65 30.59 75.57 17.64 185.40 21 25 1
66 6.40 25.16 46.91 351.28 16 18 1
67 51.86 45.48 13.40 475.52 14 25 1
68 40.55 6.32 4.33 460.25 24 45 1
69 74.69 35.15 4.83 170.37 3 46 1
70 8.07 66.77 29.77 434.49 4 23 1
71 53.83 71.76 26.62 297.86 0 28 1
72 23.11 65.29 27.80 328.40 8 10 1
73 3.42 65.72 49.64 424.36 13 33 1
74 60.72 20.56 2.95 187.07 6 44 1
75 47.07 60.64 47.26 214.93 16 47 1
76 2.59 87.01 3.69 360.78 2 28 1
77 25.82 46.93 33.59 326.28 6 35 1
78 89.95 12.40 32.85 437.36 18 32 1
79 90.40 76.04 33.62 117.73 14 47 1
80 75.16 25.26 25.27 465.94 12 16 1
81 43.01 6.03 45.62 365.03 17 31 1
82 2.20 67.39 24.43 474.18 3 8 1
83 70.69 54.84 43.07 100.02 18 37 1
84 48.46 67.17 29.17 124.41 17 45 1
85 78.28 75.34 3.81 413.46 15 27 1
86 68.61 75.48 35.25 468.86 17 21 1
87 7.69 35.21 2.40 329.47 3 33 1
88 35.53 3.97 0.78 238.05 0 0 1
89 83.60 95.11 48.97 296.12 5 34 1
90 51.07 92.57 29.00 100.73 17 47 1
91 10.02 21.95 27.69 270.31 11 14 1
92 96.65 75.01 18.40 333.28 18 20 1
93 10.81 77.92 24.94 384.56 7 10 1
94 36.57 68.26 13.35 317.35 0 29 1
95 19.90 34.05 29.28 100.06 16 46 1
96 78.82 7.76 41.78 393.07 20 24 1
97 77.28 55.64 36.33 257.79 19 37 1
98 0.51 16.88 25.58 181.27 10 36 1
99 43.00 98.60 39.36 345.95 22 47 1
100 95.04 37.42 28.76 365.57 18 41 1
101 40.95 35.71 33.05 424.29 20 30 1
102 21.28 73.04 36.24 98.46 20 42 1
103 78.92 97.11 47.40 384.94 16 38 1
104 18.61 65.78 24.40 238.05 10 16 1
105 14.96 80.24 9.04 326.71 5 13 1
106 14.36 65.84 14.91 391.34 9 32 1
107 94.57 56.32 23.61 106.57 13 15 1
108 36.34 71.85 9.88 69.69 23 29 1
109 31.67 34.49 21.52 248.08 20 44 1
110 84.60 89.34 26.30 306.67 1 35 1
111 40.86 7.45 42.83 395.98 5 14 1
112 28.27 27.91 10.42 463.61 5 36 1
113 68.00 30.08 49.78 197.27 1 2 1
114 76.39 11.68 33.54 421.41 11 21 1
115 47.74 34.18 1.64 337.72 12 35 1
116 69.14 21.75 43.27 115.72 4 9 1
117 30.67 86.12 6.85 218.12 2 28 1
118 49.67 25.68 3.56 182.77 6 39 1
119 60.31 41.26 12.16 470.73 12 26 1
120 28.97 16.28 48.55 470.98 13 38 1
121 91.66 90.60 38.65 484.10 0 45 1
122 82.16 5.11 45.65 337.29 18 29 1
123 50.12 26.07 0.81 444.34 22 36 1
124 98.75 66.97 30.04 187.33 15 33 1
125 28.58 58.59 7.51 336.48 10 44 1
126 87.40 4.84 10.04 373.25 22 36 1
127 15.67 51.29 3.54 123.39 15 41 1
128 84.61 65.68 13.66 268.24 8 10 1
129 89.39 6.86 3.65 186.21 17 42 1
130 34.58 67.86 47.67 482.98 0 9 1
131 42.72 59.58 35.32 108.70 8 39 1
132 55.31 31.57 40.26 297.35 23 40 1
133 13.79 48.44 35.75 361.77 0 38 1
134 47.22 63.43 1.87 93.28 18 33 1
135 71.09 18.56 7.58 485.07 13 17 1
136 5.04 73.11 35.31 351.19 20 27 1
137 27.95 88.02 46.98 497.23 4 25 1
138 7.83 78.25 15.67 372.95 14 19 1
139 76.21 57.66 3.81 321.98 18 30 1
140 61.61 22.48 19.88 497.67 22 48 1
141 82.20 55.00 21.01 214.45 19 37 1
142 57.94 21.88 5.15 68.44 6 28 1
143 84.62 32.75 49.10 135.07 8 16 1
144 51.89 67.18 18.17 353.77 16 24 1
145 70.55 98.65 28.90 444.69 11 39 1
146 91.66 25.37 27.62 330.71 20 27 1
147 78.64 22.17 27.25 122.44 24 25 1
148 45.39 66.77 21.08 95.94 9 41 1
149 43.64 65.41 44.18 180.64 12 48 1
150 31.25 99.67 45.26 403.35 12 44 1
151 63.98 4.78 49.94 494.03 1 1 1
152 42.57 59.83 47.09 186.51 22 44 1
153 67.85 72.48 47.02 143.02 16 27 1
154 38.14 9.38 1.12 264.32 13 45 1
155 94.43 8.82 26.91 305.50 14 39 1
156 22.10 65.98 18.99 92.97 8 9 1
157 93.65 64.47 3.44 482.00 17 28 1
158 8.40 5.22 25.85 227.28 14 16 1
159 51.89 75.17 24.60 178.19 21 26 1
160 48.91 11.78 27.97 208.58 9 13 1
161 44.09 36.83 31.73 200.56 9 44 1
162 39.18 66.89 10.67 466.81 0 8 1
163 93.81 89.19 8.46 423.40 2 44 1
164 56.66 5.67 4.70 178.57 19 24 1
165 47.82 17.09 16.07 352.42 23 33 1
166 76.10 99.04 8.74 203.13 18 32 1
167 9.95 91.68 21.30 87.29 22 39 1
168 58.19 76.65 27.26 289.10 16 24 1
169 9.31 8.73 36.89 149.80 0 16 1
170 26.16 66.36 16.34 469.88 13 16 1
171 86.58 1.84 32.94 96.93 18 44 1
172 50.54 96.01 17.01 470.83 10 12 1
173 45.13 81.67 26.57 147.98 2 15 1
174 80.50 16.08 46.84 241.36 24 24 1
175 58.81 65.29 27.92 224.05 18 48 1
176 80.15 18.18 4.81 255.07 17 32 1
177 2.47 61.74 46.62 152.11 7 46 1
178 37.92 44.71 8.72 401.53 15 30 1
179 26.95 26.11 42.41 325.92 8 29 1
180 64.04 30.53 38.93 438.77 0 17 1
181 88.55 59.29 35.01 83.57 1 32 1
182 58.75 37.76 33.35 469.35 3 13 1
183 29.61 24.28 48.02 100.27 2 35 1
184 75.63 36.05 29.91 170.75 19 22 1
185 11.95 52.24 47.71 459.14 0 24 1
186 53.80 59.04 14.76 475.71 2 13 1
187 7.32 66.81 23.12 466.85 3 41 1
188 2.95 35.36 48.02 374.04 12 26 1
189 84.72 28.55 32.44 56.52 24 27 1
190 37.90 32.84 23.87 235.36 7 46 1
191 20.08 59.59 11.07 213.80 14 44 1
192 29.43 76.85 38.31 291.61 8 35 1
193 87.13 41.19 44.21 312.75 17 48 1
194 66.90 70.67 20.37 494.85 8 32 1
195 26.52 74.27 18.36 483.42 16 47 1
196 90.31 35.44 36.70 347.81 21 44 1
197 36.19 9.05 43.02 116.81 2 38 1
198 86.77 65.92 38.81 206.45 2 8 1
199 65.01 45.01 9.83 73.52 5 35 1
200 71.48 98.34 46.91 140.43 6 44 1
201 22.31 20.33 28.26 86.91 19 26 1
202 9.07 63.56 45.40 184.18 17 37 1
203 71.84 87.07 20.84 444.59 11 13 1
204 80.34 86.21 43.73 444.29 3 8 1
205 96.23 82.67 26.23 66.57 8 47 1
206 34.31 7.21 44.49 86.05 24 31 1
207 93.65 11.66 36.25 243.15 20 47 1
208 77.46 58.54 38.56 130.38 12 12 1
209 5.58 93.35 47.81 309.92 4 16 1
210 73.51 95.84 36.46 415.12 24 40 1
211 14.32 27.60 3.33 131.44 9 16 1
212 18.83 71.99 7.68 467.35 10 36 1
213 35.95 49.70 33.03 465.82 19 28 1
214 39.52 30.98 2.35 86.88 13 46 1
215 34.88 8.71 25.89 485.18 4 26 1
216 59.91 14.49 4.65 440.94 5 22 1
217 75.83 46.34 0.27 223.61 20 41 1
218 73.15 91.12 15.34 275.29 20 45 1
219 31.34 13.49 15.46 60.72 7 31 1
220 97.10 73.35 5.79 370.39 17 29 1
221 40.25 22.84 13.50 495.71 17 26 1
222 61.98 68.43 21.87 167.10 21 41 1
223 39.31 48.14 13.76 350.89 10 27 1
224 75.81 63.68 10.38 212.98 19 27 1
225 86.57 88.20 5.63 63.85 3 30 1
226 31.46 50.51 41.67 200.48 3 32 1
227 56.57 46.65 48.03 206.35 12 33 1
228 95.46 29.45 8.73 314.36 8 48 1
229 71.51 95.05 10.04 364.63 14 15 1
230 16.05 11.88 46.99 437.97 12 47 1
231 56.18 34.16 36.49 368.92 1 12 1
232 98.04 65.61 47.74 448.15 19 28 1
233 72.75 0.54 13.12 111.63 7 24 1
234 85.81 0.45 47.31 156.16 20 31 1
235 16.12 41.66 6.74 131.77 3 24 1
236 96.49 82.83 9.30 480.01 0 4 1
237 98.37 35.16 37.45 487.23 19 20 1
238 42.84 49.15 24.22 382.46 2 24 1
239 7.36 86.16 9.39 475.46 1 27 1
240 83.29 52.70 43.49 453.37 6 21 1
241 48.25 65.07 6.93 144.14 1 29 1
242 9.51 6.31 24.75 248.34 3 40 1
243 94.95 91.85 23.99 459.34 19 42 1
244 11.41 44.41 10.28 263.71 12 18 1
245 14.93 92.58 0.38 290.00 0 47 1
246 44.37 44.52 20.87 435.09 17 23 1
247 21.66 92.05 33.27 467.24 6 30 1
248 94.60 53.30 42.51 133.54 20 22 1
249 62.59 88.39 29.31 259.78 7 19 1
250 91.35 10.19 11.70 82.79 0 31 1
251 78.88 50.04 18.47 479.40 22 44 1
252 99.99 62.01 45.82 258.91 21 46 1
253 73.14 42.39 18.16 318.81 10 17 1
254 28.29 37.33 44.30 378.71 14 47 1
255 81.85 84.48 38.34 360.72 9 18 1
256 97.06 91.39 36.73 222.60 5 18 1
257 14.89 22.21 21.26 290.86 17 40 1
258 46.00 13.81 10.27 315.33 0 36 1
259 82.42 92.15 30.43 397.28 9 48 1
260 50.45 74.48 22.31 120.05 10 20 1
261 55.40 4.45 26.15 186.58 5 18 1
262 15.72 46.00 26.95 235.46 5 19 1
263 52.33 54.67 45.57 476.90 5 47 1
264 72.95 48.52 38.47 226.47 0 24 1
265 57.13 71.35 26.58 342.96 18 26 1
266 44.11 14.74 39.65 86.42 14 23 1
267 47.38 60.33 22.67 231.51 13 29 1
268 62.82 40.76 26.61 303.93 5 16 1
269 0.34 42.97 38.90 154.90 12 27 1
270 34.90 62.90 29.58 158.64 18 24 1
271 74.74 20.42 8.30 154.04 7 42 1
272 56.22 95.68 28.02 150.06 20 34 1
273 72.92 71.13 4.34 308.17 14 47 1
274 2.61 34.22 29.26 305.78 4 38 1
275 7.49 44.26 8.70 230.76 1 44 1
276 24.30 15.81 44.34 431.37 21 37 1
277 72.12 8.01 19.38 439.01 24 26 1
278 79.60 40.96 29.79 430.49 12 20 1
279 49.53 9.15 44.17 124.99 1 43 1
280 0.41 93.47 8.56 316.17 19 24 1
281 98.69 24.85 42.93 212.15 5 17 1
282 56.19 67.26 19.43 285.77 12 38 1
283 56.18 32.87 49.30 72.81 12 37 1
284 71.22 0.92 28.37 387.02 1 2 1
285 32.20 52.45 29.28 379.84 21 34 1
286 51.25 81.48 18.58 298.30 5 20 1
287 25.95 15.33 27.01 491.77 1 27 1
288 84.79 99.88 39.83 130.85 10 19 1
289 87.92 38.05 44.43 116.97 7 22 1
290 35.68 82.11 13.02 420.34 13 38 1
291 39.08 90.53 19.49 137.38 19 46 1
292 6.86 13.56 1.68 281.47 16 39 1
293 39.46 20.25 10.29 387.54 5 46 1
294 3.35 92.07 46.00 256.25 13 13 1
295 86.88 63.33 7.06 143.41 15 37 1
296 51.64 90.95 8.53 456.02 9 19 1
297 44.25 79.65 41.35 344.22 10 11 1
298 1.51 36.29 13.60 138.22 1 1 1
299 63.49 13.94 9.22 279.59 8 26 1
300 76.13 98.51 45.83 413.96 1 10 1
1 178.76 3061.11 1
2 102.70 3176.72 1
3 109.82 3031.43 1
1 1.51 47.23 1
2 1.64 31.64 3
3 1.28 33.84 3
4 1.76 34.59 1
5 1.20 30.90 1
6 1.03 28.61 1
7 1.25 32.79 1
8 1.93 40.34 2
9 1.93 25.65 1
10 1.60 35.25 2
11 1.16 38.87 2
12 1.40 40.13 1
13 1.83 44.85 2
