Data for Vehicle routing problem with drones - Author: Huyen Do Thi Ngoc
Number of depots: 2
Number of cities: 500
Number of trucks: 7
Number of drones: 16
Area: 100 100 50
Customer maximum demand: 500
Max capacity of truck: 200
Max energy of truck: 5000
Max capacity of drone: 2
Max energy of drone: 50
1 39.95 23.80 13.09
2 98.21 93.37 42.81
1 57.94 65.08 14.49 282.28 16 31 2
2 38.11 43.93 27.44 289.96 23 32 2
3 8.09 23.40 11.18 182.58 13 13 2
4 70.58 6.69 20.66 466.14 20 31 2
5 67.99 14.97 35.05 430.51 10 42 2
6 94.62 79.81 9.58 330.07 23 43 1
7 92.08 25.66 43.63 405.56 18 42 2
8 97.91 78.75 40.47 422.60 19 19 2
9 94.30 51.41 21.02 230.57 6 30 1
10 86.34 41.43 8.41 397.78 10 21 2
11 98.22 64.69 40.26 115.10 23 32 1
12 77.58 12.20 16.24 56.39 18 45 1
13 72.89 12.99 43.82 436.33 23 36 1
14 6.39 20.80 2.78 422.81 23 44 2
15 61.99 15.89 22.60 434.74 15 23 1
16 38.42 73.08 11.06 352.99 4 42 2
17 37.25 98.93 29.23 126.00 24 44 2
18 25.18 56.32 25.11 463.99 14 21 1
19 89.84 26.12 8.93 123.90 10 15 2
20 76.39 34.93 1.57 280.43 5 42 2
21 38.61 1.21 15.69 446.13 0 6 2
22 48.23 24.77 34.44 102.39 19 30 2
23 7.20 3.24 21.37 345.21 19 24 2
24 36.92 84.43 38.08 309.55 6 23 1
25 43.78 40.86 22.47 244.28 11 44 1
26 85.18 86.02 4.53 271.64 6 17 1
27 94.62 12.36 27.93 305.94 0 23 2
28 79.84 39.52 49.93 371.85 7 48 2
29 64.55 61.03 3.24 196.01 15 17 2
30 17.50 7.79 29.48 126.49 19 20 2
31 52.45 5.86 17.97 111.19 3 46 2
32 49.25 65.30 30.32 120.61 12 16 2
33 69.04 98.65 42.89 405.58 0 23 2
34 69.48 66.30 48.41 172.82 18 25 2
35 16.05 37.09 10.47 158.28 23 40 1
36 73.71 29.26 25.97 292.10 13 41 2
37 75.87 63.13 29.68 151.91 12 12 1
38 72.59 86.18 24.14 332.89 22 36 2
39 14.97 25.72 7.65 211.16 17 19 1
40 41.15 55.56 28.20 98.87 24 31 2
41 43.61 24.11 49.11 454.15 7 31 2
42 37.35 87.91 12.73 424.73 9 47 2
43 96.05 73.87 36.75 480.68 1 32 2
44 0.11 29.70 8.00 495.92 3 23 2
45 10.18 4.01 39.32 218.46 8 45 1
46 18.57 76.16 22.97 427.03 17 35 2
47 36.96 52.91 26.83 315.84 1 38 1
48 81.81 94.32 42.86 375.76 5 48 1
49 36.09 79.94 9.68 188.91 14 42 2
50 22.62 54.19 46.39 282.34 9 18 2
51 59.73 46.74 35.12 460.48 22 26 2
52 62.94 37.90 20.03 462.55 20 47 2
53 18.76 47.51 22.86 493.03 17 19 1
54 10.48 10.02 45.44 74.56 20 45 2
55 23.92 67.13 43.52 91.46 14 38 2
56 1.21 70.41 11.56 87.22 21 37 2
57 37.64 54.55 16.54 368.51 7 14 2
58 57.87 73.15 45.51 277.52 23 41 2
59 0.51 50.50 40.74 422.97 18 39 2
60 59.15 79.36 14.43 52.36 3 47 2
61 28.78 29.17 36.06 92.26 12 39 2
62 86.88 32.94 47.93 220.45 6 25 1
63 5.89 35.18 48.20 364.42 17 48 2
64 8.54 22.30 12.94 454.00 10 34 2
65 66.43 53.14 7.88 431.03 2 16 1
66 0.49 8.25 37.33 485.82 10 16 2
67 34.03 21.18 37.42 159.67 6 25 1
68 79.10 69.38 31.11 167.36 5 27 2
69 78.94 11.42 3.07 144.23 17 25 2
70 13.18 35.45 21.16 418.01 0 16 1
71 75.42 13.37 42.48 352.74 19 36 1
72 13.13 23.54 48.89 390.87 12 22 2
73 57.54 12.62 42.43 157.49 12 19 2
74 38.35 77.91 31.38 83.04 3 20 2
75 38.25 55.73 10.60 402.53 10 27 2
76 68.10 70.49 10.42 445.40 19 25 1
77 25.88 34.73 25.60 300.02 5 8 1
78 38.95 96.13 45.46 138.77 11 29 2
79 79.11 9.55 16.48 428.03 6 32 2
80 68.03 94.60 4.77 498.44 15 36 1
81 79.15 36.76 20.75 399.52 22 31 1
82 17.99 69.82 4.59 403.59 5 36 2
83 58.02 71.02 16.25 120.27 1 1 2
84 32.54 44.36 17.91 365.26 9 11 2
85 54.75 77.78 24.40 420.83 18 34 2
86 85.84 32.16 14.78 271.23 2 48 2
87 39.69 39.06 21.42 480.06 19 43 2
88 85.43 41.05 43.01 415.33 20 29 2
89 74.57 96.32 7.27 343.15 13 42 1
90 26.99 67.74 36.86 359.26 8 11 1
91 88.96 62.31 42.61 281.54 16 42 1
92 91.28 29.94 40.60 329.49 17 46 1
93 94.44 3.12 34.67 389.71 13 22 1
94 23.44 40.82 31.69 292.36 7 40 1
95 56.47 90.70 19.55 50.16 20 21 1
96 57.01 17.81 48.55 241.64 11 11 2
97 42.97 7.26 2.01 82.17 22 48 2
98 77.02 94.54 8.70 56.33 15 37 2
99 93.78 69.99 5.64 473.05 1 16 2
100 49.54 1.31 33.57 297.69 0 1 1
101 12.69 3.95 7.81 299.80 7 45 1
102 12.56 89.12 30.09 63.32 22 40 1
103 16.36 96.82 24.84 345.38 2 43 1
104 59.30 34.34 45.20 53.63 16 34 1
105 48.82 78.64 3.58 494.89 14 43 2
106 88.54 35.98 38.46 241.85 12 41 2
107 23.21 6.19 29.92 146.05 23 47 2
108 55.84 4.81 28.50 70.27 11 20 1
109 85.19 65.64 40.26 107.75 19 29 2
110 54.39 49.92 6.48 179.84 14 32 1
111 98.78 66.02 33.62 461.99 11 46 2
112 24.04 50.35 21.40 219.07 0 4 1
113 25.86 79.75 13.66 85.45 7 33 1
114 5.12 93.28 7.18 80.67 13 35 1
115 59.83 59.23 30.53 241.12 8 8 1
116 23.46 39.14 18.06 354.98 21 24 2
117 66.42 84.74 4.92 372.07 18 40 2
118 71.54 12.15 34.32 308.59 18 28 1
119 48.68 14.81 46.24 331.45 0 12 2
120 88.21 65.75 20.19 83.39 10 22 2
121 7.43 55.34 40.76 173.52 4 19 1
122 21.03 40.65 29.23 368.65 6 26 1
123 25.73 74.12 48.56 390.40 24 34 2
124 22.88 30.13 3.39 381.07 12 44 2
125 12.44 75.03 43.32 71.61 1 14 2
126 80.42 44.15 18.90 346.89 16 31 2
127 62.81 84.36 44.49 130.39 7 43 2
128 4.42 18.26 43.82 487.09 1 1 2
129 84.59 21.71 15.06 466.03 10 16 1
130 64.55 11.65 42.07 193.87 20 25 2
131 51.41 20.57 12.85 252.32 15 33 2
132 35.96 41.03 28.99 489.30 9 31 2
133 99.06 6.60 15.68 442.01 17 21 1
134 85.18 64.23 15.07 140.84 21 25 1
135 90.47 29.05 1.14 342.24 16 44 2
136 73.66 25.91 26.06 224.40 18 46 2
137 40.88 30.59 42.51 230.08 17 45 2
138 62.70 35.41 3.51 402.02 12 30 2
139 15.72 80.27 12.33 288.03 8 32 1
140 62.77 68.65 48.30 398.19 17 32 2
141 71.34 13.41 8.46 116.28 13 16 2
142 64.05 92.87 42.35 222.61 4 8 2
143 73.98 68.20 10.97 499.13 14 31 1
144 54.48 21.24 37.80 176.49 14 21 2
145 94.42 90.46 36.89 93.24 0 14 1
146 18.56 97.04 10.83 168.63 4 41 2
147 91.91 7.88 47.61 241.84 5 38 1
148 37.62 0.20 9.41 213.11 20 46 1
149 9.67 79.24 24.86 357.11 9 47 1
150 36.75 91.04 29.82 309.96 20 28 1
151 43.93 18.70 41.76 245.64 22 30 2
152 4.27 43.40 1.85 309.72 16 31 2
153 31.98 64.19 27.97 388.65 14 41 2
154 20.37 22.78 10.87 382.68 19 33 1
155 27.43 78.62 24.11 269.02 17 41 2
156 97.88 24.76 15.87 337.94 16 37 2
157 51.05 35.91 22.15 479.08 13 45 2
158 60.64 10.63 46.58 100.34 3 28 2
159 79.01 92.53 36.40 364.70 23 46 2
160 80.94 42.93 41.97 318.53 7 48 2
161 14.80 60.24 23.49 412.08 14 19 2
162 82.62 82.86 5.52 140.71 1 18 1
163 73.81 22.71 13.65 475.03 3 7 2
164 63.73 96.35 2.35 207.19 14 28 1
165 97.35 36.70 35.06 339.15 0 14 2
166 81.40 84.97 17.12 284.43 6 28 1
167 12.18 55.10 1.85 351.91 21 26 2
168 7.84 78.65 41.17 451.13 6 19 1
169 27.21 9.80 40.17 54.80 3 39 2
170 41.14 24.38 35.08 329.05 5 36 2
171 98.16 7.30 47.03 161.10 2 32 1
172 38.60 42.43 40.86 475.72 14 19 2
173 65.01 8.83 45.18 328.69 24 32 1
174 54.63 16.09 42.70 265.95 3 33 1
175 15.50 20.78 48.41 285.71 0 45 2
176 93.67 86.65 47.50 194.27 15 33 1
177 41.03 46.23 17.77 344.95 0 18 1
178 98.96 86.12 21.46 145.77 22 32 1
179 43.08 54.36 41.55 138.83 18 35 1
180 54.73 58.46 24.70 467.67 7 36 2
181 83.25 92.21 36.15 265.51 8 27 2
182 38.20 65.16 34.46 107.66 22 41 1
183 60.33 85.07 7.16 232.35 9 45 1
184 38.92 61.21 45.88 102.08 4 14 2
185 34.14 39.15 6.52 397.48 3 15 2
186 23.53 80.02 9.38 72.05 20 46 2
187 46.18 60.38 17.06 456.19 13 18 2
188 18.46 45.25 9.76 449.87 12 23 2
189 19.72 71.57 47.38 482.21 13 17 2
190 89.31 27.06 42.69 226.71 20 31 2
191 60.56 8.39 18.75 450.94 6 29 1
192 9.29 58.71 46.69 351.01 16 24 2
193 31.83 47.87 13.78 396.30 5 6 1
194 59.96 16.90 40.98 325.92 5 21 1
195 65.60 19.21 15.20 337.08 1 11 1
196 81.73 47.66 30.79 367.93 15 39 2
197 82.42 48.27 43.97 475.77 23 41 2
198 92.92 33.54 27.97 126.37 4 10 1
199 93.43 95.68 19.05 315.88 19 35 2
200 52.67 72.51 3.82 68.01 7 27 1
201 3.63 57.27 25.63 347.51 6 16 2
202 49.60 14.36 20.67 54.64 20 42 1
203 45.31 9.37 18.10 96.10 5 17 2
204 72.49 75.70 1.58 393.15 7 7 2
205 85.44 6.74 31.16 443.29 1 18 2
206 60.84 51.87 13.52 252.25 18 19 2
207 75.55 45.29 45.66 100.14 16 26 2
208 66.12 47.71 6.73 388.49 5 24 1
209 26.36 14.95 25.75 125.14 12 23 2
210 52.50 27.10 4.64 472.81 17 29 2
211 46.79 55.16 19.15 304.47 10 12 1
212 52.25 73.07 5.32 193.90 1 20 2
213 41.59 56.79 31.92 236.21 21 24 1
214 62.16 96.07 47.95 245.18 21 25 2
215 46.21 64.29 43.17 78.97 6 20 2
216 95.99 70.81 14.93 455.34 2 2 2
217 57.83 60.79 48.53 207.74 14 23 1
218 32.81 18.74 21.79 295.89 23 44 2
219 26.73 38.69 43.57 137.05 20 48 1
220 17.59 79.85 32.82 206.54 16 19 1
221 21.34 39.25 18.70 284.36 13 47 1
222 56.49 18.90 16.04 94.96 3 33 2
223 69.40 14.06 13.69 82.57 7 46 2
224 14.25 24.53 46.11 65.71 4 39 1
225 47.00 33.36 33.02 273.04 12 44 2
226 99.57 26.40 18.03 278.90 12 34 1
227 34.78 67.92 13.40 220.81 7 28 1
228 16.30 6.76 29.01 283.06 24 41 2
229 92.22 38.50 21.13 66.94 11 48 1
230 13.41 44.10 37.26 447.45 20 47 2
231 65.42 20.57 35.38 216.18 18 35 2
232 60.97 57.60 36.92 313.02 8 44 1
233 78.24 73.56 27.50 89.94 7 27 1
234 79.86 63.58 17.18 284.53 20 46 1
235 43.82 29.45 15.26 224.69 19 21 1
236 5.50 67.90 24.38 472.30 14 19 1
237 83.57 89.12 6.25 330.35 22 28 1
238 65.99 69.56 23.37 280.02 22 34 1
239 69.71 26.43 45.63 394.22 7 12 2
240 20.65 33.86 33.12 212.55 22 33 2
241 69.85 31.40 28.48 454.03 10 16 2
242 98.39 74.01 2.69 201.47 7 48 1
243 7.22 73.34 37.93 496.49 10 37 2
244 53.72 45.89 33.75 403.61 16 20 1
245 30.85 31.71 43.61 305.66 4 4 2
246 46.34 44.16 0.65 493.86 0 37 2
247 94.75 25.25 4.92 456.42 14 30 1
248 95.99 71.86 41.18 372.21 16 42 2
249 66.75 98.53 31.73 458.90 5 30 2
250 43.90 2.99 28.18 248.52 0 47 2
251 93.87 34.16 20.93 290.58 21 22 2
252 18.85 40.25 8.97 438.09 22 34 1
253 58.43 68.28 34.09 457.93 9 38 2
254 93.04 12.21 19.70 153.78 17 37 1
255 11.82 95.07 22.91 125.85 5 25 2
256 54.15 38.11 25.48 103.91 1 18 1
257 19.77 86.70 8.55 402.12 13 34 2
258 84.74 36.80 12.32 209.35 1 20 1
259 33.28 55.04 34.15 317.10 11 18 1
260 43.81 12.72 44.12 428.86 9 43 2
261 30.54 50.58 48.89 251.96 10 37 2
262 0.70 83.82 49.86 342.36 2 28 2
263 48.80 58.58 12.61 292.45 1 27 1
264 8.09 18.91 2.45 433.90 17 26 1
265 36.85 37.55 43.12 245.12 19 48 1
266 68.28 79.13 36.14 83.74 23 24 1
267 24.28 2.49 3.13 210.30 6 30 1
268 67.60 35.77 16.08 421.48 21 27 1
269 31.89 83.46 33.75 311.99 15 19 1
270 67.56 44.64 29.13 101.60 8 29 1
271 63.45 60.29 17.60 385.05 9 35 2
272 89.39 2.30 4.03 444.82 18 46 2
273 14.06 38.03 30.19 137.80 0 47 1
274 69.11 23.39 14.56 75.91 4 36 1
275 31.41 99.66 2.14 240.87 7 10 1
276 15.15 10.86 10.75 348.52 14 36 1
277 52.11 61.99 41.25 121.77 23 23 1
278 0.73 18.59 44.31 437.63 12 33 2
279 88.10 5.93 45.15 452.11 4 22 2
280 55.11 9.55 23.30 290.30 16 38 2
281 95.65 27.19 10.90 372.19 0 32 2
282 74.83 88.61 27.49 176.13 12 47 2
283 83.70 74.16 18.76 102.41 17 29 2
284 44.21 47.52 39.99 435.92 18 27 2
285 65.77 3.14 33.66 394.20 12 16 2
286 36.49 97.13 5.95 392.24 17 40 1
287 60.17 47.33 45.77 374.13 23 32 1
288 58.33 69.17 1.66 313.30 19 40 1
289 33.59 6.57 1.91 472.42 4 43 1
290 38.10 49.33 16.59 309.03 3 30 2
291 29.70 43.40 31.52 100.07 24 36 2
292 59.04 64.53 1.42 159.86 5 31 1
293 7.44 43.94 12.58 356.66 3 18 2
294 8.11 4.42 46.99 187.04 17 30 2
295 24.50 81.89 2.76 397.54 17 48 1
296 85.77 38.64 33.08 217.71 5 23 1
297 84.66 47.80 42.55 471.18 6 41 2
298 54.23 6.28 40.73 331.77 3 39 1
299 4.04 30.99 25.00 143.19 11 22 2
300 9.61 72.84 15.17 356.66 23 25 2
301 35.83 41.36 28.38 442.77 23 41 2
302 39.76 71.85 18.63 96.27 22 45 2
303 51.27 98.10 13.37 456.40 5 45 2
304 88.64 6.52 48.01 399.30 3 22 2
305 15.72 46.81 27.29 400.72 4 45 1
306 72.33 73.59 27.96 240.87 9 19 1
307 82.37 77.21 44.80 123.84 15 18 1
308 39.57 75.27 0.21 373.37 1 27 1
309 12.56 90.31 18.44 195.10 11 39 2
310 86.66 59.27 6.18 66.86 3 26 2
311 69.67 28.86 11.91 294.46 15 29 2
312 43.89 93.33 19.03 261.27 11 32 2
313 94.98 75.92 39.13 491.97 12 45 2
314 30.62 46.51 8.30 293.47 6 33 1
315 42.70 7.12 39.44 397.62 4 36 1
316 34.55 42.74 0.85 319.49 6 31 2
317 95.51 25.09 38.66 370.13 19 30 1
318 41.30 65.66 11.62 475.41 2 11 1
319 30.41 87.30 5.51 199.54 12 32 1
320 88.12 6.24 41.66 56.77 19 45 1
321 24.69 30.93 6.61 485.88 3 11 1
322 94.04 42.56 3.40 206.39 0 5 2
323 55.82 77.54 48.17 469.13 0 30 2
324 19.69 1.51 7.20 326.69 6 8 2
325 13.25 8.66 14.79 57.55 12 31 2
326 48.16 83.35 9.88 279.73 21 27 1
327 9.62 94.93 3.43 275.85 9 10 2
328 6.09 8.01 42.69 388.45 9 42 2
329 67.76 44.20 38.68 346.72 10 37 1
330 42.39 79.49 30.47 307.10 21 36 1
331 45.41 87.75 39.22 98.46 5 18 1
332 82.63 92.64 20.15 442.63 10 26 2
333 3.04 85.93 46.59 276.76 17 48 1
334 99.40 36.51 45.79 303.01 23 30 1
335 15.12 92.64 47.43 226.56 17 22 1
336 4.27 73.12 7.10 431.31 12 18 2
337 8.88 47.32 19.26 62.60 22 26 2
338 98.10 74.21 13.26 132.33 1 19 2
339 45.23 25.01 13.31 309.51 8 20 1
340 35.91 40.29 35.98 467.94 10 20 2
341 9.53 33.25 37.60 128.29 13 42 2
342 81.78 88.70 35.42 80.46 15 42 2
343 81.78 98.48 34.60 276.95 4 35 1
344 61.95 30.41 33.22 473.21 9 14 1
345 7.64 74.45 8.89 150.34 4 43 1
346 51.51 75.59 38.57 493.69 5 35 2
347 95.02 14.37 9.86 257.58 5 46 1
348 12.14 35.41 22.98 360.01 17 41 1
349 69.04 38.63 15.66 51.42 6 16 1
350 53.48 70.90 31.60 68.10 11 19 2
351 7.53 33.80 34.57 357.86 13 23 1
352 61.39 95.43 45.90 427.93 9 23 2
353 78.28 96.31 42.77 211.90 4 35 2
354 75.73 34.22 29.84 190.88 12 37 1
355 59.05 23.11 35.79 250.76 14 37 2
356 79.75 59.71 8.98 64.28 4 24 1
357 33.07 66.94 26.30 98.62 23 28 1
358 17.79 99.92 32.29 169.69 14 39 2
359 38.98 62.28 14.07 216.84 15 17 2
360 2.76 10.47 1.83 405.01 24 30 2
361 94.59 23.24 2.79 339.75 3 33 1
362 44.55 40.95 38.53 278.93 18 45 1
363 51.15 21.48 43.96 215.61 17 36 2
364 12.17 7.46 23.89 51.15 24 35 1
365 39.88 82.49 44.32 260.72 20 38 2
366 91.39 90.31 3.89 82.86 3 20 1
367 17.43 11.42 30.72 372.65 13 36 2
368 92.17 97.38 13.04 403.87 19 44 1
369 34.77 87.85 42.28 372.56 12 43 2
370 1.56 74.17 16.14 276.01 18 42 1
371 12.59 53.75 41.93 259.83 14 25 2
372 48.22 17.08 48.10 309.46 11 39 1
373 40.68 74.48 40.13 335.15 9 19 1
374 63.80 14.02 8.21 480.81 24 34 1
375 61.02 9.33 25.92 291.52 6 31 2
376 37.10 58.88 22.40 171.09 18 27 2
377 73.06 90.30 27.87 88.96 4 7 1
378 24.25 26.94 0.75 160.12 11 37 1
379 10.91 64.07 38.12 278.12 12 29 2
380 1.04 89.88 7.29 128.85 23 40 2
381 33.91 26.14 17.74 286.07 0 19 2
382 93.49 3.74 17.09 60.85 9 16 1
383 13.97 24.70 36.60 329.46 5 24 2
384 13.48 54.52 19.29 112.13 20 22 2
385 94.84 70.60 37.55 89.40 18 38 2
386 79.22 25.88 1.23 131.92 13 24 2
387 30.78 46.91 11.62 180.86 20 28 1
388 84.70 93.55 21.21 303.06 21 31 2
389 31.04 10.03 46.13 353.25 19 46 1
390 80.44 2.73 48.55 264.52 24 27 1
391 17.40 0.95 6.44 427.54 2 32 1
392 36.19 62.55 20.78 462.13 5 13 1
393 30.64 93.86 40.46 101.09 19 30 2
394 72.32 31.39 16.77 437.16 21 39 1
395 46.77 29.57 31.75 446.23 4 7 2
396 45.32 73.22 37.14 309.89 21 47 1
397 6.39 78.46 35.59 96.31 0 46 1
398 21.99 28.13 43.28 328.43 0 11 2
399 55.75 67.85 16.15 455.71 7 10 1
400 67.79 37.54 26.02 304.33 0 47 1
401 39.93 44.68 44.75 429.47 7 9 2
402 67.64 92.81 1.26 140.64 3 26 2
403 66.97 7.36 20.66 117.72 11 23 2
404 82.48 57.27 20.89 360.80 22 27 2
405 36.33 58.39 26.85 110.92 20 20 2
406 62.15 97.64 17.99 204.54 17 35 2
407 59.64 28.42 2.56 373.24 16 20 2
408 10.25 84.29 0.43 355.22 11 27 2
409 70.66 15.74 6.08 251.72 17 31 2
410 48.75 7.76 5.98 415.21 3 27 2
411 69.67 6.45 27.49 251.56 19 38 2
412 66.08 28.63 41.41 373.25 10 47 1
413 1.28 54.50 9.21 403.35 7 40 2
414 33.66 88.74 15.92 158.46 24 38 2
415 41.31 47.80 1.27 343.93 5 23 2
416 78.11 78.19 26.65 448.49 20 42 2
417 40.49 48.86 46.52 313.53 21 29 2
418 30.43 83.36 28.32 291.98 8 13 2
419 19.99 46.82 31.33 432.56 15 27 2
420 51.87 71.40 24.61 362.63 15 21 1
421 46.96 58.53 44.94 136.28 13 36 1
422 17.57 83.59 47.39 424.32 0 26 2
423 33.32 77.67 38.24 237.89 18 41 2
424 2.22 20.08 5.79 463.54 4 42 1
425 99.34 91.61 26.80 462.08 16 22 2
426 95.56 25.57 4.38 260.26 9 14 2
427 46.02 58.04 8.78 269.36 24 24 2
428 98.59 25.76 23.71 60.57 0 4 2
429 72.90 9.31 19.89 475.97 23 36 1
430 20.81 25.11 13.51 481.62 5 29 1
431 98.48 69.36 30.36 424.63 5 11 1
432 47.27 32.69 9.11 200.62 16 37 1
433 49.16 43.36 11.84 58.23 7 34 2
434 71.27 62.10 8.79 125.37 5 15 1
435 55.92 8.52 28.54 383.26 23 46 2
436 40.29 37.64 48.86 74.95 3 11 2
437 71.07 43.13 21.57 164.74 4 4 1
438 98.36 83.61 18.03 133.39 7 7 1
439 19.25 34.34 13.81 405.58 15 20 1
440 77.49 73.75 46.26 382.42 3 8 2
441 45.86 57.41 28.53 375.45 5 32 2
442 82.60 52.06 20.50 355.55 19 32 2
443 36.31 72.24 7.59 170.36 7 37 2
444 75.67 15.53 42.54 463.27 16 20 2
445 19.62 3.82 2.41 333.94 20 45 1
446 71.13 3.50 47.95 359.05 13 23 2
447 55.89 30.84 43.38 354.86 7 39 2
448 0.09 46.85 6.35 270.53 5 23 2
449 72.54 14.40 0.87 269.78 18 34 1
450 28.70 70.47 18.75 497.17 3 22 1
451 90.12 83.36 0.97 69.89 9 18 2
452 90.06 86.03 42.09 342.38 0 8 1
453 21.79 1.07 2.23 107.75 6 19 2
454 68.17 39.00 20.95 263.23 16 28 1
455 64.34 66.72 20.71 173.18 0 31 1
456 12.16 82.37 37.32 410.73 14 39 2
457 52.09 20.19 28.36 59.57 11 16 1
458 48.18 37.57 40.18 254.95 21 31 1
459 18.63 45.96 24.11 215.09 18 21 2
460 64.67 4.72 9.21 161.14 13 30 2
461 84.45 63.47 24.44 323.11 16 27 1
462 63.29 80.02 10.83 470.42 19 42 1
463 95.54 24.35 29.31 186.45 8 15 1
464 21.86 49.91 24.10 271.34 2 44 1
465 79.62 55.79 44.78 332.18 14 44 1
466 9.60 74.21 38.48 368.52 1 24 1
467 15.87 79.88 28.84 468.53 16 41 1
468 14.02 2.39 25.29 192.10 2 30 1
469 33.11 56.17 44.56 309.43 8 27 2
470 46.78 32.03 22.99 350.02 7 22 2
471 4.13 36.72 46.21 315.65 1 20 2
472 27.62 13.64 30.97 435.58 17 26 1
473 48.17 36.76 47.70 265.79 20 22 2
474 57.16 87.36 42.56 233.70 24 35 2
475 96.08 40.39 13.45 160.40 11 37 1
476 74.39 41.06 11.43 56.56 14 22 2
477 22.07 92.44 15.00 485.56 7 28 2
478 51.32 11.72 17.04 239.62 14 46 2
479 85.78 53.70 41.40 303.27 5 25 2
480 89.31 66.18 12.14 435.31 20 20 1
481 88.71 23.24 28.00 293.32 13 18 1
482 93.67 82.01 11.86 251.32 24 39 2
483 48.82 3.76 32.78 472.21 9 40 2
484 21.76 3.67 11.59 194.41 21 22 2
485 12.80 70.12 15.01 63.38 23 48 1
486 51.10 8.63 37.81 371.56 17 17 2
487 35.47 92.99 7.61 166.84 7 11 1
488 80.33 84.19 4.98 199.76 4 36 1
489 33.14 79.25 3.85 214.39 19 24 2
490 64.66 9.33 4.26 355.79 5 43 1
491 14.89 7.20 15.56 182.26 7 32 2
492 69.49 46.91 21.62 145.85 1 40 1
493 54.28 39.65 2.17 353.78 10 39 1
494 95.63 82.43 26.28 198.87 19 34 2
495 77.07 72.20 42.78 457.65 3 34 1
496 67.65 14.46 13.80 100.86 11 37 2
497 24.31 95.86 0.47 261.05 11 13 1
498 99.44 80.08 2.45 74.75 23 33 1
499 84.37 64.88 8.56 260.00 10 28 1
500 58.27 72.47 21.72 135.68 19 32 1
1 160.54 2567.26 1
2 141.39 3362.78 2
3 185.03 3672.80 1
4 117.22 4457.34 1
5 124.74 3351.57 1
6 149.64 3585.39 1
7 115.87 4400.40 1
1 1.78 26.45 1
2 1.21 27.28 1
3 1.37 35.74 4
4 1.71 46.00 7
5 1.52 34.80 4
6 1.20 29.79 7
7 1.22 40.34 4
8 1.77 47.84 7
9 1.75 46.76 7
10 1.25 39.03 3
11 1.67 33.75 6
12 1.72 47.20 6
13 1.26 33.29 1
14 1.73 28.16 6
15 1.39 39.05 7
16 1.98 31.72 1
