Data for Vehicle routing problem with drones - Author: Huyen Do Thi Ngoc
Number of depots: 3
Number of cities: 400
Number of trucks: 6
Number of drones: 11
Area: 100 100 50
Customer maximum demand: 500
Max capacity of truck: 200
Max energy of truck: 5000
Max capacity of drone: 2
Max energy of drone: 50
1 1.11 21.19 46.15
2 9.33 29.16 38.30
3 6.90 25.94 7.16
1 82.21 48.02 12.24 318.16 18 43 1
2 20.23 89.49 10.62 223.15 21 30 3
3 51.29 10.28 26.68 149.83 12 18 2
4 66.65 63.67 5.87 277.14 10 26 3
5 0.78 24.05 48.63 358.10 1 23 2
6 23.62 36.96 44.29 176.67 15 25 1
7 4.17 93.98 37.15 320.54 12 25 2
8 48.53 75.91 47.14 215.06 18 48 3
9 21.66 5.89 29.91 202.67 20 33 3
10 5.55 86.35 5.60 119.50 16 33 3
11 64.83 20.36 9.35 418.65 6 31 3
12 15.37 79.09 45.92 75.25 22 41 2
13 55.78 56.00 24.34 382.78 15 36 2
14 70.34 90.83 39.24 165.05 16 17 1
15 26.90 69.71 45.65 272.60 13 30 1
16 5.35 43.81 17.85 447.27 22 48 2
17 89.32 67.87 32.61 141.60 21 38 2
18 56.46 91.28 23.84 219.17 5 33 2
19 47.20 41.11 3.94 400.71 3 34 3
20 85.30 66.12 45.56 479.24 2 47 1
21 51.42 4.10 17.78 441.99 16 29 2
22 59.77 55.34 47.45 102.72 12 35 1
23 10.38 75.19 33.98 313.83 15 22 2
24 39.25 87.40 41.05 304.49 8 29 1
25 68.54 33.99 4.46 389.30 9 37 2
26 26.42 95.82 34.17 416.19 18 41 1
27 78.03 96.13 44.78 370.13 17 34 1
28 10.26 45.46 11.87 189.30 15 20 3
29 25.46 1.57 32.84 433.62 12 43 2
30 55.64 76.73 47.46 197.54 5 9 1
31 63.04 26.42 38.75 359.59 8 38 1
32 28.79 35.95 31.92 275.60 20 38 3
33 57.74 77.72 39.50 220.14 1 3 1
34 99.31 94.35 43.53 126.57 18 33 1
35 49.25 76.36 7.99 330.98 23 41 3
36 70.87 2.08 45.02 465.81 15 38 2
37 70.43 43.17 30.22 396.60 19 41 1
38 12.17 8.34 43.23 487.74 0 28 1
39 68.80 74.19 23.98 342.82 14 29 1
40 97.16 80.17 18.65 56.32 15 35 1
41 94.03 96.48 28.39 82.40 11 21 1
42 73.85 46.05 3.41 421.91 22 35 1
43 34.98 57.91 48.46 182.44 9 22 3
44 44.51 74.56 29.50 365.12 4 41 1
45 33.69 6.68 4.87 401.72 19 48 2
46 88.86 80.20 3.39 69.64 0 23 1
47 33.16 56.09 22.20 52.23 2 17 1
48 78.30 26.09 12.75 341.44 1 14 2
49 83.10 79.03 11.76 433.31 20 24 1
50 40.35 21.32 14.80 391.80 20 34 3
51 9.61 97.06 48.08 443.33 10 12 2
52 24.37 37.85 3.16 491.26 5 28 2
53 47.81 2.88 10.46 403.63 22 39 2
54 6.26 63.79 35.44 244.65 6 9 3
55 93.98 26.85 17.72 288.12 10 15 1
56 37.25 2.50 43.85 195.89 3 31 2
57 14.36 74.58 40.37 382.99 6 37 3
58 96.29 95.70 44.40 66.20 1 43 2
59 85.52 41.59 37.27 283.74 0 31 3
60 80.53 90.17 48.75 151.23 9 17 3
61 26.79 71.88 43.37 454.55 11 33 1
62 50.52 30.74 9.32 121.47 23 44 1
63 20.10 41.57 34.79 297.17 5 41 1
64 61.81 85.26 7.48 216.68 2 31 2
65 8.79 41.51 8.67 195.25 18 18 1
66 30.44 41.53 29.43 196.19 21 25 1
67 90.13 54.83 23.44 449.85 0 11 2
68 82.38 46.10 22.28 326.59 16 25 1
69 48.34 82.03 41.94 454.45 6 46 1
70 76.55 91.96 16.81 299.74 20 40 3
71 45.93 21.36 30.79 102.98 9 36 2
72 0.48 6.65 11.56 273.22 5 38 2
73 51.22 35.32 13.15 208.10 0 47 2
74 83.17 54.41 22.30 224.58 14 33 1
75 56.35 24.15 5.66 398.28 12 27 1
76 10.53 86.71 44.00 220.72 12 35 2
77 53.89 29.24 43.05 405.26 12 45 1
78 48.69 95.13 8.92 187.43 10 36 1
79 0.29 81.93 35.75 363.42 10 27 3
80 64.94 56.94 12.34 302.66 9 47 2
81 47.67 21.90 12.30 403.96 21 46 1
82 50.03 6.84 22.00 72.57 20 31 2
83 67.89 71.17 5.75 60.30 3 21 2
84 64.44 53.83 23.44 97.47 16 23 1
85 87.99 37.82 3.73 354.36 17 24 2
86 73.67 84.28 22.30 87.31 1 7 3
87 59.70 80.60 15.81 381.81 9 23 1
88 16.41 53.86 24.91 377.46 15 35 2
89 3.08 65.83 21.38 444.28 15 35 1
90 59.42 88.91 16.48 362.13 19 19 3
91 17.43 29.27 4.19 162.60 16 25 2
92 58.34 53.65 10.92 122.37 16 43 2
93 19.42 96.63 26.57 426.09 0 35 3
94 35.77 16.31 19.64 387.54 16 36 1
95 66.20 65.50 32.51 168.45 5 19 1
96 80.26 81.07 38.08 108.62 23 38 1
97 9.71 45.88 17.41 301.64 8 8 1
98 81.26 92.40 3.16 94.66 4 43 1
99 69.10 73.97 26.16 424.57 2 37 1
100 92.18 12.50 38.36 77.08 17 48 1
101 8.69 52.52 12.15 332.80 13 32 3
102 94.52 27.10 41.50 108.78 12 25 1
103 7.22 10.26 0.23 242.50 0 16 3
104 25.62 95.10 3.63 218.42 15 31 2
105 85.48 82.83 17.17 452.41 7 17 2
106 56.78 97.33 32.55 285.61 16 17 3
107 90.19 79.10 32.74 88.22 18 47 3
108 85.86 53.48 11.28 466.70 6 25 3
109 63.12 11.39 34.89 155.17 5 23 1
110 1.10 59.19 35.78 448.89 23 46 2
111 37.82 23.95 39.79 361.33 23 31 2
112 99.66 50.95 41.37 316.67 5 26 1
113 29.11 14.74 3.09 352.11 15 46 2
114 58.34 65.01 33.88 326.33 23 47 1
115 79.39 5.11 34.99 254.16 3 6 2
116 42.39 11.33 40.58 200.90 18 27 1
117 60.53 35.33 15.35 57.83 7 9 1
118 89.59 32.64 0.20 317.17 18 43 3
119 10.55 87.44 10.27 236.69 10 46 3
120 16.93 48.31 37.44 204.61 8 12 2
121 40.57 13.99 21.63 311.30 5 20 3
122 62.54 26.24 28.23 154.20 22 33 3
123 22.01 12.49 6.32 292.53 24 39 3
124 26.29 16.91 33.89 408.95 16 25 2
125 52.59 19.11 8.70 347.61 5 13 3
126 77.00 26.86 11.71 71.72 5 41 1
127 95.11 59.96 45.02 228.64 7 24 3
128 61.67 66.09 20.17 52.22 2 46 2
129 27.10 18.82 29.71 135.51 9 31 1
130 61.66 20.00 1.63 329.82 22 32 1
131 36.49 35.11 0.47 495.50 14 20 1
132 61.92 12.55 12.14 64.04 9 23 1
133 81.92 88.45 15.95 339.35 17 28 1
134 82.86 26.45 15.83 97.38 12 37 3
135 21.66 73.15 24.63 496.98 9 45 1
136 17.83 16.95 12.28 466.51 20 26 1
137 96.15 10.59 2.60 470.46 14 29 2
138 15.88 38.75 7.37 364.76 24 37 2
139 80.89 83.84 45.49 349.65 18 31 3
140 10.22 21.53 21.17 158.02 4 19 3
141 0.69 99.94 14.69 311.43 21 38 1
142 13.17 31.91 49.07 222.62 18 27 3
143 32.26 56.78 12.64 204.24 6 44 2
144 99.47 77.84 49.88 115.23 21 42 2
145 29.93 51.54 41.02 287.42 4 24 3
146 67.63 42.51 6.46 313.87 14 30 3
147 80.42 53.65 41.27 151.29 16 25 3
148 3.56 95.37 23.98 110.69 6 26 2
149 56.06 25.75 21.47 350.73 20 33 3
150 25.22 45.53 27.38 321.14 11 34 1
151 41.36 49.80 48.91 151.38 7 48 1
152 26.06 98.73 0.30 166.85 4 45 1
153 52.10 0.21 43.40 375.94 16 30 1
154 53.46 75.10 11.43 417.45 22 39 1
155 75.93 16.41 35.77 353.80 12 28 1
156 1.53 79.60 42.62 108.68 19 48 3
157 53.15 45.26 18.58 209.30 3 14 3
158 49.52 45.14 17.04 394.47 2 25 3
159 17.75 21.55 47.79 237.55 24 28 3
160 44.75 55.71 27.64 379.91 7 42 1
161 63.04 7.12 31.83 242.51 7 14 3
162 70.18 67.87 26.08 172.70 18 23 3
163 60.62 60.10 14.53 153.70 7 41 1
164 54.08 30.52 16.84 369.38 10 29 3
165 27.41 62.98 43.35 488.09 7 19 2
166 25.77 24.91 47.32 312.74 14 26 3
167 93.90 88.18 28.01 456.37 12 18 1
168 10.06 68.09 21.15 135.61 11 36 3
169 61.71 58.43 0.71 484.13 4 5 3
170 92.19 94.11 14.67 402.71 20 21 1
171 59.76 67.01 44.17 292.31 19 35 1
172 29.91 68.74 45.48 436.79 8 10 1
173 3.65 5.73 23.61 208.10 1 17 3
174 82.57 61.63 48.25 192.75 9 28 3
175 69.59 28.01 20.77 478.04 2 38 1
176 85.66 12.47 25.97 396.80 16 46 3
177 92.35 92.72 14.78 121.79 8 36 1
178 17.64 86.26 43.12 174.59 21 46 1
179 78.19 94.55 31.69 403.47 1 1 3
180 89.93 71.41 20.92 86.28 21 21 2
181 80.28 36.56 29.29 264.52 16 29 1
182 51.60 3.28 17.37 482.73 15 47 1
183 48.06 31.59 18.27 234.59 7 13 1
184 30.60 16.62 7.52 94.93 17 25 2
185 93.60 21.82 22.62 212.20 22 47 2
186 64.54 48.60 33.16 106.11 24 42 3
187 62.89 93.45 12.55 208.19 1 12 2
188 70.76 19.45 15.00 150.60 16 27 3
189 50.36 20.21 35.44 180.55 20 37 3
190 90.74 70.70 8.27 403.13 19 36 1
191 61.13 59.73 8.62 273.12 18 31 1
192 84.81 59.49 31.46 214.35 15 20 3
193 39.26 46.53 15.03 409.35 22 39 2
194 97.81 95.82 39.14 370.59 11 38 2
195 51.49 58.09 47.91 91.81 11 38 2
196 40.10 58.55 1.04 59.90 5 25 1
197 92.31 23.51 16.87 453.29 17 36 2
198 32.69 1.77 6.54 311.53 17 31 3
199 10.19 25.39 46.56 64.74 12 22 2
200 78.77 63.82 14.71 354.52 4 47 3
201 77.89 29.13 12.73 203.13 21 45 3
202 8.19 43.57 29.81 422.41 17 20 1
203 98.48 18.74 33.83 65.54 13 37 2
204 60.80 95.11 28.26 169.20 10 11 2
205 70.25 84.56 23.86 147.20 15 22 2
206 90.22 92.43 36.97 337.90 14 16 1
207 77.62 60.23 29.56 488.92 22 48 2
208 77.52 44.52 2.46 103.43 10 35 3
209 82.42 74.88 39.65 218.21 13 32 2
210 79.74 28.52 39.35 119.11 6 7 1
211 9.79 0.61 2.08 204.15 7 10 3
212 31.33 27.27 2.14 62.74 8 34 1
213 84.92 63.14 49.28 383.07 7 21 1
214 97.79 53.00 39.63 100.73 22 45 2
215 25.86 69.36 33.85 483.69 8 31 3
216 19.25 89.18 38.04 224.80 3 6 1
217 82.38 85.22 4.97 189.69 8 33 3
218 55.22 36.62 22.65 400.17 18 45 2
219 29.93 34.10 26.52 54.31 19 27 1
220 21.69 52.89 42.46 131.46 13 32 1
221 56.59 83.23 21.63 414.27 18 35 2
222 19.01 20.72 48.61 125.05 16 19 1
223 6.24 85.05 16.69 400.21 2 17 2
224 81.70 87.04 7.83 215.69 24 33 1
225 1.05 14.19 43.84 188.25 3 15 3
226 72.75 66.59 9.26 242.95 14 41 2
227 88.95 9.93 35.16 273.47 12 41 3
228 49.21 76.14 4.07 220.80 9 15 2
229 65.49 17.26 23.85 336.18 3 19 3
230 23.59 25.50 7.60 96.16 24 38 3
231 36.90 70.72 41.97 141.35 8 31 1
232 53.09 34.85 0.03 247.90 4 15 2
233 21.54 25.27 43.81 292.58 17 22 2
234 26.84 29.50 39.32 415.06 10 33 3
235 41.95 62.88 41.44 362.25 7 31 1
236 81.81 53.64 5.60 143.17 20 40 1
237 87.14 36.82 24.26 311.24 18 23 3
238 85.05 93.54 25.65 466.53 22 35 2
239 93.38 95.28 36.45 398.96 11 47 2
240 31.07 1.45 12.35 156.31 22 35 3
241 22.21 44.38 5.57 98.79 1 21 1
242 61.25 24.54 42.07 223.70 3 34 2
243 75.26 51.67 49.60 344.88 13 48 3
244 59.02 93.71 13.93 392.08 9 35 2
245 81.15 80.33 6.14 151.34 18 19 3
246 88.33 31.17 26.60 54.11 16 20 3
247 83.88 4.31 26.63 305.13 14 42 1
248 1.41 52.44 12.09 182.50 3 25 3
249 62.68 13.89 25.04 147.71 7 11 3
250 26.55 89.74 3.81 239.32 6 11 3
251 47.33 43.38 30.50 290.29 18 33 2
252 16.00 7.99 37.57 112.30 9 17 3
253 6.48 52.99 25.95 333.64 8 11 3
254 83.40 82.07 11.53 170.32 19 28 3
255 47.82 69.75 20.91 269.60 0 16 1
256 16.77 82.90 28.83 477.28 18 26 1
257 26.90 63.19 11.21 141.41 15 27 2
258 69.95 42.20 28.31 92.83 8 8 2
259 87.21 98.96 41.81 416.70 5 22 2
260 67.41 61.63 35.06 173.89 7 21 1
261 67.99 96.23 32.23 150.32 9 47 1
262 68.64 53.00 2.48 494.82 8 42 1
263 86.14 73.67 13.81 290.66 19 19 3
264 43.35 79.54 29.75 461.48 1 39 3
265 72.76 61.32 23.47 141.17 19 26 3
266 48.28 16.70 27.57 411.07 24 39 2
267 52.22 98.51 3.91 266.08 1 7 3
268 27.40 11.86 46.36 140.04 20 43 2
269 0.13 9.31 36.07 94.29 3 36 1
270 86.37 63.11 20.86 436.81 2 43 3
271 80.51 21.11 1.36 299.13 22 28 1
272 78.21 6.06 49.06 77.99 21 46 2
273 95.20 60.44 10.62 447.54 2 42 1
274 63.28 36.44 43.59 413.67 24 37 1
275 5.83 36.25 48.80 441.84 10 24 1
276 34.43 20.86 3.58 240.72 23 38 2
277 97.29 25.04 15.23 50.32 18 23 1
278 46.11 10.47 4.57 370.57 13 40 1
279 47.65 15.23 4.02 67.60 16 37 2
280 32.76 1.51 35.26 120.09 16 32 3
281 86.96 54.42 43.40 195.28 2 17 2
282 68.65 13.50 9.71 104.59 11 21 3
283 61.57 1.57 4.17 285.76 21 26 2
284 26.11 61.41 11.53 118.40 5 9 2
285 47.37 24.10 48.64 277.23 19 35 3
286 53.23 84.00 39.70 326.18 22 32 3
287 63.21 52.24 18.39 478.28 15 27 1
288 25.54 89.87 12.93 173.65 3 12 2
289 32.73 80.68 15.21 249.47 18 19 1
290 17.44 28.32 41.12 424.18 6 35 1
291 48.62 35.57 14.57 333.20 5 37 3
292 93.50 83.40 19.68 231.51 24 27 2
293 83.19 43.55 14.41 365.70 14 46 2
294 35.13 27.33 0.98 286.66 14 37 2
295 68.48 17.00 23.04 489.06 13 44 1
296 42.28 66.49 29.63 408.56 20 22 1
297 78.35 54.78 2.83 277.98 12 48 3
298 61.62 4.67 47.53 374.40 3 39 3
299 66.03 93.36 25.77 421.88 21 46 1
300 77.32 1.89 4.73 179.75 3 35 2
301 61.06 4.37 25.79 464.13 11 22 1
302 73.92 31.74 16.28 270.68 17 42 3
303 86.92 75.73 39.99 219.20 19 29 1
304 55.71 41.99 28.38 57.20 2 16 2
305 83.70 35.93 48.23 155.31 21 44 3
306 55.83 12.23 9.32 389.98 14 26 1
307 62.42 24.06 14.01 423.44 15 18 1
308 11.17 73.53 25.27 195.84 12 23 3
309 98.14 30.82 4.16 462.74 15 27 3
310 1.87 41.30 35.84 86.53 22 38 1
311 69.82 79.77 49.72 134.84 4 16 3
312 63.82 78.97 37.09 132.31 9 44 1
313 0.19 62.90 12.96 90.53 11 11 1
314 54.10 14.03 37.56 422.46 3 16 3
315 36.44 32.69 0.61 370.82 18 44 3
316 36.08 30.83 18.47 342.51 19 26 2
317 76.12 46.47 40.96 111.31 1 41 2
318 60.83 45.37 19.35 476.70 16 36 3
319 7.91 85.67 44.49 266.36 20 22 1
320 44.41 94.53 33.88 149.89 14 37 3
321 28.34 63.65 29.43 464.37 4 4 2
322 53.03 29.72 18.31 62.50 7 35 2
323 19.91 80.25 9.51 463.14 21 27 2
324 73.69 96.19 5.59 418.64 13 30 2
325 4.35 81.99 5.08 299.33 15 17 1
326 58.75 16.97 5.67 142.78 7 17 2
327 42.08 75.96 11.69 247.59 2 41 2
328 44.77 21.47 46.22 211.00 6 18 2
329 14.75 27.42 34.85 490.56 11 16 1
330 19.65 60.72 45.81 307.81 12 39 1
331 29.42 98.56 33.03 67.11 16 48 2
332 56.03 56.97 33.49 220.66 17 46 1
333 87.20 91.89 42.27 297.01 3 24 3
334 95.98 30.64 1.60 337.31 18 47 1
335 51.95 27.97 7.25 188.52 15 23 2
336 45.19 90.09 8.81 330.14 5 8 3
337 36.64 7.71 8.69 480.22 4 17 3
338 15.62 44.01 25.70 268.54 1 11 2
339 79.44 57.93 12.38 147.33 16 28 1
340 44.23 79.60 21.92 426.50 21 36 1
341 36.52 95.76 34.78 87.75 19 21 2
342 5.69 42.76 9.32 464.88 20 33 3
343 49.89 86.11 0.44 426.81 3 42 3
344 35.94 84.56 49.12 188.04 5 32 2
345 75.18 5.49 4.82 89.18 18 35 1
346 62.05 29.42 8.61 271.96 22 35 1
347 76.56 93.57 11.16 257.56 14 31 1
348 19.24 96.67 4.80 109.47 2 34 2
349 41.62 28.53 24.76 337.20 15 21 2
350 63.33 12.49 21.01 111.47 8 30 3
351 72.95 8.43 41.32 166.89 16 42 3
352 44.66 49.22 0.89 146.03 23 37 2
353 24.77 51.07 23.98 171.09 16 46 2
354 46.34 38.51 41.55 69.18 1 11 1
355 79.84 63.66 17.77 329.96 1 17 2
356 44.29 98.65 43.62 89.84 18 31 1
357 37.33 34.49 34.76 344.01 21 45 1
358 30.24 73.06 15.01 119.87 0 43 3
359 46.07 98.36 6.12 153.71 10 41 1
360 87.32 87.03 25.08 244.83 11 38 2
361 28.72 5.80 42.89 421.18 19 19 2
362 27.36 57.54 12.34 360.03 4 33 1
363 85.40 34.35 33.35 65.69 22 27 1
364 26.95 90.42 16.91 128.93 23 27 1
365 81.38 81.96 15.27 87.31 2 20 2
366 36.45 68.60 6.60 465.79 13 34 2
367 0.34 16.77 39.94 96.74 21 43 3
368 36.05 22.07 16.07 98.40 16 29 2
369 79.80 22.37 45.66 399.87 23 25 1
370 20.70 1.76 6.06 483.88 18 33 1
371 87.89 62.03 25.24 104.57 24 47 2
372 91.44 25.22 17.57 355.16 10 42 3
373 10.92 64.89 22.20 236.73 14 37 1
374 76.39 17.21 17.11 456.12 8 40 3
375 0.13 44.49 48.90 113.34 22 42 2
376 75.99 7.26 10.45 460.81 16 29 2
377 44.87 84.80 45.80 116.06 14 22 1
378 97.28 42.19 28.53 408.42 3 22 1
379 75.87 53.16 23.12 300.71 21 46 2
380 65.01 99.85 20.76 90.08 4 19 3
381 45.23 65.67 9.34 391.88 20 44 2
382 73.89 26.94 24.20 214.34 3 7 2
383 80.62 62.93 35.57 208.95 6 24 3
384 92.76 16.03 46.50 200.25 8 12 1
385 80.69 22.86 19.11 470.18 8 12 3
386 62.51 88.62 48.08 223.20 12 22 3
387 62.94 29.70 34.45 310.55 21 32 1
388 92.09 98.53 32.22 278.01 0 35 2
389 57.71 8.16 21.95 108.79 2 14 1
390 62.14 81.57 34.74 189.41 17 32 3
391 62.50 32.15 26.52 151.28 24 33 2
392 95.41 62.03 21.02 121.42 0 31 2
393 74.83 86.83 41.66 354.56 21 38 2
394 9.12 83.13 8.19 278.33 4 30 3
395 58.24 35.57 13.78 336.41 24 43 2
396 69.52 32.60 0.15 189.71 15 18 3
397 78.19 88.14 37.31 490.25 12 12 2
398 52.68 9.95 14.47 273.93 23 24 1
399 45.74 10.79 46.24 165.64 22 32 1
400 25.81 15.92 33.65 118.66 17 22 2
1 115.99 3686.40 1
2 158.96 3156.67 2
3 105.10 3407.23 3
4 179.11 4783.91 1
5 179.33 3406.90 2
6 105.33 3149.00 1
1 1.59 39.73 3
2 1.91 39.30 6
3 1.84 49.49 2
4 1.26 28.19 5
5 1.77 35.05 2
6 1.60 36.14 4
7 1.73 40.07 6
8 1.23 36.47 5
9 1.34 28.28 5
10 1.51 30.51 4
11 1.47 29.51 3
