Data for Vehicle routing problem with drones - Author: Huyen Do Thi Ngoc
Number of depots: 1
Number of cities: 200
Number of trucks: 4
Number of drones: 5
Area: 100 100 50
Customer maximum demand: 500
Max capacity of truck: 200
Max energy of truck: 5000
Max capacity of drone: 2
Max energy of drone: 50
1 98.55 46.91 35.41
1 25.64 9.41 28.10 110.08 5 27 1
2 89.76 95.49 16.91 253.32 20 31 1
3 65.95 93.16 13.73 146.38 23 40 1
4 64.09 73.26 30.62 457.43 24 34 1
5 18.93 75.85 28.70 459.49 23 35 1
6 8.23 96.27 10.26 88.53 18 28 1
7 98.82 29.02 0.84 413.51 20 41 1
8 68.67 24.35 24.81 433.36 16 41 1
9 42.26 39.94 35.62 136.81 8 42 1
10 89.53 19.36 10.37 197.91 11 25 1
11 94.10 21.85 9.89 413.80 14 16 1
12 30.68 29.40 25.65 274.55 13 24 1
13 93.63 99.73 40.45 130.12 19 26 1
14 13.74 75.73 41.66 478.53 18 24 1
15 90.61 77.41 33.47 84.38 11 37 1
16 71.55 95.07 35.90 166.30 16 20 1
17 88.96 94.33 17.34 495.22 9 44 1
18 66.15 78.00 44.09 342.93 0 16 1
19 48.45 53.42 39.80 414.97 22 25 1
20 30.51 5.11 36.53 394.26 9 40 1
21 11.48 84.93 38.01 77.48 18 28 1
22 34.56 65.86 21.53 117.17 6 29 1
23 18.87 87.70 6.78 484.81 7 18 1
24 77.29 65.69 8.22 271.43 22 41 1
25 13.91 16.85 45.27 269.03 17 45 1
26 28.09 26.57 7.95 409.85 1 45 1
27 85.08 95.88 47.54 322.50 17 37 1
28 61.73 30.43 40.36 155.33 13 29 1
29 43.23 49.02 11.48 482.75 1 45 1
30 23.15 50.53 6.34 328.71 19 28 1
31 26.47 20.30 41.03 428.79 6 38 1
32 99.55 3.19 38.19 181.44 22 36 1
33 35.68 88.85 41.11 346.78 9 43 1
34 25.82 87.55 49.06 198.17 14 33 1
35 67.89 74.16 12.18 304.58 5 13 1
36 30.76 42.34 21.56 185.35 9 12 1
37 70.27 68.38 18.76 482.31 4 32 1
38 93.64 9.58 44.05 324.88 1 13 1
39 66.83 53.22 33.74 299.52 5 28 1
40 94.21 89.60 27.05 400.71 18 24 1
41 10.66 12.94 29.75 290.69 5 17 1
42 49.18 46.93 34.27 283.41 6 15 1
43 27.92 40.09 13.00 168.51 22 41 1
44 75.49 97.18 17.43 223.08 13 20 1
45 3.30 58.78 1.54 121.65 1 37 1
46 65.90 56.92 37.26 169.97 14 48 1
47 4.30 64.61 41.38 472.66 9 37 1
48 79.33 28.74 23.90 110.17 5 15 1
49 47.92 34.48 15.98 484.49 19 41 1
50 10.60 22.20 7.52 163.34 21 37 1
51 76.51 96.90 43.09 242.92 9 25 1
52 66.09 84.99 28.46 256.89 8 28 1
53 64.14 67.87 4.94 250.51 13 23 1
54 69.61 17.30 40.22 336.04 19 45 1
55 84.33 92.25 39.90 186.71 5 9 1
56 4.51 7.98 46.81 435.45 2 2 1
57 57.30 65.82 9.04 104.50 7 20 1
58 86.18 89.95 12.32 482.50 5 34 1
59 69.95 8.47 28.03 131.69 18 29 1
60 20.41 32.10 15.25 365.55 23 28 1
61 60.06 56.54 36.74 247.75 1 3 1
62 47.26 32.49 26.24 496.12 21 43 1
63 52.95 97.03 30.49 64.25 18 23 1
64 92.67 20.59 26.06 76.77 19 33 1
65 47.06 19.54 43.79 481.72 12 25 1
66 70.61 95.77 9.62 95.62 16 29 1
67 18.96 47.41 48.72 195.94 14 21 1
68 23.89 95.32 33.75 97.46 18 26 1
69 94.31 87.55 34.09 476.62 10 39 1
70 90.29 43.61 3.30 279.12 21 26 1
71 36.93 39.60 40.67 338.84 15 21 1
72 42.57 33.27 38.59 418.69 19 42 1
73 19.05 86.79 40.15 265.60 17 46 1
74 42.74 67.35 32.47 66.80 2 21 1
75 89.63 89.79 3.53 146.15 6 24 1
76 88.58 4.32 47.01 456.16 14 43 1
77 15.52 60.99 35.81 189.03 19 44 1
78 2.11 23.27 12.44 100.19 6 43 1
79 36.97 16.60 3.90 400.86 13 20 1
80 0.95 0.20 2.14 282.64 12 14 1
81 34.11 78.12 25.20 179.16 1 48 1
82 1.51 11.79 22.32 112.73 16 47 1
83 50.03 9.47 5.55 337.80 9 22 1
84 6.08 35.18 45.63 113.59 5 30 1
85 2.36 68.06 47.67 466.84 11 35 1
86 95.50 53.05 18.08 335.26 7 13 1
87 82.36 89.24 24.62 106.78 1 8 1
88 6.25 91.03 7.03 205.89 24 30 1
89 64.77 24.13 37.76 168.18 12 36 1
90 47.21 71.09 20.58 322.21 15 48 1
91 20.78 2.01 36.13 125.41 7 31 1
92 9.45 99.63 35.71 79.13 4 4 1
93 14.06 87.64 25.83 306.40 14 32 1
94 42.41 96.75 35.14 382.52 18 30 1
95 27.64 11.70 47.51 128.61 11 48 1
96 13.76 44.47 4.04 59.68 13 41 1
97 36.39 76.03 1.03 249.25 7 45 1
98 72.77 86.95 33.25 113.86 5 39 1
99 87.33 84.05 28.98 306.19 8 16 1
100 3.41 37.77 0.76 432.33 15 26 1
101 61.26 9.00 14.86 325.24 24 44 1
102 66.30 24.25 35.01 199.18 13 32 1
103 49.27 61.03 21.18 275.30 3 13 1
104 71.58 55.69 15.46 258.10 20 26 1
105 66.85 35.34 23.91 138.18 6 15 1
106 70.12 12.17 4.70 96.01 4 14 1
107 60.35 14.79 34.70 344.64 12 41 1
108 98.16 13.41 16.33 377.21 11 48 1
109 75.66 74.04 19.07 233.90 17 20 1
110 69.37 69.34 14.33 183.28 12 34 1
111 35.02 76.99 36.24 487.60 8 13 1
112 0.87 42.84 42.20 433.79 7 9 1
113 2.88 78.15 41.86 88.31 24 29 1
114 0.48 93.25 45.21 191.61 7 19 1
115 30.13 0.41 47.73 382.22 0 18 1
116 30.73 59.48 1.38 96.83 12 28 1
117 3.85 43.00 36.64 179.55 17 23 1
118 87.45 30.54 4.98 351.74 16 37 1
119 35.14 1.75 40.99 271.59 20 32 1
120 93.53 91.78 33.02 455.09 8 13 1
121 19.14 12.45 20.58 152.26 2 5 1
122 27.49 48.53 18.88 414.00 2 29 1
123 70.04 99.73 46.84 309.88 24 25 1
124 15.36 52.52 5.20 402.01 8 39 1
125 4.84 94.49 0.17 144.67 19 42 1
126 53.19 46.90 43.02 152.50 13 17 1
127 28.90 0.70 19.79 420.24 19 27 1
128 15.89 63.69 48.54 229.21 19 38 1
129 92.53 2.84 13.64 436.83 23 34 1
130 60.27 30.95 21.36 425.63 0 10 1
131 37.13 76.47 14.59 335.25 20 21 1
132 96.28 38.77 42.23 462.68 1 45 1
133 64.12 15.70 3.60 172.29 24 25 1
134 13.18 3.14 3.96 208.09 17 29 1
135 3.60 19.86 4.61 477.00 17 36 1
136 13.14 90.01 19.78 471.27 14 34 1
137 59.67 19.73 1.18 288.45 21 36 1
138 15.19 37.62 23.72 436.62 18 45 1
139 94.74 99.64 9.28 163.31 19 41 1
140 28.64 23.14 22.16 461.88 16 23 1
141 66.54 38.01 35.39 243.05 9 26 1
142 19.06 64.42 28.71 382.74 17 43 1
143 54.62 83.06 35.87 262.81 23 34 1
144 82.58 79.57 1.53 155.97 22 28 1
145 15.75 67.62 2.33 283.85 6 46 1
146 52.58 98.75 44.49 181.88 17 28 1
147 68.96 96.52 48.03 457.29 19 27 1
148 12.70 69.01 39.97 151.74 5 7 1
149 92.13 35.02 35.61 176.20 3 44 1
150 76.35 30.59 5.83 353.62 15 29 1
151 74.37 37.86 40.07 203.56 4 41 1
152 86.84 85.42 19.59 153.86 21 31 1
153 73.80 0.95 5.00 177.57 9 36 1
154 39.22 55.10 6.74 375.72 6 19 1
155 36.82 33.31 48.46 288.58 9 43 1
156 36.01 43.84 19.74 261.26 4 45 1
157 27.08 21.46 27.24 272.61 2 37 1
158 42.10 78.63 31.57 374.56 1 45 1
159 16.89 44.92 21.06 342.76 7 10 1
160 73.46 47.83 30.84 267.02 20 30 1
161 7.67 29.34 39.28 482.51 19 29 1
162 73.86 78.91 32.53 66.72 8 39 1
163 80.26 2.15 42.60 115.97 5 34 1
164 43.58 89.61 41.84 53.38 17 35 1
165 70.26 10.90 22.15 59.28 11 20 1
166 99.31 6.78 42.97 134.50 15 24 1
167 15.00 87.02 19.83 98.85 9 29 1
168 63.27 87.98 19.56 215.87 18 33 1
169 8.33 25.76 12.10 127.21 5 11 1
170 92.82 19.20 49.88 214.28 6 24 1
171 81.60 31.45 29.94 186.61 11 19 1
172 72.91 76.36 46.08 362.26 8 27 1
173 33.42 2.03 33.97 112.94 15 31 1
174 31.32 77.57 6.96 273.69 3 36 1
175 13.42 80.47 37.24 486.54 1 8 1
176 88.15 67.99 36.16 421.54 18 47 1
177 59.40 15.10 41.63 310.98 3 32 1
178 34.86 3.90 34.53 164.32 3 16 1
179 3.83 18.29 42.76 489.02 7 32 1
180 77.98 78.52 17.63 402.70 9 35 1
181 51.81 72.52 26.26 160.97 14 29 1
182 18.57 14.85 15.39 235.00 23 25 1
183 37.27 87.51 3.67 66.42 19 39 1
184 9.50 40.39 15.28 149.37 19 48 1
185 24.64 6.03 5.14 462.22 18 18 1
186 4.06 65.22 10.29 279.57 14 44 1
187 15.11 65.66 29.78 249.24 21 34 1
188 58.46 88.58 20.19 480.16 22 38 1
189 34.30 84.68 38.22 429.44 19 20 1
190 21.49 19.01 33.16 200.33 8 8 1
191 76.44 7.12 22.69 432.19 9 41 1
192 50.52 31.72 2.42 299.49 10 43 1
193 79.28 8.93 46.27 225.13 6 48 1
194 16.00 95.97 24.48 290.22 13 37 1
195 54.98 35.21 18.55 158.03 15 17 1
196 90.83 56.47 28.63 445.37 19 36 1
197 20.81 5.69 8.35 138.48 13 30 1
198 37.04 18.93 14.75 300.35 13 25 1
199 6.84 41.09 27.59 494.73 8 36 1
200 19.76 13.36 18.88 398.14 13 45 1
1 192.58 3113.56 1
2 197.18 2573.75 1
3 133.63 4676.75 1
4 157.60 2999.15 1
1 1.34 48.42 4
2 1.66 31.76 4
3 1.61 46.80 4
4 1.74 46.87 2
5 1.94 26.68 3
