Data for Vehicle routing problem with drones - Author: Huyen Do Thi Ngoc
Number of depots: 4
Number of cities: 500
Number of trucks: 6
Number of drones: 8
Area: 100 100 50
Customer maximum demand: 500
Max capacity of truck: 200
Max energy of truck: 5000
Max capacity of drone: 2
Max energy of drone: 50
1 91.84 39.57 24.61
2 89.07 94.51 48.29
3 6.40 77.22 5.44
4 91.08 77.22 24.24
1 38.82 18.52 49.07 177.32 4 20 3
2 34.44 19.42 25.13 450.99 4 9 2
3 92.44 35.22 16.03 234.22 20 41 1
4 72.20 8.45 24.58 475.30 12 20 2
5 11.58 33.74 14.40 451.56 17 26 3
6 0.33 86.93 24.85 450.46 10 39 1
7 85.32 68.18 29.65 450.84 22 24 1
8 4.66 27.88 37.67 205.38 18 34 2
9 43.95 53.86 8.81 250.30 10 13 4
10 50.68 76.36 45.06 70.85 12 37 1
11 84.08 69.76 31.93 457.85 4 38 1
12 85.31 22.62 21.64 54.35 17 17 4
13 9.63 91.32 11.58 472.28 23 48 3
14 74.49 44.21 8.35 244.48 10 20 4
15 96.49 92.15 45.52 89.22 20 46 3
16 15.47 72.77 6.71 487.33 21 46 3
17 35.90 35.08 36.50 114.43 2 7 4
18 29.62 37.89 30.52 458.32 15 43 2
19 79.10 91.48 37.34 483.43 7 44 4
20 30.34 12.08 49.01 82.59 18 18 1
21 8.82 98.10 32.30 325.62 19 31 1
22 97.00 14.11 45.16 480.81 14 15 3
23 17.11 43.85 15.65 490.04 9 39 4
24 60.40 46.02 34.31 157.28 17 45 1
25 2.42 38.92 40.99 199.13 10 42 3
26 24.79 16.47 35.72 115.74 17 18 4
27 9.74 52.42 33.14 415.63 12 46 4
28 86.28 22.57 42.81 159.45 5 8 1
29 37.67 28.22 14.66 60.15 5 22 2
30 70.68 98.28 31.26 327.52 12 45 2
31 57.78 64.21 17.68 466.09 18 41 2
32 59.43 69.17 4.09 239.39 18 32 1
33 40.03 51.24 40.89 134.16 22 39 1
34 80.59 97.89 1.44 465.44 19 30 4
35 8.06 99.62 28.32 276.19 23 37 2
36 14.76 80.52 35.50 143.10 4 34 1
37 76.18 58.03 11.52 229.82 9 37 1
38 68.35 71.39 9.09 349.83 3 23 1
39 77.70 75.62 49.90 182.13 19 22 1
40 55.54 12.72 30.21 57.08 21 28 2
41 93.74 3.84 25.12 83.40 5 9 1
42 58.73 18.30 20.81 312.93 12 40 3
43 18.56 59.41 24.47 77.16 22 35 3
44 96.30 87.96 34.59 130.38 1 22 4
45 80.14 46.59 31.84 85.42 14 38 2
46 48.53 58.68 39.12 430.80 24 36 3
47 38.78 3.61 8.40 241.87 11 24 4
48 22.84 11.22 0.04 329.24 5 11 1
49 1.70 93.34 14.45 71.26 12 23 4
50 77.76 66.04 28.07 286.62 1 30 2
51 8.80 38.29 10.72 459.23 13 27 2
52 60.55 48.39 38.53 362.17 8 19 3
53 1.73 96.00 43.31 413.63 23 46 1
54 98.18 91.34 42.61 449.72 22 41 4
55 59.71 89.86 22.54 161.58 0 18 2
56 92.36 66.07 6.39 486.48 8 47 3
57 35.56 46.36 44.06 259.66 17 17 1
58 3.24 53.16 45.35 327.35 7 9 3
59 80.65 69.49 11.10 441.05 15 37 3
60 37.83 20.43 44.83 133.99 3 14 4
61 13.24 13.27 38.35 421.78 21 25 2
62 35.02 73.77 5.73 82.92 19 23 4
63 27.34 64.22 46.18 172.05 19 45 1
64 35.15 14.30 23.63 443.01 23 29 3
65 57.91 46.18 20.02 151.19 8 40 2
66 13.92 7.82 41.97 260.84 1 18 1
67 31.31 66.46 48.55 301.20 0 38 1
68 11.60 37.86 29.10 365.84 19 34 4
69 60.07 79.10 40.70 170.97 9 47 1
70 73.97 15.98 22.15 249.11 15 38 4
71 26.63 25.76 6.10 66.58 1 41 3
72 88.44 40.16 45.10 376.39 20 23 3
73 59.10 63.46 22.38 97.72 19 30 3
74 2.10 69.82 0.12 252.53 10 36 1
75 95.63 29.11 13.04 87.53 0 5 3
76 90.06 55.05 7.24 135.72 16 39 4
77 58.10 10.92 31.89 262.48 13 26 3
78 48.34 94.91 0.38 216.97 2 30 3
79 83.71 50.61 12.99 336.65 10 37 2
80 73.48 96.46 0.38 374.87 21 47 4
81 86.08 61.62 44.70 272.39 5 27 4
82 39.88 43.42 43.85 170.93 14 39 1
83 42.29 31.44 45.38 292.10 22 29 2
84 62.48 46.37 1.52 197.98 19 29 2
85 62.82 5.94 32.57 430.53 3 42 2
86 38.69 61.93 2.91 296.92 19 31 4
87 57.41 31.32 16.79 307.50 4 30 1
88 40.25 81.54 34.58 395.81 6 10 1
89 65.73 13.78 16.58 185.56 4 33 1
90 90.89 75.70 3.82 436.17 13 31 1
91 82.91 75.75 9.21 196.28 12 25 1
92 81.22 22.80 42.68 141.04 16 38 4
93 10.94 1.94 36.60 487.71 10 35 2
94 89.35 45.81 14.48 92.83 11 13 4
95 83.09 7.73 18.90 183.77 11 30 2
96 49.11 10.70 11.92 477.46 20 48 1
97 3.72 90.65 32.37 263.64 22 35 4
98 15.73 89.31 43.74 315.90 4 21 1
99 59.76 54.15 6.67 270.37 24 44 4
100 7.11 54.46 8.92 135.86 5 21 3
101 68.90 66.98 20.82 250.62 12 42 4
102 23.88 35.88 21.19 101.99 10 26 4
103 40.26 68.51 12.63 319.25 16 43 4
104 27.52 50.60 43.79 354.13 10 14 3
105 72.02 2.00 21.44 497.00 6 28 2
106 61.41 49.79 6.53 100.29 17 39 1
107 55.67 56.61 49.15 167.86 7 15 4
108 61.34 41.61 35.09 155.60 19 33 2
109 35.87 61.58 26.47 490.27 15 34 4
110 41.58 9.25 20.41 117.76 14 26 2
111 28.02 59.05 49.30 401.24 6 27 4
112 16.39 93.19 15.16 298.29 21 21 1
113 97.32 58.00 18.04 56.17 2 11 4
114 4.24 66.49 3.78 96.39 14 39 2
115 97.09 31.11 38.16 282.42 19 19 2
116 9.38 17.47 0.22 175.32 2 39 2
117 47.84 36.04 27.49 149.73 11 35 2
118 54.00 40.03 37.93 466.16 11 45 4
119 67.72 65.07 12.00 219.11 6 35 1
120 75.19 87.54 43.25 293.22 13 14 3
121 92.37 14.32 27.81 271.85 21 48 3
122 4.12 32.71 44.16 173.21 6 43 3
123 57.60 34.91 24.60 442.51 22 45 1
124 15.82 27.44 22.33 172.28 3 28 3
125 94.24 81.69 48.17 62.19 15 20 2
126 36.47 23.40 47.20 297.39 15 35 3
127 12.73 9.68 12.07 387.14 16 28 2
128 84.38 6.59 36.34 435.91 24 31 1
129 36.97 39.09 48.64 334.06 4 33 4
130 47.89 74.88 23.18 416.90 12 27 4
131 27.70 40.60 19.70 279.27 20 27 1
132 8.54 99.30 2.10 452.54 10 22 3
133 75.04 62.68 37.10 287.94 5 41 4
134 32.17 51.94 21.11 68.43 17 23 3
135 68.43 62.72 32.61 103.79 15 28 1
136 9.07 29.92 19.39 190.81 16 43 1
137 27.76 61.40 26.03 188.74 4 10 1
138 36.57 30.86 49.70 415.30 24 27 2
139 94.13 84.60 22.41 296.88 1 31 1
140 47.96 4.09 1.57 435.92 13 47 1
141 35.88 37.60 34.59 209.10 3 43 2
142 10.09 64.88 27.62 461.31 13 15 1
143 24.20 62.57 9.41 182.55 5 26 1
144 76.01 96.45 3.34 116.43 18 43 3
145 65.77 57.06 14.06 185.68 11 20 2
146 30.50 67.68 30.79 430.68 6 37 2
147 66.49 69.84 28.77 96.75 6 16 4
148 44.20 34.40 37.24 434.34 5 8 1
149 8.42 37.48 40.71 153.91 10 38 2
150 17.50 79.26 2.86 137.47 9 21 2
151 72.18 83.78 49.94 464.19 16 44 2
152 50.61 95.32 45.51 159.71 18 40 4
153 80.14 33.39 1.66 470.79 3 48 4
154 92.86 93.42 40.77 177.31 2 47 4
155 45.31 10.33 43.18 57.10 18 38 2
156 87.68 12.29 48.75 420.02 21 45 1
157 2.18 39.73 2.60 302.19 22 27 1
158 49.20 16.00 33.82 445.77 5 6 4
159 34.30 95.90 42.48 63.47 22 29 1
160 1.50 51.43 7.11 465.90 22 34 3
161 3.22 36.16 42.30 469.44 4 43 1
162 61.26 37.40 3.28 314.00 16 26 3
163 36.44 59.18 23.07 487.01 8 39 3
164 35.78 35.18 36.60 340.44 1 31 2
165 47.71 95.77 47.31 215.18 12 44 4
166 71.81 39.95 26.28 106.42 0 26 3
167 88.05 27.79 22.24 252.63 4 16 3
168 75.89 5.35 13.02 81.12 1 20 1
169 49.57 3.36 26.61 389.23 12 25 4
170 88.56 5.59 32.40 400.67 24 25 3
171 21.31 85.66 14.85 466.25 24 40 4
172 20.96 50.29 1.67 108.05 23 23 3
173 58.99 40.25 45.10 468.35 8 37 4
174 87.40 34.96 25.72 349.34 2 13 1
175 66.92 64.63 32.49 76.71 17 24 2
176 41.85 74.63 21.55 448.45 24 42 2
177 71.59 47.18 3.08 363.55 2 5 1
178 11.85 71.96 0.12 213.37 3 47 2
179 52.15 9.23 29.00 308.68 1 1 4
180 3.17 96.70 29.75 176.76 21 36 3
181 93.27 11.70 10.69 119.73 18 22 2
182 32.37 54.64 16.54 87.66 22 25 2
183 71.90 92.57 36.08 275.92 2 37 2
184 76.18 28.64 30.48 346.99 2 16 4
185 47.27 90.84 5.78 180.56 17 44 2
186 23.61 21.10 2.14 286.00 3 10 1
187 87.02 24.23 22.08 343.42 4 47 4
188 93.97 33.64 4.00 324.58 8 39 1
189 69.56 44.71 31.64 350.32 2 32 1
190 14.95 13.72 4.75 452.97 6 27 3
191 20.99 59.98 5.12 86.70 19 32 4
192 21.01 99.65 4.93 368.68 2 41 4
193 34.27 33.51 8.36 172.92 5 10 3
194 5.29 68.34 26.20 419.89 12 32 4
195 88.97 89.00 27.22 206.52 17 25 1
196 71.07 75.63 18.66 94.22 22 48 3
197 42.02 71.67 5.15 408.55 21 21 1
198 18.63 98.63 49.35 88.04 1 5 3
199 47.42 43.51 38.62 130.29 9 14 1
200 22.11 77.72 22.59 106.46 19 26 1
201 28.11 34.92 32.89 415.29 17 38 4
202 57.94 51.09 49.21 367.46 4 40 4
203 20.74 78.24 21.73 297.44 18 39 4
204 54.78 29.79 22.23 398.20 18 43 4
205 65.90 79.81 35.90 404.46 7 30 2
206 68.66 36.04 44.50 494.94 23 34 1
207 77.87 91.52 17.84 283.89 24 40 2
208 40.53 47.31 12.98 183.54 17 28 1
209 32.98 52.89 9.89 123.58 12 41 1
210 86.08 76.05 11.75 429.05 15 42 2
211 56.85 40.87 30.32 103.28 2 6 3
212 50.07 47.36 17.42 90.58 2 41 2
213 29.37 85.98 46.33 206.33 8 43 3
214 97.28 97.15 23.19 65.13 15 30 4
215 71.17 85.39 5.50 83.56 17 37 4
216 31.13 37.11 34.11 154.82 3 22 3
217 38.45 59.71 14.62 401.76 4 12 4
218 55.09 5.40 6.35 408.41 12 25 2
219 15.87 12.95 38.78 235.76 14 30 2
220 6.62 37.07 2.09 390.97 17 19 4
221 64.82 34.87 49.42 158.43 3 13 2
222 94.12 98.65 16.44 466.52 18 29 1
223 59.38 78.33 21.78 175.09 20 33 3
224 78.60 59.25 1.24 194.02 18 29 4
225 65.06 42.64 20.51 383.39 7 17 3
226 19.70 62.37 18.85 440.66 14 16 2
227 22.81 89.79 25.01 429.84 8 37 4
228 53.35 32.22 11.85 170.15 6 31 4
229 6.85 95.09 28.69 470.45 12 14 4
230 58.04 36.01 13.26 400.93 5 36 3
231 42.25 87.30 19.63 318.39 2 10 1
232 68.46 72.02 3.36 167.71 11 30 2
233 89.56 25.18 8.62 365.69 18 24 1
234 88.95 1.05 40.72 69.39 12 41 2
235 72.32 56.81 24.38 112.83 23 31 3
236 7.14 56.83 4.80 488.78 15 24 2
237 97.68 59.41 6.93 103.38 15 23 1
238 81.66 32.42 3.50 156.02 16 16 2
239 52.10 39.50 19.46 225.05 24 36 2
240 36.68 31.94 36.08 119.59 17 41 3
241 20.33 4.68 26.36 478.82 8 29 1
242 93.38 61.95 48.77 325.22 15 22 4
243 48.35 24.24 46.53 174.48 9 34 2
244 81.94 59.94 8.33 383.48 0 4 3
245 4.77 84.63 48.00 162.73 14 14 1
246 34.33 25.90 17.80 177.71 11 25 1
247 35.45 31.14 31.61 195.16 7 11 1
248 89.61 16.08 7.97 353.99 10 22 1
249 61.57 91.24 33.35 171.32 17 25 2
250 30.69 94.54 38.59 464.62 8 24 4
251 56.90 36.91 43.08 343.43 9 48 3
252 82.66 54.42 15.71 474.33 12 37 2
253 90.65 97.53 46.93 136.62 11 38 3
254 91.26 98.88 16.18 177.15 6 44 3
255 38.12 25.41 6.82 475.82 22 36 2
256 62.40 17.13 23.68 211.16 6 23 3
257 81.70 62.72 29.94 62.79 0 33 1
258 52.57 4.46 29.60 357.82 21 34 4
259 90.01 64.30 1.63 54.55 21 30 1
260 27.76 43.60 26.06 215.53 15 27 2
261 19.97 62.25 31.09 489.35 3 13 3
262 65.11 15.95 10.47 428.13 5 12 1
263 61.61 37.26 5.25 265.27 21 29 4
264 42.82 22.14 1.13 188.58 4 18 1
265 15.76 0.16 41.57 334.96 6 27 4
266 24.51 11.27 14.75 262.08 12 17 2
267 38.84 28.27 8.58 414.65 8 43 2
268 14.97 56.69 37.49 292.40 16 48 2
269 96.40 6.34 34.05 343.54 2 32 1
270 60.16 31.81 43.75 55.97 4 39 1
271 51.01 12.82 33.09 258.76 21 47 1
272 46.19 19.32 31.86 351.25 23 46 3
273 33.56 61.87 17.74 368.61 10 42 1
274 15.38 65.49 48.41 235.83 2 27 2
275 58.14 57.71 28.74 238.95 18 31 1
276 43.14 94.93 5.08 297.31 12 25 4
277 65.37 11.42 12.14 222.74 22 31 3
278 61.86 93.18 42.74 210.87 18 39 3
279 84.48 6.38 7.43 167.35 14 27 2
280 13.31 37.45 17.19 499.26 23 45 3
281 83.12 16.73 40.03 79.96 13 18 1
282 58.63 33.55 28.53 365.62 3 7 1
283 66.80 79.93 36.14 159.59 0 42 3
284 18.41 69.03 17.15 250.27 18 23 1
285 1.22 64.02 7.41 123.47 21 48 3
286 91.45 28.77 40.03 483.64 13 20 1
287 27.28 57.12 26.82 224.35 19 45 3
288 78.28 11.20 2.31 206.02 0 6 4
289 35.89 4.68 34.51 448.42 19 27 4
290 93.31 87.16 29.66 262.40 10 33 1
291 66.19 42.44 48.35 66.32 5 22 1
292 96.13 81.76 47.26 104.98 2 19 3
293 43.07 39.51 35.14 109.77 3 45 4
294 15.41 8.96 2.03 307.67 21 43 3
295 99.71 63.43 27.83 171.30 18 42 4
296 4.50 99.52 6.08 139.37 9 11 4
297 94.83 82.84 41.35 150.86 11 19 1
298 12.60 75.11 25.11 485.80 13 14 4
299 40.88 12.91 12.36 484.83 3 9 4
300 9.86 38.77 5.16 429.39 1 24 2
301 83.72 91.15 49.29 296.73 11 24 2
302 86.37 67.12 37.77 122.96 9 32 3
303 37.84 46.67 22.33 59.27 4 44 1
304 16.05 22.47 10.65 391.67 19 37 4
305 8.89 62.80 1.00 312.83 13 38 3
306 0.07 64.83 22.42 155.29 17 26 2
307 76.94 87.03 48.35 418.20 7 45 2
308 85.24 54.69 25.35 429.42 15 44 3
309 3.33 54.91 31.90 93.30 10 33 1
310 41.18 59.62 44.73 287.40 11 16 3
311 77.21 14.19 3.17 366.01 7 13 2
312 71.47 13.40 49.57 320.53 6 31 2
313 10.65 53.43 13.41 494.65 7 23 3
314 85.56 74.79 26.06 100.22 15 16 2
315 32.36 83.98 1.15 238.63 18 21 3
316 68.41 13.84 46.76 245.39 14 43 3
317 90.90 27.93 22.05 300.57 8 39 2
318 24.03 93.31 9.63 258.79 7 16 3
319 82.04 2.64 35.53 93.44 24 28 1
320 81.46 14.18 42.84 497.42 2 47 4
321 94.99 97.54 13.35 192.34 20 36 1
322 62.72 68.11 8.80 317.10 18 31 3
323 77.43 6.23 33.19 268.88 22 39 3
324 8.46 78.32 7.47 240.37 13 19 1
325 94.21 58.26 10.93 373.13 10 32 1
326 78.51 29.39 35.11 71.53 20 31 1
327 22.63 95.71 4.64 216.20 12 32 2
328 7.94 39.22 8.64 89.18 17 33 4
329 20.88 76.77 34.94 414.77 12 42 2
330 27.84 13.83 29.35 312.36 12 46 1
331 7.06 56.10 11.79 91.05 22 29 3
332 27.87 96.80 15.43 330.55 5 9 1
333 78.34 87.12 36.19 157.13 2 47 1
334 8.66 15.25 28.54 421.27 17 26 2
335 14.50 40.70 18.36 197.33 6 32 2
336 65.47 53.56 14.39 432.70 3 24 1
337 92.06 79.46 23.47 106.06 21 37 2
338 17.92 49.24 31.46 394.04 4 36 2
339 58.84 89.58 5.58 397.43 3 25 1
340 44.40 89.97 38.98 258.86 9 28 1
341 21.30 95.21 46.61 73.00 14 39 4
342 6.48 37.83 36.17 327.74 10 47 3
343 20.73 76.76 37.27 490.38 6 15 3
344 68.97 42.39 15.35 420.60 20 48 2
345 74.44 58.77 48.95 68.96 18 24 4
346 22.51 24.30 23.06 90.73 6 26 2
347 10.62 22.23 21.82 136.66 16 32 1
348 38.20 79.05 49.22 462.22 12 14 3
349 21.81 29.62 3.42 259.74 19 23 2
350 85.34 86.28 22.98 284.33 17 23 3
351 77.15 52.28 48.79 77.84 1 9 3
352 29.24 65.22 16.38 145.36 11 28 4
353 66.42 57.05 40.00 205.34 21 28 3
354 90.71 47.60 0.47 414.21 18 21 4
355 90.05 82.30 19.32 490.66 6 41 2
356 14.53 98.25 5.48 328.79 16 42 2
357 6.46 69.62 17.16 58.94 20 43 2
358 46.61 6.59 0.85 133.99 21 43 1
359 36.25 49.55 41.40 288.69 7 46 4
360 33.06 55.18 46.74 147.85 14 21 4
361 28.77 78.70 1.64 277.16 15 36 3
362 56.36 52.51 0.57 74.16 20 42 1
363 5.51 22.60 17.21 348.36 2 13 4
364 51.51 83.97 30.42 432.75 9 27 3
365 70.06 77.95 12.98 108.23 12 15 3
366 36.60 47.78 33.56 419.24 15 47 1
367 39.76 0.52 2.58 100.24 16 29 1
368 9.59 56.89 6.22 271.09 9 25 1
369 32.77 26.98 28.41 424.60 17 31 1
370 21.56 69.54 33.80 366.51 8 12 4
371 22.86 31.70 10.62 191.33 4 43 4
372 84.61 2.62 30.63 251.87 7 44 1
373 57.51 65.57 37.26 139.75 16 36 1
374 26.08 62.92 43.87 351.62 3 13 2
375 74.06 37.13 4.48 143.14 21 37 4
376 84.91 99.84 25.33 76.61 4 6 4
377 61.02 17.45 31.72 362.77 21 22 3
378 71.14 15.99 33.41 479.32 11 34 1
379 15.00 99.20 6.16 232.86 10 43 2
380 94.28 81.94 42.85 411.37 13 40 4
381 19.38 51.03 21.74 292.07 6 6 3
382 48.24 40.79 30.10 182.66 9 11 3
383 53.10 29.91 23.98 395.01 23 27 4
384 65.75 11.02 31.63 261.79 1 32 3
385 42.86 19.35 7.85 113.84 23 47 4
386 25.80 72.13 10.72 364.20 12 31 3
387 89.58 47.98 19.92 231.11 8 16 2
388 72.09 69.00 29.86 301.69 13 22 1
389 37.61 25.28 46.11 176.33 7 45 3
390 25.11 27.74 20.56 348.72 14 25 3
391 74.44 69.94 22.70 147.85 0 39 1
392 10.18 81.44 22.53 322.16 8 40 4
393 32.36 59.77 5.84 488.86 22 40 4
394 60.80 2.41 39.14 70.08 14 17 3
395 24.68 76.69 14.22 106.11 13 41 4
396 14.70 0.89 22.86 348.37 17 22 2
397 42.55 79.14 3.23 252.25 0 2 1
398 9.10 25.55 38.51 351.82 5 26 1
399 91.00 28.68 4.64 418.94 9 31 4
400 40.74 98.26 29.25 461.96 11 12 3
401 10.46 32.23 28.54 309.08 7 23 3
402 36.06 72.49 35.73 143.04 12 37 1
403 12.22 69.35 3.14 92.36 24 34 2
404 85.85 5.13 16.18 413.89 20 31 3
405 52.75 49.39 22.40 475.99 23 43 1
406 86.17 72.05 47.38 301.98 13 28 3
407 38.48 6.20 37.98 207.70 6 18 4
408 28.88 75.01 17.44 66.61 19 34 3
409 33.76 67.52 3.48 455.05 22 31 4
410 45.14 80.17 25.22 152.82 22 48 2
411 41.59 80.14 35.04 76.06 18 29 3
412 0.22 45.00 39.93 497.98 24 28 4
413 94.97 93.62 15.76 174.19 7 40 3
414 62.50 37.85 15.30 450.35 13 28 2
415 55.22 88.59 33.06 394.06 13 37 3
416 85.37 72.34 25.27 125.66 4 43 1
417 16.70 78.08 34.28 399.44 6 40 2
418 84.66 11.44 40.35 86.75 9 44 3
419 93.94 27.34 16.81 357.06 12 42 1
420 92.56 90.32 43.03 302.67 15 20 1
421 84.50 30.50 37.43 346.08 8 28 4
422 70.77 97.30 47.32 496.12 15 40 4
423 68.90 14.12 46.58 350.18 7 42 1
424 49.28 64.09 20.05 309.16 20 28 2
425 69.11 20.51 10.82 169.35 5 11 4
426 68.87 13.22 30.58 198.03 2 13 4
427 61.37 14.39 14.82 238.99 12 29 1
428 34.92 1.50 30.85 75.08 18 48 2
429 66.90 26.74 46.20 156.16 16 18 3
430 91.35 66.88 10.64 430.01 0 9 2
431 25.92 77.85 45.03 495.42 7 30 3
432 50.54 44.29 36.10 377.01 9 35 1
433 16.16 3.53 31.41 367.47 1 47 3
434 19.13 39.69 17.76 181.20 13 39 4
435 52.09 55.74 46.61 400.71 11 45 2
436 23.36 19.74 45.19 76.01 7 41 2
437 87.03 4.48 33.32 71.50 23 29 2
438 75.36 98.99 46.86 125.50 24 38 1
439 4.44 50.86 33.01 314.04 24 28 2
440 66.11 48.53 7.71 394.43 20 41 4
441 89.52 78.19 17.93 417.01 21 25 1
442 47.24 46.38 47.93 382.33 6 34 4
443 56.77 69.45 42.67 240.80 17 48 2
444 48.00 96.94 21.47 133.14 14 18 1
445 47.03 13.78 39.29 410.41 20 44 4
446 68.70 59.36 47.14 114.57 6 42 2
447 32.09 3.39 43.44 317.83 19 21 4
448 25.16 74.65 11.58 274.75 13 15 2
449 55.32 50.22 7.43 449.06 22 35 1
450 93.12 32.20 12.55 101.80 17 22 1
451 6.97 44.03 48.72 141.50 16 17 3
452 63.18 56.43 22.54 266.47 23 46 3
453 41.74 79.03 48.12 436.00 2 19 2
454 98.76 83.90 0.35 317.70 16 17 4
455 30.64 19.65 35.07 356.94 8 48 4
456 79.77 70.59 16.66 329.81 0 48 1
457 47.40 0.68 13.06 176.92 7 31 3
458 35.62 87.51 35.66 61.86 15 44 4
459 29.87 32.93 25.91 74.12 20 20 4
460 86.57 11.34 10.55 451.01 17 41 4
461 57.66 93.16 2.84 360.33 11 31 4
462 61.59 53.54 31.76 127.47 13 36 1
463 53.04 23.54 45.00 154.38 6 18 4
464 73.43 68.94 2.77 79.45 13 38 2
465 9.52 29.52 41.98 442.37 8 26 3
466 71.67 31.59 39.40 436.17 0 15 2
467 99.78 91.79 13.06 185.67 22 22 2
468 21.34 87.42 16.26 175.49 18 29 3
469 86.99 71.13 43.16 463.57 20 28 2
470 89.81 86.06 9.23 413.12 21 36 1
471 96.29 64.32 9.43 378.20 9 29 2
472 6.20 86.26 8.71 417.01 10 12 2
473 60.65 7.46 40.10 117.97 11 40 3
474 58.40 63.32 5.45 340.31 23 23 3
475 46.55 1.52 38.54 353.45 2 32 3
476 43.01 87.43 29.23 335.16 13 38 2
477 51.72 21.02 1.95 141.42 7 11 4
478 3.69 81.47 29.10 417.82 23 47 2
479 63.02 25.47 28.32 218.97 17 45 3
480 83.78 38.77 47.59 176.04 21 45 1
481 11.38 98.77 0.48 94.48 22 48 1
482 42.98 35.58 9.79 482.73 22 23 2
483 23.17 48.17 19.85 419.44 20 20 2
484 24.73 73.38 1.78 301.76 1 10 4
485 93.14 25.40 1.43 207.12 4 23 2
486 33.68 17.22 2.62 147.76 2 45 1
487 93.93 37.01 35.84 268.74 23 37 1
488 3.95 39.83 13.71 208.70 17 38 4
489 96.99 56.44 21.02 438.12 16 43 2
490 22.56 8.70 34.72 101.64 19 43 1
491 38.87 95.20 28.05 430.27 13 21 4
492 88.84 20.13 18.28 479.44 23 38 2
493 34.75 35.32 2.15 385.76 0 26 1
494 85.69 57.90 20.78 420.25 3 48 2
495 70.17 90.78 25.19 472.33 4 48 4
496 40.11 12.49 2.72 323.55 23 40 2
497 57.68 97.24 44.93 60.38 0 47 3
498 4.07 2.77 0.46 492.61 7 16 4
499 77.04 57.47 33.29 322.72 12 43 3
500 97.27 50.52 30.13 339.65 8 8 2
1 119.18 3563.39 1
2 156.42 2959.94 2
3 112.80 4056.94 3
4 172.41 3540.50 4
5 108.68 4460.77 4
6 136.22 4617.44 2
1 1.65 36.92 2
2 1.23 25.47 1
3 1.54 28.41 5
4 1.54 39.31 6
5 1.75 30.10 1
6 1.15 44.48 6
7 1.01 27.06 2
8 1.81 26.95 4
