Data for Vehicle routing problem with drones - Author: Huyen Do Thi Ngoc
Number of depots: 2
Number of cities: 500
Number of trucks: 5
Number of drones: 7
Area: 100 100 50
Customer maximum demand: 500
Max capacity of truck: 200
Max energy of truck: 5000
Max capacity of drone: 2
Max energy of drone: 50
1 95.18 69.26 40.05
2 65.51 44.91 15.20
1 29.90 4.11 45.72 228.82 9 30 1
2 33.21 37.12 2.93 265.02 11 11 2
3 55.56 39.62 35.79 161.14 7 22 1
4 58.50 70.80 43.38 472.24 1 43 2
5 61.36 53.53 25.64 321.30 8 11 2
6 39.06 31.00 7.41 324.92 22 29 2
7 38.96 10.99 37.65 194.76 14 27 2
8 23.35 39.18 3.03 400.25 11 22 1
9 25.85 6.25 31.36 138.13 10 46 1
10 22.40 28.83 34.09 377.22 19 37 2
11 36.59 89.67 31.24 188.28 10 25 2
12 72.95 47.94 45.95 269.12 16 44 1
13 15.71 61.42 26.87 494.62 17 34 1
14 52.25 55.15 2.68 87.30 24 40 1
15 16.17 86.67 33.30 426.82 5 43 1
16 40.16 69.67 6.86 199.24 6 33 2
17 67.01 11.40 4.36 264.24 15 26 2
18 83.29 22.20 41.93 481.48 13 34 2
19 30.14 76.36 15.71 488.73 17 29 2
20 5.36 30.10 6.60 174.50 20 27 1
21 35.42 20.65 19.30 51.92 8 24 2
22 48.73 74.28 20.74 367.93 7 40 1
23 32.44 95.21 36.14 172.77 5 42 1
24 70.74 94.20 42.45 439.82 24 36 1
25 59.20 16.24 48.02 375.88 21 22 2
26 1.57 10.55 2.93 161.73 24 34 2
27 1.78 90.48 11.28 235.93 23 48 2
28 25.74 83.53 46.97 398.28 24 30 2
29 61.31 0.94 8.36 459.41 7 28 1
30 5.72 40.15 21.50 451.16 5 25 1
31 94.79 39.01 1.34 359.20 12 42 2
32 18.61 65.49 9.45 152.60 14 22 2
33 98.96 69.37 5.15 129.87 24 34 2
34 11.75 67.94 15.26 200.60 4 6 2
35 94.80 29.78 28.08 351.84 1 8 1
36 67.71 0.58 28.56 425.70 8 39 1
37 90.04 39.10 12.49 107.83 5 34 1
38 97.17 28.33 13.36 229.99 16 48 2
39 50.21 99.69 2.58 197.80 15 20 2
40 69.04 66.59 24.66 170.69 18 18 1
41 89.67 71.25 2.10 359.14 5 44 1
42 42.42 7.89 13.65 177.74 0 20 2
43 95.06 48.32 33.38 398.38 4 25 2
44 78.22 41.09 42.74 351.71 9 11 1
45 69.72 40.22 29.65 91.92 23 47 2
46 65.79 35.87 22.96 337.05 0 23 1
47 53.33 60.40 0.05 69.75 23 25 2
48 18.39 98.00 16.36 77.80 18 27 1
49 90.22 67.94 19.82 393.47 14 33 2
50 29.42 91.10 9.65 98.22 5 8 2
51 43.98 68.66 2.39 495.54 22 25 2
52 83.89 21.78 47.64 120.05 23 27 1
53 28.01 29.15 43.82 89.84 9 45 2
54 64.97 51.40 44.33 264.04 18 25 1
55 38.05 31.37 40.95 114.90 23 46 2
56 43.73 22.29 19.99 184.89 16 34 2
57 8.44 52.27 26.96 67.53 16 26 2
58 89.57 50.64 16.41 97.94 12 44 1
59 15.86 99.64 16.08 468.61 7 43 1
60 82.72 11.93 19.91 411.20 7 22 1
61 80.83 61.50 18.50 465.71 20 24 1
62 57.93 10.35 21.53 221.90 24 30 1
63 91.70 15.88 24.63 324.30 13 31 2
64 16.17 97.30 39.57 286.15 10 33 1
65 37.79 74.32 10.62 65.26 8 23 1
66 49.94 76.61 2.06 379.00 12 34 1
67 4.76 89.86 43.01 498.91 1 1 2
68 85.02 69.32 40.36 305.56 0 2 2
69 36.73 51.10 17.72 497.33 12 42 2
70 34.74 89.32 29.04 255.39 10 21 2
71 53.04 62.63 11.85 85.45 3 33 1
72 9.84 20.20 14.03 434.47 3 24 2
73 94.58 44.15 17.37 137.04 17 29 1
74 13.59 22.72 33.04 167.85 10 46 2
75 8.52 42.82 13.18 325.17 22 22 2
76 49.66 72.05 40.06 327.76 14 16 2
77 52.07 31.20 19.39 80.87 8 31 1
78 64.43 55.02 45.96 55.90 0 2 1
79 16.51 94.61 18.43 129.32 9 47 2
80 22.87 5.54 4.46 55.81 16 41 2
81 3.60 10.72 45.53 299.83 10 21 1
82 55.34 72.91 23.06 492.43 2 29 1
83 30.55 36.25 16.76 71.80 1 28 2
84 7.00 62.08 48.39 295.16 10 37 2
85 27.41 63.03 30.46 138.94 11 42 1
86 23.90 56.47 11.40 96.86 23 28 2
87 83.63 65.25 34.69 316.37 18 46 2
88 69.36 20.69 49.19 445.95 0 41 1
89 40.43 5.10 47.03 368.73 10 48 2
90 59.01 21.79 48.52 498.29 2 34 2
91 84.37 26.18 4.88 237.23 21 26 1
92 63.59 69.14 33.37 364.42 20 23 2
93 35.69 82.61 41.44 152.65 21 39 2
94 66.01 52.20 19.90 445.46 15 25 1
95 85.23 88.87 5.34 86.52 20 21 1
96 2.52 17.82 36.57 276.21 20 47 2
97 85.86 6.62 34.99 335.77 3 28 1
98 24.56 10.89 18.60 171.31 18 42 2
99 16.93 55.23 7.43 446.32 19 23 1
100 11.72 61.41 6.60 482.56 15 33 2
101 6.97 13.00 5.00 206.78 14 41 1
102 71.84 97.55 43.08 469.85 4 24 1
103 37.75 43.35 18.44 135.61 5 23 1
104 68.21 68.17 8.34 346.45 15 33 2
105 53.44 46.47 5.56 375.70 19 43 2
106 14.31 55.90 34.17 212.29 5 7 2
107 24.83 66.48 0.75 92.51 10 32 2
108 23.56 99.89 41.42 409.15 14 24 1
109 16.60 98.19 30.52 67.73 24 37 1
110 41.37 65.33 42.18 389.93 24 24 1
111 27.58 30.61 12.00 131.10 18 27 1
112 58.97 11.88 43.78 253.39 23 25 1
113 95.94 42.03 13.16 359.16 13 19 2
114 95.58 21.18 24.55 52.74 2 23 2
115 73.85 15.04 6.45 124.49 19 37 1
116 25.98 88.39 16.05 225.47 10 20 1
117 87.76 43.95 3.37 127.43 9 26 2
118 53.38 51.01 48.09 374.61 10 28 2
119 75.26 30.88 35.00 211.55 14 45 2
120 53.89 15.71 4.85 292.09 21 27 2
121 81.98 77.85 3.91 474.56 18 46 1
122 51.39 86.66 2.14 296.98 10 31 2
123 54.50 85.15 40.46 270.40 3 25 1
124 95.10 85.65 6.72 81.49 20 40 1
125 61.45 11.07 6.32 486.62 21 35 1
126 67.49 75.39 27.56 143.49 11 46 1
127 61.71 8.57 41.33 308.89 9 45 2
128 78.46 4.30 48.04 231.68 20 37 1
129 81.18 85.63 17.33 99.13 12 30 2
130 7.79 66.30 35.00 406.32 6 34 1
131 91.81 96.75 28.67 261.46 15 47 1
132 80.57 45.02 12.46 185.57 18 25 1
133 79.30 27.44 2.52 399.98 24 32 1
134 93.99 42.54 23.97 393.02 4 40 1
135 29.92 14.36 30.72 188.92 22 44 2
136 4.26 76.63 17.09 321.28 1 35 1
137 17.76 61.60 6.46 177.38 21 28 1
138 13.83 58.52 32.03 93.25 8 10 2
139 37.43 76.85 8.22 57.62 23 46 2
140 14.47 12.95 6.30 286.07 0 43 1
141 59.81 2.36 12.88 343.80 8 38 1
142 20.12 18.58 4.98 371.03 4 16 2
143 41.37 78.80 29.16 200.17 23 44 2
144 12.50 12.58 39.33 422.40 10 13 2
145 97.01 61.67 0.87 304.29 5 48 2
146 97.68 32.01 3.63 450.01 24 39 1
147 73.74 4.90 11.25 290.89 18 18 2
148 67.93 64.21 6.99 184.37 8 22 2
149 49.43 88.93 29.21 356.90 3 35 2
150 28.22 68.95 46.46 232.34 9 48 2
151 70.62 72.58 6.71 113.25 16 34 1
152 37.45 27.78 25.52 52.79 15 16 1
153 97.98 30.11 4.88 109.90 1 31 2
154 86.35 67.75 22.53 192.34 9 48 2
155 16.98 10.98 26.42 391.47 12 38 2
156 90.19 87.36 14.34 169.00 13 37 1
157 16.77 5.00 12.48 103.68 17 18 1
158 71.49 80.20 14.10 473.50 23 40 2
159 51.20 47.60 3.59 169.64 24 29 2
160 25.58 67.30 25.27 55.96 18 47 1
161 47.31 58.34 47.68 363.35 2 7 2
162 30.83 56.56 16.03 457.16 3 21 2
163 75.81 7.24 46.76 265.93 15 21 1
164 59.43 44.72 14.39 208.44 3 21 1
165 35.44 4.82 16.68 457.80 16 36 1
166 56.20 70.02 4.44 367.24 7 42 2
167 48.15 80.13 41.62 90.24 4 37 2
168 6.67 61.61 40.23 192.16 20 38 1
169 35.64 18.80 6.01 129.45 16 45 1
170 79.25 59.88 20.94 367.92 10 43 1
171 46.57 87.21 32.97 76.09 8 38 1
172 64.56 12.92 26.23 404.66 10 25 1
173 27.72 55.13 16.27 453.25 19 41 2
174 50.19 15.63 4.51 497.81 17 31 1
175 21.55 44.51 28.44 224.56 18 18 2
176 6.86 24.42 9.70 143.61 20 28 2
177 2.47 52.46 33.69 445.28 13 46 2
178 84.01 27.62 28.44 397.81 15 18 2
179 37.13 76.86 21.31 101.17 11 26 1
180 72.50 63.22 27.44 476.05 11 32 2
181 14.39 37.01 31.27 100.14 8 43 2
182 10.76 27.23 8.67 255.77 15 21 2
183 98.30 99.47 43.37 114.38 1 17 1
184 60.93 60.27 18.35 220.23 11 17 1
185 18.89 80.95 48.65 462.19 15 28 2
186 6.21 92.99 1.68 442.87 24 48 2
187 53.13 78.82 9.68 414.53 9 31 1
188 44.40 75.62 22.59 114.42 8 47 2
189 92.88 65.27 17.79 92.18 8 30 2
190 27.56 40.47 47.52 355.68 0 22 1
191 76.86 70.49 47.13 199.31 24 47 1
192 12.67 65.54 32.25 278.73 8 31 1
193 7.57 96.73 35.09 372.27 15 26 1
194 3.39 55.13 47.76 313.26 21 27 2
195 97.04 94.07 1.57 192.57 12 28 2
196 85.27 58.06 49.35 256.40 3 3 1
197 65.23 29.31 25.65 279.91 18 38 2
198 68.44 47.46 0.13 122.13 24 46 1
199 8.75 48.16 19.85 90.86 13 43 2
200 30.22 36.55 44.35 229.90 16 16 2
201 43.57 21.58 10.62 406.18 9 43 1
202 8.15 67.33 9.06 384.31 15 36 1
203 78.21 21.75 7.54 199.58 4 15 2
204 76.62 31.94 16.51 101.12 22 37 1
205 56.73 20.57 23.42 275.91 15 15 2
206 70.99 2.85 31.95 455.44 6 17 1
207 36.19 50.34 46.61 55.91 12 38 2
208 16.09 86.50 31.47 153.68 9 12 2
209 60.32 1.47 24.19 432.04 18 22 1
210 60.38 10.88 29.67 326.55 23 41 1
211 10.79 23.97 31.01 292.27 6 21 2
212 16.26 67.20 0.24 184.07 15 32 1
213 76.12 33.99 15.27 275.37 19 19 1
214 41.57 96.35 34.39 483.49 22 39 2
215 86.24 40.47 45.61 122.40 12 33 2
216 2.47 38.96 30.69 491.47 22 40 1
217 5.34 27.93 45.87 442.98 24 30 1
218 13.51 56.20 18.60 281.30 16 16 2
219 80.81 71.25 34.56 485.49 0 33 1
220 7.58 24.00 33.06 456.72 14 37 1
221 4.09 18.19 2.28 157.30 17 47 1
222 74.64 64.91 35.62 257.56 1 46 2
223 17.96 75.35 20.74 466.09 21 35 1
224 50.40 89.67 23.64 448.73 24 30 1
225 36.11 82.16 0.01 279.89 1 35 2
226 16.04 85.64 5.13 85.53 14 23 1
227 14.19 26.05 35.75 364.89 0 44 2
228 97.26 43.66 33.48 67.30 14 40 1
229 34.21 54.92 33.72 109.77 1 19 2
230 93.04 31.27 18.80 166.02 15 31 2
231 63.90 25.36 43.45 135.27 17 38 1
232 51.63 67.86 40.49 325.25 8 10 2
233 44.60 73.96 37.80 329.16 8 27 2
234 12.51 33.03 15.80 495.30 0 21 1
235 87.96 51.87 39.71 263.45 22 26 1
236 63.36 70.49 12.35 333.34 5 44 2
237 5.34 70.76 45.75 396.90 9 23 2
238 7.82 12.19 23.79 269.04 20 24 1
239 66.60 49.36 31.77 394.31 10 14 1
240 20.22 54.00 23.70 201.60 9 42 2
241 17.48 9.45 46.68 363.51 9 36 1
242 96.08 63.45 10.00 308.67 20 33 2
243 39.93 89.96 0.77 239.89 12 37 2
244 43.88 11.79 47.82 290.14 14 37 2
245 35.31 79.62 35.45 392.87 10 48 1
246 93.25 70.18 40.22 337.35 13 30 1
247 20.23 75.89 36.11 275.62 21 24 1
248 23.18 39.19 45.66 286.28 11 41 1
249 82.62 95.57 12.78 373.52 18 43 2
250 16.25 32.71 40.44 494.02 15 16 2
251 7.83 71.97 3.43 313.85 20 28 1
252 29.71 19.79 4.59 399.44 0 47 2
253 20.17 37.18 8.95 382.36 12 20 1
254 6.30 23.11 45.35 101.80 2 42 2
255 76.20 71.57 38.51 323.88 8 36 1
256 33.18 85.23 38.12 242.15 20 30 2
257 53.01 66.53 48.90 489.10 0 4 2
258 80.69 25.72 18.39 413.50 7 41 1
259 69.39 79.02 22.23 308.54 19 29 2
260 20.13 45.14 43.84 437.73 11 39 1
261 29.04 68.11 39.66 177.75 22 48 1
262 79.30 45.88 46.85 497.26 6 15 1
263 64.99 61.12 47.02 250.72 5 40 2
264 95.31 40.03 3.13 156.40 9 34 1
265 66.36 67.56 13.27 443.47 21 48 2
266 33.38 34.64 32.37 234.93 11 24 1
267 35.91 79.96 21.71 336.02 10 47 1
268 44.33 68.49 22.53 353.55 22 47 1
269 1.20 10.43 43.53 253.35 8 21 2
270 15.95 5.28 33.56 395.20 8 39 2
271 82.01 4.27 49.85 209.11 24 46 1
272 48.05 96.84 29.50 487.99 24 32 2
273 44.00 94.96 47.20 116.04 21 30 2
274 62.72 72.01 16.01 447.21 14 38 1
275 38.77 3.08 31.20 296.14 23 35 1
276 96.25 40.07 2.88 133.84 13 30 1
277 58.61 48.82 0.74 416.37 16 43 1
278 52.47 67.14 43.98 480.93 18 28 2
279 37.72 1.40 25.79 303.66 0 37 1
280 52.65 79.57 4.53 477.59 9 26 1
281 64.92 72.95 9.53 483.42 20 25 1
282 87.80 75.41 47.64 293.49 20 41 2
283 92.21 85.50 35.67 138.99 1 21 2
284 19.58 18.34 41.19 295.58 4 35 1
285 15.71 78.09 0.74 212.76 6 19 1
286 68.62 70.97 6.92 247.11 0 24 1
287 64.28 46.23 13.34 345.29 16 19 2
288 76.15 51.35 25.66 400.48 0 23 2
289 85.51 80.71 43.05 292.32 22 35 1
290 1.42 85.82 21.66 358.52 12 30 2
291 72.43 82.56 17.68 406.07 8 34 2
292 19.09 10.26 20.97 220.70 16 25 1
293 19.80 70.33 1.36 400.04 24 39 2
294 69.34 78.67 15.48 236.48 13 31 2
295 55.82 48.72 23.54 443.89 11 42 1
296 56.45 80.14 11.93 441.84 2 39 2
297 89.04 63.42 43.99 114.49 21 38 2
298 37.00 5.38 39.04 200.78 5 16 2
299 41.89 8.55 7.40 492.75 0 28 1
300 92.81 95.81 17.05 338.53 21 43 2
301 10.37 21.52 31.55 155.47 2 12 1
302 44.96 5.37 23.55 297.42 6 10 2
303 53.70 40.59 3.39 95.67 18 24 2
304 10.04 92.97 47.89 196.79 3 12 2
305 77.19 59.95 0.72 80.72 19 29 1
306 30.28 6.94 39.22 337.45 2 13 1
307 89.26 30.77 19.48 414.35 14 43 1
308 34.42 48.42 44.18 90.31 15 17 1
309 88.16 69.54 38.11 359.12 5 34 1
310 12.03 13.70 11.25 393.15 9 15 2
311 54.35 28.54 7.91 322.15 17 40 2
312 88.12 18.30 12.52 481.09 11 34 1
313 62.03 32.23 15.01 389.65 11 27 1
314 17.28 88.81 15.32 171.23 11 42 2
315 83.85 71.72 47.73 101.01 10 48 1
316 90.77 40.48 0.22 377.30 17 18 2
317 73.86 44.82 47.49 255.67 18 29 2
318 95.75 61.66 3.12 371.06 5 13 2
319 12.06 69.02 16.11 153.87 21 40 2
320 33.27 58.89 22.33 161.94 9 44 1
321 44.21 99.25 18.59 217.72 0 15 2
322 42.51 76.30 8.03 206.96 20 25 2
323 43.67 78.64 12.81 394.35 12 41 2
324 26.93 66.96 43.62 498.32 23 30 2
325 39.65 82.54 18.84 61.71 6 27 1
326 42.13 54.06 0.75 151.89 4 41 1
327 40.44 13.97 31.95 458.74 20 48 2
328 29.70 38.95 4.55 106.07 19 48 1
329 9.30 29.71 24.97 111.93 21 43 2
330 35.37 6.72 12.82 405.75 19 36 1
331 99.75 56.06 48.71 455.95 12 45 1
332 48.81 32.02 21.28 450.52 5 47 1
333 28.76 64.94 25.13 438.64 22 24 1
334 89.28 23.23 29.37 405.92 18 41 2
335 24.58 12.24 19.11 249.85 11 24 1
336 74.16 6.10 43.98 326.72 13 28 1
337 64.44 83.43 20.40 106.44 0 15 1
338 55.89 83.03 7.96 276.85 5 29 1
339 58.17 9.52 32.59 449.12 7 21 1
340 68.55 61.42 33.80 80.15 5 24 1
341 25.74 75.20 15.17 328.15 17 22 1
342 20.93 46.18 30.48 421.87 15 34 1
343 89.82 59.88 20.45 457.27 8 22 1
344 94.45 28.54 15.65 161.85 11 14 1
345 56.69 90.15 22.08 328.95 17 44 1
346 39.22 63.23 19.86 289.51 15 25 1
347 64.95 36.10 12.80 487.90 0 41 1
348 82.91 88.95 13.19 70.17 5 32 1
349 62.70 45.81 34.39 156.83 1 15 1
350 52.70 98.38 29.79 390.43 8 22 1
351 1.24 92.01 16.34 441.72 12 33 1
352 18.77 78.98 7.54 133.25 2 48 1
353 68.11 26.43 3.33 391.96 6 27 1
354 0.15 72.25 45.82 458.48 12 41 1
355 88.82 86.38 44.33 480.20 16 18 1
356 66.47 51.59 17.45 482.16 8 17 1
357 38.15 57.08 13.64 128.06 12 12 1
358 87.44 72.80 0.89 226.65 4 12 1
359 14.56 78.60 20.91 97.38 2 38 1
360 92.64 19.17 42.54 398.92 17 38 2
361 50.42 54.14 36.44 382.78 13 13 1
362 19.66 66.82 8.04 85.03 9 19 1
363 44.25 53.20 49.67 345.87 21 37 1
364 45.88 31.08 28.04 211.64 5 36 1
365 71.95 17.86 22.44 253.29 2 23 1
366 51.73 48.25 1.12 105.11 17 28 1
367 68.07 95.84 41.65 231.65 14 36 2
368 75.12 88.33 5.38 318.58 21 22 1
369 34.20 18.51 15.25 302.02 17 36 1
370 12.68 57.71 7.43 498.19 1 16 1
371 6.36 91.04 24.14 342.54 19 26 2
372 97.09 76.63 17.06 189.75 3 44 1
373 53.95 4.72 43.98 141.86 0 23 1
374 58.87 77.26 16.13 345.18 3 45 2
375 22.06 45.51 2.55 252.84 4 32 1
376 28.06 60.69 7.69 111.07 13 46 1
377 7.77 27.42 39.62 111.61 0 40 1
378 45.15 3.92 46.23 233.87 23 43 2
379 81.64 1.20 20.08 181.03 8 14 1
380 30.34 46.33 18.41 211.39 22 38 1
381 30.05 68.12 8.15 470.73 7 46 1
382 47.92 22.51 22.67 125.97 20 42 2
383 68.05 57.34 13.18 105.94 12 43 2
384 87.05 43.94 32.70 115.40 19 37 2
385 67.33 27.53 42.07 241.63 23 46 1
386 96.74 38.59 13.85 459.86 17 47 1
387 49.34 19.18 27.94 318.19 22 35 2
388 86.98 15.46 35.00 495.71 9 14 2
389 42.63 3.39 42.06 391.36 1 37 2
390 56.69 66.52 42.41 266.35 7 9 2
391 67.87 76.56 30.70 194.47 17 24 1
392 18.02 57.88 47.57 337.14 11 38 1
393 9.88 67.82 17.79 91.07 14 42 1
394 66.55 74.18 30.09 303.83 2 30 1
395 46.47 21.36 20.19 344.32 8 19 2
396 56.65 49.69 23.52 247.99 18 18 2
397 72.18 88.05 38.88 57.51 24 31 2
398 70.65 25.21 43.40 311.94 9 24 1
399 20.49 78.70 13.65 201.43 6 20 1
400 79.15 79.72 6.28 422.98 18 36 1
401 45.02 45.08 42.16 456.08 17 31 1
402 55.43 24.78 40.68 431.98 20 33 1
403 6.31 30.33 41.73 275.82 13 37 1
404 15.01 53.09 16.99 362.92 13 37 2
405 89.00 96.16 38.20 60.44 21 27 2
406 94.61 28.47 26.08 369.12 9 16 1
407 53.77 54.06 7.39 324.78 4 7 1
408 57.71 90.94 21.41 355.25 1 22 1
409 34.90 7.46 47.89 348.49 3 16 1
410 35.56 50.33 10.00 142.58 10 39 1
411 57.49 30.92 23.95 498.41 24 32 1
412 42.42 97.92 29.11 293.46 18 45 1
413 42.39 51.01 27.16 303.57 9 42 1
414 50.84 18.12 24.04 259.28 2 3 2
415 27.04 47.55 42.18 393.36 15 29 1
416 24.23 62.94 13.74 427.00 0 38 2
417 76.61 66.68 8.09 232.60 16 32 1
418 49.06 7.10 13.90 138.52 24 30 2
419 98.24 16.92 10.94 269.99 2 29 1
420 70.37 46.86 31.72 56.89 20 20 2
421 54.77 4.28 42.77 466.06 10 10 1
422 74.52 38.87 6.62 432.00 18 30 1
423 97.43 18.88 7.47 324.09 5 40 1
424 7.79 39.17 32.05 394.45 9 31 2
425 50.60 94.20 24.18 422.33 21 47 1
426 41.52 57.46 35.47 301.99 19 41 1
427 35.13 14.31 25.64 451.05 6 16 1
428 37.10 32.79 2.47 425.47 4 28 1
429 33.12 99.89 48.42 162.42 1 31 2
430 18.52 86.52 34.77 240.15 1 40 1
431 53.97 42.10 20.67 150.11 7 23 1
432 86.20 70.54 17.51 147.74 5 19 1
433 56.65 9.09 28.10 267.16 0 29 1
434 88.05 14.91 46.78 117.97 22 36 1
435 93.39 89.80 22.93 448.52 10 20 1
436 31.53 16.73 9.53 328.24 1 38 1
437 24.94 18.20 26.61 338.85 2 35 1
438 59.59 23.51 13.16 365.59 24 48 1
439 5.51 77.58 0.91 457.02 20 23 1
440 9.93 67.95 34.75 191.23 0 37 1
441 68.51 30.51 27.20 169.18 23 35 1
442 88.16 10.63 31.84 412.51 9 15 1
443 71.04 0.80 40.12 67.20 11 24 2
444 99.47 35.09 25.49 360.00 9 16 1
445 22.72 61.79 4.41 417.99 1 9 1
446 66.58 81.62 42.10 464.45 3 39 1
447 52.94 76.00 40.62 253.47 17 47 2
448 24.65 4.33 9.90 168.42 19 22 1
449 22.79 64.99 22.00 352.52 8 10 2
450 91.46 4.05 33.93 342.55 18 43 1
451 70.03 13.37 5.47 357.15 15 25 2
452 78.70 75.25 0.11 495.12 4 9 2
453 25.19 21.66 19.28 226.27 1 16 1
454 57.79 90.92 31.25 490.06 1 20 1
455 3.20 0.65 26.11 53.44 6 35 2
456 45.51 93.45 16.17 113.73 2 35 2
457 23.70 51.15 9.20 142.82 21 42 1
458 48.44 9.95 20.23 157.69 6 14 1
459 5.95 41.79 27.94 365.25 2 24 1
460 85.36 21.38 17.40 304.88 11 17 2
461 19.69 23.41 42.79 162.33 8 37 2
462 50.43 70.86 41.24 446.55 4 46 2
463 27.70 68.06 15.78 357.15 21 43 2
464 7.51 98.80 19.73 163.63 1 4 2
465 19.54 39.39 29.81 437.65 9 22 2
466 26.04 35.34 30.88 184.26 12 31 1
467 81.16 44.26 12.16 243.83 10 19 2
468 64.62 22.89 5.61 238.49 10 16 2
469 16.02 43.01 19.22 474.18 17 36 2
470 86.90 20.77 13.27 203.09 20 40 1
471 81.75 62.72 36.63 481.66 9 13 1
472 30.59 5.93 2.74 158.98 19 25 2
473 35.51 46.22 13.36 229.36 15 41 2
474 10.95 39.68 12.14 324.66 19 36 2
475 6.68 59.16 21.62 143.32 16 35 1
476 52.59 82.29 4.24 163.30 20 32 2
477 75.57 56.67 42.76 125.40 1 28 2
478 51.05 60.82 23.04 168.28 20 31 1
479 80.92 20.49 27.12 279.75 11 36 1
480 88.84 4.05 33.41 292.70 0 18 2
481 62.18 63.18 27.90 428.63 22 29 1
482 34.87 54.82 12.07 389.24 1 36 1
483 34.13 67.73 24.74 272.77 3 28 1
484 83.86 43.77 45.09 131.24 1 35 1
485 95.28 75.35 37.01 173.19 0 27 2
486 76.83 90.64 22.27 303.23 12 24 1
487 84.29 76.88 43.95 66.44 7 45 2
488 18.63 99.43 34.18 409.22 9 22 2
489 96.94 49.22 10.03 113.61 13 40 2
490 97.33 27.14 29.63 440.24 18 30 1
491 38.68 92.50 27.62 89.17 7 24 2
492 35.66 26.67 3.18 110.90 15 25 1
493 97.17 5.95 1.20 152.17 22 45 2
494 65.74 90.92 17.01 455.20 3 27 2
495 36.15 34.38 46.13 187.81 8 21 1
496 37.97 99.04 11.90 207.17 0 36 1
497 59.91 89.38 14.32 120.50 21 42 2
498 68.84 4.28 5.64 420.56 18 21 1
499 8.02 62.39 49.94 424.12 0 34 1
500 91.67 93.05 25.02 321.69 7 15 2
1 140.62 4953.07 1
2 169.95 4297.75 2
3 142.29 4024.44 2
4 167.87 3440.77 1
5 198.69 4918.18 1
1 1.87 40.60 1
2 1.16 47.65 5
3 1.31 31.71 2
4 1.14 44.84 5
5 1.09 32.30 2
6 1.93 34.42 3
7 1.91 40.38 1
