Data for Vehicle routing problem with drones - Author: Huyen Do Thi Ngoc
Number of depots: 4
Number of cities: 100
Number of trucks: 6
Number of drones: 6
Area: 100 100 50
Customer maximum demand: 500
Max capacity of truck: 200
Max energy of truck: 5000
Max capacity of drone: 2
Max energy of drone: 50
1 70.78 99.55 12.15
2 99.03 93.96 48.70
3 24.61 36.35 25.62
4 18.13 51.90 4.53
1 30.93 0.34 30.81 305.91 4 27 3
2 37.42 80.21 44.58 241.93 17 27 4
3 67.46 22.36 26.37 354.44 19 32 1
4 47.86 37.96 34.99 55.86 8 47 1
5 34.77 40.45 22.40 345.55 0 44 4
6 16.49 28.30 39.44 376.07 16 21 1
7 32.76 4.37 31.98 379.11 20 33 3
8 53.80 95.87 11.70 388.04 14 43 4
9 92.62 85.62 32.72 218.64 10 11 2
10 68.91 2.38 22.94 337.95 17 34 3
11 17.78 9.90 2.09 465.39 19 20 3
12 1.49 32.72 36.61 356.43 24 43 2
13 88.72 33.06 34.43 356.54 4 46 3
14 69.18 48.39 20.85 127.34 22 42 1
15 84.96 18.45 38.05 166.03 17 46 3
16 48.21 0.98 23.07 478.72 15 44 1
17 55.13 55.62 16.38 432.89 10 32 2
18 99.85 11.06 44.08 392.98 23 30 4
19 95.01 6.80 43.31 463.36 6 29 1
20 23.51 51.51 27.44 311.63 5 38 1
21 60.86 74.64 32.09 388.18 20 34 1
22 13.57 21.41 0.28 404.05 10 37 2
23 94.58 3.93 42.16 167.92 15 43 1
24 37.74 68.96 38.86 332.22 20 46 1
25 78.53 16.25 43.59 355.60 19 22 4
26 77.18 91.20 26.32 248.69 13 21 4
27 53.41 89.67 0.91 408.70 4 45 3
28 76.56 19.77 24.12 53.33 4 46 4
29 99.18 89.48 48.17 351.48 10 46 3
30 28.03 91.64 29.47 146.44 6 31 2
31 53.72 80.89 49.07 252.70 16 30 3
32 85.19 18.48 39.62 317.12 14 17 1
33 95.55 7.32 17.27 309.95 7 24 4
34 94.54 47.31 2.67 166.96 24 39 2
35 37.58 56.93 8.82 100.92 18 39 4
36 63.81 57.50 15.15 187.99 1 46 4
37 47.34 60.14 30.52 294.90 19 45 4
38 36.42 45.47 36.78 285.33 17 27 3
39 5.00 44.10 15.35 473.57 17 23 2
40 66.92 84.16 9.27 352.43 8 37 4
41 90.71 11.77 1.94 399.63 24 33 1
42 80.31 63.32 1.04 445.15 12 41 3
43 32.20 66.23 30.68 197.55 18 30 2
44 20.97 62.58 4.63 172.17 2 7 2
45 54.95 27.85 24.39 338.78 17 45 2
46 69.76 66.15 23.07 405.21 0 24 1
47 84.49 90.36 7.41 199.23 23 23 1
48 86.59 17.30 24.20 179.60 18 46 2
49 9.38 62.58 30.54 80.77 2 15 3
50 64.92 85.43 9.74 450.20 7 42 2
51 22.56 21.88 25.15 499.30 17 43 2
52 8.12 46.33 8.25 74.30 3 30 2
53 28.76 64.76 17.75 165.99 7 24 2
54 26.40 36.42 49.12 411.02 20 41 1
55 21.90 94.92 48.91 440.05 15 18 2
56 33.04 17.26 15.81 398.58 1 44 1
57 16.21 86.57 43.20 333.29 11 48 4
58 84.09 65.84 38.06 166.79 18 35 3
59 19.60 85.99 24.02 492.19 17 41 3
60 74.65 5.34 48.22 447.27 21 24 1
61 36.46 81.86 18.08 320.47 15 46 2
62 89.30 14.33 44.35 216.52 11 32 3
63 84.49 1.02 17.36 358.13 14 35 1
64 42.99 27.08 21.70 432.62 1 40 4
65 10.26 70.25 24.22 111.88 3 25 1
66 83.39 44.21 13.66 427.48 10 12 2
67 32.59 82.90 42.52 434.56 20 34 4
68 32.10 67.97 23.03 308.08 1 34 4
69 31.01 58.36 40.51 273.00 8 8 2
70 22.44 81.01 7.28 51.72 9 14 4
71 24.05 63.20 21.84 404.19 16 39 2
72 26.62 76.00 43.82 383.85 6 27 3
73 3.27 31.18 30.59 182.38 16 33 4
74 63.16 36.41 25.90 468.41 7 19 4
75 87.57 40.22 31.38 334.20 13 31 3
76 3.23 85.20 26.51 253.62 5 13 1
77 92.81 1.78 32.51 306.99 17 31 2
78 12.76 7.46 20.94 481.80 14 37 1
79 64.53 52.50 22.53 146.39 3 16 4
80 98.27 6.32 10.26 433.42 3 8 2
81 31.66 85.84 38.44 140.44 15 17 3
82 29.56 2.00 31.75 418.27 8 27 1
83 58.36 87.55 8.19 332.51 5 32 4
84 59.29 82.27 40.01 491.01 6 9 1
85 31.38 37.30 2.12 170.17 17 28 1
86 16.10 70.52 6.87 76.54 22 44 1
87 96.78 48.87 41.00 289.43 5 23 3
88 37.11 79.61 35.39 179.51 16 47 1
89 17.52 48.24 24.04 308.79 2 45 4
90 89.27 88.15 11.25 293.37 11 43 4
91 45.65 30.79 16.93 412.08 0 46 1
92 16.02 11.35 10.92 470.46 4 14 3
93 96.99 3.17 14.87 412.27 2 47 1
94 65.79 90.18 40.18 360.11 19 21 3
95 58.39 80.37 19.77 63.05 22 32 1
96 69.05 46.90 24.02 389.12 19 47 3
97 66.49 22.21 26.71 475.26 19 48 1
98 1.36 84.19 37.24 206.52 8 15 2
99 37.07 57.17 33.54 159.80 0 26 1
100 42.85 69.14 23.41 388.27 5 5 2
1 120.56 3016.84 1
2 101.91 4064.54 2
3 104.83 3841.61 3
4 183.45 3954.04 4
5 100.33 4534.81 2
6 115.22 3712.47 4
1 1.83 27.44 3
2 1.63 34.28 6
3 1.26 43.35 1
4 1.21 46.62 4
5 1.56 49.96 4
6 1.71 47.68 5
