Data for Vehicle routing problem with drones - Author: Huyen Do Thi Ngoc
Number of depots: 2
Number of cities: 200
Number of trucks: 5
Number of drones: 8
Area: 100 100 50
Customer maximum demand: 500
Max capacity of truck: 200
Max energy of truck: 5000
Max capacity of drone: 2
Max energy of drone: 50
1 25.29 94.51 26.24
2 44.65 47.70 48.99
1 72.71 3.18 32.90 225.45 5 28 2
2 57.81 86.64 31.52 115.98 12 14 2
3 21.89 95.23 1.00 263.48 15 41 1
4 61.85 10.21 22.70 106.23 3 6 2
5 25.42 75.76 47.64 210.86 3 23 2
6 47.26 60.84 11.55 399.43 2 18 2
7 63.45 40.56 24.31 279.40 2 33 1
8 42.63 82.31 2.68 487.04 14 33 1
9 8.13 49.91 34.22 278.41 8 16 1
10 4.93 70.72 42.64 376.70 0 38 1
11 84.62 38.95 7.49 126.51 22 23 2
12 41.79 9.82 18.20 192.71 13 21 1
13 48.82 98.47 16.61 396.09 15 16 2
14 7.64 40.93 30.96 271.47 9 41 1
15 60.26 4.02 14.27 427.29 10 43 1
16 49.23 72.69 5.10 499.24 0 17 1
17 19.94 36.78 35.32 169.14 2 38 1
18 54.55 77.76 17.56 346.41 8 42 2
19 43.01 10.40 38.00 207.01 11 36 1
20 37.24 7.89 1.28 315.17 22 43 2
21 46.74 63.72 33.42 476.64 14 14 1
22 65.96 13.72 2.33 418.90 6 39 2
23 34.09 48.88 38.70 398.15 5 11 1
24 65.49 55.67 6.79 378.39 23 41 2
25 21.54 5.83 17.14 258.77 23 23 2
26 26.33 40.80 14.56 355.15 11 41 2
27 41.53 40.17 28.32 425.56 5 39 1
28 43.75 47.63 23.10 444.88 10 24 1
29 81.18 48.65 5.20 184.27 2 41 2
30 59.74 95.41 10.53 422.09 23 41 2
31 3.34 39.54 41.04 219.21 12 25 1
32 53.38 10.61 29.15 255.25 20 32 1
33 51.34 29.17 6.89 454.28 20 33 1
34 56.68 19.14 42.82 466.79 24 48 2
35 16.43 83.38 13.08 144.20 18 38 2
36 18.43 60.65 39.02 301.79 7 48 1
37 22.44 13.68 9.27 200.81 18 27 1
38 20.58 15.48 5.06 433.37 5 6 2
39 19.62 18.44 15.40 190.38 23 30 2
40 72.33 63.57 15.48 314.98 14 39 2
41 17.60 52.11 7.61 347.45 21 34 1
42 70.33 6.61 34.55 144.63 16 17 2
43 18.82 21.67 15.21 371.98 6 42 1
44 19.39 85.93 39.14 368.39 14 23 1
45 91.85 25.66 6.11 345.61 21 34 2
46 88.30 18.29 24.39 313.48 22 36 2
47 25.45 17.30 36.54 468.79 22 32 1
48 0.83 62.16 1.24 100.10 11 41 2
49 65.13 5.90 26.60 477.56 12 45 2
50 28.78 76.28 44.50 234.83 16 24 2
51 47.93 86.18 29.86 488.84 24 44 1
52 49.18 81.20 8.24 260.70 23 28 1
53 56.47 59.41 28.40 290.09 15 38 1
54 21.76 32.68 5.35 249.63 21 45 1
55 21.63 7.21 19.61 260.17 19 20 2
56 76.25 91.52 45.50 58.57 19 41 1
57 77.63 12.19 49.28 440.08 1 8 2
58 94.19 57.90 35.78 327.91 11 40 1
59 56.82 64.74 11.85 237.49 0 17 1
60 6.69 19.61 33.44 312.57 8 43 2
61 38.16 25.72 16.14 384.40 9 11 1
62 80.48 98.28 11.23 274.92 17 30 2
63 70.25 90.58 1.44 305.10 19 36 1
64 4.31 94.57 32.12 178.08 18 41 1
65 15.47 14.64 15.82 279.01 0 34 2
66 2.53 43.23 42.80 109.24 2 45 1
67 85.98 75.98 13.79 144.94 11 15 2
68 52.70 76.65 44.85 306.62 11 39 2
69 66.75 51.20 24.88 70.15 24 48 2
70 47.36 26.65 14.74 446.62 6 43 2
71 40.16 90.35 5.98 248.78 2 39 1
72 78.70 50.39 40.20 367.88 11 29 1
73 94.12 70.20 25.06 80.03 21 35 1
74 90.67 77.94 41.72 289.39 21 44 1
75 73.78 82.48 35.03 263.09 13 46 2
76 46.49 34.55 40.88 335.24 14 22 2
77 74.22 69.64 44.78 436.75 3 12 1
78 85.81 92.34 14.64 384.38 16 26 1
79 85.57 55.68 43.10 306.17 16 37 1
80 96.91 88.31 11.86 263.79 20 31 1
81 50.57 36.87 40.43 138.33 19 33 1
82 13.13 85.37 32.62 247.52 16 40 2
83 68.72 6.37 27.72 90.34 10 20 2
84 34.57 37.12 25.07 393.78 20 24 2
85 1.77 96.74 25.75 223.68 17 48 1
86 97.66 34.84 26.52 339.25 24 28 1
87 47.34 38.18 42.40 174.30 11 18 1
88 80.31 88.77 1.90 419.63 14 47 1
89 63.32 48.41 28.43 371.54 19 29 1
90 45.99 91.79 19.80 456.47 19 31 1
91 17.35 27.73 17.95 105.13 4 45 1
92 60.19 98.89 8.51 411.60 14 44 2
93 30.21 23.57 48.98 413.27 20 27 1
94 47.09 76.46 4.74 256.04 5 24 1
95 12.16 77.54 9.12 119.58 16 16 2
96 83.99 63.36 16.24 343.44 1 22 2
97 38.75 71.72 34.40 151.00 5 12 2
98 87.52 83.58 46.23 142.18 12 26 2
99 56.70 39.88 5.24 79.98 10 35 2
100 50.07 17.78 3.11 459.43 2 7 2
101 73.49 69.54 2.39 428.19 14 20 1
102 76.09 20.84 12.29 389.49 7 11 2
103 84.11 13.44 45.84 260.71 24 48 1
104 56.58 72.58 37.04 107.88 0 21 2
105 58.65 83.47 42.74 450.39 0 23 1
106 3.59 24.24 46.65 135.12 16 44 1
107 56.06 75.93 11.07 496.87 0 40 2
108 29.56 54.82 23.38 496.42 5 43 1
109 34.02 32.32 46.01 217.02 11 40 1
110 3.99 8.68 26.86 152.03 19 37 2
111 67.86 40.12 24.92 493.25 19 26 1
112 87.22 44.39 37.76 341.66 24 26 2
113 78.69 61.66 12.58 196.91 15 44 1
114 2.87 24.28 21.43 111.10 7 12 1
115 54.86 98.78 16.19 428.69 10 19 1
116 14.88 53.13 4.62 155.33 18 48 1
117 86.22 3.52 8.22 76.44 11 25 1
118 13.02 51.80 40.03 153.54 12 14 2
119 43.56 2.99 8.52 328.02 8 23 1
120 15.97 39.14 27.86 209.64 13 16 1
121 45.66 32.85 3.01 82.36 5 19 1
122 34.26 96.42 47.11 372.76 5 5 2
123 30.00 31.94 35.24 171.47 24 25 1
124 52.73 44.32 1.10 403.14 13 43 2
125 33.32 95.30 42.65 339.66 23 43 1
126 43.84 97.37 12.05 247.13 14 37 2
127 90.30 43.37 9.25 439.22 13 31 1
128 67.69 89.82 7.42 82.58 22 28 2
129 40.10 12.60 19.43 170.48 7 39 2
130 19.23 71.60 1.95 183.16 4 36 2
131 59.90 2.29 48.97 462.18 17 40 1
132 9.57 58.51 23.64 403.78 8 24 1
133 13.61 62.04 7.28 102.05 13 47 1
134 8.71 26.00 17.55 134.95 5 31 2
135 3.60 71.98 26.81 70.51 6 6 1
136 80.27 65.60 30.09 275.19 20 46 2
137 85.23 43.83 29.13 292.13 20 20 1
138 31.46 30.24 33.92 472.87 14 47 2
139 27.05 2.04 17.04 468.46 13 44 2
140 90.24 31.06 47.71 147.35 18 45 2
141 16.35 61.79 7.93 291.62 9 17 2
142 49.88 54.26 42.16 167.74 12 18 2
143 12.68 93.48 45.64 173.06 22 28 1
144 35.73 85.64 1.68 479.94 12 34 2
145 66.27 79.09 41.36 169.01 21 25 2
146 23.24 31.74 47.87 292.56 2 17 1
147 66.03 9.20 35.43 393.64 3 17 2
148 74.26 38.46 30.05 214.75 16 38 2
149 55.59 16.79 31.51 254.34 0 36 1
150 36.61 76.81 40.17 455.90 23 48 2
151 38.17 2.93 7.83 225.81 23 31 2
152 80.35 69.97 37.26 366.73 18 36 1
153 98.48 89.75 22.62 168.18 4 9 1
154 1.80 74.34 26.13 197.15 17 31 1
155 25.48 90.17 6.76 484.97 1 37 1
156 79.20 17.02 36.25 478.59 24 42 1
157 31.80 97.15 40.64 428.21 2 17 1
158 43.51 8.35 24.00 374.61 4 14 2
159 56.94 17.39 42.56 456.04 13 40 1
160 21.12 26.22 33.37 214.39 20 42 1
161 96.56 76.17 22.96 255.92 3 39 1
162 25.09 14.57 12.64 155.46 17 43 1
163 48.84 87.91 22.06 192.64 15 48 2
164 56.07 64.91 15.37 266.67 0 0 2
165 9.84 30.59 46.48 234.56 2 38 2
166 85.33 18.37 27.29 375.37 5 19 1
167 74.96 40.97 24.66 127.97 12 25 1
168 10.81 51.67 18.03 336.07 4 27 1
169 17.60 94.37 18.80 426.16 14 31 2
170 22.80 70.26 25.29 380.93 10 40 1
171 45.90 62.42 42.13 494.90 20 20 1
172 28.26 22.37 40.81 436.86 24 27 2
173 2.96 96.47 39.63 237.32 24 43 2
174 98.48 80.09 34.21 403.45 15 17 1
175 19.83 33.05 14.00 195.63 19 37 1
176 73.84 4.92 2.54 305.82 4 19 1
177 59.94 8.75 19.55 285.22 11 17 2
178 80.87 69.04 11.62 166.94 22 23 2
179 15.36 83.69 45.49 209.84 22 34 2
180 90.11 85.26 47.73 193.08 4 22 1
181 72.93 71.67 43.41 235.11 12 44 2
182 54.03 45.83 1.69 397.91 22 39 1
183 5.24 24.92 33.92 458.58 13 27 2
184 76.91 31.31 44.97 313.51 10 10 1
185 69.75 71.90 46.53 404.46 4 34 2
186 81.86 31.17 23.54 160.96 22 41 1
187 26.29 85.44 30.87 113.98 5 36 1
188 58.24 96.72 20.04 240.09 14 24 1
189 87.67 11.09 30.91 271.30 18 42 2
190 61.56 35.74 40.87 438.88 6 42 2
191 32.65 92.20 0.27 250.13 21 34 1
192 10.17 53.13 17.70 292.74 18 30 1
193 27.40 55.88 7.45 334.53 24 47 1
194 90.30 93.10 23.28 280.90 23 30 2
195 53.98 32.16 29.89 393.51 6 22 2
196 20.13 91.77 20.69 394.52 12 23 2
197 56.47 57.99 33.45 482.78 17 39 1
198 93.52 47.53 37.45 133.08 17 37 1
199 40.33 74.84 42.36 448.13 24 25 2
200 61.01 60.75 35.16 187.73 21 41 1
1 116.93 2957.31 1
2 107.23 3521.64 2
3 126.49 4529.47 1
4 156.54 3545.53 1
5 161.81 3237.59 1
1 1.59 27.92 4
2 1.53 45.33 3
3 1.81 40.54 4
4 1.31 34.09 3
5 1.13 28.37 4
6 1.80 38.20 1
7 1.10 35.10 3
8 1.72 31.24 3
