Data for Vehicle routing problem with drones - Author: Huyen Do Thi Ngoc
Number of depots: 4
Number of cities: 200
Number of trucks: 4
Number of drones: 7
Area: 100 100 50
Customer maximum demand: 500
Max capacity of truck: 200
Max energy of truck: 5000
Max capacity of drone: 2
Max energy of drone: 50
1 12.44 57.20 16.62
2 15.44 70.69 18.13
3 59.08 75.61 5.20
4 76.60 92.43 14.70
1 77.58 13.21 17.42 67.26 18 36 4
2 32.06 55.97 38.77 71.09 19 48 3
3 89.49 54.95 9.42 105.98 20 20 4
4 7.96 45.26 23.69 392.25 14 16 2
5 46.88 17.52 20.38 170.92 11 14 4
6 89.32 99.28 49.38 480.81 16 34 4
7 6.49 63.22 9.36 372.18 3 46 1
8 0.77 77.27 33.97 484.75 22 45 4
9 35.27 94.70 19.84 433.13 18 44 4
10 31.11 20.93 8.81 99.80 15 33 1
11 78.80 65.68 19.20 235.55 15 43 3
12 70.53 45.74 19.76 292.34 23 29 1
13 31.25 70.37 45.83 125.20 18 34 3
14 85.95 3.49 24.24 422.20 13 26 2
15 52.46 15.03 9.56 133.84 5 32 3
16 37.60 30.26 32.94 247.52 22 31 2
17 16.43 21.51 28.62 105.39 15 36 3
18 68.30 52.58 20.31 216.62 16 47 4
19 32.47 20.02 44.55 227.01 13 23 1
20 31.55 23.22 49.91 96.63 6 42 3
21 34.77 76.90 26.74 496.80 14 15 1
22 6.73 82.94 13.00 209.17 9 38 1
23 90.26 27.20 17.21 137.27 12 18 3
24 18.95 48.30 14.50 474.04 18 39 1
25 7.78 91.42 8.98 431.49 13 46 2
26 40.31 79.86 47.10 136.51 16 47 4
27 87.59 65.51 46.26 326.07 24 37 4
28 42.38 38.20 29.43 56.86 24 34 2
29 88.92 59.68 43.66 183.29 5 37 4
30 44.86 9.78 20.54 485.40 14 29 3
31 13.49 36.01 39.22 52.61 13 44 3
32 9.91 19.54 48.93 96.29 21 43 1
33 6.49 42.36 40.47 76.56 24 32 2
34 33.18 75.24 14.58 354.87 15 21 4
35 14.54 25.40 23.27 182.13 4 10 4
36 70.44 68.05 2.79 357.03 6 47 1
37 22.57 18.53 21.63 399.20 5 34 1
38 79.55 50.71 14.05 262.92 10 22 1
39 61.74 43.60 1.62 476.68 22 26 4
40 12.99 58.59 30.51 330.80 11 41 2
41 46.70 23.89 36.70 412.83 3 44 4
42 41.56 72.53 9.23 476.66 0 48 4
43 12.44 98.73 48.29 457.42 4 48 1
44 57.28 38.73 30.85 271.24 17 29 2
45 54.09 20.43 46.71 189.39 15 38 1
46 63.73 87.41 1.10 413.32 7 46 4
47 55.28 2.58 23.76 262.98 19 25 4
48 40.25 5.04 33.67 432.54 13 30 2
49 65.51 51.60 22.47 490.54 24 25 1
50 50.92 19.52 31.72 467.20 18 19 1
51 79.13 27.32 3.02 114.14 21 42 3
52 95.75 9.18 20.79 304.14 8 17 2
53 52.83 3.16 44.01 320.92 17 27 1
54 25.28 87.64 48.88 268.33 7 29 2
55 62.67 76.48 4.09 216.80 13 33 4
56 69.88 25.95 36.76 170.80 4 34 3
57 85.73 83.20 5.84 183.01 12 32 2
58 47.68 67.66 24.81 139.29 1 18 1
59 55.47 98.62 45.53 481.21 20 43 1
60 1.10 88.00 34.25 69.11 13 29 2
61 83.67 5.98 24.15 101.16 13 45 3
62 55.76 46.43 22.96 122.83 0 9 3
63 8.22 82.55 10.70 98.02 17 40 4
64 26.94 32.39 6.85 239.03 10 13 2
65 31.88 58.18 38.40 143.37 15 31 4
66 15.16 80.09 46.82 52.06 2 35 4
67 88.45 64.19 12.69 426.90 13 44 3
68 1.09 31.67 40.95 365.05 11 43 1
69 6.10 48.56 27.57 194.82 18 47 4
70 9.33 30.56 31.55 202.02 22 36 1
71 8.31 37.76 3.56 261.36 19 37 4
72 95.72 24.07 2.88 290.46 21 33 1
73 27.13 1.08 40.40 316.86 24 37 3
74 8.83 48.28 39.16 96.67 10 35 3
75 6.45 16.87 6.59 187.04 1 21 4
76 53.11 78.52 46.21 255.61 21 42 4
77 74.54 94.62 0.26 140.12 11 39 3
78 19.50 19.55 4.17 66.64 15 47 1
79 16.65 9.51 41.69 73.62 22 31 1
80 23.78 74.82 30.52 315.71 7 36 1
81 33.61 84.76 23.00 363.45 7 16 1
82 40.11 10.51 7.52 191.73 6 39 1
83 53.45 20.07 8.35 178.22 2 44 3
84 37.34 39.45 29.86 53.98 23 42 4
85 24.81 34.14 22.60 110.37 18 23 4
86 51.82 8.23 21.44 358.80 3 18 4
87 22.19 43.11 32.31 161.44 17 17 4
88 90.82 85.65 43.19 79.43 11 22 2
89 30.86 18.48 7.35 460.62 2 46 3
90 25.79 91.36 19.40 481.97 3 8 4
91 37.67 0.94 25.76 157.42 13 25 4
92 4.55 93.27 3.70 451.45 15 21 4
93 64.67 72.57 23.46 378.32 22 40 1
94 7.11 41.59 5.98 490.16 15 42 1
95 80.13 18.36 7.16 408.63 17 30 3
96 69.28 7.16 21.85 124.93 10 40 3
97 11.08 72.70 31.08 392.26 17 34 2
98 3.05 35.59 35.77 145.31 3 33 4
99 77.14 27.11 20.24 419.35 5 41 2
100 74.52 3.82 46.70 73.75 1 37 4
101 81.07 14.37 38.19 266.62 14 14 3
102 96.77 54.54 25.27 88.49 20 46 1
103 79.87 23.47 49.05 446.59 17 35 1
104 65.38 33.52 31.58 225.57 11 15 3
105 15.68 90.56 37.58 177.11 7 41 2
106 3.39 7.12 16.19 65.18 23 38 4
107 14.63 67.62 5.10 278.53 19 32 4
108 21.43 44.99 32.29 231.71 14 18 1
109 16.72 57.77 0.94 437.45 1 7 2
110 96.35 20.13 2.92 387.85 5 23 1
111 78.91 77.51 38.80 61.86 20 45 1
112 63.78 98.15 23.86 476.27 24 32 4
113 89.68 63.18 19.17 298.33 6 38 2
114 11.33 31.23 26.90 154.82 6 37 4
115 83.02 83.10 26.77 205.77 21 40 1
116 44.27 20.56 8.59 135.33 23 25 4
117 98.70 80.76 41.35 377.25 9 42 2
118 71.53 70.76 21.46 181.81 5 21 2
119 40.99 65.12 15.17 293.18 9 38 1
120 9.33 5.18 49.66 104.44 12 26 3
121 56.99 35.83 28.85 206.43 14 42 3
122 92.91 2.97 1.93 369.79 9 36 1
123 73.34 43.49 30.62 179.36 13 43 2
124 57.33 9.26 0.87 465.58 11 36 1
125 50.43 26.30 29.81 456.86 11 34 4
126 99.64 8.05 13.70 115.44 6 7 3
127 25.75 43.01 8.88 132.35 23 31 1
128 24.62 91.78 8.96 269.33 18 35 1
129 95.34 25.44 49.90 78.66 21 21 4
130 62.39 70.70 29.64 247.07 3 28 3
131 8.69 38.18 34.57 206.34 1 12 1
132 85.65 80.28 33.91 272.50 3 3 3
133 88.02 85.05 37.01 77.53 6 47 2
134 39.86 52.90 0.95 224.10 11 26 2
135 39.61 16.61 37.10 148.39 13 31 1
136 32.80 40.67 24.77 340.60 11 30 4
137 2.21 14.15 39.76 239.70 18 42 2
138 24.99 17.45 27.87 434.23 9 13 3
139 66.14 78.95 17.34 222.32 11 22 2
140 2.76 86.25 24.63 408.79 4 27 2
141 61.72 63.81 7.15 159.33 13 38 4
142 22.99 13.54 36.43 214.82 19 43 3
143 83.78 35.26 7.57 252.98 22 41 4
144 47.01 86.17 27.53 141.26 23 39 3
145 38.90 76.86 19.74 187.92 20 37 2
146 39.65 26.54 43.27 226.25 10 24 2
147 58.36 36.94 30.12 301.48 5 43 3
148 32.12 21.73 13.45 219.21 20 35 1
149 71.40 27.20 8.65 409.83 4 6 3
150 81.25 81.92 46.57 105.65 19 27 3
151 55.82 76.49 48.17 492.58 6 8 2
152 36.69 44.85 31.58 350.04 21 32 1
153 45.62 82.81 17.28 93.93 19 26 3
154 3.93 75.89 38.24 237.01 1 22 2
155 89.39 65.93 8.63 388.71 24 30 1
156 37.76 17.65 37.81 208.30 11 32 2
157 82.78 32.82 11.41 401.01 14 32 2
158 70.22 59.37 42.53 55.41 12 26 3
159 23.07 94.58 44.61 415.98 22 40 4
160 25.62 62.21 32.12 284.76 16 41 4
161 43.61 59.53 21.79 82.44 6 13 2
162 78.94 13.84 30.45 463.66 3 15 3
163 49.95 82.80 32.13 282.99 11 23 1
164 20.02 97.56 13.86 162.33 5 34 4
165 63.53 35.50 24.34 97.98 12 31 1
166 47.08 21.53 29.75 67.89 18 34 2
167 11.02 92.70 0.32 339.13 2 6 3
168 12.89 10.32 3.92 220.15 0 29 3
169 13.14 13.86 39.45 212.86 8 48 4
170 6.32 5.25 23.03 62.27 11 22 1
171 75.16 13.13 16.24 425.85 21 21 3
172 61.37 90.33 44.87 479.15 12 22 3
173 51.41 24.04 2.92 340.50 8 48 4
174 42.91 68.98 3.23 159.52 6 34 1
175 48.53 93.13 10.86 399.77 15 15 3
176 16.72 71.09 1.83 348.62 23 24 1
177 78.78 72.46 5.65 329.81 19 48 4
178 88.67 97.70 21.70 217.95 14 20 1
179 84.22 57.22 10.21 181.00 3 16 4
180 16.06 25.26 40.70 429.28 23 29 2
181 59.96 64.26 13.59 278.16 22 47 3
182 73.49 26.49 38.06 312.30 3 39 1
183 85.60 53.50 0.97 293.85 20 36 4
184 36.13 63.75 15.57 369.82 19 41 3
185 35.97 40.31 36.68 234.02 20 24 3
186 89.31 34.45 48.18 216.99 10 16 4
187 15.87 0.69 28.81 440.46 14 21 3
188 33.17 91.63 48.35 88.06 14 16 2
189 22.56 58.12 28.90 88.17 15 43 3
190 92.00 62.01 12.65 286.21 0 34 4
191 96.31 99.14 9.39 466.69 0 0 4
192 4.19 44.96 30.97 441.82 0 1 2
193 53.84 48.74 33.93 358.08 13 44 1
194 76.72 37.31 8.24 191.63 18 42 3
195 86.35 49.54 6.97 205.73 13 40 3
196 73.36 78.47 8.96 264.06 2 31 3
197 33.51 39.87 40.47 333.63 23 30 1
198 72.15 67.84 33.11 380.87 7 7 4
199 32.28 59.07 49.36 63.05 9 35 3
200 85.59 0.56 37.33 349.26 14 32 3
1 139.09 4759.41 1
2 148.56 2723.93 2
3 121.80 3369.74 3
4 184.08 3217.25 4
1 1.81 31.32 1
2 1.01 36.83 3
3 1.14 31.51 3
4 1.22 26.62 1
5 1.29 32.85 4
6 1.54 37.20 2
7 1.23 48.95 2
