Data for Vehicle routing problem with drones - Author: Huyen Do Thi Ngoc
Number of depots: 4
Number of cities: 400
Number of trucks: 6
Number of drones: 11
Area: 100 100 50
Customer maximum demand: 500
Max capacity of truck: 200
Max energy of truck: 5000
Max capacity of drone: 2
Max energy of drone: 50
1 41.49 65.18 27.02
2 14.30 42.07 28.01
3 2.19 51.01 41.74
4 37.87 94.50 15.66
1 2.34 57.23 8.34 394.05 21 45 4
2 17.73 68.63 20.65 219.92 13 35 1
3 93.31 53.15 4.94 163.23 18 23 1
4 75.98 27.97 42.04 306.35 19 37 2
5 57.77 51.56 46.69 363.54 4 45 1
6 41.71 5.98 49.50 156.12 0 18 2
7 40.67 72.54 32.90 157.88 0 45 2
8 82.11 18.61 18.23 370.18 6 32 3
9 55.31 90.26 13.96 337.23 9 48 4
10 91.79 8.13 17.70 78.77 21 40 1
11 90.09 79.53 40.77 61.13 1 11 4
12 24.56 43.25 3.96 430.63 10 29 2
13 48.37 23.62 12.24 101.23 4 38 1
14 58.00 28.38 18.27 367.14 14 41 3
15 86.77 61.34 11.60 267.59 24 24 1
16 37.15 46.83 32.67 196.28 14 22 3
17 82.67 51.83 28.18 343.16 19 31 4
18 25.36 75.13 41.45 154.68 24 38 1
19 29.18 57.98 22.03 321.48 0 7 4
20 23.10 74.63 24.15 119.62 4 38 3
21 1.11 64.92 27.43 340.83 19 44 4
22 66.26 38.40 40.14 477.72 14 34 2
23 61.04 81.97 4.02 112.77 3 19 4
24 25.76 8.99 41.68 238.17 23 42 3
25 37.98 45.36 16.79 166.94 14 31 1
26 43.73 69.34 20.16 132.21 12 17 3
27 53.53 12.17 17.18 320.58 11 36 4
28 36.06 81.93 2.84 198.84 5 20 4
29 89.98 47.84 6.84 159.38 6 47 4
30 28.23 11.76 38.65 404.48 15 33 4
31 50.72 72.65 44.28 335.04 22 28 4
32 54.15 46.92 12.89 465.18 10 21 3
33 26.86 93.91 2.88 261.79 8 19 1
34 4.08 30.38 38.03 350.34 16 30 3
35 97.90 28.62 25.22 285.31 3 20 3
36 6.36 24.19 2.94 395.27 16 39 3
37 14.09 10.09 7.77 66.47 17 41 1
38 67.83 40.31 23.01 91.68 16 39 1
39 99.07 40.86 46.76 493.07 5 47 2
40 49.26 42.11 28.40 86.01 12 26 4
41 46.52 35.85 23.89 115.34 18 24 4
42 70.78 31.48 35.96 73.56 8 43 4
43 26.79 83.70 47.79 194.94 10 29 3
44 63.50 78.33 5.38 493.86 1 28 4
45 42.80 59.64 16.27 352.08 9 33 4
46 30.14 59.03 35.65 260.83 4 24 4
47 57.64 22.26 42.63 454.52 16 32 3
48 13.18 20.60 7.66 396.05 12 39 2
49 56.33 64.14 36.96 127.24 18 18 2
50 74.74 26.68 18.95 287.74 17 48 3
51 30.70 48.23 46.23 195.17 20 34 4
52 40.53 86.81 47.67 293.76 18 47 1
53 42.84 76.32 7.87 184.90 15 23 4
54 0.43 24.65 5.81 170.75 19 22 1
55 79.13 2.10 39.95 234.21 18 33 4
56 69.94 31.43 21.71 465.47 21 30 2
57 24.44 48.14 32.05 213.68 5 41 4
58 74.91 99.63 27.27 171.81 2 36 4
59 55.16 96.45 9.28 136.11 22 33 3
60 53.20 8.18 16.14 243.34 23 34 1
61 95.88 9.72 20.43 454.93 14 21 4
62 49.21 85.02 3.16 210.51 23 29 2
63 18.55 11.43 18.09 449.65 16 47 1
64 38.84 59.67 17.63 340.00 1 30 4
65 51.48 79.20 36.87 74.13 24 37 2
66 78.07 79.69 34.29 146.83 16 30 3
67 23.94 46.24 13.34 441.92 17 26 1
68 27.73 74.56 13.14 360.67 8 47 4
69 7.19 89.19 46.19 173.78 4 14 4
70 84.99 46.11 41.81 85.34 20 34 4
71 67.39 39.12 48.38 278.35 18 45 1
72 76.05 54.18 44.96 238.13 12 36 1
73 53.59 98.59 29.78 377.13 6 6 2
74 73.70 54.29 2.07 57.51 23 47 3
75 66.05 59.36 14.50 199.37 11 36 3
76 48.91 18.33 36.35 61.37 14 27 2
77 48.46 99.41 31.27 68.65 20 38 4
78 21.60 71.39 1.88 460.93 10 39 4
79 6.33 15.76 2.07 167.34 22 32 4
80 84.91 6.26 18.81 320.71 17 44 4
81 99.10 98.63 17.16 314.97 12 40 3
82 67.65 82.12 32.55 436.10 20 39 4
83 83.36 10.55 32.68 392.89 10 48 2
84 33.94 45.60 17.68 446.07 3 43 2
85 58.83 64.29 33.44 169.40 23 31 3
86 90.49 25.65 1.12 110.37 1 44 3
87 52.01 55.26 34.36 314.71 6 35 3
88 92.31 23.79 15.74 474.84 19 42 3
89 89.69 15.29 1.63 347.49 5 24 1
90 69.47 57.36 39.88 342.61 11 47 2
91 31.67 94.44 3.77 82.42 10 13 2
92 77.83 83.13 30.00 416.15 10 42 1
93 58.04 26.36 41.22 429.99 14 32 3
94 74.25 52.95 9.10 351.57 17 44 2
95 11.84 92.33 15.50 201.02 22 36 4
96 9.79 10.01 10.78 470.96 23 39 3
97 13.04 93.42 36.61 465.01 24 42 3
98 84.85 56.03 10.19 164.99 12 25 4
99 43.81 48.80 48.72 240.83 23 36 4
100 61.78 48.13 47.84 306.84 3 11 2
101 7.13 15.18 29.14 196.19 15 40 3
102 19.12 2.01 45.03 358.03 13 47 3
103 91.44 62.84 13.11 254.49 24 29 2
104 1.65 98.02 20.99 166.28 17 18 2
105 12.43 99.16 30.95 76.11 19 39 2
106 6.42 31.94 44.72 225.65 2 21 4
107 23.16 8.17 8.10 488.73 6 22 2
108 71.17 9.91 3.03 139.99 8 11 4
109 51.11 96.21 26.85 201.39 10 43 4
110 5.89 19.28 20.08 449.19 23 38 3
111 46.60 12.98 4.04 172.06 16 39 1
112 3.50 40.19 9.62 287.09 24 39 1
113 49.60 64.27 14.79 449.53 15 44 3
114 28.00 41.98 49.51 343.49 2 31 2
115 60.76 77.45 27.60 347.12 1 12 3
116 65.45 26.94 34.64 447.35 8 36 1
117 11.05 11.06 25.67 421.48 24 31 2
118 59.76 19.66 41.01 109.67 10 35 2
119 44.85 61.93 11.54 296.05 4 9 4
120 26.98 66.39 22.03 479.47 4 13 2
121 26.81 46.23 21.43 460.12 17 24 1
122 90.61 9.75 37.59 242.40 20 23 1
123 52.09 99.16 38.03 303.80 19 46 4
124 5.37 71.12 41.35 324.19 0 0 4
125 28.87 15.78 28.01 399.37 15 48 4
126 16.12 63.41 31.66 183.72 1 43 3
127 20.69 65.14 34.04 80.50 22 25 1
128 91.00 46.04 41.77 253.18 13 22 4
129 98.00 9.65 24.90 294.25 4 20 3
130 35.01 4.75 40.74 115.92 14 20 2
131 75.89 72.98 4.03 207.46 4 39 1
132 15.96 49.57 18.01 212.92 11 16 1
133 28.89 34.85 16.59 398.68 9 35 2
134 33.91 74.16 7.78 65.13 15 16 3
135 91.48 70.77 17.58 267.41 10 33 2
136 39.84 56.92 45.32 140.45 10 24 2
137 37.60 7.44 15.69 56.46 14 21 3
138 33.59 87.90 27.00 218.81 5 9 2
139 14.39 13.32 4.34 317.99 10 29 2
140 94.04 35.76 20.93 375.66 19 23 4
141 31.75 7.57 0.77 418.19 21 27 2
142 77.79 37.30 14.22 115.96 16 25 4
143 26.52 8.79 25.23 423.38 1 7 1
144 58.98 71.11 48.08 101.32 15 35 2
145 19.79 3.64 10.23 158.30 2 13 3
146 23.91 2.67 25.05 470.70 2 32 3
147 45.50 96.71 11.04 234.06 12 18 1
148 96.10 16.38 14.09 492.72 2 15 2
149 37.94 11.71 21.00 212.70 0 26 1
150 87.59 52.72 8.59 497.82 4 45 4
151 97.18 6.89 26.48 206.69 12 18 3
152 23.68 36.31 29.22 189.94 20 27 2
153 38.34 28.47 46.66 482.59 5 31 1
154 18.21 47.14 23.55 156.51 0 16 2
155 92.19 34.74 9.42 142.81 19 29 1
156 59.79 43.99 6.73 285.36 19 32 4
157 83.27 74.57 15.02 364.85 21 42 2
158 97.34 46.02 41.18 95.36 21 24 4
159 18.07 11.42 45.68 339.73 20 33 4
160 20.45 4.44 24.60 178.45 8 13 4
161 89.72 64.00 44.28 231.70 8 15 1
162 13.52 67.72 24.16 200.04 4 5 2
163 86.50 19.46 38.82 275.01 13 31 2
164 8.88 1.95 33.75 208.20 3 36 3
165 11.00 48.36 26.76 190.51 9 34 2
166 80.54 55.39 39.46 398.33 5 12 4
167 9.63 97.30 6.24 485.64 17 17 1
168 25.43 56.82 38.88 268.66 7 34 2
169 76.30 87.11 25.00 217.31 23 32 1
170 43.72 5.23 38.87 273.61 15 37 1
171 8.38 30.22 2.83 146.33 0 35 4
172 93.86 5.93 7.55 268.78 23 43 1
173 79.82 73.93 20.90 267.08 8 30 1
174 69.30 30.56 6.12 184.67 11 46 1
175 8.92 8.44 48.18 313.28 20 42 4
176 7.05 32.67 1.98 455.19 24 43 1
177 50.50 16.19 33.95 399.50 4 30 3
178 93.41 90.07 41.06 322.28 23 33 2
179 83.84 2.62 21.30 459.55 24 27 1
180 58.47 24.29 7.72 298.00 15 20 1
181 86.18 39.74 18.45 231.93 14 43 4
182 67.91 37.22 17.46 474.13 3 30 4
183 13.92 35.44 26.02 415.15 12 23 4
184 38.99 37.23 35.06 474.40 4 32 1
185 50.98 78.57 10.83 209.36 15 26 4
186 12.11 46.68 11.27 421.69 3 42 4
187 31.19 78.39 24.63 299.10 4 21 3
188 11.41 2.86 13.90 106.27 4 26 2
189 70.54 33.32 12.25 147.88 8 24 2
190 4.12 95.92 5.15 114.14 23 25 2
191 17.32 59.68 8.78 314.75 20 42 2
192 24.96 28.78 34.16 229.71 8 32 3
193 70.40 6.39 43.94 113.97 16 38 2
194 72.66 96.40 3.61 357.67 2 42 2
195 11.68 90.75 3.17 96.48 21 33 3
196 96.95 15.95 40.73 499.13 9 17 3
197 53.35 74.04 43.18 224.97 14 30 4
198 37.24 39.24 27.35 245.81 18 32 4
199 35.34 72.71 6.83 50.18 19 45 2
200 77.16 50.92 48.12 354.07 16 23 4
201 96.45 37.17 43.76 76.98 5 7 3
202 19.05 86.59 8.21 156.28 6 33 2
203 87.79 80.90 32.73 347.77 5 45 1
204 49.91 28.28 14.84 387.50 0 0 4
205 47.50 64.84 36.69 280.04 19 45 4
206 8.31 8.07 4.98 303.87 14 35 3
207 65.68 62.57 9.67 310.26 15 39 2
208 36.35 50.64 45.15 101.21 17 39 3
209 63.01 99.74 2.10 267.26 8 10 3
210 50.94 69.10 30.16 115.22 6 9 4
211 68.84 3.15 8.03 414.01 22 43 2
212 90.34 96.42 29.29 339.01 8 38 1
213 70.34 78.52 10.11 270.81 19 40 1
214 58.68 15.57 27.41 50.41 20 30 2
215 28.92 22.26 26.54 59.03 17 21 2
216 29.78 75.93 19.35 406.49 19 39 2
217 43.71 73.78 37.61 462.79 4 45 3
218 5.35 62.33 5.97 438.99 11 34 4
219 77.17 63.12 41.70 96.01 0 42 2
220 6.02 5.90 21.74 319.13 17 17 3
221 2.09 32.75 1.68 460.59 8 18 2
222 6.38 11.78 27.18 246.13 8 24 4
223 7.08 15.57 45.86 388.01 14 19 3
224 72.13 18.52 21.54 379.03 5 13 3
225 50.90 29.95 37.21 404.41 17 36 1
226 89.19 69.55 48.14 203.63 0 30 4
227 49.87 44.66 7.49 489.17 9 47 2
228 35.58 85.32 5.29 228.72 7 47 4
229 66.88 33.66 7.40 98.46 21 33 1
230 68.70 96.32 16.69 215.47 14 29 4
231 37.16 0.28 37.77 489.09 24 28 2
232 80.27 58.32 17.04 453.32 6 32 3
233 27.31 70.02 12.50 223.98 10 21 3
234 33.52 75.42 31.05 443.28 11 20 4
235 92.60 22.57 12.85 126.59 1 21 2
236 78.02 11.31 2.29 418.91 19 23 3
237 43.87 77.60 22.53 323.56 2 28 1
238 93.31 44.26 23.21 70.64 5 15 2
239 93.36 3.13 41.60 272.26 0 5 2
240 64.25 91.22 14.73 471.97 23 41 4
241 7.97 92.15 34.02 310.36 5 48 4
242 4.12 62.07 7.08 407.77 16 45 3
243 3.19 30.44 8.87 371.22 12 36 3
244 37.67 0.54 9.05 453.34 14 19 4
245 52.56 72.96 46.30 447.47 21 22 4
246 32.51 30.12 40.07 139.69 8 37 3
247 83.71 85.01 6.23 324.08 22 34 2
248 47.76 40.14 48.59 370.67 7 37 4
249 30.53 74.77 17.62 242.43 12 30 4
250 14.54 48.41 11.77 343.16 5 36 3
251 55.25 38.18 49.29 435.95 10 44 4
252 87.37 81.26 41.44 336.40 20 27 3
253 53.78 37.25 9.16 395.41 5 28 2
254 97.82 54.23 16.52 329.91 7 22 3
255 82.44 80.32 14.88 149.65 11 47 1
256 80.52 84.96 48.52 363.16 2 44 1
257 39.13 18.60 30.84 486.99 15 31 2
258 28.73 71.21 48.22 322.45 1 25 4
259 37.13 63.66 43.58 486.95 13 29 2
260 71.08 67.09 19.16 65.66 18 20 4
261 72.70 87.19 48.03 362.15 14 23 1
262 56.34 66.20 22.39 476.54 6 46 1
263 69.71 31.95 30.32 243.70 19 42 2
264 45.71 78.46 26.73 395.87 15 27 4
265 10.05 31.59 34.26 285.54 18 18 1
266 3.76 20.68 4.75 282.58 8 36 4
267 55.76 95.94 13.56 249.76 12 38 4
268 98.46 81.72 29.52 114.44 23 30 4
269 37.48 67.98 23.89 110.73 17 24 4
270 62.54 68.17 48.97 141.13 5 39 1
271 88.02 61.12 49.58 285.15 14 47 3
272 42.33 72.24 47.00 97.33 9 10 2
273 37.97 46.71 12.04 135.33 9 22 2
274 14.02 25.25 33.38 404.09 11 25 3
275 48.41 79.56 27.65 447.31 20 33 1
276 24.37 83.22 27.22 179.02 7 17 4
277 7.57 89.44 8.24 87.48 24 40 2
278 18.93 18.31 33.37 248.74 1 32 2
279 50.09 44.75 25.50 164.01 1 43 4
280 58.20 88.87 41.90 210.08 17 43 1
281 57.59 97.32 16.11 119.63 1 15 4
282 63.56 77.56 30.20 240.88 5 38 4
283 85.40 68.15 46.01 73.75 5 28 1
284 79.87 61.58 38.54 414.04 5 7 2
285 15.47 70.78 13.72 218.72 16 18 1
286 97.12 28.19 38.84 352.73 14 26 1
287 41.26 59.41 43.16 108.31 6 40 1
288 73.54 88.48 48.65 158.90 7 32 2
289 94.95 56.67 12.94 243.21 4 38 2
290 31.59 98.20 26.67 125.00 18 24 1
291 45.10 52.89 34.93 179.60 10 34 3
292 56.67 96.60 43.89 207.45 15 24 2
293 49.51 32.82 16.49 331.58 17 22 3
294 21.53 96.19 25.99 479.07 23 43 2
295 98.15 68.41 12.58 352.17 9 28 2
296 90.46 39.40 42.01 281.47 4 29 3
297 60.17 82.13 41.40 261.83 22 27 1
298 78.94 7.91 33.11 199.65 23 47 3
299 7.67 85.26 14.93 106.20 2 35 4
300 76.34 42.49 41.42 77.81 17 35 3
301 44.09 52.14 10.11 118.38 1 33 3
302 65.34 24.13 37.21 90.88 18 29 1
303 74.87 70.58 42.78 188.72 6 42 4
304 90.11 2.55 12.71 372.96 6 33 3
305 90.95 61.57 49.04 80.87 4 7 2
306 34.92 47.55 32.55 362.80 12 35 4
307 57.07 12.91 7.42 154.38 11 18 2
308 27.30 29.94 46.92 139.23 8 16 2
309 73.62 80.91 1.56 487.20 9 14 1
310 52.88 60.09 35.74 102.99 15 31 2
311 89.06 27.36 44.47 103.02 6 35 2
312 90.40 54.41 2.18 89.80 9 33 4
313 34.59 49.09 10.91 88.41 5 20 1
314 10.90 26.17 33.32 146.69 7 17 3
315 24.78 45.54 11.71 73.83 10 40 4
316 40.06 99.06 37.02 407.65 17 25 2
317 41.17 30.02 49.31 178.73 11 32 2
318 60.09 5.27 15.30 397.20 19 30 1
319 72.26 57.48 6.47 109.57 19 47 3
320 45.55 53.91 17.75 264.64 1 20 1
321 7.72 75.23 8.00 69.28 6 13 4
322 44.84 2.68 43.74 216.50 4 42 3
323 2.74 41.16 48.51 332.74 24 28 4
324 16.97 89.00 22.06 386.33 10 19 3
325 91.94 86.06 34.36 176.83 6 10 2
326 47.72 9.51 17.79 468.93 13 38 4
327 57.97 62.54 29.89 104.87 2 15 1
328 89.70 35.79 0.57 321.21 14 48 3
329 98.23 52.40 6.91 458.73 13 13 1
330 27.78 40.86 24.95 186.86 16 32 4
331 78.09 28.12 44.69 412.27 22 35 3
332 68.76 65.16 31.10 126.60 6 10 2
333 29.29 62.07 3.77 483.12 16 48 1
334 77.99 26.01 43.07 311.88 20 29 2
335 89.75 1.83 10.18 201.55 18 21 4
336 91.65 19.66 37.17 475.53 1 31 4
337 17.55 29.78 4.23 155.48 0 39 1
338 45.99 70.06 7.35 369.58 11 16 3
339 29.92 53.92 0.81 287.01 23 27 4
340 17.71 40.58 13.92 140.50 3 14 1
341 88.00 31.68 39.62 275.90 1 44 4
342 25.92 47.36 48.24 280.43 2 11 2
343 28.20 61.49 37.28 276.33 4 40 1
344 43.08 22.25 46.79 413.91 4 8 3
345 51.88 67.62 9.69 110.83 22 43 1
346 20.48 95.65 41.29 496.43 19 38 3
347 96.68 4.85 18.39 398.23 10 26 3
348 35.88 42.24 38.81 84.59 24 30 4
349 40.52 17.57 28.60 158.61 18 44 1
350 0.99 77.39 17.33 366.79 15 41 4
351 12.12 89.16 28.78 59.77 19 40 1
352 36.82 66.20 29.11 418.02 20 45 3
353 85.90 88.23 36.72 445.39 2 33 1
354 76.22 49.69 3.72 444.62 5 44 3
355 38.27 64.39 20.94 355.57 12 27 3
356 41.41 91.51 27.51 419.03 7 33 2
357 58.14 21.42 5.73 212.08 19 29 3
358 58.21 25.08 42.27 470.70 22 44 3
359 44.16 17.63 16.04 72.96 13 22 3
360 37.33 75.35 25.30 489.85 11 48 1
361 40.32 35.10 22.83 296.26 18 32 2
362 16.38 29.65 10.09 259.20 21 37 1
363 34.94 59.63 31.46 96.14 1 40 3
364 95.73 46.09 38.89 432.94 24 41 1
365 5.55 16.31 4.33 311.48 21 41 3
366 15.25 29.28 33.58 298.29 21 42 1
367 33.28 24.71 35.19 180.80 6 15 1
368 86.92 15.40 24.96 279.69 12 18 4
369 19.90 85.63 4.38 382.38 10 38 3
370 58.23 10.76 1.60 197.96 9 17 2
371 74.66 35.27 47.69 161.33 9 43 2
372 51.45 41.63 30.06 273.72 3 43 3
373 16.70 98.45 18.93 198.92 8 27 2
374 18.06 58.03 39.98 418.85 16 26 1
375 31.43 92.54 20.69 433.14 15 36 4
376 47.09 70.75 48.91 483.92 11 16 4
377 30.60 88.08 19.28 197.10 9 36 4
378 32.01 98.21 49.43 434.61 23 48 2
379 15.41 50.79 31.49 391.00 10 19 2
380 75.31 97.82 37.19 199.23 13 43 1
381 30.22 16.20 10.95 63.36 14 22 1
382 1.99 73.72 18.62 132.56 2 10 3
383 59.08 43.77 30.09 385.14 21 44 4
384 37.90 81.61 47.01 483.64 21 32 2
385 27.23 19.95 28.49 264.10 12 45 3
386 24.72 79.31 27.13 132.87 17 39 1
387 89.67 8.07 22.08 409.56 23 29 3
388 79.13 73.09 30.22 497.45 12 43 4
389 57.08 16.97 29.88 303.71 19 30 1
390 62.80 51.63 28.80 394.89 7 11 3
391 56.54 68.59 33.83 130.77 10 22 1
392 56.53 79.12 29.74 439.73 11 41 2
393 56.09 97.06 20.57 269.58 20 42 4
394 98.41 74.84 34.46 432.60 21 47 4
395 72.20 80.21 36.56 466.42 10 15 4
396 94.90 58.26 49.91 250.52 20 22 4
397 24.64 76.49 28.28 276.98 11 42 4
398 87.98 78.76 46.78 292.29 1 4 2
399 84.82 90.90 24.54 194.82 1 34 3
400 29.82 31.45 49.86 200.58 13 33 1
1 114.37 4383.23 1
2 110.93 4850.82 2
3 182.35 2771.12 3
4 180.90 4601.38 4
5 138.60 4758.30 2
6 195.03 3875.52 1
1 1.37 49.02 3
2 1.09 32.56 3
3 1.12 44.89 2
4 1.17 33.14 6
5 1.56 43.67 6
6 1.80 45.04 5
7 1.34 40.97 6
8 1.50 31.96 6
9 1.33 32.37 2
10 1.40 42.29 1
11 1.18 35.20 6
