Data for Vehicle routing problem with drones - Author: Huyen Do Thi Ngoc
Number of depots: 4
Number of cities: 400
Number of trucks: 8
Number of drones: 9
Area: 100 100 50
Customer maximum demand: 500
Max capacity of truck: 200
Max energy of truck: 5000
Max capacity of drone: 2
Max energy of drone: 50
1 78.32 48.36 4.68
2 58.91 54.73 4.52
3 79.58 69.98 21.49
4 18.06 20.96 17.16
1 90.63 73.09 6.33 256.29 21 42 1
2 94.59 43.04 41.33 194.53 21 42 4
3 27.99 92.01 23.36 72.43 10 18 2
4 66.45 18.17 21.98 488.57 20 29 4
5 6.87 16.73 43.02 228.02 2 44 1
6 68.34 30.84 28.91 164.95 24 38 1
7 99.02 4.65 21.56 211.23 23 44 4
8 63.80 22.37 40.60 455.63 24 37 4
9 76.33 7.29 20.58 234.94 13 14 1
10 84.52 81.52 16.57 288.08 12 26 2
11 25.11 82.71 4.05 430.29 0 30 3
12 26.52 46.11 40.14 222.36 17 40 1
13 59.00 82.14 10.98 459.03 19 35 1
14 64.40 17.09 0.54 306.00 14 24 3
15 9.03 56.23 2.81 222.64 13 26 1
16 22.07 56.79 46.04 255.49 17 34 2
17 11.43 5.80 41.35 161.42 18 42 4
18 89.72 11.14 45.52 161.94 11 34 4
19 35.10 27.43 39.88 119.96 17 42 4
20 95.18 23.07 8.38 54.69 9 43 4
21 66.36 85.76 42.28 470.49 14 17 1
22 2.91 67.17 8.43 108.82 14 22 2
23 65.56 16.66 38.02 383.96 22 30 3
24 17.69 2.80 12.76 230.40 21 23 4
25 77.07 86.45 26.99 52.10 0 43 1
26 4.31 44.60 11.95 141.73 19 32 2
27 57.52 74.81 39.48 442.83 20 43 2
28 38.65 14.47 22.34 196.43 0 11 4
29 80.09 81.19 43.21 389.70 17 30 4
30 94.99 66.05 29.71 446.75 14 44 1
31 33.21 65.75 6.80 443.62 24 29 3
32 61.18 75.95 48.69 87.85 20 33 2
33 45.43 19.91 3.78 59.58 0 38 1
34 21.82 1.16 18.33 474.38 24 40 1
35 54.85 14.25 46.82 122.60 24 44 2
36 73.51 43.65 21.16 133.51 13 38 3
37 25.00 40.81 10.40 350.79 4 40 2
38 85.98 11.33 10.07 371.82 23 35 1
39 26.04 12.65 18.13 296.35 19 37 3
40 59.09 13.09 46.18 313.92 3 30 4
41 77.66 92.08 35.69 431.96 18 24 4
42 23.12 36.93 15.88 282.85 19 36 3
43 5.69 88.57 27.85 236.06 0 18 3
44 89.55 10.97 24.57 153.85 13 23 3
45 12.98 57.87 13.81 155.72 8 9 2
46 34.35 37.04 27.79 436.86 15 23 1
47 73.22 85.46 20.33 324.94 6 44 2
48 23.11 25.22 19.76 96.40 14 41 1
49 37.41 19.55 16.52 403.24 10 26 3
50 26.17 10.52 11.73 385.79 23 33 4
51 11.70 4.72 38.25 365.21 21 31 1
52 14.59 32.19 48.06 187.37 21 28 3
53 60.38 50.72 31.59 453.45 22 27 1
54 95.04 24.08 25.61 288.34 16 16 3
55 89.85 35.59 47.41 291.02 8 40 3
56 85.35 19.37 11.47 120.32 5 38 2
57 1.17 59.63 12.04 179.02 4 47 3
58 14.10 22.60 20.94 488.69 9 20 4
59 26.13 98.64 26.76 284.03 9 31 3
60 34.34 63.32 48.61 132.70 10 24 4
61 33.95 54.43 32.97 437.09 4 13 1
62 55.70 80.14 37.15 406.60 4 20 1
63 65.59 41.67 46.50 388.64 8 34 1
64 4.72 91.02 46.77 370.42 17 41 3
65 60.65 27.61 8.69 378.85 5 40 3
66 98.65 40.38 15.78 219.54 13 17 2
67 36.19 98.38 24.38 370.84 1 29 4
68 71.98 69.41 18.08 229.37 5 34 4
69 77.48 7.69 18.86 215.10 12 18 1
70 4.40 77.64 49.37 52.93 3 6 4
71 5.49 87.57 40.12 233.64 7 10 2
72 83.60 91.78 17.54 121.09 4 17 4
73 88.28 24.44 2.85 303.81 13 18 4
74 67.07 83.13 46.01 192.31 10 20 4
75 2.48 47.58 48.63 54.92 16 44 1
76 77.53 66.49 22.41 279.73 7 13 2
77 4.37 88.35 27.00 149.13 16 22 3
78 91.28 0.42 42.93 293.53 20 27 2
79 95.92 96.54 20.71 355.52 5 39 1
80 12.54 48.68 1.15 308.18 1 23 3
81 18.51 57.22 20.79 360.61 2 22 4
82 88.09 30.34 11.09 380.65 6 8 2
83 44.14 18.21 41.60 234.12 6 13 3
84 36.09 24.39 26.55 467.57 5 16 4
85 84.96 97.22 28.84 72.37 10 17 4
86 51.81 78.52 37.00 137.53 3 4 4
87 59.72 96.37 2.50 343.29 23 24 3
88 4.75 50.41 10.96 194.27 0 43 3
89 52.21 35.53 13.36 386.71 9 46 2
90 5.80 79.33 29.37 378.52 14 36 2
91 8.18 53.24 3.06 247.16 8 11 3
92 70.38 85.63 39.50 372.56 2 23 1
93 0.64 28.18 13.91 333.02 1 33 1
94 51.75 35.29 29.96 333.35 7 37 2
95 90.74 35.68 46.96 276.68 22 27 1
96 41.50 94.02 3.44 176.65 15 33 4
97 13.61 22.16 23.98 161.84 20 45 4
98 36.86 31.81 43.16 258.57 24 39 1
99 51.56 57.09 26.21 439.14 3 39 1
100 10.57 96.37 32.70 321.38 17 44 4
101 98.27 47.82 18.62 406.43 18 19 1
102 96.31 52.75 40.49 465.69 23 45 3
103 11.60 43.91 18.49 236.70 18 35 3
104 4.33 91.28 42.02 359.87 17 21 3
105 20.81 99.85 23.64 55.96 12 18 1
106 4.44 54.95 28.56 128.86 12 32 2
107 94.88 17.13 32.47 375.97 10 46 4
108 64.71 59.45 19.59 457.46 20 26 3
109 51.62 32.59 30.32 265.29 24 33 4
110 14.92 77.37 21.30 376.55 14 43 2
111 36.39 40.14 35.50 236.77 12 46 4
112 2.70 50.78 11.94 330.42 8 33 3
113 89.32 12.38 38.75 95.72 13 40 3
114 44.21 36.99 23.70 361.55 7 35 4
115 15.45 63.83 8.45 90.97 5 23 4
116 6.24 70.49 16.63 419.63 8 25 2
117 61.61 77.87 18.12 204.82 7 45 4
118 3.23 51.36 3.62 447.77 2 24 3
119 91.92 58.64 20.25 289.44 3 22 3
120 6.53 42.00 6.05 329.73 22 38 3
121 27.00 12.26 18.92 201.06 6 8 1
122 97.07 65.89 2.26 317.93 4 34 2
123 37.47 0.36 42.08 285.27 21 34 1
124 14.67 83.15 38.25 353.06 21 34 1
125 76.04 79.60 14.74 457.17 17 20 1
126 41.63 70.70 12.32 119.71 1 3 1
127 29.93 4.54 11.28 418.52 23 31 3
128 36.60 92.25 5.47 423.38 8 27 2
129 15.48 66.05 22.71 307.41 5 32 2
130 84.75 50.98 6.14 156.28 9 19 1
131 71.26 72.46 24.94 348.00 1 12 1
132 50.29 88.25 29.35 434.14 6 47 2
133 15.34 66.06 25.50 96.35 17 18 1
134 28.45 50.03 30.25 324.65 16 24 3
135 90.77 98.35 47.22 115.49 4 40 1
136 81.85 29.93 11.67 311.83 24 45 1
137 66.32 78.70 18.70 423.14 3 45 2
138 72.05 38.51 15.65 411.01 7 15 2
139 58.53 14.24 20.18 172.40 21 28 4
140 78.50 91.49 27.48 442.94 15 30 2
141 24.36 76.48 22.85 192.53 6 28 4
142 93.87 53.22 24.13 113.13 8 22 2
143 44.85 89.12 11.33 184.36 15 24 1
144 65.26 84.03 35.98 289.18 15 17 4
145 41.18 76.30 27.93 460.76 3 31 3
146 59.96 16.93 16.18 280.72 19 39 2
147 1.90 29.44 3.02 66.15 17 32 4
148 9.87 67.58 10.18 124.46 14 42 3
149 73.56 19.28 3.00 196.51 17 37 1
150 78.98 63.95 19.09 357.52 6 30 1
151 80.91 1.34 49.68 122.28 0 3 2
152 59.73 86.51 16.20 182.50 0 45 3
153 92.41 82.35 6.48 69.07 1 45 4
154 35.48 55.20 8.04 376.18 14 22 2
155 4.54 78.55 11.63 230.64 0 36 3
156 51.97 53.83 19.05 425.64 13 38 4
157 4.81 28.54 37.05 205.81 8 32 2
158 87.08 32.69 39.45 418.55 5 18 3
159 57.07 67.13 25.23 178.07 20 35 2
160 72.29 67.84 47.66 495.34 19 37 1
161 19.40 55.97 43.30 55.50 9 42 4
162 54.89 91.04 26.79 77.75 6 23 1
163 12.58 46.48 39.61 317.07 8 28 1
164 65.39 77.48 21.15 256.15 6 15 1
165 64.65 74.03 42.10 60.07 2 29 2
166 98.07 86.85 36.47 168.77 12 45 3
167 23.70 25.15 28.40 85.37 4 47 2
168 14.34 99.84 32.23 97.79 9 16 3
169 37.21 6.21 41.70 487.05 2 30 4
170 99.28 56.15 41.52 98.65 22 45 3
171 89.38 35.65 11.30 243.60 12 47 4
172 81.21 32.99 43.24 103.47 7 19 3
173 27.25 44.10 43.05 67.95 22 30 3
174 12.37 68.46 10.69 150.79 18 34 4
175 67.18 63.60 8.57 492.24 8 35 4
176 21.38 12.64 12.13 89.95 5 22 1
177 24.55 13.22 43.79 74.51 5 24 2
178 5.36 10.24 8.66 83.37 13 36 4
179 77.55 34.92 25.59 255.88 2 28 2
180 9.13 65.28 40.37 428.23 20 40 1
181 8.27 60.21 36.31 322.08 1 45 2
182 19.12 26.03 47.13 397.99 11 45 2
183 50.92 11.51 39.80 210.07 0 19 1
184 92.79 8.67 35.38 420.51 11 46 4
185 91.91 0.49 36.42 307.61 1 48 2
186 6.39 66.78 9.51 123.15 13 25 1
187 78.57 99.25 24.47 141.99 20 33 4
188 89.45 30.62 46.62 398.01 24 47 1
189 32.81 51.62 12.32 244.06 0 19 3
190 36.92 47.10 47.94 181.68 17 48 1
191 82.24 8.72 2.03 496.31 15 34 4
192 54.07 96.93 3.30 127.25 7 12 4
193 96.75 31.07 33.52 130.04 7 19 1
194 56.32 34.41 23.14 183.81 12 28 2
195 88.32 98.03 46.11 99.34 22 25 3
196 73.02 43.18 22.87 71.40 20 24 4
197 11.19 99.65 39.85 474.19 21 39 2
198 25.30 24.54 30.43 427.84 13 13 4
199 47.10 77.04 15.15 401.49 19 44 4
200 76.31 46.84 29.56 185.44 2 27 2
201 23.68 40.19 15.54 465.00 24 25 2
202 8.59 66.18 16.37 402.85 11 28 3
203 96.47 83.56 30.30 248.53 12 33 1
204 67.22 96.76 46.50 287.82 17 43 4
205 86.28 47.88 48.96 135.96 7 27 4
206 41.02 61.31 9.06 160.88 21 29 1
207 20.80 68.07 30.83 422.82 23 35 2
208 56.18 73.42 10.28 252.46 11 40 2
209 34.25 6.73 21.92 370.68 4 16 3
210 32.76 57.19 31.40 404.35 6 37 3
211 53.30 43.74 3.70 235.59 17 40 1
212 55.72 73.94 28.77 476.25 0 22 4
213 47.60 4.22 38.23 393.98 4 14 3
214 78.13 29.18 11.94 406.63 5 27 1
215 22.01 28.77 2.78 391.57 20 22 1
216 39.91 44.96 38.08 52.41 14 31 3
217 35.92 65.70 47.33 125.77 16 21 3
218 40.42 38.98 37.25 140.88 10 18 4
219 78.64 61.52 17.60 231.75 3 39 4
220 11.73 57.02 19.89 182.10 17 20 4
221 86.91 36.50 25.61 166.33 24 28 1
222 71.68 6.51 43.74 61.78 7 33 4
223 12.63 83.87 41.53 338.73 15 20 2
224 59.56 11.81 46.23 421.03 23 38 1
225 66.43 35.23 30.49 321.92 21 48 1
226 87.80 48.44 8.13 58.50 5 32 1
227 42.50 29.51 18.93 473.24 11 18 1
228 10.65 26.39 49.05 345.00 22 28 2
229 25.30 89.18 46.55 63.38 10 33 3
230 5.97 33.14 33.62 64.31 13 35 4
231 72.64 86.88 8.53 150.62 7 9 1
232 15.56 83.14 37.79 205.02 18 48 3
233 57.19 37.28 34.53 428.68 23 29 3
234 88.72 69.37 30.99 265.22 7 28 4
235 65.52 47.64 41.92 51.94 14 38 4
236 80.36 64.20 17.58 363.03 15 24 4
237 19.38 47.40 36.50 127.25 1 42 3
238 19.24 66.24 38.40 482.74 6 41 1
239 92.90 43.23 36.89 444.49 21 45 1
240 31.16 81.23 46.20 240.43 2 13 3
241 2.83 94.99 6.63 401.54 23 48 3
242 24.57 69.82 42.92 143.10 17 23 4
243 46.36 44.59 33.25 335.65 19 24 4
244 84.88 51.30 23.58 325.44 6 43 2
245 69.59 32.11 40.52 157.03 7 8 1
246 8.29 35.73 9.39 164.98 2 19 4
247 15.41 46.41 2.86 251.90 7 20 3
248 41.27 42.39 27.43 50.12 4 36 1
249 79.25 93.17 20.12 438.76 9 33 1
250 18.36 35.50 39.01 79.88 13 36 4
251 73.57 6.76 28.80 343.57 6 43 1
252 52.50 91.07 49.06 464.05 6 33 3
253 26.85 63.90 29.47 122.55 5 24 3
254 53.90 11.01 15.12 399.20 5 22 4
255 2.39 34.37 43.61 153.65 7 23 2
256 28.79 24.76 21.60 393.74 21 26 2
257 15.62 76.83 32.99 393.47 6 15 3
258 60.11 57.08 38.23 370.85 22 30 1
259 73.64 39.88 11.60 375.82 15 17 2
260 63.61 39.82 17.84 186.60 11 37 3
261 76.80 8.30 36.49 429.70 20 21 2
262 37.65 71.91 42.00 102.48 18 48 1
263 97.86 17.52 41.77 286.60 22 25 4
264 12.97 50.24 33.75 338.25 17 48 4
265 3.98 40.75 26.44 305.19 11 26 2
266 2.35 88.21 26.34 330.40 3 35 1
267 49.27 9.31 28.32 428.58 8 33 4
268 22.52 68.15 42.41 171.61 19 43 2
269 11.43 29.99 14.29 268.44 9 38 1
270 89.63 51.60 42.58 421.82 1 5 3
271 66.68 72.24 47.31 187.02 18 44 4
272 55.83 1.95 29.70 323.21 10 34 4
273 40.76 29.19 28.26 381.29 0 0 4
274 38.13 51.33 14.07 333.75 19 47 3
275 55.68 20.26 2.26 263.83 5 23 1
276 84.88 96.94 34.53 295.15 21 40 1
277 2.23 94.98 19.83 278.29 3 8 3
278 7.03 47.41 33.64 221.37 13 26 3
279 86.12 60.48 4.27 326.33 9 34 3
280 22.06 15.78 7.60 338.70 11 13 2
281 89.70 42.93 10.50 80.08 23 27 3
282 89.89 14.44 21.32 201.27 6 22 3
283 14.97 83.06 7.27 412.62 10 33 1
284 28.98 78.47 12.90 104.57 12 19 1
285 1.07 90.38 2.06 196.64 10 35 3
286 77.68 63.75 33.65 122.40 17 34 2
287 57.69 84.01 34.62 405.35 6 43 1
288 69.88 77.52 22.21 259.94 13 29 4
289 87.31 13.93 35.06 222.79 3 37 2
290 57.20 24.76 9.77 435.03 13 39 4
291 70.61 97.55 1.77 359.56 1 29 1
292 69.22 53.67 18.08 498.24 7 34 4
293 1.25 78.85 16.61 117.91 12 28 3
294 12.12 62.53 21.68 291.58 10 31 1
295 80.11 15.11 32.28 249.68 8 39 3
296 62.27 81.77 7.36 119.54 17 43 3
297 43.44 10.39 29.59 399.23 8 25 1
298 37.52 67.56 28.70 422.46 18 28 4
299 32.55 65.31 2.74 169.68 8 16 2
300 69.49 48.67 10.40 427.04 18 37 4
301 48.03 61.36 44.88 96.21 3 21 1
302 58.52 81.27 0.75 128.47 7 12 4
303 95.71 15.04 32.48 188.94 14 19 3
304 0.86 28.60 7.10 261.54 1 26 2
305 50.09 24.13 13.33 236.95 11 22 2
306 91.12 82.51 33.72 319.79 22 44 2
307 59.83 18.36 40.91 238.27 2 48 4
308 24.14 66.73 18.11 133.47 0 33 2
309 42.41 74.44 18.56 155.11 5 10 4
310 22.23 99.86 21.69 241.29 2 36 4
311 86.57 54.39 48.77 443.52 13 21 4
312 21.39 86.79 22.68 315.21 12 28 1
313 75.81 51.94 23.81 475.23 18 24 4
314 82.30 7.58 33.71 297.23 20 38 3
315 7.31 14.37 39.47 316.20 18 29 1
316 58.17 94.89 5.30 321.52 20 46 1
317 2.20 54.38 16.86 230.65 7 14 3
318 6.18 87.26 49.79 301.05 23 24 3
319 75.72 37.02 19.09 400.49 18 20 3
320 50.05 39.49 42.09 187.47 0 41 2
321 11.23 35.27 44.58 357.24 2 39 2
322 48.41 40.72 0.01 348.38 12 38 2
323 8.14 55.14 42.83 385.71 10 26 4
324 3.85 44.92 24.63 71.35 11 19 2
325 90.97 89.20 1.08 404.96 8 8 4
326 5.27 97.10 1.63 433.61 13 33 2
327 98.59 67.36 49.00 140.67 19 31 1
328 12.56 54.95 23.12 331.61 23 33 3
329 56.84 56.04 5.91 220.34 1 13 4
330 0.06 13.10 44.16 324.16 3 15 3
331 17.47 93.60 11.26 128.08 8 41 4
332 90.12 76.28 2.89 222.30 18 40 1
333 19.74 66.43 38.56 292.98 21 31 4
334 86.31 5.29 17.06 123.74 10 25 1
335 1.55 57.50 8.75 408.31 23 39 4
336 58.34 4.68 27.42 311.20 0 41 3
337 20.14 57.38 21.85 291.41 21 37 1
338 26.48 54.88 34.68 483.30 11 37 2
339 64.80 37.17 27.86 213.40 4 28 4
340 48.28 3.67 5.09 467.12 10 35 1
341 39.99 33.90 20.88 218.52 19 32 2
342 89.26 31.09 32.66 168.25 23 36 3
343 47.96 37.75 42.96 484.17 10 21 1
344 99.65 97.37 10.85 449.57 6 16 3
345 79.14 43.44 10.78 293.30 14 20 1
346 54.29 72.10 12.54 233.00 7 25 4
347 97.29 47.83 24.15 471.76 5 13 3
348 58.95 36.80 32.86 424.03 19 42 1
349 98.27 7.47 10.78 433.60 3 22 3
350 98.34 81.28 35.19 390.34 17 17 3
351 51.69 16.95 18.43 74.82 6 33 1
352 67.57 25.93 48.19 178.29 3 46 3
353 65.45 98.68 0.81 181.48 18 24 1
354 40.22 73.98 33.68 99.74 8 19 3
355 23.26 59.52 33.69 408.71 22 28 4
356 71.66 69.21 22.37 393.43 0 37 4
357 14.19 46.27 17.65 271.09 19 41 3
358 30.31 93.87 38.19 447.80 0 22 2
359 5.93 7.17 15.07 271.58 3 24 2
360 48.83 45.42 24.82 462.02 10 45 2
361 76.00 90.72 40.92 152.98 0 32 4
362 14.72 57.61 47.77 368.23 2 28 3
363 42.53 81.27 22.22 243.03 0 7 4
364 75.49 5.64 14.69 138.79 2 5 1
365 10.95 50.81 8.13 167.86 16 37 2
366 61.63 83.74 13.28 384.32 3 44 3
367 35.36 55.35 8.97 418.46 8 9 3
368 94.69 84.90 24.09 229.51 20 30 2
369 23.32 18.86 35.95 96.36 24 35 1
370 54.69 40.19 0.16 489.39 2 7 4
371 45.50 82.74 7.35 51.21 2 27 3
372 49.50 19.21 48.90 120.16 5 44 4
373 58.83 54.36 38.20 348.04 17 31 1
374 61.81 1.68 36.29 327.57 11 20 2
375 65.11 21.40 38.85 321.59 18 39 3
376 98.24 83.94 18.69 408.33 14 36 3
377 58.66 40.54 28.20 415.91 10 38 4
378 31.36 70.27 2.20 449.42 20 25 1
379 4.88 37.39 20.60 402.72 6 10 3
380 98.88 59.85 33.40 298.60 6 32 2
381 34.31 53.18 46.42 399.37 21 25 1
382 32.60 23.18 47.94 490.97 19 26 2
383 0.05 66.66 7.34 216.84 4 47 1
384 95.37 89.33 41.93 223.61 3 20 2
385 48.96 7.93 40.11 223.95 17 45 3
386 69.81 12.96 43.68 174.09 15 17 1
387 15.18 67.25 5.17 285.41 17 33 4
388 14.24 77.24 10.43 193.39 2 46 4
389 9.78 86.95 34.68 452.41 18 46 3
390 59.06 39.32 38.35 83.58 19 47 1
391 37.96 72.89 27.34 430.57 4 25 3
392 19.07 48.67 3.09 405.55 7 15 3
393 4.92 79.50 28.74 318.31 11 43 4
394 7.99 77.82 27.91 329.37 13 24 4
395 31.53 25.49 7.95 241.90 3 18 2
396 37.62 9.87 18.50 430.96 18 48 1
397 56.45 43.49 36.32 79.87 16 46 1
398 76.94 99.98 42.02 155.11 7 37 3
399 87.31 70.47 17.64 234.30 6 41 3
400 50.58 3.55 14.43 98.05 2 45 2
1 180.22 3776.52 1
2 111.94 2556.14 2
3 159.25 4433.72 3
4 199.11 3856.34 4
5 169.71 3735.57 2
6 125.78 4544.68 4
7 160.38 3558.94 4
8 144.05 2537.89 4
1 1.49 46.47 2
2 1.99 48.70 4
3 1.10 37.58 8
4 1.38 25.90 6
5 1.25 38.14 8
6 1.32 33.52 1
7 1.92 47.44 3
8 1.06 33.84 7
9 1.80 29.79 5
