Data for Vehicle routing problem with drones - Author: Huyen Do Thi Ngoc
Number of depots: 1
Number of cities: 200
Number of trucks: 2
Number of drones: 6
Area: 100 100 50
Customer maximum demand: 500
Max capacity of truck: 200
Max energy of truck: 5000
Max capacity of drone: 2
Max energy of drone: 50
1 82.36 70.31 8.58
1 41.91 69.61 42.12 240.52 23 43 1
2 14.85 10.21 15.29 324.68 16 30 1
3 45.77 9.45 0.19 333.98 5 14 1
4 85.04 83.41 44.80 490.49 11 38 1
5 96.30 33.64 17.73 420.66 10 39 1
6 21.42 35.07 41.68 293.32 21 40 1
7 54.98 25.29 13.12 312.63 9 20 1
8 13.06 47.95 35.39 452.68 0 4 1
9 59.50 86.46 17.98 54.11 4 48 1
10 94.77 42.55 28.50 410.64 9 20 1
11 1.83 19.49 35.92 127.77 1 23 1
12 58.65 13.40 29.29 130.00 15 22 1
13 79.42 10.01 8.58 240.71 16 39 1
14 21.74 26.87 39.53 246.47 10 20 1
15 28.47 39.46 7.68 191.04 14 29 1
16 61.33 83.04 42.13 475.06 24 48 1
17 99.79 69.03 11.86 208.71 14 45 1
18 0.46 64.77 28.89 402.70 11 21 1
19 16.88 23.90 25.88 398.10 18 44 1
20 57.15 35.02 26.38 437.34 5 38 1
21 63.14 17.09 41.53 50.67 16 28 1
22 33.90 40.78 6.08 94.04 7 15 1
23 55.35 77.67 38.60 269.81 11 33 1
24 20.13 49.09 46.05 165.34 16 19 1
25 17.37 93.85 26.62 116.28 2 47 1
26 72.08 22.82 8.63 472.62 10 40 1
27 78.02 3.52 41.36 211.26 24 48 1
28 40.44 10.35 15.62 404.69 15 27 1
29 0.54 10.91 7.30 251.96 24 39 1
30 29.40 23.87 18.68 406.53 12 32 1
31 71.01 6.54 1.26 305.61 10 31 1
32 3.60 24.54 14.61 308.51 15 48 1
33 34.27 44.18 13.37 314.76 17 40 1
34 5.09 47.93 25.45 479.71 15 19 1
35 82.11 12.99 21.96 206.81 13 13 1
36 98.30 49.16 45.88 477.73 0 5 1
37 10.93 54.14 13.07 462.80 20 47 1
38 36.99 63.58 42.20 413.11 10 23 1
39 11.71 35.44 39.88 312.99 1 36 1
40 79.52 49.82 2.76 64.41 9 36 1
41 31.75 50.18 30.29 211.08 10 11 1
42 87.66 61.01 22.20 298.79 7 32 1
43 89.56 50.71 47.47 96.03 19 37 1
44 42.37 53.72 36.45 69.36 19 23 1
45 80.33 93.44 28.92 216.24 11 39 1
46 70.25 24.78 42.89 377.37 8 31 1
47 49.57 33.06 33.49 293.21 2 5 1
48 43.95 6.00 19.17 62.08 17 41 1
49 33.84 21.94 3.20 410.56 1 27 1
50 37.55 37.08 12.93 471.50 10 11 1
51 96.18 54.81 17.87 350.68 18 38 1
52 71.90 71.08 33.10 164.19 18 33 1
53 74.15 43.17 36.82 150.82 15 34 1
54 46.26 78.52 41.13 295.67 3 16 1
55 72.87 28.73 22.17 364.80 24 24 1
56 9.69 52.60 9.72 248.65 10 27 1
57 43.61 36.14 36.87 409.83 9 23 1
58 22.29 72.51 20.55 394.54 23 32 1
59 90.95 28.62 8.33 459.10 7 28 1
60 35.22 92.92 40.34 378.48 19 44 1
61 18.37 76.85 9.22 56.08 4 28 1
62 10.53 31.66 23.12 350.12 9 47 1
63 44.32 75.24 39.45 231.56 11 30 1
64 7.48 62.34 41.56 198.43 22 46 1
65 4.13 54.55 16.76 129.46 4 21 1
66 68.70 25.27 20.71 446.01 7 20 1
67 62.54 49.09 33.68 417.65 15 37 1
68 14.56 80.21 10.35 306.72 2 19 1
69 19.76 94.91 21.20 304.61 7 14 1
70 60.39 83.28 0.54 269.43 19 42 1
71 49.90 71.21 37.09 390.00 21 21 1
72 83.22 56.66 13.00 429.74 3 6 1
73 55.28 2.36 29.29 360.16 5 32 1
74 1.75 11.10 43.95 95.40 5 28 1
75 17.44 92.81 24.62 226.34 21 45 1
76 81.25 22.17 33.93 272.32 14 28 1
77 20.50 16.14 17.63 131.44 7 25 1
78 50.20 40.28 37.33 208.20 24 35 1
79 12.94 51.16 4.93 378.17 18 36 1
80 9.61 13.57 1.17 409.38 12 48 1
81 29.99 50.41 4.91 359.92 15 19 1
82 53.72 74.31 22.49 152.97 4 4 1
83 43.78 12.78 45.56 311.72 2 14 1
84 56.07 38.52 11.51 424.88 15 35 1
85 68.66 53.67 15.75 228.04 18 21 1
86 4.98 90.45 25.80 340.73 21 48 1
87 11.39 31.97 1.20 473.21 2 8 1
88 61.36 96.80 26.21 312.02 17 20 1
89 99.79 95.18 24.40 174.07 21 42 1
90 70.90 75.29 24.03 200.67 21 38 1
91 64.76 39.38 9.82 495.98 21 44 1
92 90.32 47.90 3.87 366.54 8 25 1
93 93.51 39.52 10.81 59.11 8 10 1
94 14.15 34.23 17.97 155.87 20 31 1
95 45.87 83.67 31.38 71.28 20 36 1
96 30.68 6.42 46.00 164.07 15 26 1
97 77.48 68.84 49.53 98.10 7 24 1
98 9.83 76.14 33.69 162.15 6 13 1
99 77.00 12.86 47.01 72.76 12 24 1
100 24.85 30.90 44.70 60.72 2 28 1
101 43.60 17.34 36.81 131.56 9 10 1
102 38.00 45.83 38.48 167.55 0 34 1
103 69.31 31.46 29.80 414.99 1 33 1
104 26.91 39.72 8.80 278.06 7 44 1
105 78.27 29.82 48.78 261.37 5 46 1
106 19.90 56.86 17.44 456.95 1 14 1
107 58.32 51.40 16.27 181.74 0 33 1
108 55.89 98.32 42.61 361.88 11 20 1
109 56.32 93.49 20.46 357.14 17 35 1
110 90.95 75.69 21.93 269.48 2 40 1
111 40.85 4.07 19.30 150.71 15 46 1
112 90.15 87.62 20.75 284.40 2 34 1
113 21.14 59.18 21.87 155.75 24 28 1
114 25.85 89.58 20.56 283.57 17 28 1
115 78.14 97.67 10.41 168.66 14 27 1
116 99.30 50.92 47.40 420.57 1 26 1
117 25.42 39.01 24.64 228.24 14 27 1
118 68.64 7.93 24.04 286.35 6 15 1
119 35.49 16.46 1.51 495.56 7 22 1
120 2.44 29.02 45.67 404.49 19 38 1
121 85.39 55.52 37.35 397.08 6 36 1
122 45.73 13.75 10.52 268.40 8 34 1
123 56.68 14.84 10.21 424.26 15 37 1
124 26.20 10.86 34.14 445.91 18 27 1
125 20.76 57.23 23.51 190.11 8 43 1
126 7.01 19.58 37.50 468.45 0 42 1
127 76.25 23.26 15.31 422.32 13 15 1
128 59.05 33.06 7.92 364.13 11 19 1
129 59.93 43.45 11.82 301.38 14 20 1
130 85.33 24.09 46.01 134.66 13 41 1
131 29.11 76.47 44.51 465.77 13 31 1
132 89.44 23.03 11.60 337.34 7 14 1
133 13.07 14.70 25.29 242.93 9 46 1
134 48.63 74.57 31.04 168.65 10 42 1
135 96.51 52.08 28.49 226.84 14 20 1
136 99.53 55.37 9.22 222.37 0 26 1
137 13.20 18.61 16.86 425.51 12 24 1
138 84.65 91.64 6.95 389.94 13 16 1
139 22.03 82.32 15.85 294.12 7 9 1
140 69.34 94.13 35.18 191.52 8 9 1
141 65.58 45.63 27.46 148.36 10 32 1
142 61.00 15.71 3.91 59.93 12 37 1
143 14.50 17.84 7.46 199.32 0 25 1
144 39.11 60.64 27.65 337.48 4 45 1
145 80.76 49.62 22.59 118.20 10 45 1
146 23.94 80.41 34.14 329.75 3 6 1
147 31.20 94.46 5.33 493.02 13 31 1
148 15.15 12.67 19.55 235.97 22 36 1
149 87.84 13.85 33.31 451.57 3 43 1
150 25.18 40.90 27.54 238.22 24 43 1
151 10.44 52.06 11.15 135.79 14 22 1
152 44.10 67.99 25.95 232.11 5 41 1
153 61.18 15.99 42.05 86.73 24 25 1
154 5.19 81.98 40.51 435.31 10 39 1
155 76.77 20.68 27.74 495.50 11 11 1
156 10.80 24.92 8.85 261.97 22 35 1
157 13.13 89.31 18.52 329.33 2 2 1
158 51.37 57.98 39.84 472.93 8 25 1
159 21.83 91.96 7.37 331.75 0 46 1
160 77.36 23.33 33.49 249.94 15 44 1
161 39.00 80.69 35.99 286.17 20 41 1
162 10.10 52.26 40.67 398.03 20 38 1
163 35.76 48.87 17.75 129.39 12 36 1
164 61.56 2.71 42.08 177.45 12 26 1
165 51.72 48.25 41.74 168.44 13 35 1
166 10.17 22.62 37.46 163.22 7 11 1
167 90.09 96.54 32.90 154.55 13 39 1
168 67.05 48.18 2.77 438.98 20 31 1
169 21.67 30.23 49.35 442.62 23 30 1
170 56.54 81.60 1.41 311.21 14 20 1
171 17.75 8.71 2.40 273.48 3 48 1
172 79.18 60.99 7.95 367.76 8 31 1
173 51.11 95.96 30.15 319.46 0 10 1
174 15.91 67.94 7.01 124.94 9 33 1
175 7.47 49.09 42.06 444.64 18 32 1
176 93.22 80.12 15.25 251.56 10 13 1
177 57.79 60.93 30.66 451.88 17 29 1
178 13.35 85.61 11.30 411.86 17 22 1
179 91.32 29.64 42.78 301.97 13 26 1
180 99.92 33.31 32.08 369.35 22 32 1
181 89.10 53.31 16.42 362.28 22 27 1
182 45.01 61.10 24.02 474.55 5 19 1
183 49.78 53.65 7.47 112.32 24 28 1
184 29.93 18.04 31.53 376.32 10 43 1
185 42.37 61.82 1.15 303.47 15 48 1
186 88.83 37.02 39.06 484.23 6 15 1
187 83.81 17.78 4.80 380.05 13 38 1
188 76.99 96.76 36.72 325.95 3 32 1
189 90.26 77.06 23.89 380.99 12 31 1
190 19.66 21.00 39.61 125.95 7 8 1
191 12.93 51.05 6.33 62.50 23 27 1
192 5.06 14.44 12.49 442.34 8 27 1
193 91.08 45.37 2.69 240.89 23 34 1
194 10.90 89.79 20.26 363.65 13 40 1
195 41.98 80.66 6.16 228.07 18 18 1
196 35.59 97.81 18.36 363.17 8 32 1
197 15.39 21.42 36.05 337.13 5 34 1
198 16.95 28.70 34.53 338.91 13 15 1
199 50.63 10.11 47.85 438.52 2 7 1
200 62.96 75.26 6.14 144.79 8 38 1
1 199.51 3371.00 1
2 129.24 3583.06 1
1 1.82 36.18 2
2 1.65 25.17 1
3 1.31 42.08 2
4 1.13 40.78 2
5 1.59 43.74 1
6 1.76 31.65 2
