Data for Vehicle routing problem with drones - Author: Huyen Do Thi Ngoc
Number of depots: 3
Number of cities: 200
Number of trucks: 6
Number of drones: 8
Area: 100 100 50
Customer maximum demand: 500
Max capacity of truck: 200
Max energy of truck: 5000
Max capacity of drone: 2
Max energy of drone: 50
1 60.25 44.12 11.21
2 66.21 0.64 0.10
3 90.77 45.08 7.90
1 41.17 9.97 1.42 403.32 16 25 3
2 78.60 89.14 12.66 491.89 11 21 1
3 59.19 8.27 47.76 223.00 7 19 3
4 98.95 82.09 23.62 473.58 14 14 2
5 50.96 46.59 3.92 105.29 24 31 2
6 27.61 2.27 39.28 127.13 12 18 3
7 72.43 16.11 23.97 300.87 23 41 3
8 5.95 94.33 3.61 290.32 2 32 2
9 54.51 24.36 26.76 77.35 2 22 1
10 64.74 84.84 32.18 480.70 1 24 3
11 15.77 61.70 12.82 150.80 6 41 1
12 46.50 93.62 1.22 84.07 19 24 2
13 74.43 25.77 47.76 205.51 2 41 3
14 90.28 29.64 13.20 271.91 22 29 3
15 17.19 46.50 46.46 482.99 5 28 2
16 79.61 25.60 39.05 149.78 20 36 2
17 3.15 7.14 21.04 429.13 18 22 1
18 80.47 6.75 11.96 433.68 12 19 3
19 80.97 49.28 6.87 211.31 15 17 3
20 92.23 58.71 11.48 165.84 24 37 2
21 97.81 70.57 17.38 124.87 12 15 1
22 54.40 73.91 14.69 441.44 12 46 3
23 58.61 80.17 37.71 172.56 13 27 1
24 55.18 7.63 29.16 365.51 17 39 1
25 59.57 43.48 7.16 82.43 14 39 2
26 2.44 34.90 0.23 109.66 13 38 1
27 12.41 80.52 24.56 85.06 8 21 1
28 54.90 32.12 30.08 154.73 15 20 1
29 40.34 21.91 36.88 315.91 12 12 1
30 85.37 42.89 16.73 123.77 15 37 2
31 13.73 40.62 41.83 138.16 22 22 1
32 37.63 26.80 6.01 168.97 22 25 3
33 51.95 15.07 2.13 418.95 22 29 1
34 24.73 98.55 38.62 212.94 0 48 1
35 86.18 65.32 13.89 268.53 4 20 2
36 57.09 5.39 26.44 238.02 15 44 2
37 29.98 1.00 37.56 151.04 1 25 3
38 78.91 71.70 33.18 145.30 23 46 1
39 15.89 6.42 37.41 474.75 9 20 1
40 74.37 40.99 37.12 386.49 14 43 3
41 65.03 34.71 15.38 387.40 11 26 3
42 49.72 53.62 9.15 271.09 9 28 3
43 84.11 40.16 39.46 456.62 2 18 2
44 54.01 90.00 30.80 235.04 19 44 3
45 39.69 1.67 36.04 213.16 0 4 1
46 96.50 79.92 0.05 147.04 22 46 1
47 75.77 83.26 49.21 89.48 4 16 3
48 73.56 40.29 1.48 367.06 5 34 2
49 50.04 20.26 23.57 369.35 22 26 1
50 54.22 35.79 41.10 263.58 22 27 2
51 84.94 15.47 31.63 83.51 22 41 1
52 33.19 32.30 31.50 306.13 21 26 2
53 9.07 61.72 13.71 419.62 15 45 1
54 61.44 17.02 12.05 287.69 17 32 2
55 86.56 25.36 22.91 380.64 13 44 3
56 5.66 56.04 27.21 86.81 5 27 1
57 49.86 34.07 9.58 168.27 22 26 3
58 81.02 10.65 45.28 431.92 7 9 2
59 37.11 69.74 18.49 247.73 0 2 2
60 14.53 9.91 36.69 312.58 5 12 1
61 13.62 16.25 35.63 444.49 4 35 3
62 74.21 95.24 41.15 341.44 1 48 1
63 34.82 75.20 48.40 400.78 10 16 1
64 79.22 11.02 25.91 429.57 16 32 1
65 39.02 66.18 3.90 266.88 21 25 3
66 10.52 95.23 21.96 434.35 19 44 2
67 39.53 95.83 19.65 183.92 22 30 3
68 81.15 9.79 15.42 209.08 7 23 1
69 81.77 62.80 40.43 281.11 17 41 2
70 7.18 35.25 1.78 128.16 15 45 2
71 60.99 79.17 0.85 386.19 7 35 3
72 68.06 47.94 13.35 344.77 24 46 1
73 27.54 44.61 0.83 97.90 23 36 3
74 98.21 15.11 48.65 397.38 11 20 1
75 84.02 63.79 21.62 491.91 15 20 1
76 75.76 40.32 28.97 280.33 20 36 3
77 98.74 47.64 38.79 324.86 3 25 3
78 72.20 53.37 0.41 440.17 16 29 3
79 56.82 27.51 45.13 153.97 9 36 2
80 47.40 97.51 29.33 325.94 15 16 1
81 85.30 22.72 2.94 149.41 20 45 2
82 36.50 31.67 36.47 295.82 12 12 2
83 94.21 84.94 38.81 359.11 7 37 2
84 18.77 28.81 42.53 287.41 23 36 2
85 38.01 91.09 19.70 272.63 24 45 3
86 82.46 55.58 39.83 458.79 2 26 3
87 9.50 33.69 24.32 285.86 23 26 2
88 74.25 61.69 47.48 131.17 17 37 3
89 29.38 34.45 37.48 426.65 20 34 3
90 87.48 67.92 36.17 201.91 4 10 2
91 83.57 49.21 10.76 325.34 21 32 3
92 17.87 73.58 10.22 443.34 8 29 2
93 28.71 86.56 39.94 208.59 5 36 2
94 33.09 50.63 3.96 424.97 20 29 2
95 34.21 30.14 22.23 57.48 17 47 2
96 56.40 81.04 29.17 160.77 16 25 2
97 78.17 12.20 12.39 253.67 24 45 2
98 12.75 14.10 26.74 485.76 6 41 2
99 8.34 91.27 17.75 492.55 16 29 3
100 81.22 5.08 47.25 189.17 20 22 1
101 25.49 52.15 46.49 260.51 12 26 3
102 38.21 5.80 44.44 337.45 5 29 1
103 59.27 88.29 34.92 302.69 5 40 2
104 7.30 36.15 18.39 205.71 13 15 2
105 63.93 43.56 48.28 256.31 15 33 1
106 87.73 34.44 40.03 50.81 2 31 1
107 40.35 85.21 39.08 342.49 17 28 2
108 58.97 55.93 39.71 72.97 18 32 1
109 55.14 85.10 4.84 265.61 16 29 3
110 67.09 56.01 21.57 142.98 18 25 2
111 57.84 96.78 49.94 230.10 12 33 2
112 63.48 88.73 7.99 233.02 11 17 1
113 16.53 82.99 13.00 205.20 13 39 1
114 32.27 21.85 38.00 380.61 22 43 2
115 58.24 80.48 45.80 361.77 9 29 1
116 82.61 89.72 38.47 407.17 23 45 2
117 93.62 16.45 46.90 59.13 9 27 1
118 8.91 42.17 6.05 399.40 1 48 1
119 13.30 44.61 11.96 134.01 10 48 3
120 23.35 83.96 34.56 385.37 1 27 3
121 24.72 44.15 21.71 405.39 24 30 1
122 78.56 20.62 40.71 349.56 19 48 3
123 81.11 40.91 45.93 387.20 6 48 1
124 44.73 14.39 13.27 343.44 18 28 2
125 68.92 45.61 49.41 399.75 1 29 1
126 88.40 88.55 17.06 271.50 20 44 3
127 16.69 4.24 45.33 196.47 6 13 1
128 39.68 27.55 44.12 152.46 0 14 1
129 23.65 70.32 6.90 325.95 5 36 2
130 66.04 21.25 18.62 379.11 21 36 2
131 42.48 38.52 42.76 455.22 22 35 1
132 42.08 80.02 44.91 437.86 20 40 1
133 25.69 69.05 2.32 237.02 12 19 2
134 78.88 94.68 32.78 211.26 3 44 2
135 50.00 29.77 12.46 257.23 21 26 3
136 25.98 10.11 3.29 343.37 11 39 3
137 23.75 79.72 24.96 57.19 0 0 1
138 38.19 38.29 43.53 289.28 24 45 2
139 30.55 64.87 47.72 462.54 23 29 2
140 60.22 24.73 35.72 352.63 4 18 2
141 0.62 52.06 25.81 210.74 21 24 3
142 81.81 32.73 26.25 337.74 3 37 1
143 11.87 85.86 30.09 70.96 15 22 1
144 91.88 90.47 17.05 208.49 23 45 3
145 92.74 23.45 32.86 235.81 5 9 2
146 60.88 80.20 12.69 258.65 6 24 3
147 21.81 43.50 34.04 285.70 3 16 2
148 41.21 52.82 47.38 116.60 20 41 2
149 16.32 60.50 1.63 102.81 24 32 1
150 99.88 74.17 11.59 176.25 19 37 3
151 79.07 49.93 32.78 113.14 21 47 3
152 41.27 26.74 21.26 203.42 18 19 2
153 26.16 60.86 39.25 492.23 19 38 2
154 86.29 42.16 37.39 90.92 23 35 2
155 46.56 40.11 12.74 202.56 4 42 1
156 10.25 6.03 7.62 435.59 11 16 2
157 43.03 1.69 23.40 152.22 11 16 2
158 82.89 73.43 8.91 481.40 0 6 3
159 27.06 83.98 5.94 391.29 19 38 2
160 37.98 88.09 0.56 434.84 11 36 3
161 77.55 69.86 32.97 370.79 14 42 1
162 59.56 76.35 19.83 386.82 22 38 1
163 37.64 47.07 33.97 118.56 6 41 3
164 87.24 99.47 22.81 358.65 14 35 2
165 76.45 76.04 25.07 300.23 21 47 1
166 74.56 96.22 48.91 427.40 11 33 1
167 59.48 9.08 28.88 59.47 17 32 3
168 36.14 78.21 11.40 164.45 20 38 1
169 38.75 33.08 27.28 334.10 15 24 1
170 61.14 96.99 30.29 204.70 17 29 2
171 30.74 9.03 42.21 413.27 0 5 3
172 7.79 44.91 6.42 104.10 0 3 2
173 34.35 73.73 14.69 393.21 14 37 2
174 1.56 35.54 29.37 339.46 10 32 2
175 9.52 1.20 11.52 246.04 3 31 3
176 1.08 41.29 7.94 51.48 8 9 3
177 22.60 24.20 14.17 213.25 15 42 1
178 22.68 90.00 43.14 195.26 3 10 3
179 43.60 85.74 31.29 346.53 4 20 2
180 77.82 16.73 17.61 416.52 5 33 3
181 10.16 75.15 37.13 459.86 22 22 2
182 20.06 6.96 16.56 134.59 5 6 1
183 14.56 68.94 22.79 207.80 3 20 2
184 0.62 95.50 15.82 89.53 1 16 1
185 91.29 94.05 16.40 165.52 2 29 2
186 76.95 94.06 22.40 75.07 15 25 2
187 99.00 61.58 13.55 206.24 12 37 3
188 76.62 18.36 38.54 288.03 16 33 3
189 34.72 46.48 14.67 376.70 11 47 1
190 94.12 75.44 2.91 412.22 1 35 1
191 23.71 81.44 34.08 352.56 15 18 2
192 14.50 97.44 4.00 423.72 8 26 2
193 30.38 86.18 30.45 141.92 8 17 3
194 84.63 78.24 2.40 474.13 5 12 3
195 38.15 51.79 40.47 196.87 10 39 2
196 14.02 62.72 42.05 180.34 12 35 1
197 67.69 13.32 36.83 380.87 17 26 2
198 59.51 37.63 37.77 388.13 9 42 3
199 38.99 30.08 17.87 340.74 6 6 2
200 12.43 67.29 24.30 117.45 2 37 2
1 179.43 3434.28 1
2 152.46 2683.68 2
3 124.69 3996.83 3
4 190.99 4753.49 1
5 108.23 3612.02 2
6 160.48 2824.55 1
1 1.80 42.02 1
2 1.55 45.62 6
3 1.20 28.42 6
4 1.85 49.19 2
5 1.21 33.45 6
6 1.04 49.08 5
7 1.42 29.85 2
8 1.88 29.90 1
