Data for Vehicle routing problem with drones - Author: Huyen Do Thi Ngoc
Number of depots: 3
Number of cities: 100
Number of trucks: 4
Number of drones: 14
Area: 100 100 50
Customer maximum demand: 500
Max capacity of truck: 200
Max energy of truck: 5000
Max capacity of drone: 2
Max energy of drone: 50
1 32.81 91.07 41.34
2 20.24 4.66 11.02
3 24.40 66.66 9.00
1 15.97 80.37 37.88 379.83 3 30 1
2 21.88 54.49 0.92 479.58 13 17 3
3 51.18 94.72 32.36 217.04 8 21 1
4 54.63 81.15 32.74 114.30 15 48 1
5 93.09 51.49 43.08 52.85 24 32 1
6 62.08 59.44 25.33 122.45 3 34 3
7 86.27 50.37 27.21 272.84 16 39 1
8 32.72 53.33 1.06 108.62 0 34 3
9 62.10 46.56 30.39 419.37 18 34 1
10 83.63 97.27 47.92 360.72 12 38 1
11 12.77 23.50 45.95 78.14 20 39 1
12 61.99 96.57 31.99 61.39 2 16 1
13 69.81 2.11 37.76 93.18 1 13 3
14 85.33 85.08 22.50 462.38 16 40 3
15 20.32 93.87 31.61 122.77 21 23 1
16 0.89 19.20 31.21 69.99 15 16 1
17 65.10 71.66 3.15 163.85 6 28 2
18 1.46 82.73 6.05 260.89 12 21 1
19 33.50 62.99 48.96 372.34 14 33 2
20 29.97 40.41 36.30 115.18 18 21 2
21 32.84 94.44 13.63 395.41 14 28 3
22 24.05 77.60 48.63 439.23 4 43 2
23 6.62 65.99 27.68 166.82 4 14 1
24 25.23 35.30 43.43 473.50 20 41 2
25 19.71 88.65 43.79 248.42 8 19 3
26 75.34 45.40 35.15 417.84 20 24 2
27 4.85 27.79 32.88 318.11 24 36 3
28 17.05 84.51 17.38 253.19 20 32 2
29 31.28 53.53 7.01 70.00 22 36 3
30 91.63 84.74 7.39 289.92 1 32 3
31 79.91 59.87 22.94 455.99 3 36 2
32 81.34 98.87 1.70 253.42 13 26 1
33 88.55 15.75 13.99 99.27 23 40 3
34 11.45 82.07 13.66 191.04 3 25 2
35 9.23 38.33 13.17 381.11 16 34 3
36 3.93 12.65 25.64 351.36 4 33 2
37 37.35 75.96 30.37 190.24 5 13 3
38 72.92 80.90 11.75 146.48 18 37 3
39 44.11 51.07 22.56 475.25 6 37 3
40 71.43 79.62 9.10 416.61 18 20 1
41 8.23 66.23 24.59 229.00 2 2 2
42 47.65 11.41 38.22 285.47 4 8 2
43 61.80 30.23 45.88 138.54 9 45 1
44 29.94 13.26 19.74 405.48 16 30 3
45 86.92 77.03 12.82 86.29 17 25 2
46 12.94 7.87 47.44 104.82 6 42 2
47 19.35 74.04 41.45 435.55 21 45 3
48 60.99 95.59 48.41 199.96 3 38 3
49 75.13 23.42 11.71 317.87 5 37 2
50 5.74 74.02 12.44 124.43 22 48 3
51 20.99 55.48 30.48 394.09 7 28 3
52 46.38 65.79 38.42 301.21 0 19 1
53 50.21 73.81 2.99 356.31 14 47 1
54 99.85 24.54 0.56 386.37 17 43 1
55 89.08 74.85 25.93 118.87 23 31 1
56 97.41 41.68 15.32 213.94 21 21 1
57 22.73 32.87 5.34 77.06 23 32 1
58 89.74 12.28 3.93 249.31 12 40 3
59 24.08 88.57 33.02 490.24 13 32 1
60 78.74 7.21 38.79 329.74 3 14 2
61 34.95 6.50 36.45 335.89 19 43 3
62 5.77 28.58 2.21 367.56 9 14 2
63 98.31 33.98 27.01 103.66 17 17 1
64 55.07 71.57 32.29 452.27 16 34 1
65 70.02 84.21 38.08 67.69 20 33 2
66 14.50 8.97 15.54 480.94 11 18 2
67 40.36 86.73 12.62 423.70 13 35 1
68 86.09 47.89 14.54 127.58 4 6 2
69 40.40 65.34 33.67 326.26 18 27 3
70 33.66 70.39 19.02 84.84 23 37 2
71 49.72 2.60 31.71 225.08 8 28 2
72 76.58 33.72 23.19 189.83 9 17 1
73 19.28 11.76 29.75 185.93 19 37 2
74 34.26 37.61 38.74 479.35 19 44 2
75 52.24 16.73 17.05 396.16 16 29 2
76 39.92 16.32 33.99 403.25 6 44 1
77 38.70 25.95 19.37 386.09 21 21 2
78 28.89 32.17 40.35 462.77 0 39 3
79 65.34 95.73 8.74 368.67 24 36 1
80 85.95 17.34 23.92 461.47 12 47 1
81 61.97 12.22 18.29 236.71 9 17 3
82 47.96 61.35 18.69 481.02 20 34 3
83 10.20 55.25 36.50 309.51 4 23 1
84 47.60 92.79 20.25 54.30 10 46 2
85 61.94 45.77 27.55 291.61 12 44 3
86 59.56 7.04 3.07 240.68 6 12 3
87 76.92 15.28 20.85 308.53 4 46 1
88 75.84 98.85 4.13 168.93 9 35 3
89 84.55 46.70 29.27 214.74 7 25 1
90 13.95 43.10 27.03 81.75 10 25 2
91 19.22 65.43 13.21 296.40 11 40 2
92 42.24 24.41 6.25 394.36 18 19 3
93 11.49 39.28 12.60 204.30 2 38 3
94 86.16 88.88 9.43 200.59 23 39 1
95 92.67 11.79 42.39 415.49 19 38 1
96 84.46 31.12 45.82 58.11 12 43 3
97 71.87 99.84 42.24 104.12 19 35 2
98 64.40 99.53 17.51 299.13 14 41 2
99 87.23 61.42 3.06 150.92 0 2 1
100 13.95 51.03 0.12 494.44 3 33 3
1 161.94 4733.25 1
2 168.68 4808.30 2
3 136.66 4235.70 3
4 196.95 4884.57 3
1 1.64 36.23 1
2 1.43 45.34 1
3 1.70 39.72 3
4 1.25 41.25 4
5 1.04 35.77 4
6 1.24 25.31 2
7 1.96 37.12 3
8 1.92 36.99 2
9 1.09 26.28 3
10 1.47 25.24 4
11 1.34 42.49 1
12 1.92 29.83 3
13 1.58 30.05 4
14 1.14 47.50 4
