Data for Vehicle routing problem with drones - Author: Huyen Do Thi Ngoc
Number of depots: 3
Number of cities: 500
Number of trucks: 6
Number of drones: 12
Area: 100 100 50
Customer maximum demand: 500
Max capacity of truck: 200
Max energy of truck: 5000
Max capacity of drone: 2
Max energy of drone: 50
1 70.32 51.61 7.85
2 40.76 28.82 22.20
3 74.17 23.59 8.40
1 32.69 48.41 23.97 426.60 12 38 3
2 22.75 24.35 38.66 357.50 22 31 2
3 36.98 8.97 15.36 491.07 6 30 3
4 98.38 14.33 0.46 337.82 9 19 1
5 15.55 18.18 0.78 316.47 4 46 2
6 68.26 98.62 43.70 424.95 22 41 2
7 45.47 61.81 42.02 488.09 20 33 2
8 24.02 14.51 18.10 64.70 15 25 3
9 40.06 21.43 3.29 265.25 19 20 3
10 68.16 17.96 27.47 382.03 22 42 3
11 6.56 4.78 44.96 265.20 14 18 2
12 21.03 88.19 28.73 388.47 23 28 2
13 59.65 50.31 2.05 80.08 5 31 1
14 21.59 59.47 43.50 278.36 6 34 3
15 74.96 36.41 5.24 452.21 17 45 2
16 79.18 74.29 28.19 353.86 3 41 3
17 73.17 56.79 6.12 213.36 11 48 2
18 60.31 94.70 10.46 198.50 19 19 2
19 36.08 11.39 5.35 290.42 20 48 1
20 67.11 17.64 49.95 356.38 21 24 3
21 58.93 25.95 45.99 220.74 3 27 1
22 42.45 97.25 14.90 300.60 1 5 3
23 73.42 94.83 30.66 306.38 19 35 2
24 93.25 59.47 10.80 61.28 13 16 3
25 6.16 37.15 16.28 362.39 5 24 3
26 13.98 95.00 19.77 182.52 17 20 3
27 98.90 1.99 33.02 233.00 18 31 1
28 15.31 36.70 44.84 413.42 23 30 1
29 39.09 81.90 6.14 360.69 19 47 3
30 7.37 60.46 16.19 84.30 23 48 2
31 16.34 26.43 8.70 67.04 16 32 1
32 45.13 50.05 0.23 350.40 22 41 2
33 8.42 52.50 37.88 373.79 13 33 2
34 94.14 76.49 6.24 451.32 14 47 3
35 45.80 78.97 13.63 82.96 7 44 1
36 2.83 9.31 16.17 127.75 21 33 2
37 25.21 99.09 10.44 296.40 22 39 3
38 69.02 61.82 20.61 81.53 13 22 3
39 35.21 30.15 38.56 192.67 13 20 2
40 47.70 0.40 9.94 343.97 8 31 2
41 8.55 74.82 42.06 483.54 14 25 2
42 0.01 38.32 35.53 365.27 18 28 1
43 99.06 27.95 21.08 411.31 3 30 2
44 74.00 50.50 49.02 61.01 11 34 1
45 41.00 10.83 42.09 204.89 20 33 3
46 86.90 69.98 25.13 462.35 8 20 1
47 31.85 23.14 11.29 183.36 14 20 2
48 14.97 86.63 34.75 480.48 22 48 1
49 95.13 20.00 49.19 211.80 0 22 2
50 72.37 73.45 13.07 247.06 12 25 1
51 44.51 12.25 36.76 105.57 20 30 2
52 79.37 25.83 44.52 375.07 7 25 1
53 38.91 33.92 31.62 215.48 18 25 2
54 82.41 16.82 13.63 465.69 8 9 2
55 60.77 58.18 30.90 438.53 9 35 3
56 61.44 69.17 8.34 68.19 5 41 1
57 18.88 40.85 3.90 445.79 23 33 2
58 83.21 62.32 12.62 281.12 20 44 3
59 16.50 47.19 20.18 407.64 8 36 2
60 4.15 44.66 14.41 163.88 6 13 2
61 83.53 49.51 0.55 485.18 20 29 3
62 63.60 17.68 44.51 426.55 1 44 3
63 83.71 51.52 9.38 332.31 1 48 1
64 80.21 32.30 32.79 304.26 12 16 3
65 2.62 32.32 33.87 59.00 12 12 1
66 9.59 69.64 1.14 255.90 12 47 3
67 31.98 54.28 1.12 137.56 7 39 3
68 43.57 95.08 49.98 67.19 20 42 1
69 24.06 84.07 18.20 312.05 17 45 2
70 86.29 69.61 22.09 118.76 20 27 1
71 51.13 89.50 46.91 149.85 23 36 1
72 42.79 27.03 9.59 197.47 13 43 3
73 50.27 24.52 16.53 163.55 22 48 1
74 52.92 79.35 12.28 165.59 23 31 3
75 43.42 32.03 33.13 378.26 9 31 3
76 7.49 19.87 16.18 400.20 13 24 3
77 13.44 12.03 42.14 71.51 23 43 1
78 63.62 17.13 7.12 188.40 23 23 2
79 95.81 68.59 42.97 394.46 5 37 3
80 95.25 50.34 46.11 125.26 4 18 2
81 70.21 24.82 5.70 188.69 9 19 3
82 8.97 54.01 42.57 217.41 2 9 2
83 91.44 22.76 46.63 66.80 0 9 2
84 8.41 5.31 42.63 144.00 15 21 2
85 39.05 80.14 20.93 417.83 22 38 3
86 62.26 91.01 32.29 163.62 7 12 1
87 77.80 80.26 42.85 249.59 7 17 3
88 39.18 5.03 8.20 273.70 5 33 2
89 58.18 87.76 42.56 102.89 21 26 1
90 45.20 73.30 31.23 389.74 17 45 2
91 91.66 80.34 25.73 334.17 4 4 1
92 54.57 72.65 33.82 129.64 7 20 2
93 22.31 84.93 23.10 371.51 1 36 2
94 28.92 92.47 37.56 402.54 2 20 3
95 14.20 39.33 12.82 228.83 14 22 3
96 27.99 43.26 9.50 410.63 14 41 3
97 80.01 27.27 4.24 51.84 3 15 1
98 69.02 76.13 2.64 68.58 21 42 3
99 32.31 89.95 15.67 488.60 22 29 1
100 6.01 34.56 32.31 165.87 11 45 1
101 1.56 83.28 18.85 354.32 10 24 3
102 8.12 42.28 23.09 67.25 18 19 3
103 39.78 69.18 39.66 328.90 12 34 3
104 95.61 48.51 32.77 467.92 21 48 3
105 91.54 55.00 48.13 129.07 6 16 2
106 51.40 64.57 44.86 181.54 15 22 1
107 48.28 62.80 33.48 142.25 15 20 1
108 35.63 71.40 7.92 143.99 12 32 1
109 3.00 36.16 49.88 380.28 24 32 2
110 64.41 95.50 38.69 347.93 19 34 2
111 9.78 68.49 48.75 162.31 23 33 3
112 21.94 0.25 42.33 450.70 23 37 3
113 22.57 31.54 9.93 327.36 13 15 2
114 85.63 79.50 49.27 263.33 21 32 2
115 25.97 37.01 46.59 374.68 6 46 2
116 72.19 64.20 6.19 95.97 24 34 3
117 79.83 42.26 1.75 187.22 8 13 2
118 51.29 52.04 20.88 285.78 1 13 1
119 30.22 89.65 13.13 247.41 18 26 1
120 35.39 98.67 48.92 268.82 18 28 1
121 96.82 45.04 22.77 270.67 9 36 1
122 60.71 34.57 11.90 404.26 0 15 1
123 98.10 77.12 8.25 371.36 14 20 3
124 31.59 58.10 25.50 210.13 5 28 1
125 76.20 4.07 21.63 175.65 11 23 2
126 64.09 32.45 35.71 496.24 11 17 3
127 44.59 99.92 48.10 221.27 15 43 2
128 93.76 74.00 22.23 358.30 12 29 1
129 23.88 78.92 7.11 71.19 10 10 3
130 99.79 89.89 13.51 305.38 10 39 3
131 67.19 78.94 15.58 489.99 4 33 1
132 60.03 33.41 11.65 485.69 2 7 1
133 48.92 99.50 13.59 277.89 17 28 1
134 62.78 66.99 7.63 484.65 15 22 1
135 54.24 87.95 44.84 89.35 7 17 3
136 88.22 24.41 42.98 490.31 0 15 3
137 89.18 86.21 31.45 397.71 3 13 1
138 50.29 56.65 5.75 440.50 0 2 1
139 19.61 67.31 49.26 136.21 14 28 2
140 30.29 0.30 40.44 225.20 7 20 2
141 9.60 87.15 11.28 372.70 0 37 2
142 24.93 48.62 1.51 274.54 22 46 1
143 42.12 11.69 17.20 364.39 21 33 3
144 42.57 60.35 8.57 204.45 9 46 3
145 77.87 49.26 48.56 249.62 22 22 1
146 47.52 69.16 16.22 476.70 23 42 2
147 90.76 78.71 29.79 62.85 20 36 2
148 62.06 56.30 24.10 114.25 23 30 2
149 38.81 6.67 7.49 131.56 22 43 2
150 24.86 44.53 20.96 325.20 10 24 2
151 83.12 46.79 30.90 223.51 13 22 2
152 39.06 77.82 26.30 458.49 10 47 3
153 46.89 68.17 17.43 485.16 8 16 3
154 94.64 85.30 11.46 476.83 13 44 1
155 92.58 39.10 25.88 93.82 14 15 1
156 6.35 6.03 35.13 298.05 4 45 1
157 10.45 59.13 30.56 478.75 17 20 3
158 46.99 66.64 18.54 412.88 21 22 3
159 81.24 69.82 32.82 308.48 22 35 1
160 78.61 40.59 6.38 313.18 5 7 2
161 41.90 12.12 10.68 355.70 21 23 2
162 96.78 49.61 20.52 300.39 6 31 1
163 16.81 26.91 36.07 367.76 12 34 1
164 6.21 88.70 24.36 453.19 15 41 1
165 23.61 31.79 44.04 224.31 12 35 1
166 48.79 46.36 44.83 377.18 21 41 3
167 84.78 61.84 17.26 417.74 3 13 2
168 86.26 95.41 30.82 191.43 4 43 3
169 60.98 70.11 47.94 364.05 22 25 2
170 12.12 2.46 25.00 391.60 3 22 1
171 68.87 76.09 21.21 389.36 18 24 1
172 36.98 24.28 22.20 67.40 22 22 3
173 23.98 45.62 23.96 271.62 23 44 1
174 12.81 57.78 26.65 188.07 13 26 3
175 39.86 89.71 4.12 297.23 2 20 3
176 15.78 16.25 44.89 347.67 17 40 2
177 72.88 75.10 3.46 231.94 0 32 3
178 18.29 82.87 1.27 392.56 4 45 2
179 57.02 62.82 49.22 474.29 12 44 1
180 46.12 12.61 49.49 159.71 3 23 1
181 42.37 78.47 25.81 158.61 17 24 3
182 15.26 68.45 0.16 284.57 9 9 1
183 19.86 64.72 20.98 421.92 7 24 1
184 11.88 13.51 18.57 55.64 9 24 2
185 93.48 71.74 0.96 109.74 3 24 1
186 40.89 16.27 13.48 346.67 14 19 1
187 3.56 56.72 27.48 50.35 4 29 2
188 89.32 99.06 46.27 359.03 8 12 1
189 11.87 59.09 32.25 194.07 22 27 2
190 92.90 94.42 6.79 338.68 15 30 3
191 54.28 3.55 49.01 80.40 11 16 2
192 79.76 12.47 26.14 186.47 14 24 2
193 36.05 84.35 36.52 139.17 22 40 3
194 85.20 4.83 44.41 206.88 8 41 1
195 47.79 98.43 3.72 263.49 7 47 2
196 59.01 85.04 15.57 499.59 10 27 1
197 33.50 7.43 15.18 127.09 7 41 1
198 30.70 40.81 28.29 138.53 21 37 1
199 37.56 61.83 45.00 494.64 23 30 3
200 47.11 92.87 31.67 194.39 23 34 2
201 51.20 77.01 15.02 98.36 1 34 2
202 68.97 96.04 49.92 485.41 21 47 3
203 0.83 69.37 47.49 78.88 16 36 1
204 81.90 57.53 25.83 264.12 1 48 1
205 11.31 25.48 19.56 264.95 24 38 1
206 18.92 47.41 40.51 96.79 24 48 2
207 4.55 4.90 27.25 133.38 11 29 3
208 75.23 28.91 16.67 455.24 3 28 2
209 71.04 1.10 19.45 452.36 4 17 3
210 23.29 39.06 2.73 432.75 4 47 3
211 55.38 88.15 42.96 155.93 3 13 1
212 76.68 32.30 39.19 107.62 10 11 2
213 97.33 20.37 5.12 105.83 10 48 3
214 0.82 20.38 13.88 387.14 3 6 2
215 93.61 1.94 40.46 236.33 13 36 1
216 25.93 39.33 40.17 93.36 9 35 3
217 13.07 27.96 25.50 246.11 10 28 3
218 15.08 95.48 42.89 211.15 8 47 1
219 73.12 67.80 46.25 115.29 0 42 2
220 88.45 21.06 42.52 222.94 10 14 3
221 97.51 22.21 46.88 260.52 15 24 3
222 61.48 71.59 27.78 310.63 11 19 2
223 65.53 68.49 31.94 176.19 11 38 2
224 22.94 92.86 21.92 166.47 23 23 2
225 58.64 15.93 2.09 352.37 16 22 3
226 24.63 37.98 13.07 392.81 4 29 3
227 65.54 55.50 2.17 70.74 2 44 1
228 49.44 64.49 35.56 409.69 5 38 1
229 37.65 10.24 1.41 411.40 4 11 2
230 99.82 63.29 36.78 294.57 7 33 3
231 56.68 8.06 38.79 443.56 9 25 3
232 23.76 5.37 35.32 439.91 19 36 1
233 65.55 73.50 33.00 285.32 6 40 1
234 73.71 78.81 37.20 273.91 11 19 1
235 67.21 30.84 9.14 208.28 21 21 3
236 88.92 50.36 35.91 196.58 2 41 2
237 36.58 86.74 42.28 285.21 22 42 2
238 98.07 49.80 15.38 149.02 21 30 1
239 48.40 93.74 7.06 396.54 5 14 1
240 58.08 94.96 36.58 224.66 11 28 2
241 24.45 73.52 2.20 177.84 17 19 1
242 55.68 39.43 37.06 366.50 24 47 3
243 66.64 72.14 27.78 235.62 3 16 1
244 37.92 65.81 19.87 137.59 18 48 2
245 1.76 65.24 48.85 419.58 17 37 1
246 12.16 82.92 34.27 88.36 18 24 3
247 75.66 23.49 28.98 123.30 13 27 3
248 57.23 23.10 22.42 82.33 6 30 2
249 50.61 28.47 26.85 333.72 5 8 1
250 56.39 78.96 18.53 386.05 4 41 3
251 85.68 31.12 27.72 164.67 12 16 1
252 98.86 20.62 42.57 160.94 21 26 3
253 51.97 34.28 7.67 398.12 24 31 2
254 31.23 56.59 10.48 201.55 14 21 2
255 19.56 74.22 10.40 99.54 15 21 1
256 16.53 53.55 21.84 98.61 18 26 2
257 9.39 47.22 33.24 290.44 14 23 2
258 75.58 28.55 46.12 322.64 13 42 3
259 42.28 17.37 21.13 214.29 16 48 2
260 62.68 21.18 27.05 429.18 19 23 1
261 11.28 77.56 15.76 91.08 16 19 3
262 87.50 44.73 33.70 160.34 0 4 3
263 96.20 67.94 18.43 130.19 5 16 2
264 63.80 40.68 40.43 119.78 8 44 2
265 57.83 40.14 29.14 219.92 19 43 3
266 91.73 80.32 17.09 300.20 4 45 3
267 26.25 59.09 42.14 167.46 11 37 2
268 39.67 44.67 4.88 275.80 5 15 1
269 68.39 90.16 45.37 256.80 3 23 2
270 57.50 74.76 39.67 273.91 14 41 3
271 30.11 9.43 45.69 161.76 3 45 1
272 23.78 55.12 10.22 251.14 10 42 1
273 17.13 36.05 32.46 334.48 11 45 1
274 45.10 91.23 44.90 364.17 10 19 1
275 39.63 65.72 33.67 451.27 4 31 1
276 95.99 56.68 20.50 392.99 1 35 1
277 37.82 42.40 32.60 461.82 18 39 2
278 74.39 46.95 35.19 184.66 9 32 2
279 73.80 29.45 42.73 129.64 2 2 1
280 7.93 71.91 29.13 430.16 23 24 2
281 30.13 26.86 23.46 53.20 11 41 1
282 27.31 94.65 7.18 467.89 12 32 2
283 60.17 95.27 44.13 288.43 21 36 3
284 13.93 42.76 46.28 276.49 16 16 1
285 71.80 77.56 10.95 347.31 8 26 2
286 17.65 30.40 7.69 282.27 22 43 2
287 67.42 45.98 19.38 269.58 11 20 3
288 65.70 11.81 26.58 398.33 15 37 2
289 91.08 74.52 25.18 326.55 13 44 3
290 64.40 74.32 5.42 280.67 16 27 3
291 38.03 73.70 21.66 284.02 20 25 3
292 24.88 15.82 49.59 62.45 21 39 3
293 53.71 97.45 10.98 339.82 3 10 2
294 73.92 96.09 46.03 64.07 10 35 2
295 97.31 62.04 14.07 135.80 11 30 2
296 15.12 24.26 42.41 52.83 2 23 1
297 91.81 25.99 12.83 335.70 18 38 1
298 36.63 58.23 41.06 103.84 8 47 1
299 92.89 73.56 7.86 303.18 6 26 3
300 3.30 95.90 14.17 175.48 1 35 1
301 74.36 56.96 29.80 270.25 19 30 1
302 22.52 31.51 28.98 421.02 17 33 1
303 77.81 77.12 32.91 416.54 13 48 1
304 44.92 82.66 15.73 97.99 7 43 2
305 67.64 98.29 38.33 217.59 20 21 1
306 79.15 90.20 26.58 320.27 22 33 1
307 7.86 95.38 32.61 206.94 8 40 1
308 44.43 48.26 47.29 92.66 1 29 1
309 93.34 83.42 45.02 394.20 23 35 2
310 79.05 2.40 39.45 221.41 24 37 2
311 78.15 4.71 4.53 403.60 14 24 1
312 59.37 1.66 44.94 168.41 14 21 3
313 48.85 74.64 34.97 454.12 7 13 3
314 72.57 12.51 49.38 253.45 19 24 3
315 52.12 78.20 39.48 359.37 11 30 2
316 83.88 33.80 25.98 298.21 10 42 1
317 23.72 93.68 12.65 432.33 3 31 1
318 36.89 42.99 44.88 308.51 22 42 3
319 87.78 40.95 44.92 201.66 10 44 3
320 49.02 51.68 24.05 134.77 19 28 2
321 43.54 90.32 36.86 341.18 9 30 3
322 66.52 75.29 28.88 385.36 1 20 1
323 72.87 79.41 2.38 71.48 5 8 3
324 52.63 56.51 41.28 328.02 17 48 3
325 4.20 11.39 36.48 422.40 23 29 3
326 15.67 92.23 1.75 383.99 0 25 3
327 24.32 81.02 37.36 216.18 1 31 2
328 81.02 75.00 18.40 171.36 21 30 1
329 60.82 36.44 40.94 324.28 23 25 2
330 87.78 3.54 23.34 387.85 17 33 1
331 72.66 6.59 1.21 157.84 8 33 2
332 95.99 84.12 31.49 68.73 20 21 1
333 66.28 61.93 35.47 55.07 21 41 3
334 45.30 76.23 32.31 147.34 5 14 2
335 95.29 54.68 10.51 302.50 23 35 2
336 4.40 47.65 18.90 431.16 24 41 2
337 66.21 29.55 9.40 267.97 13 43 3
338 84.35 61.17 18.86 469.87 1 13 2
339 31.41 12.18 48.81 303.62 2 17 1
340 96.18 3.05 44.14 346.64 10 20 3
341 71.04 19.15 0.71 494.82 11 26 2
342 66.48 44.18 4.95 151.90 22 38 1
343 97.78 27.71 1.52 490.17 11 18 3
344 97.14 2.92 26.93 323.51 21 47 2
345 73.53 28.67 49.00 197.10 19 26 1
346 90.04 33.59 8.56 296.81 4 32 3
347 13.85 89.19 2.56 264.91 24 40 1
348 2.48 18.88 16.79 315.51 19 21 1
349 11.15 96.46 43.31 175.47 22 37 2
350 39.55 73.74 25.77 353.15 23 23 3
351 40.97 8.70 2.53 140.26 18 36 3
352 44.71 83.80 48.01 121.30 7 43 2
353 88.18 16.36 37.07 411.14 24 47 2
354 72.73 26.09 3.02 166.35 12 13 3
355 16.16 87.35 31.51 53.08 3 33 3
356 33.87 10.01 5.58 258.65 13 29 2
357 4.30 30.95 31.82 365.33 11 37 3
358 94.89 81.75 21.50 76.61 4 16 2
359 4.18 88.39 43.51 310.56 13 44 2
360 96.64 55.97 39.09 431.12 15 45 1
361 79.66 57.51 20.98 80.88 3 42 2
362 83.45 62.29 12.47 356.26 22 28 1
363 71.50 38.67 41.71 130.13 9 25 3
364 12.38 68.38 38.71 132.79 15 37 2
365 20.27 24.93 27.04 198.57 1 12 3
366 89.77 48.64 30.27 73.16 19 43 3
367 58.30 35.69 0.39 211.22 14 48 3
368 85.42 5.74 2.00 152.29 8 10 3
369 41.44 34.69 25.81 79.47 24 42 1
370 86.45 69.90 37.45 71.78 4 45 2
371 88.88 26.48 47.51 243.58 4 35 1
372 7.49 44.02 20.79 405.09 11 34 3
373 28.48 78.60 33.51 83.42 2 33 2
374 98.33 37.91 20.29 63.00 9 35 3
375 40.92 58.09 18.99 386.97 9 14 2
376 15.26 82.94 25.39 226.03 22 28 2
377 21.71 8.56 43.17 333.00 12 14 3
378 83.04 32.72 47.26 373.90 2 38 2
379 51.10 79.04 27.77 185.11 1 32 1
380 65.42 58.53 28.82 259.87 23 27 1
381 60.50 19.90 1.58 257.27 14 37 1
382 95.12 0.89 8.18 257.71 15 31 1
383 93.45 87.96 43.06 314.09 18 34 1
384 7.37 67.85 43.03 202.33 24 32 1
385 95.66 11.14 25.81 423.74 11 45 3
386 58.05 32.11 3.14 132.11 10 31 3
387 20.21 81.34 38.85 55.83 9 16 3
388 70.17 8.50 29.55 112.40 7 46 3
389 80.29 43.25 6.48 356.55 9 22 1
390 26.98 71.18 16.72 423.43 0 47 3
391 69.71 0.23 31.35 80.54 21 22 3
392 65.26 18.52 36.71 333.54 2 15 3
393 42.92 15.14 38.53 434.91 4 46 3
394 42.62 63.47 46.95 461.43 12 19 1
395 86.77 50.88 31.74 404.99 23 45 2
396 66.44 59.91 1.28 250.62 9 25 3
397 77.15 98.85 16.70 96.52 10 27 1
398 33.11 31.99 42.97 478.22 10 19 2
399 0.06 49.80 25.63 255.94 11 48 3
400 64.40 7.19 43.15 407.62 3 25 1
401 86.15 57.18 21.42 350.74 11 27 3
402 58.51 58.60 45.46 111.70 2 28 1
403 18.87 54.82 14.28 287.69 23 29 2
404 69.47 62.45 38.30 139.27 11 46 2
405 49.36 48.21 49.02 127.35 8 13 1
406 0.46 36.14 37.73 185.55 11 41 1
407 30.24 52.73 2.59 61.11 20 30 3
408 77.66 86.80 29.14 489.37 5 26 2
409 87.82 26.66 14.81 359.12 4 39 3
410 57.84 79.54 37.27 260.40 16 48 2
411 44.53 96.16 26.37 117.26 12 21 3
412 59.57 85.20 7.04 339.73 9 26 3
413 38.48 92.27 13.88 453.67 13 16 1
414 98.35 55.86 46.18 185.69 24 29 3
415 58.40 94.13 42.74 444.65 20 48 1
416 86.16 90.99 31.90 71.49 12 37 2
417 95.51 4.51 39.02 344.78 16 40 2
418 64.97 49.81 1.36 73.45 13 26 1
419 0.06 18.77 18.06 345.14 1 37 2
420 5.93 64.65 19.63 305.08 11 18 1
421 98.31 37.27 7.25 262.73 8 16 2
422 76.52 4.41 39.92 211.42 23 32 3
423 32.28 68.94 4.41 123.41 19 25 3
424 48.75 3.67 43.83 405.98 7 36 1
425 77.63 19.41 41.42 410.40 21 40 1
426 49.29 55.44 11.11 486.51 24 34 1
427 70.93 79.28 10.46 361.77 4 35 1
428 46.12 84.38 32.85 483.31 3 22 3
429 0.82 54.29 25.45 96.05 5 36 3
430 68.63 85.12 38.55 315.04 20 39 2
431 74.45 51.62 21.53 81.48 11 15 1
432 54.21 74.14 0.29 63.46 16 37 3
433 70.64 20.50 35.75 147.36 19 25 2
434 91.72 50.25 41.43 220.33 24 45 2
435 14.94 91.89 16.09 352.74 17 47 3
436 60.09 49.57 3.45 146.91 9 18 2
437 68.25 23.20 2.38 318.05 3 34 1
438 46.88 31.83 36.61 68.38 17 33 2
439 30.89 73.99 8.98 240.85 23 37 1
440 99.09 6.55 46.69 465.02 13 42 3
441 79.02 24.05 17.54 67.65 23 48 3
442 78.18 5.80 22.34 181.28 2 27 1
443 83.26 29.34 1.17 318.35 17 31 3
444 64.73 65.93 33.38 110.63 1 47 2
445 67.91 19.20 32.70 130.20 13 26 1
446 98.90 43.69 31.00 240.57 6 21 1
447 13.89 54.12 15.24 341.15 4 47 2
448 6.67 20.58 20.70 212.25 15 30 3
449 11.63 72.40 10.30 289.85 20 28 1
450 75.83 84.12 35.53 257.30 24 48 1
451 44.46 64.41 32.72 497.35 3 23 2
452 32.06 92.77 47.65 106.69 2 8 3
453 15.69 62.19 36.30 391.89 20 25 3
454 96.30 48.13 7.17 250.59 23 26 2
455 0.56 50.39 16.81 146.72 18 26 3
456 55.90 19.38 26.40 380.59 6 35 2
457 42.54 98.58 47.34 368.79 17 31 3
458 65.39 60.94 48.16 327.59 13 14 3
459 52.38 25.07 11.60 195.93 2 26 2
460 92.80 40.78 1.91 118.26 20 46 3
461 76.19 28.50 31.28 180.04 7 10 3
462 8.57 94.93 8.90 438.41 18 44 2
463 33.32 36.47 5.30 307.87 21 28 1
464 59.88 5.15 5.80 254.02 11 33 1
465 51.62 99.80 6.44 429.13 18 21 2
466 48.14 57.03 32.20 244.82 7 33 2
467 25.22 16.52 33.37 54.20 14 40 1
468 10.86 86.56 5.97 65.92 22 29 1
469 88.86 77.48 0.99 202.10 23 41 1
470 43.65 57.73 40.31 170.29 9 38 2
471 3.57 53.50 34.21 309.21 2 2 1
472 5.89 55.00 31.61 411.66 9 38 3
473 60.41 4.11 14.27 418.28 22 45 1
474 89.83 64.36 38.62 155.40 22 39 1
475 36.60 32.34 16.40 338.45 15 47 3
476 60.46 76.51 35.20 332.23 4 39 3
477 16.77 34.00 24.05 352.63 20 47 1
478 70.32 60.93 8.85 100.16 23 26 1
479 42.69 73.83 42.55 233.41 8 40 3
480 48.99 6.24 13.20 313.19 4 25 2
481 93.15 72.76 8.94 480.27 3 37 2
482 97.76 46.02 39.34 243.26 13 24 1
483 58.78 7.99 44.73 364.88 10 10 2
484 32.27 78.13 33.01 392.77 23 28 1
485 57.79 62.08 43.17 179.94 14 14 1
486 27.72 18.68 0.43 143.62 7 16 2
487 94.55 31.92 16.85 271.06 13 38 2
488 88.96 57.78 32.71 57.10 19 38 1
489 25.26 96.48 23.65 385.18 16 32 1
490 30.05 71.46 36.68 366.35 2 26 1
491 31.86 34.44 35.44 355.23 9 36 3
492 54.44 97.43 4.80 403.52 21 45 2
493 8.04 41.08 16.62 404.09 21 25 1
494 59.12 14.20 17.88 152.58 17 22 3
495 86.06 66.19 5.68 253.92 22 39 3
496 70.58 82.34 27.33 84.37 19 27 3
497 23.25 66.17 36.63 271.11 8 15 2
498 55.34 17.61 48.33 170.64 13 23 1
499 17.51 12.25 29.25 350.76 11 26 2
500 52.98 41.54 15.10 463.60 23 35 2
1 159.49 3781.39 1
2 113.24 3359.43 2
3 141.69 2726.42 3
4 189.06 3214.37 1
5 175.82 3216.10 1
6 145.72 4991.72 1
1 1.09 36.53 2
2 1.52 28.23 3
3 1.74 26.14 1
4 1.71 26.96 5
5 1.69 38.55 6
6 1.21 37.98 4
7 1.33 45.60 6
8 1.19 48.21 4
9 1.96 26.09 6
10 1.60 29.86 3
11 1.19 33.13 4
12 1.49 47.75 1
