Data for Vehicle routing problem with drones - Author: Huyen Do Thi Ngoc
Number of depots: 3
Number of cities: 400
Number of trucks: 6
Number of drones: 12
Area: 100 100 50
Customer maximum demand: 500
Max capacity of truck: 200
Max energy of truck: 5000
Max capacity of drone: 2
Max energy of drone: 50
1 15.03 8.27 40.78
2 29.18 67.16 25.77
3 98.82 87.70 48.72
1 79.70 10.34 16.12 443.66 17 46 1
2 45.46 30.07 12.26 266.17 16 17 1
3 26.32 45.73 42.18 182.48 3 20 2
4 34.14 99.46 24.36 475.03 18 44 1
5 18.04 37.31 4.39 430.29 12 26 2
6 26.37 27.94 33.96 106.64 20 33 2
7 35.36 7.63 29.27 172.20 12 17 2
8 42.45 73.01 27.06 105.00 9 32 1
9 29.02 59.52 42.57 300.21 1 17 1
10 51.71 10.58 45.43 236.39 10 42 2
11 91.57 89.04 42.14 255.31 14 39 1
12 91.16 72.84 43.70 248.02 4 33 1
13 70.42 88.64 0.72 396.84 11 23 2
14 7.89 9.79 39.10 161.36 12 44 1
15 42.66 72.13 48.57 340.03 13 31 2
16 26.42 74.55 1.36 214.40 3 7 2
17 72.29 77.65 26.00 396.94 20 45 2
18 16.50 14.43 1.97 154.86 11 44 2
19 17.27 25.41 29.23 268.50 2 5 1
20 85.93 32.94 33.37 450.86 23 23 2
21 54.57 74.69 21.85 222.74 17 20 2
22 1.28 91.70 38.46 128.66 6 33 1
23 86.59 64.58 32.80 323.78 19 45 2
24 77.54 29.14 22.47 230.85 2 44 2
25 3.12 87.97 32.89 157.30 7 31 1
26 64.57 65.83 21.09 366.54 9 36 2
27 18.61 80.72 48.13 490.08 17 32 1
28 14.91 60.14 41.58 392.42 23 29 3
29 66.55 43.60 36.98 79.78 4 39 3
30 76.64 4.52 28.94 229.80 13 42 2
31 92.20 43.60 12.20 486.64 19 38 1
32 49.44 23.75 22.46 186.35 22 31 2
33 15.24 92.22 5.89 164.17 11 14 2
34 81.77 15.87 22.25 342.71 16 28 2
35 52.63 51.10 1.19 153.44 12 21 1
36 70.20 60.74 10.39 275.61 11 31 3
37 72.95 28.90 25.90 123.45 22 36 1
38 10.73 79.36 47.48 234.51 21 43 1
39 79.11 99.11 23.59 428.89 12 36 2
40 69.64 67.18 43.78 393.96 2 12 2
41 35.79 99.84 9.82 333.90 15 41 2
42 67.30 21.09 47.46 481.62 4 39 1
43 9.64 97.20 13.17 384.08 4 18 2
44 69.69 70.06 46.75 354.84 19 38 2
45 29.41 12.53 49.70 232.80 3 5 1
46 59.65 46.14 1.21 108.72 0 42 2
47 72.67 44.85 6.14 163.49 16 33 1
48 76.34 76.26 17.13 80.55 23 41 2
49 13.43 80.58 12.77 206.41 15 21 1
50 9.18 87.05 44.21 344.31 3 8 2
51 81.38 54.54 8.85 118.14 6 44 3
52 40.88 77.61 3.32 299.56 14 29 1
53 77.34 27.02 22.66 476.77 14 16 3
54 33.39 9.96 24.99 498.56 14 39 2
55 20.08 21.25 11.88 496.56 0 18 2
56 36.04 81.16 10.75 303.87 16 38 3
57 79.17 90.29 16.56 403.74 10 44 2
58 49.36 25.99 30.17 485.73 11 22 2
59 12.77 48.66 18.24 285.90 21 32 1
60 34.65 83.16 4.01 466.32 4 35 1
61 22.49 60.11 16.88 343.25 19 47 3
62 54.91 52.23 21.90 413.33 22 25 3
63 94.80 96.69 19.89 396.98 5 12 1
64 57.07 6.92 2.83 253.94 9 18 3
65 80.97 99.41 37.44 145.06 22 33 3
66 81.54 95.03 7.41 346.24 9 29 1
67 97.85 76.74 28.50 323.60 6 13 3
68 24.85 29.51 14.01 57.38 11 27 3
69 94.54 43.09 28.81 197.93 23 39 1
70 35.79 3.05 37.97 420.86 17 33 3
71 27.02 26.10 14.64 74.50 15 28 1
72 78.89 6.87 8.45 242.94 14 40 2
73 20.42 97.27 40.76 55.87 23 35 2
74 1.53 62.73 41.62 493.86 17 36 3
75 55.24 13.87 20.78 257.33 13 14 3
76 70.05 94.64 24.14 469.81 13 42 1
77 19.01 38.34 21.52 145.60 11 40 2
78 38.17 43.72 23.19 442.25 3 12 2
79 85.61 67.92 2.81 375.32 13 42 1
80 76.66 95.52 18.25 375.13 6 19 3
81 48.06 31.44 36.78 222.40 5 22 2
82 63.33 71.20 45.93 397.87 2 22 3
83 79.82 70.95 20.73 112.20 7 18 2
84 13.82 21.11 12.07 373.32 9 47 1
85 12.85 90.50 24.88 405.12 19 24 3
86 57.21 14.39 19.68 133.92 24 29 1
87 65.17 75.39 23.04 451.70 13 40 3
88 26.92 84.11 18.60 242.29 22 43 2
89 69.84 58.02 23.04 418.09 7 26 1
90 96.53 35.44 12.77 155.56 23 24 2
91 16.36 86.75 2.79 295.88 21 40 3
92 50.11 71.88 17.71 377.19 1 43 3
93 39.22 50.36 6.77 204.93 19 45 2
94 65.19 16.98 25.70 195.53 9 36 2
95 3.86 48.78 46.43 133.74 18 31 2
96 4.11 14.44 46.46 297.28 19 22 1
97 50.54 34.73 24.38 363.58 6 31 2
98 48.36 33.16 42.03 362.27 24 25 2
99 0.64 58.49 14.53 350.85 7 44 1
100 87.62 9.11 26.41 400.20 6 38 2
101 36.83 7.65 25.95 105.99 0 12 1
102 5.27 88.73 16.41 455.04 19 47 1
103 62.27 52.21 0.04 401.85 5 16 2
104 32.66 7.93 28.27 84.47 13 37 1
105 53.86 82.78 15.34 265.06 20 25 1
106 30.84 64.57 23.78 453.66 18 25 3
107 70.12 42.67 41.42 220.57 15 35 3
108 20.00 17.23 10.03 100.59 10 19 2
109 14.29 94.26 18.77 380.43 8 34 2
110 54.72 91.18 22.83 223.32 16 23 2
111 93.28 71.59 4.88 472.49 3 43 1
112 15.25 16.40 36.14 232.97 15 45 2
113 33.82 17.95 15.65 462.39 12 39 1
114 32.08 10.96 19.37 254.97 24 28 1
115 82.42 13.36 12.70 114.23 8 33 3
116 0.60 99.68 34.51 104.39 6 18 1
117 56.29 88.27 5.96 251.51 21 32 2
118 36.86 13.03 3.15 117.35 17 44 3
119 22.41 7.66 41.42 101.07 23 45 1
120 47.60 51.78 16.09 345.91 20 35 1
121 13.66 25.55 49.36 247.35 20 46 3
122 32.43 34.50 7.23 472.67 22 31 3
123 70.49 93.86 41.58 451.33 24 39 2
124 7.30 49.97 23.72 296.14 11 18 3
125 68.73 30.09 11.32 73.28 21 34 1
126 60.90 49.09 1.64 392.90 3 20 1
127 94.68 28.05 19.36 472.69 16 45 3
128 73.72 67.61 19.71 144.22 0 37 3
129 54.97 66.16 10.00 173.91 22 26 1
130 9.88 82.71 19.23 222.71 9 31 3
131 28.36 52.42 35.78 236.75 13 36 3
132 80.21 79.09 10.89 429.08 15 19 3
133 61.45 56.11 27.39 432.35 10 47 1
134 86.26 10.68 35.58 468.13 21 25 1
135 71.28 96.28 23.36 328.34 6 29 2
136 20.29 97.81 36.73 227.26 9 12 1
137 74.74 96.85 17.16 455.35 24 25 2
138 96.74 38.43 23.32 67.49 6 26 3
139 97.99 30.58 8.28 161.17 17 40 3
140 39.22 99.18 33.41 152.84 16 17 1
141 22.81 99.50 19.45 155.64 0 8 3
142 81.37 95.89 35.24 274.99 23 46 3
143 22.20 90.24 45.67 452.25 0 28 3
144 22.65 46.09 21.46 453.75 3 14 3
145 32.19 59.64 16.91 413.23 18 36 3
146 39.12 90.35 12.02 72.31 15 23 3
147 56.45 31.79 16.88 443.30 22 22 3
148 3.85 40.62 18.54 365.57 6 40 3
149 18.70 15.61 41.75 71.89 6 39 1
150 43.66 14.30 29.02 239.23 8 10 2
151 10.46 91.16 17.73 64.65 6 11 2
152 13.63 58.57 46.56 377.80 13 47 3
153 52.67 78.49 21.37 51.43 19 35 2
154 59.93 97.53 16.05 62.16 1 44 1
155 74.74 70.35 19.52 105.77 21 38 2
156 99.21 72.89 9.51 219.35 7 42 3
157 86.90 77.60 42.91 331.07 11 28 1
158 0.81 20.68 10.95 423.07 11 44 2
159 22.57 53.85 49.40 445.04 17 38 2
160 76.54 56.31 35.61 247.58 16 19 2
161 51.81 59.30 46.67 291.36 11 20 1
162 96.53 36.78 34.19 327.96 21 26 2
163 36.50 68.12 36.48 315.94 24 25 1
164 92.24 4.36 47.87 188.44 17 47 2
165 37.81 29.75 3.54 187.57 7 18 1
166 39.41 47.62 41.15 390.65 19 41 3
167 4.13 91.96 39.88 411.54 22 37 1
168 30.06 40.17 37.41 269.92 4 34 3
169 86.17 99.87 49.28 54.67 8 12 3
170 80.95 39.63 44.43 327.64 13 19 1
171 66.16 13.22 39.85 278.71 11 42 2
172 56.07 3.75 41.66 442.03 18 33 1
173 33.00 91.97 45.93 90.16 21 33 3
174 80.50 33.23 49.21 250.30 14 18 2
175 15.72 28.58 23.26 438.32 2 9 2
176 57.61 87.26 7.01 226.57 11 34 3
177 48.46 31.85 27.37 399.91 19 25 1
178 87.42 83.40 45.10 343.87 5 25 2
179 56.94 42.78 27.36 321.20 10 12 1
180 61.52 22.58 42.25 406.83 4 15 1
181 84.80 89.43 27.28 324.54 1 47 1
182 51.57 1.29 12.30 196.31 9 10 3
183 18.52 90.25 44.86 107.41 14 40 1
184 52.42 11.55 41.41 275.94 21 35 1
185 32.38 7.97 21.62 313.94 19 31 3
186 21.26 83.35 11.43 401.28 0 11 2
187 63.46 1.39 2.08 120.58 17 24 1
188 68.74 95.83 2.10 124.45 5 32 2
189 80.47 23.61 23.93 298.27 15 32 1
190 54.17 2.54 22.92 75.18 15 29 3
191 17.21 33.50 28.36 205.75 3 5 2
192 74.79 76.67 27.96 178.66 3 32 3
193 12.49 99.63 31.64 328.11 16 28 2
194 56.33 14.64 15.62 339.57 15 30 2
195 90.08 79.13 28.25 479.26 5 12 1
196 84.75 62.42 34.91 489.45 10 28 3
197 91.48 46.58 19.85 179.28 19 23 3
198 8.39 47.58 29.16 480.77 13 34 1
199 95.23 22.32 35.69 324.97 12 43 1
200 38.67 29.82 43.31 429.90 21 31 3
201 43.56 41.85 5.66 199.07 3 17 2
202 88.22 5.57 15.02 211.29 12 18 1
203 81.12 52.03 42.30 419.35 23 40 1
204 26.07 63.31 25.36 388.16 9 47 3
205 16.61 54.04 12.23 69.40 3 32 2
206 63.88 63.50 20.46 85.46 18 23 3
207 95.75 52.15 36.52 84.44 15 43 3
208 52.08 74.96 33.62 56.21 16 39 2
209 62.96 78.96 35.77 444.44 7 7 2
210 50.85 36.15 4.83 290.30 24 27 1
211 94.01 36.90 48.06 289.04 1 40 2
212 62.59 67.65 45.10 325.62 18 48 2
213 48.93 64.55 4.83 148.96 15 16 2
214 60.24 30.91 3.73 328.59 10 39 1
215 5.17 51.37 9.57 85.84 12 24 2
216 75.97 77.53 48.93 335.47 22 39 1
217 52.47 58.50 25.23 130.61 3 27 2
218 20.99 22.42 34.27 444.32 5 38 2
219 86.72 80.90 21.57 317.57 3 21 1
220 72.72 63.23 10.13 297.92 14 14 2
221 97.19 30.39 14.79 95.74 20 35 1
222 39.01 17.68 13.64 126.20 8 25 1
223 72.20 40.96 48.93 184.68 23 47 3
224 55.08 20.27 26.58 134.41 16 19 1
225 25.97 75.56 22.00 158.44 13 30 3
226 34.00 54.94 18.20 484.25 3 27 3
227 74.35 70.44 18.71 245.75 20 48 2
228 40.08 99.33 1.13 497.89 8 15 3
229 65.06 94.54 9.56 74.50 3 46 2
230 46.02 85.40 45.03 168.21 6 24 2
231 68.48 87.15 41.79 236.27 10 30 3
232 99.56 12.23 4.97 70.86 1 8 3
233 64.01 23.35 4.24 288.46 24 33 3
234 56.04 4.85 7.20 301.59 19 35 1
235 73.03 6.40 21.44 473.98 12 25 3
236 18.21 74.04 35.91 82.77 2 30 2
237 99.21 57.79 17.75 376.60 17 47 3
238 2.11 58.10 29.93 95.61 5 33 3
239 38.33 4.52 40.34 74.78 2 41 3
240 9.28 78.75 34.52 413.53 15 17 1
241 7.43 66.77 43.87 231.02 11 11 2
242 95.23 71.26 0.27 325.42 5 39 1
243 57.24 68.15 17.78 314.87 7 40 3
244 65.94 64.45 11.93 147.17 9 10 1
245 91.35 21.82 36.05 380.97 9 46 2
246 85.55 58.55 2.28 468.28 5 35 2
247 78.96 50.55 38.05 62.83 15 18 2
248 39.68 31.46 23.40 195.89 4 17 1
249 86.61 6.71 7.94 118.65 14 45 2
250 66.60 57.01 16.70 322.31 9 10 2
251 44.72 77.41 24.51 433.27 3 30 1
252 95.84 2.88 3.04 183.48 3 16 2
253 56.10 2.71 47.12 82.17 14 33 3
254 86.30 42.58 4.18 267.37 18 43 1
255 94.67 14.28 39.25 293.27 4 22 1
256 82.64 74.93 44.09 262.57 3 33 1
257 85.02 27.35 45.35 114.93 24 47 1
258 52.73 84.39 46.36 52.53 5 32 2
259 90.87 97.06 7.01 472.51 19 19 2
260 16.94 25.35 42.31 397.14 1 37 1
261 17.04 47.44 11.18 84.21 9 28 1
262 8.31 93.70 43.43 124.75 23 33 3
263 9.80 37.04 4.92 305.01 0 39 2
264 53.15 38.21 16.73 171.80 18 47 3
265 40.67 40.95 43.79 320.56 23 43 3
266 38.81 74.80 14.96 486.07 4 8 2
267 53.92 0.13 13.07 424.20 21 39 1
268 61.13 56.13 37.67 166.49 13 37 3
269 28.98 90.27 12.66 105.47 17 19 3
270 97.73 54.53 5.19 218.43 9 16 3
271 22.25 77.66 31.10 362.60 16 45 3
272 49.65 22.58 29.72 310.29 24 26 1
273 69.82 15.34 12.28 425.76 16 33 2
274 90.33 99.12 16.47 407.94 16 36 3
275 86.94 6.87 11.80 389.74 4 48 2
276 3.77 88.13 29.40 333.03 22 30 3
277 40.70 76.90 37.90 124.82 17 36 3
278 72.40 49.79 11.31 117.31 17 33 1
279 30.73 90.77 9.57 284.49 2 19 1
280 32.60 18.64 23.43 114.72 15 47 1
281 62.90 67.07 47.89 83.34 7 23 2
282 10.76 81.78 47.82 233.02 11 39 1
283 47.39 97.98 29.45 249.92 1 2 3
284 68.61 37.53 47.35 462.78 7 7 2
285 90.60 83.06 5.65 401.13 5 40 3
286 84.45 32.77 28.57 208.55 8 20 3
287 45.53 38.01 30.71 122.17 8 40 1
288 48.65 88.70 37.38 263.77 1 20 2
289 5.56 79.64 23.07 82.92 14 36 1
290 43.84 50.90 6.03 322.15 1 45 3
291 9.82 96.71 21.78 319.67 9 28 3
292 53.83 14.65 33.01 131.73 0 22 2
293 37.49 62.21 34.86 146.96 14 29 1
294 98.63 16.61 9.91 450.82 2 13 2
295 17.55 81.84 7.90 159.14 24 37 3
296 35.10 89.39 39.60 445.49 14 30 2
297 62.90 69.32 7.33 183.40 14 44 1
298 63.76 93.25 39.52 213.48 21 47 2
299 42.30 25.94 46.17 222.21 0 0 1
300 81.06 20.40 35.37 317.92 21 44 1
301 5.68 79.63 37.68 181.44 2 16 1
302 54.41 11.09 19.53 432.38 1 44 1
303 52.98 88.93 2.72 498.59 23 24 1
304 59.08 38.64 36.44 360.06 13 15 2
305 60.52 21.83 2.99 425.48 11 13 3
306 19.65 78.87 2.58 227.42 3 47 1
307 61.03 16.73 27.33 382.45 18 32 2
308 22.53 80.97 32.67 338.62 24 48 2
309 85.47 92.71 27.91 447.65 18 43 2
310 90.75 62.11 17.32 146.83 10 41 1
311 73.31 84.99 49.31 262.24 17 32 3
312 88.14 0.41 28.42 186.16 14 21 1
313 44.45 59.92 43.46 470.89 3 46 2
314 35.50 3.49 7.65 116.01 3 4 1
315 14.63 0.45 23.12 326.43 10 26 1
316 13.69 63.04 15.86 194.37 16 18 3
317 41.69 59.31 48.01 204.59 14 14 2
318 63.68 87.93 41.52 186.43 11 20 2
319 23.55 11.74 44.13 481.13 6 44 2
320 32.55 31.55 1.56 90.62 12 42 1
321 86.47 79.53 30.96 201.20 1 48 2
322 77.38 27.59 31.41 85.28 8 8 1
323 77.96 58.15 4.48 148.35 10 28 1
324 92.96 74.02 10.10 197.12 24 36 3
325 13.17 8.43 42.38 229.38 1 12 3
326 84.26 76.73 40.69 406.48 4 48 3
327 5.97 30.84 34.61 472.15 20 20 2
328 48.84 36.98 2.70 68.05 17 26 1
329 46.38 54.70 5.55 266.92 19 29 3
330 97.14 95.52 6.13 420.95 19 38 3
331 16.39 41.52 48.08 493.41 0 33 1
332 6.51 87.12 30.30 111.27 0 46 2
333 4.57 58.07 47.46 423.59 12 28 1
334 47.37 4.32 14.39 61.83 10 38 3
335 54.21 86.51 13.41 263.90 10 27 1
336 8.34 15.09 49.14 276.30 19 38 1
337 59.54 76.42 20.46 101.98 6 13 3
338 51.02 11.35 36.00 289.26 5 47 3
339 94.87 80.51 27.77 312.41 2 36 3
340 68.18 4.30 23.54 54.82 18 45 2
341 43.96 1.82 5.71 245.83 11 45 2
342 72.88 96.38 41.31 410.97 23 39 2
343 10.73 99.42 1.73 295.28 15 15 1
344 45.57 93.89 34.95 181.93 23 46 3
345 79.05 76.46 28.83 139.68 22 40 2
346 5.56 65.08 42.88 163.93 17 29 3
347 18.60 58.92 21.97 371.98 15 29 3
348 24.91 23.97 1.20 282.21 21 38 2
349 9.11 85.24 30.36 494.45 10 46 3
350 55.35 59.54 18.11 438.08 21 48 1
351 3.60 98.55 46.40 460.17 5 47 2
352 55.98 32.52 44.23 153.07 7 10 1
353 27.06 6.48 23.05 76.30 2 11 2
354 20.02 89.70 38.20 365.75 3 36 3
355 9.29 93.55 14.42 360.70 1 16 3
356 90.48 41.91 33.37 356.83 3 37 3
357 56.71 81.11 22.41 188.80 15 22 2
358 44.11 89.73 14.80 425.36 13 43 3
359 53.03 16.02 45.19 299.54 11 38 1
360 25.98 1.26 25.74 353.76 11 35 2
361 20.16 4.57 33.30 269.70 1 2 2
362 24.21 76.33 42.66 366.02 21 41 2
363 17.92 43.59 42.71 435.10 20 26 2
364 13.25 93.23 13.98 299.40 24 44 3
365 97.86 80.73 3.46 224.99 16 46 1
366 48.67 54.78 8.66 402.84 13 14 1
367 13.18 60.52 21.85 334.29 22 22 3
368 3.01 57.26 33.25 248.42 7 21 1
369 71.49 16.33 15.24 136.76 24 28 2
370 66.30 33.30 24.26 397.54 6 32 2
371 33.01 43.45 25.33 104.04 8 35 1
372 37.99 10.97 47.73 359.38 23 24 3
373 53.88 67.14 26.52 242.49 10 29 1
374 40.35 73.18 23.38 279.61 6 14 2
375 39.79 78.75 33.60 248.94 10 40 1
376 71.33 50.12 14.83 487.98 12 33 3
377 48.46 55.54 14.62 215.21 11 28 1
378 15.07 47.68 0.77 478.35 20 28 3
379 31.29 17.55 23.13 85.19 6 47 3
380 4.79 59.87 45.59 295.67 18 27 2
381 96.28 48.03 14.68 113.31 14 16 3
382 87.37 8.80 5.86 298.97 14 20 1
383 30.64 9.98 4.73 318.09 2 31 3
384 55.46 89.14 2.16 172.70 9 44 3
385 80.29 33.15 44.18 330.04 11 15 2
386 1.03 95.57 44.91 309.88 0 30 3
387 94.17 26.91 18.45 434.44 6 34 2
388 27.59 54.04 37.15 261.71 5 46 3
389 72.93 95.80 44.30 192.56 24 43 3
390 31.42 66.58 23.22 435.13 1 41 1
391 32.20 16.81 7.81 448.33 15 26 3
392 70.68 34.97 34.42 234.81 17 26 1
393 79.32 98.60 7.03 189.96 3 11 3
394 36.89 80.49 9.21 460.32 15 23 1
395 28.30 24.63 21.33 436.62 2 11 1
396 76.08 74.51 39.11 211.12 13 14 2
397 53.13 44.60 1.08 483.47 18 29 2
398 94.51 81.20 23.27 81.66 18 28 1
399 61.88 25.22 46.95 198.42 2 39 1
400 44.85 43.99 22.05 230.85 24 29 2
1 129.83 3319.95 1
2 101.91 2664.67 2
3 111.01 3746.96 3
4 105.57 3886.90 2
5 181.01 3187.32 3
6 158.98 4336.89 1
1 1.45 47.91 5
2 1.81 27.11 1
3 1.35 34.00 3
4 1.30 38.62 4
5 1.67 34.25 3
6 1.40 25.19 4
7 1.07 39.04 1
8 1.92 43.56 5
9 1.25 38.89 1
10 1.72 35.29 4
11 1.34 32.29 1
12 1.08 27.68 1
