Data for Vehicle routing problem with drones - Author: Huyen Do Thi Ngoc
Number of depots: 4
Number of cities: 200
Number of trucks: 7
Number of drones: 17
Area: 100 100 50
Customer maximum demand: 500
Max capacity of truck: 200
Max energy of truck: 5000
Max capacity of drone: 2
Max energy of drone: 50
1 4.07 52.60 36.69
2 77.28 40.46 5.18
3 12.94 56.80 18.82
4 98.22 38.20 10.43
1 78.14 42.87 31.49 197.76 17 30 1
2 84.79 1.52 0.26 221.69 21 43 3
3 21.98 20.79 20.17 65.18 21 45 1
4 64.95 77.95 6.83 82.31 5 13 2
5 93.76 71.16 21.96 226.80 13 31 3
6 22.50 20.81 48.13 52.25 8 20 2
7 96.53 31.22 25.99 324.20 21 36 4
8 58.66 11.37 10.22 128.00 13 27 4
9 79.15 24.47 21.30 135.56 16 24 4
10 12.47 10.67 24.76 123.73 9 41 2
11 96.59 75.89 27.92 200.41 21 28 2
12 2.90 95.44 25.48 460.89 14 22 2
13 57.61 15.74 46.99 407.15 1 39 2
14 81.81 1.46 45.14 418.19 1 48 4
15 60.54 34.47 1.58 106.28 20 37 4
16 40.28 7.68 18.90 301.75 13 23 4
17 55.52 8.83 43.71 462.59 0 19 2
18 71.28 48.64 26.59 292.02 9 48 4
19 64.20 94.14 29.06 219.57 2 20 1
20 91.48 9.70 49.71 294.33 8 47 1
21 22.61 41.63 39.62 341.46 2 10 2
22 46.99 60.49 11.30 490.70 11 30 1
23 33.55 60.81 47.46 497.74 4 40 1
24 14.66 15.10 3.85 262.54 9 32 1
25 15.57 19.88 35.22 52.49 11 20 1
26 67.39 67.91 37.08 77.06 6 48 4
27 61.29 99.89 16.82 139.48 2 20 4
28 64.38 39.77 23.20 419.74 7 19 3
29 4.14 7.10 38.35 413.72 11 46 1
30 85.17 24.90 30.71 69.88 14 41 1
31 30.46 8.92 17.70 440.75 19 34 1
32 62.82 63.48 44.64 81.50 1 34 4
33 21.19 12.10 40.12 281.20 5 34 2
34 80.62 74.64 30.53 59.39 8 33 4
35 33.68 50.27 25.43 125.39 2 44 4
36 86.09 38.23 43.54 459.65 16 30 2
37 39.42 67.32 3.37 249.72 2 19 4
38 51.91 9.89 42.87 438.35 2 14 3
39 18.89 51.71 19.64 450.68 21 28 1
40 75.62 62.24 10.98 62.56 10 33 4
41 92.81 95.78 7.77 286.66 5 47 1
42 42.11 19.96 10.56 276.37 4 32 4
43 6.31 14.00 49.30 337.14 11 36 3
44 65.89 35.56 44.24 450.74 1 42 2
45 66.10 13.85 27.02 100.63 6 16 1
46 60.59 24.65 26.76 153.55 15 26 1
47 14.33 7.00 12.55 398.25 24 29 2
48 85.00 99.15 10.28 129.90 22 25 1
49 43.17 87.60 0.65 332.06 22 28 2
50 81.17 7.23 39.79 244.44 9 11 4
51 31.14 53.60 6.79 170.22 15 45 3
52 13.85 12.04 31.37 310.01 24 48 3
53 63.24 62.74 26.00 87.22 17 29 3
54 52.99 61.48 37.15 366.41 7 37 2
55 83.40 70.85 40.30 158.36 4 10 4
56 76.79 17.61 0.51 136.86 0 14 3
57 77.58 91.90 1.78 81.15 19 41 1
58 28.42 64.88 0.13 272.02 0 35 2
59 71.73 61.43 20.04 145.87 19 39 1
60 56.37 7.46 46.22 126.75 11 27 2
61 4.88 56.51 37.91 184.83 6 33 1
62 53.94 33.20 3.66 190.92 3 45 2
63 9.29 1.85 6.63 95.63 12 18 2
64 32.38 13.36 17.75 457.49 0 7 2
65 61.16 36.14 12.57 478.18 11 16 2
66 47.06 58.18 21.98 260.85 24 27 3
67 9.64 43.48 5.59 295.54 23 46 3
68 43.42 28.24 23.84 401.30 20 38 2
69 66.07 57.71 25.56 115.70 16 32 2
70 19.18 52.55 43.15 497.42 0 34 3
71 50.74 14.54 11.75 274.28 21 24 1
72 90.89 19.44 36.40 390.86 5 21 3
73 77.99 69.56 34.08 95.52 20 45 1
74 71.36 6.48 36.72 403.56 13 29 1
75 78.93 81.96 3.30 291.90 16 19 2
76 34.94 26.70 17.98 233.47 15 30 2
77 50.71 93.65 32.48 439.64 10 36 3
78 81.70 71.98 6.06 183.47 0 31 2
79 63.18 99.99 2.41 473.69 9 28 1
80 59.11 96.06 47.01 136.12 24 42 1
81 55.09 11.59 7.45 392.91 13 41 4
82 58.77 35.71 14.89 311.61 6 20 1
83 35.03 16.43 32.83 305.04 5 28 2
84 30.48 46.20 1.56 416.55 14 40 2
85 21.88 20.96 10.22 343.35 11 41 3
86 13.25 22.95 43.06 153.30 2 39 4
87 41.43 20.53 24.74 427.89 3 24 1
88 40.17 8.57 42.75 234.53 15 47 1
89 65.23 0.59 16.74 380.49 2 14 2
90 48.58 4.31 41.08 309.86 18 21 4
91 88.00 80.90 41.19 492.06 3 45 2
92 10.57 69.85 29.30 75.76 6 40 1
93 71.72 6.77 8.91 252.78 19 41 4
94 52.02 93.55 37.60 483.14 24 38 4
95 57.76 61.59 39.64 50.12 2 15 3
96 16.41 57.48 45.98 157.42 14 20 1
97 80.69 94.35 48.09 115.26 5 31 2
98 14.62 1.61 17.69 263.59 7 24 1
99 96.18 53.52 23.11 307.95 17 17 4
100 97.12 7.90 41.91 462.75 17 46 2
101 29.04 16.28 29.50 104.06 21 38 4
102 22.68 10.02 3.30 398.54 5 46 2
103 37.75 91.20 38.76 456.83 15 44 1
104 10.68 15.07 39.91 494.16 0 29 3
105 72.05 3.96 24.94 242.64 19 33 1
106 4.35 67.36 34.74 422.95 12 26 3
107 25.59 86.68 19.24 61.82 19 33 2
108 88.83 35.22 26.82 243.34 11 35 4
109 98.38 29.56 26.66 136.21 14 24 1
110 65.54 85.93 15.93 269.97 3 26 4
111 40.67 87.98 36.31 408.07 11 12 4
112 95.12 84.84 10.18 440.21 6 16 3
113 77.55 60.41 0.41 252.21 21 37 4
114 24.10 68.47 27.45 358.43 18 27 1
115 24.93 55.20 39.86 113.96 0 22 4
116 37.60 21.54 5.01 206.44 15 39 2
117 94.94 41.07 12.53 184.06 7 46 3
118 47.74 20.01 9.57 477.54 17 46 4
119 86.68 77.27 40.71 435.01 17 46 4
120 72.40 43.16 7.87 426.21 15 29 4
121 51.35 92.08 33.19 85.17 22 28 4
122 30.21 44.52 42.60 258.32 4 41 3
123 56.00 47.21 14.25 90.54 12 42 2
124 56.01 18.42 14.29 218.99 21 44 4
125 16.73 31.10 45.77 175.04 13 46 2
126 29.23 60.29 43.38 251.53 23 30 2
127 35.84 77.00 27.88 80.29 23 25 3
128 44.27 61.08 43.18 430.80 7 26 4
129 65.77 43.96 39.79 388.42 10 48 1
130 81.14 49.80 10.42 174.59 9 28 1
131 12.73 53.95 9.60 427.46 19 37 1
132 9.33 70.40 15.52 185.84 24 35 4
133 94.28 96.58 27.53 217.65 22 39 4
134 98.96 70.09 30.34 211.28 16 30 2
135 90.21 17.43 32.37 163.57 13 27 4
136 37.71 28.74 5.49 255.47 11 23 4
137 77.17 2.19 48.75 378.87 10 27 3
138 21.47 51.02 32.69 479.65 0 36 2
139 59.53 41.22 40.63 208.65 0 4 3
140 17.27 25.21 19.87 135.76 11 21 4
141 17.25 39.23 37.03 197.64 14 44 4
142 6.27 84.13 9.30 399.36 12 18 4
143 61.62 96.14 12.44 79.19 13 13 3
144 8.96 75.37 35.23 382.63 18 40 4
145 34.61 94.21 16.14 358.32 11 35 3
146 5.34 35.91 9.20 170.96 18 21 1
147 3.62 60.01 19.37 146.05 19 37 3
148 83.65 71.94 41.23 147.73 14 25 3
149 54.88 13.47 37.62 201.23 9 11 4
150 18.77 91.33 14.33 342.86 14 24 4
151 67.97 28.17 1.83 281.62 20 32 1
152 90.67 37.19 48.20 244.48 24 43 2
153 86.91 27.11 21.40 226.61 2 8 2
154 39.71 70.34 36.85 102.53 12 25 1
155 11.00 11.54 9.60 391.58 23 25 1
156 39.26 33.13 19.67 470.43 2 42 1
157 58.34 33.62 19.31 55.52 20 39 1
158 0.23 30.10 7.92 421.62 14 33 4
159 49.50 96.05 7.25 129.56 20 29 2
160 39.33 7.68 15.55 259.16 17 47 1
161 43.31 7.53 16.18 482.93 19 26 3
162 39.26 27.98 24.07 60.13 5 7 1
163 15.71 15.87 1.51 209.93 23 27 2
164 87.53 70.75 35.15 79.83 15 41 1
165 50.21 13.54 41.04 142.88 2 36 1
166 83.38 66.39 29.62 402.97 17 21 4
167 2.14 32.78 13.06 188.33 0 12 1
168 19.08 71.05 17.42 318.46 8 44 1
169 55.43 53.81 18.87 324.47 4 6 2
170 64.92 55.11 18.38 314.39 4 12 1
171 81.24 44.78 33.90 418.03 9 23 2
172 23.98 91.79 43.16 243.01 23 27 4
173 10.23 59.33 22.57 457.08 10 42 2
174 5.61 37.22 26.93 409.33 15 31 1
175 55.05 80.90 7.95 276.16 5 19 4
176 48.13 73.13 32.54 404.86 23 27 3
177 88.40 81.08 48.27 313.83 1 9 4
178 94.34 4.43 45.64 281.74 5 26 1
179 77.65 47.13 46.56 439.14 23 30 4
180 84.68 92.18 20.35 53.26 11 14 4
181 54.73 71.12 43.59 86.73 3 20 2
182 55.28 96.46 12.77 216.00 2 9 4
183 59.78 9.79 14.00 171.54 3 37 4
184 5.52 52.42 37.40 86.01 6 10 4
185 77.65 77.29 15.44 476.74 15 21 2
186 99.42 13.37 49.08 311.11 15 34 4
187 73.91 8.92 39.42 158.95 13 24 1
188 88.23 99.89 19.52 145.82 24 39 2
189 12.38 61.33 38.60 452.43 9 14 2
190 80.17 15.68 7.11 212.36 19 39 2
191 39.77 9.97 0.45 131.44 3 46 4
192 89.75 62.33 17.44 70.27 2 17 4
193 60.75 48.18 3.23 427.78 9 44 3
194 9.51 13.61 13.58 138.31 14 32 1
195 57.47 26.43 29.39 375.86 24 43 2
196 97.20 61.76 33.67 58.75 1 22 1
197 99.05 59.31 42.45 491.52 9 20 3
198 4.75 68.16 0.84 283.99 13 32 1
199 69.65 61.49 17.12 339.80 24 40 2
200 16.10 0.85 43.01 421.64 24 36 1
1 108.60 2825.24 1
2 169.42 3480.36 2
3 120.67 4841.32 3
4 115.31 4078.93 4
5 106.26 2867.79 3
6 133.53 4281.47 3
7 119.50 4110.29 2
1 1.37 34.19 7
2 1.72 39.15 2
3 1.55 45.43 3
4 1.48 26.43 5
5 1.69 38.23 7
6 1.69 27.11 3
7 1.12 26.59 3
8 1.26 25.95 1
9 1.99 40.89 7
10 1.19 45.81 5
11 1.36 25.20 5
12 1.49 49.22 6
13 1.51 35.86 5
14 1.99 44.68 3
15 1.72 44.97 5
16 1.26 44.22 4
17 1.31 35.84 4
