Data for Vehicle routing problem with drones - Author: Huyen Do Thi Ngoc
Number of depots: 1
Number of cities: 500
Number of trucks: 4
Number of drones: 4
Area: 100 100 50
Customer maximum demand: 500
Max capacity of truck: 200
Max energy of truck: 5000
Max capacity of drone: 2
Max energy of drone: 50
1 88.54 98.33 9.71
1 45.59 91.88 47.32 324.07 10 39 1
2 33.43 45.27 34.74 216.99 10 11 1
3 55.05 99.42 12.13 441.29 17 18 1
4 75.31 57.89 39.99 81.49 22 43 1
5 89.02 5.67 25.39 121.03 3 42 1
6 49.35 1.81 2.56 97.76 21 38 1
7 99.09 65.86 41.72 404.17 11 38 1
8 79.87 7.22 19.29 61.46 2 3 1
9 71.29 1.15 8.60 447.99 15 34 1
10 73.57 56.17 30.17 51.58 18 18 1
11 34.52 81.31 5.41 226.34 12 29 1
12 59.59 23.36 34.45 293.54 22 35 1
13 7.81 50.64 45.49 226.66 6 33 1
14 53.23 37.01 2.85 374.94 6 33 1
15 52.82 25.27 22.16 413.62 2 34 1
16 60.13 15.82 32.35 456.72 5 18 1
17 77.43 51.88 49.90 85.37 12 30 1
18 48.94 52.19 40.39 354.43 8 46 1
19 95.76 24.73 19.24 327.30 12 23 1
20 47.80 82.74 3.86 241.54 9 39 1
21 65.65 46.33 22.25 233.72 0 37 1
22 69.00 30.50 41.75 304.72 13 41 1
23 58.46 60.66 19.95 218.81 14 41 1
24 66.94 24.72 6.54 51.22 21 21 1
25 43.30 10.86 19.47 138.54 5 8 1
26 70.50 13.93 19.12 282.49 5 31 1
27 59.78 27.39 47.61 50.89 20 36 1
28 50.80 22.37 19.25 101.09 2 41 1
29 23.90 47.93 38.40 279.35 7 25 1
30 73.60 40.99 22.34 121.33 11 18 1
31 45.49 99.97 38.62 312.13 22 46 1
32 18.54 24.24 10.84 223.85 10 30 1
33 65.64 20.39 4.04 461.49 6 17 1
34 65.42 42.05 44.00 384.85 18 39 1
35 99.79 11.08 40.70 325.67 12 30 1
36 2.59 92.90 33.13 178.89 7 7 1
37 23.51 59.96 43.47 399.73 22 34 1
38 20.37 39.05 0.47 233.96 10 24 1
39 24.68 50.69 41.71 358.26 17 31 1
40 23.79 65.81 11.01 118.85 1 31 1
41 98.73 68.35 23.64 208.91 6 48 1
42 23.31 5.16 47.54 207.04 9 18 1
43 13.21 61.43 17.38 195.53 9 33 1
44 45.30 52.43 2.97 494.37 10 28 1
45 73.17 23.97 29.75 207.64 9 29 1
46 87.25 25.91 16.03 207.62 5 39 1
47 33.94 1.59 29.23 120.57 15 15 1
48 36.51 48.97 48.81 424.77 12 16 1
49 77.72 18.25 42.08 222.03 2 37 1
50 21.44 51.93 44.13 246.20 2 7 1
51 60.18 54.66 24.11 217.32 13 20 1
52 80.14 90.31 26.91 216.11 16 28 1
53 95.77 5.21 42.91 495.35 19 34 1
54 24.14 81.61 19.88 353.20 14 32 1
55 12.48 90.94 15.94 494.03 1 31 1
56 36.91 15.80 9.64 262.99 22 29 1
57 93.75 6.71 45.84 75.21 1 33 1
58 99.43 82.94 15.17 340.16 9 24 1
59 87.21 11.71 14.81 360.59 4 25 1
60 16.41 21.04 17.44 203.61 9 11 1
61 15.46 76.06 35.32 63.53 21 38 1
62 51.06 88.83 36.92 494.55 13 38 1
63 79.31 32.19 10.67 279.38 0 45 1
64 0.12 46.53 39.14 395.04 18 18 1
65 48.72 95.23 7.48 243.86 0 22 1
66 30.75 15.43 2.39 431.41 7 8 1
67 34.45 20.64 38.72 64.27 4 8 1
68 1.58 32.09 23.53 137.76 17 18 1
69 5.36 8.46 24.69 279.75 24 43 1
70 11.79 2.22 22.30 429.99 21 21 1
71 58.48 14.98 30.51 194.86 14 36 1
72 54.24 41.82 11.38 491.47 9 39 1
73 77.30 59.43 33.69 290.30 19 45 1
74 29.68 97.39 3.13 200.78 10 44 1
75 21.08 82.28 32.99 430.64 0 2 1
76 56.37 50.38 43.30 491.61 5 41 1
77 99.22 83.37 25.73 296.38 3 24 1
78 94.78 72.69 49.28 424.86 7 10 1
79 40.75 3.27 37.55 286.73 21 42 1
80 36.97 33.46 18.42 130.97 18 18 1
81 15.61 53.70 37.92 235.62 3 12 1
82 49.80 98.31 49.05 429.01 21 42 1
83 98.91 61.95 30.02 415.31 23 48 1
84 67.22 85.49 31.60 259.30 22 24 1
85 21.11 63.07 33.29 54.25 17 35 1
86 46.62 8.26 12.76 157.93 11 45 1
87 14.56 73.25 32.37 149.08 4 31 1
88 34.86 65.20 21.41 129.64 0 37 1
89 80.29 78.93 32.35 430.98 17 44 1
90 61.94 69.53 48.37 111.63 12 34 1
91 11.86 26.82 10.25 429.02 7 43 1
92 41.54 98.53 18.10 416.03 1 9 1
93 84.41 6.15 22.27 101.41 7 26 1
94 79.73 0.62 22.23 78.50 3 43 1
95 28.60 88.90 39.62 265.00 12 35 1
96 89.36 2.90 8.67 404.28 20 35 1
97 80.50 13.59 44.60 341.39 9 47 1
98 27.09 52.15 1.75 192.52 2 21 1
99 67.20 61.59 11.00 412.55 1 3 1
100 53.40 91.03 48.84 163.72 15 31 1
101 7.16 14.42 13.69 470.55 2 40 1
102 78.46 48.29 47.89 107.54 1 14 1
103 25.26 13.98 21.06 176.73 11 45 1
104 26.67 49.95 37.08 267.06 0 9 1
105 96.07 28.61 8.17 81.04 14 37 1
106 57.02 3.52 20.89 298.25 6 8 1
107 49.00 92.96 28.11 53.61 6 13 1
108 29.14 90.07 6.77 486.97 15 46 1
109 67.32 61.40 24.30 68.65 3 9 1
110 85.56 25.58 29.59 427.78 15 39 1
111 76.89 6.19 28.25 169.79 0 1 1
112 44.83 78.92 37.46 158.20 23 26 1
113 66.59 12.10 43.00 292.30 18 23 1
114 46.07 57.13 12.17 220.35 18 22 1
115 10.96 59.50 20.88 446.76 0 36 1
116 8.91 41.19 30.46 277.19 13 13 1
117 64.79 33.14 31.99 235.46 18 33 1
118 95.33 94.69 31.36 177.40 5 30 1
119 9.57 3.14 35.75 243.75 2 22 1
120 58.13 15.00 42.78 60.81 15 45 1
121 11.94 75.59 7.71 102.29 20 26 1
122 82.22 31.12 35.64 153.31 5 43 1
123 64.06 55.01 1.66 420.17 0 13 1
124 66.55 16.40 48.18 110.21 6 7 1
125 24.71 10.51 32.13 418.89 16 16 1
126 18.41 28.81 19.84 420.45 21 27 1
127 57.52 74.33 9.67 120.86 0 8 1
128 47.35 32.35 16.56 489.17 23 35 1
129 36.65 81.36 32.44 286.32 24 24 1
130 13.21 22.36 10.17 54.92 21 22 1
131 74.46 15.62 3.99 481.26 19 34 1
132 33.78 47.04 22.28 323.96 10 16 1
133 45.94 11.62 0.20 497.29 4 20 1
134 46.32 39.19 44.24 54.18 6 23 1
135 46.66 90.82 1.43 422.39 8 41 1
136 10.09 20.59 36.45 78.77 5 23 1
137 29.02 77.77 49.61 107.10 9 11 1
138 85.17 64.00 37.59 380.15 11 19 1
139 13.69 28.73 32.89 351.05 17 22 1
140 94.11 29.18 4.42 384.58 21 29 1
141 3.29 32.77 47.23 73.94 20 32 1
142 40.25 25.35 8.49 257.34 16 26 1
143 87.42 94.25 14.51 441.17 16 48 1
144 95.00 24.58 36.84 55.20 23 26 1
145 25.41 61.34 38.99 231.35 16 37 1
146 82.56 12.15 25.41 330.00 9 14 1
147 38.58 47.33 1.69 104.12 4 20 1
148 15.14 91.45 12.07 188.18 16 42 1
149 42.14 11.98 30.60 348.84 6 43 1
150 64.96 24.70 12.32 476.18 17 44 1
151 45.62 37.38 35.02 305.09 9 17 1
152 97.63 23.31 7.91 432.12 23 24 1
153 53.95 58.24 28.61 382.45 6 48 1
154 75.52 83.03 31.32 365.19 8 11 1
155 84.30 33.51 44.18 95.26 19 32 1
156 48.00 43.63 18.84 357.91 15 42 1
157 1.41 16.74 41.58 461.23 12 26 1
158 9.78 1.97 22.16 396.08 6 21 1
159 1.89 3.17 34.64 302.28 17 33 1
160 48.83 0.57 27.28 264.50 15 22 1
161 18.37 2.88 30.61 142.64 4 13 1
162 59.40 88.67 13.57 87.68 6 35 1
163 28.21 97.04 2.50 358.36 10 40 1
164 60.70 83.55 22.82 371.01 13 45 1
165 31.79 98.56 31.67 295.10 11 36 1
166 30.13 27.65 18.23 225.03 9 11 1
167 59.45 15.85 34.09 138.13 23 32 1
168 51.99 96.50 44.67 225.88 19 48 1
169 51.53 43.08 10.25 244.22 19 31 1
170 9.44 29.32 4.19 226.57 14 44 1
171 27.36 70.25 11.87 479.61 3 47 1
172 54.31 41.35 21.89 366.98 16 32 1
173 71.07 63.52 4.51 398.60 14 37 1
174 53.30 66.22 32.87 74.77 8 29 1
175 79.79 97.27 19.39 82.13 4 17 1
176 1.63 52.76 23.68 51.50 10 45 1
177 51.98 1.91 3.64 51.31 11 34 1
178 97.45 56.61 3.35 321.66 5 24 1
179 31.84 1.92 16.56 408.24 23 25 1
180 13.00 59.76 25.68 226.90 7 9 1
181 8.34 30.53 49.96 105.59 22 30 1
182 44.48 34.74 34.93 282.80 18 48 1
183 30.71 80.18 11.72 89.38 21 23 1
184 55.64 82.97 5.75 288.52 5 46 1
185 90.71 36.10 21.14 296.54 10 45 1
186 61.02 61.70 43.50 398.88 16 34 1
187 14.44 17.13 19.03 498.54 23 24 1
188 97.76 72.96 41.88 472.88 13 25 1
189 14.95 67.74 40.52 165.12 17 25 1
190 72.35 2.61 10.34 400.84 10 13 1
191 18.33 24.03 12.53 457.03 11 27 1
192 4.90 15.03 37.73 336.99 22 23 1
193 6.44 28.02 13.80 133.80 9 46 1
194 40.20 68.01 40.39 195.87 16 48 1
195 95.52 36.14 40.89 488.42 18 43 1
196 85.17 46.91 19.12 303.72 22 44 1
197 47.93 59.60 28.18 114.77 18 25 1
198 81.26 85.32 37.35 163.13 18 45 1
199 60.45 37.14 11.86 151.29 21 27 1
200 11.56 55.65 49.87 390.19 22 38 1
201 56.89 13.79 3.12 413.69 1 42 1
202 48.02 36.34 21.25 395.70 11 31 1
203 92.30 17.92 8.71 409.25 8 35 1
204 31.01 67.08 37.14 443.15 4 18 1
205 94.71 79.82 32.49 196.66 1 7 1
206 86.46 8.63 22.49 423.65 2 3 1
207 84.80 96.14 10.30 232.21 17 24 1
208 54.50 11.02 22.79 419.50 6 27 1
209 47.79 68.84 32.02 134.64 15 19 1
210 91.04 43.22 16.87 146.96 6 16 1
211 80.62 94.20 1.37 278.03 16 29 1
212 72.70 89.65 34.18 394.53 12 20 1
213 29.40 47.30 19.07 303.22 1 37 1
214 39.54 96.13 13.22 178.41 13 20 1
215 39.09 57.67 33.02 56.60 10 39 1
216 36.48 23.15 49.77 413.94 21 48 1
217 19.51 34.60 45.12 52.20 8 40 1
218 64.85 46.28 49.18 365.28 10 48 1
219 52.89 18.48 26.20 382.14 2 34 1
220 0.67 40.79 30.76 497.37 20 26 1
221 31.23 17.61 13.24 417.89 13 20 1
222 74.41 62.36 7.08 99.97 13 34 1
223 65.24 90.46 27.30 394.90 6 16 1
224 13.59 23.82 18.38 290.12 15 30 1
225 8.66 21.42 11.02 458.76 20 24 1
226 53.68 52.04 22.11 489.85 24 28 1
227 4.65 50.70 28.60 227.66 20 36 1
228 95.73 91.56 10.43 201.30 10 32 1
229 42.99 41.39 38.72 473.32 19 22 1
230 43.08 67.39 31.78 380.45 6 24 1
231 98.18 51.91 16.07 219.58 14 39 1
232 27.22 48.83 35.55 142.31 14 43 1
233 78.46 71.25 36.56 442.70 6 10 1
234 74.60 78.15 13.08 86.78 4 16 1
235 47.38 36.99 16.36 268.60 11 45 1
236 36.79 34.39 6.95 455.89 13 43 1
237 67.84 11.86 49.31 174.06 6 27 1
238 62.00 86.80 9.20 60.16 1 26 1
239 18.07 54.63 8.68 470.22 18 29 1
240 55.05 22.03 16.13 78.76 9 12 1
241 16.04 20.36 36.58 86.38 13 15 1
242 36.31 80.75 42.32 164.65 16 33 1
243 5.74 73.89 1.36 168.65 3 40 1
244 75.58 44.64 28.77 136.57 9 36 1
245 89.71 97.92 3.76 89.51 3 46 1
246 76.46 29.97 24.49 142.81 24 39 1
247 7.85 36.55 42.42 473.83 24 34 1
248 68.25 45.05 36.78 71.02 4 10 1
249 32.97 31.12 35.22 161.55 3 26 1
250 16.34 3.61 1.94 283.92 8 30 1
251 57.09 72.18 2.16 257.52 17 30 1
252 34.21 54.61 3.10 282.85 10 21 1
253 69.19 58.68 31.29 422.76 21 26 1
254 19.38 14.84 27.29 114.89 14 41 1
255 37.25 72.10 24.24 114.41 11 46 1
256 56.47 31.59 29.94 219.07 15 39 1
257 52.72 49.22 9.78 445.41 21 45 1
258 81.13 60.84 19.01 281.87 6 27 1
259 71.58 26.56 36.16 241.79 24 37 1
260 39.32 99.73 17.54 179.46 2 13 1
261 41.97 70.15 8.61 151.75 21 41 1
262 30.30 58.58 33.76 290.29 10 22 1
263 45.97 49.69 9.09 128.26 18 43 1
264 94.60 72.75 12.75 378.24 16 40 1
265 52.20 50.59 31.51 176.25 17 20 1
266 59.59 24.21 8.88 490.87 23 28 1
267 24.68 19.56 39.63 278.65 9 25 1
268 73.71 94.58 14.28 244.96 4 28 1
269 91.86 46.10 24.64 452.50 5 12 1
270 74.33 17.60 28.61 454.24 24 34 1
271 7.28 77.71 42.64 89.11 4 36 1
272 58.46 10.03 15.49 308.55 16 27 1
273 16.42 69.59 37.12 410.88 2 48 1
274 13.50 19.21 18.41 251.56 18 31 1
275 92.39 97.17 42.50 147.67 0 40 1
276 33.43 87.82 30.48 140.18 21 21 1
277 97.61 57.52 36.86 198.99 23 48 1
278 45.68 95.44 5.23 431.56 1 1 1
279 37.77 89.99 46.73 353.70 16 19 1
280 52.93 29.22 16.47 151.62 6 27 1
281 66.12 41.47 37.51 188.60 13 42 1
282 25.82 19.27 43.73 350.05 18 42 1
283 10.34 87.80 26.99 284.41 22 28 1
284 89.47 92.04 11.22 428.17 22 46 1
285 27.30 24.07 35.53 490.43 5 25 1
286 22.74 35.53 44.00 383.60 19 47 1
287 12.11 39.38 33.63 115.96 1 21 1
288 56.71 12.00 42.02 136.24 15 34 1
289 56.32 20.84 46.69 94.43 1 2 1
290 49.75 66.10 5.19 313.02 14 19 1
291 41.13 91.50 12.04 137.52 20 42 1
292 52.18 31.67 5.45 476.96 13 42 1
293 55.47 3.61 43.01 246.76 23 27 1
294 69.39 28.77 38.11 123.18 7 26 1
295 47.37 25.51 9.64 300.24 13 48 1
296 54.05 0.96 15.98 261.96 4 29 1
297 5.11 13.17 0.82 176.58 10 13 1
298 78.59 30.61 46.82 469.54 16 23 1
299 19.88 28.28 33.79 83.50 17 21 1
300 65.07 4.24 22.62 114.03 19 33 1
301 2.42 23.58 35.19 484.85 2 31 1
302 6.66 65.31 41.74 313.44 19 44 1
303 52.54 43.79 7.30 199.69 4 36 1
304 36.29 72.20 21.09 130.73 10 26 1
305 9.28 75.98 0.97 284.93 7 25 1
306 27.84 16.11 49.67 349.90 18 21 1
307 26.19 11.35 36.47 363.28 18 32 1
308 72.89 51.25 12.90 473.75 11 40 1
309 54.89 60.83 12.65 184.70 10 46 1
310 81.63 97.75 43.81 248.38 11 29 1
311 37.10 75.97 43.99 335.70 7 42 1
312 91.98 18.01 34.59 174.47 15 37 1
313 33.37 33.98 37.45 50.55 11 36 1
314 50.94 74.62 45.17 216.57 8 44 1
315 44.72 26.88 31.87 167.83 9 13 1
316 95.89 32.70 49.44 223.23 12 46 1
317 84.88 41.72 11.59 406.16 17 26 1
318 18.18 75.68 8.45 194.56 4 41 1
319 81.04 41.18 47.59 478.25 22 44 1
320 74.42 48.04 30.04 354.33 21 35 1
321 83.71 91.09 29.48 114.99 21 22 1
322 13.35 86.91 0.99 156.61 19 41 1
323 52.57 50.54 17.99 178.43 4 19 1
324 24.69 81.28 14.91 305.16 22 33 1
325 6.65 75.19 11.07 271.24 16 44 1
326 23.65 28.81 15.14 463.33 18 19 1
327 95.43 12.39 0.83 313.52 9 48 1
328 89.10 10.49 40.57 237.87 0 36 1
329 87.64 75.23 16.06 245.32 14 37 1
330 87.99 53.14 9.45 363.65 2 39 1
331 91.34 53.57 7.66 161.17 4 19 1
332 81.97 0.83 10.88 418.37 18 37 1
333 94.48 65.55 42.50 346.37 16 31 1
334 41.11 49.40 39.16 246.66 1 25 1
335 26.33 63.20 17.23 333.29 6 21 1
336 57.12 39.23 36.70 452.86 8 14 1
337 98.89 80.68 20.60 302.66 2 10 1
338 73.00 27.50 42.12 188.06 0 18 1
339 86.26 54.44 15.59 382.67 5 23 1
340 59.59 0.32 0.68 61.64 19 46 1
341 81.13 40.84 13.48 266.04 20 30 1
342 73.68 67.05 31.45 296.13 22 28 1
343 76.82 30.67 36.31 141.44 20 36 1
344 91.51 14.65 31.21 196.40 4 14 1
345 59.39 76.15 40.25 391.08 12 19 1
346 44.63 61.51 21.14 385.81 3 18 1
347 71.03 77.61 2.92 449.70 9 33 1
348 22.64 58.64 0.52 432.20 5 44 1
349 97.44 33.15 0.95 261.77 3 33 1
350 5.28 91.25 21.79 278.59 23 31 1
351 44.48 95.63 33.55 258.37 9 40 1
352 99.35 10.30 32.76 237.18 13 17 1
353 31.66 1.56 4.61 115.62 21 26 1
354 24.12 64.48 34.96 94.40 5 29 1
355 74.28 16.92 15.64 170.08 3 30 1
356 97.07 22.73 33.20 159.96 8 45 1
357 50.38 46.89 24.20 151.11 18 31 1
358 56.69 89.82 13.08 471.92 23 44 1
359 36.68 5.08 23.85 212.57 16 23 1
360 10.65 52.47 11.87 266.94 23 44 1
361 61.12 41.14 48.12 317.70 15 25 1
362 7.09 54.47 40.46 388.47 8 36 1
363 84.27 11.46 7.61 127.72 6 9 1
364 42.34 56.42 45.27 106.50 19 41 1
365 45.39 59.70 36.85 213.65 24 44 1
366 3.95 89.40 1.36 147.29 24 40 1
367 22.68 37.81 16.67 261.50 3 20 1
368 91.04 72.19 13.45 461.86 12 34 1
369 58.96 25.44 3.92 123.94 3 39 1
370 14.88 48.19 47.33 85.68 23 38 1
371 9.11 57.29 3.86 74.59 14 44 1
372 97.86 83.40 33.01 384.96 1 17 1
373 58.16 20.34 14.29 100.75 19 45 1
374 24.12 9.25 27.13 238.31 5 32 1
375 75.23 15.69 14.06 331.85 8 12 1
376 82.04 56.13 14.03 314.77 8 16 1
377 25.31 22.40 37.52 217.14 15 24 1
378 94.84 49.33 36.38 363.47 11 47 1
379 23.53 48.57 40.65 254.59 11 24 1
380 42.47 54.08 42.26 410.66 2 7 1
381 15.08 69.06 32.36 86.44 17 34 1
382 52.28 65.89 13.62 173.20 21 47 1
383 55.03 98.51 48.55 61.66 8 48 1
384 48.65 26.04 23.71 415.03 20 22 1
385 37.46 65.68 35.10 366.85 15 23 1
386 15.81 78.46 23.64 74.19 17 17 1
387 10.23 58.52 20.80 349.55 11 45 1
388 57.11 47.40 47.33 140.50 12 26 1
389 11.65 73.03 26.69 316.44 17 42 1
390 5.40 9.28 4.88 102.33 11 48 1
391 6.38 99.76 45.18 192.56 0 20 1
392 50.33 38.89 29.22 452.35 19 32 1
393 57.33 42.92 33.18 412.15 12 16 1
394 42.77 28.57 4.65 319.01 10 21 1
395 75.20 1.59 22.37 411.64 2 28 1
396 32.32 24.61 11.13 162.96 6 22 1
397 2.51 14.40 17.07 433.92 5 33 1
398 89.97 91.21 42.47 286.88 20 48 1
399 61.28 39.34 30.52 357.33 17 20 1
400 29.61 72.96 47.73 391.00 5 7 1
401 7.46 81.87 25.58 167.77 21 43 1
402 23.77 20.80 16.69 387.09 10 43 1
403 59.37 96.74 12.02 478.65 0 36 1
404 39.47 59.20 47.40 228.63 2 28 1
405 59.96 39.03 14.33 464.80 23 37 1
406 25.54 85.04 30.69 491.93 14 29 1
407 10.15 76.70 49.03 231.32 4 35 1
408 96.66 75.50 29.13 378.99 5 12 1
409 39.22 13.23 13.88 486.18 23 43 1
410 84.06 99.06 22.30 355.31 3 23 1
411 36.05 82.70 17.77 422.25 23 28 1
412 31.33 68.68 20.05 206.90 15 20 1
413 66.42 9.62 39.77 79.43 12 33 1
414 2.57 10.27 20.29 401.64 2 31 1
415 44.75 97.00 11.79 266.76 9 37 1
416 26.26 15.32 34.05 403.66 13 17 1
417 1.22 94.51 29.25 289.58 21 36 1
418 92.08 80.85 42.08 369.13 23 40 1
419 61.10 73.26 8.01 455.43 0 34 1
420 76.16 34.10 31.18 252.14 13 43 1
421 76.58 0.78 11.01 203.22 15 37 1
422 2.97 43.79 49.12 281.59 10 46 1
423 45.09 7.25 41.83 115.33 8 48 1
424 28.58 6.00 20.58 405.80 7 35 1
425 27.15 25.75 30.23 197.01 6 44 1
426 26.96 99.26 22.02 114.60 17 45 1
427 98.32 8.26 31.77 306.70 5 46 1
428 19.65 96.74 30.50 166.14 20 38 1
429 43.02 92.60 7.99 314.02 8 10 1
430 54.59 19.34 20.10 246.46 17 34 1
431 30.49 78.08 13.29 432.42 16 29 1
432 64.68 4.06 47.09 232.46 21 46 1
433 62.82 55.40 14.03 155.11 19 44 1
434 40.78 42.76 24.03 312.42 8 34 1
435 26.13 84.55 24.30 383.77 24 33 1
436 7.81 17.42 43.01 293.13 5 10 1
437 9.97 69.51 31.85 186.08 17 36 1
438 42.29 26.89 32.86 423.79 12 17 1
439 1.65 42.77 15.47 202.70 7 32 1
440 28.38 28.30 20.26 255.07 21 23 1
441 56.41 18.36 23.50 417.48 13 32 1
442 24.07 28.39 3.35 196.12 10 17 1
443 93.56 67.67 45.69 77.48 14 40 1
444 12.88 6.61 36.96 404.16 5 25 1
445 19.18 82.02 33.83 69.76 17 46 1
446 27.06 89.95 17.27 216.51 4 19 1
447 24.58 70.00 37.65 163.24 22 45 1
448 90.22 20.43 18.56 75.97 16 38 1
449 53.75 73.32 10.76 288.75 9 28 1
450 29.08 48.55 45.88 372.43 7 41 1
451 52.08 22.06 12.67 276.85 4 10 1
452 47.33 70.42 18.08 399.86 10 36 1
453 58.89 50.00 20.48 226.13 8 34 1
454 47.24 90.07 33.40 266.89 21 27 1
455 10.38 76.89 1.88 238.86 0 9 1
456 5.96 28.80 8.17 173.61 7 10 1
457 23.92 77.88 46.20 487.78 6 45 1
458 30.36 82.77 11.04 187.35 4 38 1
459 50.21 93.59 39.58 259.20 21 21 1
460 83.58 32.83 44.64 407.78 23 30 1
461 41.89 53.11 22.52 293.65 8 44 1
462 74.46 8.59 40.34 348.16 11 37 1
463 2.21 54.93 25.34 79.48 13 45 1
464 13.85 11.14 20.06 468.31 11 47 1
465 82.10 75.56 32.63 359.55 19 37 1
466 81.03 93.46 49.29 156.72 22 37 1
467 72.20 18.56 2.66 477.12 13 39 1
468 98.25 64.26 25.81 315.16 8 37 1
469 50.57 16.54 1.58 358.14 11 20 1
470 61.27 82.83 26.97 329.22 20 23 1
471 92.61 29.70 41.08 419.86 15 46 1
472 44.80 6.33 8.12 359.11 3 48 1
473 23.84 91.65 26.09 121.42 5 8 1
474 75.32 40.24 22.90 489.57 9 45 1
475 46.63 35.35 5.25 181.47 24 45 1
476 19.74 23.11 5.25 205.86 20 27 1
477 41.64 19.94 28.40 371.51 12 42 1
478 75.22 76.48 19.28 361.98 11 20 1
479 88.83 84.02 37.92 455.87 3 42 1
480 85.60 12.51 40.69 172.94 0 13 1
481 76.19 21.20 26.93 372.79 0 30 1
482 47.28 9.94 46.88 141.17 5 47 1
483 91.90 36.10 36.47 207.99 13 23 1
484 68.63 65.85 9.91 497.79 21 36 1
485 73.42 67.73 44.54 240.86 24 37 1
486 84.77 53.06 36.75 363.62 23 39 1
487 35.12 26.50 40.03 89.91 1 36 1
488 86.67 14.22 12.13 446.63 9 39 1
489 93.84 39.33 48.09 209.53 7 19 1
490 28.48 71.13 36.60 182.59 9 38 1
491 39.37 74.56 9.77 255.14 15 47 1
492 0.09 9.51 45.95 223.82 1 22 1
493 14.94 19.80 39.91 253.65 12 17 1
494 22.18 58.97 21.94 262.56 23 34 1
495 39.56 11.95 25.75 463.25 21 29 1
496 95.31 34.77 38.49 289.73 0 34 1
497 28.94 29.93 4.45 54.88 0 43 1
498 88.55 32.50 2.72 359.50 17 37 1
499 4.87 13.55 36.54 344.48 15 20 1
500 1.78 46.84 49.69 113.05 24 27 1
1 157.26 3610.81 1
2 185.82 3015.07 1
3 176.05 2797.62 1
4 178.97 2555.13 1
1 1.62 32.32 2
2 1.85 35.30 2
3 1.57 37.71 1
4 1.09 42.63 3
