Data for Vehicle routing problem with drones - Author: Huyen Do Thi Ngoc
Number of depots: 1
Number of cities: 100
Number of trucks: 3
Number of drones: 9
Area: 100 100 50
Customer maximum demand: 500
Max capacity of truck: 200
Max energy of truck: 5000
Max capacity of drone: 2
Max energy of drone: 50
1 18.24 29.68 47.52
1 77.11 71.75 33.46 195.57 9 32 1
2 66.24 63.00 49.82 431.56 6 23 1
3 55.22 65.49 37.31 423.48 11 46 1
4 93.27 73.25 22.25 210.67 1 48 1
5 50.17 1.53 37.75 382.07 6 30 1
6 49.48 95.48 44.62 478.53 7 7 1
7 56.92 94.16 29.74 455.82 7 13 1
8 93.23 28.49 48.90 61.38 3 26 1
9 62.75 69.81 14.84 138.63 23 24 1
10 60.61 29.58 12.07 162.23 8 36 1
11 24.10 4.43 36.36 285.73 4 18 1
12 36.00 41.38 36.04 119.31 16 17 1
13 62.89 28.86 5.70 307.86 10 13 1
14 5.63 27.31 14.31 487.04 10 31 1
15 10.93 11.77 34.90 268.47 22 28 1
16 87.27 21.44 15.97 71.41 3 23 1
17 27.97 14.37 12.24 312.77 15 32 1
18 49.43 26.97 33.86 317.91 23 45 1
19 40.69 31.08 22.80 181.10 16 47 1
20 34.24 40.70 40.77 157.03 1 40 1
21 87.83 64.95 17.17 62.76 2 16 1
22 42.80 5.04 18.35 451.70 13 22 1
23 74.27 80.61 22.37 290.33 11 20 1
24 71.22 36.16 2.97 74.49 9 40 1
25 52.02 97.61 37.75 460.24 19 21 1
26 98.32 91.85 6.73 185.01 23 34 1
27 79.88 23.74 1.51 97.38 3 18 1
28 24.87 83.86 2.96 172.09 12 34 1
29 94.52 30.83 17.71 378.34 2 30 1
30 20.65 76.81 19.73 110.65 20 35 1
31 7.69 96.12 40.70 120.61 21 25 1
32 24.70 98.96 18.98 116.50 7 34 1
33 14.84 26.10 49.62 88.21 12 13 1
34 67.22 36.77 1.13 277.85 15 28 1
35 92.26 66.66 31.55 351.42 22 33 1
36 20.08 48.42 37.84 307.66 7 39 1
37 70.30 26.62 3.89 108.81 6 33 1
38 25.00 66.76 32.05 95.06 3 37 1
39 68.83 42.41 29.22 288.73 19 23 1
40 47.65 82.30 47.01 303.36 1 28 1
41 43.48 48.40 48.64 262.09 5 40 1
42 21.15 44.31 17.77 271.65 5 34 1
43 32.52 98.96 21.68 291.56 7 45 1
44 25.69 21.10 31.86 233.11 18 45 1
45 14.62 17.06 29.94 400.88 11 38 1
46 6.93 82.05 34.08 390.72 10 24 1
47 6.00 1.86 40.07 428.01 21 32 1
48 61.20 51.50 43.26 276.90 9 47 1
49 25.85 35.36 14.76 88.11 3 17 1
50 86.96 68.99 32.35 417.87 7 43 1
51 53.03 49.52 32.57 351.37 24 40 1
52 3.12 27.15 34.22 133.22 17 20 1
53 76.55 53.34 34.08 495.85 4 32 1
54 58.73 78.93 28.30 360.86 1 20 1
55 0.70 87.89 31.70 142.11 3 17 1
56 47.01 32.27 11.22 290.03 4 16 1
57 56.89 25.76 43.62 473.38 6 38 1
58 29.14 55.95 46.85 199.33 18 27 1
59 74.88 77.43 42.81 275.58 19 19 1
60 90.09 28.64 38.62 449.09 8 24 1
61 57.84 58.87 49.70 308.08 20 36 1
62 56.82 31.22 22.51 331.65 9 28 1
63 40.67 12.98 21.48 119.99 21 42 1
64 85.70 27.89 24.89 330.51 19 36 1
65 8.35 21.26 1.98 167.40 3 39 1
66 99.28 19.65 35.71 58.10 18 25 1
67 9.44 72.07 11.03 125.95 6 42 1
68 80.81 79.71 17.54 457.37 10 45 1
69 67.31 5.26 48.79 133.98 3 17 1
70 94.14 50.95 13.21 119.09 0 1 1
71 79.13 28.72 46.62 156.39 24 39 1
72 38.71 14.88 0.47 213.70 13 47 1
73 5.32 33.93 28.89 55.83 0 40 1
74 8.28 67.82 11.50 463.13 12 38 1
75 18.83 95.32 15.82 424.22 1 13 1
76 42.50 45.47 46.25 318.04 10 48 1
77 83.17 92.81 15.01 222.50 13 14 1
78 48.99 84.60 41.85 344.14 13 27 1
79 14.65 40.91 34.46 193.70 0 46 1
80 95.64 21.73 48.02 185.83 16 23 1
81 28.40 16.17 31.81 442.39 14 19 1
82 27.32 71.42 42.64 109.38 3 4 1
83 95.98 14.33 13.19 245.70 0 44 1
84 16.18 52.80 46.86 137.08 17 42 1
85 2.91 22.90 1.31 423.80 7 34 1
86 0.49 48.42 12.33 470.93 3 41 1
87 89.38 66.21 46.92 295.58 2 12 1
88 4.30 95.19 43.50 265.96 2 5 1
89 99.16 97.85 19.37 87.35 19 19 1
90 90.46 53.73 44.98 393.63 13 45 1
91 75.34 60.76 39.51 453.11 4 11 1
92 26.60 12.16 35.07 362.02 10 43 1
93 21.88 61.29 45.50 277.28 19 42 1
94 54.79 20.69 6.62 372.01 0 47 1
95 53.51 26.67 23.16 375.13 8 36 1
96 77.15 9.51 29.30 191.14 21 44 1
97 74.90 69.00 13.56 57.99 19 46 1
98 88.56 73.23 21.63 397.03 21 28 1
99 53.71 22.73 31.01 225.76 9 26 1
100 45.99 15.30 25.93 183.79 2 36 1
1 147.40 4734.98 1
2 147.71 3247.02 1
3 147.35 4309.58 1
1 1.01 44.41 1
2 1.22 45.31 1
3 1.68 38.10 3
4 1.15 28.80 2
5 1.74 33.06 2
6 1.66 39.53 1
7 1.76 46.89 1
8 1.88 37.86 3
9 1.55 40.77 2
