Data for Vehicle routing problem with drones - Author: Huyen Do Thi Ngoc
Number of depots: 5
Number of cities: 400
Number of trucks: 6
Number of drones: 6
Area: 100 100 50
Customer maximum demand: 500
Max capacity of truck: 200
Max energy of truck: 5000
Max capacity of drone: 2
Max energy of drone: 50
1 0.04 27.38 45.37
2 31.67 46.15 20.32
3 82.99 56.92 3.22
4 80.75 93.06 32.94
5 40.59 74.09 7.21
1 70.91 5.14 11.06 358.02 3 15 1
2 9.06 77.69 48.13 223.27 1 29 1
3 32.59 42.61 13.43 332.77 18 35 3
4 57.78 1.60 49.38 111.44 6 32 5
5 91.99 40.71 37.55 200.87 14 33 4
6 17.23 17.31 32.86 172.17 1 6 4
7 95.59 67.84 5.91 471.22 9 44 5
8 7.52 5.24 17.13 378.95 23 31 3
9 5.05 74.11 21.68 480.35 22 30 1
10 82.71 20.78 6.97 201.42 7 43 3
11 2.37 82.89 22.64 256.61 24 39 3
12 79.07 38.56 31.52 476.90 12 17 1
13 97.87 92.24 12.66 182.64 8 46 2
14 2.61 51.82 48.70 103.25 23 41 2
15 39.94 23.59 34.48 224.29 5 21 2
16 60.38 88.77 38.95 144.98 14 23 1
17 23.73 74.08 1.19 242.88 13 30 2
18 40.83 42.62 40.43 210.16 24 29 4
19 85.36 70.24 39.43 209.63 10 47 1
20 80.56 22.49 33.51 391.09 13 21 4
21 12.21 35.73 22.12 313.77 17 39 3
22 22.51 99.66 18.74 175.57 2 24 3
23 36.55 52.98 9.69 210.89 18 37 4
24 26.65 22.37 12.52 378.23 12 32 3
25 79.87 83.94 44.69 198.97 20 36 4
26 3.00 13.31 1.50 332.43 6 29 5
27 80.88 5.40 33.82 73.20 20 36 5
28 88.48 38.09 40.33 312.38 23 45 4
29 5.80 77.24 25.30 428.09 24 45 2
30 42.29 60.91 19.84 219.49 20 45 4
31 49.40 5.92 43.36 69.53 23 47 2
32 96.74 69.89 49.09 432.87 20 34 2
33 56.45 32.08 17.90 141.00 16 34 2
34 21.45 12.64 21.14 418.00 8 28 4
35 21.89 11.25 18.66 339.48 13 41 1
36 47.26 57.04 8.78 275.25 7 7 1
37 92.69 16.92 2.87 225.27 4 38 1
38 62.80 75.52 0.37 229.80 13 44 4
39 1.59 41.10 9.62 422.39 12 35 3
40 82.18 92.50 35.21 179.06 7 43 1
41 97.09 60.24 36.71 427.64 1 28 5
42 59.88 35.40 33.44 267.90 17 42 3
43 37.43 49.61 22.19 99.59 1 13 5
44 29.40 84.60 4.46 254.75 15 31 4
45 20.02 11.48 23.32 485.42 16 32 3
46 47.10 83.90 7.69 260.09 3 4 3
47 8.48 2.30 21.61 496.10 17 45 3
48 25.64 19.40 16.29 143.96 21 27 1
49 35.37 19.78 45.88 242.84 19 30 4
50 31.42 16.01 28.71 194.56 19 42 5
51 55.58 34.53 18.62 422.25 21 47 2
52 68.66 48.51 8.35 367.62 15 46 2
53 5.46 14.01 39.80 230.92 15 48 3
54 53.06 39.38 15.48 468.94 16 19 5
55 77.34 81.43 47.13 77.85 14 36 2
56 25.71 54.23 8.86 376.98 22 22 4
57 27.31 72.81 37.59 425.60 11 11 4
58 12.66 14.59 32.40 299.54 13 24 4
59 44.83 89.79 5.30 100.51 19 27 2
60 72.53 20.20 13.88 216.90 21 45 1
61 48.76 74.32 23.96 160.74 20 33 1
62 30.16 91.48 24.38 483.17 12 44 4
63 68.68 39.37 5.05 245.82 6 14 1
64 3.98 6.02 16.61 257.85 5 29 3
65 87.28 26.39 21.47 333.90 13 41 3
66 75.94 22.53 12.75 292.74 3 24 1
67 24.16 99.38 25.00 431.22 6 22 4
68 89.83 67.14 11.84 434.17 0 37 5
69 50.34 20.01 44.95 72.69 7 25 4
70 41.58 52.57 36.49 202.05 4 15 3
71 71.24 81.73 0.15 80.94 3 9 1
72 94.12 59.52 15.84 242.26 15 26 1
73 20.17 25.34 4.17 324.10 21 24 4
74 44.75 82.12 14.58 478.38 24 45 5
75 56.21 60.43 45.76 131.71 14 21 3
76 33.19 97.60 7.04 320.72 20 30 3
77 10.47 74.36 16.15 201.02 19 30 1
78 32.43 81.17 20.33 61.54 16 29 5
79 30.43 29.36 31.05 91.15 11 32 2
80 4.06 80.62 34.51 458.98 1 27 3
81 18.88 80.42 11.45 60.11 3 19 1
82 72.21 29.16 23.78 227.23 8 17 3
83 63.09 68.80 34.01 357.22 0 40 4
84 98.28 33.77 10.39 264.44 1 10 4
85 55.74 28.22 5.29 317.24 6 24 4
86 5.04 18.82 5.03 243.60 0 0 2
87 13.10 82.34 45.50 194.11 2 25 3
88 54.55 49.37 18.29 73.95 14 20 1
89 44.22 38.61 13.00 57.39 1 11 3
90 31.73 12.28 4.25 112.52 23 41 3
91 26.38 85.37 12.98 387.57 21 25 2
92 64.56 69.22 27.06 121.17 23 45 5
93 64.01 83.56 32.14 331.36 24 35 2
94 53.53 85.02 32.53 285.04 18 36 4
95 64.01 47.86 7.62 125.94 8 22 5
96 98.97 29.93 19.27 71.66 8 45 5
97 99.85 46.35 48.20 282.77 20 22 3
98 0.04 39.38 41.69 118.29 7 13 5
99 32.01 32.60 41.83 316.56 0 23 2
100 25.62 34.96 12.01 225.82 19 48 3
101 17.70 72.00 3.33 335.67 14 17 2
102 63.13 35.44 31.44 282.03 8 45 5
103 74.20 3.61 35.64 68.67 9 47 5
104 49.03 96.93 9.29 363.78 20 48 1
105 27.05 56.81 43.70 174.54 1 17 3
106 55.05 7.87 7.85 397.77 19 48 3
107 47.47 82.02 14.70 365.71 5 5 3
108 15.77 78.12 47.68 420.14 13 29 5
109 27.40 68.43 48.58 77.47 23 46 2
110 22.05 6.88 4.45 59.81 7 36 1
111 31.16 99.21 17.69 168.93 2 42 1
112 78.42 80.13 35.57 102.19 7 12 4
113 9.43 22.63 10.86 98.51 0 40 2
114 90.22 85.88 35.58 136.46 12 12 1
115 1.95 62.03 27.92 496.18 23 30 1
116 60.95 74.26 1.77 280.09 17 19 5
117 57.11 44.12 39.67 136.05 5 17 5
118 68.41 33.83 16.66 210.39 16 34 4
119 7.43 99.46 35.38 104.85 8 11 2
120 17.64 6.50 34.00 397.60 2 3 2
121 18.98 85.15 21.90 51.95 15 38 4
122 46.73 11.67 5.15 419.73 24 41 5
123 48.59 57.84 43.21 179.35 0 39 4
124 66.00 21.18 49.83 232.73 3 22 2
125 84.39 35.82 34.84 481.52 22 27 5
126 60.26 39.27 40.94 356.05 5 19 2
127 6.56 91.94 24.73 498.93 24 31 2
128 95.31 20.59 47.34 244.24 6 15 2
129 8.70 29.37 24.25 62.79 2 17 5
130 74.52 34.62 0.15 75.64 1 16 1
131 82.90 61.81 36.66 68.95 21 43 5
132 27.62 31.32 35.62 309.01 22 45 2
133 55.90 80.52 43.67 313.32 19 29 1
134 89.98 72.79 29.39 158.80 13 17 1
135 91.63 21.30 32.69 182.68 6 38 4
136 28.94 11.19 27.66 425.16 17 25 4
137 81.96 77.48 39.87 398.60 13 24 2
138 43.40 49.21 30.46 288.97 7 8 4
139 37.40 8.33 16.27 239.47 23 41 2
140 4.74 36.38 16.56 180.26 21 25 1
141 16.82 21.48 14.99 154.46 24 25 4
142 44.24 29.41 12.98 206.44 24 47 4
143 36.16 99.98 25.86 480.95 15 27 5
144 24.15 65.17 7.85 321.51 11 46 1
145 58.84 96.06 44.07 142.31 20 29 2
146 10.24 62.80 18.82 419.50 17 29 3
147 27.29 51.06 8.40 109.05 1 16 4
148 6.88 40.85 39.38 300.04 13 32 1
149 92.58 31.67 36.61 251.98 19 37 4
150 38.53 25.01 16.22 439.66 0 41 1
151 91.65 87.49 29.28 493.59 11 36 4
152 66.61 59.00 42.55 466.44 21 37 5
153 59.75 69.35 30.73 262.72 5 25 5
154 1.32 65.52 14.80 280.36 6 34 5
155 8.20 82.93 0.13 425.55 8 20 5
156 57.95 80.00 35.41 130.70 1 48 5
157 73.02 79.56 28.16 152.73 6 31 4
158 95.22 6.75 47.87 345.40 18 45 5
159 9.46 63.68 46.25 163.30 4 22 4
160 22.00 68.86 19.94 482.46 19 45 1
161 14.83 7.39 3.81 414.95 10 41 5
162 91.68 58.87 24.73 282.98 8 25 5
163 28.82 89.22 19.24 457.99 17 46 1
164 96.74 33.20 14.72 293.33 8 22 2
165 24.34 2.38 43.23 179.47 7 21 4
166 58.71 49.89 30.35 474.13 4 29 4
167 39.64 7.00 2.06 471.88 1 3 4
168 49.29 37.01 27.46 333.96 0 11 1
169 23.28 61.79 18.80 117.32 12 17 4
170 44.22 34.35 44.33 255.74 23 38 4
171 2.33 13.48 40.77 431.63 2 17 4
172 43.80 80.76 23.37 446.93 16 29 3
173 37.71 26.52 10.68 346.38 4 34 3
174 59.56 18.27 14.18 424.14 23 25 5
175 21.38 85.84 39.85 408.16 5 48 4
176 69.87 68.71 32.33 183.86 10 27 1
177 78.19 82.02 21.85 457.23 5 29 4
178 84.61 32.29 19.87 474.61 8 42 1
179 88.05 34.16 40.44 236.67 6 14 5
180 34.77 56.11 42.74 288.88 15 16 1
181 63.19 98.10 25.76 126.17 4 44 3
182 78.38 77.92 29.31 198.82 8 38 2
183 37.29 42.61 8.19 208.81 16 46 5
184 99.73 93.70 45.69 425.77 6 32 4
185 31.27 44.75 42.04 64.25 7 45 5
186 99.51 98.42 20.48 228.36 14 19 4
187 96.22 99.98 24.70 126.27 22 23 2
188 58.65 82.54 12.00 461.39 21 39 5
189 89.22 73.17 28.08 363.47 20 30 3
190 1.50 65.99 37.33 164.29 21 29 2
191 18.63 49.51 11.17 184.74 4 10 3
192 8.99 71.93 32.64 330.61 10 15 1
193 36.71 31.24 20.05 433.06 20 38 5
194 42.94 14.42 1.18 208.24 16 44 1
195 33.27 17.78 23.69 445.25 14 16 2
196 57.57 48.70 26.42 477.74 5 48 4
197 52.36 21.99 16.56 420.22 22 47 2
198 36.22 61.92 37.67 232.24 9 22 3
199 20.49 10.88 2.14 259.40 6 19 4
200 20.00 33.70 10.47 188.97 13 41 1
201 93.61 60.73 41.82 199.11 24 45 4
202 82.57 97.03 3.45 454.33 21 35 4
203 89.27 88.07 44.49 250.95 19 33 5
204 25.18 42.25 15.15 97.61 11 28 4
205 22.04 25.55 7.87 76.61 13 37 2
206 13.04 66.93 20.50 337.42 14 40 1
207 75.10 74.48 30.06 161.74 5 23 2
208 69.85 81.48 22.45 444.95 10 42 4
209 91.16 56.41 6.32 262.17 13 14 4
210 18.72 44.57 41.94 464.94 24 30 2
211 11.30 81.11 39.92 166.44 14 29 2
212 85.72 94.73 37.19 216.09 14 25 1
213 75.05 85.62 27.52 412.03 21 46 4
214 12.98 27.24 45.91 135.52 21 44 2
215 70.72 9.57 33.30 194.21 12 33 1
216 66.22 62.34 32.36 186.39 14 31 5
217 69.13 46.84 26.08 190.43 3 25 2
218 49.22 95.63 16.78 457.15 21 42 4
219 79.90 96.85 2.04 269.59 3 45 1
220 70.34 83.47 39.06 279.16 6 7 1
221 64.92 13.32 37.27 294.84 8 30 2
222 34.99 34.34 31.96 296.12 16 42 2
223 36.48 60.98 45.60 493.08 5 8 3
224 0.36 86.99 3.97 219.17 24 26 5
225 41.46 24.71 43.79 187.37 20 44 5
226 13.38 34.72 41.86 176.32 3 41 5
227 61.74 4.44 16.62 132.53 20 37 4
228 27.85 61.95 43.04 73.74 18 19 2
229 13.68 90.13 40.13 240.60 10 17 1
230 84.92 55.70 35.68 369.69 2 8 2
231 27.67 98.11 10.52 428.88 2 18 5
232 54.73 81.33 34.71 423.07 15 16 2
233 21.99 24.26 16.83 254.20 14 45 2
234 36.41 51.93 7.79 130.19 18 22 1
235 49.92 8.05 10.90 283.44 23 27 1
236 26.25 6.63 21.82 424.91 22 29 4
237 58.66 61.44 10.74 403.45 2 5 2
238 36.98 32.51 9.61 492.04 2 27 2
239 65.14 56.69 29.66 206.92 9 22 4
240 52.98 34.47 16.61 351.56 12 34 2
241 44.07 72.88 49.36 492.67 22 45 5
242 74.10 55.94 26.69 138.88 18 36 5
243 82.10 27.11 36.76 128.28 3 27 3
244 90.60 58.93 39.30 430.70 13 23 5
245 0.12 96.97 43.11 294.37 20 48 5
246 83.14 40.15 35.09 469.10 5 25 3
247 45.57 11.06 10.99 156.01 1 4 1
248 28.35 58.00 25.93 130.22 19 41 1
249 38.53 14.74 1.38 447.97 13 36 2
250 45.25 54.52 6.45 261.36 18 42 5
251 63.60 0.50 40.90 52.68 23 38 5
252 52.99 4.42 41.78 241.43 12 48 4
253 89.65 82.33 44.35 244.42 11 34 3
254 84.86 16.76 7.87 370.09 17 28 1
255 50.82 84.67 18.57 183.96 3 35 2
256 18.04 39.66 5.65 294.72 1 45 4
257 23.05 31.61 43.10 452.46 10 35 5
258 44.70 13.60 1.86 181.50 1 38 2
259 14.59 35.67 7.58 105.64 12 45 5
260 35.10 12.56 47.36 218.29 1 11 1
261 32.96 45.17 3.86 174.92 17 17 4
262 88.24 15.04 26.20 256.54 12 14 4
263 6.64 50.44 9.83 455.60 14 24 5
264 55.76 93.92 20.17 252.90 7 30 1
265 19.13 73.32 49.38 372.37 4 37 5
266 86.26 10.45 40.11 64.05 23 26 5
267 75.86 45.48 3.69 318.96 22 24 4
268 88.08 85.41 18.60 359.37 6 29 2
269 71.37 82.33 3.26 286.20 14 41 5
270 50.22 17.54 8.73 315.38 1 12 4
271 90.77 82.77 23.11 370.85 13 36 5
272 13.94 38.24 17.00 113.95 15 32 2
273 65.93 98.31 37.54 425.52 3 44 2
274 53.54 52.51 46.72 497.54 0 36 2
275 61.13 83.65 45.09 238.95 16 38 3
276 21.92 44.22 38.07 407.40 3 35 3
277 78.54 88.86 7.45 88.28 5 11 4
278 84.40 66.18 14.48 423.38 11 32 1
279 46.15 34.84 6.64 183.88 17 48 1
280 77.97 31.02 24.32 170.14 5 37 4
281 11.41 31.55 36.34 60.71 23 23 2
282 50.25 51.53 2.09 335.09 15 26 1
283 62.81 27.79 15.87 414.87 19 43 3
284 45.80 73.54 35.60 419.25 13 15 1
285 56.34 10.89 30.78 384.91 13 48 1
286 40.62 2.50 15.19 137.46 7 27 5
287 51.80 68.51 38.81 93.06 24 40 1
288 13.55 67.38 40.05 290.53 15 25 3
289 76.87 50.45 45.64 415.77 4 8 3
290 46.58 42.26 47.89 225.96 13 31 4
291 52.28 12.40 16.81 457.36 18 38 4
292 24.98 74.69 21.20 434.29 20 46 3
293 71.31 63.22 47.58 102.68 11 39 2
294 34.03 39.02 9.10 330.20 7 39 2
295 50.59 13.52 10.66 133.16 15 42 3
296 37.58 26.32 28.66 498.58 8 43 3
297 26.11 30.47 18.98 407.14 8 9 3
298 77.92 15.71 23.29 285.98 16 41 3
299 71.96 66.00 2.60 126.09 4 33 3
300 30.38 35.18 49.69 275.59 9 16 1
301 24.54 66.96 43.67 137.30 7 15 3
302 33.68 62.62 2.86 349.31 22 45 3
303 76.83 83.62 11.95 133.86 6 36 4
304 4.84 46.04 5.78 128.23 16 30 3
305 69.41 52.77 15.64 343.06 21 47 3
306 2.65 9.79 24.19 228.89 16 46 4
307 76.49 44.88 39.64 480.45 21 35 2
308 16.29 26.12 24.17 277.51 13 47 3
309 16.62 25.86 49.42 313.76 3 45 4
310 60.13 17.06 42.87 130.82 7 26 1
311 7.69 11.00 44.80 489.69 17 34 4
312 52.38 4.54 5.12 463.26 10 41 1
313 59.62 64.27 35.82 465.89 16 25 2
314 28.36 3.72 40.26 395.90 13 41 3
315 24.28 40.14 12.34 291.63 19 24 1
316 17.96 2.05 11.46 485.00 12 47 3
317 31.94 22.13 10.53 333.47 4 29 1
318 88.18 89.65 29.20 356.79 1 25 1
319 31.53 80.44 3.34 295.10 11 36 2
320 68.28 10.60 3.76 380.57 15 47 3
321 4.53 98.41 47.68 288.96 22 47 5
322 67.66 93.59 2.31 98.03 24 32 5
323 54.40 67.56 44.32 328.52 13 41 3
324 58.49 98.28 47.48 473.83 17 42 2
325 22.22 25.57 41.21 178.46 20 29 5
326 49.54 43.18 40.73 73.30 16 29 4
327 94.11 50.59 40.10 477.02 14 31 4
328 54.17 33.93 16.58 439.97 1 35 2
329 60.61 33.52 17.14 160.34 10 27 4
330 90.36 72.55 42.27 132.57 18 40 5
331 46.52 27.86 13.30 459.52 9 14 2
332 16.21 94.39 48.34 145.27 8 19 3
333 81.84 48.15 24.25 192.36 10 18 2
334 20.85 62.05 17.04 121.04 21 37 3
335 58.04 64.49 37.62 186.12 22 30 2
336 94.56 40.03 49.75 380.73 18 36 4
337 96.62 43.13 15.67 212.84 12 22 2
338 60.03 55.50 2.44 63.86 19 39 2
339 92.92 53.46 12.15 434.30 19 45 4
340 59.84 97.17 24.90 320.24 4 23 4
341 70.79 9.98 0.34 133.64 15 36 5
342 88.69 19.01 49.76 405.54 13 35 3
343 54.09 74.25 47.47 69.79 20 36 3
344 69.58 12.73 22.78 116.48 23 38 4
345 0.10 53.54 28.22 464.50 7 21 5
346 57.48 87.02 5.29 271.06 17 35 2
347 42.19 39.94 3.38 93.83 10 21 5
348 95.12 82.85 14.70 357.39 3 4 4
349 32.37 83.53 26.60 154.45 14 22 2
350 14.19 19.85 34.43 487.38 7 39 4
351 13.75 10.65 1.72 142.04 3 8 4
352 54.63 85.25 46.07 166.95 8 48 3
353 28.49 30.95 43.65 55.64 8 42 2
354 1.24 72.71 29.88 56.78 16 43 4
355 34.77 67.76 5.23 466.33 24 24 2
356 23.01 25.00 16.19 464.21 12 29 3
357 92.71 82.52 27.92 419.76 13 16 5
358 57.34 35.30 41.33 299.99 24 40 3
359 15.00 13.94 8.87 468.60 18 34 5
360 14.14 59.17 26.59 260.80 14 46 5
361 74.11 13.50 9.78 464.71 13 18 2
362 83.12 19.46 18.85 261.72 22 42 3
363 64.05 59.22 48.82 453.97 1 27 3
364 50.45 34.40 10.09 296.19 3 42 4
365 69.60 26.05 45.90 406.25 19 27 2
366 96.00 32.99 20.13 485.94 21 40 5
367 44.44 50.60 18.65 364.79 12 26 5
368 5.25 9.56 12.57 228.91 2 41 3
369 21.25 19.73 43.12 154.37 10 19 3
370 69.53 36.66 16.57 162.00 11 25 3
371 89.23 68.81 38.36 396.74 4 39 3
372 73.47 44.05 48.29 340.16 10 46 2
373 0.57 66.83 10.11 249.87 18 44 5
374 23.31 76.47 20.34 338.79 23 33 3
375 95.26 77.34 3.51 271.28 19 38 3
376 42.68 73.51 35.35 169.25 10 10 3
377 42.12 75.11 26.62 77.03 8 38 4
378 7.25 36.78 36.85 208.57 11 13 2
379 42.33 94.42 3.06 324.77 7 48 1
380 38.85 3.32 15.18 278.00 7 19 2
381 96.09 60.25 38.07 489.32 1 29 2
382 47.44 73.07 40.54 448.09 16 32 2
383 87.05 96.73 25.79 413.20 21 37 1
384 93.88 59.30 37.60 385.10 14 47 2
385 99.77 74.63 27.59 333.36 19 29 3
386 83.20 77.01 12.94 264.04 3 13 3
387 16.74 48.65 22.75 369.37 18 31 1
388 15.83 61.59 18.25 258.86 16 18 2
389 79.14 98.60 35.97 89.66 7 33 3
390 13.81 63.75 35.49 162.55 1 36 5
391 31.99 73.74 2.89 381.86 19 21 3
392 91.31 98.73 34.34 282.95 21 33 1
393 72.78 4.65 18.59 93.58 0 26 1
394 10.81 56.95 21.59 345.86 17 38 5
395 38.97 94.89 26.41 292.14 17 33 4
396 77.65 43.50 17.17 470.85 16 43 1
397 16.10 10.82 39.43 379.02 0 11 4
398 48.85 60.83 41.89 423.85 23 40 2
399 41.65 80.27 48.88 456.91 5 35 3
400 20.47 94.57 25.91 479.68 19 24 3
1 115.21 3034.96 1
2 131.81 4441.51 2
3 195.19 4525.56 3
4 113.97 4324.20 4
5 152.27 3261.13 5
6 123.53 4927.60 1
1 1.24 42.05 6
2 1.81 46.23 6
3 1.14 32.43 1
4 1.54 27.70 5
5 1.73 49.90 1
6 1.97 46.98 3
