Data for Vehicle routing problem with drones - Author: Huyen Do Thi Ngoc
Number of depots: 4
Number of cities: 200
Number of trucks: 5
Number of drones: 5
Area: 100 100 50
Customer maximum demand: 500
Max capacity of truck: 200
Max energy of truck: 5000
Max capacity of drone: 2
Max energy of drone: 50
1 76.44 74.63 36.84
2 0.49 85.30 31.57
3 53.83 66.39 0.33
4 98.57 41.71 21.25
1 80.93 86.37 1.18 440.78 19 30 3
2 97.82 13.50 30.57 214.74 4 32 4
3 29.06 15.57 17.83 370.13 6 6 4
4 87.52 96.91 0.75 475.73 16 27 3
5 57.37 21.58 36.21 450.26 12 19 4
6 53.22 70.85 16.15 262.75 9 32 1
7 64.28 80.25 14.12 391.25 0 36 4
8 67.32 54.12 11.21 463.17 17 37 1
9 57.79 53.72 3.80 251.44 17 38 2
10 23.23 88.16 2.29 442.20 6 6 1
11 1.32 75.57 16.31 219.93 9 11 4
12 63.46 5.28 15.49 256.62 19 38 2
13 38.66 85.24 29.70 270.94 1 6 3
14 11.71 77.52 1.85 282.97 12 19 1
15 98.28 73.27 2.33 198.81 21 25 4
16 7.51 39.41 40.27 409.44 17 34 1
17 48.51 9.34 11.07 472.41 13 39 3
18 65.74 2.83 38.00 79.79 9 28 4
19 99.47 76.02 2.37 219.13 13 34 2
20 95.95 89.39 14.51 481.72 12 23 4
21 74.35 65.12 21.81 239.49 8 10 4
22 31.70 54.82 2.80 300.06 19 21 2
23 58.11 46.66 6.09 58.08 6 15 2
24 58.16 3.80 37.65 457.89 13 26 4
25 50.23 55.96 23.59 235.15 6 28 3
26 93.57 42.93 47.66 265.92 6 12 4
27 94.95 87.03 41.73 263.34 1 33 1
28 31.72 91.02 16.26 286.59 23 33 2
29 77.31 58.04 18.48 260.81 6 18 3
30 97.35 41.51 18.85 150.64 10 19 3
31 95.20 44.31 1.20 141.73 17 36 2
32 97.81 41.69 0.73 145.15 20 27 2
33 72.41 30.99 38.12 71.23 10 18 1
34 80.29 72.96 48.70 148.49 23 39 4
35 6.57 1.18 29.63 125.47 13 44 2
36 50.71 88.41 20.15 179.93 0 41 3
37 76.14 24.98 24.95 196.36 21 25 2
38 28.95 37.64 46.83 82.84 8 30 3
39 68.09 47.92 18.28 304.31 9 29 4
40 35.22 50.49 15.11 116.46 18 45 3
41 63.59 41.90 40.58 371.36 3 6 1
42 67.68 21.04 47.18 109.97 10 29 4
43 15.74 55.23 0.86 249.59 7 34 4
44 51.31 82.58 34.94 163.68 4 46 4
45 59.14 76.38 16.07 187.30 22 30 3
46 38.94 6.46 1.55 331.81 9 43 3
47 58.82 77.44 48.56 227.93 18 35 3
48 59.63 7.46 8.70 307.84 17 23 4
49 28.04 66.83 11.85 141.75 1 1 2
50 93.96 23.84 2.76 169.68 23 40 2
51 57.57 77.53 40.11 395.69 0 31 1
52 23.76 16.53 29.07 470.57 13 14 1
53 5.90 57.56 49.49 133.13 1 40 3
54 96.05 47.22 35.33 224.37 18 45 3
55 89.48 24.47 36.67 428.91 16 38 3
56 29.70 19.36 43.19 53.82 7 16 2
57 61.60 90.48 12.69 86.66 4 8 1
58 14.36 45.15 30.35 270.06 21 29 3
59 37.53 91.82 45.96 131.90 11 28 1
60 47.11 53.89 44.98 489.98 16 29 3
61 94.29 32.39 22.33 112.96 13 43 4
62 22.06 72.96 41.35 471.36 15 20 2
63 14.22 70.03 18.98 483.10 23 44 1
64 59.78 56.02 36.11 281.25 19 38 4
65 85.85 22.23 3.34 376.05 4 37 1
66 64.20 75.71 0.29 459.03 24 41 4
67 50.05 3.67 20.14 383.97 22 40 4
68 51.35 26.48 4.83 302.98 1 18 2
69 32.05 18.48 37.39 418.52 21 23 3
70 23.41 35.27 28.85 216.07 18 25 1
71 62.35 86.87 22.54 394.47 4 39 4
72 34.68 95.84 27.54 63.67 1 37 3
73 61.14 10.99 6.62 470.10 17 24 3
74 41.18 82.14 48.91 280.65 15 33 4
75 9.84 87.30 33.95 68.70 3 43 4
76 17.96 45.51 37.40 238.07 24 39 4
77 45.01 99.60 2.90 443.69 16 41 2
78 67.92 44.89 33.06 366.63 17 41 1
79 69.16 3.02 44.90 66.42 21 33 2
80 47.16 95.76 37.56 91.87 6 14 2
81 18.56 93.01 37.93 404.76 18 43 2
82 41.11 80.55 47.22 140.80 1 35 4
83 76.05 45.53 30.92 193.05 11 37 1
84 46.26 56.60 20.39 212.17 15 39 4
85 57.05 33.76 36.14 164.96 22 26 2
86 16.89 87.87 21.44 412.97 0 15 3
87 82.37 8.94 12.82 451.96 11 44 3
88 92.28 64.38 30.85 98.59 5 9 3
89 4.33 29.03 14.49 194.02 16 47 4
90 55.36 50.18 27.32 80.18 19 41 4
91 15.20 25.49 26.73 252.42 3 37 1
92 32.61 38.24 42.53 222.54 1 38 4
93 72.51 49.38 19.95 226.89 14 18 2
94 39.24 96.14 10.64 275.07 10 28 3
95 97.76 38.38 37.18 371.93 15 20 1
96 65.96 36.21 3.93 144.05 2 22 1
97 76.85 67.10 42.68 66.33 5 25 1
98 94.48 40.61 22.84 322.87 19 40 1
99 87.29 31.16 47.20 222.12 12 31 3
100 54.03 76.88 1.62 356.14 11 24 1
101 57.70 19.23 26.92 479.37 21 26 2
102 84.79 77.54 34.44 164.50 17 25 1
103 30.79 23.69 14.49 146.47 21 25 3
104 41.22 0.76 2.24 234.73 19 33 4
105 30.21 38.78 43.41 363.33 5 13 3
106 3.90 46.82 41.63 295.98 11 16 2
107 98.35 68.76 31.61 408.17 13 20 4
108 21.75 86.57 34.02 354.31 5 9 4
109 76.57 71.55 20.34 437.29 19 45 1
110 76.78 57.53 0.71 190.36 13 45 2
111 28.45 88.21 31.85 377.57 12 39 2
112 9.69 56.42 47.47 297.54 6 48 4
113 85.63 51.98 36.75 163.71 14 24 3
114 41.68 5.99 39.79 277.78 18 24 4
115 57.29 58.85 7.40 483.76 8 43 4
116 66.92 83.82 41.58 136.22 4 15 4
117 4.56 94.56 26.75 151.34 5 27 4
118 69.96 17.91 36.93 182.96 7 7 1
119 37.95 90.82 28.80 198.40 8 18 1
120 31.77 35.71 2.83 85.62 21 28 3
121 48.66 32.44 31.24 214.36 21 48 1
122 57.32 0.39 14.31 241.77 13 38 4
123 95.91 5.48 27.07 478.71 11 19 1
124 11.03 5.16 21.77 370.84 16 37 1
125 97.09 67.96 6.24 160.90 14 21 4
126 90.07 96.68 15.37 169.83 6 34 3
127 92.46 96.87 49.53 250.37 5 39 1
128 14.34 18.59 23.80 169.06 4 8 3
129 18.17 89.91 19.80 304.69 24 47 4
130 64.65 40.08 40.81 417.85 21 30 4
131 5.76 97.66 44.95 131.23 24 46 4
132 47.41 70.23 45.98 404.68 16 35 4
133 86.99 47.70 45.22 188.41 24 37 4
134 43.91 58.32 18.04 415.02 19 37 1
135 93.05 99.91 7.06 134.88 12 26 4
136 96.55 69.06 44.60 403.18 1 32 4
137 56.80 13.96 33.95 207.52 12 33 2
138 81.57 51.85 6.06 148.30 5 42 2
139 30.20 96.92 19.53 184.87 20 47 4
140 20.45 87.51 27.34 380.17 16 47 1
141 73.53 81.59 33.20 195.40 3 21 3
142 44.35 49.17 32.90 413.43 4 5 3
143 89.32 26.24 15.96 378.84 3 11 2
144 77.14 12.46 39.79 274.26 5 17 4
145 41.86 20.39 27.73 270.84 13 40 4
146 6.92 40.14 29.66 97.12 6 42 3
147 53.22 11.14 45.37 211.11 17 36 2
148 54.15 11.46 34.06 301.56 8 47 4
149 15.83 24.51 30.10 86.29 3 35 4
150 58.83 18.40 46.43 315.59 16 40 1
151 53.50 26.57 33.50 80.40 23 47 2
152 31.90 25.45 24.56 241.52 1 29 2
153 68.76 50.10 47.37 479.63 19 30 4
154 15.11 19.09 10.31 94.69 8 12 3
155 98.37 40.11 21.19 286.67 1 47 4
156 95.17 71.75 1.87 475.22 16 33 3
157 71.13 74.09 44.11 215.47 0 30 2
158 49.18 84.01 38.11 311.50 1 29 3
159 86.75 31.77 11.09 168.23 5 48 4
160 16.49 38.96 31.34 138.66 5 11 2
161 59.43 68.42 31.65 241.69 7 20 2
162 74.79 57.83 39.10 82.67 0 21 4
163 95.27 22.68 42.95 132.85 21 26 3
164 85.23 37.78 47.00 199.93 6 46 1
165 87.20 11.98 18.17 448.01 21 28 2
166 1.26 28.45 23.66 142.14 12 14 2
167 12.72 96.47 42.95 126.80 16 22 4
168 19.62 22.47 28.64 230.64 23 39 4
169 94.12 18.64 5.76 261.12 8 18 3
170 79.79 86.85 47.99 106.64 20 43 1
171 16.78 62.12 43.33 443.47 10 11 2
172 68.53 3.93 4.97 98.25 17 20 1
173 78.05 50.05 7.52 102.08 15 24 3
174 32.53 8.69 19.84 267.43 21 25 4
175 29.35 30.40 25.43 281.73 2 2 2
176 67.81 9.07 14.40 419.16 24 45 2
177 95.84 62.23 8.58 199.12 10 23 1
178 31.93 54.08 8.37 220.16 22 27 3
179 99.20 53.47 38.09 333.67 15 42 3
180 77.97 8.18 42.03 390.61 10 27 4
181 64.98 49.98 48.85 232.76 7 7 3
182 79.40 62.80 32.95 373.27 5 45 1
183 52.32 91.06 48.36 493.81 7 33 4
184 72.69 15.33 22.91 225.81 23 31 4
185 2.98 89.29 14.57 277.84 10 29 2
186 2.13 54.97 32.24 293.12 8 33 2
187 71.29 83.89 33.04 299.80 2 32 4
188 63.86 14.06 38.24 253.63 15 18 2
189 88.61 4.08 47.68 100.43 23 48 4
190 74.88 73.00 11.68 191.39 9 12 1
191 86.78 69.72 12.83 413.74 19 29 4
192 64.71 57.46 30.70 484.25 14 19 2
193 44.05 65.67 5.31 97.49 21 45 4
194 15.03 26.71 36.12 483.02 0 39 3
195 0.59 13.36 13.39 266.99 0 4 2
196 36.00 32.58 15.02 376.82 16 43 2
197 32.90 0.74 32.49 395.46 0 10 4
198 42.70 71.93 28.21 57.79 22 32 4
199 42.48 75.37 20.13 439.70 0 20 2
200 42.90 93.28 34.50 448.96 9 13 4
1 153.66 3300.52 1
2 185.67 3842.38 2
3 152.97 2760.19 3
4 136.81 3330.89 4
5 128.09 3062.72 4
1 1.22 47.22 2
2 1.83 36.93 2
3 1.48 39.99 3
4 1.71 38.66 4
5 1.03 31.46 1
