Data for Vehicle routing problem with drones - Author: Huyen Do Thi Ngoc
Number of depots: 3
Number of cities: 400
Number of trucks: 6
Number of drones: 10
Area: 100 100 50
Customer maximum demand: 500
Max capacity of truck: 200
Max energy of truck: 5000
Max capacity of drone: 2
Max energy of drone: 50
1 20.19 94.30 7.54
2 74.09 67.87 39.15
3 28.59 78.04 32.64
1 14.78 58.48 41.08 234.17 4 6 1
2 92.07 93.07 14.94 246.90 17 32 1
3 64.94 58.76 9.74 418.29 20 20 1
4 51.57 50.84 28.25 125.79 21 33 3
5 25.39 71.73 27.07 495.19 24 30 1
6 99.02 99.39 6.39 136.94 13 44 2
7 62.19 67.20 26.15 262.83 7 22 3
8 60.19 77.57 14.45 79.60 3 45 2
9 62.53 34.32 10.58 245.90 20 47 1
10 81.43 14.82 37.13 163.73 16 48 3
11 3.75 84.38 38.62 66.18 8 26 3
12 58.90 25.26 40.71 397.87 0 32 2
13 16.64 94.83 11.52 368.67 16 26 1
14 57.27 76.67 31.70 71.93 7 33 3
15 73.60 43.09 46.86 453.39 14 45 3
16 59.05 78.22 20.84 461.24 6 22 2
17 78.79 96.83 40.11 265.44 14 36 3
18 86.40 41.00 23.92 99.86 23 45 2
19 55.43 27.13 42.01 206.80 23 44 1
20 98.77 12.93 10.15 350.81 23 30 1
21 83.40 82.27 14.65 255.93 16 36 3
22 3.47 59.52 34.56 241.86 24 45 2
23 96.40 29.55 8.00 496.02 4 25 1
24 49.10 49.12 38.91 64.60 20 38 1
25 38.20 93.39 31.68 161.16 10 32 3
26 69.27 54.58 3.31 111.02 16 40 3
27 21.52 46.13 45.35 388.01 5 45 1
28 34.78 93.76 42.62 481.47 8 32 2
29 60.73 90.78 13.94 198.08 4 28 3
30 47.45 93.41 12.31 479.06 21 29 3
31 16.23 33.16 40.08 385.81 10 21 1
32 95.78 89.69 16.60 283.13 4 33 2
33 18.05 68.27 29.05 61.45 14 46 1
34 13.64 70.92 23.00 373.65 16 25 3
35 44.65 73.65 46.36 314.70 1 34 3
36 11.68 27.33 46.65 69.00 11 44 1
37 84.96 76.11 27.96 340.30 5 38 2
38 76.42 44.38 2.07 377.49 13 41 2
39 69.07 15.94 42.53 392.82 5 28 3
40 91.48 65.09 21.83 497.79 22 36 2
41 33.14 14.56 34.46 344.62 10 31 2
42 98.37 90.68 38.16 295.73 2 4 3
43 63.30 48.00 3.25 441.25 24 48 1
44 84.62 96.17 0.75 459.69 3 21 2
45 55.42 96.78 37.44 199.99 8 8 2
46 73.93 77.43 33.53 201.89 7 43 3
47 70.86 27.64 11.37 105.34 15 16 1
48 68.46 84.77 17.71 190.95 11 29 1
49 71.87 8.13 29.98 219.22 22 26 2
50 63.43 82.30 27.71 431.27 24 36 2
51 77.70 45.55 48.81 84.44 1 41 3
52 61.55 27.54 10.29 337.39 20 27 1
53 99.89 29.57 49.80 149.26 19 31 3
54 67.67 94.97 48.02 439.02 4 28 2
55 63.38 21.11 29.07 151.34 15 19 1
56 44.82 59.10 27.07 277.20 3 36 2
57 14.63 96.45 47.85 435.01 10 34 3
58 18.17 12.80 10.69 214.27 16 36 1
59 35.12 21.63 26.25 298.03 12 22 1
60 2.16 14.97 43.31 377.00 13 24 2
61 5.32 15.51 29.90 292.73 9 42 3
62 80.71 60.30 29.18 339.17 23 39 2
63 23.92 16.06 36.09 248.39 14 20 3
64 15.25 11.94 24.69 133.50 6 41 2
65 7.31 15.44 41.71 106.08 7 12 2
66 4.95 20.05 4.26 211.24 4 23 2
67 9.84 15.79 0.77 433.61 0 34 3
68 43.70 34.36 40.16 105.75 13 25 2
69 60.82 6.34 36.18 456.42 7 22 2
70 43.58 6.35 32.35 279.53 18 20 2
71 84.27 11.55 18.55 198.99 8 29 1
72 97.54 33.01 16.77 472.11 2 41 2
73 6.63 21.21 22.11 262.84 4 36 3
74 44.97 10.74 22.47 479.42 6 39 3
75 8.60 39.55 4.82 292.28 7 26 1
76 87.13 94.29 18.20 375.81 16 43 1
77 23.80 94.93 42.60 248.71 19 39 2
78 81.90 46.54 48.19 218.26 11 44 3
79 35.10 0.75 21.76 142.64 1 29 1
80 23.18 10.52 9.76 197.22 22 33 1
81 17.54 53.92 16.95 403.89 4 46 2
82 30.99 30.28 7.71 406.72 8 37 2
83 87.46 96.77 38.05 180.94 16 35 3
84 99.66 57.20 21.02 215.64 23 46 2
85 49.34 47.79 29.47 263.14 21 38 3
86 89.19 58.56 47.40 490.16 11 21 3
87 94.30 50.36 38.64 484.75 1 38 2
88 60.92 16.73 23.10 437.74 4 18 1
89 75.09 7.58 43.50 141.89 23 42 3
90 41.92 67.50 5.55 94.26 22 44 1
91 36.35 89.16 34.21 91.73 6 24 3
92 64.63 13.58 31.97 276.70 8 33 3
93 27.44 20.93 13.35 53.12 19 44 2
94 97.28 90.01 7.69 215.42 14 33 3
95 96.73 67.38 44.21 292.69 16 17 2
96 53.09 85.04 25.37 173.88 16 26 3
97 45.55 4.80 44.28 346.92 11 33 3
98 42.89 68.44 3.24 171.83 21 32 1
99 98.88 98.40 31.63 140.68 2 11 2
100 68.03 30.67 29.93 320.99 4 43 2
101 78.20 45.35 22.52 92.50 16 25 2
102 7.82 61.53 35.11 112.22 16 27 1
103 0.81 29.55 26.59 59.41 23 27 3
104 51.88 81.23 19.18 51.91 15 16 1
105 70.00 78.62 28.58 98.35 21 32 3
106 88.72 79.58 44.10 193.76 18 32 3
107 97.06 62.61 7.13 103.33 4 42 1
108 72.37 58.29 26.78 152.12 9 13 1
109 66.10 20.12 45.26 229.22 21 26 1
110 29.23 37.82 43.55 160.81 4 30 3
111 77.53 91.96 18.22 280.59 16 16 3
112 36.71 11.17 36.37 194.83 2 7 1
113 6.86 44.55 6.84 202.22 18 37 1
114 13.11 72.77 48.74 430.91 1 4 3
115 77.91 72.91 1.64 450.48 24 46 2
116 87.63 6.48 37.84 92.76 7 46 2
117 94.44 50.45 19.06 198.47 7 43 1
118 53.97 58.31 11.90 410.37 15 20 1
119 53.72 31.70 5.31 92.88 9 39 1
120 52.11 50.42 3.67 384.64 4 45 3
121 12.56 24.81 1.02 186.87 21 46 1
122 17.99 54.18 0.99 68.53 18 36 3
123 16.10 28.41 37.95 497.09 16 41 2
124 94.97 13.22 7.89 89.83 1 36 2
125 4.41 46.53 26.22 144.29 21 24 3
126 22.94 86.00 27.35 379.53 20 26 2
127 75.15 0.14 15.42 53.96 10 32 2
128 8.84 33.72 34.23 242.62 20 25 2
129 9.01 2.89 14.87 207.76 21 36 3
130 94.48 36.78 46.90 256.78 8 23 3
131 8.81 50.71 30.40 454.89 10 38 1
132 78.04 40.61 23.98 365.85 22 44 2
133 25.44 53.22 24.72 254.55 9 27 3
134 93.65 5.11 25.58 270.59 18 24 3
135 54.96 10.70 24.07 63.45 6 48 3
136 28.45 29.04 11.56 469.12 2 26 2
137 98.31 26.72 26.07 498.91 18 45 3
138 10.12 43.38 3.67 275.50 24 28 2
139 85.11 1.77 45.07 67.22 22 27 1
140 29.30 27.67 20.32 175.62 15 29 2
141 54.83 38.15 14.41 189.21 24 31 1
142 31.08 68.13 43.79 332.83 8 27 1
143 33.78 80.09 45.80 297.17 5 32 2
144 55.84 6.97 37.86 306.60 20 20 2
145 61.00 64.94 46.87 277.81 6 21 3
146 54.96 41.80 11.61 227.63 3 48 1
147 76.00 65.36 26.46 166.72 16 45 2
148 45.40 79.59 46.98 319.60 5 22 1
149 2.25 57.22 14.41 51.88 15 40 3
150 1.61 87.69 14.35 413.05 22 25 1
151 21.90 91.54 32.97 282.83 11 17 1
152 83.24 30.46 29.77 463.02 10 26 3
153 97.40 83.14 41.26 290.74 14 31 3
154 81.66 94.48 40.47 60.95 11 24 2
155 62.78 77.70 1.07 401.39 11 19 2
156 64.69 91.47 1.43 158.69 14 22 2
157 16.41 10.20 21.51 56.34 11 31 2
158 9.01 21.25 18.39 387.23 9 31 1
159 31.99 78.51 42.11 265.51 5 15 1
160 54.65 81.68 25.81 299.88 7 7 1
161 44.54 82.68 13.54 121.07 14 46 2
162 96.56 21.50 41.61 290.16 16 25 3
163 43.50 34.91 21.89 55.64 1 36 1
164 88.24 65.23 17.55 251.75 5 32 3
165 22.27 90.41 38.85 401.23 13 15 2
166 46.68 79.41 26.06 372.04 6 35 3
167 42.67 92.27 4.41 51.60 2 9 2
168 60.64 23.60 18.13 458.28 20 29 1
169 83.46 25.89 2.65 316.19 12 48 2
170 0.87 20.20 37.66 493.14 9 41 3
171 52.98 72.56 2.80 389.91 19 32 1
172 0.11 12.06 30.60 208.05 19 36 3
173 40.72 65.62 15.32 358.68 0 21 2
174 34.19 24.45 5.02 148.90 16 40 2
175 74.37 17.86 14.51 167.10 7 47 2
176 79.14 57.20 41.67 337.15 1 47 3
177 52.93 44.62 9.39 121.95 21 21 1
178 64.60 40.42 37.10 312.56 5 5 2
179 52.62 32.49 19.24 291.05 22 28 3
180 10.74 38.51 12.49 140.63 18 37 2
181 16.48 56.00 1.94 482.89 19 26 1
182 28.46 69.57 20.09 78.68 24 37 3
183 2.64 71.51 14.57 204.03 16 46 3
184 76.37 58.69 24.06 318.09 7 21 3
185 31.33 52.81 49.25 432.36 18 35 2
186 5.40 35.34 36.53 481.21 22 26 2
187 79.73 98.21 25.20 433.92 13 41 3
188 37.75 18.48 23.82 155.26 9 34 1
189 51.60 37.34 45.47 351.92 5 20 2
190 67.97 87.40 35.18 376.65 6 20 2
191 64.31 100.00 48.23 124.67 21 22 1
192 46.68 70.60 33.60 267.15 2 12 3
193 98.06 9.48 0.64 271.17 0 26 1
194 54.86 57.25 3.00 434.78 22 43 2
195 5.36 68.36 8.88 225.27 6 10 1
196 15.32 51.56 48.37 433.14 18 44 2
197 77.47 80.85 5.44 269.46 18 32 1
198 57.50 62.92 44.19 283.21 9 17 1
199 82.49 55.56 23.18 414.96 24 47 2
200 14.63 53.00 13.76 358.95 17 24 1
201 36.71 34.32 34.50 169.03 1 3 2
202 16.54 6.89 43.30 63.58 6 23 3
203 51.58 8.39 44.29 492.21 10 45 1
204 52.41 35.47 15.42 399.05 4 32 2
205 0.46 81.42 1.22 431.53 1 37 1
206 52.17 22.14 24.21 191.80 16 18 3
207 47.06 68.90 48.60 404.00 23 40 1
208 0.98 27.39 46.34 367.89 17 37 1
209 9.74 86.06 21.52 206.32 23 32 3
210 90.17 53.09 12.65 496.49 0 18 2
211 44.03 35.21 6.18 108.05 20 28 3
212 34.28 42.22 4.33 95.91 9 11 3
213 43.19 8.60 37.93 154.85 15 22 3
214 70.08 67.45 17.89 107.39 23 38 1
215 6.77 99.15 5.38 365.28 1 44 3
216 30.32 27.73 20.92 65.56 16 47 2
217 54.09 36.47 34.33 65.61 12 14 2
218 59.35 89.18 13.68 173.52 22 22 3
219 71.38 21.69 24.93 415.97 23 43 2
220 16.14 48.41 40.20 285.58 12 36 1
221 13.89 10.57 39.66 282.64 8 39 3
222 26.96 17.26 35.24 81.31 3 40 2
223 71.20 21.35 23.76 63.62 7 42 1
224 0.88 97.78 13.83 153.68 3 42 3
225 83.22 33.08 31.51 146.49 21 40 3
226 6.64 11.29 0.95 292.47 12 22 1
227 29.94 94.96 41.21 373.40 21 25 2
228 0.50 38.49 20.04 424.77 5 16 1
229 15.34 85.53 40.95 61.62 3 11 1
230 46.00 48.49 39.30 392.60 1 1 1
231 54.56 38.22 22.90 169.17 5 40 3
232 28.07 63.49 12.38 475.72 9 42 1
233 91.04 54.06 22.59 94.25 17 26 2
234 29.06 84.94 9.91 107.95 9 25 1
235 53.05 54.11 40.66 418.13 23 48 3
236 40.64 45.89 3.66 226.94 11 44 2
237 83.05 95.02 4.03 476.32 13 37 2
238 61.82 3.97 29.23 365.39 15 34 1
239 48.36 39.86 1.71 182.80 3 14 2
240 19.39 87.85 26.53 62.31 1 40 2
241 21.88 11.44 9.89 266.29 18 25 1
242 56.76 30.79 10.93 146.50 10 28 1
243 15.15 4.45 39.85 351.31 2 33 1
244 11.45 23.36 46.37 157.61 5 43 3
245 81.21 82.87 16.57 308.74 21 27 3
246 67.18 3.18 17.86 477.20 1 32 2
247 70.20 54.62 41.29 164.52 18 30 3
248 68.72 61.74 44.64 98.57 7 27 2
249 56.33 78.93 7.14 264.80 19 39 3
250 14.40 18.47 6.35 147.75 14 24 2
251 23.75 32.65 48.83 158.48 7 33 3
252 54.62 16.00 43.93 364.31 22 34 3
253 68.32 65.41 31.01 64.08 11 22 2
254 80.89 94.21 34.71 182.10 14 39 3
255 61.81 77.07 5.95 115.67 5 7 1
256 2.81 33.63 14.42 191.00 24 28 3
257 42.57 38.36 35.28 424.37 8 41 3
258 45.77 31.49 46.32 65.93 1 18 3
259 69.68 45.51 25.14 194.74 22 30 3
260 38.98 66.51 39.43 381.20 17 17 3
261 29.17 79.47 13.07 232.91 20 35 3
262 66.17 6.23 37.67 192.21 19 28 2
263 77.90 36.63 10.52 159.22 15 40 2
264 29.33 0.96 41.60 215.83 10 28 2
265 81.18 56.12 22.19 487.85 4 35 3
266 97.57 43.28 16.27 224.45 19 37 2
267 89.53 35.35 5.32 162.36 0 4 1
268 69.98 21.63 46.21 399.54 23 38 1
269 11.51 22.61 29.44 493.43 2 20 3
270 60.28 17.83 9.89 332.66 0 44 1
271 85.19 19.81 33.39 63.50 22 23 1
272 35.63 50.62 35.62 296.31 16 33 3
273 53.86 87.02 38.46 90.83 4 36 3
274 57.83 70.16 7.25 489.96 12 28 2
275 70.71 1.53 15.65 120.78 16 42 1
276 71.97 2.62 3.25 220.34 9 38 1
277 10.16 26.05 9.70 437.27 19 45 3
278 64.35 52.91 7.71 207.42 15 20 1
279 47.35 59.37 33.76 461.20 22 32 2
280 76.92 40.67 34.84 239.44 6 39 2
281 7.82 72.23 25.21 356.01 17 30 1
282 88.72 75.32 34.52 259.47 3 46 1
283 11.09 1.21 28.65 233.04 1 5 3
284 83.38 58.86 31.84 266.50 9 19 3
285 94.99 37.19 10.75 87.34 0 43 2
286 11.90 79.21 46.72 246.25 21 47 2
287 22.84 91.34 43.56 289.90 13 36 1
288 46.89 55.51 49.11 303.51 9 14 2
289 8.76 66.05 34.00 212.91 14 43 1
290 40.21 76.36 43.62 458.03 3 36 1
291 64.13 76.98 41.52 479.46 22 40 3
292 3.88 28.49 15.48 64.59 18 40 2
293 77.06 59.93 11.03 57.98 14 22 1
294 7.43 56.82 30.43 306.46 3 4 3
295 38.96 6.87 5.85 334.77 7 20 3
296 75.62 25.95 1.28 273.51 1 10 2
297 63.49 14.00 16.89 237.88 17 25 1
298 2.21 5.08 14.36 94.87 23 41 3
299 22.12 77.57 31.88 172.06 1 24 3
300 71.43 3.52 32.79 464.30 17 43 3
301 48.71 96.17 0.48 359.32 18 31 2
302 23.07 22.20 13.57 167.51 7 47 1
303 70.72 34.15 0.37 423.44 17 41 1
304 2.06 48.20 2.80 417.90 14 27 1
305 74.58 37.32 15.07 491.57 16 37 1
306 11.99 86.66 39.68 272.58 15 33 2
307 38.09 31.15 3.10 419.73 14 37 2
308 73.29 61.64 21.59 124.42 20 45 3
309 90.96 69.52 1.44 216.05 14 38 1
310 85.81 17.76 29.13 326.53 9 39 2
311 77.97 12.33 47.93 118.95 19 47 1
312 99.57 63.25 4.49 52.49 17 48 1
313 70.38 79.64 26.68 66.03 21 33 1
314 1.36 47.52 49.14 104.93 4 33 1
315 78.58 7.77 16.47 70.59 6 29 1
316 80.28 94.01 30.72 88.95 1 20 1
317 50.33 17.69 20.73 166.68 22 40 3
318 62.84 88.47 21.07 295.57 2 32 3
319 97.33 22.82 47.63 493.38 4 45 3
320 42.59 97.95 45.92 151.20 9 9 3
321 31.06 91.45 39.28 425.09 10 15 3
322 89.76 72.78 46.80 152.45 10 34 3
323 99.67 94.27 23.31 366.41 7 9 1
324 53.93 70.87 28.82 210.40 0 22 3
325 7.62 87.77 4.08 339.43 3 20 2
326 27.79 88.96 41.30 410.45 6 36 1
327 15.33 2.01 11.40 53.26 1 31 1
328 90.47 26.44 38.38 193.18 4 13 3
329 19.40 10.46 7.66 196.71 7 17 1
330 58.27 0.64 43.29 390.63 5 47 3
331 44.13 12.58 9.86 423.83 22 41 2
332 89.34 89.65 26.77 397.37 0 36 3
333 73.14 57.34 6.84 374.49 22 29 2
334 21.00 25.67 42.16 386.33 5 15 3
335 7.25 49.94 4.09 392.15 7 38 3
336 18.59 40.74 42.74 202.41 20 33 1
337 23.85 2.06 9.90 430.67 1 26 1
338 79.98 95.66 36.75 266.00 7 11 3
339 45.91 96.12 44.58 55.07 2 29 3
340 96.64 58.53 2.21 471.62 17 43 2
341 16.46 97.78 23.27 77.53 15 48 1
342 17.92 50.40 16.76 109.23 12 31 2
343 19.80 19.89 0.74 391.49 24 26 3
344 29.56 83.18 27.87 124.70 22 39 3
345 44.84 29.10 48.50 154.87 7 16 3
346 14.01 41.97 43.13 499.04 4 26 3
347 30.13 49.38 35.37 251.87 1 48 2
348 94.03 65.97 17.90 382.24 14 42 3
349 93.61 1.46 37.97 110.14 10 46 1
350 74.47 79.43 31.90 163.01 17 43 1
351 6.03 29.26 36.62 139.35 14 25 1
352 62.31 42.03 34.58 297.08 10 31 3
353 30.83 81.89 21.89 211.00 15 31 3
354 10.82 35.24 39.61 407.81 18 20 3
355 55.50 87.11 17.71 354.50 24 29 1
356 86.33 9.27 14.00 349.69 18 33 1
357 69.64 9.27 34.37 53.11 2 43 2
358 68.51 55.11 35.60 254.88 21 44 3
359 84.44 8.35 33.07 200.72 16 26 3
360 77.91 83.36 45.24 222.50 17 21 3
361 68.81 69.53 48.95 309.45 19 33 1
362 91.57 49.22 8.96 418.17 5 28 3
363 86.72 53.33 48.88 314.69 5 36 2
364 48.52 54.84 45.94 87.40 6 46 3
365 10.94 70.55 33.97 169.36 10 26 2
366 74.18 84.79 20.62 267.18 18 29 3
367 27.19 3.81 28.64 230.01 7 40 2
368 27.54 75.90 21.64 116.34 24 25 3
369 84.68 31.75 31.31 354.40 12 12 2
370 41.60 40.55 5.94 120.57 5 36 3
371 14.03 6.81 47.57 228.88 17 24 2
372 90.51 17.38 13.30 387.24 24 33 3
373 44.51 24.86 30.64 99.56 12 12 3
374 50.31 39.07 4.28 288.42 10 19 3
375 32.36 57.78 48.11 214.54 17 19 1
376 62.45 28.74 3.03 388.65 24 34 1
377 92.32 58.00 10.22 492.07 5 41 2
378 65.65 77.79 31.74 128.69 13 37 1
379 84.40 2.58 34.23 249.98 0 20 2
380 56.01 81.06 17.48 355.82 12 44 1
381 51.07 19.42 1.85 292.02 24 33 2
382 81.99 77.82 13.50 395.34 5 47 3
383 99.75 5.27 11.04 427.37 10 36 1
384 22.18 28.51 39.10 418.62 4 46 3
385 55.17 33.85 28.64 394.78 24 36 3
386 78.82 79.59 40.82 409.13 6 26 1
387 31.55 43.36 28.88 319.92 24 24 1
388 34.03 89.72 20.16 95.81 11 12 1
389 19.55 43.55 15.40 275.04 7 35 1
390 34.60 79.22 12.88 260.33 14 32 2
391 57.31 14.18 11.61 385.59 6 38 1
392 55.10 73.67 16.86 197.68 20 46 1
393 10.75 22.39 42.90 430.98 20 23 3
394 43.14 94.45 5.12 257.13 20 21 1
395 33.21 74.16 36.43 364.03 4 9 2
396 58.99 15.75 4.95 266.60 2 23 1
397 34.14 58.79 23.24 296.32 18 44 2
398 98.45 62.19 36.61 357.26 20 31 1
399 48.65 23.10 34.21 150.67 19 22 2
400 35.56 59.89 4.11 247.85 20 30 2
1 149.96 2759.26 1
2 188.14 3594.76 2
3 140.44 4298.17 3
4 186.25 2811.44 1
5 182.92 4394.53 3
6 134.23 4996.13 3
1 1.26 35.21 2
2 1.82 42.81 5
3 1.24 27.67 1
4 1.69 42.99 4
5 1.81 39.30 3
6 1.93 35.57 2
7 1.47 26.75 3
8 1.95 45.15 5
9 1.85 37.81 2
10 1.62 41.99 4
