Data for Vehicle routing problem with drones - Author: Huyen Do Thi Ngoc
Number of depots: 5
Number of cities: 400
Number of trucks: 9
Number of drones: 17
Area: 100 100 50
Customer maximum demand: 500
Max capacity of truck: 200
Max energy of truck: 5000
Max capacity of drone: 2
Max energy of drone: 50
1 38.13 94.37 8.08
2 84.05 80.84 45.41
3 89.65 89.90 8.45
4 85.59 30.73 9.51
5 32.97 17.59 30.32
1 88.76 37.15 10.55 233.15 15 34 2
2 27.91 16.32 27.71 144.28 14 43 4
3 39.70 40.93 36.00 230.70 2 39 4
4 95.68 0.11 39.11 154.96 13 40 2
5 10.38 27.70 38.05 495.64 0 21 4
6 65.72 37.03 10.73 248.40 12 24 2
7 43.14 31.92 7.32 70.16 22 31 1
8 97.61 98.05 37.35 122.74 8 9 4
9 56.19 48.15 44.26 394.34 15 47 5
10 38.86 65.80 1.36 155.06 7 32 3
11 73.92 24.28 49.62 244.18 1 17 3
12 66.91 27.93 23.19 94.00 14 45 4
13 58.12 43.21 16.33 401.88 6 46 5
14 9.18 74.52 2.23 312.07 16 47 5
15 5.75 25.62 2.00 110.54 0 21 2
16 87.51 92.90 35.86 237.57 11 33 1
17 13.46 37.68 48.46 182.07 15 23 1
18 4.42 58.66 21.64 267.63 22 43 2
19 42.79 15.06 14.49 243.01 8 39 2
20 89.09 77.61 36.34 430.22 1 4 5
21 93.11 50.41 19.30 409.10 15 37 4
22 23.71 78.72 29.78 490.86 21 25 2
23 25.08 78.70 35.21 152.87 9 25 2
24 35.67 4.61 45.39 394.54 0 41 3
25 57.93 78.46 21.44 323.01 13 21 2
26 34.73 42.39 15.71 205.82 2 20 2
27 57.28 52.33 10.25 118.90 20 29 3
28 4.20 7.54 5.10 307.54 20 33 4
29 26.05 36.39 6.79 488.63 2 28 5
30 57.22 31.38 40.24 209.23 24 46 1
31 74.13 14.26 33.73 121.51 22 36 4
32 93.09 76.97 30.62 351.53 20 21 5
33 95.22 44.75 3.53 59.72 15 22 2
34 56.60 17.25 15.27 160.33 22 30 1
35 78.02 75.92 49.06 352.04 9 37 2
36 17.76 35.43 37.56 276.67 9 20 3
37 57.11 9.65 1.51 94.47 22 48 5
38 95.61 51.08 40.46 186.54 11 11 3
39 92.18 50.56 25.46 297.65 10 17 5
40 55.20 23.33 7.44 255.77 16 37 5
41 85.64 84.31 33.07 114.90 4 20 3
42 42.67 3.44 18.43 76.65 24 46 4
43 30.74 57.00 17.18 382.08 11 14 3
44 10.37 78.07 47.83 486.65 19 27 2
45 88.27 89.82 5.11 422.06 12 43 5
46 45.15 27.17 48.96 369.97 17 41 1
47 61.82 28.08 27.12 156.33 0 27 4
48 8.99 35.30 29.93 451.84 10 29 5
49 42.38 82.91 45.24 456.49 2 27 2
50 76.31 48.97 38.44 400.71 2 12 4
51 87.47 48.27 38.86 58.37 13 14 4
52 89.86 72.78 38.29 461.00 19 33 3
53 66.80 48.91 21.80 496.55 17 17 5
54 8.61 31.51 24.57 346.13 21 36 2
55 16.51 4.04 5.41 262.63 23 47 3
56 25.90 97.95 39.80 359.53 24 25 2
57 66.97 45.03 31.94 285.74 9 34 4
58 15.59 47.51 43.19 219.60 5 22 2
59 91.60 14.69 33.96 286.73 9 48 3
60 4.38 63.23 3.09 431.19 0 29 3
61 68.81 20.61 44.10 211.21 2 8 5
62 74.00 33.28 10.12 84.45 12 12 5
63 96.11 95.09 28.31 180.83 21 29 1
64 85.70 99.21 33.96 360.48 6 36 5
65 55.87 98.49 33.35 336.50 6 38 5
66 64.61 97.24 4.74 128.31 8 23 1
67 83.73 84.90 44.09 315.95 11 11 4
68 70.98 74.30 46.48 50.73 24 47 5
69 54.43 8.50 25.46 471.03 11 31 3
70 41.76 36.35 34.63 100.95 8 22 2
71 3.18 90.03 42.25 168.15 10 40 2
72 3.03 25.64 46.13 177.19 12 24 5
73 33.96 78.39 3.36 353.89 24 38 4
74 19.53 80.33 29.13 357.00 14 41 2
75 73.96 5.87 45.79 54.28 13 34 5
76 79.53 72.99 8.13 491.02 18 41 2
77 85.12 15.38 35.04 419.71 20 38 3
78 48.66 33.67 9.14 208.06 1 31 4
79 61.56 65.70 6.01 164.23 10 13 1
80 65.86 15.02 49.67 53.30 16 19 2
81 56.16 50.12 20.89 206.44 22 33 4
82 11.05 70.83 6.98 308.98 12 41 4
83 55.57 49.73 28.81 403.46 20 48 2
84 82.71 65.66 26.81 255.76 23 24 4
85 88.80 97.13 19.94 154.86 10 47 5
86 5.39 9.21 2.97 426.15 21 33 2
87 6.52 56.63 21.36 455.24 21 35 3
88 76.86 79.41 35.63 411.28 20 48 4
89 50.88 22.29 43.40 441.44 3 33 5
90 53.56 79.07 23.02 312.59 5 33 2
91 7.41 8.45 10.33 298.19 21 30 1
92 55.21 66.40 30.06 483.87 14 25 5
93 34.42 50.11 0.62 393.42 21 45 2
94 44.60 52.57 32.97 451.95 7 11 3
95 28.89 94.13 42.70 492.77 1 34 2
96 27.24 93.77 15.45 450.95 19 24 5
97 82.22 12.43 29.10 73.99 19 39 5
98 44.83 79.30 46.31 242.17 24 38 1
99 45.58 14.80 9.15 380.36 9 27 2
100 81.50 25.46 32.82 402.98 3 4 1
101 57.88 46.36 42.60 77.55 1 3 3
102 19.04 21.71 13.90 447.06 20 25 2
103 41.08 60.47 34.97 397.19 17 39 2
104 5.69 81.89 34.43 303.69 0 14 2
105 7.58 13.76 34.96 67.47 22 40 3
106 98.89 23.41 43.00 499.80 14 32 1
107 29.55 81.31 17.50 200.97 12 23 4
108 38.28 72.88 13.99 431.74 7 34 2
109 69.53 44.65 11.67 134.85 16 48 2
110 65.90 82.59 23.28 389.10 19 27 3
111 29.37 94.12 34.16 77.96 7 8 5
112 95.43 19.29 19.60 262.28 3 30 3
113 49.69 72.52 40.33 475.91 24 34 4
114 10.36 43.16 40.95 353.83 2 2 2
115 25.39 95.59 48.06 84.30 18 20 1
116 0.25 77.54 10.06 116.98 1 30 1
117 56.63 22.71 31.55 343.75 24 34 3
118 7.68 41.46 34.22 103.29 6 25 4
119 92.65 61.01 36.81 397.02 11 17 5
120 13.73 61.60 28.28 79.51 15 26 5
121 7.69 3.87 10.07 254.65 24 45 4
122 91.12 55.13 42.35 238.34 14 14 5
123 49.26 57.32 12.07 422.56 3 4 4
124 68.56 47.29 27.04 486.16 12 21 2
125 40.68 23.13 12.49 95.85 22 37 4
126 18.76 10.07 19.25 419.40 8 46 1
127 40.60 60.15 29.19 377.95 15 16 5
128 84.28 84.95 6.50 337.03 19 47 2
129 32.48 19.45 16.30 254.81 20 47 1
130 67.80 33.44 19.93 150.21 16 25 2
131 74.37 6.82 44.48 406.60 4 6 5
132 4.03 18.72 49.99 448.67 14 37 1
133 87.50 95.37 47.78 207.56 16 36 2
134 43.57 49.57 11.74 203.07 1 24 5
135 76.91 21.44 14.93 494.04 6 20 3
136 76.94 34.24 1.54 418.53 14 29 3
137 99.33 86.93 14.08 362.80 3 39 1
138 91.64 55.78 6.18 157.12 18 37 4
139 71.33 85.47 42.09 266.91 22 34 2
140 46.78 28.09 36.82 454.18 1 12 3
141 26.83 16.34 1.96 118.67 21 46 1
142 32.32 68.07 38.67 53.81 16 44 5
143 28.64 77.04 20.54 103.11 12 47 4
144 54.73 33.19 49.88 453.39 21 30 1
145 77.56 85.26 15.79 193.85 10 36 2
146 12.32 31.95 9.24 230.17 20 30 1
147 81.36 87.79 34.24 160.61 7 21 2
148 74.51 76.39 42.21 225.82 24 37 5
149 19.14 63.06 48.46 113.08 14 26 5
150 79.24 76.69 11.68 115.09 11 47 1
151 99.20 58.16 47.51 297.92 11 47 5
152 60.20 86.20 30.06 298.36 15 17 3
153 43.27 68.41 31.06 253.56 16 35 1
154 18.18 32.64 7.79 458.24 14 36 1
155 22.51 71.52 3.36 476.22 20 40 1
156 39.10 1.62 16.57 439.58 14 21 4
157 37.19 12.01 4.14 445.11 10 36 1
158 70.45 8.78 45.17 474.79 24 47 2
159 66.44 20.22 20.84 81.98 0 46 4
160 28.69 87.78 10.85 250.97 7 11 5
161 27.02 70.15 40.14 52.78 17 48 3
162 50.26 95.91 13.97 486.34 11 38 2
163 34.80 80.35 23.39 344.51 22 24 3
164 26.30 96.04 8.01 365.13 0 14 4
165 86.29 42.04 10.71 194.03 24 39 4
166 73.88 36.85 20.84 160.02 4 38 2
167 32.83 80.60 6.63 331.71 20 20 5
168 32.99 66.28 3.87 415.35 5 9 3
169 88.57 62.48 2.22 238.89 19 40 2
170 40.90 30.70 6.16 350.62 9 25 5
171 47.71 1.83 2.45 476.15 17 29 3
172 75.67 91.11 18.82 456.36 9 15 2
173 71.63 57.65 32.37 183.74 7 46 5
174 8.38 50.21 10.54 110.57 18 25 1
175 96.94 16.40 7.32 493.83 14 41 4
176 59.52 66.49 10.94 406.39 24 37 3
177 98.18 73.11 24.04 158.61 14 24 3
178 1.00 21.94 28.18 397.01 2 24 4
179 83.67 89.81 47.23 329.98 23 48 5
180 19.85 0.42 45.63 223.73 22 30 1
181 11.77 91.32 33.99 173.51 16 47 2
182 53.84 66.26 19.44 493.35 1 21 3
183 56.23 38.39 49.66 209.70 21 46 3
184 96.02 67.15 32.15 182.68 2 3 1
185 94.05 64.93 23.47 277.11 4 9 2
186 98.01 44.48 35.17 491.24 7 25 5
187 21.68 44.72 30.02 293.73 11 25 3
188 91.35 75.45 14.60 267.17 21 44 1
189 13.18 80.25 37.43 384.49 2 45 3
190 81.91 16.71 42.61 114.78 15 20 3
191 91.67 67.94 11.71 370.47 4 24 4
192 95.68 30.75 32.56 95.94 10 26 1
193 80.95 87.07 39.08 368.16 11 17 1
194 49.47 81.02 27.11 443.18 11 38 2
195 67.24 20.68 12.33 325.97 2 46 1
196 24.98 83.18 44.90 211.68 21 46 3
197 25.73 28.76 48.85 308.10 2 15 5
198 36.81 60.10 21.93 386.20 4 25 1
199 20.34 54.78 40.86 179.25 3 3 5
200 53.43 87.26 17.76 285.57 3 19 4
201 74.67 23.65 18.22 271.50 0 5 3
202 56.03 18.95 31.52 164.68 16 21 5
203 16.51 30.94 42.55 280.23 6 41 4
204 90.43 47.64 42.30 161.12 24 29 4
205 29.69 28.10 0.22 326.33 13 33 1
206 64.18 9.46 34.96 432.15 9 40 3
207 89.41 58.11 39.09 54.10 1 10 2
208 71.59 94.96 28.67 376.33 21 31 1
209 1.14 1.62 19.45 288.07 13 45 4
210 18.47 52.88 2.20 140.31 6 16 1
211 66.58 19.99 8.29 161.01 14 32 4
212 65.56 50.00 45.53 268.15 11 19 1
213 96.65 5.64 11.81 156.13 15 46 3
214 48.47 53.07 9.08 227.91 21 33 3
215 69.91 21.98 9.44 93.32 23 39 5
216 69.22 87.24 27.32 181.98 12 38 1
217 5.40 44.66 26.10 448.77 6 24 2
218 15.03 85.42 37.83 196.43 21 34 3
219 3.90 19.45 5.05 330.90 1 30 2
220 19.64 50.43 17.34 160.78 14 34 2
221 67.89 97.51 7.51 435.52 4 20 1
222 89.16 60.93 8.97 217.17 23 40 4
223 36.35 1.01 40.64 312.57 8 36 5
224 94.91 87.57 29.51 55.83 7 31 3
225 97.61 16.83 2.93 222.16 0 42 1
226 2.17 80.79 31.92 413.30 5 43 2
227 73.29 31.77 30.19 456.73 8 26 5
228 67.58 48.65 1.14 274.95 8 32 5
229 61.68 71.86 35.73 424.95 9 19 1
230 43.65 41.43 15.81 428.62 14 20 1
231 16.61 3.18 18.27 193.03 8 16 2
232 88.54 61.53 13.47 244.34 10 48 5
233 85.89 61.83 14.77 302.36 10 10 3
234 63.52 55.72 48.45 189.60 17 37 5
235 56.43 25.66 26.11 85.30 18 28 4
236 5.40 93.28 5.74 425.45 19 45 4
237 32.25 45.41 12.27 96.56 18 43 5
238 6.89 8.82 33.24 255.58 2 7 2
239 79.09 29.74 27.62 385.28 9 12 1
240 58.69 83.15 12.57 260.44 19 25 2
241 6.32 89.60 30.52 297.90 3 36 1
242 36.81 24.04 3.68 399.17 14 16 3
243 51.52 81.56 36.72 231.27 3 25 1
244 92.82 78.23 41.60 215.06 16 43 5
245 58.46 55.59 18.01 469.20 21 22 3
246 70.40 73.71 43.76 139.13 24 45 3
247 17.58 88.95 32.59 186.83 4 12 2
248 13.97 39.67 17.89 385.43 14 30 5
249 91.15 93.43 19.91 197.48 2 35 1
250 52.25 73.13 37.47 168.16 4 15 4
251 70.45 61.33 31.33 254.70 17 26 5
252 27.37 40.44 10.19 290.48 3 48 5
253 58.40 29.35 43.93 294.83 20 31 2
254 47.21 59.53 36.55 440.99 19 34 3
255 40.89 80.98 18.67 335.28 0 8 4
256 26.06 67.77 42.37 442.90 14 37 3
257 77.86 77.15 23.96 427.16 22 25 1
258 87.73 22.81 18.33 110.60 23 30 5
259 25.41 72.23 31.58 299.22 8 22 3
260 26.27 6.32 44.17 133.55 14 15 1
261 76.23 50.92 31.82 389.55 20 36 3
262 22.46 81.90 43.81 401.50 7 47 1
263 30.83 75.95 1.72 452.11 22 30 2
264 78.06 7.64 22.41 145.58 0 35 3
265 36.30 8.36 40.88 381.13 0 14 5
266 2.30 4.96 44.86 283.52 21 23 1
267 81.01 10.68 16.16 81.53 24 48 4
268 87.00 2.75 45.80 333.31 24 40 5
269 46.02 23.45 46.08 273.10 23 39 1
270 95.16 60.68 36.00 341.30 21 37 5
271 77.15 44.65 40.08 372.28 12 20 4
272 67.96 93.26 17.01 217.84 23 38 5
273 78.88 95.21 37.28 206.38 0 18 2
274 78.25 22.53 14.86 125.61 17 19 3
275 95.22 67.25 11.16 348.56 16 23 2
276 59.13 73.54 40.22 443.64 11 17 1
277 48.98 93.74 30.72 185.56 3 10 3
278 82.56 54.52 24.43 263.39 7 11 2
279 40.74 40.54 5.52 484.96 23 35 1
280 49.35 78.78 25.17 144.66 4 28 2
281 24.89 77.01 47.22 232.01 23 46 1
282 3.59 36.81 9.14 147.85 3 34 1
283 14.46 52.22 6.97 198.74 22 34 5
284 99.77 31.50 39.48 462.66 1 7 3
285 96.97 27.51 40.55 244.59 7 11 2
286 40.83 20.78 49.40 422.88 14 23 1
287 88.63 6.11 6.38 159.45 24 33 1
288 66.10 67.71 18.23 357.43 20 27 2
289 24.31 38.43 24.71 448.79 24 39 3
290 45.42 9.08 35.55 275.68 15 47 5
291 40.31 68.35 49.48 331.01 4 44 5
292 28.96 56.71 49.70 160.45 20 45 4
293 87.85 96.67 8.71 414.40 9 48 5
294 93.96 20.63 18.98 266.74 8 34 3
295 70.34 52.43 43.18 166.86 5 33 4
296 27.01 92.66 41.46 108.35 6 17 2
297 83.62 65.49 41.79 419.98 2 34 1
298 75.24 32.70 35.23 278.69 6 7 2
299 23.36 80.51 2.95 218.48 23 37 2
300 66.51 78.68 35.82 317.08 11 18 3
301 81.29 99.26 9.52 438.41 20 47 1
302 24.61 75.45 33.69 110.07 23 41 4
303 38.69 89.90 44.46 217.49 6 34 5
304 96.51 80.95 21.03 146.79 9 46 3
305 31.50 44.68 46.22 97.34 1 33 1
306 11.16 6.84 36.21 358.28 9 16 3
307 8.49 74.30 46.78 63.60 14 40 3
308 79.84 12.08 45.52 357.38 23 31 4
309 12.58 86.44 18.84 249.29 11 42 4
310 6.37 40.02 14.91 80.84 2 2 3
311 30.50 31.19 5.77 440.15 7 21 3
312 57.25 48.59 49.77 174.41 13 17 2
313 47.19 58.53 33.10 225.75 5 26 2
314 64.38 32.64 10.74 105.75 15 32 2
315 65.92 91.62 12.24 334.11 7 48 1
316 97.77 49.51 12.54 377.68 13 14 1
317 98.97 45.75 29.17 209.61 14 40 1
318 18.91 13.13 37.85 418.94 14 26 1
319 92.30 31.95 5.17 147.75 0 38 5
320 27.32 4.84 1.64 361.45 13 36 5
321 6.00 11.19 2.15 139.30 21 29 2
322 83.49 7.26 40.68 266.97 21 23 2
323 9.05 81.84 17.90 214.22 0 13 1
324 28.69 92.28 22.34 61.77 21 36 5
325 29.62 22.22 11.97 302.29 8 40 4
326 61.81 6.16 6.99 489.51 4 46 1
327 83.34 56.21 19.07 67.04 10 19 2
328 59.18 26.97 23.81 208.40 16 48 2
329 74.94 48.38 49.50 368.70 24 25 5
330 67.28 5.50 32.55 284.25 24 40 5
331 75.81 27.52 48.96 106.76 10 21 5
332 2.48 82.15 42.23 487.78 18 22 5
333 95.05 52.51 36.96 324.57 1 1 4
334 1.77 11.29 48.27 132.49 19 41 4
335 60.22 41.47 24.33 307.29 18 19 1
336 25.19 1.32 30.31 128.74 19 22 2
337 5.74 77.55 40.62 459.66 6 37 3
338 6.44 90.69 6.65 81.40 4 9 3
339 49.00 9.65 49.42 300.00 9 9 4
340 10.17 28.15 49.59 132.24 0 31 2
341 82.93 70.06 48.25 379.09 6 10 2
342 45.39 23.34 3.21 221.69 20 31 4
343 45.65 13.20 11.34 99.48 23 34 4
344 94.23 93.36 17.22 202.82 11 30 3
345 83.34 10.85 20.63 226.64 2 40 3
346 34.03 97.67 22.39 374.72 8 34 2
347 78.76 84.18 15.97 432.48 5 32 3
348 74.19 85.88 29.14 230.86 8 29 2
349 12.90 4.79 13.82 452.79 6 8 4
350 14.60 8.19 4.98 115.29 0 3 2
351 0.49 47.03 24.84 111.65 10 40 5
352 92.09 80.23 29.42 483.25 4 44 4
353 92.74 82.00 41.73 209.05 4 14 2
354 8.81 73.74 20.78 279.51 10 47 1
355 61.69 29.11 20.14 411.90 22 48 3
356 19.98 8.08 42.07 431.03 16 38 5
357 44.06 43.21 42.44 251.39 17 35 1
358 94.68 44.38 36.03 440.04 15 19 1
359 7.37 99.76 42.30 120.41 20 35 1
360 31.73 78.67 45.02 233.76 4 6 4
361 69.20 14.24 44.76 265.22 12 16 2
362 30.10 65.86 30.52 473.52 21 34 1
363 84.86 69.50 38.75 92.20 1 14 3
364 82.77 92.21 35.33 118.50 13 34 3
365 21.77 53.71 37.99 63.55 4 12 5
366 6.05 1.25 20.84 219.76 21 33 1
367 67.55 71.35 11.72 490.06 11 28 4
368 85.87 98.71 7.83 280.28 0 1 3
369 64.09 14.29 49.49 478.97 3 27 3
370 4.53 88.18 15.71 257.26 18 37 4
371 76.65 75.94 31.25 444.18 10 20 2
372 25.76 68.19 21.70 69.43 21 33 1
373 9.96 89.26 10.68 249.93 14 44 5
374 5.64 36.95 3.12 294.48 15 24 1
375 73.35 89.01 21.05 276.28 14 20 3
376 54.53 4.68 49.62 58.80 15 38 4
377 24.06 9.58 25.67 383.24 20 31 5
378 86.70 60.84 22.50 310.49 13 21 1
379 58.56 41.24 3.17 252.95 17 37 2
380 42.02 21.50 8.24 368.59 21 29 2
381 89.29 5.10 39.08 242.20 20 32 1
382 88.02 92.99 21.08 360.10 2 47 4
383 30.16 22.82 18.78 121.69 15 24 4
384 22.98 96.39 32.14 86.06 22 22 4
385 1.27 29.71 18.81 171.63 17 39 1
386 72.93 46.53 32.09 124.74 12 48 2
387 84.57 1.13 14.91 184.46 20 25 2
388 70.40 38.17 5.70 383.61 16 17 1
389 85.12 46.02 4.28 329.73 1 34 4
390 96.44 33.83 29.23 67.74 17 47 5
391 14.40 53.10 17.84 497.43 21 21 2
392 66.69 1.44 33.42 100.09 3 32 4
393 95.08 66.78 33.88 210.59 4 22 2
394 94.26 48.76 17.94 235.66 8 32 4
395 47.93 8.03 12.50 388.12 13 28 1
396 78.32 17.67 21.95 326.22 22 43 1
397 24.75 42.32 18.15 62.44 17 21 4
398 88.58 61.33 11.72 57.05 4 45 3
399 11.57 98.53 16.02 112.49 14 21 4
400 21.67 46.97 45.42 191.80 0 26 3
1 173.15 3462.01 1
2 194.85 3199.36 2
3 136.48 4214.64 3
4 103.67 3632.46 4
5 180.79 3006.35 5
6 123.61 2993.78 1
7 128.61 3017.34 1
8 128.98 3121.35 5
9 114.73 4589.14 4
1 1.53 42.72 5
2 1.24 37.25 6
3 1.43 28.68 5
4 1.13 26.91 3
5 1.52 33.25 5
6 1.26 38.72 6
7 1.29 41.95 4
8 1.81 27.57 6
9 1.57 27.90 8
10 1.18 44.46 7
11 1.73 38.59 5
12 1.28 34.88 7
13 1.30 47.04 9
14 1.35 39.92 7
15 1.79 39.12 7
16 1.46 32.05 1
17 1.60 48.99 9
