Data for Vehicle routing problem with drones - Author: Huyen Do Thi Ngoc
Number of depots: 1
Number of cities: 300
Number of trucks: 4
Number of drones: 13
Area: 100 100 50
Customer maximum demand: 500
Max capacity of truck: 200
Max energy of truck: 5000
Max capacity of drone: 2
Max energy of drone: 50
1 5.67 4.09 19.52
1 9.63 51.70 7.21 410.56 12 30 1
2 67.45 95.20 6.98 347.85 15 37 1
3 50.21 99.99 31.15 136.80 13 13 1
4 47.20 74.91 46.25 131.60 8 18 1
5 78.94 39.17 40.46 252.65 9 28 1
6 42.27 21.15 12.73 440.99 4 20 1
7 53.32 20.65 33.57 445.19 24 29 1
8 94.41 36.27 4.48 342.00 4 22 1
9 8.41 31.58 37.33 247.63 11 28 1
10 26.96 42.38 16.49 408.25 2 32 1
11 47.51 3.77 29.11 474.16 14 34 1
12 54.15 95.82 36.23 274.73 23 38 1
13 78.41 11.38 4.45 62.58 24 27 1
14 54.96 23.58 42.90 289.73 5 19 1
15 7.63 88.43 22.37 60.74 21 21 1
16 84.48 85.88 29.48 355.36 3 42 1
17 93.06 80.43 6.62 252.12 6 39 1
18 44.68 65.01 7.57 274.60 17 32 1
19 48.80 87.58 47.88 347.77 9 26 1
20 61.62 95.57 0.58 96.46 21 45 1
21 52.72 66.91 37.90 355.21 13 17 1
22 71.67 60.48 4.58 108.87 1 36 1
23 88.19 25.73 24.35 54.81 10 42 1
24 39.49 41.75 1.18 227.51 7 39 1
25 28.58 92.63 29.36 447.15 5 8 1
26 91.74 85.83 12.00 68.66 0 30 1
27 30.59 38.10 15.84 314.66 3 25 1
28 32.14 51.85 28.14 255.66 19 39 1
29 85.45 54.27 27.98 212.14 4 17 1
30 29.77 5.20 22.42 471.43 23 26 1
31 15.83 89.61 6.91 409.17 10 14 1
32 91.85 54.88 44.59 196.30 6 47 1
33 34.56 87.87 17.59 363.13 3 35 1
34 12.00 75.24 26.18 434.44 13 37 1
35 40.22 73.94 14.00 280.07 0 17 1
36 73.83 85.44 0.04 333.34 22 31 1
37 79.08 95.35 29.28 472.85 6 10 1
38 50.41 21.52 42.93 305.21 4 38 1
39 48.10 59.87 23.72 75.16 4 6 1
40 0.88 84.28 18.98 354.92 17 23 1
41 54.39 15.63 30.96 272.79 14 27 1
42 95.09 26.44 39.57 361.55 18 44 1
43 46.73 68.53 21.88 162.84 24 29 1
44 81.23 35.27 36.38 467.04 5 35 1
45 44.60 82.06 38.61 473.66 18 25 1
46 11.80 19.73 9.42 213.84 9 20 1
47 7.26 41.09 8.18 207.93 18 46 1
48 18.70 46.95 5.26 486.90 9 17 1
49 95.69 62.16 35.45 447.07 21 24 1
50 2.50 41.20 2.41 52.01 19 28 1
51 78.00 61.46 8.45 73.08 14 38 1
52 5.82 51.56 40.03 460.06 14 41 1
53 42.81 67.33 7.07 401.59 9 13 1
54 11.22 55.19 9.44 487.09 13 46 1
55 21.19 63.73 40.97 497.03 4 28 1
56 27.00 89.77 45.72 256.92 5 35 1
57 21.10 43.56 15.60 497.66 15 42 1
58 57.87 19.65 9.74 367.35 11 35 1
59 21.92 88.81 38.78 204.43 22 47 1
60 19.77 2.39 36.06 321.13 11 37 1
61 2.44 13.46 32.58 310.27 24 42 1
62 20.91 65.94 12.59 480.89 1 21 1
63 21.10 24.38 47.47 342.96 20 25 1
64 2.40 69.60 22.42 253.56 1 15 1
65 42.44 33.53 42.26 81.34 18 28 1
66 97.97 78.98 21.69 202.15 0 33 1
67 93.14 34.26 37.62 488.72 16 44 1
68 65.01 47.08 30.44 354.42 19 48 1
69 7.78 68.16 15.46 471.08 10 11 1
70 29.51 67.09 36.01 178.40 16 19 1
71 72.72 33.62 15.41 171.23 1 39 1
72 10.17 51.31 4.12 138.91 18 27 1
73 39.04 72.93 1.09 61.88 14 37 1
74 93.33 17.19 36.81 393.02 21 36 1
75 6.05 34.49 5.38 234.76 19 42 1
76 85.77 1.25 37.54 485.12 17 32 1
77 14.47 18.66 33.39 258.01 2 48 1
78 32.23 42.23 16.91 271.08 24 30 1
79 96.51 45.24 41.37 476.44 19 30 1
80 20.37 83.25 2.45 282.99 20 36 1
81 31.79 49.04 26.30 108.78 15 29 1
82 0.99 37.66 25.29 92.68 22 48 1
83 97.86 12.99 27.39 193.55 22 31 1
84 44.68 8.87 30.89 394.84 18 31 1
85 78.99 15.50 8.29 342.16 16 23 1
86 43.36 38.84 3.67 360.28 6 46 1
87 2.82 98.77 10.82 87.81 3 17 1
88 52.32 61.18 13.56 104.90 17 43 1
89 50.75 43.93 4.97 90.07 22 30 1
90 69.45 42.85 22.18 460.90 14 21 1
91 56.39 11.46 2.38 184.68 10 38 1
92 94.24 3.53 21.00 415.47 1 2 1
93 22.66 78.96 40.00 208.15 8 25 1
94 10.98 20.52 33.58 423.64 12 20 1
95 62.50 95.21 18.60 73.40 13 25 1
96 69.99 27.49 46.86 493.76 15 34 1
97 67.95 8.89 15.14 445.73 3 8 1
98 63.79 10.36 32.29 115.21 5 44 1
99 14.76 64.05 49.61 423.04 2 43 1
100 17.86 16.96 18.09 161.78 23 26 1
101 11.22 88.09 31.96 352.52 12 28 1
102 37.00 78.63 31.34 103.01 21 37 1
103 81.69 10.91 6.09 53.60 19 31 1
104 78.47 48.90 13.52 189.71 14 29 1
105 51.81 89.95 27.40 469.27 6 17 1
106 11.55 30.33 30.61 65.39 0 5 1
107 1.78 90.53 46.84 248.59 12 48 1
108 15.06 6.24 38.18 338.76 24 29 1
109 21.52 67.87 43.84 66.40 19 42 1
110 40.93 43.78 28.01 323.09 6 41 1
111 35.79 78.41 11.57 84.33 7 39 1
112 28.48 6.18 42.06 267.82 11 31 1
113 0.75 89.04 19.34 80.27 9 20 1
114 80.84 12.74 29.03 318.03 24 41 1
115 59.28 7.16 37.67 317.24 11 24 1
116 81.70 34.86 48.20 139.67 16 19 1
117 39.94 9.91 37.12 51.53 0 15 1
118 67.93 69.25 49.25 283.19 1 33 1
119 7.00 5.58 21.55 100.74 17 22 1
120 81.32 90.29 5.21 384.67 0 7 1
121 46.08 92.77 37.41 209.65 10 18 1
122 76.19 21.85 12.53 222.23 1 32 1
123 84.71 34.82 42.29 440.59 15 27 1
124 19.97 11.66 9.56 272.10 21 43 1
125 23.23 45.76 24.70 492.35 1 31 1
126 58.96 10.57 12.52 289.65 0 14 1
127 84.33 15.12 6.72 436.85 19 27 1
128 77.70 84.49 1.86 60.37 1 16 1
129 46.69 90.38 26.57 98.99 6 20 1
130 9.72 70.37 42.88 253.33 20 27 1
131 47.03 40.41 4.31 248.70 11 29 1
132 80.50 49.82 1.79 208.50 18 27 1
133 86.87 49.99 35.63 473.93 24 32 1
134 99.69 96.94 15.25 369.05 15 20 1
135 13.28 76.81 19.49 228.21 0 3 1
136 31.56 79.96 5.82 135.57 4 48 1
137 90.91 4.53 44.14 249.80 4 44 1
138 6.32 43.11 46.01 469.37 2 21 1
139 86.68 98.92 12.51 308.13 7 8 1
140 12.18 6.71 3.14 313.13 24 48 1
141 61.62 45.74 19.07 313.81 3 13 1
142 54.71 40.50 31.31 131.42 22 43 1
143 47.55 60.16 25.08 389.67 4 9 1
144 40.72 21.43 8.83 414.15 4 36 1
145 58.09 18.27 39.85 133.99 0 6 1
146 15.49 29.01 14.29 465.92 6 40 1
147 60.13 52.63 11.21 273.73 13 19 1
148 46.91 55.48 12.78 365.89 16 43 1
149 76.23 57.14 15.09 358.20 0 3 1
150 95.95 46.92 22.24 126.30 12 39 1
151 65.42 57.37 26.44 244.41 2 43 1
152 30.69 33.88 23.67 469.23 1 12 1
153 0.29 95.35 13.18 467.89 2 10 1
154 72.46 0.13 45.25 194.09 3 13 1
155 39.88 77.20 12.99 249.54 8 22 1
156 19.68 75.57 49.34 276.49 2 11 1
157 2.73 66.02 11.04 129.86 14 43 1
158 76.93 32.86 39.30 386.78 16 36 1
159 90.31 61.50 9.53 467.37 3 46 1
160 53.43 61.42 1.60 184.18 21 48 1
161 72.61 56.64 19.62 444.67 15 24 1
162 48.16 65.15 23.35 152.24 13 26 1
163 19.75 97.85 37.45 308.43 15 17 1
164 58.87 31.58 32.32 241.04 3 31 1
165 98.73 25.06 16.58 221.00 9 13 1
166 10.07 39.15 43.83 67.44 24 45 1
167 89.34 61.79 0.22 201.28 0 7 1
168 2.77 74.02 1.10 364.42 23 45 1
169 61.21 93.54 6.96 361.08 7 26 1
170 14.28 64.98 45.59 53.59 1 5 1
171 62.56 70.29 37.09 498.95 7 14 1
172 94.84 13.79 18.17 300.89 21 32 1
173 68.16 0.31 18.92 71.77 18 36 1
174 82.04 76.63 19.05 157.63 0 15 1
175 82.04 68.31 15.96 445.74 15 15 1
176 92.20 57.95 30.22 284.55 10 48 1
177 52.23 8.68 42.16 256.89 17 20 1
178 41.19 6.12 1.84 436.25 20 25 1
179 90.40 67.18 14.96 481.95 9 11 1
180 51.32 53.41 11.02 105.52 4 4 1
181 94.42 34.70 7.72 481.94 13 22 1
182 76.68 84.33 47.90 329.05 20 21 1
183 67.33 94.18 19.86 498.23 4 36 1
184 74.29 40.80 35.55 145.64 0 22 1
185 41.90 65.67 8.07 270.72 24 37 1
186 65.33 2.74 7.42 289.97 19 31 1
187 54.37 98.50 49.67 228.15 6 40 1
188 86.99 52.00 35.12 440.03 19 41 1
189 97.38 23.10 32.46 452.73 24 38 1
190 48.68 32.24 25.70 122.49 0 18 1
191 26.09 27.56 17.98 120.49 4 9 1
192 88.36 85.21 2.32 279.41 2 47 1
193 37.23 59.28 14.69 454.30 14 48 1
194 87.60 97.55 49.46 330.93 11 19 1
195 52.82 17.69 6.02 161.95 13 48 1
196 43.56 25.16 44.42 428.41 18 22 1
197 23.26 69.83 4.68 455.95 22 42 1
198 67.88 31.37 37.23 298.28 13 36 1
199 1.68 29.94 48.66 115.61 14 41 1
200 10.44 47.72 8.68 385.56 4 45 1
201 0.08 17.43 35.17 103.51 18 29 1
202 20.09 25.21 23.16 235.19 8 10 1
203 59.96 28.10 34.58 75.60 9 32 1
204 2.24 72.60 18.51 147.39 5 41 1
205 14.88 65.91 16.13 398.29 22 47 1
206 53.57 41.09 41.53 315.71 20 48 1
207 25.83 48.29 5.44 473.19 5 17 1
208 10.82 86.97 41.50 260.87 13 18 1
209 38.47 23.19 43.35 73.15 2 2 1
210 0.91 99.67 9.43 259.72 23 38 1
211 81.39 75.79 49.75 158.61 0 14 1
212 92.20 16.75 23.41 158.44 7 24 1
213 82.94 89.95 33.10 55.58 8 27 1
214 87.31 31.54 16.90 496.23 4 18 1
215 8.01 13.46 22.96 273.62 12 36 1
216 89.90 97.95 31.45 426.93 19 23 1
217 18.67 21.75 20.51 394.65 24 35 1
218 68.89 10.63 38.30 396.41 13 30 1
219 5.52 0.15 8.01 215.39 0 12 1
220 40.41 85.14 40.38 225.23 10 23 1
221 13.47 46.82 47.49 443.79 22 47 1
222 13.90 61.16 5.66 350.84 20 20 1
223 27.07 27.17 0.02 463.06 19 29 1
224 29.40 51.89 19.31 364.34 19 37 1
225 31.24 92.62 5.17 347.62 17 28 1
226 12.47 5.74 17.38 472.75 8 26 1
227 85.06 29.71 16.32 223.91 20 32 1
228 4.36 95.94 7.21 92.56 2 37 1
229 93.55 6.92 22.79 437.08 11 37 1
230 82.81 70.53 8.71 497.40 18 23 1
231 87.24 90.68 17.53 207.62 11 13 1
232 69.46 73.83 7.32 394.62 1 43 1
233 94.00 4.00 28.00 472.15 6 34 1
234 91.24 3.75 5.93 181.52 8 27 1
235 92.67 46.74 44.51 417.69 4 13 1
236 57.15 35.43 7.11 158.97 11 12 1
237 20.78 76.87 11.86 316.98 22 28 1
238 53.58 1.10 19.79 98.51 21 23 1
239 61.83 80.43 30.04 389.93 0 30 1
240 91.88 77.92 13.45 416.13 17 33 1
241 95.98 47.07 40.89 198.96 5 46 1
242 42.83 70.87 23.55 370.59 4 44 1
243 63.21 84.09 46.58 495.36 18 21 1
244 36.43 64.08 2.75 185.35 22 41 1
245 0.73 11.59 19.49 210.78 23 46 1
246 23.03 55.35 13.61 469.09 23 33 1
247 90.91 29.36 29.22 326.63 18 29 1
248 74.88 58.44 46.36 292.17 12 47 1
249 96.00 53.63 9.50 77.61 17 41 1
250 88.18 57.92 0.15 312.23 4 48 1
251 23.67 65.52 22.48 413.86 15 33 1
252 58.21 94.94 37.44 79.04 20 38 1
253 85.46 19.67 32.83 50.40 0 25 1
254 84.86 37.78 37.42 278.12 23 28 1
255 29.74 22.91 23.25 355.30 6 25 1
256 0.16 73.66 27.43 219.81 20 21 1
257 1.33 67.88 29.01 165.14 5 41 1
258 90.04 21.60 45.94 469.62 14 37 1
259 89.91 12.48 28.71 89.21 4 14 1
260 55.38 10.74 27.83 299.47 10 15 1
261 46.54 86.52 24.37 294.16 10 42 1
262 95.70 18.50 44.19 155.48 17 26 1
263 8.23 93.66 1.85 419.47 0 46 1
264 17.63 78.02 1.65 352.07 24 33 1
265 37.14 9.65 5.03 486.69 22 26 1
266 33.31 14.83 13.26 456.53 9 26 1
267 11.20 0.26 7.11 357.09 11 13 1
268 11.64 78.01 5.22 148.34 17 33 1
269 82.87 51.60 34.70 274.46 6 38 1
270 78.94 40.90 26.30 494.13 7 46 1
271 17.06 85.47 35.99 227.25 7 35 1
272 16.17 1.13 1.84 202.78 4 15 1
273 5.63 50.39 18.33 447.44 12 24 1
274 63.50 57.27 36.63 328.87 19 36 1
275 74.64 31.57 34.74 288.30 17 44 1
276 4.25 60.72 32.79 465.30 17 31 1
277 22.67 26.49 20.38 145.58 1 21 1
278 25.26 51.34 39.65 446.45 18 25 1
279 44.91 10.44 36.57 131.08 14 19 1
280 14.17 76.96 2.68 491.97 17 29 1
281 11.59 30.52 34.88 186.00 7 16 1
282 79.53 10.81 27.66 273.75 9 46 1
283 9.89 51.92 14.21 116.27 5 15 1
284 18.46 71.37 12.79 297.73 24 45 1
285 55.01 83.53 38.56 268.64 2 20 1
286 91.29 8.87 13.39 183.75 24 44 1
287 14.50 76.41 33.59 428.21 6 27 1
288 37.30 62.32 36.17 186.46 5 10 1
289 79.15 97.38 6.98 360.50 4 32 1
290 58.66 26.51 40.66 312.99 24 31 1
291 74.83 27.29 14.93 275.47 14 43 1
292 17.53 92.56 12.77 109.31 12 34 1
293 22.56 59.96 11.99 108.38 14 36 1
294 68.61 50.12 28.42 381.09 13 35 1
295 37.89 63.29 24.63 373.54 13 19 1
296 12.77 90.39 35.61 336.78 1 33 1
297 63.59 11.14 1.79 342.17 16 34 1
298 73.18 4.97 17.18 188.42 19 25 1
299 89.57 75.56 48.34 414.77 6 47 1
300 34.64 62.90 7.43 409.69 23 29 1
1 127.86 3750.74 1
2 195.48 3056.79 1
3 107.08 3877.71 1
4 133.54 2857.91 1
1 1.11 29.73 1
2 1.33 34.23 3
3 1.99 45.67 1
4 1.03 35.82 3
5 1.01 41.22 2
6 1.91 42.43 1
7 1.71 30.60 2
8 1.04 26.96 3
9 1.79 25.37 1
10 1.87 48.90 3
11 1.21 47.87 1
12 1.23 25.14 1
13 1.13 28.74 4
