Data for Vehicle routing problem with drones - Author: Huyen Do Thi Ngoc
Number of depots: 1
Number of cities: 400
Number of trucks: 1
Number of drones: 7
Area: 100 100 50
Customer maximum demand: 500
Max capacity of truck: 200
Max energy of truck: 5000
Max capacity of drone: 2
Max energy of drone: 50
1 5.30 65.72 38.90
1 6.33 58.77 24.51 454.40 2 6 1
2 1.07 22.48 11.03 426.83 7 41 1
3 43.90 93.74 48.43 130.57 0 31 1
4 17.96 97.32 9.52 311.02 12 15 1
5 63.60 13.96 41.39 248.91 23 34 1
6 48.32 9.39 2.40 231.23 8 12 1
7 43.48 45.69 10.62 118.74 17 37 1
8 48.13 81.37 22.41 231.71 2 45 1
9 73.50 15.65 29.69 179.28 17 27 1
10 71.36 11.79 42.21 333.35 20 28 1
11 74.24 52.72 25.77 255.47 11 36 1
12 58.16 9.02 32.83 83.12 13 30 1
13 15.10 95.55 6.24 70.00 19 39 1
14 61.71 86.79 33.78 427.84 10 14 1
15 67.83 83.10 48.66 82.29 21 46 1
16 98.87 73.57 21.87 442.68 18 18 1
17 32.30 97.55 12.99 493.00 13 24 1
18 28.09 30.87 11.07 239.63 16 19 1
19 64.51 67.69 2.47 125.94 23 38 1
20 68.40 17.52 25.22 305.86 20 39 1
21 78.04 43.73 41.53 323.92 2 29 1
22 2.54 11.39 4.13 473.33 19 27 1
23 38.61 33.80 43.46 195.67 14 48 1
24 46.99 46.74 44.59 447.57 21 45 1
25 49.68 92.35 27.97 343.85 3 28 1
26 61.24 32.18 19.49 150.70 18 22 1
27 53.97 1.36 5.31 303.15 23 45 1
28 4.12 82.85 13.99 285.12 2 14 1
29 29.17 96.87 7.77 349.02 2 48 1
30 80.32 52.88 20.62 361.72 6 23 1
31 83.77 6.04 24.36 322.59 7 35 1
32 19.24 30.96 13.72 346.15 21 23 1
33 42.08 3.84 47.13 356.36 10 28 1
34 32.44 73.44 25.26 155.15 13 26 1
35 64.39 69.91 14.70 51.13 17 22 1
36 60.92 40.51 39.44 338.07 5 32 1
37 15.70 69.20 26.96 396.50 3 21 1
38 92.01 66.21 38.73 74.04 4 28 1
39 50.32 47.11 29.00 379.15 5 31 1
40 5.67 80.74 48.76 457.16 15 36 1
41 77.98 84.43 9.92 119.56 19 26 1
42 24.62 34.12 43.41 277.30 17 48 1
43 57.89 97.16 6.47 220.38 3 34 1
44 15.60 56.63 15.75 52.21 9 48 1
45 35.17 81.17 40.75 106.00 13 30 1
46 28.95 78.72 33.54 222.47 1 13 1
47 17.32 12.65 10.28 404.18 4 31 1
48 20.99 4.03 17.73 497.70 9 41 1
49 54.52 14.79 20.52 325.81 11 33 1
50 94.83 51.83 37.86 463.91 3 28 1
51 38.86 70.36 34.31 493.38 5 17 1
52 61.02 71.43 27.19 192.10 6 42 1
53 17.40 13.97 11.22 81.50 21 21 1
54 18.58 1.14 2.96 142.96 8 14 1
55 34.63 88.69 27.09 266.18 18 33 1
56 67.55 91.55 12.50 272.33 13 42 1
57 44.66 38.60 14.24 52.06 8 8 1
58 75.52 3.62 38.72 362.83 9 28 1
59 3.62 68.33 4.18 309.71 17 48 1
60 56.97 23.59 45.70 186.74 1 31 1
61 74.31 45.30 33.34 323.99 11 35 1
62 68.23 30.67 26.64 180.33 7 14 1
63 27.77 31.10 22.45 190.87 17 38 1
64 68.43 40.96 12.46 323.44 14 46 1
65 21.99 90.53 46.20 217.92 16 45 1
66 34.26 25.20 32.51 279.50 16 46 1
67 9.46 89.84 44.75 107.15 4 11 1
68 49.22 47.70 42.98 325.06 13 19 1
69 50.20 49.76 39.97 222.17 9 19 1
70 60.98 75.05 23.50 451.76 8 43 1
71 85.67 74.38 25.18 387.64 3 3 1
72 17.62 69.99 7.49 150.27 16 24 1
73 81.03 86.17 6.93 185.20 8 27 1
74 82.21 74.06 47.07 317.76 0 33 1
75 34.99 98.71 6.32 203.59 20 21 1
76 73.50 87.25 31.20 285.45 21 40 1
77 93.54 2.32 11.28 354.87 15 47 1
78 69.52 6.01 1.63 279.25 24 27 1
79 66.70 85.01 30.35 142.15 17 19 1
80 32.04 9.12 31.78 172.76 15 26 1
81 35.05 44.28 11.24 438.38 12 35 1
82 16.46 1.83 3.92 204.85 21 28 1
83 3.55 59.54 25.99 408.45 22 44 1
84 50.03 34.14 29.16 379.25 12 33 1
85 92.90 36.46 30.38 441.89 1 36 1
86 77.98 93.82 12.45 185.45 8 38 1
87 88.48 89.99 23.27 102.94 10 42 1
88 32.35 16.59 22.41 318.52 18 24 1
89 60.05 59.50 42.75 86.24 24 44 1
90 6.76 49.77 8.37 306.62 19 43 1
91 67.44 62.74 4.21 350.25 5 39 1
92 95.55 6.43 7.93 244.39 20 36 1
93 52.25 26.25 13.52 352.24 21 29 1
94 59.13 64.65 29.75 84.94 7 7 1
95 55.47 69.76 37.99 124.29 1 27 1
96 96.15 72.67 29.03 460.57 17 40 1
97 9.48 51.48 27.35 476.86 24 36 1
98 87.58 76.07 44.15 105.33 7 10 1
99 68.94 69.78 32.37 406.22 22 32 1
100 72.86 20.93 30.29 419.51 18 26 1
101 58.62 45.10 29.21 339.89 21 30 1
102 49.66 94.05 44.30 70.09 10 12 1
103 96.97 0.06 22.31 342.84 13 41 1
104 46.55 45.61 9.27 356.93 10 48 1
105 19.04 47.19 40.96 250.94 17 42 1
106 58.81 14.27 43.44 339.82 8 31 1
107 24.11 30.87 37.03 203.12 1 44 1
108 50.63 15.77 45.33 385.47 22 48 1
109 52.36 46.38 42.87 61.33 21 36 1
110 11.84 38.11 36.20 444.18 18 35 1
111 41.19 74.35 3.33 71.34 22 34 1
112 32.01 19.45 4.61 86.08 11 13 1
113 75.19 23.45 42.32 262.47 0 4 1
114 34.74 21.72 40.85 341.89 24 40 1
115 70.05 68.86 0.54 422.61 17 34 1
116 43.68 17.24 45.51 135.60 15 21 1
117 95.95 53.49 26.16 270.84 24 47 1
118 39.12 0.98 17.21 223.80 18 43 1
119 35.09 47.15 39.31 244.77 13 41 1
120 81.61 97.47 2.05 233.16 7 38 1
121 43.35 36.03 45.65 310.86 6 36 1
122 66.47 31.55 2.75 91.06 13 46 1
123 93.47 90.08 46.00 431.33 3 33 1
124 65.00 5.05 15.56 134.66 21 47 1
125 66.30 53.16 13.81 286.97 14 22 1
126 18.33 31.99 24.83 136.81 19 39 1
127 98.40 9.00 11.52 310.91 9 13 1
128 99.14 72.32 0.93 119.63 1 48 1
129 86.43 20.86 45.23 72.69 24 27 1
130 20.98 90.00 16.67 406.22 14 44 1
131 92.41 61.35 30.78 159.52 20 46 1
132 75.86 39.36 12.56 328.78 12 26 1
133 61.09 67.27 43.79 368.69 12 14 1
134 48.88 32.71 25.31 455.68 15 23 1
135 50.82 30.14 31.80 90.39 7 11 1
136 30.25 35.98 13.10 127.19 6 35 1
137 11.05 96.96 2.72 379.24 17 28 1
138 69.29 73.03 7.02 243.46 12 18 1
139 95.43 45.94 35.67 57.33 8 30 1
140 60.24 92.51 19.58 270.72 9 21 1
141 0.08 89.86 18.61 284.72 12 48 1
142 57.27 33.37 30.24 260.74 3 33 1
143 67.41 1.80 31.04 297.05 23 26 1
144 37.20 50.90 40.18 377.34 12 34 1
145 31.47 53.87 48.99 55.07 13 30 1
146 2.83 69.49 3.87 154.78 8 45 1
147 1.01 35.93 47.54 215.51 16 41 1
148 70.40 47.75 8.52 229.32 12 19 1
149 38.87 7.90 37.28 436.34 17 23 1
150 79.35 62.02 26.25 107.33 6 31 1
151 24.72 73.56 40.24 173.29 6 10 1
152 41.59 71.33 36.00 55.99 8 38 1
153 88.91 35.43 15.35 202.80 0 38 1
154 7.42 96.40 9.41 194.12 3 34 1
155 81.73 92.95 33.62 133.24 6 30 1
156 80.74 45.81 5.33 80.86 2 6 1
157 13.06 40.48 40.59 238.00 10 34 1
158 61.85 68.31 33.21 255.31 5 12 1
159 93.67 48.92 21.72 292.61 13 48 1
160 61.24 75.02 29.31 471.86 10 20 1
161 40.25 77.52 35.72 379.04 15 27 1
162 52.85 91.89 48.79 175.76 5 14 1
163 81.55 1.01 15.14 97.37 6 34 1
164 94.18 46.21 31.39 124.22 16 48 1
165 40.11 13.50 22.40 103.11 14 27 1
166 5.29 57.49 20.12 77.76 20 30 1
167 98.55 5.91 43.69 180.50 0 7 1
168 13.67 69.94 47.48 176.14 16 28 1
169 38.54 63.24 14.13 110.37 7 25 1
170 61.83 65.78 4.23 161.39 9 10 1
171 94.12 26.50 36.69 151.33 3 13 1
172 63.36 48.55 38.73 279.08 12 34 1
173 38.10 5.93 36.90 489.79 5 33 1
174 7.84 44.65 37.21 209.51 4 47 1
175 74.57 3.39 31.54 163.37 3 9 1
176 33.11 86.62 46.25 342.09 21 46 1
177 74.10 16.92 21.13 391.90 1 41 1
178 74.88 46.15 31.33 233.08 17 47 1
179 15.63 43.62 38.63 204.16 22 42 1
180 9.83 29.95 42.92 488.58 6 42 1
181 27.33 17.01 29.23 324.04 23 48 1
182 37.29 57.65 11.86 389.50 15 38 1
183 37.58 77.74 46.80 323.90 3 15 1
184 40.91 69.95 18.91 92.51 7 44 1
185 66.50 5.22 10.86 111.00 20 42 1
186 22.47 48.65 39.33 63.73 21 45 1
187 74.44 7.06 18.34 396.18 24 32 1
188 75.37 5.72 7.22 337.38 21 40 1
189 57.57 31.98 39.09 348.58 12 20 1
190 66.73 41.00 18.14 210.69 20 22 1
191 80.92 37.66 44.21 396.54 22 23 1
192 79.73 26.18 25.59 483.96 19 38 1
193 90.72 51.88 1.29 126.12 8 21 1
194 0.48 99.89 27.42 259.43 20 41 1
195 99.03 17.19 49.91 326.89 3 41 1
196 60.26 64.51 4.82 315.18 11 44 1
197 77.61 9.85 19.22 315.25 18 25 1
198 64.98 25.77 14.04 218.72 6 31 1
199 30.25 9.82 29.13 490.52 7 13 1
200 57.23 68.53 34.40 368.76 17 40 1
201 83.22 40.94 5.73 104.64 2 12 1
202 31.53 12.64 41.59 69.11 9 22 1
203 40.64 99.95 30.82 268.30 10 12 1
204 87.74 14.99 36.60 315.20 9 37 1
205 82.96 97.45 20.94 313.38 20 34 1
206 44.26 33.21 4.03 311.35 12 17 1
207 26.54 10.10 6.44 455.48 17 20 1
208 71.41 14.07 28.26 374.10 7 26 1
209 43.41 60.55 30.15 345.59 3 33 1
210 49.16 51.12 31.30 280.85 3 8 1
211 41.52 98.18 30.77 194.60 7 36 1
212 48.38 50.06 20.75 225.35 23 29 1
213 11.17 74.36 40.31 200.80 1 18 1
214 75.87 34.00 33.03 155.07 15 34 1
215 97.91 14.55 10.28 332.59 3 36 1
216 78.33 46.41 13.56 317.30 2 41 1
217 3.82 60.14 41.50 57.06 15 37 1
218 5.34 88.22 27.14 159.68 5 48 1
219 63.81 45.04 48.73 264.16 21 45 1
220 50.07 45.55 7.86 461.44 14 28 1
221 14.53 15.44 16.35 295.60 11 39 1
222 77.80 25.36 46.49 346.25 16 38 1
223 50.34 22.15 7.31 163.49 4 33 1
224 63.65 82.34 43.83 369.13 4 35 1
225 6.58 34.95 9.64 397.14 24 38 1
226 90.42 72.22 44.83 74.51 5 33 1
227 66.43 41.60 30.02 256.75 4 14 1
228 40.04 9.17 42.94 191.99 3 38 1
229 87.70 70.96 24.49 136.21 1 47 1
230 84.52 58.84 23.64 92.30 4 30 1
231 5.61 19.87 4.71 78.81 3 13 1
232 91.50 26.75 49.21 252.66 13 38 1
233 40.02 41.69 24.34 362.42 13 22 1
234 62.20 75.76 11.95 388.20 8 20 1
235 71.62 51.30 46.74 275.70 9 19 1
236 54.59 32.95 25.93 436.38 2 34 1
237 24.84 64.56 25.95 469.39 7 27 1
238 40.63 24.29 13.58 375.45 21 45 1
239 56.53 91.16 38.80 277.09 23 46 1
240 3.45 32.24 47.11 287.53 3 21 1
241 58.20 20.42 11.41 347.18 5 34 1
242 12.24 23.67 25.79 485.04 14 22 1
243 76.79 20.49 19.98 112.21 21 46 1
244 90.71 85.60 43.16 118.76 14 46 1
245 64.53 73.83 47.62 228.46 12 43 1
246 15.63 86.14 39.30 356.38 22 37 1
247 77.89 20.16 38.06 300.12 1 12 1
248 42.35 69.85 7.87 191.91 6 16 1
249 40.47 10.94 27.80 242.86 8 8 1
250 15.55 44.35 4.51 318.98 15 28 1
251 42.18 95.54 49.80 324.37 13 13 1
252 51.68 45.17 23.83 231.12 11 32 1
253 16.23 82.96 49.25 282.91 17 21 1
254 54.73 29.84 46.68 83.00 0 11 1
255 87.89 61.79 14.82 310.51 11 45 1
256 92.38 68.08 36.82 329.69 15 30 1
257 38.36 3.53 1.69 290.75 2 26 1
258 75.94 42.25 36.07 163.01 17 35 1
259 71.07 66.84 45.83 443.79 7 39 1
260 97.31 19.47 1.92 362.25 11 41 1
261 65.21 63.36 49.71 483.20 3 3 1
262 98.24 94.41 31.91 326.95 10 38 1
263 65.94 94.25 2.66 395.22 24 38 1
264 24.95 67.96 3.47 415.17 9 28 1
265 26.82 88.85 29.27 190.38 24 35 1
266 26.43 3.73 31.41 100.54 6 28 1
267 63.46 59.16 7.72 365.52 0 33 1
268 62.56 20.21 1.53 84.59 1 22 1
269 64.59 81.81 27.20 289.01 6 45 1
270 71.48 61.64 6.85 122.07 22 31 1
271 16.57 43.23 23.18 437.25 13 20 1
272 58.71 21.69 45.84 295.80 0 1 1
273 22.71 76.90 37.41 246.13 23 29 1
274 98.75 71.87 9.91 194.83 19 32 1
275 14.16 59.98 23.53 162.73 23 34 1
276 67.65 10.82 1.29 385.94 24 36 1
277 17.47 85.03 41.71 136.57 20 33 1
278 80.67 17.98 49.18 60.48 20 42 1
279 54.50 94.36 46.58 395.07 11 25 1
280 29.65 9.51 14.08 381.52 18 44 1
281 72.55 1.80 0.02 128.93 9 34 1
282 54.45 78.66 18.81 404.07 24 27 1
283 85.00 29.65 17.32 488.10 8 46 1
284 53.50 40.95 29.11 50.22 3 10 1
285 42.57 71.02 13.66 98.23 8 37 1
286 90.28 29.27 17.66 168.56 10 21 1
287 73.73 96.53 24.32 179.22 16 29 1
288 23.09 43.35 14.64 465.10 13 34 1
289 76.33 72.03 21.15 252.29 10 14 1
290 76.10 68.68 10.94 261.52 3 42 1
291 30.61 12.76 16.69 281.24 8 16 1
292 73.72 3.25 34.19 364.54 21 44 1
293 34.26 78.42 8.95 461.24 6 6 1
294 41.86 90.17 14.42 130.23 22 30 1
295 78.48 77.08 23.38 295.09 8 47 1
296 51.36 14.71 11.92 469.87 22 37 1
297 9.58 83.57 44.45 75.75 10 18 1
298 63.11 58.52 30.70 95.91 3 4 1
299 55.25 6.60 35.30 143.68 2 10 1
300 56.95 73.41 30.33 349.50 2 31 1
301 38.18 13.66 3.18 89.06 8 25 1
302 19.42 12.63 43.94 214.92 4 23 1
303 62.62 26.34 12.37 141.71 20 43 1
304 50.72 67.57 26.71 491.16 11 11 1
305 38.08 88.13 43.19 292.46 15 44 1
306 75.45 81.44 48.58 236.03 11 46 1
307 65.25 44.86 37.85 108.63 18 19 1
308 69.27 55.54 13.60 55.84 24 28 1
309 11.45 2.72 8.42 273.77 12 35 1
310 17.14 19.89 30.95 77.52 3 44 1
311 50.74 89.29 27.55 291.57 10 32 1
312 52.67 95.99 38.04 386.34 18 47 1
313 38.39 90.51 25.36 410.98 14 22 1
314 53.41 51.81 1.00 463.99 7 32 1
315 50.51 18.97 28.44 142.94 18 43 1
316 44.17 0.40 24.91 491.77 6 33 1
317 17.51 46.78 49.79 164.03 15 31 1
318 38.75 99.03 26.16 426.61 24 38 1
319 93.16 13.54 0.87 461.60 8 45 1
320 13.27 73.69 38.00 423.56 24 25 1
321 6.72 64.53 31.29 124.09 8 35 1
322 63.81 26.06 26.45 419.93 6 34 1
323 65.09 0.65 46.38 305.29 21 26 1
324 43.52 67.82 4.75 193.17 9 43 1
325 30.44 5.44 38.18 438.12 24 37 1
326 70.73 83.93 2.30 122.05 5 35 1
327 78.89 35.85 27.08 480.47 21 24 1
328 36.39 49.09 5.81 185.70 2 42 1
329 17.77 42.43 2.04 290.54 20 34 1
330 56.34 56.97 47.75 496.24 16 44 1
331 47.40 29.16 41.02 81.35 3 12 1
332 81.90 88.71 7.26 477.97 10 12 1
333 19.12 70.95 21.78 446.99 19 27 1
334 61.43 31.57 13.62 307.03 10 13 1
335 1.71 66.13 42.65 90.84 3 46 1
336 13.21 81.02 5.38 372.94 9 41 1
337 80.22 45.86 19.42 394.09 12 35 1
338 62.40 2.54 46.90 141.43 1 38 1
339 97.03 97.62 30.69 267.47 2 47 1
340 14.31 51.42 44.28 412.59 20 20 1
341 19.34 29.74 47.76 143.97 4 31 1
342 93.40 72.55 12.52 320.53 14 34 1
343 98.10 33.73 18.42 306.46 17 30 1
344 7.31 14.30 43.11 325.39 14 39 1
345 99.14 68.02 1.03 403.31 8 24 1
346 64.56 39.02 42.53 161.06 9 29 1
347 5.75 94.75 30.77 377.03 18 34 1
348 96.96 99.12 8.18 192.81 20 36 1
349 23.90 40.95 1.62 472.03 16 43 1
350 47.46 54.88 4.69 105.02 12 48 1
351 56.58 19.34 33.67 253.19 15 24 1
352 27.91 80.84 16.81 273.70 1 29 1
353 57.72 11.41 42.13 283.92 3 28 1
354 71.10 88.92 11.14 286.76 21 42 1
355 6.10 77.52 23.36 79.53 3 34 1
356 72.24 77.93 10.18 439.16 15 29 1
357 11.43 23.11 28.03 285.92 1 8 1
358 93.39 49.60 44.68 366.54 5 13 1
359 45.77 15.11 17.01 105.76 16 46 1
360 32.71 23.01 28.53 221.31 14 17 1
361 13.29 18.20 27.01 348.12 3 10 1
362 2.63 72.52 27.94 433.56 19 48 1
363 2.71 67.05 43.94 338.04 12 27 1
364 38.19 15.28 18.80 379.35 10 41 1
365 88.14 60.09 47.50 219.56 16 46 1
366 27.99 27.77 30.62 294.27 24 29 1
367 30.49 50.89 32.46 58.64 11 30 1
368 85.62 19.13 21.21 385.52 20 47 1
369 50.07 52.21 23.42 473.02 6 27 1
370 60.06 8.33 34.69 487.68 4 27 1
371 8.95 96.32 32.52 374.64 8 46 1
372 90.72 8.94 44.91 184.21 5 22 1
373 70.26 61.19 24.12 222.04 20 45 1
374 27.98 30.77 32.69 68.64 24 44 1
375 30.48 81.34 6.35 163.53 18 48 1
376 21.82 72.06 15.62 437.47 1 33 1
377 98.96 89.06 33.58 375.92 4 21 1
378 28.89 39.26 0.71 297.42 9 14 1
379 51.26 23.52 3.98 240.73 16 43 1
380 58.96 22.24 35.85 276.64 23 26 1
381 27.84 56.87 32.15 286.64 20 27 1
382 38.84 70.89 4.38 97.30 7 37 1
383 12.88 18.78 45.06 60.34 0 9 1
384 97.83 23.31 36.22 364.09 1 4 1
385 41.87 1.09 13.50 198.28 23 31 1
386 52.22 81.42 46.02 196.23 22 30 1
387 64.96 88.30 21.75 81.20 0 21 1
388 98.12 37.73 19.70 171.98 18 25 1
389 32.67 51.81 17.85 90.83 19 22 1
390 70.87 25.52 26.23 121.16 12 15 1
391 54.78 63.48 22.84 307.61 24 46 1
392 56.67 58.24 2.16 107.42 3 28 1
393 11.51 11.96 15.49 144.16 22 36 1
394 77.37 92.03 8.07 54.98 24 46 1
395 82.23 72.52 46.61 221.74 14 37 1
396 75.93 74.91 47.91 62.14 20 38 1
397 23.37 38.41 36.87 193.74 2 16 1
398 16.60 80.16 36.63 420.88 22 32 1
399 14.15 53.69 42.76 352.79 15 18 1
400 62.09 50.11 24.28 293.35 5 14 1
1 173.30 4190.62 1
1 1.97 30.64 1
2 1.83 49.81 1
3 1.26 36.90 1
4 1.73 37.03 1
5 1.41 34.12 1
6 1.15 42.86 1
7 1.57 33.38 1
