Data for Vehicle routing problem with drones - Author: Huyen Do Thi Ngoc
Number of depots: 4
Number of cities: 100
Number of trucks: 9
Number of drones: 14
Area: 100 100 50
Customer maximum demand: 500
Max capacity of truck: 200
Max energy of truck: 5000
Max capacity of drone: 2
Max energy of drone: 50
1 66.28 37.98 38.98
2 20.12 44.74 44.93
3 90.00 88.27 12.11
4 42.73 46.99 4.96
1 2.72 54.56 31.95 422.01 16 22 4
2 45.56 83.03 17.78 328.15 23 42 2
3 58.12 9.56 14.38 494.17 12 28 2
4 52.18 16.32 25.07 55.37 8 16 1
5 26.08 20.37 34.68 227.45 8 48 3
6 88.77 92.02 47.37 235.59 0 30 2
7 83.70 18.22 36.58 140.47 7 34 4
8 58.75 98.39 23.56 182.50 17 24 3
9 12.25 63.64 35.69 462.58 7 43 3
10 58.71 24.07 23.75 440.64 4 43 3
11 10.44 42.08 9.33 226.59 17 48 1
12 96.27 84.25 10.05 100.89 8 42 3
13 26.28 74.62 9.01 260.29 4 32 1
14 33.40 15.52 5.93 98.06 22 26 3
15 41.82 4.63 8.50 94.92 2 26 2
16 61.46 74.86 23.06 475.18 14 31 4
17 93.40 92.49 46.37 58.79 7 24 4
18 13.54 18.03 37.52 387.93 16 18 3
19 14.91 33.60 43.90 218.01 22 48 1
20 68.67 22.02 49.69 173.38 9 20 4
21 93.20 89.43 25.13 403.50 15 34 2
22 94.23 38.81 25.43 89.50 5 14 1
23 41.75 53.43 49.88 235.22 0 16 1
24 97.46 36.12 2.37 411.13 14 45 3
25 82.44 32.55 21.38 478.25 14 43 1
26 41.06 22.98 8.96 484.54 21 28 1
27 77.56 92.88 29.47 289.56 22 31 4
28 92.66 64.28 47.51 400.19 15 21 1
29 69.55 1.71 17.81 82.43 14 34 1
30 63.68 81.69 49.67 116.21 13 43 4
31 96.36 57.74 43.04 179.67 20 48 1
32 88.58 31.94 40.08 231.24 9 33 4
33 60.04 58.52 28.87 289.39 17 44 2
34 95.21 85.24 41.58 285.16 23 35 3
35 31.55 3.90 10.74 318.23 11 26 1
36 37.73 30.36 21.16 230.09 16 47 3
37 38.69 69.17 34.97 289.96 23 31 2
38 79.73 1.45 28.33 126.30 10 34 3
39 50.45 75.67 49.08 303.69 10 18 3
40 99.66 12.93 48.16 109.24 3 37 2
41 88.75 53.64 40.09 223.69 12 30 1
42 15.57 33.18 20.53 352.49 6 36 3
43 40.67 99.18 43.05 197.43 23 34 1
44 8.24 14.71 43.73 344.02 6 30 3
45 16.01 0.48 46.53 478.36 13 24 1
46 83.67 6.79 38.16 75.59 14 42 1
47 28.74 60.28 7.27 111.33 6 47 1
48 50.17 2.55 45.46 465.91 21 36 1
49 56.98 58.76 46.04 352.71 15 28 1
50 96.25 23.27 6.74 385.44 8 9 1
51 99.39 10.53 21.64 73.47 17 22 4
52 60.05 49.00 29.46 257.45 2 37 2
53 37.17 14.01 42.52 328.71 11 23 1
54 56.44 55.31 31.64 55.85 19 24 1
55 13.46 51.34 8.26 438.36 1 48 2
56 79.82 87.06 18.04 461.12 9 45 3
57 6.87 93.64 44.58 313.53 0 39 3
58 36.02 21.19 37.42 438.52 2 35 2
59 86.30 84.66 8.59 334.54 20 26 4
60 45.47 35.72 14.31 83.27 10 22 4
61 13.72 34.64 6.99 483.51 4 21 1
62 9.62 91.78 36.01 275.80 15 23 4
63 15.99 30.69 44.77 70.75 1 48 1
64 38.07 55.86 13.70 93.21 5 27 2
65 37.08 82.59 35.15 130.79 0 3 4
66 97.36 99.54 48.37 304.37 7 47 3
67 48.31 68.91 12.61 463.38 0 17 4
68 96.63 35.21 21.29 175.45 15 17 2
69 82.24 32.34 41.86 269.25 24 42 3
70 34.44 58.52 13.63 220.74 7 8 2
71 51.27 44.98 17.25 326.01 13 46 4
72 94.10 76.29 6.37 340.89 19 20 2
73 6.43 49.81 19.73 439.22 10 20 3
74 69.13 2.78 1.26 277.81 18 33 4
75 73.54 23.79 49.74 349.20 0 22 2
76 22.95 43.25 45.07 120.55 19 19 4
77 25.81 54.54 33.01 355.21 5 7 3
78 80.02 97.23 14.07 407.74 5 5 2
79 41.47 57.65 11.27 70.82 22 37 1
80 86.65 88.98 24.31 264.13 3 10 2
81 23.96 40.21 35.62 201.39 10 14 1
82 68.78 87.65 49.05 180.75 21 31 4
83 50.98 29.22 37.07 97.67 8 42 4
84 62.68 96.83 14.20 433.77 15 20 2
85 6.29 18.61 39.14 151.75 21 23 2
86 72.70 13.64 24.27 321.76 3 9 1
87 24.66 89.65 49.31 140.83 20 26 1
88 65.02 15.88 38.76 261.06 9 43 1
89 78.72 73.67 14.26 256.99 1 9 3
90 28.92 89.63 31.64 115.80 2 28 4
91 45.88 12.39 7.49 173.12 23 23 4
92 88.77 25.48 30.36 308.02 8 38 1
93 63.77 2.54 15.32 452.29 24 46 4
94 24.48 25.04 2.22 325.76 11 47 2
95 36.57 61.81 34.36 444.42 21 38 4
96 51.17 73.85 15.74 442.17 2 11 1
97 52.55 68.11 41.08 480.75 9 41 3
98 75.60 45.07 36.54 69.42 5 43 2
99 61.01 45.88 14.00 175.77 15 16 4
100 66.10 53.50 20.29 176.23 10 36 3
1 191.98 4399.38 1
2 167.31 4075.53 2
3 136.89 4694.18 3
4 111.93 4369.50 4
5 162.77 2546.47 3
6 181.71 4628.84 2
7 189.44 3212.40 1
8 119.76 3772.65 2
9 133.69 4887.19 1
1 1.34 45.87 2
2 1.11 25.58 5
3 1.81 40.71 5
4 1.51 48.84 4
5 1.81 40.31 2
6 1.54 40.33 2
7 1.38 45.33 1
8 1.70 30.47 4
9 1.72 33.38 1
10 1.62 26.21 3
11 1.71 36.77 3
12 1.78 35.03 5
13 1.03 49.61 8
14 1.34 36.90 6
