Data for Vehicle routing problem with drones - Author: Huyen Do Thi Ngoc
Number of depots: 3
Number of cities: 200
Number of trucks: 8
Number of drones: 10
Area: 100 100 50
Customer maximum demand: 500
Max capacity of truck: 200
Max energy of truck: 5000
Max capacity of drone: 2
Max energy of drone: 50
1 80.33 51.69 9.97
2 24.99 68.47 45.23
3 57.82 23.41 47.43
1 6.83 41.91 21.81 311.12 18 27 1
2 48.54 77.80 48.07 206.72 11 12 2
3 58.51 21.90 37.57 360.40 23 29 1
4 43.80 63.40 21.10 116.96 11 24 1
5 55.43 79.62 11.96 489.36 16 17 3
6 43.59 77.99 47.86 162.88 8 36 3
7 18.53 49.05 1.37 167.48 14 36 2
8 7.69 94.67 0.84 330.22 1 27 2
9 90.77 88.68 46.03 217.83 6 14 1
10 84.73 71.89 27.16 156.83 17 47 3
11 97.21 70.91 19.86 145.96 5 29 3
12 82.28 92.93 27.96 379.54 3 12 3
13 36.35 96.97 42.85 409.68 24 30 2
14 41.33 10.27 19.82 165.42 4 7 2
15 11.03 23.71 16.43 330.29 13 24 3
16 3.68 63.26 41.29 229.41 10 39 1
17 3.07 76.93 10.46 190.58 1 26 2
18 87.87 23.97 30.43 415.47 7 29 2
19 98.83 62.23 18.40 114.80 22 37 3
20 41.10 73.64 44.45 89.24 5 7 2
21 66.25 95.60 23.32 229.16 18 24 3
22 24.31 20.77 11.12 157.12 19 44 3
23 93.00 66.01 43.02 483.15 11 48 3
24 89.70 70.46 6.71 430.91 12 16 2
25 89.52 97.15 43.24 250.06 23 37 3
26 44.95 99.56 0.14 57.24 13 25 2
27 54.66 24.70 3.75 115.16 4 45 2
28 39.02 91.43 9.43 459.90 14 42 2
29 76.79 62.09 18.73 231.56 18 43 2
30 90.66 85.21 19.51 199.45 2 25 3
31 74.99 78.64 34.66 80.21 3 39 2
32 58.26 81.09 31.26 194.08 10 43 3
33 91.32 59.38 27.93 212.24 13 45 2
34 52.86 63.19 22.19 481.83 20 36 1
35 83.74 86.31 2.99 276.33 19 34 1
36 49.22 3.08 3.25 491.85 23 23 1
37 78.70 11.91 30.08 85.03 2 32 1
38 4.14 30.19 48.62 105.01 13 35 3
39 32.64 90.15 46.52 147.69 21 41 1
40 55.52 10.66 13.73 455.06 8 31 2
41 82.54 31.21 4.46 295.35 20 20 3
42 94.68 1.35 43.89 273.25 7 11 2
43 38.64 71.53 45.87 394.51 15 29 3
44 11.61 22.18 5.32 100.41 6 39 3
45 98.70 14.49 39.56 384.56 9 24 1
46 18.87 67.69 18.91 297.40 12 27 2
47 12.23 8.22 45.15 238.92 2 13 2
48 25.16 58.30 36.90 487.03 22 42 3
49 69.35 17.85 4.32 200.28 21 29 2
50 5.43 10.71 38.19 444.85 23 43 2
51 38.57 7.27 48.85 138.32 11 19 1
52 7.36 89.14 35.13 409.20 20 39 2
53 23.65 30.70 26.80 476.04 21 31 3
54 1.96 92.39 0.97 334.29 0 45 2
55 32.86 95.91 15.34 452.74 13 45 2
56 78.40 21.30 21.83 120.32 17 23 1
57 4.73 0.91 39.68 440.52 24 46 3
58 41.13 56.18 24.90 151.73 3 17 3
59 22.85 27.29 12.24 176.73 5 10 2
60 70.45 55.64 7.48 56.41 5 30 3
61 89.17 90.80 10.43 143.54 0 12 3
62 18.08 93.92 15.49 68.17 24 32 3
63 67.39 85.25 9.72 487.78 22 35 1
64 87.83 63.44 9.18 482.42 7 17 3
65 54.22 64.84 38.00 414.09 15 29 1
66 53.07 19.54 41.18 345.59 2 47 3
67 96.51 89.88 28.59 229.94 22 47 2
68 47.23 65.56 11.56 437.36 19 45 1
69 9.94 70.93 3.67 180.50 8 13 2
70 69.55 18.18 41.70 322.29 5 16 3
71 67.12 63.11 19.55 110.76 13 20 1
72 33.91 18.02 46.24 95.83 24 41 3
73 33.73 97.43 49.33 124.02 21 47 3
74 97.13 79.87 0.46 294.41 16 46 2
75 87.14 75.66 46.63 399.50 18 38 2
76 46.45 77.36 16.21 228.76 16 22 3
77 33.93 11.08 5.38 76.92 6 16 2
78 50.88 91.23 18.56 136.39 10 18 1
79 87.57 46.46 30.47 160.07 22 26 2
80 24.09 15.46 37.50 491.11 3 39 3
81 97.46 72.34 35.18 384.44 16 21 2
82 52.29 63.43 19.38 82.88 12 43 2
83 28.76 48.75 43.86 188.29 21 44 1
84 75.37 5.06 34.31 133.74 7 24 2
85 18.56 21.55 4.35 258.96 15 37 3
86 40.26 20.73 32.91 343.82 18 25 3
87 4.76 93.99 13.72 176.32 18 23 2
88 55.26 62.71 39.73 450.68 5 19 2
89 3.20 80.58 21.19 243.79 9 25 2
90 8.34 19.54 28.25 431.97 19 20 2
91 13.88 12.47 44.15 390.05 1 43 3
92 75.65 45.22 30.88 332.41 9 10 1
93 93.10 30.68 2.81 329.27 8 8 1
94 10.92 73.67 25.29 473.91 13 25 3
95 26.18 18.23 7.38 205.26 6 8 1
96 79.45 79.10 47.24 189.83 18 19 3
97 98.44 85.82 49.40 397.34 24 41 2
98 33.96 47.75 37.72 229.57 20 28 3
99 43.06 69.35 12.47 108.11 2 14 3
100 6.84 21.12 15.01 496.51 1 8 2
101 99.58 24.57 19.29 205.94 21 33 3
102 39.90 28.46 39.88 356.16 16 48 1
103 93.61 81.58 30.60 323.61 9 18 3
104 29.53 25.29 27.74 326.05 19 23 1
105 97.52 51.84 42.55 427.89 1 21 3
106 67.20 26.94 11.52 253.33 18 36 2
107 23.44 29.02 24.53 461.71 13 35 1
108 98.53 95.11 12.89 190.26 13 19 1
109 8.72 97.83 4.62 430.57 0 28 1
110 91.15 40.51 20.73 167.45 23 45 1
111 22.66 25.39 36.01 203.00 8 27 2
112 40.38 73.40 0.85 115.23 17 34 1
113 29.42 95.71 10.31 396.45 20 43 2
114 34.04 44.45 32.06 116.43 22 25 3
115 62.35 46.65 32.29 480.43 11 25 1
116 82.19 98.20 26.42 467.26 16 29 2
117 47.24 83.63 42.25 218.22 1 3 2
118 56.07 56.31 18.53 387.73 20 36 3
119 28.81 39.33 46.03 122.14 3 25 2
120 52.77 86.56 41.12 286.93 3 36 3
121 41.49 89.28 40.75 400.79 3 45 2
122 26.94 2.74 38.30 156.20 6 10 1
123 39.21 79.33 11.41 214.76 11 43 2
124 28.38 38.76 14.37 339.52 23 35 2
125 68.64 26.07 19.11 102.28 1 37 3
126 50.93 19.57 44.83 135.47 13 24 3
127 62.98 49.66 49.11 204.39 21 27 3
128 25.53 59.20 8.53 193.88 10 19 2
129 98.01 40.65 24.40 76.90 17 35 1
130 52.24 37.94 36.75 152.47 13 43 2
131 55.61 16.69 25.94 258.67 13 18 3
132 30.47 67.22 16.73 365.60 3 4 2
133 47.34 20.89 25.77 248.32 21 39 1
134 95.22 77.37 15.58 112.70 24 37 1
135 75.73 32.21 35.44 433.84 0 47 2
136 29.10 43.87 26.13 445.40 7 45 1
137 21.90 69.24 0.08 379.10 14 21 1
138 39.16 19.70 38.83 290.47 21 29 1
139 32.10 0.25 2.08 341.42 7 17 2
140 23.82 93.70 46.28 318.86 4 26 2
141 62.78 94.33 35.12 198.68 19 32 2
142 19.04 54.30 35.97 94.14 7 27 3
143 86.75 72.41 4.73 244.18 13 44 3
144 31.41 8.42 22.99 333.01 5 11 2
145 55.20 95.24 5.06 184.76 2 3 2
146 72.69 32.17 11.72 221.38 20 39 2
147 3.26 98.58 41.69 191.66 0 26 1
148 7.84 77.57 30.00 118.23 4 45 2
149 89.91 89.17 20.74 302.08 9 47 2
150 73.56 92.02 8.35 302.35 14 23 1
151 16.55 87.38 18.76 238.62 24 30 1
152 35.38 7.99 9.32 73.92 5 47 3
153 27.73 19.19 25.99 458.71 11 27 1
154 14.25 10.46 26.34 308.64 6 34 3
155 14.56 73.75 45.45 370.54 15 29 3
156 82.43 39.78 22.95 58.91 8 40 1
157 44.01 14.36 22.22 293.68 1 46 2
158 21.21 79.07 2.60 210.06 7 46 1
159 15.54 96.56 6.06 171.01 7 47 2
160 32.03 83.90 41.11 386.27 14 40 1
161 22.49 2.33 47.06 361.07 9 43 1
162 13.06 87.43 18.70 169.80 23 25 2
163 49.06 23.79 30.07 392.20 16 16 1
164 1.21 74.72 44.82 391.79 13 46 2
165 65.12 20.96 1.88 186.58 13 31 2
166 55.94 59.59 19.96 186.13 2 48 2
167 40.26 85.26 41.02 482.68 6 13 3
168 77.95 88.42 10.01 349.42 16 29 2
169 7.60 16.83 6.87 149.68 9 41 3
170 42.18 7.58 46.41 425.96 24 43 2
171 30.26 14.51 8.83 169.51 2 23 3
172 14.99 49.31 46.05 102.50 13 43 2
173 77.28 7.78 21.26 289.82 22 32 2
174 57.13 14.18 20.09 321.65 10 45 3
175 28.13 14.45 44.31 315.95 5 14 1
176 3.69 8.45 26.26 436.86 9 47 1
177 14.13 77.73 26.81 226.68 18 44 1
178 43.60 99.20 42.03 285.91 1 13 3
179 80.24 69.46 43.78 227.04 20 44 3
180 22.30 78.75 43.62 183.35 21 33 2
181 66.24 51.93 6.25 315.94 17 41 2
182 70.67 93.26 31.67 419.87 16 48 2
183 15.39 88.66 21.28 249.37 8 9 3
184 76.56 45.67 44.99 128.51 11 31 1
185 54.27 73.50 47.90 186.65 19 36 1
186 37.21 75.52 15.16 414.98 5 12 2
187 42.00 98.72 1.66 375.33 19 24 1
188 3.54 32.28 13.48 223.03 6 18 3
189 39.67 44.58 2.79 476.76 24 37 1
190 0.34 93.17 7.29 475.94 19 23 1
191 9.45 92.48 23.01 337.87 0 39 1
192 27.97 60.09 29.08 494.25 13 41 3
193 40.32 10.10 20.95 226.01 6 33 3
194 45.00 98.46 12.61 313.16 4 38 2
195 81.98 63.63 0.95 169.48 17 25 3
196 4.85 16.24 25.90 322.13 2 9 3
197 69.71 13.51 32.79 300.02 2 35 2
198 8.70 30.69 44.78 91.98 11 43 2
199 85.16 16.67 31.47 266.29 17 34 3
200 12.52 23.16 12.44 94.96 21 27 1
1 108.68 3676.10 1
2 109.58 3167.99 2
3 173.50 2597.91 3
4 127.78 2873.56 3
5 194.74 4612.25 2
6 179.58 3825.83 3
7 114.90 3251.87 2
8 107.22 4152.08 2
1 1.98 28.07 3
2 1.71 34.83 3
3 1.87 35.78 7
4 1.87 47.92 6
5 1.38 40.66 7
6 1.12 33.25 2
7 1.77 27.89 3
8 1.72 33.96 6
9 1.38 39.31 7
10 1.23 31.04 8
