Data for Vehicle routing problem with drones - Author: Huyen Do Thi Ngoc
Number of depots: 5
Number of cities: 300
Number of trucks: 9
Number of drones: 9
Area: 100 100 50
Customer maximum demand: 500
Max capacity of truck: 200
Max energy of truck: 5000
Max capacity of drone: 2
Max energy of drone: 50
1 47.69 17.14 43.00
2 88.24 42.25 42.76
3 0.78 90.91 15.40
4 21.96 90.79 26.79
5 79.46 7.59 41.61
1 60.53 56.34 30.09 85.50 12 44 3
2 3.35 91.33 5.17 403.81 17 33 2
3 90.04 4.87 35.57 358.09 21 29 3
4 58.00 19.00 13.40 217.43 13 33 4
5 14.94 70.24 45.20 278.46 8 26 2
6 44.81 11.01 12.23 85.18 21 47 3
7 54.57 38.80 3.28 52.68 0 47 1
8 72.54 7.09 26.38 304.68 12 21 5
9 88.05 72.98 44.95 138.32 22 31 2
10 10.90 61.41 7.56 88.05 14 18 4
11 26.65 74.75 11.44 141.38 11 46 2
12 87.18 15.99 26.59 371.78 15 45 3
13 13.44 18.99 0.05 248.66 14 36 5
14 4.73 62.67 37.38 159.40 22 41 2
15 84.81 97.38 0.76 120.55 4 29 5
16 31.71 82.81 19.74 349.65 23 28 2
17 67.76 99.60 11.43 82.53 22 39 5
18 3.03 34.65 41.60 195.37 6 13 2
19 25.35 26.65 39.84 60.56 5 34 3
20 41.63 17.23 8.40 147.74 1 21 3
21 31.13 21.14 17.34 235.03 6 22 5
22 78.53 2.38 17.45 317.32 24 38 2
23 42.20 0.96 32.79 255.03 8 32 5
24 40.05 14.55 43.06 70.09 10 10 1
25 22.47 60.65 12.26 357.13 5 10 5
26 90.46 93.56 0.60 225.06 0 15 3
27 1.86 69.78 3.20 100.68 24 45 2
28 97.21 73.52 31.96 100.17 5 10 2
29 50.59 98.48 5.68 343.89 21 32 4
30 83.76 48.71 47.61 186.21 5 17 4
31 1.76 7.09 30.19 106.97 7 42 4
32 44.59 41.09 7.70 265.08 20 37 5
33 65.95 40.13 3.03 199.20 4 5 4
34 61.07 24.56 2.38 152.90 6 24 1
35 78.98 92.02 30.21 203.65 10 43 4
36 11.33 98.91 34.50 474.06 24 47 4
37 72.70 10.18 47.69 475.74 10 38 2
38 17.40 7.70 47.62 497.44 2 8 2
39 18.20 12.86 21.89 177.70 13 23 3
40 83.76 54.48 42.79 279.54 0 8 5
41 6.57 54.20 3.74 68.92 15 26 3
42 42.51 94.76 49.00 261.97 15 27 1
43 31.07 75.63 14.50 55.00 9 26 2
44 10.51 25.75 13.24 399.82 19 34 1
45 26.91 96.19 16.73 267.43 22 42 1
46 96.53 65.22 6.84 497.34 1 37 5
47 96.67 94.33 41.86 185.14 0 14 4
48 35.57 7.18 2.87 66.19 20 28 4
49 87.26 4.74 2.02 149.96 16 40 1
50 10.75 16.79 17.20 184.39 10 41 5
51 87.48 89.55 44.29 391.57 12 27 2
52 15.54 17.34 30.31 351.00 5 44 3
53 71.86 34.53 22.22 162.80 10 21 5
54 92.69 47.11 17.74 53.59 2 27 1
55 65.72 88.61 1.75 320.62 4 24 3
56 43.59 17.08 3.49 327.54 3 30 4
57 82.66 45.61 13.06 267.39 9 37 5
58 38.47 88.02 16.88 349.40 20 27 1
59 97.64 69.72 30.83 297.85 4 42 5
60 98.51 46.92 48.13 63.71 3 17 4
61 34.22 79.50 11.26 214.39 15 37 5
62 51.11 14.21 22.77 380.14 10 17 3
63 43.52 81.26 18.14 105.90 0 1 3
64 56.52 11.67 41.83 441.53 10 38 1
65 83.01 95.07 12.54 289.53 7 9 1
66 37.12 15.36 33.98 257.62 22 48 5
67 91.89 40.24 47.20 52.35 22 44 1
68 93.18 1.44 40.22 459.01 24 27 3
69 14.39 76.83 21.27 95.04 12 23 2
70 13.31 36.79 20.91 176.13 2 13 5
71 9.20 50.13 14.33 414.60 5 44 4
72 31.88 32.83 16.68 84.08 22 44 2
73 87.57 23.44 12.61 53.38 5 41 2
74 47.37 27.80 10.26 61.99 4 47 4
75 66.62 90.64 38.81 400.59 13 25 4
76 60.30 37.55 27.96 466.31 6 25 3
77 2.80 43.59 14.63 442.15 20 35 5
78 53.62 31.44 0.72 64.08 1 38 1
79 91.59 40.58 1.33 328.31 3 12 3
80 8.37 52.10 44.96 117.17 2 9 4
81 7.83 11.81 8.85 420.85 23 34 3
82 27.98 95.25 37.98 400.30 14 45 3
83 61.55 35.84 13.20 474.30 10 24 4
84 83.85 32.95 17.09 52.79 15 37 2
85 14.32 60.21 4.11 337.70 7 12 1
86 30.47 4.13 41.65 180.93 21 41 3
87 75.25 9.03 14.29 141.64 18 30 2
88 97.51 46.63 0.12 195.07 22 46 5
89 70.07 59.86 40.04 167.91 1 7 1
90 71.37 3.09 33.85 290.64 22 34 5
91 76.64 43.26 19.23 374.90 19 32 4
92 99.17 44.73 29.01 191.14 21 28 1
93 22.68 54.43 31.55 402.27 15 39 2
94 1.12 16.63 19.23 125.82 24 29 3
95 87.18 71.48 24.82 356.58 15 38 1
96 46.90 13.13 23.65 293.41 8 14 3
97 50.92 58.23 24.22 432.69 10 36 1
98 94.56 24.90 43.54 253.05 17 27 5
99 62.75 86.73 8.24 319.82 2 39 1
100 20.02 67.46 14.75 296.06 9 27 3
101 47.19 35.09 29.56 158.16 19 29 4
102 89.87 83.62 45.00 304.11 18 29 1
103 24.78 51.71 11.68 239.87 5 6 3
104 43.24 44.91 20.67 366.92 15 41 4
105 92.63 45.51 37.55 330.29 3 39 2
106 63.73 18.66 34.10 182.84 18 26 1
107 73.33 36.58 38.39 102.54 2 40 3
108 41.21 10.56 18.33 284.72 10 46 5
109 45.23 21.45 4.47 456.32 5 37 5
110 72.64 18.73 32.83 172.44 21 24 5
111 58.49 1.90 31.51 356.52 18 32 5
112 40.74 10.38 46.47 215.10 12 14 3
113 38.30 65.45 8.24 151.70 1 46 3
114 70.98 10.39 32.79 141.54 6 41 4
115 75.31 1.08 17.75 262.40 18 44 5
116 1.20 66.31 33.40 363.20 17 35 2
117 48.98 40.67 47.08 331.02 19 22 3
118 55.98 7.42 26.22 63.73 1 47 4
119 56.49 96.67 4.67 223.51 19 42 2
120 24.67 1.03 46.22 87.60 8 19 5
121 20.42 92.46 14.21 116.87 2 3 5
122 23.02 54.62 44.58 229.22 17 48 1
123 8.31 77.21 42.54 313.81 10 31 5
124 99.53 22.97 3.00 499.18 20 31 3
125 64.26 42.88 41.45 427.09 23 35 5
126 70.14 58.59 16.10 283.63 10 13 1
127 92.17 90.09 11.17 480.49 22 39 4
128 30.11 99.42 27.64 395.41 11 25 3
129 97.71 93.66 38.99 83.70 2 5 2
130 29.54 26.53 48.52 486.13 19 23 2
131 96.12 91.89 29.23 286.91 13 24 5
132 69.48 29.64 29.20 387.86 19 20 5
133 33.96 80.70 36.35 266.34 18 26 3
134 26.87 62.33 22.97 349.80 11 17 2
135 72.38 66.80 10.18 375.61 10 18 2
136 26.74 38.30 39.03 396.46 16 37 5
137 46.90 56.55 28.35 240.84 12 37 4
138 61.61 47.15 5.57 298.56 3 39 1
139 66.03 90.09 46.41 168.91 8 48 3
140 69.26 33.46 16.50 78.65 23 32 1
141 9.42 33.00 35.11 212.56 17 44 2
142 22.06 50.35 33.61 125.97 12 19 3
143 26.81 13.14 44.34 84.42 19 34 4
144 80.26 35.81 4.16 132.33 1 18 5
145 79.93 66.63 15.59 236.03 10 28 1
146 1.26 46.59 0.45 477.61 7 33 3
147 20.53 42.24 16.11 314.53 7 23 1
148 25.96 23.86 18.09 429.40 16 23 3
149 57.45 35.69 26.14 391.60 9 39 2
150 13.97 99.62 6.90 464.28 5 32 5
151 31.58 1.51 17.44 290.74 14 44 3
152 22.17 2.95 0.31 174.46 15 17 5
153 66.79 27.99 32.79 98.33 1 3 5
154 36.61 61.06 9.51 387.64 21 46 3
155 36.14 94.14 6.29 331.84 15 15 4
156 22.36 48.94 24.22 451.86 3 40 5
157 68.25 51.38 1.70 448.12 17 44 2
158 0.36 77.16 2.71 60.19 14 47 2
159 93.79 15.24 17.40 260.73 1 18 1
160 67.43 11.12 41.42 358.28 11 32 2
161 58.80 19.73 33.65 172.41 24 44 4
162 13.87 7.39 40.37 77.77 4 22 5
163 8.21 57.98 11.21 187.56 1 26 4
164 98.22 86.11 21.10 354.76 6 11 1
165 92.85 0.54 21.68 281.99 13 46 1
166 42.55 55.58 37.94 308.92 16 19 1
167 78.78 70.22 9.58 252.53 3 41 3
168 73.79 79.73 13.10 96.64 9 30 3
169 74.15 0.25 16.61 421.60 3 37 5
170 11.04 49.37 22.64 360.11 3 34 3
171 15.99 68.68 23.40 376.13 1 35 2
172 34.42 12.67 48.58 227.33 9 40 5
173 45.93 71.05 34.78 332.31 12 34 3
174 3.95 75.96 8.02 244.87 0 40 3
175 93.96 70.53 28.41 231.02 22 38 4
176 27.91 29.55 3.32 80.88 15 24 3
177 20.26 25.83 3.74 198.97 15 22 3
178 94.66 22.59 0.68 254.40 23 23 4
179 87.05 84.54 8.48 299.17 6 41 1
180 95.09 49.43 27.27 349.77 14 17 1
181 56.56 83.94 16.90 85.91 8 26 1
182 16.48 86.15 37.94 332.14 22 47 1
183 38.69 3.31 37.35 418.49 1 31 4
184 3.31 2.78 22.61 386.31 14 32 3
185 95.30 62.01 20.45 189.21 5 13 2
186 44.29 89.39 23.65 324.22 11 48 5
187 96.98 84.66 24.30 374.34 9 20 1
188 98.44 79.23 1.69 103.83 8 48 1
189 57.85 48.48 5.66 174.74 9 24 1
190 51.70 43.58 23.75 188.83 5 16 3
191 73.95 94.38 6.26 219.20 24 44 3
192 55.05 44.27 14.55 481.04 12 34 1
193 23.41 58.07 18.24 362.89 16 26 3
194 77.99 45.04 23.21 372.41 12 20 4
195 19.75 52.55 10.91 411.75 15 23 5
196 12.92 19.57 32.88 409.87 1 12 5
197 76.02 99.24 1.56 58.39 19 26 5
198 42.44 26.43 9.67 425.02 6 45 3
199 95.58 69.23 25.54 284.46 4 7 4
200 57.04 82.92 17.97 173.59 8 40 5
201 66.27 65.53 39.92 144.89 6 48 5
202 69.45 1.17 23.41 305.50 14 48 3
203 32.50 36.42 37.30 286.84 1 30 3
204 10.19 98.57 6.62 80.88 7 13 2
205 57.03 1.63 33.39 409.51 6 38 4
206 74.67 55.31 2.49 497.06 1 27 5
207 71.05 5.01 6.41 119.23 2 48 2
208 80.54 99.55 26.47 96.61 21 22 2
209 18.80 90.08 4.91 295.93 5 29 2
210 88.90 2.96 44.15 467.63 21 47 2
211 2.78 77.97 48.51 372.42 24 25 2
212 42.49 52.31 21.05 396.00 4 28 2
213 43.75 87.07 45.05 133.44 23 31 2
214 77.44 82.56 15.03 53.16 8 24 3
215 55.46 21.45 20.25 382.26 24 35 3
216 49.02 97.58 45.90 132.61 0 42 2
217 55.72 8.38 45.20 246.56 23 43 3
218 64.43 85.97 11.25 270.35 24 41 1
219 88.64 74.70 8.86 434.17 1 31 1
220 98.95 75.08 17.98 82.84 23 28 4
221 51.57 94.98 28.49 476.65 17 30 1
222 48.59 40.40 36.76 469.30 7 7 5
223 9.63 30.02 44.31 162.14 14 44 4
224 24.33 66.32 46.34 260.68 20 46 2
225 72.22 44.98 24.54 70.45 22 39 5
226 97.18 16.99 17.41 62.06 5 21 3
227 9.61 21.25 32.77 411.76 10 37 3
228 43.81 92.11 36.02 379.64 14 27 1
229 71.35 89.83 13.08 415.89 8 27 1
230 11.80 7.37 2.63 76.32 9 11 4
231 30.70 33.29 37.88 371.80 11 38 4
232 10.57 88.74 16.28 496.83 22 28 2
233 56.41 23.81 16.20 400.41 14 21 1
234 15.72 29.88 23.98 398.55 1 36 1
235 24.19 46.33 1.48 146.92 0 28 4
236 4.16 95.30 10.52 337.34 17 35 2
237 26.16 0.66 25.81 427.13 21 44 2
238 96.21 37.49 43.26 411.26 19 30 5
239 47.72 55.28 2.25 272.08 19 38 5
240 54.91 57.05 44.74 120.50 10 31 5
241 15.20 92.09 34.12 57.33 17 39 1
242 78.20 39.50 5.84 416.57 11 38 3
243 30.40 46.71 26.69 312.51 6 9 3
244 29.79 24.51 10.15 111.74 11 12 2
245 86.28 46.98 31.92 248.53 6 31 3
246 0.43 55.09 39.70 380.93 18 45 3
247 24.95 23.18 0.25 373.27 23 30 4
248 3.95 94.95 22.30 359.35 6 42 1
249 2.54 48.23 10.97 152.50 7 47 3
250 63.98 96.72 34.12 434.28 4 25 2
251 76.04 41.32 8.87 201.44 21 32 3
252 85.50 51.31 48.30 180.36 18 30 5
253 79.11 66.33 36.37 129.02 11 19 4
254 98.56 91.50 37.48 286.15 2 22 1
255 74.77 64.10 34.96 493.19 14 41 5
256 67.76 95.54 36.23 205.51 6 7 1
257 50.80 3.19 25.76 138.23 11 17 3
258 90.43 21.52 15.92 414.99 19 43 1
259 38.84 84.76 28.16 94.40 21 30 5
260 71.78 45.18 37.71 107.08 4 36 4
261 59.31 62.04 24.76 111.89 1 42 5
262 17.52 67.58 8.08 55.96 22 42 1
263 24.55 48.91 14.46 178.26 23 43 4
264 32.49 97.87 13.24 493.44 9 38 4
265 14.99 14.00 3.07 89.22 1 1 5
266 38.57 81.52 11.29 362.75 9 19 1
267 35.26 7.22 16.52 415.63 13 16 3
268 58.22 97.57 37.25 191.46 0 2 2
269 59.55 65.73 49.22 97.77 9 42 3
270 54.40 42.74 1.31 378.89 15 25 1
271 34.56 58.25 17.53 475.11 2 37 4
272 23.87 73.02 19.30 266.70 17 47 3
273 88.27 94.59 12.44 274.36 7 37 5
274 3.93 26.79 23.96 425.40 16 26 5
275 51.52 2.07 33.02 173.91 12 35 3
276 19.97 48.26 33.39 298.11 14 32 1
277 78.07 52.38 12.72 498.73 4 45 4
278 15.45 98.72 20.52 383.70 21 29 1
279 89.51 29.15 40.20 72.52 7 36 2
280 36.94 50.29 10.91 426.48 7 35 5
281 23.12 67.03 24.64 215.70 23 34 2
282 84.68 55.49 44.65 293.83 13 24 4
283 13.90 11.24 5.03 365.57 12 16 1
284 38.56 51.92 11.45 67.84 9 12 5
285 74.29 56.53 37.05 191.23 19 41 2
286 94.58 66.15 5.57 116.29 13 44 3
287 27.03 58.15 22.79 117.29 14 19 1
288 2.83 86.45 38.99 461.70 18 28 2
289 9.27 2.35 11.54 308.24 15 38 1
290 15.35 33.91 45.53 444.74 16 37 1
291 25.96 63.37 49.11 230.66 3 18 4
292 57.42 46.39 1.83 86.86 3 27 3
293 3.00 84.18 2.59 171.08 23 34 2
294 72.16 34.76 0.85 269.63 15 21 2
295 54.00 7.94 42.33 388.95 1 19 5
296 50.85 18.37 7.59 129.89 24 24 1
297 27.42 18.33 9.00 101.39 4 41 3
298 56.28 64.27 37.72 352.14 15 21 2
299 64.87 43.27 38.61 102.83 13 16 5
300 87.54 74.37 48.52 293.49 3 21 2
1 116.42 4085.71 1
2 185.47 3238.25 2
3 114.34 3331.37 3
4 176.25 2890.16 4
5 109.89 3545.98 5
6 135.33 4703.49 1
7 110.30 3359.48 4
8 148.46 2775.10 2
9 128.89 4439.80 2
1 1.33 25.87 3
2 1.02 25.37 5
3 1.57 29.87 2
4 1.31 46.36 9
5 1.07 34.76 4
6 1.84 48.60 3
7 1.46 35.08 9
8 1.59 43.06 4
9 1.66 35.11 9
