Data for Vehicle routing problem with drones - Author: Huyen Do Thi Ngoc
Number of depots: 1
Number of cities: 100
Number of trucks: 6
Number of drones: 7
Area: 100 100 50
Customer maximum demand: 500
Max capacity of truck: 200
Max energy of truck: 5000
Max capacity of drone: 2
Max energy of drone: 50
1 32.44 92.35 10.62
1 88.37 76.50 17.62 83.53 15 40 1
2 61.81 30.05 49.50 98.48 15 47 1
3 29.24 25.45 9.41 455.14 23 30 1
4 98.98 72.18 16.57 412.02 23 28 1
5 98.13 18.28 33.11 204.76 9 17 1
6 27.96 17.01 24.05 320.13 13 45 1
7 11.91 73.60 41.33 372.24 10 20 1
8 17.71 11.50 31.24 416.47 6 47 1
9 71.70 89.25 0.93 421.16 12 29 1
10 57.58 95.35 15.81 112.66 5 45 1
11 99.75 46.69 37.55 148.44 13 40 1
12 64.79 23.58 36.37 83.09 8 25 1
13 94.40 83.22 34.44 325.66 8 8 1
14 64.52 4.36 4.96 496.16 22 48 1
15 18.68 36.72 22.74 297.01 8 23 1
16 8.79 7.42 39.22 338.00 23 33 1
17 72.84 81.39 19.47 395.03 11 39 1
18 60.59 94.56 27.00 54.90 10 29 1
19 64.27 27.79 31.41 142.98 8 19 1
20 44.40 86.03 9.81 420.06 7 12 1
21 39.12 67.81 19.74 267.89 12 35 1
22 96.35 53.67 29.47 434.23 17 31 1
23 33.68 47.60 9.15 206.41 12 22 1
24 74.81 97.06 6.00 272.51 21 39 1
25 16.32 62.13 3.10 99.84 16 20 1
26 4.72 66.31 30.51 353.49 14 28 1
27 97.45 27.42 25.14 111.84 2 13 1
28 29.71 87.14 38.43 330.26 23 42 1
29 25.08 78.88 19.94 184.01 22 37 1
30 16.57 51.50 31.25 428.47 9 42 1
31 6.85 94.46 48.18 452.46 14 20 1
32 59.89 34.67 20.28 91.63 3 12 1
33 76.24 85.89 47.14 467.63 3 35 1
34 61.52 7.49 30.19 344.40 15 33 1
35 66.23 80.26 32.23 290.52 22 36 1
36 48.54 15.20 49.32 257.17 13 40 1
37 57.35 63.95 35.29 273.95 2 38 1
38 60.66 95.42 21.90 263.26 5 35 1
39 54.81 62.46 41.40 380.20 23 45 1
40 35.04 44.93 48.29 220.56 22 41 1
41 38.18 62.39 45.65 299.22 5 27 1
42 12.77 91.38 43.55 311.81 7 7 1
43 3.36 51.53 0.79 243.96 3 45 1
44 92.73 95.85 42.79 454.79 14 26 1
45 58.11 23.64 33.62 185.44 19 21 1
46 25.67 67.62 27.27 267.01 4 36 1
47 72.13 47.70 26.84 313.30 1 8 1
48 14.17 76.63 22.89 207.90 6 24 1
49 39.23 12.47 2.72 242.76 15 22 1
50 85.27 88.21 49.88 370.79 15 43 1
51 90.34 80.79 20.68 351.57 2 8 1
52 25.86 51.58 23.50 399.32 23 46 1
53 17.32 77.01 45.11 139.50 2 28 1
54 59.66 51.72 3.11 463.17 24 44 1
55 60.85 88.22 27.79 82.60 7 16 1
56 23.36 35.56 29.33 415.06 0 38 1
57 43.62 76.15 25.50 112.69 20 27 1
58 88.92 72.03 34.18 323.73 23 30 1
59 84.87 80.32 36.42 196.58 1 12 1
60 37.33 42.58 48.96 462.06 11 42 1
61 14.10 48.46 6.55 249.49 1 33 1
62 41.16 9.68 36.61 409.99 19 28 1
63 3.09 44.70 15.23 282.67 12 22 1
64 52.53 5.47 24.97 386.97 5 24 1
65 80.24 29.90 43.99 229.09 5 26 1
66 50.78 52.53 24.94 459.35 17 45 1
67 61.49 6.41 31.16 413.40 20 39 1
68 82.55 75.26 14.27 168.70 18 32 1
69 10.01 55.56 11.12 334.13 4 42 1
70 80.94 84.43 36.48 201.99 23 34 1
71 33.03 51.19 10.29 75.82 4 10 1
72 89.30 99.93 44.81 287.87 8 30 1
73 6.74 84.92 32.86 77.76 15 30 1
74 83.59 98.74 22.63 373.67 4 40 1
75 44.52 96.72 28.53 181.12 4 37 1
76 84.29 67.64 44.84 121.89 18 22 1
77 76.97 99.47 3.32 243.14 18 34 1
78 37.62 23.78 33.71 271.57 17 39 1
79 36.40 82.78 40.44 112.86 24 32 1
80 13.70 17.07 28.16 169.06 15 47 1
81 27.49 60.40 26.49 111.38 0 12 1
82 71.44 7.94 23.39 237.67 19 19 1
83 85.77 91.66 13.14 255.01 9 26 1
84 92.76 72.00 42.62 101.75 24 41 1
85 17.71 2.82 33.00 300.86 4 39 1
86 64.85 64.73 7.66 418.71 2 26 1
87 71.61 45.44 30.80 446.78 21 46 1
88 47.02 85.62 12.88 325.34 21 42 1
89 21.15 91.91 27.72 129.20 2 4 1
90 14.95 84.54 5.78 67.65 1 38 1
91 68.31 77.09 42.69 220.74 2 32 1
92 81.72 55.09 32.28 396.38 11 17 1
93 5.46 0.31 48.15 169.16 17 35 1
94 67.87 32.25 29.70 276.05 21 34 1
95 4.93 92.64 28.84 379.73 15 45 1
96 70.54 46.05 35.17 276.42 14 17 1
97 72.03 13.91 29.69 326.63 18 42 1
98 9.52 76.29 40.17 424.32 16 31 1
99 96.31 56.87 23.73 479.52 4 37 1
100 3.58 5.66 13.47 432.58 5 25 1
1 106.89 4449.96 1
2 138.58 2713.05 1
3 106.79 2660.08 1
4 167.31 4928.74 1
5 171.77 4974.79 1
6 174.63 2776.72 1
1 1.90 42.44 1
2 1.96 37.31 6
3 1.69 45.52 6
4 2.00 34.98 4
5 1.36 49.47 6
6 1.03 47.89 2
7 1.73 34.17 5
