Data for Vehicle routing problem with drones - Author: Huyen Do Thi Ngoc
Number of depots: 4
Number of cities: 300
Number of trucks: 8
Number of drones: 14
Area: 100 100 50
Customer maximum demand: 500
Max capacity of truck: 200
Max energy of truck: 5000
Max capacity of drone: 2
Max energy of drone: 50
1 38.45 48.41 40.42
2 90.57 68.44 45.59
3 96.00 89.53 8.90
4 99.04 42.48 44.45
1 18.66 5.60 38.11 311.91 5 44 2
2 37.49 72.81 47.61 79.70 23 36 3
3 12.13 21.69 13.86 160.25 22 29 4
4 5.39 52.49 30.68 54.38 6 24 4
5 14.80 27.16 44.25 389.33 9 29 4
6 89.10 46.25 15.92 244.92 19 36 4
7 89.55 64.77 23.87 426.76 19 44 4
8 46.16 29.50 3.00 334.53 24 45 2
9 22.79 77.72 37.53 271.86 0 40 3
10 53.72 79.40 32.30 178.42 23 23 2
11 62.30 52.04 32.32 187.96 8 25 3
12 6.15 82.86 42.46 351.32 5 8 2
13 95.44 92.44 9.45 213.83 7 19 3
14 5.58 97.65 45.67 242.91 8 33 1
15 21.79 47.08 5.76 491.48 6 35 4
16 11.28 79.00 17.65 170.59 7 37 2
17 54.25 14.37 17.40 205.57 24 36 1
18 30.21 5.64 37.22 127.48 6 37 1
19 61.90 87.49 8.10 368.51 0 34 4
20 81.34 31.22 41.31 169.87 7 48 4
21 85.07 48.64 39.80 155.33 12 38 1
22 96.57 36.17 27.10 222.91 4 9 3
23 89.08 17.05 16.80 292.19 6 20 3
24 63.63 16.80 49.81 83.64 15 47 4
25 63.35 13.59 41.73 222.75 0 23 2
26 20.42 28.96 23.48 105.13 7 45 3
27 76.23 64.56 32.37 420.17 21 30 2
28 68.45 39.88 3.76 130.01 10 45 4
29 88.08 62.40 36.37 224.08 13 38 3
30 85.76 47.04 5.58 123.91 15 38 3
31 73.56 12.49 1.72 413.04 17 48 1
32 78.59 72.83 18.79 96.48 23 43 2
33 35.60 5.81 42.15 95.89 16 19 1
34 60.29 39.53 46.43 326.19 3 6 1
35 0.78 17.73 47.68 53.40 14 36 4
36 44.95 17.69 40.87 156.06 3 36 3
37 69.08 46.11 48.85 433.54 16 34 2
38 52.14 26.94 27.42 261.17 24 30 1
39 57.22 41.63 37.07 133.08 15 18 3
40 37.00 55.30 34.25 180.48 22 27 2
41 92.76 73.87 31.98 433.69 1 48 4
42 25.25 8.44 22.37 376.83 22 31 1
43 63.23 0.15 0.48 397.10 13 28 1
44 17.29 99.44 23.25 400.03 8 8 3
45 58.50 32.88 38.24 331.35 5 32 1
46 96.41 96.75 11.06 246.45 19 29 1
47 42.79 8.51 13.38 225.14 22 42 2
48 75.08 18.94 23.52 466.84 22 46 3
49 86.15 11.01 24.55 421.45 5 7 4
50 32.32 91.19 3.24 463.18 8 24 1
51 87.16 52.19 1.04 67.81 3 21 3
52 59.67 89.37 37.38 497.25 0 24 4
53 71.40 17.55 6.26 209.45 10 20 1
54 90.36 0.51 16.36 381.50 4 13 2
55 23.34 71.26 7.23 318.67 24 32 1
56 39.29 42.61 44.44 222.66 12 31 4
57 53.87 92.96 22.70 115.55 1 44 1
58 20.09 23.46 20.52 118.42 19 26 3
59 6.02 68.59 27.47 254.30 0 23 3
60 2.29 38.50 24.91 166.32 13 43 3
61 58.38 45.88 49.63 279.99 7 27 4
62 56.72 15.19 42.82 241.66 6 35 4
63 16.43 13.43 2.01 277.10 20 39 4
64 65.16 7.02 29.02 136.74 4 5 2
65 4.20 33.27 26.99 112.62 11 19 3
66 50.46 17.87 41.80 227.34 18 30 3
67 29.05 58.69 30.93 488.33 9 15 3
68 65.96 81.90 21.56 257.35 17 26 3
69 13.93 38.56 41.22 428.53 16 39 4
70 65.22 5.05 31.89 95.81 22 45 4
71 52.06 31.26 43.62 54.85 19 38 3
72 9.78 65.53 33.09 376.88 3 46 3
73 18.31 62.43 9.65 453.58 14 44 3
74 26.03 45.14 19.43 144.30 14 34 1
75 57.24 32.60 21.56 190.98 24 38 2
76 50.64 67.21 7.66 228.49 1 18 1
77 30.24 88.91 34.71 354.95 4 27 3
78 48.40 84.38 23.78 122.49 10 26 1
79 6.96 21.18 4.98 335.17 12 31 1
80 15.15 60.39 15.99 210.67 16 21 4
81 28.00 64.45 30.12 441.83 8 12 2
82 50.14 32.03 30.61 52.39 6 8 3
83 51.35 72.16 46.77 275.94 24 25 4
84 89.00 14.25 16.22 88.40 10 18 3
85 18.14 1.77 45.19 346.88 12 16 3
86 52.33 90.97 48.44 444.73 18 35 3
87 57.54 80.00 36.00 244.79 16 46 3
88 2.33 37.73 38.99 109.03 1 25 4
89 93.84 33.70 45.94 60.41 15 36 4
90 49.77 94.47 34.88 315.75 18 30 2
91 81.30 62.18 43.86 488.20 16 23 4
92 57.97 69.78 31.57 211.76 0 37 3
93 55.01 42.53 38.49 224.30 2 48 4
94 80.33 43.46 10.76 286.82 5 41 1
95 49.21 11.06 17.11 302.37 14 19 2
96 99.68 56.25 17.89 497.96 17 24 1
97 77.95 96.61 48.47 497.86 18 36 1
98 51.92 30.21 33.90 57.94 4 43 2
99 23.77 37.37 6.66 311.16 4 43 3
100 15.76 17.63 0.07 471.14 13 25 3
101 25.54 82.95 46.87 408.39 2 45 1
102 94.29 51.95 17.99 317.54 17 40 2
103 16.78 15.62 27.41 343.00 2 43 2
104 86.16 71.95 13.41 355.36 0 18 1
105 56.04 31.11 43.00 447.20 16 39 2
106 3.53 83.67 3.88 385.50 19 24 4
107 91.15 45.63 34.94 270.27 13 19 2
108 63.82 1.15 2.75 312.54 10 34 1
109 64.73 70.83 16.13 137.15 20 24 2
110 75.48 44.66 49.10 407.96 6 36 1
111 80.70 24.82 48.16 185.18 22 25 2
112 76.72 90.40 16.65 134.62 1 32 1
113 36.44 31.34 16.42 195.12 24 31 3
114 80.35 35.40 36.22 143.44 16 48 4
115 99.03 13.38 14.28 61.68 21 28 2
116 29.92 39.69 14.10 336.37 16 40 2
117 75.08 1.60 6.03 484.43 2 39 4
118 3.05 60.71 7.66 476.27 19 19 4
119 28.06 71.81 21.67 490.22 10 37 1
120 95.42 84.68 6.64 442.50 23 38 4
121 42.00 0.69 23.27 344.29 18 22 3
122 68.29 77.77 2.40 482.45 13 17 4
123 49.90 54.91 22.76 300.69 0 25 3
124 87.38 89.86 31.61 159.98 11 15 2
125 47.90 59.23 16.06 393.02 3 11 3
126 78.57 48.02 26.81 264.51 7 39 3
127 14.07 80.74 19.60 52.40 14 48 2
128 2.07 32.43 30.46 137.70 24 31 4
129 79.45 42.88 4.64 486.41 4 43 1
130 22.60 34.44 40.30 452.56 15 29 3
131 66.71 10.83 45.66 257.80 3 19 3
132 83.27 32.24 7.94 312.98 7 28 4
133 12.34 88.67 35.98 407.15 0 24 3
134 9.55 12.36 35.31 466.69 23 35 2
135 40.87 8.42 38.21 282.58 5 48 3
136 21.55 28.76 11.50 406.83 13 48 2
137 49.10 13.81 11.43 98.23 20 44 3
138 3.78 30.31 19.94 481.66 9 21 4
139 1.40 25.08 3.19 228.69 8 11 4
140 70.83 51.80 16.18 92.35 22 46 1
141 86.31 39.45 6.27 151.72 6 16 3
142 93.38 49.92 14.31 109.38 19 37 4
143 10.45 42.97 34.64 102.90 12 24 1
144 52.69 45.27 25.50 371.15 17 43 2
145 50.62 85.72 47.59 76.91 12 16 1
146 94.96 68.39 28.97 191.37 16 16 1
147 81.59 98.90 12.23 56.42 5 12 1
148 93.32 72.97 36.68 202.96 19 45 4
149 63.31 88.75 0.02 84.49 11 14 2
150 86.10 83.46 40.09 200.25 17 23 2
151 92.99 30.68 5.38 244.65 2 7 3
152 42.27 36.18 28.62 303.51 23 47 2
153 8.10 29.67 32.72 344.55 17 31 2
154 16.37 97.96 5.97 239.51 0 34 3
155 75.56 83.07 8.40 245.07 4 18 1
156 20.57 54.65 17.62 479.29 20 20 3
157 77.76 72.23 36.27 172.51 23 40 3
158 51.51 84.20 10.71 296.81 6 25 4
159 35.89 69.64 29.93 222.42 16 31 4
160 36.69 64.99 3.53 64.30 18 29 1
161 83.44 17.32 7.14 200.30 13 33 3
162 20.83 47.00 34.19 60.48 11 44 3
163 29.18 50.92 25.62 471.84 18 40 4
164 32.86 37.60 26.70 192.63 0 48 3
165 44.42 12.43 7.32 398.64 15 22 3
166 11.26 45.38 35.01 150.26 19 33 4
167 27.56 81.84 47.12 349.34 15 44 3
168 29.40 83.82 4.52 158.88 12 28 4
169 33.91 69.71 22.29 226.44 4 22 3
170 27.10 87.93 33.28 408.24 4 20 2
171 48.63 19.91 26.77 77.08 0 42 4
172 77.76 11.65 12.54 361.87 17 20 2
173 29.08 69.62 15.64 292.31 13 19 3
174 15.31 98.44 44.66 84.05 5 5 4
175 40.17 17.86 5.88 189.69 17 44 3
176 87.26 66.05 1.49 127.58 19 48 2
177 60.22 70.36 36.05 77.68 10 38 4
178 54.53 79.26 35.45 335.61 20 24 1
179 43.80 50.73 38.08 52.56 0 32 4
180 84.88 12.17 10.62 349.44 10 33 4
181 52.42 35.39 9.99 74.38 8 18 4
182 76.48 37.16 38.63 490.41 20 27 4
183 67.83 28.63 24.80 437.92 4 34 3
184 36.52 70.73 3.97 429.65 21 25 1
185 36.56 28.01 23.18 460.69 10 27 4
186 18.78 93.64 22.69 397.70 0 48 3
187 22.93 55.36 11.84 456.21 10 43 3
188 71.77 55.74 26.15 129.35 7 17 2
189 31.13 99.80 24.29 170.07 20 33 3
190 92.57 38.17 4.97 199.61 23 35 3
191 42.68 35.08 17.36 206.52 22 46 4
192 0.53 56.57 34.31 454.58 13 48 4
193 16.44 20.83 23.98 119.24 2 22 2
194 13.76 45.89 23.12 352.31 24 37 2
195 50.92 91.46 11.79 308.69 17 40 3
196 37.68 79.68 7.67 122.02 0 18 3
197 89.77 84.63 10.90 328.26 4 13 1
198 10.01 89.13 26.65 420.53 12 23 4
199 40.69 27.78 41.43 403.00 0 28 1
200 12.57 36.01 44.25 80.47 1 17 1
201 9.80 21.07 46.85 271.73 20 32 2
202 72.11 64.34 8.88 438.65 22 46 2
203 86.29 69.86 6.38 319.38 10 34 2
204 0.22 23.03 9.20 104.24 23 34 2
205 71.62 37.99 43.72 374.19 22 28 2
206 75.74 17.81 10.51 415.17 3 32 4
207 77.64 63.01 49.38 221.88 17 36 4
208 77.84 70.55 44.26 426.68 9 14 3
209 76.85 2.56 43.58 155.58 20 30 2
210 95.94 92.26 19.58 156.53 17 20 3
211 50.96 68.06 1.10 427.77 11 31 2
212 31.48 99.34 49.06 360.54 14 38 4
213 89.98 59.45 35.68 387.62 3 19 3
214 49.42 32.29 41.77 435.71 3 10 2
215 80.61 41.51 28.49 385.78 24 30 3
216 73.00 7.69 7.96 497.37 20 44 3
217 91.60 87.52 17.18 86.14 15 21 2
218 72.37 9.47 49.76 355.29 3 29 1
219 76.48 55.99 21.95 106.25 17 47 1
220 67.20 96.87 45.53 100.15 20 41 2
221 93.83 21.26 48.34 455.21 22 48 2
222 30.02 66.96 3.49 151.96 3 47 2
223 45.86 6.85 31.51 348.11 15 33 2
224 20.61 46.62 21.27 194.91 6 30 2
225 11.26 1.54 23.55 466.58 18 26 2
226 4.63 90.99 49.85 131.87 7 29 4
227 21.44 91.55 25.66 330.57 17 20 4
228 16.67 33.36 35.36 262.39 4 21 3
229 30.86 88.92 39.00 448.59 12 36 4
230 65.91 15.42 45.03 259.62 7 47 3
231 10.43 78.17 48.82 125.11 22 28 4
232 99.89 58.40 47.79 221.69 24 37 4
233 19.79 37.83 46.27 123.16 6 33 3
234 92.70 16.43 41.13 321.24 1 36 3
235 67.60 79.55 8.47 305.03 2 34 3
236 36.81 58.26 23.44 355.93 2 2 3
237 78.04 60.59 45.49 281.49 21 47 3
238 77.61 75.31 47.17 499.08 8 32 4
239 26.53 82.16 47.10 308.68 12 37 3
240 76.72 89.30 12.48 464.69 2 36 3
241 4.19 69.04 18.91 235.68 3 11 4
242 55.95 74.23 17.97 257.78 11 11 2
243 11.61 38.50 42.09 452.59 20 29 3
244 77.26 20.93 5.39 327.51 2 43 3
245 49.38 64.47 25.07 463.43 11 31 2
246 6.48 93.56 3.42 417.78 2 35 3
247 13.73 69.12 27.00 364.56 13 35 4
248 79.33 3.18 43.22 429.30 14 31 2
249 84.90 50.62 28.50 333.34 22 48 2
250 90.39 22.14 8.61 454.68 5 14 3
251 30.54 30.08 41.15 474.60 14 39 2
252 67.89 50.25 28.60 226.07 14 16 4
253 40.29 13.22 4.79 435.14 1 43 2
254 83.62 84.90 28.23 88.99 3 47 1
255 19.65 74.57 35.27 171.77 6 22 2
256 37.70 21.29 47.76 188.51 19 38 2
257 79.06 33.21 19.52 155.95 18 24 2
258 11.68 5.83 43.69 140.47 14 44 3
259 50.68 5.94 2.69 78.36 5 8 4
260 99.95 16.55 27.77 382.62 20 27 1
261 38.40 19.62 26.79 189.74 17 26 3
262 89.64 64.33 11.24 240.88 17 31 1
263 12.06 0.27 12.97 343.40 0 1 3
264 96.53 17.44 0.82 101.97 13 30 3
265 91.55 59.22 44.29 450.92 15 27 4
266 19.59 45.59 21.58 331.70 23 48 4
267 9.71 75.59 39.99 229.28 6 17 4
268 28.63 23.35 47.08 408.93 17 36 3
269 6.20 96.50 4.77 494.20 21 32 1
270 25.44 99.35 35.73 133.49 10 11 4
271 57.92 32.85 43.42 245.03 3 7 3
272 49.25 25.12 18.76 369.75 21 43 3
273 12.49 99.38 34.49 368.82 0 0 3
274 51.71 65.19 26.48 153.82 16 22 2
275 36.08 53.16 13.09 168.52 19 44 4
276 1.63 62.22 19.13 197.34 17 28 3
277 24.26 26.27 33.96 66.73 20 24 1
278 28.27 75.50 49.63 341.28 20 30 2
279 68.47 85.16 5.35 76.12 20 28 4
280 37.30 94.89 48.80 233.33 19 28 4
281 67.16 91.60 7.41 127.60 9 43 1
282 70.71 65.59 36.56 273.29 1 16 4
283 28.71 27.66 18.20 115.95 24 26 2
284 77.75 9.44 23.67 107.55 24 40 2
285 26.13 2.12 49.35 127.84 22 24 2
286 51.05 41.20 32.00 166.75 17 47 3
287 9.13 43.96 25.35 343.10 21 37 2
288 80.15 49.59 44.58 127.86 8 24 3
289 77.30 42.35 14.08 408.64 11 46 2
290 13.77 77.01 5.71 111.46 10 20 4
291 15.85 18.92 46.05 78.26 15 40 2
292 12.11 54.15 2.44 178.61 14 16 3
293 60.74 91.54 14.78 123.25 13 41 1
294 53.01 36.44 38.82 262.97 1 14 1
295 35.10 46.97 8.80 205.32 7 14 3
296 46.91 7.21 11.35 440.65 17 38 3
297 36.43 7.84 8.22 326.01 0 47 4
298 42.04 69.66 9.95 87.36 8 16 4
299 73.44 61.75 6.73 282.63 2 18 3
300 23.19 46.31 32.01 363.51 12 34 2
1 121.43 3118.08 1
2 183.07 3126.08 2
3 126.77 4379.73 3
4 164.09 3614.13 4
5 163.42 3068.59 3
6 109.32 4750.25 1
7 162.88 3228.03 2
8 182.58 3775.10 1
1 1.39 39.00 3
2 1.39 27.41 3
3 1.37 46.27 4
4 1.77 43.71 2
5 1.73 33.70 3
6 1.56 34.46 2
7 1.97 32.44 2
8 1.28 43.20 1
9 1.83 44.62 2
10 1.20 48.43 3
11 1.41 31.65 1
12 1.77 29.46 8
13 1.58 47.67 7
14 1.66 47.95 7
