Data for Vehicle routing problem with drones - Author: Huyen Do Thi Ngoc
Number of depots: 2
Number of cities: 200
Number of trucks: 3
Number of drones: 10
Area: 100 100 50
Customer maximum demand: 500
Max capacity of truck: 200
Max energy of truck: 5000
Max capacity of drone: 2
Max energy of drone: 50
1 98.82 6.53 46.32
2 7.81 30.09 9.66
1 46.55 68.79 40.00 92.79 12 36 2
2 92.28 77.96 35.12 387.75 21 42 1
3 20.22 71.91 47.86 164.58 23 33 1
4 56.31 99.25 35.39 147.10 22 38 1
5 91.03 41.12 17.80 247.12 10 20 1
6 50.70 71.49 30.63 382.35 16 38 1
7 46.72 10.05 44.66 419.98 15 44 2
8 47.86 43.57 5.35 174.39 24 38 2
9 90.23 83.96 24.19 144.67 10 29 1
10 86.99 83.10 28.65 346.26 11 37 2
11 32.46 10.54 7.53 404.28 8 11 2
12 14.45 81.42 34.97 402.96 17 31 1
13 77.84 69.25 0.72 294.74 0 7 1
14 97.34 31.68 2.81 204.25 22 30 2
15 33.81 0.76 27.78 196.26 22 22 2
16 85.94 29.25 29.63 201.20 9 25 2
17 1.57 4.45 38.35 325.07 11 43 1
18 74.07 46.05 38.18 171.45 13 40 2
19 86.23 65.54 24.22 323.92 9 19 1
20 1.69 27.69 3.36 164.03 5 14 1
21 8.32 22.27 45.66 124.04 23 27 1
22 95.27 33.88 2.17 423.63 4 20 2
23 50.05 65.93 34.78 279.16 15 46 2
24 57.14 69.47 13.20 302.46 2 39 2
25 62.78 6.19 18.03 487.04 8 45 2
26 16.50 97.97 20.92 475.48 12 15 1
27 12.88 67.63 6.08 222.21 12 16 1
28 13.26 54.59 21.08 383.35 9 17 1
29 45.48 62.91 30.09 173.79 16 34 2
30 32.55 19.73 3.08 211.21 23 25 2
31 68.96 64.13 22.06 51.71 10 26 1
32 90.61 74.65 10.50 389.90 2 32 1
33 70.86 70.46 9.54 394.35 12 12 1
34 32.50 94.69 38.12 139.08 14 44 1
35 81.11 51.13 10.42 138.34 7 15 2
36 95.96 76.74 28.49 199.41 9 28 1
37 68.22 20.75 11.74 272.42 12 29 2
38 27.13 70.42 27.49 65.20 6 7 1
39 78.00 79.52 29.75 310.01 9 11 1
40 83.36 59.39 22.95 50.03 1 31 1
41 20.06 14.87 42.25 430.83 24 41 2
42 1.42 55.11 16.48 445.72 4 21 1
43 52.15 26.50 3.73 79.35 6 39 1
44 13.53 75.96 4.85 401.05 17 18 1
45 46.25 75.30 19.71 88.60 4 19 1
46 12.92 19.19 37.64 213.40 14 48 1
47 11.04 80.59 15.49 165.02 8 13 1
48 63.55 8.64 42.12 443.01 5 23 2
49 39.74 72.10 40.59 191.64 1 32 1
50 73.32 83.93 7.91 107.03 20 48 1
51 53.69 25.39 46.95 178.08 13 15 1
52 62.99 46.51 28.59 469.64 22 42 1
53 76.39 66.27 23.59 225.11 6 23 2
54 71.17 94.35 37.77 61.04 12 32 1
55 88.46 30.69 33.30 249.82 1 18 2
56 28.90 65.57 16.67 322.94 13 13 1
57 70.53 88.49 16.69 200.72 13 21 1
58 44.70 77.38 8.14 135.12 22 35 1
59 7.21 92.99 20.55 149.91 16 33 1
60 51.55 67.30 36.56 150.85 1 25 2
61 30.01 27.99 38.40 427.52 23 29 2
62 91.96 47.01 25.11 326.01 16 30 2
63 51.18 96.71 25.59 269.06 8 27 1
64 48.55 15.77 30.07 298.62 22 25 2
65 48.29 19.53 35.96 288.26 22 46 2
66 37.39 7.43 14.87 437.23 18 25 1
67 39.88 78.45 37.70 461.75 21 34 1
68 24.68 43.46 38.34 256.82 4 41 2
69 63.70 23.80 33.06 228.62 22 34 1
70 3.53 35.63 12.78 271.85 0 41 2
71 43.16 78.09 8.55 276.27 15 48 1
72 31.00 88.03 38.58 291.26 6 21 1
73 59.14 85.14 17.97 293.18 9 24 1
74 91.56 63.09 36.50 468.78 8 29 2
75 77.58 72.44 29.99 273.30 9 35 2
76 84.87 31.77 2.62 119.50 1 9 2
77 27.30 24.55 21.25 272.52 24 45 1
78 18.95 76.61 41.66 368.33 5 39 1
79 20.44 98.50 17.00 348.03 20 25 2
80 42.28 40.90 4.19 303.66 7 36 1
81 92.63 45.01 28.49 426.39 3 8 1
82 28.06 90.23 39.23 482.38 0 11 2
83 33.10 26.90 32.13 310.99 13 29 1
84 2.40 55.50 39.83 240.34 7 25 1
85 11.49 22.39 6.04 131.36 19 27 1
86 29.51 19.18 37.43 72.30 16 28 2
87 22.04 94.68 7.35 318.74 16 38 2
88 73.71 73.90 43.35 106.32 2 19 2
89 25.48 19.62 13.53 73.22 10 15 1
90 48.19 97.13 20.48 402.90 0 40 2
91 20.67 38.19 6.30 274.73 22 31 2
92 75.96 24.93 49.86 245.73 0 10 1
93 67.67 97.70 31.81 469.16 17 37 2
94 55.27 19.14 22.99 367.57 15 44 1
95 59.46 20.15 5.80 66.96 7 15 2
96 9.77 58.33 38.43 126.48 0 17 1
97 90.42 29.11 17.05 402.16 6 20 1
98 86.45 69.17 45.41 381.90 14 29 1
99 60.73 28.15 11.48 105.91 4 10 1
100 6.94 62.45 3.26 370.76 0 35 1
101 98.42 55.17 19.77 286.66 5 6 2
102 98.63 2.59 21.47 123.34 16 39 1
103 62.58 92.46 32.07 314.70 12 37 1
104 71.18 44.88 15.58 220.63 11 27 1
105 74.01 12.37 43.22 91.39 19 36 1
106 28.50 18.62 43.01 172.07 1 42 1
107 92.48 15.73 28.20 227.96 14 40 2
108 38.63 59.75 16.73 174.15 22 29 2
109 69.12 6.32 46.11 260.39 15 19 1
110 0.22 39.03 31.15 258.52 1 32 1
111 70.74 70.41 46.41 378.92 8 15 2
112 83.37 47.89 2.95 226.68 0 36 1
113 22.55 41.50 43.47 142.01 19 43 1
114 22.98 5.67 44.96 138.35 5 35 1
115 14.05 62.44 43.68 115.73 24 27 2
116 42.39 19.93 9.95 71.67 22 22 1
117 9.03 16.33 22.99 376.09 4 46 2
118 79.92 26.36 36.17 60.11 11 45 1
119 68.45 80.20 10.48 138.95 22 27 1
120 8.00 44.18 45.99 469.86 12 24 1
121 83.88 61.09 23.72 99.55 13 21 2
122 84.51 62.88 10.12 361.43 6 30 1
123 38.94 4.23 25.00 498.12 8 33 2
124 66.40 37.70 10.19 419.49 23 27 1
125 6.37 37.32 20.75 212.06 10 31 1
126 9.83 64.91 48.55 158.87 8 24 2
127 2.98 94.91 15.31 463.51 20 45 2
128 85.62 73.06 28.83 117.65 21 28 1
129 3.30 21.89 8.10 462.80 15 21 2
130 47.23 31.57 28.32 433.47 15 41 2
131 26.96 96.98 48.71 112.09 6 32 2
132 58.16 60.69 2.12 185.68 2 8 2
133 62.81 15.23 34.25 369.68 12 25 1
134 65.06 0.04 45.08 379.41 8 13 1
135 63.72 47.72 11.16 279.42 20 40 2
136 65.44 92.08 29.61 222.66 22 35 2
137 75.77 16.60 7.71 407.17 2 35 2
138 65.37 58.21 14.09 218.90 0 36 2
139 56.70 72.85 7.71 78.70 22 24 1
140 63.85 24.23 49.06 439.13 17 33 1
141 17.26 80.70 1.57 421.22 21 30 2
142 5.56 57.03 25.93 57.69 21 28 1
143 32.81 71.85 2.10 226.51 15 31 2
144 19.12 25.98 32.26 203.02 3 38 2
145 26.89 42.10 40.99 405.18 1 8 2
146 86.83 16.06 41.41 195.82 18 23 1
147 99.31 48.49 3.50 220.35 21 26 1
148 75.04 98.46 34.71 78.98 10 26 1
149 68.36 19.80 42.02 272.63 6 36 2
150 87.19 78.23 21.79 299.15 6 39 1
151 84.48 54.15 25.94 98.10 7 20 2
152 0.27 93.64 43.92 475.47 0 45 1
153 19.83 79.80 10.28 335.85 9 34 1
154 63.91 19.75 40.87 247.71 2 17 1
155 33.93 62.64 32.06 403.80 4 5 2
156 4.02 21.44 34.09 446.87 17 21 1
157 37.62 27.70 6.05 163.27 10 24 1
158 22.16 93.75 49.64 70.92 2 46 2
159 39.10 42.26 20.85 438.95 3 13 2
160 8.33 5.33 16.24 366.24 10 29 1
161 50.38 49.91 33.84 169.87 5 12 1
162 91.06 72.85 27.85 478.15 23 40 1
163 85.43 2.77 1.63 303.74 8 10 1
164 43.10 4.19 25.76 389.24 11 44 1
165 45.84 1.36 11.72 286.74 14 37 2
166 61.95 79.93 11.10 438.44 4 15 2
167 96.41 28.01 13.49 50.20 20 41 1
168 53.09 90.29 36.24 333.40 1 6 1
169 4.49 62.95 26.13 180.95 7 34 1
170 49.54 22.32 18.08 76.27 3 20 2
171 60.86 7.50 14.08 437.76 21 46 1
172 57.83 10.15 6.41 194.95 9 17 2
173 99.47 57.47 16.92 135.84 13 21 2
174 93.05 57.33 32.73 439.86 3 42 2
175 20.80 64.71 10.17 177.66 15 25 2
176 61.99 26.62 0.32 177.67 3 12 2
177 36.45 99.47 10.27 371.92 23 37 1
178 51.73 28.51 2.27 84.87 14 46 1
179 96.81 2.49 22.33 165.19 0 29 1
180 87.70 39.52 8.15 154.11 9 46 1
181 12.13 95.30 23.58 61.50 10 27 1
182 36.65 11.35 42.05 168.13 21 46 1
183 34.13 57.94 24.68 349.13 10 42 2
184 90.41 31.37 18.76 303.21 1 11 1
185 12.40 54.87 0.96 121.74 13 31 2
186 5.95 24.21 23.76 276.49 19 41 1
187 50.14 17.25 12.50 319.91 17 29 1
188 92.88 90.51 18.46 327.40 13 29 1
189 92.52 94.71 48.16 448.95 9 33 2
190 49.92 43.51 11.28 325.87 6 28 1
191 73.84 38.75 25.73 323.92 20 40 1
192 37.88 36.04 39.41 121.40 2 39 2
193 82.55 86.59 24.09 348.20 12 38 2
194 46.34 25.62 40.08 172.62 19 39 2
195 44.30 53.18 17.89 313.03 15 39 2
196 25.92 35.77 6.44 54.13 13 13 2
197 74.07 14.57 9.73 349.46 20 48 2
198 25.12 32.29 40.14 396.94 0 5 2
199 18.91 61.74 49.89 440.12 0 8 2
200 45.49 84.00 33.46 390.22 5 17 1
1 177.46 4250.19 1
2 103.25 4566.40 2
3 196.41 2646.23 2
1 1.39 39.36 3
2 1.97 48.03 3
3 1.09 33.50 2
4 1.04 47.00 1
5 1.52 37.45 2
6 1.05 36.22 2
7 1.09 40.77 3
8 1.13 25.07 2
9 1.27 27.76 2
10 1.68 39.59 2
