Data for Vehicle routing problem with drones - Author: Huyen Do Thi Ngoc
Number of depots: 4
Number of cities: 300
Number of trucks: 8
Number of drones: 15
Area: 100 100 50
Customer maximum demand: 500
Max capacity of truck: 200
Max energy of truck: 5000
Max capacity of drone: 2
Max energy of drone: 50
1 27.65 92.78 29.77
2 72.22 74.73 27.17
3 27.28 90.53 44.27
4 42.99 24.39 3.38
1 42.85 93.93 43.99 300.61 8 9 2
2 92.52 70.50 1.62 161.19 11 40 3
3 95.17 32.93 29.24 350.88 6 43 2
4 4.71 90.00 27.35 309.89 5 39 4
5 52.34 18.58 10.82 219.86 13 27 1
6 10.04 29.65 25.76 168.53 3 46 3
7 38.35 80.52 26.44 426.37 9 12 4
8 28.20 4.05 19.37 69.28 18 41 4
9 50.98 8.69 22.83 243.89 1 7 1
10 78.25 79.32 15.27 294.68 7 37 3
11 73.37 10.41 40.43 67.44 17 35 4
12 12.39 83.16 18.27 81.56 1 27 3
13 3.46 26.58 4.42 390.31 10 19 3
14 65.31 80.23 18.27 309.74 15 35 4
15 25.75 93.26 38.64 215.19 9 31 2
16 24.49 39.16 33.26 348.41 19 28 3
17 8.51 50.49 26.72 312.14 8 28 1
18 8.24 11.69 11.72 328.54 10 14 2
19 35.11 31.53 32.85 260.71 5 6 1
20 73.80 97.85 38.50 179.51 20 46 1
21 73.76 97.37 47.29 288.19 8 16 4
22 68.80 8.38 1.02 397.32 5 16 2
23 56.43 6.32 41.88 101.56 18 25 2
24 23.47 49.75 23.52 443.40 13 46 1
25 75.83 56.94 15.64 147.97 10 18 3
26 5.73 48.65 47.96 423.23 16 26 2
27 77.55 82.19 47.10 358.04 15 32 3
28 72.19 69.23 13.97 332.09 22 43 4
29 42.46 2.93 36.47 130.64 11 37 3
30 82.98 64.79 25.16 280.50 0 46 2
31 28.15 67.50 4.90 151.03 14 43 2
32 39.75 66.89 49.90 82.88 1 2 3
33 39.70 5.70 13.06 132.39 15 27 3
34 93.11 91.71 49.70 147.34 4 10 4
35 12.11 34.14 36.47 249.08 9 9 4
36 15.13 26.78 13.32 475.89 16 23 2
37 92.29 23.89 29.43 96.96 6 29 2
38 35.19 50.06 3.52 158.68 24 31 1
39 41.43 24.12 47.73 348.76 14 44 1
40 26.46 8.28 46.92 385.02 6 48 2
41 13.83 79.86 28.29 295.28 19 45 3
42 15.73 4.21 42.16 243.60 6 9 2
43 13.02 84.46 48.65 264.74 6 47 3
44 47.70 66.08 40.46 278.20 5 46 3
45 54.07 50.85 1.74 457.93 18 29 3
46 88.28 30.41 2.17 59.22 24 46 3
47 35.71 36.32 19.34 277.43 19 39 3
48 55.08 46.22 37.09 451.01 0 29 2
49 46.09 22.18 25.15 452.72 3 23 4
50 70.97 78.53 9.68 262.43 2 16 4
51 31.94 70.18 42.80 238.35 3 42 1
52 50.03 68.20 33.37 322.44 7 12 4
53 10.62 94.50 47.66 232.36 21 45 2
54 60.22 96.70 40.53 137.04 9 17 1
55 70.71 25.11 6.87 180.78 11 46 3
56 80.37 16.18 9.37 261.43 3 38 4
57 11.05 95.92 6.18 334.47 18 43 1
58 53.17 70.63 37.02 459.86 3 26 4
59 21.55 0.95 34.42 363.62 14 19 2
60 55.79 96.96 9.94 488.05 2 9 1
61 93.53 71.02 41.96 152.09 23 34 3
62 11.18 47.55 16.68 158.90 3 46 1
63 33.22 89.08 13.08 331.84 9 32 3
64 14.33 67.97 40.46 274.52 7 47 1
65 90.84 47.97 49.96 345.79 3 35 3
66 14.16 80.94 10.98 428.31 10 12 4
67 66.40 31.89 10.51 448.84 18 26 4
68 1.14 70.46 14.68 84.57 3 20 2
69 31.89 67.85 23.88 166.87 11 26 3
70 33.37 5.55 5.58 228.65 19 30 2
71 35.24 23.78 18.49 138.96 15 29 4
72 42.42 44.67 17.05 156.13 15 18 2
73 49.59 13.72 49.67 227.77 4 6 4
74 78.40 44.42 21.48 278.42 18 33 2
75 78.78 94.94 41.80 451.75 5 36 1
76 2.10 34.13 21.10 110.17 23 38 2
77 6.20 16.06 39.37 491.75 13 38 3
78 31.64 34.36 1.82 200.24 22 40 4
79 78.88 6.20 3.07 74.21 16 30 1
80 54.93 21.29 22.32 158.31 23 41 2
81 15.75 80.78 7.27 155.24 19 42 3
82 30.81 41.20 49.62 68.09 14 15 2
83 78.00 29.72 25.16 79.51 4 31 1
84 12.15 45.51 44.56 360.19 22 42 2
85 54.03 80.92 1.78 248.06 14 27 4
86 56.98 31.89 48.35 344.79 21 27 4
87 65.77 24.04 2.09 467.73 6 10 1
88 50.41 13.86 37.92 459.52 2 44 2
89 78.52 72.19 9.32 423.95 14 15 4
90 86.60 77.05 16.04 353.93 2 19 3
91 44.36 27.17 29.30 163.48 5 38 3
92 20.92 44.60 22.02 185.49 19 41 3
93 40.89 58.24 1.00 96.00 3 27 3
94 89.91 2.82 40.10 280.53 21 26 1
95 16.05 72.41 7.86 250.25 8 25 2
96 67.72 33.49 23.18 333.59 18 47 4
97 41.82 64.56 4.08 196.27 20 25 4
98 91.46 87.11 25.52 143.00 13 28 4
99 61.89 27.51 34.10 330.72 18 44 4
100 0.40 87.81 34.18 283.51 3 12 3
101 96.64 94.55 30.24 354.68 12 34 3
102 82.02 33.24 45.30 94.27 3 19 3
103 91.51 43.17 16.68 278.10 17 42 2
104 59.22 38.64 34.76 160.66 4 17 2
105 25.37 48.58 16.97 411.09 9 20 2
106 13.23 66.46 8.76 209.94 0 2 4
107 92.40 71.28 27.27 447.53 11 19 2
108 3.58 68.26 42.90 109.05 21 40 4
109 45.58 1.23 32.58 81.23 23 38 3
110 89.21 97.95 49.95 53.54 1 47 2
111 99.94 18.24 39.11 483.37 13 41 4
112 76.53 9.17 2.20 369.30 0 31 1
113 83.14 4.07 27.43 78.85 11 33 4
114 54.50 5.25 7.52 238.01 17 43 4
115 54.94 48.26 37.89 99.25 14 19 2
116 29.52 66.42 32.98 255.90 4 16 3
117 13.45 24.69 47.89 78.73 13 48 1
118 64.78 76.91 48.78 330.31 24 29 3
119 32.53 31.44 38.37 354.22 6 8 3
120 43.83 26.74 11.06 330.63 14 40 2
121 47.13 31.38 30.24 234.87 10 18 4
122 43.82 40.37 45.42 208.53 24 40 4
123 80.25 54.97 17.02 226.54 9 24 1
124 26.42 87.45 2.41 287.02 17 23 4
125 28.50 99.53 3.91 365.46 6 21 3
126 76.13 46.83 29.68 203.67 21 26 1
127 89.35 91.13 30.35 232.66 24 29 3
128 40.89 20.01 16.46 238.44 10 15 4
129 6.40 70.87 35.54 397.98 3 6 4
130 83.75 46.34 32.41 447.83 24 33 3
131 73.91 26.64 28.31 271.13 12 24 2
132 17.41 29.66 16.86 152.50 18 48 4
133 30.43 32.16 24.03 52.91 9 47 1
134 82.51 34.55 25.99 383.41 17 20 1
135 7.77 22.68 44.10 297.60 12 47 2
136 81.63 51.32 48.94 80.63 19 36 1
137 23.34 61.60 4.28 64.01 14 42 2
138 82.49 90.51 41.09 232.79 11 18 2
139 34.21 15.84 47.99 280.18 0 23 3
140 69.92 53.84 49.18 290.20 11 32 3
141 23.62 98.85 34.16 60.53 13 21 4
142 25.60 66.24 2.91 194.22 9 25 4
143 82.98 89.14 37.57 439.72 20 23 4
144 46.31 92.21 19.12 117.91 16 22 2
145 78.93 20.62 44.03 75.82 17 45 4
146 68.47 6.06 15.09 456.80 4 18 2
147 27.13 52.12 20.99 72.21 11 14 3
148 75.79 79.33 19.80 492.71 24 35 1
149 51.48 55.12 47.28 310.96 22 33 4
150 51.92 22.74 40.00 342.10 24 46 2
151 93.75 21.65 3.14 251.30 16 47 1
152 61.13 44.03 44.98 366.93 9 46 1
153 91.36 97.19 46.14 325.96 4 33 4
154 33.99 12.35 9.53 425.41 19 29 3
155 36.00 66.38 47.53 372.08 3 13 1
156 60.30 54.20 45.94 367.47 18 40 2
157 18.14 68.09 25.38 490.46 23 29 1
158 32.48 2.99 20.90 454.59 17 30 3
159 70.48 24.04 20.76 90.44 15 30 2
160 40.76 62.73 7.48 384.37 18 24 1
161 3.02 47.49 15.02 443.55 16 17 3
162 57.97 37.42 9.31 344.84 14 20 3
163 16.35 33.60 38.42 423.29 6 9 3
164 13.34 41.78 39.45 402.67 11 34 1
165 47.12 71.53 17.69 373.48 10 23 3
166 44.95 50.82 10.79 408.18 15 32 1
167 96.59 25.62 3.66 179.11 13 18 1
168 30.11 42.66 33.69 264.87 0 25 2
169 43.85 94.04 16.28 312.51 0 24 4
170 10.22 66.51 37.10 495.73 22 25 1
171 7.20 32.83 36.87 385.21 6 33 3
172 80.24 3.73 10.67 186.52 2 37 4
173 42.76 16.44 5.11 284.85 9 35 4
174 81.23 19.08 1.35 256.10 5 28 1
175 91.34 72.87 24.12 424.99 22 26 4
176 64.97 62.91 37.20 103.84 7 36 4
177 71.16 99.08 47.29 271.65 4 41 4
178 47.24 53.69 25.60 343.36 14 34 4
179 3.37 13.49 3.30 435.39 18 36 3
180 20.67 17.28 43.93 388.94 0 22 2
181 10.92 46.50 38.15 431.02 24 31 1
182 97.53 33.48 32.04 324.51 17 34 3
183 29.15 99.86 18.22 139.64 0 44 3
184 47.86 11.04 2.71 374.22 21 26 1
185 49.90 54.67 20.40 101.31 0 5 3
186 6.40 12.31 5.71 144.54 6 23 3
187 91.31 97.08 48.16 472.16 6 30 4
188 7.95 63.39 12.25 318.02 24 29 2
189 91.55 95.31 22.79 74.01 24 28 2
190 86.63 21.40 42.06 279.04 14 39 3
191 59.51 8.98 42.05 444.19 22 24 2
192 41.96 44.47 43.92 443.14 22 40 1
193 59.46 78.61 49.75 349.95 4 15 3
194 3.59 83.77 16.34 275.27 8 43 1
195 70.47 51.02 4.26 128.60 9 11 1
196 28.97 39.72 14.64 315.94 6 15 2
197 59.47 5.53 46.25 333.16 9 46 3
198 75.48 29.71 22.64 297.03 20 21 3
199 83.27 28.00 26.42 225.97 17 45 1
200 69.03 6.30 10.75 390.76 22 44 4
201 48.06 52.88 0.16 482.18 19 32 3
202 74.05 52.59 31.42 282.01 23 27 1
203 3.58 43.63 12.95 161.91 1 32 4
204 73.63 94.90 44.24 484.42 24 25 1
205 31.24 57.50 24.86 430.16 16 29 2
206 27.40 14.53 6.78 154.75 15 24 3
207 40.45 19.50 19.41 147.30 18 40 3
208 2.50 86.82 21.35 83.37 9 26 4
209 14.85 50.27 40.94 305.83 24 31 2
210 56.29 73.72 25.12 85.51 13 42 1
211 4.23 30.50 12.33 115.10 3 24 4
212 43.27 7.02 21.10 444.50 2 23 3
213 1.36 63.79 36.14 309.33 12 36 4
214 1.28 90.34 20.33 50.84 10 34 1
215 64.83 29.11 7.49 68.99 7 20 3
216 23.25 66.04 32.37 497.00 14 37 2
217 36.97 31.28 33.46 190.39 2 30 4
218 6.73 96.25 0.90 276.21 23 45 2
219 17.45 1.99 22.06 253.98 11 20 2
220 7.59 71.84 32.36 371.84 7 45 1
221 91.98 28.89 23.36 265.92 16 43 2
222 12.46 40.52 9.31 245.69 16 36 3
223 46.92 92.07 10.93 108.34 4 46 3
224 62.94 30.27 8.25 416.60 5 5 3
225 36.10 4.39 27.36 181.56 5 31 4
226 33.40 13.92 35.67 203.51 10 45 3
227 66.68 86.82 9.22 93.93 0 43 2
228 18.39 4.25 19.42 357.38 20 28 4
229 99.78 7.36 21.94 398.18 19 42 1
230 85.10 77.99 33.13 453.16 7 13 3
231 66.41 33.50 38.75 278.05 0 42 1
232 30.17 95.87 5.12 203.61 4 47 3
233 29.05 11.28 12.60 108.25 23 41 2
234 78.53 86.13 49.92 112.66 23 30 3
235 36.30 44.68 34.90 285.49 17 33 2
236 49.87 39.21 16.70 342.65 20 38 1
237 33.46 27.06 49.10 210.13 13 13 3
238 67.70 53.52 27.46 368.13 6 17 1
239 38.06 18.30 5.20 243.07 16 27 4
240 50.65 44.14 48.67 448.21 9 43 1
241 63.97 32.36 4.17 78.51 20 43 3
242 63.82 75.22 6.78 218.43 3 41 4
243 75.02 18.63 19.71 159.77 13 15 1
244 58.74 88.85 17.92 387.48 3 9 2
245 83.14 27.21 28.09 399.53 22 31 3
246 91.22 69.49 1.81 426.71 24 32 3
247 55.56 58.77 39.89 423.33 1 17 3
248 15.79 63.39 17.90 144.47 7 30 1
249 29.84 15.94 37.85 316.66 2 39 1
250 8.88 79.01 26.56 66.03 11 16 1
251 18.98 11.10 37.62 181.88 9 17 4
252 61.85 72.00 42.36 497.82 24 30 2
253 63.27 97.84 4.70 323.98 12 30 3
254 3.01 9.10 47.94 398.85 9 19 4
255 74.47 86.55 6.93 315.27 2 27 2
256 94.48 32.55 35.69 456.14 15 36 3
257 66.74 96.73 40.42 443.53 13 36 2
258 5.18 91.39 42.60 248.29 8 24 1
259 22.01 95.85 23.34 249.71 21 23 2
260 85.35 55.91 8.25 161.55 23 42 3
261 43.93 2.52 34.50 211.11 23 34 1
262 27.55 38.08 25.38 441.22 2 34 2
263 68.65 83.69 25.03 119.72 12 25 2
264 61.48 56.44 2.13 233.53 7 36 2
265 73.44 57.28 0.77 246.92 15 35 1
266 17.67 94.05 18.34 243.04 4 29 4
267 37.83 17.88 32.39 156.54 10 31 3
268 85.11 60.22 3.68 173.16 21 30 1
269 20.84 33.13 34.46 296.86 13 25 2
270 70.90 19.78 49.74 53.89 13 19 4
271 24.28 26.86 31.08 478.62 0 10 4
272 27.20 24.37 23.26 386.18 19 26 1
273 42.34 74.33 3.22 334.05 15 25 4
274 54.45 68.69 30.93 55.44 2 8 2
275 8.45 89.89 0.14 219.55 7 24 3
276 41.07 87.73 47.07 98.40 17 21 1
277 82.94 48.41 43.36 86.45 16 39 1
278 44.37 99.17 6.26 411.63 6 12 4
279 14.82 17.22 41.32 205.81 20 46 1
280 74.04 87.72 29.19 163.91 14 19 1
281 85.12 51.69 0.46 123.96 1 37 2
282 19.91 84.18 32.19 277.35 13 40 2
283 87.72 1.52 45.02 70.32 2 26 3
284 28.16 10.11 18.07 160.61 20 30 3
285 40.88 32.79 28.41 387.85 10 13 3
286 41.96 53.34 21.66 397.56 16 47 1
287 95.20 30.35 4.92 291.32 17 26 1
288 78.02 80.07 36.44 332.36 11 47 3
289 95.75 58.84 17.09 134.09 5 22 2
290 56.50 97.97 27.41 282.02 12 39 2
291 92.93 54.30 23.27 403.03 17 20 2
292 77.40 4.20 31.91 405.90 23 47 3
293 30.72 67.57 46.44 72.10 23 26 3
294 48.68 41.59 28.23 444.32 7 18 2
295 54.25 45.34 15.81 345.90 8 26 2
296 68.27 87.55 3.51 211.19 9 12 3
297 50.52 61.81 24.21 269.77 22 46 3
298 85.52 12.01 37.22 365.11 8 32 3
299 2.28 45.92 21.42 108.54 8 12 4
300 39.73 77.01 38.77 202.37 11 38 4
1 117.86 3335.40 1
2 109.65 3771.85 2
3 104.11 2589.69 3
4 143.52 3452.86 4
5 118.76 3299.77 2
6 167.56 4128.48 1
7 135.41 4746.94 2
8 159.66 3545.92 4
1 1.56 32.08 6
2 1.48 33.64 2
3 1.30 34.47 2
4 1.45 27.99 2
5 1.47 37.31 3
6 1.38 39.75 4
7 1.57 33.61 4
8 1.73 35.50 5
9 1.46 31.47 3
10 1.17 29.19 5
11 1.45 29.17 6
12 1.22 29.28 8
13 1.54 40.04 6
14 1.28 42.82 6
15 1.46 44.02 3
