Data for Vehicle routing problem with drones - Author: Huyen Do Thi Ngoc
Number of depots: 5
Number of cities: 500
Number of trucks: 9
Number of drones: 14
Area: 100 100 50
Customer maximum demand: 500
Max capacity of truck: 200
Max energy of truck: 5000
Max capacity of drone: 2
Max energy of drone: 50
1 74.35 75.07 14.54
2 33.02 68.17 32.28
3 51.42 59.66 20.03
4 26.33 68.02 48.08
5 35.28 27.98 25.21
1 50.02 38.56 38.93 64.40 16 17 1
2 78.52 52.03 34.46 322.85 5 42 3
3 94.81 1.70 2.02 270.46 10 32 5
4 85.11 13.69 24.38 418.96 14 15 4
5 58.93 78.97 40.06 154.58 18 48 3
6 46.25 90.51 2.74 420.20 7 17 1
7 15.98 20.41 45.38 54.91 21 33 5
8 74.58 5.49 10.72 372.26 11 20 3
9 80.68 16.97 40.24 319.57 6 29 5
10 40.38 32.22 6.44 395.77 17 35 1
11 92.04 91.58 20.22 353.48 7 20 1
12 22.28 62.50 18.01 182.05 3 18 1
13 59.69 54.47 45.65 349.57 2 16 4
14 60.53 51.85 43.12 329.63 12 32 5
15 36.35 63.75 0.31 93.14 14 24 3
16 60.22 52.50 45.57 313.75 16 27 4
17 14.95 13.34 40.55 194.07 8 26 3
18 83.06 73.00 11.37 232.88 8 16 4
19 65.92 46.32 48.10 141.56 24 42 5
20 39.53 77.20 2.62 119.23 1 44 5
21 74.32 2.99 2.47 446.52 11 35 5
22 83.31 76.16 26.30 461.69 17 22 4
23 94.18 70.63 5.12 99.90 11 42 2
24 35.60 5.82 8.06 160.78 5 46 1
25 46.29 11.63 41.68 340.31 16 33 3
26 69.24 63.58 48.96 434.46 15 24 5
27 4.72 68.08 8.86 355.80 24 35 3
28 52.88 47.10 30.72 446.95 14 29 2
29 32.28 90.49 0.11 300.42 17 18 2
30 34.35 58.17 27.54 232.49 0 42 1
31 14.07 44.70 19.06 473.46 14 18 5
32 66.38 26.31 21.85 268.99 6 48 5
33 46.61 87.66 17.00 400.65 19 19 2
34 94.38 28.81 26.63 190.07 17 30 4
35 21.68 62.81 43.00 304.98 2 8 4
36 51.29 44.32 33.03 235.18 3 8 1
37 17.51 62.96 47.45 74.51 11 11 4
38 23.06 88.66 19.57 326.86 0 30 5
39 52.53 54.91 32.77 311.09 20 39 1
40 42.68 4.08 21.00 94.03 8 10 1
41 3.58 39.46 3.57 481.52 4 46 3
42 46.92 19.80 50.00 267.27 13 23 5
43 36.56 21.26 35.39 453.77 23 41 3
44 37.96 26.70 11.55 456.45 17 46 5
45 56.97 27.39 48.94 396.35 1 35 5
46 23.83 47.66 12.58 220.85 2 33 2
47 74.85 97.88 13.42 491.79 17 37 2
48 91.04 82.74 14.73 58.98 20 30 2
49 85.17 83.44 14.60 496.23 22 40 4
50 14.57 18.81 25.44 302.67 3 34 1
51 67.62 26.95 24.04 465.38 14 39 2
52 39.39 17.86 9.25 135.30 4 48 5
53 61.29 75.73 6.21 249.21 18 48 4
54 88.40 22.58 8.26 458.21 23 26 3
55 25.25 90.66 7.35 452.18 22 24 1
56 84.18 99.10 31.50 211.20 3 12 4
57 89.71 94.65 18.20 377.01 21 40 1
58 0.05 59.35 3.12 198.49 7 10 4
59 79.79 88.05 35.35 399.91 1 28 5
60 91.78 63.18 33.99 393.86 19 28 2
61 87.47 87.96 22.04 189.78 7 25 3
62 51.76 36.39 39.79 91.70 14 32 4
63 28.22 74.30 21.35 204.23 10 30 5
64 55.74 10.66 19.04 81.63 12 43 2
65 34.24 97.31 40.73 392.81 4 16 3
66 84.62 32.95 40.53 204.50 17 30 2
67 39.29 41.94 36.47 122.10 19 21 3
68 37.02 2.50 28.56 296.19 16 28 1
69 26.32 52.63 38.36 293.95 17 36 2
70 7.50 38.80 47.15 148.94 24 40 4
71 82.07 18.21 45.90 316.99 20 20 2
72 2.60 59.14 23.78 92.81 24 30 5
73 92.71 52.76 30.78 432.05 22 44 4
74 72.39 50.81 29.63 144.85 5 28 5
75 50.96 5.00 29.38 465.90 23 34 3
76 94.48 25.40 13.63 270.07 19 44 4
77 43.11 61.01 0.36 343.03 0 19 3
78 80.55 38.28 21.78 181.83 17 42 4
79 2.22 67.97 7.24 493.61 5 17 5
80 28.93 1.88 17.75 395.39 14 44 4
81 80.19 55.74 46.46 435.67 19 31 2
82 97.33 74.43 40.84 342.51 9 31 5
83 28.62 6.84 9.86 138.96 6 46 2
84 32.35 49.12 20.83 407.34 24 47 3
85 97.37 66.88 25.19 216.97 22 47 5
86 56.55 39.24 27.11 215.27 20 42 2
87 47.97 96.61 7.86 283.60 2 40 4
88 92.86 10.19 37.64 306.84 2 38 2
89 57.53 32.13 35.32 435.24 18 41 4
90 36.89 69.21 23.44 499.68 16 24 2
91 80.33 53.89 9.28 448.35 12 20 2
92 33.00 74.49 11.77 412.58 5 9 2
93 71.18 22.98 20.01 330.95 5 13 4
94 15.15 8.45 16.76 414.61 20 35 3
95 62.94 18.82 3.64 426.05 18 45 1
96 43.54 92.34 33.46 209.04 10 19 5
97 17.66 0.31 17.48 498.03 8 18 2
98 43.32 35.21 18.33 443.05 23 48 5
99 57.73 80.98 45.00 452.42 11 38 4
100 44.82 10.52 36.32 480.49 20 47 5
101 19.62 22.89 35.76 447.05 9 32 5
102 87.54 76.50 32.92 64.63 11 37 3
103 24.95 7.26 14.88 282.12 10 27 1
104 14.26 99.80 40.83 373.41 1 34 3
105 43.69 28.30 12.20 222.10 8 31 3
106 52.97 19.22 23.58 303.12 6 6 3
107 94.34 52.43 23.93 122.22 22 25 5
108 63.41 20.72 29.76 426.30 18 21 4
109 93.82 36.48 6.88 384.33 13 25 1
110 53.49 58.62 14.86 55.40 10 48 4
111 12.89 77.75 5.71 132.62 16 37 2
112 22.81 94.75 18.89 280.26 7 8 3
113 36.95 0.55 14.66 279.16 19 43 2
114 49.66 62.93 12.38 101.60 15 16 4
115 87.92 59.49 0.39 486.24 17 31 4
116 88.60 57.93 20.09 167.50 8 16 2
117 59.76 44.42 15.79 431.62 16 26 3
118 65.87 79.79 49.35 85.98 23 33 3
119 15.27 97.70 13.60 448.47 13 23 2
120 39.50 34.50 25.14 259.28 1 44 4
121 45.26 62.32 12.27 204.32 14 36 1
122 53.46 92.73 46.25 280.99 4 14 4
123 88.90 20.80 44.55 436.76 9 46 5
124 19.50 84.86 42.27 413.01 13 23 1
125 97.92 56.44 10.55 63.73 21 43 5
126 49.71 61.99 10.55 389.26 18 21 2
127 76.17 0.96 27.82 96.92 23 48 5
128 27.55 58.98 49.09 459.20 19 35 1
129 58.73 52.40 43.54 379.41 3 48 3
130 94.08 55.33 31.71 208.95 12 35 2
131 83.68 96.05 49.55 363.19 23 23 3
132 17.13 23.45 4.54 479.25 10 43 2
133 46.96 41.53 39.23 456.22 10 30 5
134 34.85 33.12 18.56 495.83 22 38 1
135 68.44 56.61 43.59 217.29 20 43 4
136 37.26 39.37 2.26 177.78 24 32 5
137 29.07 97.43 20.89 54.73 5 23 2
138 30.67 28.84 9.29 185.26 4 28 1
139 97.62 59.75 31.54 144.66 15 15 2
140 70.79 48.48 19.51 353.57 5 34 3
141 34.45 0.11 40.23 98.78 24 29 2
142 24.68 95.24 13.92 387.90 3 18 5
143 28.99 79.81 20.01 116.61 10 48 2
144 75.42 72.55 23.36 488.60 2 48 2
145 17.59 39.67 26.12 157.94 9 45 3
146 12.06 75.69 17.38 498.61 11 13 5
147 19.35 36.65 28.92 472.28 1 22 3
148 54.99 96.22 0.39 466.73 3 36 1
149 56.98 43.58 35.83 254.52 24 47 5
150 58.19 40.26 41.70 205.68 14 26 2
151 80.74 69.71 34.64 151.34 10 24 5
152 94.60 65.49 1.12 401.14 15 15 4
153 61.81 13.52 12.48 474.59 7 17 2
154 39.50 77.97 39.46 465.84 7 35 1
155 46.97 16.98 9.36 92.93 14 35 3
156 40.56 38.17 10.45 77.97 14 48 2
157 60.09 42.12 32.05 159.23 8 20 2
158 76.73 0.75 37.65 176.22 7 43 3
159 59.88 45.73 1.57 148.46 14 36 4
160 54.29 62.34 1.80 391.68 7 8 2
161 30.16 26.35 14.17 268.96 23 48 3
162 67.37 18.41 21.99 402.82 16 44 3
163 71.06 4.57 24.14 200.72 12 36 1
164 8.89 58.30 30.96 348.92 8 26 5
165 17.01 35.43 35.11 183.06 14 14 5
166 59.64 72.36 12.15 64.01 6 34 2
167 6.33 50.16 6.13 330.68 6 16 5
168 41.80 51.01 27.65 437.39 18 26 3
169 32.41 34.28 8.27 146.08 18 23 2
170 83.76 29.61 42.62 68.14 15 22 3
171 5.83 89.80 36.76 171.99 17 47 2
172 59.81 9.74 22.94 385.84 5 27 1
173 60.24 46.08 42.06 331.58 23 43 5
174 74.51 22.22 24.08 346.30 15 29 5
175 86.50 62.94 15.35 498.69 15 23 1
176 11.20 70.18 48.08 452.37 18 42 3
177 30.77 35.74 31.14 253.07 13 35 1
178 5.08 37.02 20.31 486.76 10 37 5
179 77.04 77.55 45.62 55.72 7 21 5
180 43.75 4.01 30.59 172.34 10 12 3
181 53.68 84.18 14.27 189.13 24 31 5
182 13.70 48.61 30.62 157.71 24 37 5
183 7.75 4.54 48.59 462.70 13 26 2
184 20.30 66.27 12.40 203.34 12 24 2
185 21.21 77.50 30.03 375.32 12 25 3
186 51.59 88.29 49.56 489.26 19 38 2
187 62.01 58.44 0.89 79.79 3 46 5
188 84.88 55.09 20.30 412.07 19 35 5
189 31.56 32.36 3.77 233.41 8 33 2
190 92.34 7.30 47.02 149.21 17 47 3
191 80.77 88.03 19.44 167.55 12 32 1
192 82.50 2.25 12.47 419.88 20 47 4
193 88.15 25.30 32.45 67.91 23 40 4
194 34.95 97.33 3.70 353.43 9 35 2
195 56.83 12.22 48.45 270.33 5 35 2
196 52.22 39.60 27.47 477.30 20 23 2
197 6.89 62.72 30.32 134.83 10 19 5
198 35.64 47.96 33.48 157.96 6 35 1
199 67.98 26.43 14.32 139.21 19 23 5
200 88.55 16.92 31.85 175.39 13 46 5
201 60.68 5.46 32.21 135.57 18 19 2
202 13.09 20.39 31.33 120.47 15 20 5
203 6.26 85.50 7.60 177.64 21 32 3
204 74.26 23.47 48.04 163.76 9 48 2
205 50.00 27.12 7.51 109.88 5 44 5
206 92.13 30.79 17.25 103.12 16 16 3
207 31.59 73.69 29.56 104.50 18 24 5
208 69.85 77.94 23.71 286.34 18 25 4
209 30.30 82.32 10.33 280.67 20 34 4
210 43.88 38.45 12.26 400.73 16 19 3
211 71.53 53.92 19.19 245.60 23 30 5
212 34.99 27.65 4.48 302.79 20 47 4
213 65.14 56.58 35.08 368.48 14 34 5
214 17.48 56.70 5.74 272.28 5 35 1
215 69.37 27.35 21.05 373.64 17 17 1
216 26.81 17.82 42.40 147.68 1 26 5
217 20.12 37.35 40.23 110.91 16 48 3
218 0.75 57.89 32.50 415.37 12 44 1
219 59.94 50.04 34.67 437.64 21 40 4
220 1.45 0.57 48.38 496.08 14 39 1
221 79.19 33.11 18.51 92.14 24 41 5
222 51.83 4.35 47.03 360.39 1 33 3
223 19.42 25.61 37.46 460.68 2 20 3
224 0.67 38.14 21.50 377.89 17 37 5
225 19.88 41.18 46.52 288.52 16 36 2
226 30.84 58.96 4.18 217.57 3 24 4
227 20.97 14.12 27.21 327.39 20 34 4
228 72.14 45.94 12.55 181.12 14 41 4
229 87.10 1.18 38.24 118.12 24 34 3
230 94.23 81.12 9.03 131.82 19 44 2
231 59.23 11.76 19.24 301.40 10 35 2
232 91.85 12.22 27.41 428.07 17 46 2
233 39.68 66.60 37.34 412.04 22 36 3
234 41.37 30.18 29.64 221.65 5 17 2
235 83.84 35.18 49.57 355.36 7 13 3
236 48.97 90.16 4.25 67.89 3 37 3
237 75.06 71.07 17.86 223.54 19 36 3
238 24.01 45.89 4.17 351.04 19 47 4
239 19.06 18.47 19.16 498.62 24 30 5
240 55.61 55.28 41.66 331.28 1 5 5
241 72.15 59.31 24.74 313.67 24 25 1
242 35.99 67.67 48.09 305.34 0 16 1
243 11.78 8.28 35.58 174.59 11 24 3
244 83.67 63.08 34.45 232.75 10 43 4
245 38.83 89.25 43.96 156.08 12 45 3
246 79.49 33.23 3.29 62.08 13 34 2
247 59.91 90.94 49.82 257.89 4 42 1
248 21.80 89.90 14.89 193.27 24 37 4
249 35.98 72.16 38.45 55.95 24 40 1
250 48.29 88.08 13.67 185.58 8 35 3
251 66.05 78.92 10.26 120.73 16 33 4
252 76.43 97.18 40.10 90.19 6 20 2
253 64.19 77.65 36.25 460.12 6 17 1
254 27.32 78.10 48.67 443.42 24 39 2
255 66.00 76.42 46.42 323.20 23 42 5
256 49.10 10.07 45.74 393.79 4 43 2
257 93.85 6.11 30.94 117.16 2 48 1
258 63.19 36.00 8.52 475.98 8 27 4
259 24.81 38.38 24.12 127.51 13 21 2
260 79.17 20.54 45.67 354.76 18 32 5
261 93.25 50.01 42.23 284.25 0 45 3
262 42.95 61.40 41.07 317.60 10 33 5
263 52.59 82.50 7.78 300.49 13 29 5
264 59.34 86.97 27.48 408.86 19 43 3
265 7.42 8.13 2.49 199.37 8 42 4
266 20.17 89.49 45.73 293.09 9 28 5
267 97.85 37.23 29.01 304.82 16 23 5
268 32.55 95.48 42.98 393.79 5 37 4
269 56.26 53.93 13.19 227.62 0 29 2
270 82.42 23.45 7.24 460.50 8 18 3
271 32.63 47.55 32.78 68.55 8 15 1
272 23.77 57.22 20.48 179.92 10 39 1
273 36.26 72.69 44.38 181.37 2 22 5
274 88.24 78.42 28.85 227.61 13 31 5
275 23.66 82.86 14.24 146.08 11 15 3
276 34.88 9.13 26.63 340.58 23 24 5
277 65.22 20.95 7.51 458.06 4 35 3
278 50.81 37.42 45.75 260.59 19 41 1
279 63.49 97.20 3.94 347.73 14 15 2
280 22.12 22.48 40.55 427.50 23 28 2
281 62.75 53.72 17.70 323.49 2 24 1
282 58.28 88.46 48.66 64.41 16 40 5
283 59.50 63.29 10.22 239.24 20 20 2
284 37.09 44.34 29.51 72.06 11 27 4
285 58.99 35.17 2.32 497.29 20 34 2
286 56.29 23.16 23.79 291.48 22 48 1
287 58.13 74.20 23.08 364.73 14 48 2
288 66.47 63.26 20.91 87.36 22 23 3
289 71.41 22.95 28.25 491.42 9 43 3
290 92.60 42.23 48.11 457.86 7 16 5
291 28.07 68.20 44.52 347.70 7 33 5
292 27.96 56.07 27.16 436.61 9 25 2
293 57.05 49.42 43.41 364.77 7 43 5
294 80.69 8.01 48.75 185.48 3 19 2
295 43.81 66.89 49.65 82.95 11 34 5
296 97.67 22.16 2.24 279.25 10 45 4
297 52.94 10.58 26.22 329.96 12 16 3
298 45.10 89.88 44.36 392.61 20 35 4
299 56.19 1.97 2.66 116.72 8 32 1
300 31.63 87.44 23.42 236.50 15 30 5
301 36.57 1.30 43.44 175.53 3 26 3
302 15.64 81.92 37.73 268.37 24 29 1
303 39.89 63.31 37.12 238.07 17 27 2
304 54.53 51.62 1.13 197.15 16 36 2
305 89.77 79.63 26.77 246.41 4 42 4
306 69.08 8.70 18.83 104.34 6 48 4
307 35.79 38.45 17.83 344.63 12 29 3
308 10.15 92.96 11.11 345.25 13 19 4
309 22.46 6.66 45.23 257.94 17 19 2
310 2.46 83.89 5.87 96.95 20 27 5
311 19.25 71.59 8.20 79.85 9 12 1
312 71.83 97.40 15.45 468.57 24 25 2
313 50.28 32.45 23.30 95.71 8 31 1
314 23.94 66.46 18.39 417.81 0 11 1
315 37.00 79.39 22.49 113.79 9 17 4
316 53.50 34.50 3.75 251.99 4 5 2
317 97.62 18.55 28.33 82.22 0 30 4
318 76.28 26.71 49.90 286.60 7 29 4
319 45.72 84.12 10.37 443.63 20 24 4
320 88.17 65.09 33.02 417.53 6 22 5
321 1.71 20.46 22.18 134.89 10 24 2
322 44.92 65.61 8.04 175.66 14 39 2
323 65.43 97.40 9.06 193.72 24 24 3
324 1.79 27.74 48.60 235.18 19 41 4
325 14.46 80.70 18.91 224.83 11 40 1
326 35.66 85.29 6.07 427.23 24 29 2
327 79.18 59.67 31.10 69.98 17 21 5
328 98.72 29.83 18.38 122.34 14 41 2
329 37.82 38.37 27.79 389.78 5 29 1
330 94.45 65.47 40.84 75.41 21 21 4
331 86.00 46.23 39.70 477.69 5 9 3
332 5.99 24.04 15.18 139.44 20 39 5
333 27.07 64.74 17.06 384.48 4 15 1
334 18.64 36.47 30.89 236.87 2 26 2
335 15.19 28.23 23.86 347.44 19 46 4
336 16.79 36.58 4.27 161.66 9 24 1
337 79.08 48.71 47.11 174.48 1 33 2
338 84.80 93.76 26.19 195.98 17 18 2
339 34.67 58.13 9.58 437.45 5 33 2
340 91.33 10.39 16.57 450.97 3 16 2
341 70.61 63.70 25.23 154.02 20 39 2
342 90.97 19.14 39.68 399.80 24 30 2
343 82.31 53.80 15.97 216.21 11 18 5
344 26.53 15.59 20.67 343.94 3 34 5
345 31.62 26.58 34.98 153.86 18 24 5
346 12.58 55.47 40.63 89.51 21 44 4
347 38.53 63.15 24.71 168.98 13 29 1
348 46.95 33.53 24.98 269.78 10 47 2
349 48.78 1.85 28.99 61.55 0 36 5
350 76.55 68.44 34.90 128.79 6 16 4
351 99.87 49.67 36.25 227.86 0 22 4
352 50.75 53.11 45.87 359.04 19 25 2
353 29.79 87.38 11.62 253.45 11 28 2
354 61.98 31.54 44.44 141.12 21 46 2
355 90.97 87.89 29.70 114.31 14 41 4
356 39.01 83.41 33.56 312.79 22 32 1
357 85.56 34.22 9.00 146.04 9 18 5
358 60.07 30.49 13.45 207.90 12 12 3
359 54.04 47.38 17.79 402.40 3 20 4
360 79.35 0.91 36.43 51.78 21 21 3
361 22.70 97.04 28.06 432.18 21 25 4
362 9.93 50.87 39.28 355.56 24 35 5
363 23.62 35.51 38.30 66.58 23 37 5
364 35.90 39.56 11.67 133.44 9 12 2
365 54.07 98.18 0.16 462.59 18 20 5
366 45.47 9.92 29.86 160.41 5 20 3
367 44.06 85.62 11.28 109.54 12 37 5
368 73.20 80.58 0.75 339.14 4 41 5
369 27.37 94.01 41.57 128.88 18 46 3
370 22.64 21.52 39.23 284.37 11 48 2
371 26.62 89.67 35.63 369.17 15 30 5
372 4.95 69.94 1.68 302.17 9 40 2
373 31.64 25.36 41.33 487.32 19 22 3
374 48.88 58.39 25.36 191.66 15 46 3
375 4.79 34.77 32.56 323.94 11 18 3
376 38.81 40.46 41.40 448.97 7 48 3
377 30.67 82.01 2.30 157.98 16 33 4
378 11.74 75.62 29.72 403.07 7 47 4
379 93.50 19.61 29.59 164.46 15 31 4
380 17.47 12.40 4.17 463.92 15 46 2
381 76.86 41.75 16.49 429.14 13 22 3
382 98.77 49.50 38.45 441.36 22 40 3
383 90.63 93.67 1.73 216.14 20 21 5
384 45.14 43.68 9.20 391.49 15 33 4
385 81.69 52.88 0.86 473.77 10 10 4
386 55.24 81.83 32.45 152.18 20 26 3
387 22.12 94.88 43.08 486.43 1 15 2
388 91.01 58.22 30.32 295.33 15 28 2
389 69.02 54.31 3.19 152.71 10 29 4
390 56.63 30.56 7.25 124.75 10 24 3
391 70.38 4.32 48.21 452.70 7 12 2
392 54.61 98.95 29.65 303.00 1 19 2
393 41.13 45.35 37.17 177.64 16 31 4
394 12.21 18.49 28.91 401.19 4 12 2
395 71.60 89.32 6.93 496.56 16 25 4
396 24.52 57.58 8.78 414.68 18 26 1
397 21.84 61.93 32.79 236.66 14 47 4
398 42.65 20.37 48.84 255.23 5 33 4
399 2.44 60.59 34.74 80.85 13 34 5
400 2.60 96.55 8.36 84.43 1 27 1
401 77.48 20.56 24.16 497.45 21 35 1
402 49.18 27.01 5.81 93.74 17 25 1
403 7.25 89.16 43.72 427.21 14 26 5
404 95.39 39.40 41.37 349.08 8 45 4
405 59.06 88.28 7.12 306.81 10 16 5
406 54.82 3.52 45.81 400.34 22 38 4
407 30.53 10.07 24.29 289.56 18 46 5
408 20.64 47.82 32.35 283.34 2 44 2
409 98.95 31.09 18.85 218.25 0 34 5
410 4.75 0.01 41.27 468.38 20 26 3
411 44.16 62.73 18.40 303.59 4 46 3
412 7.99 11.38 21.49 356.23 11 12 3
413 51.24 84.34 43.10 164.74 20 45 5
414 2.09 41.42 6.62 291.60 0 37 4
415 99.00 88.09 42.93 375.37 1 24 1
416 79.91 17.62 24.78 105.10 24 41 4
417 27.38 66.73 43.43 219.32 15 25 3
418 8.06 81.47 6.97 272.17 11 29 5
419 89.72 27.66 46.20 383.54 3 33 2
420 14.23 88.39 17.22 422.26 3 14 2
421 2.50 10.69 21.50 425.17 0 42 4
422 74.53 61.03 41.06 217.93 11 27 5
423 2.11 49.09 44.10 166.87 23 45 4
424 35.37 63.33 19.49 89.64 5 17 2
425 77.25 12.21 6.09 496.25 21 38 1
426 81.24 17.25 25.33 342.41 24 47 5
427 80.52 35.85 17.97 242.23 0 11 5
428 72.43 9.13 19.92 288.59 17 43 3
429 94.89 15.77 34.60 139.03 19 44 1
430 22.76 69.00 2.40 94.04 19 38 4
431 27.42 40.38 48.16 318.08 24 44 2
432 31.87 14.96 46.48 314.02 14 47 5
433 72.94 4.94 16.13 374.17 22 36 1
434 7.33 35.70 3.83 328.72 1 32 5
435 82.55 76.36 13.27 189.92 3 32 3
436 5.24 2.15 17.76 143.18 5 10 2
437 61.70 63.05 11.22 432.98 14 14 3
438 74.29 82.72 48.43 94.70 12 25 3
439 53.96 50.08 10.48 285.87 19 30 3
440 73.28 24.66 13.12 259.63 23 44 5
441 64.42 22.93 45.45 141.27 12 34 3
442 69.82 48.19 8.23 185.42 14 31 2
443 56.19 92.20 32.64 248.49 6 34 3
444 12.78 44.51 14.09 278.81 18 43 3
445 60.60 15.30 6.05 50.87 0 28 2
446 33.43 59.57 43.96 318.22 18 34 4
447 19.88 29.65 5.55 244.91 18 36 2
448 97.20 31.98 48.89 338.86 10 18 1
449 81.30 20.26 39.05 274.49 0 18 2
450 81.11 40.60 4.75 289.62 19 29 3
451 10.57 84.23 44.89 356.03 11 20 1
452 16.18 48.05 48.70 481.25 15 20 4
453 92.59 97.09 21.96 269.79 7 9 1
454 10.13 33.78 22.14 58.35 20 23 3
455 32.81 80.55 35.44 94.49 24 26 3
456 45.16 27.27 49.07 278.41 3 5 3
457 87.57 70.67 5.81 273.69 11 26 5
458 43.15 70.14 33.40 448.22 24 25 1
459 54.60 8.63 23.68 490.62 23 33 2
460 35.13 5.23 35.63 294.33 1 14 2
461 36.79 85.67 17.89 431.62 2 18 2
462 23.12 5.13 22.70 382.51 9 42 4
463 8.53 86.03 5.30 234.55 12 39 5
464 69.34 88.24 24.27 432.30 7 47 1
465 22.98 94.79 17.63 226.69 10 22 2
466 99.22 43.34 4.80 169.32 13 26 4
467 94.92 82.73 41.21 440.63 16 21 1
468 28.41 83.29 5.97 306.96 1 35 5
469 83.81 90.36 45.53 146.38 16 18 2
470 91.22 51.64 48.10 412.70 12 17 4
471 3.56 95.38 47.60 420.05 11 34 2
472 5.63 98.46 20.93 118.51 20 25 2
473 51.19 15.40 21.52 136.39 18 46 5
474 54.93 28.75 20.50 240.60 10 11 1
475 31.90 56.90 40.79 403.02 11 36 1
476 61.62 99.71 15.95 167.56 2 40 5
477 40.35 47.17 7.99 389.67 1 16 1
478 18.15 21.21 14.68 75.26 6 36 4
479 8.74 32.47 14.90 242.06 5 24 4
480 88.43 58.88 49.28 357.53 6 29 1
481 91.11 16.70 4.78 334.06 15 17 5
482 45.54 54.44 5.02 367.45 11 40 1
483 4.27 99.58 44.33 290.02 1 6 2
484 12.04 90.25 11.33 180.56 7 37 2
485 20.73 54.41 28.55 349.66 10 35 1
486 44.34 94.39 21.61 265.86 4 21 4
487 23.15 69.05 6.87 455.86 20 32 1
488 36.37 96.34 7.94 136.41 2 22 2
489 40.08 10.58 8.70 184.24 19 47 1
490 12.31 83.66 37.39 428.58 6 36 1
491 61.10 98.93 48.94 467.56 22 30 3
492 55.89 87.42 44.23 195.48 2 44 3
493 14.81 91.08 35.50 460.20 0 47 4
494 23.39 4.77 5.52 219.88 23 48 2
495 17.13 22.84 11.86 162.28 14 38 4
496 44.64 41.27 34.64 152.37 6 34 5
497 1.66 35.88 26.20 431.69 0 6 2
498 87.57 64.26 49.03 393.99 18 36 1
499 22.44 51.23 40.20 398.85 8 12 4
500 66.01 86.25 46.69 223.01 7 27 5
1 190.64 3735.00 1
2 112.08 4844.43 2
3 121.62 3353.62 3
4 108.59 3445.02 4
5 194.29 3356.03 5
6 112.09 3056.69 1
7 181.16 3950.11 2
8 140.82 3225.42 5
9 134.32 2882.22 1
1 1.73 49.76 7
2 1.01 47.55 6
3 1.63 28.18 2
4 1.34 26.27 6
5 1.85 47.02 5
6 1.98 30.76 9
7 1.35 35.14 9
8 1.26 40.27 5
9 1.83 32.27 3
10 1.72 39.10 7
11 1.29 39.44 7
12 1.44 38.85 6
13 1.81 37.55 8
14 1.68 45.44 3
