Data for Vehicle routing problem with drones - Author: Huyen Do Thi Ngoc
Number of depots: 4
Number of cities: 300
Number of trucks: 4
Number of drones: 5
Area: 100 100 50
Customer maximum demand: 500
Max capacity of truck: 200
Max energy of truck: 5000
Max capacity of drone: 2
Max energy of drone: 50
1 12.26 25.26 39.17
2 87.43 76.57 44.48
3 34.14 72.54 37.11
4 60.59 53.55 45.12
1 13.65 14.56 29.59 209.20 2 14 1
2 71.60 16.54 6.24 111.06 3 34 4
3 4.49 4.61 45.25 130.44 20 37 2
4 22.77 9.93 22.15 297.80 7 40 4
5 56.33 13.76 13.85 100.95 12 37 2
6 29.08 9.90 14.08 374.52 9 27 2
7 60.72 77.46 8.36 262.52 10 38 1
8 54.32 72.05 49.91 143.51 2 23 1
9 77.16 63.85 16.22 237.22 7 30 1
10 47.52 18.53 36.91 418.52 2 33 1
11 66.83 57.32 8.42 146.46 1 23 3
12 82.17 21.70 13.79 88.96 4 5 2
13 52.44 0.42 19.60 461.44 22 46 2
14 9.22 45.29 9.34 60.25 22 32 2
15 79.61 91.90 36.81 348.35 0 42 3
16 71.66 57.61 20.24 381.39 16 42 1
17 11.37 2.63 31.19 403.70 1 37 2
18 3.09 24.76 34.85 392.54 1 29 1
19 57.51 41.34 4.64 333.12 11 38 3
20 73.80 7.39 34.94 208.28 23 39 2
21 95.47 57.88 21.29 467.50 20 29 4
22 22.94 36.86 22.50 150.55 19 40 1
23 13.63 44.04 17.94 280.86 24 30 3
24 56.61 43.99 13.85 442.69 11 35 3
25 51.14 59.93 45.57 201.21 16 28 1
26 55.14 59.53 12.36 114.50 7 8 4
27 18.94 58.79 15.47 479.83 7 40 1
28 91.56 80.42 25.46 96.28 21 28 2
29 75.56 69.54 21.97 494.06 18 20 1
30 39.99 54.00 27.79 360.25 14 23 2
31 22.45 4.37 4.34 110.87 4 27 1
32 67.96 0.03 3.57 163.12 11 35 1
33 94.47 16.93 38.49 331.32 8 45 4
34 91.69 7.29 2.63 81.43 18 42 3
35 49.17 2.21 47.11 378.71 3 32 1
36 43.64 6.54 48.51 445.94 13 47 1
37 62.00 67.32 6.24 482.86 24 35 4
38 38.56 43.35 37.38 447.76 1 48 1
39 98.11 60.31 27.49 308.23 5 18 2
40 77.31 16.45 6.30 309.13 17 31 2
41 38.50 97.04 6.51 485.54 3 8 1
42 46.97 11.14 47.50 225.04 0 42 4
43 26.49 3.72 23.95 96.33 1 43 3
44 83.00 52.53 41.62 270.28 21 44 1
45 81.06 56.52 47.00 193.85 1 34 2
46 82.31 72.17 47.94 305.33 21 26 2
47 22.63 9.75 24.60 364.38 10 10 1
48 99.76 73.49 35.22 324.22 5 18 4
49 4.55 35.67 7.16 430.10 12 35 4
50 12.14 86.21 8.62 115.01 21 28 2
51 45.31 34.80 2.68 498.68 18 25 4
52 63.67 60.50 23.29 196.70 4 4 2
53 59.69 2.77 10.74 408.08 5 36 2
54 52.06 79.59 5.73 331.50 18 19 2
55 91.19 42.72 0.45 225.92 6 18 2
56 38.53 56.83 22.09 294.16 20 39 2
57 28.90 70.84 47.93 326.45 17 44 3
58 59.66 15.64 24.68 274.89 10 11 1
59 13.91 34.32 5.81 458.07 17 23 4
60 80.54 37.20 34.45 363.54 20 20 1
61 72.44 54.37 17.70 283.54 22 36 1
62 63.72 80.22 9.94 440.98 18 18 2
63 68.51 41.97 23.94 180.84 18 38 1
64 92.57 63.93 6.68 64.46 2 36 3
65 99.13 28.15 16.63 217.52 0 46 1
66 0.17 49.88 13.39 458.21 23 27 4
67 91.23 74.69 1.45 213.44 13 48 2
68 97.71 75.96 21.37 306.70 2 33 1
69 10.43 35.66 28.67 404.97 16 32 4
70 39.69 88.27 4.11 273.17 10 30 3
71 83.71 51.70 10.10 289.76 17 23 4
72 21.64 85.63 20.64 60.77 18 44 1
73 49.15 55.77 19.61 118.76 23 28 4
74 7.74 13.01 0.84 145.82 6 46 3
75 60.66 62.87 21.41 87.03 6 44 4
76 61.38 26.38 47.94 272.92 9 9 2
77 8.89 23.90 35.46 78.49 20 46 4
78 92.69 65.49 14.91 496.93 8 43 2
79 46.18 8.10 32.98 157.89 21 26 1
80 7.70 45.99 21.71 411.10 14 43 4
81 49.64 93.97 25.74 88.59 4 17 1
82 32.57 36.69 38.55 397.09 23 42 4
83 4.48 30.39 48.64 331.48 20 27 3
84 98.12 19.75 46.57 188.88 1 16 2
85 65.47 40.34 6.94 63.64 16 38 3
86 41.93 66.13 34.41 253.08 5 9 1
87 19.24 93.16 21.10 321.86 16 34 2
88 97.59 76.39 20.29 380.88 9 43 3
89 43.43 19.46 25.30 410.75 20 38 1
90 89.97 62.33 41.46 165.05 4 44 2
91 69.52 48.30 6.31 365.70 14 37 3
92 61.45 86.51 30.11 438.12 16 32 4
93 41.82 11.11 29.38 130.79 10 29 4
94 1.95 85.70 33.11 258.35 11 26 2
95 46.17 71.28 46.55 282.35 18 29 4
96 84.38 38.02 28.67 453.18 15 43 3
97 89.79 20.31 39.90 433.40 5 31 3
98 30.57 97.82 27.25 222.42 21 35 2
99 39.09 52.59 23.65 344.89 9 13 3
100 3.42 64.48 16.20 418.65 8 44 4
101 57.33 27.10 22.58 345.28 1 8 3
102 46.02 88.10 42.59 205.97 0 37 3
103 79.33 57.87 47.24 337.80 19 39 4
104 98.81 31.42 43.93 54.97 7 10 2
105 59.88 19.24 22.45 81.54 8 30 3
106 67.24 63.21 14.02 274.62 22 44 4
107 24.43 23.82 8.78 482.51 12 18 1
108 77.11 11.91 0.56 434.32 0 2 2
109 27.11 11.09 1.68 180.35 24 43 3
110 96.88 71.00 12.45 466.24 3 47 1
111 97.95 6.77 38.12 384.74 3 35 4
112 78.51 52.27 32.07 392.36 18 37 4
113 16.94 41.10 40.83 115.01 1 44 1
114 54.32 91.14 49.21 497.25 24 29 1
115 39.16 92.35 9.88 424.77 5 32 3
116 57.21 3.04 18.76 120.28 6 28 2
117 29.93 91.07 39.55 443.66 14 26 3
118 91.09 50.98 36.81 467.76 5 6 4
119 53.86 8.62 30.57 371.14 24 30 4
120 73.93 74.79 42.93 327.23 16 19 1
121 32.45 6.83 43.05 186.17 23 24 3
122 81.36 6.06 48.58 122.75 21 29 3
123 89.45 86.40 26.29 427.13 10 34 2
124 72.02 95.82 26.24 189.30 23 42 3
125 16.61 22.25 11.37 51.03 19 20 2
126 25.27 23.53 32.25 158.37 3 19 4
127 28.51 49.03 26.33 371.94 3 34 2
128 86.09 70.27 2.61 85.98 15 21 4
129 38.36 68.70 47.40 126.95 8 22 4
130 50.43 94.06 38.21 50.88 8 10 1
131 42.59 97.25 4.31 169.19 22 45 3
132 57.71 92.48 6.11 403.39 22 41 1
133 45.88 69.62 32.69 116.04 1 8 1
134 49.17 90.98 32.34 206.04 17 46 4
135 67.41 35.33 29.32 311.95 5 8 1
136 33.82 29.66 26.27 83.34 19 38 4
137 50.29 75.39 29.21 388.14 9 11 3
138 19.45 98.12 4.89 424.74 0 48 1
139 52.43 30.94 43.93 299.49 15 23 1
140 90.54 92.18 4.11 227.48 18 44 2
141 92.84 40.29 36.50 111.91 12 39 3
142 37.20 33.69 30.55 427.03 16 31 1
143 72.87 75.34 2.74 426.04 15 32 4
144 61.26 30.36 2.49 147.59 14 24 3
145 2.27 78.92 37.06 289.39 19 46 2
146 18.70 31.81 7.53 208.63 18 39 4
147 11.59 81.67 8.01 78.95 22 29 4
148 2.93 26.29 28.09 169.61 11 47 3
149 71.99 38.86 3.94 372.07 14 15 2
150 91.38 72.19 30.68 63.82 24 25 3
151 78.84 39.56 2.58 459.22 0 7 3
152 65.78 38.47 35.06 224.43 23 48 3
153 9.40 55.84 49.80 133.63 7 20 2
154 70.91 79.39 20.44 408.77 1 30 4
155 61.15 40.50 48.61 467.66 14 22 1
156 26.43 74.67 24.33 62.59 14 19 4
157 66.03 39.84 28.19 299.02 23 39 2
158 87.23 3.18 6.96 153.97 11 38 4
159 88.16 33.81 15.96 459.13 10 22 2
160 73.03 91.22 41.08 370.69 15 25 1
161 72.54 29.34 22.09 423.84 4 10 3
162 69.85 31.12 12.42 494.58 24 28 2
163 79.17 59.12 4.42 471.96 9 39 2
164 52.13 31.36 2.12 108.72 17 48 1
165 32.93 5.43 17.02 328.32 13 27 2
166 54.70 25.60 4.27 436.29 17 45 1
167 5.15 26.64 25.44 142.83 7 16 2
168 64.14 4.12 5.46 378.82 2 29 4
169 13.51 99.05 15.52 296.96 20 38 3
170 34.09 40.26 5.14 434.38 14 17 4
171 42.74 67.70 44.09 469.32 14 29 1
172 73.86 23.74 3.73 410.78 23 46 2
173 31.66 36.50 30.38 348.73 8 12 4
174 90.53 72.18 3.43 498.42 17 27 3
175 17.74 62.69 15.23 295.96 12 13 1
176 35.65 40.60 19.24 163.80 6 20 1
177 12.16 72.93 37.80 422.78 24 25 4
178 34.45 76.63 6.94 393.01 0 16 2
179 86.88 41.66 18.80 480.21 23 40 3
180 22.92 84.21 35.92 486.72 16 41 2
181 55.94 8.26 1.21 316.51 8 38 4
182 50.66 57.70 39.67 255.33 17 40 4
183 63.74 40.86 34.97 466.42 7 28 4
184 8.95 94.95 19.25 296.63 14 34 3
185 24.22 80.34 22.39 85.65 9 44 4
186 8.66 69.33 36.85 486.95 1 5 4
187 98.84 8.59 2.45 416.67 17 29 2
188 29.45 72.11 23.91 424.89 18 28 4
189 70.34 56.85 24.79 425.59 8 36 2
190 51.98 71.91 18.18 333.72 12 25 3
191 64.38 58.36 8.15 313.75 1 15 2
192 72.13 86.95 14.75 173.63 3 12 4
193 23.26 29.58 42.91 432.34 11 12 4
194 58.40 38.81 44.56 432.85 12 16 1
195 25.14 74.35 12.26 185.64 6 35 3
196 93.37 98.17 30.99 137.56 24 25 4
197 64.76 22.46 10.80 450.50 21 32 1
198 12.12 78.06 38.87 406.36 17 28 2
199 23.23 31.05 36.02 157.28 14 43 2
200 86.04 70.52 27.35 101.60 3 23 3
201 46.94 78.75 1.54 422.37 14 36 2
202 99.30 84.41 33.29 107.40 3 27 4
203 48.06 92.50 26.87 431.22 12 29 3
204 94.52 79.01 38.42 50.07 20 40 3
205 92.14 8.44 11.27 251.65 10 47 3
206 48.23 76.68 3.77 429.87 24 30 1
207 97.53 87.34 27.50 306.26 1 3 4
208 33.55 0.40 38.88 205.04 7 40 3
209 55.35 37.66 10.76 376.16 7 43 4
210 32.73 78.53 39.41 470.40 24 38 1
211 20.28 49.42 6.83 80.29 9 43 4
212 85.73 81.95 15.31 296.76 16 28 1
213 2.69 61.13 2.96 359.48 20 39 4
214 78.49 34.30 47.99 202.87 19 31 1
215 96.41 38.16 43.56 406.73 11 22 3
216 12.48 51.42 0.72 244.14 21 39 1
217 54.78 41.79 46.00 176.25 4 16 3
218 86.60 67.51 27.71 91.53 6 33 3
219 35.43 69.83 31.80 81.33 4 9 3
220 99.36 94.43 1.12 103.71 2 44 2
221 4.09 76.27 48.26 297.09 4 48 3
222 63.02 5.47 38.12 149.49 17 27 4
223 0.33 98.06 9.51 207.26 24 28 4
224 17.07 6.58 23.01 79.63 22 36 4
225 82.12 51.91 10.03 161.70 7 22 2
226 40.35 39.50 28.32 353.66 13 26 4
227 22.17 73.08 21.55 136.03 10 15 2
228 50.48 18.93 41.22 116.97 6 33 2
229 26.98 78.01 47.58 392.64 10 44 2
230 38.70 80.99 9.27 300.72 18 37 2
231 32.82 54.35 32.54 484.33 11 33 2
232 51.91 29.09 45.73 449.61 20 46 1
233 65.09 40.83 13.80 191.14 13 48 3
234 27.99 43.96 28.27 270.74 12 47 2
235 94.21 78.28 3.66 496.29 8 42 2
236 33.79 6.25 19.74 89.65 2 10 1
237 51.24 33.84 19.39 302.31 13 27 2
238 55.58 35.03 16.99 463.11 16 39 3
239 33.74 17.80 13.14 299.91 10 17 1
240 7.51 62.25 6.18 349.51 14 23 1
241 10.15 75.72 13.23 471.08 3 31 2
242 71.95 69.63 4.80 294.21 13 17 4
243 51.87 5.43 15.06 72.17 2 44 3
244 12.81 12.70 27.90 380.14 3 35 4
245 34.61 96.53 39.84 212.61 21 24 1
246 48.56 87.30 42.50 204.58 2 21 4
247 19.32 20.06 4.52 315.60 12 39 1
248 19.82 77.85 3.96 387.60 2 20 1
249 79.92 18.00 49.58 445.41 3 22 3
250 0.78 27.14 23.33 97.18 16 16 3
251 65.41 53.31 10.11 354.27 2 35 1
252 89.76 14.66 36.52 285.06 23 44 3
253 76.81 27.34 5.12 328.76 1 29 4
254 71.75 96.51 43.90 406.28 3 22 1
255 31.37 62.03 17.23 152.71 18 40 2
256 30.18 49.61 31.22 449.43 21 27 1
257 66.83 60.69 21.06 387.31 11 13 1
258 39.96 50.78 5.12 402.08 9 14 2
259 42.14 94.65 26.51 479.54 13 40 3
260 31.29 54.55 21.41 155.31 22 44 1
261 49.94 88.08 6.82 254.78 7 39 2
262 86.17 2.22 35.03 284.93 10 13 4
263 93.98 73.16 40.62 341.31 9 36 2
264 58.91 78.94 39.81 423.91 0 7 1
265 79.46 50.31 17.12 423.75 0 38 3
266 44.68 73.85 4.32 314.68 13 21 4
267 8.69 50.77 2.94 366.38 5 40 4
268 93.22 83.26 48.76 421.78 18 43 4
269 59.22 49.46 49.69 260.31 15 23 2
270 9.55 4.62 22.93 416.96 8 39 2
271 83.71 48.27 13.10 68.52 13 38 1
272 88.59 21.79 8.56 174.09 8 34 2
273 53.24 6.05 45.67 212.12 3 43 2
274 98.70 1.32 36.82 51.28 23 26 4
275 28.25 17.51 3.54 387.06 20 48 4
276 25.84 72.93 0.78 344.73 7 21 3
277 45.00 73.92 32.63 170.77 22 43 2
278 68.01 10.78 42.50 476.84 16 18 1
279 62.98 61.21 29.57 377.67 3 48 1
280 59.38 97.37 6.08 209.48 13 26 4
281 3.57 66.29 21.17 165.93 10 20 3
282 18.82 18.43 8.34 220.25 3 6 3
283 14.17 17.47 5.91 395.93 21 43 2
284 42.14 85.95 2.60 318.21 7 43 4
285 63.18 54.86 24.56 273.19 14 37 2
286 50.67 92.53 47.44 102.28 5 40 1
287 61.56 52.49 19.28 92.07 12 35 4
288 97.85 77.11 16.42 384.33 18 36 4
289 76.20 18.62 17.72 236.26 23 41 3
290 79.42 2.83 10.27 438.24 4 17 1
291 45.73 15.00 5.17 129.06 1 17 4
292 42.68 19.11 44.49 63.25 1 42 3
293 20.47 67.53 10.22 339.00 12 41 4
294 21.53 77.32 44.70 80.21 20 31 2
295 11.71 70.44 23.71 421.94 13 44 1
296 68.93 60.54 21.16 370.66 20 23 4
297 48.96 42.62 35.02 230.80 4 8 1
298 11.37 40.68 13.56 110.02 3 40 3
299 58.84 49.32 22.24 490.97 9 42 4
300 80.28 35.73 6.43 461.48 8 11 2
1 160.59 4651.87 1
2 180.38 2841.61 2
3 100.73 4492.21 3
4 147.34 4161.35 4
1 1.19 44.72 2
2 1.61 34.73 4
3 1.73 43.51 1
4 1.96 30.70 4
5 1.34 49.60 2
