Data for Vehicle routing problem with drones - Author: Huyen Do Thi Ngoc
Number of depots: 2
Number of cities: 300
Number of trucks: 5
Number of drones: 11
Area: 100 100 50
Customer maximum demand: 500
Max capacity of truck: 200
Max energy of truck: 5000
Max capacity of drone: 2
Max energy of drone: 50
1 30.42 36.57 5.00
2 49.94 84.11 39.39
1 13.52 22.22 45.10 58.52 14 39 2
2 92.30 89.24 6.41 271.00 8 39 2
3 50.76 31.98 19.54 424.60 23 24 1
4 90.50 14.22 21.72 120.26 6 21 1
5 5.68 8.02 34.36 223.75 4 24 1
6 23.70 33.29 8.05 135.53 14 31 1
7 29.84 42.06 31.59 481.98 18 37 1
8 82.95 67.10 13.08 179.73 12 24 2
9 29.61 56.37 6.74 312.03 22 43 2
10 29.18 23.81 1.96 474.90 20 32 1
11 32.21 28.20 39.27 100.13 12 38 1
12 5.32 13.66 10.91 381.93 7 10 2
13 58.76 3.67 14.66 97.77 23 36 2
14 0.38 98.26 35.08 341.48 22 43 1
15 95.11 80.80 29.92 479.65 2 5 2
16 33.67 35.34 16.14 481.68 24 26 1
17 83.92 73.19 38.45 381.65 12 18 2
18 41.55 85.68 48.80 384.61 14 46 2
19 62.65 50.01 14.70 220.63 17 38 2
20 28.40 90.18 45.89 207.40 22 37 1
21 10.53 75.76 15.58 411.41 19 21 1
22 71.03 48.56 36.22 439.81 5 21 1
23 2.99 72.12 27.56 260.54 8 47 2
24 12.12 52.41 18.37 288.07 9 10 1
25 50.90 20.78 20.71 381.15 6 26 2
26 13.16 3.06 39.99 418.57 2 32 1
27 48.24 13.93 1.71 267.74 20 38 1
28 75.43 39.67 4.85 466.17 18 25 2
29 46.82 35.79 14.77 114.28 12 19 2
30 82.52 36.87 4.96 63.84 7 13 2
31 57.61 74.11 46.72 416.17 23 37 2
32 38.25 29.81 20.30 294.72 7 43 2
33 75.25 29.78 7.85 120.16 4 10 1
34 78.13 6.84 49.91 432.50 14 24 2
35 0.45 29.74 1.46 186.41 4 6 2
36 43.56 49.62 6.67 355.56 2 12 2
37 36.44 24.34 13.97 366.86 24 28 2
38 53.70 21.07 20.67 420.07 16 37 1
39 21.20 51.17 36.48 382.27 7 8 2
40 39.87 2.84 23.22 368.63 23 47 2
41 61.62 82.95 26.78 422.16 17 27 1
42 34.83 56.08 42.49 354.88 2 28 1
43 39.75 71.77 43.13 311.32 21 26 2
44 7.39 99.19 34.39 108.65 11 27 2
45 36.75 13.45 25.18 232.89 9 21 2
46 23.92 32.10 28.99 163.38 10 16 2
47 46.59 73.28 21.50 316.19 19 27 2
48 13.06 18.82 45.12 495.96 24 32 1
49 79.52 51.72 17.29 168.43 6 26 1
50 11.39 40.98 13.92 247.45 15 23 1
51 68.62 18.18 30.34 142.20 10 20 1
52 12.13 47.79 44.16 83.44 22 28 2
53 91.81 2.13 10.69 126.69 5 21 2
54 90.97 39.39 32.80 330.68 22 35 1
55 26.48 77.90 12.62 257.86 14 27 1
56 33.29 13.16 11.11 357.73 12 28 2
57 97.79 47.78 28.08 410.92 21 28 2
58 14.53 44.59 28.63 241.59 16 25 2
59 18.98 1.32 40.31 143.26 2 33 2
60 11.49 81.61 42.91 433.70 4 5 1
61 34.71 93.41 45.31 212.90 19 35 1
62 64.19 40.74 9.79 377.63 2 11 2
63 63.80 48.36 34.50 76.30 14 15 1
64 16.03 12.31 34.13 156.54 5 41 2
65 61.72 44.50 26.34 358.45 7 13 1
66 70.30 32.49 20.91 475.45 24 28 2
67 82.09 4.64 45.16 114.76 16 48 1
68 69.99 19.40 42.01 138.09 15 31 2
69 12.65 51.33 26.70 89.47 10 31 2
70 55.51 43.12 26.38 92.92 20 26 1
71 73.42 42.68 19.55 172.60 21 39 2
72 7.17 39.01 32.62 382.95 5 22 1
73 9.60 49.26 49.35 181.95 22 26 2
74 81.12 55.93 28.72 78.68 7 40 2
75 10.86 22.67 18.40 83.32 18 27 2
76 14.30 53.24 49.24 369.02 10 29 2
77 28.88 55.40 41.64 424.98 19 30 1
78 61.49 8.69 16.79 128.19 17 47 1
79 72.23 96.92 49.21 101.87 9 13 2
80 25.56 86.24 40.31 451.50 20 33 2
81 23.13 38.62 12.96 81.67 21 22 1
82 13.45 65.45 34.38 185.69 3 6 1
83 49.50 82.80 29.57 152.32 2 31 2
84 35.69 72.90 14.78 292.12 23 29 2
85 45.95 0.79 16.88 328.56 23 33 1
86 66.54 79.24 9.33 191.11 4 35 2
87 30.26 49.44 24.02 283.64 11 12 1
88 75.85 24.66 18.58 282.15 7 20 1
89 65.06 75.12 30.84 480.87 17 34 2
90 85.46 15.16 5.38 447.56 13 33 2
91 1.97 44.67 2.73 478.89 22 48 2
92 0.73 82.13 44.57 239.30 24 29 1
93 52.40 54.23 44.19 53.45 11 24 1
94 47.22 65.53 19.85 430.91 11 27 1
95 32.15 89.80 46.13 355.82 16 21 1
96 8.66 80.76 48.58 233.35 14 28 1
97 90.76 6.69 36.39 231.46 14 46 1
98 8.15 20.43 44.92 158.22 21 23 2
99 55.63 12.81 2.25 272.90 24 24 2
100 57.42 89.62 21.42 316.95 14 16 2
101 4.77 15.32 38.39 105.07 19 42 2
102 8.05 59.87 42.56 275.99 19 43 1
103 31.31 64.19 1.09 202.24 11 43 2
104 90.47 70.40 20.73 88.78 1 43 2
105 13.62 29.63 7.10 108.63 0 11 1
106 68.00 3.12 37.16 62.29 3 44 1
107 24.45 29.65 45.31 148.71 14 28 1
108 79.09 32.33 8.13 486.48 3 22 1
109 49.59 94.33 25.35 273.47 22 45 1
110 6.66 0.05 41.40 189.29 20 21 2
111 22.81 99.71 36.90 351.24 2 12 1
112 63.67 86.07 14.80 190.93 13 18 2
113 55.34 79.27 19.48 53.88 24 45 2
114 93.84 7.32 26.93 80.71 21 34 2
115 15.07 0.95 26.63 128.86 13 29 1
116 40.62 86.89 48.52 349.71 18 44 2
117 66.97 88.17 37.82 228.07 5 43 2
118 88.55 49.04 42.79 436.49 11 40 1
119 78.66 97.37 5.93 327.94 18 41 1
120 24.34 60.19 38.70 435.64 13 14 2
121 62.66 72.18 40.62 225.72 20 45 2
122 54.20 0.99 27.72 411.79 9 17 1
123 30.82 77.80 20.19 482.33 23 41 2
124 13.31 47.82 30.43 222.52 7 15 1
125 82.09 26.85 5.82 289.14 9 13 2
126 9.32 85.37 17.19 494.68 16 36 2
127 98.41 92.70 9.01 302.34 18 22 2
128 74.13 79.19 48.74 384.75 0 32 2
129 62.47 45.76 35.30 214.72 21 37 2
130 92.62 63.31 21.10 202.99 24 30 1
131 63.84 81.35 43.74 405.02 3 38 1
132 29.03 74.02 43.84 486.68 13 35 2
133 27.56 48.29 36.13 180.61 21 27 2
134 3.03 11.59 42.57 481.52 11 30 1
135 28.23 51.30 11.52 223.63 19 19 1
136 88.21 89.05 33.88 146.50 10 16 1
137 38.19 58.31 47.27 295.49 9 23 2
138 41.98 20.56 16.80 250.80 6 42 2
139 44.71 34.32 41.38 291.66 4 35 2
140 80.76 16.02 43.71 243.52 1 20 2
141 58.45 90.01 37.17 452.57 8 40 2
142 19.86 31.79 43.89 265.26 9 10 1
143 21.10 29.91 1.51 400.27 1 43 1
144 69.93 59.63 44.61 249.60 6 47 2
145 94.96 94.77 18.47 404.06 2 18 2
146 24.11 29.26 35.24 116.78 17 38 2
147 69.71 63.14 45.80 240.14 24 46 2
148 0.19 49.22 27.16 422.24 6 34 1
149 14.25 75.10 27.28 140.69 11 41 2
150 51.44 33.11 46.20 433.18 19 47 2
151 91.42 60.70 22.25 494.28 10 14 1
152 20.20 72.76 41.85 316.11 9 48 2
153 45.24 36.50 49.01 189.31 2 3 1
154 88.59 56.55 1.34 479.76 8 45 2
155 55.34 91.92 37.08 371.36 20 34 2
156 68.47 33.73 28.69 144.78 6 37 2
157 29.57 91.71 9.29 339.50 4 4 2
158 27.99 40.69 34.44 414.29 1 29 2
159 41.61 51.39 19.22 363.46 23 23 1
160 80.62 16.25 4.55 190.17 23 47 1
161 59.81 22.42 46.49 375.75 11 35 2
162 81.50 92.12 24.53 254.94 8 31 1
163 4.84 57.33 47.73 262.56 19 24 1
164 74.36 87.79 13.26 103.27 2 29 2
165 15.42 27.36 30.98 285.85 3 14 2
166 12.98 19.24 22.77 371.90 19 42 1
167 39.69 96.43 41.84 187.64 21 47 1
168 77.02 50.29 29.24 189.19 11 12 2
169 94.74 13.55 16.90 165.64 11 35 1
170 88.54 12.41 4.59 274.33 22 32 2
171 26.46 17.52 40.34 97.29 4 27 2
172 14.86 86.33 15.20 274.68 0 33 1
173 47.32 17.53 30.28 215.78 12 22 2
174 51.52 7.10 2.90 138.81 6 12 1
175 67.46 66.67 30.80 440.25 5 47 2
176 72.30 89.25 25.99 200.61 1 45 1
177 32.43 2.25 31.03 275.69 10 25 2
178 41.81 9.63 26.80 153.11 1 13 2
179 65.66 89.63 7.81 71.39 10 32 1
180 19.44 48.97 13.71 193.10 23 29 1
181 53.99 97.06 13.24 76.31 16 48 1
182 35.29 35.65 36.18 494.37 15 38 1
183 21.03 88.31 45.05 240.46 6 35 1
184 27.93 57.97 20.18 365.54 23 31 1
185 43.49 62.61 19.50 440.89 10 11 2
186 49.76 53.18 21.27 356.15 2 41 2
187 2.63 88.68 32.84 204.82 19 33 2
188 15.70 18.32 29.95 110.71 7 10 1
189 46.42 78.75 8.30 440.96 8 8 1
190 44.28 52.73 7.27 114.76 23 23 2
191 55.56 65.15 35.88 364.14 23 33 1
192 99.55 28.70 8.45 171.22 1 27 1
193 25.04 44.45 49.79 191.08 20 24 2
194 97.04 60.63 16.70 180.16 18 26 2
195 88.82 75.39 12.97 422.15 12 33 1
196 29.51 96.52 6.74 193.08 11 44 2
197 85.87 13.98 2.49 498.07 11 17 2
198 75.83 67.88 40.22 489.64 8 48 2
199 6.86 58.91 32.58 350.00 0 42 2
200 44.34 44.33 36.62 255.99 11 47 2
201 9.67 0.05 28.15 491.56 15 31 1
202 65.95 76.44 38.63 152.90 16 19 1
203 34.13 78.67 47.90 424.49 15 17 2
204 36.78 51.55 9.50 142.33 21 34 1
205 25.92 21.50 14.58 416.83 21 42 1
206 86.87 7.30 46.48 149.60 6 36 1
207 51.75 76.10 25.60 120.86 22 28 1
208 34.95 51.75 8.37 485.78 24 30 2
209 29.34 52.91 29.42 232.61 12 17 2
210 14.77 88.58 41.36 201.88 16 19 1
211 74.41 52.65 11.84 331.19 16 45 2
212 73.00 3.93 33.46 301.99 2 18 1
213 85.71 42.27 16.52 215.65 23 32 2
214 41.35 87.71 5.09 287.92 5 19 2
215 14.93 89.02 48.76 348.88 16 41 1
216 75.57 97.77 44.24 497.61 9 33 2
217 43.50 91.26 40.76 491.18 15 31 2
218 89.79 53.07 30.72 405.82 8 34 1
219 40.07 0.26 47.14 366.04 15 37 1
220 44.98 92.22 15.52 222.41 15 23 1
221 74.88 74.90 19.17 206.02 5 7 1
222 63.07 91.53 35.19 402.99 2 28 2
223 90.64 63.73 8.26 135.70 23 36 2
224 64.24 88.72 32.52 261.35 7 9 2
225 88.94 99.28 38.92 281.26 6 30 2
226 13.37 9.82 49.45 201.55 15 41 2
227 49.82 97.47 3.78 135.17 8 17 1
228 14.07 58.81 27.39 316.92 11 23 2
229 45.46 61.98 27.83 89.06 14 31 2
230 90.64 29.03 25.68 133.64 18 38 2
231 29.24 66.19 9.77 397.42 17 41 2
232 12.96 66.58 7.16 338.31 5 22 2
233 41.28 71.91 35.62 66.81 21 46 2
234 80.92 4.50 16.78 122.85 12 43 1
235 76.78 56.96 47.32 63.52 18 29 1
236 50.43 0.81 13.58 62.38 13 15 1
237 14.35 50.17 0.72 465.63 14 33 2
238 60.32 18.16 35.90 58.69 0 27 2
239 42.04 97.47 12.75 420.19 11 32 2
240 2.43 2.54 22.98 341.08 14 48 1
241 8.99 40.71 3.59 146.27 8 23 1
242 12.93 51.45 33.73 497.99 7 38 2
243 94.73 97.53 11.17 66.44 14 27 1
244 55.77 5.41 5.36 443.72 0 24 2
245 19.85 30.38 15.15 452.78 3 21 2
246 85.66 43.98 13.31 218.67 0 22 1
247 30.93 1.44 5.81 125.33 23 46 1
248 44.95 23.90 27.62 245.79 19 38 2
249 95.23 27.71 30.27 241.16 23 32 2
250 85.91 66.94 7.74 429.64 6 13 1
251 94.79 38.28 5.99 287.52 2 24 1
252 42.89 23.29 40.46 421.61 3 19 2
253 45.72 50.42 38.60 449.49 11 15 2
254 17.40 87.86 8.24 117.03 21 21 2
255 8.53 79.10 19.21 167.27 20 39 1
256 84.23 17.62 25.51 261.25 2 30 2
257 17.80 80.05 39.42 84.72 9 45 2
258 64.23 61.62 12.43 343.54 16 31 1
259 73.19 0.75 41.13 146.49 13 19 2
260 24.52 27.33 37.93 141.73 13 35 1
261 86.56 11.54 34.66 70.46 16 35 1
262 39.26 47.80 35.92 260.35 20 45 1
263 56.79 26.46 26.25 443.42 23 44 2
264 99.64 9.26 21.82 193.89 9 25 2
265 67.68 47.98 42.15 486.77 17 27 1
266 29.43 92.25 16.71 385.55 3 30 2
267 52.53 43.18 25.75 118.73 5 39 1
268 2.23 8.77 0.72 386.45 5 13 2
269 67.88 99.03 7.95 418.17 21 32 1
270 22.08 28.92 9.01 491.49 6 18 1
271 62.87 36.23 19.39 80.00 2 20 2
272 1.28 19.65 43.56 105.42 20 39 2
273 43.08 28.31 28.72 471.75 8 45 2
274 23.40 89.23 48.47 405.91 10 36 1
275 88.09 61.15 37.92 301.28 6 28 2
276 1.24 92.32 3.75 114.32 11 35 1
277 60.18 82.47 25.43 181.91 22 29 2
278 14.10 38.00 44.14 226.83 2 22 2
279 38.57 52.31 23.36 131.91 4 23 2
280 50.91 35.52 26.85 408.12 13 18 2
281 4.59 90.25 21.08 138.02 9 24 1
282 15.23 36.49 2.14 77.52 1 44 1
283 68.04 92.58 47.04 180.99 15 47 1
284 78.09 13.18 4.93 391.46 22 36 2
285 20.23 90.84 34.59 470.99 6 10 2
286 1.97 30.76 9.24 203.50 11 16 1
287 45.92 58.29 37.87 88.19 9 48 2
288 13.62 3.61 25.46 391.80 17 39 2
289 82.04 9.10 34.29 50.56 2 27 2
290 2.54 89.12 9.86 491.84 3 12 1
291 88.44 73.66 16.54 344.04 4 38 2
292 77.09 51.84 13.10 92.42 7 36 2
293 25.48 13.23 25.97 115.77 16 41 1
294 16.27 76.49 35.31 469.50 19 42 2
295 53.38 64.55 37.10 68.93 21 30 1
296 16.91 14.94 19.88 439.14 7 13 2
297 63.67 27.50 39.46 88.05 24 36 1
298 29.48 93.64 17.94 225.83 0 25 1
299 55.96 76.68 9.84 465.87 4 4 1
300 19.71 94.16 32.73 209.74 16 44 1
1 125.94 3692.68 1
2 149.29 2638.69 2
3 184.04 3846.12 1
4 194.88 3528.19 2
5 152.20 3726.55 2
1 1.18 44.24 1
2 1.35 41.94 2
3 1.88 31.37 4
4 1.18 40.23 2
5 1.47 43.95 2
6 1.70 25.88 5
7 1.27 26.81 4
8 1.20 40.06 3
9 1.94 29.64 3
10 1.90 38.02 5
11 1.80 40.04 3
