Data for Vehicle routing problem with drones - Author: Huyen Do Thi Ngoc
Number of depots: 5
Number of cities: 500
Number of trucks: 6
Number of drones: 12
Area: 100 100 50
Customer maximum demand: 500
Max capacity of truck: 200
Max energy of truck: 5000
Max capacity of drone: 2
Max energy of drone: 50
1 99.17 26.37 44.26
2 64.63 71.97 5.62
3 31.74 66.94 10.49
4 12.35 2.05 9.64
5 61.93 27.12 9.12
1 39.27 98.28 20.42 233.22 11 14 3
2 18.81 84.54 28.83 351.53 14 24 1
3 33.93 51.61 30.96 122.30 19 35 3
4 25.27 30.75 21.22 294.16 10 32 3
5 73.22 21.12 41.22 368.70 18 32 3
6 0.57 72.56 46.02 433.40 14 38 2
7 19.53 31.99 29.86 181.83 17 47 4
8 21.79 6.31 48.45 61.48 1 46 3
9 66.69 84.64 12.66 418.85 12 29 3
10 23.31 43.10 34.26 140.54 22 43 5
11 25.81 98.30 17.56 335.66 10 28 3
12 48.97 58.61 41.66 140.95 11 40 3
13 44.13 2.86 34.59 287.23 18 40 2
14 95.18 54.77 48.85 218.75 19 45 5
15 45.43 94.66 18.09 120.20 12 17 2
16 37.85 2.15 41.77 396.22 22 31 5
17 39.42 86.10 14.79 259.32 3 21 4
18 16.38 59.94 33.40 87.00 6 19 5
19 31.59 75.59 16.48 260.77 4 4 4
20 60.82 19.19 6.34 348.91 7 16 3
21 76.53 1.36 14.66 173.55 24 41 4
22 22.69 57.03 31.11 125.25 22 28 2
23 29.91 64.31 24.48 87.11 11 20 4
24 17.85 34.94 16.87 51.61 5 32 5
25 59.28 49.84 19.95 199.59 10 44 1
26 3.92 6.12 44.60 404.79 20 30 2
27 83.81 14.96 44.56 297.05 9 31 3
28 77.62 89.39 18.16 63.88 24 41 5
29 7.20 19.90 33.39 172.44 19 41 4
30 68.26 55.53 9.82 116.69 20 33 2
31 82.69 8.18 43.29 146.34 24 37 1
32 95.21 30.69 26.99 287.28 2 29 1
33 70.49 90.60 47.04 438.10 14 17 5
34 48.80 80.33 23.28 139.28 1 9 2
35 34.28 93.70 7.80 482.52 4 14 3
36 86.91 81.38 45.38 298.08 18 39 1
37 92.99 26.50 20.33 315.33 17 35 4
38 24.31 72.99 29.34 302.46 21 30 5
39 78.39 78.86 41.26 204.26 17 45 1
40 29.58 62.05 10.05 210.88 19 48 4
41 74.38 62.00 27.89 246.99 4 19 4
42 66.74 42.10 18.04 356.24 21 21 2
43 86.84 43.06 8.75 349.79 13 22 3
44 33.84 75.08 41.61 344.40 3 48 1
45 17.70 12.20 42.32 413.35 22 30 4
46 33.90 61.33 46.47 358.02 4 12 3
47 40.91 2.61 21.44 377.08 23 26 1
48 26.45 46.08 3.38 400.15 9 48 4
49 61.42 2.04 39.59 283.94 13 36 2
50 54.95 98.79 0.01 343.77 5 23 1
51 10.55 73.75 10.48 270.48 2 32 5
52 42.87 20.80 26.05 384.66 22 27 1
53 9.89 14.20 1.62 159.52 12 46 5
54 81.40 41.73 5.63 201.19 8 13 3
55 32.86 50.48 42.65 418.81 21 25 5
56 62.67 28.09 18.34 347.16 22 29 3
57 1.42 92.04 11.71 318.53 9 32 1
58 75.08 72.56 48.34 110.41 14 23 5
59 33.07 96.94 14.40 177.76 15 48 4
60 85.10 82.60 19.53 156.65 5 10 2
61 3.55 28.21 26.77 430.92 13 21 4
62 80.52 98.54 43.97 218.63 16 41 2
63 77.70 78.55 24.75 104.91 12 21 1
64 15.29 52.97 40.58 211.79 8 24 2
65 69.56 18.88 31.55 412.41 20 39 3
66 53.09 60.72 6.13 140.99 2 41 5
67 66.87 17.23 32.97 413.13 10 28 5
68 81.22 58.82 22.56 325.22 13 17 4
69 42.38 34.69 33.44 132.44 10 40 5
70 61.11 27.20 47.93 457.00 15 41 3
71 15.44 29.31 39.46 412.22 0 17 3
72 33.85 33.93 48.15 337.86 0 38 3
73 47.41 20.60 23.32 447.99 5 44 2
74 13.62 7.75 33.25 144.80 23 30 3
75 42.74 14.66 6.97 356.47 3 28 4
76 66.72 91.31 15.69 152.70 12 35 2
77 90.98 40.19 15.26 213.14 23 48 4
78 21.32 54.41 33.32 449.27 13 33 3
79 59.42 67.97 47.50 191.24 7 40 5
80 26.17 16.84 43.49 281.98 17 26 4
81 34.65 80.39 13.56 142.41 5 43 4
82 92.77 79.54 26.41 369.01 2 22 3
83 73.44 18.47 38.28 168.09 5 46 2
84 72.90 95.02 42.17 334.18 12 33 1
85 50.98 28.71 26.21 378.95 22 44 5
86 68.20 57.15 34.02 446.18 9 27 1
87 27.24 47.68 47.51 470.01 5 41 1
88 93.16 59.52 33.90 214.50 15 45 1
89 68.44 30.26 33.02 291.75 7 10 3
90 1.27 6.34 37.07 410.28 12 21 3
91 57.43 99.82 14.92 111.35 20 36 5
92 78.80 9.88 43.11 477.81 14 20 2
93 44.65 91.84 5.19 384.62 14 36 5
94 29.73 84.96 21.10 349.69 13 28 3
95 67.37 73.08 7.28 220.60 8 21 1
96 47.13 94.24 42.94 307.31 3 12 5
97 12.97 14.38 49.21 280.49 22 33 2
98 13.56 47.10 48.21 254.72 5 14 2
99 33.01 40.10 29.64 366.45 5 34 2
100 12.91 45.64 44.20 60.19 5 10 5
101 53.38 44.19 10.87 293.37 0 1 3
102 10.83 17.64 12.61 450.65 1 37 5
103 10.41 3.39 34.75 116.39 0 30 4
104 97.10 88.51 23.91 245.36 18 21 1
105 12.90 75.10 34.56 84.75 13 29 1
106 35.48 93.03 10.82 192.84 7 18 2
107 91.83 27.26 37.89 410.38 15 47 4
108 41.72 32.97 39.90 353.06 14 20 1
109 3.01 34.98 31.39 398.56 22 31 1
110 28.91 30.62 17.87 454.41 3 12 4
111 38.37 90.47 33.67 468.40 8 40 3
112 72.98 58.81 23.64 89.69 13 38 5
113 47.85 16.44 12.04 367.08 11 42 4
114 81.27 41.44 0.63 315.30 12 12 5
115 21.21 64.59 2.60 215.84 0 23 1
116 71.61 81.65 21.25 51.00 13 20 5
117 25.40 16.26 12.40 408.06 24 27 1
118 15.20 46.02 17.99 161.52 4 9 4
119 34.53 69.43 19.75 246.46 12 44 1
120 38.64 99.80 39.21 92.09 6 33 4
121 77.94 11.49 32.00 451.46 22 35 1
122 62.10 0.68 38.17 266.84 19 41 5
123 2.87 86.41 0.67 88.46 0 42 1
124 87.58 0.61 27.22 402.08 4 39 3
125 55.75 99.13 33.53 275.30 11 22 3
126 78.73 33.86 44.11 284.66 5 24 1
127 85.13 24.65 15.02 94.40 20 42 5
128 89.66 43.68 40.36 464.12 21 47 5
129 23.36 19.21 6.36 464.63 24 34 2
130 32.85 95.10 36.77 129.40 24 26 3
131 67.91 27.41 18.40 366.52 17 22 5
132 3.23 84.12 12.93 242.58 11 46 1
133 81.79 6.88 33.74 94.73 4 28 1
134 2.18 86.66 40.85 281.51 19 44 5
135 30.14 29.38 23.75 221.38 9 12 4
136 17.06 57.04 28.78 283.12 13 33 2
137 28.46 4.15 32.04 455.18 6 43 1
138 95.94 11.49 12.55 411.81 10 23 3
139 18.21 64.18 27.96 289.38 21 36 3
140 75.19 35.69 42.49 358.77 16 25 1
141 88.55 65.24 30.54 81.58 7 17 2
142 42.29 39.62 1.14 322.97 7 40 1
143 80.49 19.76 17.95 324.11 18 26 1
144 82.05 20.50 32.46 351.27 9 24 3
145 68.39 79.35 27.99 376.48 0 16 2
146 4.15 29.11 14.30 338.08 24 24 4
147 83.08 29.82 11.26 277.27 1 1 5
148 3.39 94.78 12.40 300.41 2 42 2
149 66.92 23.44 6.03 72.94 22 37 4
150 22.70 31.21 29.29 249.29 10 22 1
151 82.17 59.93 49.28 496.35 6 16 3
152 93.19 72.08 6.99 453.51 0 37 3
153 3.40 65.55 36.03 367.12 6 16 4
154 98.61 25.14 48.19 301.04 20 34 4
155 58.49 96.97 29.19 126.48 18 20 3
156 22.11 77.33 37.90 167.61 16 38 3
157 16.85 74.19 26.34 454.38 4 34 2
158 97.26 42.69 42.20 77.16 24 33 1
159 57.17 37.85 45.46 492.94 13 23 4
160 61.62 27.18 13.14 283.72 22 23 5
161 18.31 71.02 8.97 213.60 1 35 3
162 8.26 76.78 1.87 103.50 15 25 2
163 22.83 57.59 35.23 210.25 3 13 2
164 77.59 57.50 23.07 356.32 22 33 5
165 68.35 95.98 11.39 103.32 7 7 4
166 74.91 33.01 18.65 94.84 0 31 4
167 41.14 93.24 49.29 472.08 24 32 1
168 24.26 42.00 45.58 268.46 14 23 4
169 48.27 64.33 2.97 391.00 17 39 4
170 52.14 27.18 18.77 172.31 16 29 5
171 0.93 35.35 28.00 447.21 12 26 2
172 27.71 5.89 13.56 400.50 20 35 4
173 18.16 33.51 45.52 77.41 4 30 3
174 95.07 76.40 36.93 66.50 7 39 2
175 46.78 37.65 16.81 96.85 17 34 3
176 83.55 43.81 27.23 445.01 5 40 4
177 81.42 23.16 2.78 384.22 12 34 1
178 98.32 32.76 43.72 403.77 2 41 3
179 78.62 71.29 9.49 360.79 12 37 2
180 6.68 55.18 39.22 395.53 1 35 1
181 94.09 96.06 17.49 196.37 15 22 2
182 62.64 1.41 46.97 433.78 1 13 4
183 28.51 83.29 34.04 118.36 15 36 2
184 73.58 22.88 22.99 332.30 16 23 4
185 74.83 14.33 5.33 68.48 19 45 5
186 58.61 14.88 20.87 98.85 18 42 2
187 71.13 30.83 13.23 232.56 20 23 1
188 49.56 54.86 8.77 230.09 0 31 3
189 88.88 67.31 40.01 139.07 16 46 4
190 92.95 62.24 38.81 311.72 20 33 4
191 8.89 31.41 21.04 465.59 6 35 2
192 17.08 27.82 26.79 268.75 12 40 4
193 25.42 8.71 0.61 389.04 3 30 1
194 53.61 99.83 12.81 374.14 5 29 4
195 75.52 43.97 23.66 128.06 3 28 4
196 45.04 11.66 40.96 188.23 14 44 1
197 24.92 76.50 4.90 232.38 13 39 5
198 54.34 24.15 22.94 327.12 1 11 1
199 2.04 4.44 23.61 466.64 12 23 4
200 99.66 67.95 17.31 103.84 7 25 1
201 44.23 91.90 33.93 225.30 13 21 2
202 38.38 9.68 19.45 112.78 10 20 3
203 2.43 54.60 6.07 276.61 18 44 4
204 84.63 4.80 43.54 391.17 15 23 2
205 43.08 88.48 31.77 193.62 15 22 2
206 19.44 35.06 31.35 383.01 17 26 4
207 12.70 77.41 0.63 287.29 3 16 1
208 55.98 12.83 20.77 168.06 1 30 5
209 50.23 83.37 26.05 287.81 15 36 4
210 86.79 4.42 3.16 210.09 10 29 1
211 74.98 88.67 28.71 70.73 13 31 5
212 97.22 71.30 26.93 110.48 5 20 2
213 51.01 54.59 17.28 137.22 16 38 5
214 15.93 66.44 7.28 252.66 18 29 2
215 34.02 45.59 42.61 140.84 11 12 3
216 86.09 9.50 17.00 159.08 1 9 2
217 43.80 60.30 16.31 268.03 6 29 1
218 52.00 23.55 18.44 357.88 10 28 4
219 94.70 9.56 23.79 320.57 4 37 4
220 14.12 66.10 20.08 310.14 1 34 5
221 47.40 28.02 12.86 123.66 17 21 4
222 86.42 6.22 11.00 263.07 12 33 4
223 67.16 50.34 41.36 283.31 5 29 2
224 54.29 17.04 9.91 311.48 18 37 5
225 39.06 7.90 48.76 73.21 2 26 3
226 64.94 45.27 29.71 273.30 24 37 4
227 79.82 99.29 15.79 186.66 0 24 5
228 84.26 87.42 2.51 257.56 23 32 2
229 64.74 24.68 42.65 194.47 18 20 2
230 63.66 68.91 6.14 426.65 2 37 5
231 31.14 9.05 12.58 207.66 2 7 2
232 63.72 44.91 1.28 380.35 21 24 4
233 30.43 92.20 4.22 436.14 19 36 2
234 22.87 43.07 23.04 195.23 17 24 4
235 37.49 57.32 21.98 491.36 18 20 5
236 74.05 34.71 45.32 210.53 11 38 1
237 98.59 79.97 22.79 375.81 17 17 1
238 56.70 54.94 13.60 299.40 1 29 5
239 46.03 81.75 10.59 410.12 11 16 5
240 6.88 87.78 10.99 486.78 9 26 5
241 74.83 3.65 27.78 406.88 21 44 3
242 52.21 30.68 24.55 332.46 15 36 5
243 68.89 53.91 26.13 258.47 11 19 1
244 31.38 90.60 13.37 66.73 14 48 3
245 17.38 42.83 39.39 81.94 4 16 2
246 30.10 5.71 48.61 270.69 16 38 2
247 40.86 54.53 43.17 314.44 18 28 2
248 16.32 33.56 48.39 430.76 23 34 4
249 51.87 55.99 4.42 293.07 21 26 2
250 53.36 82.45 15.57 415.22 4 39 1
251 68.35 70.67 44.57 441.25 16 20 4
252 75.43 47.38 20.56 463.02 19 47 3
253 53.45 76.16 21.68 156.42 12 13 5
254 23.69 76.67 39.20 424.22 23 41 5
255 77.32 28.28 18.29 134.89 9 48 4
256 1.71 46.51 21.01 60.88 17 26 3
257 20.45 9.79 38.92 478.26 17 18 4
258 41.25 25.15 18.66 399.53 13 45 5
259 37.69 10.02 22.20 436.02 1 43 4
260 7.89 96.73 20.75 245.27 3 18 3
261 25.28 95.83 32.25 429.40 21 30 1
262 31.58 48.37 31.11 487.19 21 48 4
263 95.21 5.37 21.23 102.94 2 33 5
264 88.16 28.64 1.88 371.86 12 42 3
265 19.81 63.80 43.73 387.72 20 40 1
266 46.62 32.59 11.01 114.73 9 13 1
267 41.45 39.66 39.85 430.52 21 35 3
268 65.98 6.03 26.79 376.11 2 31 1
269 23.76 98.42 0.56 81.17 15 21 1
270 20.99 17.41 34.66 443.08 21 35 3
271 74.14 68.48 22.88 426.81 1 24 3
272 10.21 51.10 26.31 370.43 9 15 1
273 74.23 89.46 18.17 91.97 1 25 2
274 41.13 93.05 45.28 210.39 12 42 1
275 66.91 29.97 36.20 327.35 23 44 5
276 47.18 71.08 42.57 81.57 7 29 4
277 60.10 7.07 4.36 278.40 4 48 1
278 61.94 9.36 19.57 380.97 0 26 5
279 42.68 38.38 35.21 153.42 12 33 1
280 47.39 48.60 31.47 173.19 4 16 4
281 8.39 50.41 7.39 460.54 10 12 4
282 73.49 62.47 16.92 341.14 10 15 1
283 89.91 8.65 7.38 452.53 11 18 5
284 81.29 64.63 27.94 489.32 24 28 2
285 92.33 14.56 15.75 60.04 24 24 4
286 70.97 83.05 38.41 476.25 24 35 5
287 29.29 37.18 34.95 325.65 0 37 5
288 56.76 74.58 44.96 309.16 20 47 2
289 58.81 70.12 16.34 248.35 0 14 5
290 16.07 60.52 14.70 221.89 23 26 2
291 13.99 29.63 8.17 238.08 6 10 3
292 76.13 23.87 27.10 147.66 19 19 5
293 63.70 55.01 38.03 158.30 20 36 2
294 16.35 55.93 20.61 191.87 2 17 4
295 16.40 44.85 12.94 316.73 19 37 4
296 7.59 11.26 11.01 471.72 20 40 4
297 50.66 20.71 6.17 65.31 13 26 5
298 64.60 82.89 49.74 147.95 15 24 2
299 54.11 89.62 48.85 419.30 6 40 4
300 12.57 7.51 10.62 284.09 16 37 1
301 9.49 71.48 28.06 115.15 10 21 3
302 91.02 37.73 49.63 256.31 10 11 3
303 48.26 91.35 37.17 454.77 5 41 1
304 46.55 68.18 6.39 203.49 9 39 5
305 70.58 99.50 44.91 246.45 8 24 3
306 21.31 18.49 29.05 232.12 24 25 5
307 42.53 87.51 24.91 418.99 5 11 1
308 28.56 70.00 41.69 339.86 23 34 2
309 7.86 40.47 49.14 296.63 18 42 4
310 31.07 42.66 40.29 184.99 6 15 5
311 50.40 8.41 25.92 452.07 11 22 4
312 51.44 71.52 25.57 290.42 24 36 4
313 42.38 65.66 0.23 277.15 24 45 2
314 91.98 97.69 34.60 379.98 0 31 4
315 10.42 69.96 24.31 428.46 2 36 1
316 92.60 77.61 48.28 259.79 19 38 5
317 15.09 56.49 22.81 118.82 5 28 1
318 92.37 23.58 38.65 255.60 1 23 1
319 2.11 88.34 23.35 186.51 5 46 2
320 60.27 24.72 40.55 299.56 7 37 1
321 75.69 5.89 42.88 316.60 6 16 1
322 35.82 77.95 44.22 230.59 13 27 2
323 27.06 41.02 23.92 96.50 22 32 3
324 41.76 19.88 38.32 95.27 22 33 2
325 52.79 57.97 10.83 432.14 13 35 4
326 32.95 38.86 21.33 202.62 8 20 1
327 45.21 14.40 1.41 249.10 18 18 1
328 18.08 61.59 15.31 188.06 16 37 3
329 28.76 98.08 48.26 330.08 14 38 1
330 74.55 69.85 2.24 334.51 0 36 5
331 94.49 30.55 0.88 242.84 5 9 2
332 5.62 9.09 21.57 174.17 15 37 2
333 1.94 79.75 31.70 137.93 2 40 2
334 22.20 55.31 7.72 215.77 18 48 5
335 87.13 8.63 39.64 436.64 13 39 3
336 31.76 51.38 1.33 338.55 7 48 2
337 74.70 92.00 25.58 368.72 13 18 5
338 66.99 84.75 33.32 457.73 10 23 4
339 68.82 54.35 21.13 381.28 18 36 1
340 84.88 89.70 34.34 165.78 23 25 5
341 77.40 69.08 9.06 307.98 12 20 2
342 25.74 1.30 15.07 377.45 3 42 1
343 10.93 70.35 17.86 68.47 22 40 4
344 12.82 41.83 16.29 318.37 3 15 5
345 92.71 17.28 6.11 373.85 10 28 1
346 79.96 74.27 38.21 351.55 16 47 2
347 35.57 40.91 5.77 285.62 22 23 5
348 72.49 54.06 12.70 442.02 16 20 1
349 32.38 30.03 6.24 213.12 16 40 5
350 88.72 39.36 18.18 276.51 21 28 2
351 69.17 76.41 9.22 344.92 16 27 1
352 10.22 31.23 41.85 154.43 8 16 4
353 13.53 69.24 42.81 360.53 8 42 5
354 5.78 30.85 48.05 381.69 9 29 2
355 70.17 41.65 21.68 134.98 12 36 1
356 75.40 73.29 10.59 354.43 24 25 3
357 37.79 49.71 27.33 149.90 6 25 3
358 72.23 42.50 31.04 255.00 4 44 2
359 63.04 53.74 22.16 248.16 3 40 5
360 86.50 55.75 5.21 141.32 19 20 2
361 24.22 71.46 35.36 350.47 9 23 3
362 60.42 54.69 22.61 127.84 16 47 2
363 15.44 73.93 45.72 113.60 22 47 3
364 84.82 74.88 24.72 200.97 13 36 4
365 75.15 75.87 37.82 94.69 2 19 2
366 97.50 4.15 0.06 490.59 13 35 4
367 89.55 99.34 49.66 458.59 21 39 4
368 74.89 28.95 10.00 196.11 18 48 5
369 91.16 24.33 47.85 378.20 10 37 3
370 67.84 54.65 39.80 192.50 14 20 4
371 31.78 73.21 15.93 488.55 2 38 4
372 61.82 84.74 17.01 301.60 11 45 3
373 49.54 68.39 26.17 159.36 13 16 4
374 42.96 98.18 27.86 422.41 15 19 1
375 36.69 22.32 24.10 91.67 6 34 1
376 73.76 3.20 14.48 83.62 10 45 5
377 66.98 81.82 16.87 470.20 24 33 3
378 8.02 60.36 18.19 458.10 0 27 4
379 13.01 57.85 14.62 194.73 5 26 5
380 52.75 42.90 18.36 239.00 8 46 4
381 98.81 1.23 39.25 410.00 8 26 4
382 99.13 76.48 36.77 310.13 9 40 2
383 14.70 73.14 39.37 309.73 19 19 4
384 98.38 40.15 17.27 313.86 8 12 1
385 62.95 90.01 37.19 165.04 13 16 3
386 14.03 29.29 9.39 63.15 1 15 3
387 40.97 77.92 25.89 469.20 18 28 3
388 67.39 68.55 25.97 225.86 9 17 5
389 23.96 93.87 43.90 495.91 16 35 5
390 68.70 28.81 15.48 224.73 0 30 5
391 30.99 75.09 7.84 417.12 0 6 3
392 25.57 51.39 30.47 477.78 17 28 4
393 38.48 91.61 4.70 156.75 14 26 5
394 64.52 56.85 43.40 256.74 6 11 5
395 54.56 29.38 42.86 195.45 1 25 2
396 8.11 38.44 31.92 230.59 10 28 2
397 39.80 47.98 14.36 320.14 14 27 4
398 22.16 43.81 40.52 207.46 20 47 3
399 21.35 55.53 40.87 74.31 6 41 1
400 37.60 5.89 4.85 172.46 19 29 1
401 20.18 27.49 32.50 280.98 18 30 1
402 98.17 62.01 18.19 209.78 20 29 2
403 39.87 88.72 16.39 363.66 14 27 2
404 30.39 53.38 36.95 338.12 12 44 1
405 42.60 57.92 18.68 248.61 10 11 1
406 69.09 32.78 17.73 63.97 0 42 5
407 86.97 13.74 28.15 488.58 17 22 4
408 38.33 49.24 2.05 445.88 10 29 5
409 74.00 93.19 42.36 390.55 0 46 3
410 72.03 16.79 34.77 183.01 9 26 2
411 2.80 27.25 7.06 460.77 19 28 4
412 89.34 23.02 28.46 292.91 17 23 3
413 96.43 1.31 38.52 159.94 14 35 4
414 20.04 53.14 22.15 223.38 2 12 1
415 58.36 8.30 17.98 159.76 9 42 5
416 27.00 59.65 9.51 377.52 13 23 5
417 39.29 40.99 42.73 454.41 15 21 3
418 80.12 54.61 17.83 259.48 11 37 1
419 26.50 7.98 32.57 447.63 5 7 2
420 0.83 48.38 37.88 384.42 13 38 1
421 18.36 83.17 13.51 70.30 19 25 5
422 14.08 13.06 10.27 350.68 24 35 1
423 17.13 42.55 47.42 470.18 22 24 1
424 82.08 79.16 2.31 138.54 12 35 2
425 50.69 31.38 10.11 68.83 20 21 5
426 0.30 55.40 11.43 336.59 24 30 5
427 44.78 27.18 9.76 241.27 11 23 4
428 40.57 79.03 25.76 402.93 3 9 4
429 49.49 74.64 7.12 424.22 5 29 1
430 17.63 37.79 26.60 381.54 0 22 5
431 2.26 99.69 4.65 230.67 16 46 1
432 59.05 60.37 34.01 211.16 19 20 2
433 52.05 35.30 4.48 444.67 13 42 5
434 35.82 70.46 32.55 136.85 0 14 5
435 98.40 72.44 23.14 180.03 16 35 4
436 76.71 16.48 2.02 414.66 20 28 1
437 61.13 97.66 41.10 123.01 11 24 4
438 12.65 38.26 36.60 410.09 0 20 1
439 75.11 70.73 34.63 104.97 0 16 3
440 97.33 70.62 5.20 261.66 16 36 3
441 93.14 81.95 26.25 295.64 5 32 2
442 43.92 49.45 3.32 380.06 21 28 4
443 79.32 39.32 46.86 280.24 3 19 2
444 42.45 16.85 44.93 413.62 13 33 1
445 30.97 49.63 26.60 288.46 11 29 3
446 96.79 29.54 23.71 120.92 18 36 5
447 72.38 72.45 4.44 326.28 5 48 5
448 81.86 90.65 1.98 291.57 19 31 2
449 61.08 41.41 6.21 472.65 13 17 1
450 29.91 39.08 17.00 62.77 3 38 4
451 87.28 85.78 21.99 71.17 4 43 1
452 61.05 50.88 22.54 403.00 9 18 5
453 81.15 85.00 38.68 377.91 4 17 3
454 67.94 94.09 29.68 98.99 10 28 1
455 19.52 17.02 34.92 420.79 10 44 5
456 50.16 11.25 49.06 405.81 3 19 1
457 91.15 85.91 18.23 167.77 17 22 2
458 69.25 67.17 44.62 497.79 12 34 1
459 71.60 20.14 21.55 391.51 9 31 5
460 42.64 43.02 40.39 167.20 18 47 4
461 79.75 84.91 25.37 94.20 18 46 4
462 8.94 29.21 38.63 221.10 6 24 3
463 54.88 8.80 37.37 178.33 23 42 2
464 77.62 18.42 11.74 362.72 14 20 1
465 16.77 90.70 44.33 301.18 6 11 1
466 79.19 97.99 32.47 144.11 12 27 3
467 70.64 19.78 5.63 288.64 5 18 1
468 25.76 93.25 7.03 312.00 1 22 4
469 56.27 34.46 29.29 141.24 6 16 1
470 9.83 36.76 11.56 287.57 15 33 2
471 88.71 46.78 46.73 69.55 8 42 4
472 48.09 58.80 47.17 216.16 14 14 5
473 11.99 69.22 14.35 456.31 19 20 5
474 19.51 70.68 0.15 84.65 1 39 5
475 63.43 15.06 30.66 349.98 18 30 5
476 21.98 84.40 39.52 381.85 5 28 4
477 81.36 13.92 10.27 67.34 13 39 5
478 72.25 89.83 39.20 467.94 8 48 4
479 56.66 36.09 24.01 167.73 9 25 2
480 32.74 50.61 24.90 136.01 22 27 1
481 19.05 47.40 22.49 178.24 13 36 3
482 43.14 92.21 3.91 496.55 14 34 3
483 63.41 79.21 47.81 370.19 15 37 5
484 62.84 77.59 12.58 248.53 16 46 1
485 32.35 33.21 5.68 197.86 15 47 2
486 15.26 64.30 46.52 253.92 14 41 3
487 72.35 81.68 17.69 457.19 20 26 4
488 32.85 1.09 42.13 417.80 13 48 4
489 26.38 6.85 24.24 369.51 18 48 5
490 7.61 73.56 15.28 214.67 1 23 1
491 38.09 34.90 15.23 470.83 4 17 3
492 31.51 35.23 40.62 311.77 23 46 5
493 49.41 72.10 48.69 496.30 9 33 4
494 96.22 72.98 19.06 469.15 2 2 4
495 91.69 74.77 36.96 324.78 2 43 3
496 69.86 82.11 43.82 195.43 13 13 4
497 38.86 40.25 40.19 435.85 7 33 2
498 19.33 73.78 36.94 241.74 0 32 3
499 74.67 49.13 43.60 266.53 12 39 3
500 35.14 73.32 7.95 482.26 3 20 5
1 116.92 4413.07 1
2 149.27 2928.20 2
3 121.60 4770.20 3
4 122.71 4596.37 4
5 165.76 4285.27 5
6 111.43 3890.42 1
1 1.46 46.05 4
2 1.03 47.03 6
3 1.07 35.41 1
4 1.84 26.63 5
5 1.16 39.83 3
6 1.58 27.48 6
7 1.62 27.49 2
8 1.75 46.12 6
9 1.60 30.75 2
10 1.51 38.37 6
11 1.73 30.02 1
12 1.60 27.19 5
