Data for Vehicle routing problem with drones - Author: Huyen Do Thi Ngoc
Number of depots: 1
Number of cities: 200
Number of trucks: 2
Number of drones: 7
Area: 100 100 50
Customer maximum demand: 500
Max capacity of truck: 200
Max energy of truck: 5000
Max capacity of drone: 2
Max energy of drone: 50
1 57.14 1.32 42.11
1 48.30 15.31 28.64 151.91 8 36 1
2 33.85 54.07 25.50 75.06 16 21 1
3 88.51 58.40 31.27 378.32 23 37 1
4 50.77 83.94 5.09 453.63 16 33 1
5 30.11 81.16 19.20 420.88 20 22 1
6 76.44 2.37 31.44 61.16 22 23 1
7 73.63 77.37 45.99 479.49 12 28 1
8 39.96 24.77 27.81 285.62 3 4 1
9 89.58 23.87 48.73 327.92 15 18 1
10 49.94 43.45 12.34 419.15 9 37 1
11 84.51 35.10 1.92 436.90 19 29 1
12 85.79 71.64 39.08 479.20 5 9 1
13 84.65 32.58 23.47 142.93 2 31 1
14 89.59 64.20 28.35 302.81 8 37 1
15 15.61 61.37 3.32 310.78 24 42 1
16 28.75 46.12 20.06 372.75 12 12 1
17 81.60 70.67 5.57 225.01 24 36 1
18 67.28 31.44 36.66 150.91 12 16 1
19 6.57 68.01 10.32 329.15 18 47 1
20 99.22 39.31 26.67 440.06 6 11 1
21 62.54 96.75 27.40 81.19 21 34 1
22 6.33 70.21 12.15 489.77 10 47 1
23 62.10 11.36 38.87 380.66 5 48 1
24 68.32 46.23 18.23 295.90 10 18 1
25 78.54 62.93 11.13 371.41 24 30 1
26 68.45 18.72 39.47 126.68 2 26 1
27 60.72 6.17 42.84 102.62 14 17 1
28 44.43 10.01 38.20 305.86 24 38 1
29 39.56 15.24 10.68 494.45 2 46 1
30 27.67 83.70 16.58 398.10 24 38 1
31 15.58 24.53 18.08 468.94 20 45 1
32 80.24 7.04 1.73 161.79 11 36 1
33 60.62 78.58 49.17 310.05 20 41 1
34 9.48 60.96 15.46 253.39 15 16 1
35 1.96 82.75 8.83 327.00 11 21 1
36 72.74 93.73 27.82 377.28 17 34 1
37 86.89 52.36 48.03 317.63 16 41 1
38 87.80 61.13 5.00 344.03 20 26 1
39 34.00 39.47 47.52 224.25 18 34 1
40 75.35 86.20 37.63 218.33 22 24 1
41 22.06 88.22 36.68 123.02 20 23 1
42 79.32 54.25 27.37 435.37 7 45 1
43 55.58 31.70 30.43 204.14 20 20 1
44 6.14 4.55 2.05 180.21 10 42 1
45 35.25 96.07 49.01 135.84 12 22 1
46 7.17 87.71 47.96 336.94 3 8 1
47 48.88 3.28 40.30 406.01 16 20 1
48 45.12 50.73 18.45 259.93 13 32 1
49 32.34 11.30 6.18 72.07 20 28 1
50 13.62 87.96 24.45 60.04 19 26 1
51 24.86 63.19 3.22 77.03 1 15 1
52 80.46 86.86 3.70 190.70 19 19 1
53 9.08 33.17 7.48 132.39 19 20 1
54 65.91 74.33 26.62 426.34 9 35 1
55 88.68 59.39 34.35 159.59 6 31 1
56 36.33 13.75 6.25 476.59 11 16 1
57 95.90 18.70 19.56 247.75 13 16 1
58 59.25 11.78 22.78 391.18 11 42 1
59 88.57 51.54 26.36 165.12 13 47 1
60 10.08 91.27 3.64 336.13 10 30 1
61 68.94 18.65 32.53 57.38 0 12 1
62 55.96 56.48 1.39 164.87 16 31 1
63 42.75 42.14 1.66 491.45 17 39 1
64 8.88 33.12 10.04 368.76 3 46 1
65 62.52 92.68 28.39 487.66 21 24 1
66 18.50 12.63 4.17 100.32 13 26 1
67 72.51 26.12 3.80 452.42 3 22 1
68 21.35 55.90 11.25 490.65 11 23 1
69 31.38 5.59 31.27 334.95 1 41 1
70 93.10 51.85 18.94 143.76 7 15 1
71 63.10 61.02 43.21 218.56 20 32 1
72 49.65 37.52 24.89 229.48 17 28 1
73 12.07 15.78 29.33 366.79 18 34 1
74 94.80 76.24 30.28 234.01 24 44 1
75 75.09 0.25 47.60 368.82 13 30 1
76 95.35 48.47 25.30 192.46 2 21 1
77 3.36 35.21 27.89 202.05 21 32 1
78 0.85 5.47 24.25 107.48 14 22 1
79 25.28 95.15 27.26 401.23 21 41 1
80 88.38 21.66 18.99 429.49 10 20 1
81 33.75 87.76 24.46 119.02 12 36 1
82 39.48 29.14 10.68 466.11 3 15 1
83 27.33 77.74 22.99 254.06 7 19 1
84 66.65 60.15 18.10 365.11 1 28 1
85 25.89 90.19 38.12 418.89 20 22 1
86 65.04 52.27 23.89 166.47 20 39 1
87 92.87 93.85 8.47 425.35 24 30 1
88 95.41 95.32 25.34 82.84 16 21 1
89 4.64 25.18 2.87 421.54 22 27 1
90 1.86 57.94 34.99 427.64 0 3 1
91 41.49 76.10 21.68 464.56 12 34 1
92 93.64 14.56 0.39 114.92 22 39 1
93 51.23 36.01 49.07 333.27 11 37 1
94 95.66 63.65 10.90 282.24 21 40 1
95 29.69 28.49 9.67 75.77 0 24 1
96 22.09 41.48 3.13 399.48 0 12 1
97 4.28 59.24 29.48 118.41 17 29 1
98 84.50 87.30 37.60 313.00 21 33 1
99 55.75 87.47 10.03 307.83 11 34 1
100 45.37 1.76 43.67 492.65 20 27 1
101 54.34 69.24 7.81 88.28 22 37 1
102 6.76 9.71 32.51 56.20 21 36 1
103 3.61 61.05 40.30 394.56 17 40 1
104 27.31 52.40 30.79 354.31 9 22 1
105 94.20 86.11 6.61 373.72 22 29 1
106 89.24 41.43 44.12 315.81 24 48 1
107 23.96 87.91 8.32 257.11 22 32 1
108 69.69 94.68 26.64 372.65 9 20 1
109 63.08 2.99 45.86 82.89 7 24 1
110 85.20 82.78 15.68 76.51 1 20 1
111 0.46 19.00 7.74 158.83 3 18 1
112 39.15 42.70 15.98 266.88 7 48 1
113 64.40 65.67 28.14 462.20 22 32 1
114 97.20 91.59 23.91 164.42 24 37 1
115 39.22 14.67 19.65 431.20 8 44 1
116 48.08 77.91 19.19 59.34 6 23 1
117 94.39 85.12 28.23 280.45 21 35 1
118 39.56 40.87 2.44 275.73 24 32 1
119 19.74 82.53 28.99 307.82 24 37 1
120 54.50 53.83 33.85 304.13 24 30 1
121 58.69 43.33 7.08 451.24 23 27 1
122 84.13 72.80 20.20 221.86 21 47 1
123 54.24 76.89 12.78 393.62 21 43 1
124 66.26 64.01 24.09 350.02 16 36 1
125 6.49 23.18 3.57 335.17 18 36 1
126 39.64 90.13 6.14 103.53 12 28 1
127 61.56 95.90 39.27 250.82 14 22 1
128 83.20 25.46 17.53 432.67 15 35 1
129 16.38 89.09 28.52 181.75 21 36 1
130 16.09 85.84 10.85 321.83 11 27 1
131 6.35 12.86 10.81 314.00 16 39 1
132 84.20 70.32 15.36 76.80 5 26 1
133 35.04 87.22 5.40 315.34 18 21 1
134 23.72 88.91 13.45 342.49 20 26 1
135 90.06 41.31 14.14 310.98 17 26 1
136 23.78 39.16 32.48 341.46 1 6 1
137 5.87 26.60 48.03 405.92 22 45 1
138 52.87 69.40 20.53 490.07 3 18 1
139 56.08 74.20 46.99 158.10 15 40 1
140 60.57 8.75 32.03 281.55 11 45 1
141 4.65 58.66 15.96 446.67 3 46 1
142 75.89 36.64 42.72 477.33 19 40 1
143 78.55 58.61 31.95 364.42 16 20 1
144 40.86 72.10 19.59 490.46 6 32 1
145 24.71 39.92 33.60 179.81 10 23 1
146 87.28 36.06 27.50 233.60 9 40 1
147 60.53 25.89 42.74 397.84 11 17 1
148 70.63 96.68 28.26 261.52 19 30 1
149 75.78 18.67 36.65 51.25 12 12 1
150 10.18 54.52 13.48 108.73 17 30 1
151 48.34 16.28 17.35 58.05 11 14 1
152 27.34 95.66 45.47 302.08 16 44 1
153 50.43 50.09 23.80 112.90 8 36 1
154 63.91 68.37 2.39 465.01 15 30 1
155 56.15 84.48 12.11 291.28 21 22 1
156 67.21 4.33 32.49 131.71 8 38 1
157 67.80 68.33 41.39 379.58 11 41 1
158 49.47 58.12 3.92 334.52 22 42 1
159 38.17 50.52 25.45 350.19 14 32 1
160 38.60 78.36 13.41 131.93 5 27 1
161 20.56 94.37 47.44 201.34 18 30 1
162 2.97 42.01 38.17 214.33 9 23 1
163 44.65 26.09 2.03 100.14 8 27 1
164 16.95 7.34 22.71 441.84 24 35 1
165 27.77 62.79 24.63 70.05 16 44 1
166 87.45 54.53 48.18 155.80 3 31 1
167 6.29 85.87 33.97 443.44 6 10 1
168 71.21 65.67 48.97 241.09 17 42 1
169 83.56 42.23 36.87 480.92 4 40 1
170 20.84 95.55 31.70 365.18 21 28 1
171 27.69 35.96 38.49 382.30 20 31 1
172 48.55 77.22 24.73 230.12 5 48 1
173 54.47 69.44 42.09 237.76 16 18 1
174 16.92 80.00 19.97 175.62 22 33 1
175 59.02 20.12 35.00 154.72 11 21 1
176 21.99 94.66 15.64 281.53 13 32 1
177 85.32 4.32 23.35 262.92 13 31 1
178 95.61 79.56 3.31 70.95 21 42 1
179 33.88 47.10 3.55 330.06 18 21 1
180 63.07 32.74 7.53 255.20 0 24 1
181 94.91 67.30 3.06 64.79 7 37 1
182 35.27 11.68 6.58 217.47 8 27 1
183 29.19 13.43 34.08 338.33 11 43 1
184 60.40 68.70 36.23 236.20 24 47 1
185 18.31 3.90 8.54 166.04 0 17 1
186 45.00 85.28 43.32 454.48 14 40 1
187 61.00 1.66 4.19 244.45 9 47 1
188 82.85 32.39 28.69 99.20 16 35 1
189 57.22 48.05 29.28 434.10 14 18 1
190 4.83 22.51 0.13 281.94 21 39 1
191 75.69 43.46 31.37 322.98 2 5 1
192 6.02 4.78 48.08 315.07 4 14 1
193 16.87 46.60 8.76 310.73 16 23 1
194 11.61 91.91 33.83 256.26 17 20 1
195 14.61 56.68 47.74 104.72 11 42 1
196 13.98 66.03 41.00 434.38 16 37 1
197 31.45 48.81 39.32 239.40 2 48 1
198 76.27 98.17 22.91 244.34 11 31 1
199 29.41 3.84 42.55 491.79 14 14 1
200 23.65 30.18 29.77 388.73 16 47 1
1 153.33 4955.47 1
2 188.63 4250.69 1
1 1.30 28.32 1
2 1.99 32.18 1
3 1.31 25.81 2
4 1.54 48.25 1
5 1.49 27.57 2
6 1.23 47.10 1
7 1.37 49.30 1
