Data for Vehicle routing problem with drones - Author: Huyen Do Thi Ngoc
Number of depots: 3
Number of cities: 500
Number of trucks: 5
Number of drones: 10
Area: 100 100 50
Customer maximum demand: 500
Max capacity of truck: 200
Max energy of truck: 5000
Max capacity of drone: 2
Max energy of drone: 50
1 25.89 87.89 49.48
2 18.78 42.18 46.77
3 95.25 98.25 32.25
1 69.60 67.17 5.87 365.79 15 31 2
2 74.95 65.89 19.81 271.77 3 37 3
3 85.00 44.39 8.80 113.49 14 46 3
4 43.47 85.69 6.45 300.29 14 47 2
5 65.73 2.45 41.32 239.04 8 13 2
6 58.70 10.29 46.47 347.02 17 33 3
7 29.71 48.38 24.85 419.03 6 16 3
8 53.27 40.29 36.93 419.60 13 43 2
9 12.78 25.65 24.27 96.04 7 37 2
10 47.79 24.95 29.80 255.74 3 8 1
11 97.86 20.69 22.22 98.91 18 28 2
12 95.57 46.72 25.52 66.80 5 7 2
13 90.29 7.33 1.23 302.74 3 33 1
14 44.22 80.72 44.64 77.67 21 33 3
15 43.87 0.30 14.91 302.03 15 41 2
16 92.02 92.50 32.61 237.40 1 30 1
17 98.08 62.89 23.79 299.73 4 36 1
18 65.05 33.18 15.79 259.88 14 31 3
19 91.47 38.54 33.21 475.45 10 26 3
20 29.88 85.57 34.21 303.05 7 45 2
21 76.44 10.97 41.18 66.05 8 24 2
22 1.89 97.29 10.31 233.06 16 26 2
23 23.43 70.05 36.19 363.60 2 17 1
24 10.84 66.46 31.66 318.56 2 11 2
25 48.42 80.93 9.32 213.74 1 7 2
26 80.74 50.74 41.67 391.60 1 33 3
27 23.08 25.25 42.86 103.32 5 7 1
28 78.82 7.17 23.94 367.22 0 2 3
29 16.18 96.32 3.66 250.25 16 25 1
30 11.20 54.64 42.09 451.37 14 36 1
31 28.34 66.80 48.89 364.33 11 18 2
32 1.30 73.25 29.13 408.73 22 42 2
33 29.56 1.10 43.19 489.92 14 28 2
34 62.77 80.83 9.25 471.06 10 40 3
35 94.57 84.88 29.53 455.69 8 21 2
36 96.45 88.98 23.07 209.87 18 34 1
37 6.99 57.90 6.93 72.07 4 11 1
38 61.47 63.75 38.64 380.61 8 43 3
39 5.45 56.17 22.40 199.43 4 45 1
40 61.98 39.95 33.11 432.29 22 30 3
41 89.80 26.92 18.83 164.02 0 32 1
42 66.79 45.74 18.96 186.80 18 42 3
43 4.18 19.22 26.97 386.87 20 34 1
44 27.17 34.18 16.19 349.57 18 18 2
45 83.01 28.55 16.74 341.49 24 46 2
46 6.52 30.02 40.08 109.53 2 15 2
47 53.36 81.45 34.25 400.79 8 38 2
48 76.36 16.78 12.87 419.16 21 48 1
49 5.07 4.14 15.65 319.38 17 48 3
50 74.81 21.63 36.69 206.99 1 48 1
51 82.65 52.40 8.42 163.62 0 5 3
52 7.11 13.01 7.63 89.65 9 11 2
53 13.36 79.89 47.17 488.76 5 22 3
54 30.39 16.63 10.45 362.29 0 47 3
55 29.23 65.28 36.13 163.66 22 42 2
56 59.92 43.31 44.23 412.23 4 9 1
57 33.83 91.62 3.00 279.49 5 7 2
58 30.79 56.25 31.73 150.73 12 48 2
59 56.13 63.80 14.18 443.32 15 31 2
60 8.48 12.07 19.67 423.45 23 24 3
61 49.58 89.64 33.52 456.63 15 25 2
62 1.04 57.06 10.72 250.71 13 42 1
63 56.22 84.44 23.59 228.04 7 8 3
64 44.08 8.35 2.07 498.32 17 36 3
65 34.98 35.67 39.42 98.22 14 39 1
66 95.82 80.28 13.86 359.63 22 33 1
67 62.43 73.89 10.02 86.89 17 25 3
68 48.72 83.11 12.75 292.45 21 40 2
69 66.05 63.62 46.18 414.29 18 22 3
70 16.18 9.50 26.54 305.17 12 33 3
71 21.54 10.38 3.82 168.95 20 25 1
72 60.74 90.97 45.66 133.94 24 39 2
73 36.49 35.04 16.94 126.95 1 11 2
74 37.43 19.66 48.61 168.13 16 41 2
75 28.88 76.60 47.33 449.87 3 32 1
76 76.04 35.57 41.68 184.31 2 48 1
77 85.97 26.77 16.28 318.87 13 43 3
78 53.53 61.13 22.89 263.46 7 48 1
79 88.66 48.12 33.56 416.36 5 35 2
80 63.48 47.03 11.62 89.32 6 35 2
81 44.62 76.24 31.38 55.50 16 36 1
82 36.29 38.44 31.34 479.08 21 27 1
83 46.34 93.00 19.21 494.74 14 48 2
84 16.75 65.56 36.69 115.96 5 22 1
85 86.30 22.69 32.52 473.88 20 38 1
86 69.22 39.52 9.47 169.04 16 28 3
87 66.73 65.13 48.32 256.26 11 11 2
88 71.99 22.83 28.27 298.05 24 30 3
89 55.71 45.23 39.91 381.14 20 44 3
90 63.84 8.66 11.10 205.39 7 38 3
91 94.53 62.73 27.17 259.61 13 29 1
92 13.98 75.86 7.31 490.65 17 39 1
93 49.56 69.86 15.26 246.02 9 24 2
94 39.82 22.56 32.92 481.67 24 34 1
95 56.62 71.25 48.12 286.84 9 45 2
96 57.86 6.96 6.30 287.14 21 32 2
97 89.58 46.51 5.30 261.58 18 34 3
98 92.76 19.40 35.55 159.39 6 30 3
99 75.60 72.96 10.56 439.72 18 20 2
100 63.49 6.03 2.24 134.80 22 34 3
101 36.16 66.43 40.69 244.51 17 34 1
102 5.13 31.22 45.90 387.21 13 29 1
103 92.60 11.85 44.66 357.36 11 42 2
104 24.43 34.54 36.19 307.37 13 20 3
105 6.47 85.69 28.65 401.37 16 16 2
106 64.56 0.51 27.87 484.31 20 45 3
107 35.50 0.05 2.98 276.47 20 44 1
108 60.52 53.10 19.48 210.63 10 15 3
109 73.13 36.51 3.88 239.39 14 45 1
110 29.90 11.77 47.26 411.83 13 14 2
111 62.71 5.50 25.35 465.77 17 30 3
112 32.84 53.84 21.49 394.61 2 6 3
113 60.02 17.79 15.24 492.76 12 45 3
114 13.14 80.34 23.27 291.82 24 43 2
115 68.24 62.64 11.56 276.34 5 11 2
116 6.13 91.93 11.64 193.89 12 40 2
117 68.29 38.64 38.17 418.59 17 37 1
118 58.13 48.46 22.95 53.29 5 47 2
119 65.38 7.03 23.53 308.75 23 37 1
120 97.37 17.90 20.30 394.27 22 25 3
121 59.40 1.80 8.36 132.89 10 13 3
122 97.18 79.80 14.90 112.55 11 13 2
123 79.99 19.98 0.47 79.16 13 14 2
124 40.03 9.33 45.80 174.15 8 8 2
125 30.31 29.57 2.57 391.00 21 44 2
126 9.25 10.24 37.76 474.26 7 30 2
127 46.73 92.35 47.91 468.28 24 31 2
128 37.45 48.88 17.41 204.27 24 36 3
129 49.23 59.83 29.99 486.16 3 42 2
130 28.20 68.04 38.78 441.64 6 10 1
131 46.51 85.43 34.43 490.91 6 15 3
132 36.61 92.85 42.41 75.50 1 26 3
133 64.80 15.71 14.13 83.80 4 7 3
134 10.37 39.29 10.87 191.37 17 38 3
135 94.03 18.74 42.84 456.86 18 23 1
136 19.72 13.37 18.03 350.42 19 38 2
137 64.47 37.32 6.65 365.39 6 39 2
138 84.56 77.27 11.70 376.19 23 44 2
139 24.10 91.06 32.65 494.35 12 46 1
140 78.67 50.81 31.56 217.00 22 41 1
141 79.57 48.96 30.67 386.36 15 18 3
142 33.15 65.19 37.24 307.02 14 37 3
143 76.14 86.08 37.55 57.26 15 27 3
144 77.76 67.32 34.49 334.35 5 27 2
145 45.85 61.00 10.31 155.80 16 40 2
146 18.99 59.19 30.62 253.60 18 24 1
147 41.67 73.38 24.65 263.31 14 27 1
148 9.81 77.44 19.27 154.31 8 32 3
149 21.42 28.52 29.12 308.11 19 19 3
150 7.61 97.27 45.22 482.77 12 18 3
151 12.39 95.01 21.67 389.33 18 30 2
152 67.71 79.63 9.32 385.44 15 20 2
153 75.26 41.33 45.36 181.86 18 22 1
154 45.21 69.69 18.55 424.33 3 12 3
155 9.23 61.71 36.01 308.54 2 41 2
156 37.47 16.71 15.17 422.29 8 33 2
157 30.80 22.20 19.25 209.76 4 5 1
158 60.81 55.90 22.25 467.79 0 27 2
159 15.53 27.92 31.29 235.20 1 46 3
160 94.32 39.28 35.24 119.24 11 47 1
161 48.98 82.83 7.00 291.12 16 16 3
162 50.54 90.34 26.24 177.39 21 32 1
163 66.65 50.84 33.01 455.67 12 35 1
164 8.23 69.32 41.37 97.47 7 48 3
165 67.00 26.42 15.72 378.61 3 27 2
166 42.32 4.26 38.28 426.01 11 12 2
167 37.10 82.98 26.33 490.42 22 23 1
168 30.37 51.83 40.50 476.29 20 23 2
169 85.02 90.61 17.33 343.83 1 43 3
170 44.12 23.55 39.15 222.23 17 21 1
171 28.27 86.46 13.11 292.90 11 32 3
172 18.27 4.29 0.57 231.22 2 48 2
173 22.31 2.83 19.80 471.30 16 25 2
174 57.53 29.85 16.71 431.82 8 23 2
175 25.87 71.67 0.99 347.84 11 36 2
176 80.29 19.94 44.43 172.51 8 12 3
177 65.84 89.07 10.17 177.78 6 23 3
178 17.09 98.02 7.59 78.25 10 21 2
179 35.93 22.84 7.36 104.94 20 27 1
180 83.75 71.16 39.43 168.58 21 28 1
181 25.30 25.54 10.91 259.83 19 38 2
182 86.42 34.41 11.11 110.78 19 30 3
183 10.97 44.27 36.22 310.73 10 33 3
184 21.95 85.45 42.99 305.31 8 24 3
185 0.29 39.49 4.77 175.56 24 31 1
186 18.36 46.43 41.57 70.56 18 44 2
187 80.17 10.90 7.50 376.37 13 35 3
188 8.80 72.23 34.46 225.69 13 37 3
189 49.93 54.29 48.37 179.62 13 39 2
190 52.75 31.51 41.10 409.71 4 20 1
191 80.94 74.78 5.98 486.70 9 45 2
192 41.45 71.91 12.16 140.97 3 30 3
193 13.85 20.39 13.35 338.75 0 42 2
194 86.33 98.91 7.52 435.68 13 42 1
195 75.24 10.04 7.95 132.00 7 10 2
196 43.77 87.02 16.68 122.02 21 25 3
197 78.46 52.83 23.51 170.26 18 48 2
198 22.38 15.06 47.72 230.28 2 25 2
199 69.17 52.93 46.27 461.83 20 38 2
200 46.55 71.63 6.18 143.03 0 39 3
201 17.02 66.58 9.65 427.33 16 20 2
202 70.92 32.45 43.74 193.29 16 34 2
203 95.90 88.79 13.60 186.73 22 32 2
204 34.41 13.54 14.13 60.32 15 45 1
205 64.06 30.21 29.97 456.42 7 42 1
206 57.32 62.58 42.14 145.51 21 47 1
207 83.83 82.16 43.18 154.50 5 15 2
208 21.89 59.12 27.08 168.45 12 36 3
209 26.02 79.42 38.09 492.91 12 30 3
210 54.14 55.60 0.82 308.52 9 42 3
211 18.91 87.99 43.35 435.97 14 29 2
212 66.43 77.94 23.75 483.27 7 8 2
213 80.73 97.44 7.54 324.99 18 42 1
214 32.47 24.57 15.48 351.62 17 26 3
215 41.25 49.87 40.78 429.90 14 23 1
216 36.83 68.92 49.23 247.94 2 10 3
217 43.57 11.24 32.69 244.17 18 27 2
218 24.50 93.57 4.61 327.86 8 12 3
219 90.88 49.72 8.65 464.47 12 27 3
220 77.63 88.90 27.61 129.21 23 33 2
221 67.95 71.20 2.85 209.80 2 15 3
222 1.05 8.70 45.73 240.33 8 30 2
223 47.44 56.45 3.10 106.78 22 45 1
224 95.31 3.13 25.33 463.54 5 47 1
225 31.30 48.29 6.73 182.80 2 2 3
226 61.59 38.61 44.00 398.32 18 48 1
227 27.76 65.72 10.82 457.62 11 35 1
228 4.72 81.22 21.87 462.55 9 14 3
229 17.42 22.28 6.29 234.65 1 20 3
230 93.25 61.77 48.55 238.64 21 39 2
231 6.97 9.07 34.00 98.05 19 31 1
232 68.33 83.35 13.84 299.33 16 31 3
233 63.40 25.74 22.18 497.81 10 32 2
234 25.52 47.54 13.59 351.92 8 30 1
235 5.90 74.62 32.02 156.06 12 15 3
236 24.63 93.20 32.67 478.92 20 36 1
237 85.62 56.52 32.38 211.32 10 14 2
238 57.15 54.04 5.70 166.32 8 27 1
239 37.43 13.37 16.91 293.03 24 46 2
240 73.37 22.05 0.32 246.19 4 20 1
241 31.95 40.77 10.23 170.59 6 21 2
242 52.18 50.65 44.47 223.85 16 26 2
243 36.06 95.81 29.68 149.26 22 34 2
244 17.31 48.56 3.43 149.15 0 5 3
245 65.49 12.48 17.06 389.32 7 37 3
246 88.50 77.03 31.47 101.99 15 27 2
247 46.90 30.70 4.41 130.64 14 15 3
248 80.36 60.89 27.37 99.22 17 46 2
249 52.03 91.20 43.76 440.94 23 35 2
250 33.51 81.90 15.51 321.34 23 48 2
251 65.50 81.48 2.51 452.60 21 47 2
252 57.44 64.32 14.03 398.50 12 41 1
253 24.98 97.98 33.94 422.71 22 46 1
254 93.20 64.79 25.87 497.86 14 26 2
255 11.15 74.32 0.28 433.16 7 35 2
256 22.10 8.45 20.20 334.59 11 13 3
257 24.78 3.09 22.86 473.83 22 28 3
258 45.23 15.70 14.72 122.44 22 30 1
259 73.45 12.51 20.60 408.69 13 31 1
260 67.14 63.88 47.11 248.03 4 13 1
261 2.28 5.67 8.79 495.79 5 18 3
262 60.79 9.22 49.55 243.67 14 39 2
263 15.96 75.20 7.24 98.77 22 41 3
264 57.41 31.34 9.55 366.79 12 18 2
265 47.18 70.27 2.45 255.70 13 13 1
266 79.22 36.47 12.73 268.15 6 15 1
267 86.79 15.90 37.32 130.84 4 29 2
268 55.97 7.65 15.44 260.04 10 21 1
269 80.83 23.67 34.09 244.54 15 22 1
270 17.67 21.75 46.28 87.40 0 28 1
271 34.10 64.10 12.97 370.76 20 26 2
272 39.68 32.43 49.65 480.24 12 34 1
273 90.36 49.67 30.73 469.14 1 5 2
274 13.61 93.06 31.48 178.44 3 24 1
275 9.20 89.13 39.72 196.95 24 26 2
276 17.77 36.15 0.91 366.45 2 16 3
277 94.39 27.30 33.11 134.67 14 29 2
278 78.51 79.83 46.50 348.93 10 26 2
279 30.01 34.99 25.33 408.13 3 30 2
280 56.68 44.01 36.56 112.04 23 47 1
281 80.32 88.32 39.47 372.07 19 39 3
282 28.92 95.37 7.56 179.38 15 46 2
283 85.18 41.03 9.69 310.59 11 30 3
284 56.63 46.60 13.45 133.44 4 29 3
285 60.52 26.25 16.95 475.79 4 17 3
286 87.62 76.47 6.12 79.12 20 30 2
287 6.97 80.44 21.50 479.48 0 19 3
288 35.01 37.54 47.01 336.22 6 20 2
289 35.97 82.55 32.85 232.83 16 36 1
290 81.64 55.19 17.64 134.35 7 30 1
291 99.66 42.36 36.36 364.74 12 45 1
292 42.27 42.42 35.20 233.29 18 21 3
293 17.41 78.07 27.79 110.29 6 25 2
294 95.31 92.88 36.39 264.38 2 27 3
295 43.63 48.64 48.54 384.40 16 44 1
296 92.19 38.99 14.51 268.38 10 30 3
297 77.19 36.23 1.60 311.41 5 36 1
298 49.35 49.64 19.16 393.15 24 44 2
299 16.51 10.51 11.51 86.49 20 44 1
300 10.90 84.41 42.50 181.54 10 39 1
301 72.23 32.37 49.44 394.24 22 42 1
302 26.93 78.88 13.70 98.17 2 47 3
303 84.38 70.13 12.76 331.28 4 6 1
304 72.65 61.03 24.53 254.61 18 23 3
305 9.25 40.81 43.71 483.82 5 9 2
306 54.80 91.77 2.31 463.37 1 28 1
307 67.11 45.23 25.42 161.55 4 27 2
308 5.18 54.68 0.19 190.55 5 27 2
309 75.50 57.12 33.71 363.53 8 28 1
310 6.62 7.33 31.36 349.68 15 24 2
311 24.09 96.52 20.33 416.94 9 19 2
312 62.50 53.49 17.11 312.26 13 41 3
313 84.18 14.06 9.16 465.41 19 37 3
314 42.23 98.35 49.77 380.30 2 25 3
315 51.61 3.29 44.30 320.26 12 13 2
316 7.16 70.39 8.62 141.24 18 29 2
317 71.28 65.09 21.16 167.46 15 41 2
318 11.25 44.83 34.91 229.76 11 18 3
319 66.04 68.82 1.21 421.23 3 4 2
320 31.25 20.38 38.43 114.04 4 29 1
321 24.04 20.23 47.71 431.76 22 42 2
322 10.28 49.58 23.36 262.13 17 33 2
323 40.55 84.70 48.49 95.24 3 16 1
324 58.71 44.65 5.05 217.87 22 23 3
325 87.41 3.48 34.26 287.68 21 30 3
326 59.89 95.39 47.71 343.66 9 36 2
327 73.43 95.37 25.90 301.82 11 28 3
328 23.14 68.51 44.30 312.24 12 37 2
329 38.41 40.97 42.20 464.23 7 36 2
330 13.72 44.89 4.96 418.57 12 14 2
331 39.18 88.15 9.77 189.46 13 17 3
332 56.82 85.69 1.50 163.02 8 9 2
333 50.93 72.08 14.95 449.67 20 48 2
334 43.14 43.95 15.72 220.72 15 33 2
335 99.99 20.32 35.49 169.51 15 42 2
336 81.33 26.33 36.33 470.91 9 48 2
337 34.78 47.47 36.25 402.42 20 28 3
338 70.46 56.79 48.15 399.39 16 45 1
339 12.11 43.68 35.38 354.66 15 34 3
340 62.72 84.55 7.13 57.29 19 39 2
341 53.60 65.87 24.31 322.60 1 33 3
342 7.51 17.98 1.07 298.87 19 30 3
343 78.55 66.74 3.43 415.22 23 46 3
344 4.97 36.61 36.52 491.05 7 40 1
345 7.34 4.18 33.98 145.22 19 46 1
346 56.06 21.05 7.32 460.05 7 19 2
347 68.05 50.96 29.80 425.70 6 47 3
348 58.19 56.28 16.45 77.33 15 23 3
349 17.92 80.59 4.49 128.13 3 7 2
350 55.53 40.63 26.45 55.25 10 34 1
351 8.03 5.39 22.84 117.79 12 30 1
352 10.74 59.62 17.51 483.15 7 38 2
353 15.29 27.72 13.10 256.55 11 11 3
354 43.59 65.04 26.40 436.52 3 19 2
355 54.24 68.09 27.22 416.26 10 44 3
356 47.01 47.35 24.04 453.14 13 37 1
357 92.01 74.31 18.75 429.34 9 15 2
358 17.00 18.73 41.79 338.03 23 27 2
359 58.23 72.60 10.00 92.74 12 42 1
360 35.45 95.18 32.45 368.34 2 20 1
361 13.99 32.54 7.80 357.10 14 20 2
362 45.61 30.06 9.17 240.74 8 40 1
363 18.19 5.14 36.98 285.19 10 24 1
364 79.54 16.51 10.03 100.54 16 38 1
365 99.52 57.68 3.11 145.77 11 23 2
366 2.10 44.06 41.95 498.32 9 34 1
367 2.54 69.01 14.45 345.33 19 34 3
368 86.30 70.73 10.83 405.90 23 23 3
369 68.46 60.69 31.42 281.43 4 32 3
370 40.52 16.98 33.73 433.16 9 9 3
371 43.57 26.67 25.98 156.69 22 41 1
372 96.31 61.88 49.06 316.12 24 31 2
373 97.89 26.38 43.36 217.41 16 47 1
374 99.89 92.75 1.12 410.79 12 47 1
375 78.90 62.77 45.41 389.97 18 42 2
376 78.67 56.27 32.86 370.04 14 41 3
377 45.36 22.78 0.38 80.26 11 47 2
378 26.64 90.02 30.60 64.92 6 35 3
379 0.82 89.13 13.49 233.86 3 46 2
380 61.53 26.04 41.91 307.53 4 34 2
381 28.05 55.64 29.08 234.92 17 19 3
382 90.55 63.76 34.14 312.96 7 15 3
383 20.15 57.81 11.65 448.76 22 40 2
384 29.03 43.26 28.81 231.19 11 42 3
385 92.65 91.33 35.44 308.50 20 24 1
386 62.53 18.15 6.90 466.19 2 7 3
387 35.46 56.80 7.41 492.58 5 34 1
388 69.22 57.95 43.76 233.16 3 25 2
389 72.32 68.23 33.19 305.09 20 28 1
390 46.96 45.95 42.03 236.85 17 47 3
391 96.51 0.09 11.73 283.36 14 30 3
392 71.95 85.66 40.58 189.43 19 42 2
393 80.03 25.68 22.13 240.60 15 31 1
394 6.04 87.93 14.61 125.69 10 27 1
395 52.65 73.27 19.26 338.45 5 17 2
396 50.69 74.03 8.26 95.78 0 19 1
397 3.86 68.29 14.08 161.86 12 28 2
398 42.14 81.39 45.48 64.93 1 38 1
399 23.65 31.07 2.63 408.18 2 44 1
400 20.16 21.68 7.00 317.12 20 22 1
401 63.72 86.43 48.82 163.42 15 45 1
402 98.18 67.49 37.48 467.72 23 39 1
403 24.64 34.22 29.79 442.62 20 21 3
404 10.20 89.20 17.58 111.46 2 8 3
405 80.28 59.57 21.44 358.91 11 20 3
406 79.78 71.72 4.65 479.86 13 13 3
407 77.39 67.34 16.79 126.78 9 20 3
408 17.26 55.19 21.05 347.37 4 30 2
409 72.92 22.04 35.29 308.79 10 45 3
410 36.99 22.93 33.17 324.82 19 34 3
411 8.14 30.05 11.53 398.38 14 30 3
412 73.46 12.41 29.07 66.28 4 16 2
413 56.51 9.91 1.54 226.45 14 48 3
414 40.68 1.54 5.15 429.90 12 44 2
415 92.41 77.16 43.71 378.59 11 23 1
416 98.88 2.33 26.96 149.85 13 27 1
417 56.20 42.00 17.55 87.60 3 31 3
418 75.85 72.56 15.38 96.12 17 48 1
419 85.69 43.43 47.99 132.78 13 26 1
420 75.94 19.84 35.64 164.86 14 20 3
421 13.61 29.64 20.28 332.92 12 18 2
422 93.54 98.26 25.91 301.30 2 36 2
423 38.66 85.80 29.64 79.79 16 39 2
424 47.41 57.19 3.40 352.95 17 36 1
425 12.84 96.16 41.19 310.86 20 24 3
426 48.31 32.71 42.44 205.75 23 44 3
427 74.55 62.26 0.69 408.28 11 38 1
428 56.75 36.14 20.95 382.91 0 13 2
429 77.43 46.07 29.93 287.78 15 20 3
430 63.23 76.82 22.24 369.33 10 46 1
431 68.98 82.08 14.37 107.17 0 38 3
432 91.89 61.97 43.51 352.20 9 26 3
433 69.13 51.72 45.17 295.05 0 35 3
434 88.99 41.17 32.47 69.77 23 32 3
435 13.23 9.50 37.58 131.91 16 41 2
436 4.60 19.46 0.20 430.69 22 35 1
437 51.30 17.29 39.99 141.70 24 47 2
438 64.18 19.30 9.25 272.22 19 48 2
439 99.23 8.88 49.48 300.78 4 46 2
440 74.90 44.10 11.62 50.52 10 29 1
441 95.15 60.28 43.27 464.89 17 42 1
442 59.51 56.30 38.74 289.33 11 14 2
443 47.23 88.50 49.02 372.45 1 29 3
444 61.77 83.09 44.24 490.47 10 40 2
445 76.45 37.63 19.89 342.16 7 37 1
446 77.82 28.23 15.49 286.41 7 42 1
447 28.40 74.87 43.49 277.52 6 21 2
448 69.50 94.94 42.01 487.76 21 34 2
449 57.60 32.91 30.35 138.56 23 30 2
450 78.83 15.08 4.52 152.94 10 38 1
451 41.07 48.83 31.38 282.01 17 41 1
452 86.43 65.12 8.51 347.49 1 20 1
453 5.19 13.44 17.43 162.05 24 28 3
454 86.55 90.38 41.76 255.73 18 19 1
455 49.29 73.80 28.30 388.55 15 17 1
456 51.79 75.21 8.22 191.81 21 22 1
457 16.32 53.75 10.30 84.67 2 44 3
458 48.92 73.52 15.62 169.61 20 47 3
459 28.21 25.74 15.55 422.33 17 19 1
460 20.80 73.50 20.67 288.65 2 31 1
461 46.43 65.09 28.19 486.40 10 46 3
462 67.85 53.63 27.84 72.90 13 46 2
463 10.50 50.31 2.89 354.39 20 47 1
464 7.15 93.13 4.29 386.77 4 21 2
465 45.20 94.85 18.33 135.55 24 36 1
466 46.69 80.68 25.26 329.85 15 45 3
467 1.87 92.75 15.83 146.69 11 28 1
468 78.38 25.78 45.43 374.78 6 37 1
469 94.81 50.11 3.34 362.14 12 42 3
470 73.26 31.38 8.25 471.34 6 11 1
471 45.40 79.20 29.78 188.43 13 17 2
472 82.11 70.07 6.25 227.47 4 41 1
473 98.38 18.04 43.42 325.28 10 23 1
474 17.14 93.56 37.68 366.61 18 26 1
475 82.30 83.43 48.72 188.36 16 35 1
476 88.92 36.81 31.34 205.14 18 25 1
477 41.06 28.68 38.82 74.21 24 40 3
478 86.49 97.12 17.71 210.43 7 32 3
479 11.50 14.99 35.55 468.66 21 31 2
480 64.15 17.66 3.80 222.94 9 32 3
481 1.07 55.49 47.02 369.96 0 18 3
482 2.72 13.21 25.44 229.84 14 16 3
483 95.78 3.31 3.36 294.15 23 25 3
484 58.19 96.08 14.82 188.85 16 36 1
485 56.99 15.95 2.77 471.11 13 24 3
486 79.20 70.32 2.23 265.40 1 35 2
487 67.31 26.53 49.88 222.80 15 41 1
488 54.73 91.24 24.04 403.03 6 20 1
489 63.39 71.83 7.00 328.88 14 47 1
490 70.60 14.37 27.01 142.80 18 21 3
491 89.18 35.12 21.76 429.25 14 42 3
492 21.14 61.28 41.88 245.81 4 31 1
493 19.78 69.19 44.01 104.32 24 33 2
494 17.29 54.69 39.79 63.68 21 46 3
495 81.83 35.73 41.74 314.89 12 15 1
496 93.20 62.86 0.45 405.14 11 15 3
497 64.99 23.17 12.84 388.61 18 19 3
498 42.69 35.16 41.25 110.67 6 23 2
499 77.95 15.92 4.65 170.28 7 39 3
500 15.95 84.27 17.35 396.65 17 47 2
1 115.55 4008.59 1
2 125.25 3402.02 2
3 186.49 4209.13 3
4 108.89 4755.62 3
5 126.19 4031.69 1
1 1.69 43.90 2
2 1.63 38.50 4
3 1.57 27.60 1
4 1.63 37.48 1
5 1.15 47.82 3
6 1.10 40.17 4
7 1.53 33.73 3
8 1.05 41.79 4
9 1.76 41.38 4
10 1.34 29.36 3
