Data for Vehicle routing problem with drones - Author: Huyen Do Thi Ngoc
Number of depots: 4
Number of cities: 300
Number of trucks: 4
Number of drones: 9
Area: 100 100 50
Customer maximum demand: 500
Max capacity of truck: 200
Max energy of truck: 5000
Max capacity of drone: 2
Max energy of drone: 50
1 31.74 78.71 39.29
2 35.71 20.87 19.20
3 48.28 64.51 31.19
4 96.27 10.72 32.70
1 10.31 90.20 18.45 432.82 0 36 1
2 77.71 55.09 18.29 99.51 15 44 4
3 62.00 22.87 32.26 437.08 0 4 3
4 44.79 40.54 47.26 441.43 4 42 3
5 10.86 24.35 42.54 287.43 20 28 1
6 38.52 8.77 37.25 84.55 2 31 3
7 70.55 64.81 49.49 71.31 19 20 4
8 86.31 36.77 43.84 57.52 24 45 4
9 43.21 26.53 27.28 272.86 21 26 2
10 43.56 44.98 41.92 171.76 13 26 3
11 53.85 23.21 8.61 159.66 15 22 4
12 68.40 90.07 10.03 247.23 0 8 1
13 83.89 51.35 10.75 147.11 20 26 2
14 30.48 16.69 5.75 406.42 11 36 4
15 77.55 90.72 35.44 265.29 2 42 2
16 80.57 31.33 4.40 87.46 22 24 3
17 79.57 90.92 26.33 95.64 3 34 2
18 7.23 75.96 40.55 159.53 15 26 3
19 7.82 31.39 0.98 227.68 17 30 3
20 75.86 29.06 39.56 128.11 8 40 1
21 2.95 40.43 35.53 277.44 23 46 1
22 78.84 27.79 24.94 420.85 5 18 3
23 39.49 79.66 3.62 131.09 12 19 4
24 94.43 45.80 35.18 409.56 11 17 2
25 62.47 69.70 26.02 205.11 20 34 1
26 44.95 9.82 21.56 322.12 10 46 2
27 17.37 77.99 40.16 489.77 10 25 2
28 97.00 59.20 48.58 242.13 23 37 2
29 99.86 31.97 43.44 299.39 24 38 1
30 74.88 31.46 38.24 456.39 3 42 1
31 92.74 39.94 11.40 60.86 19 42 3
32 96.85 15.14 42.15 475.41 20 22 1
33 82.64 94.25 28.77 173.33 8 26 3
34 75.42 33.57 0.56 240.24 7 15 3
35 2.76 68.41 11.29 299.27 16 33 3
36 38.44 53.42 27.68 284.99 1 22 2
37 18.88 20.21 30.31 457.34 0 39 3
38 45.20 97.61 17.05 399.20 21 33 2
39 14.41 7.05 1.55 240.91 15 33 3
40 29.72 94.22 31.06 170.71 18 19 1
41 43.74 8.50 28.44 94.74 19 26 3
42 46.28 45.79 16.12 211.15 7 18 1
43 93.86 92.72 36.16 215.55 22 22 3
44 47.46 42.46 19.01 235.75 1 37 2
45 18.78 96.98 4.80 129.48 17 33 2
46 14.54 11.34 20.99 331.92 8 13 1
47 32.34 72.45 27.26 445.30 17 24 2
48 92.30 28.26 14.82 488.16 4 20 4
49 85.83 31.11 14.21 273.29 21 36 1
50 70.38 58.04 7.69 415.97 2 45 2
51 2.37 35.96 16.52 224.16 16 23 1
52 1.73 0.67 28.24 142.45 2 20 4
53 43.12 90.26 42.46 250.73 23 47 1
54 22.12 25.13 3.85 280.27 11 47 1
55 63.94 69.83 23.30 458.28 21 28 2
56 20.24 40.13 23.63 154.20 12 39 4
57 61.24 94.36 25.00 335.93 2 8 1
58 62.43 33.76 37.91 327.52 9 44 4
59 88.59 16.02 25.51 332.75 8 17 3
60 81.96 4.53 41.08 366.29 18 28 2
61 52.71 81.37 39.56 494.95 11 22 3
62 72.07 1.76 39.95 149.06 17 32 4
63 67.76 85.46 30.34 314.17 7 24 4
64 49.45 0.52 0.25 287.72 22 37 4
65 81.54 37.67 32.40 425.59 24 46 1
66 86.97 90.33 22.18 461.74 23 39 3
67 44.03 90.24 33.16 416.59 3 19 3
68 63.96 33.16 2.89 446.08 20 47 3
69 89.92 13.02 15.69 201.05 13 44 1
70 40.90 13.72 48.92 355.58 15 39 2
71 48.65 35.32 40.91 154.20 19 25 3
72 30.12 47.45 22.71 183.27 1 25 1
73 1.61 57.55 20.67 76.94 9 20 1
74 85.32 79.86 21.93 241.59 7 45 2
75 8.44 44.17 20.52 281.64 21 45 1
76 68.41 89.12 4.65 350.71 14 27 3
77 28.47 30.32 1.16 66.92 23 29 3
78 12.11 48.53 14.13 226.32 19 33 2
79 85.93 3.64 23.98 445.31 1 12 1
80 35.45 39.36 11.52 463.55 4 4 1
81 74.39 39.67 44.55 94.74 10 14 1
82 55.45 37.78 41.12 471.24 9 42 4
83 81.36 59.87 27.28 84.50 18 42 3
84 94.09 55.94 26.70 274.16 16 25 1
85 79.56 51.59 40.11 229.49 23 38 1
86 19.63 0.52 22.27 189.33 6 43 1
87 79.93 35.23 36.50 431.68 15 27 4
88 51.47 31.99 7.85 117.56 14 42 3
89 39.79 31.69 48.12 228.06 7 20 4
90 1.25 12.41 10.28 475.27 22 43 3
91 72.09 48.69 34.90 203.91 5 32 3
92 88.07 18.19 25.35 100.89 16 38 2
93 90.40 76.90 14.20 163.88 20 24 2
94 42.13 43.41 6.54 477.24 21 37 4
95 76.22 47.42 35.06 291.52 14 35 4
96 16.07 62.76 5.50 233.75 15 22 3
97 3.53 15.95 16.24 280.16 0 37 4
98 25.88 16.51 37.69 466.39 20 42 4
99 52.41 34.91 29.09 383.66 7 43 3
100 20.25 83.35 43.73 438.73 16 31 4
101 95.44 12.01 30.23 90.25 24 26 4
102 86.08 40.73 11.26 444.96 12 31 3
103 21.33 90.63 28.98 495.67 6 30 4
104 35.53 46.74 21.59 254.74 23 27 3
105 12.05 71.56 6.55 270.27 3 10 4
106 74.60 11.82 34.01 402.89 9 24 1
107 28.64 68.10 4.86 305.94 7 36 2
108 29.97 22.88 35.97 281.35 20 23 4
109 27.83 25.07 12.29 423.98 22 28 3
110 4.08 78.89 31.51 276.66 12 24 4
111 88.21 47.74 49.75 116.05 22 31 1
112 31.48 90.66 2.43 61.61 12 37 1
113 51.21 34.33 42.34 72.50 1 40 4
114 50.87 9.27 42.53 345.58 8 24 2
115 53.82 3.72 25.05 327.11 21 47 1
116 97.91 30.84 7.95 331.81 12 34 3
117 86.44 17.63 47.48 344.67 1 18 2
118 51.64 39.31 26.71 318.30 17 37 2
119 6.90 51.34 21.54 450.39 24 41 4
120 60.14 46.85 49.17 373.51 1 29 3
121 52.45 67.38 47.60 419.48 23 24 2
122 35.56 66.86 30.24 464.10 16 35 4
123 31.44 42.09 26.27 284.24 3 26 2
124 86.26 96.32 5.69 363.50 23 36 1
125 14.23 12.05 12.06 416.72 21 48 1
126 56.53 66.44 26.81 308.11 1 26 1
127 44.30 52.43 29.24 197.20 12 33 4
128 57.62 30.95 17.17 363.43 6 17 4
129 83.31 74.00 20.44 79.20 18 44 4
130 18.45 73.47 14.34 268.33 12 31 3
131 82.09 56.95 18.05 148.34 14 46 2
132 65.51 57.28 39.36 484.64 19 24 4
133 94.89 67.29 47.78 214.13 11 17 3
134 10.41 24.27 12.99 266.00 4 6 1
135 14.42 24.30 47.18 463.78 7 45 3
136 48.75 40.82 19.36 116.04 5 21 3
137 14.58 28.26 20.04 287.61 2 48 4
138 70.33 70.05 49.02 358.41 22 44 4
139 39.76 19.17 31.60 61.03 1 4 4
140 43.46 47.51 3.93 128.87 19 40 1
141 68.70 52.42 7.58 188.33 17 28 4
142 40.30 38.98 35.24 395.75 20 29 1
143 75.21 44.77 23.83 428.78 24 39 2
144 73.00 46.52 9.69 453.81 17 40 2
145 16.01 25.48 41.13 472.49 15 17 4
146 10.86 7.75 13.39 91.44 15 38 1
147 58.52 17.44 41.94 492.51 18 46 2
148 13.39 77.50 44.43 93.86 20 32 3
149 91.58 50.08 43.61 257.70 5 33 3
150 97.78 13.34 21.27 329.47 15 17 1
151 43.78 57.12 45.27 482.95 14 39 3
152 65.04 33.44 9.86 306.93 12 30 3
153 59.70 38.68 31.01 299.44 14 19 4
154 18.74 29.82 19.09 466.42 19 22 2
155 0.46 14.53 30.72 129.82 4 8 1
156 72.68 55.53 26.04 293.34 10 35 3
157 23.90 76.36 45.35 287.05 22 46 3
158 15.29 72.09 30.49 76.70 2 45 3
159 67.02 49.11 29.03 148.88 6 39 2
160 3.74 7.67 47.91 464.91 16 27 1
161 83.86 86.35 40.60 126.81 10 18 4
162 90.27 80.41 22.70 187.76 17 23 2
163 30.63 39.42 36.78 279.14 15 20 4
164 43.04 26.00 18.99 405.21 14 27 1
165 38.68 62.79 33.70 346.92 8 17 2
166 66.27 43.26 16.45 458.13 16 30 2
167 56.08 80.80 9.76 116.17 22 37 4
168 55.65 18.53 31.32 336.71 20 27 3
169 28.63 9.46 21.45 96.78 17 20 1
170 32.68 67.52 26.79 109.54 13 29 4
171 96.25 52.21 25.81 128.34 7 11 4
172 80.03 49.74 20.05 246.67 21 37 4
173 4.95 61.28 32.38 357.20 22 31 4
174 19.94 42.37 20.39 317.48 20 25 2
175 62.43 63.06 27.38 429.05 14 16 4
176 16.48 78.19 32.58 165.08 23 32 2
177 3.41 99.91 40.81 60.74 5 11 2
178 34.59 44.21 3.84 266.84 22 26 2
179 86.59 77.55 30.76 206.73 7 15 1
180 18.27 33.11 34.59 318.74 9 43 4
181 17.85 65.42 30.48 373.31 12 12 4
182 77.09 15.87 48.44 78.86 5 20 1
183 68.16 15.17 26.33 114.65 8 33 2
184 76.82 80.86 38.54 85.67 24 48 3
185 29.69 25.81 43.78 337.34 16 45 4
186 38.48 81.19 49.35 248.82 1 44 1
187 24.46 66.13 33.99 224.85 8 44 4
188 64.90 94.00 12.58 354.70 16 25 4
189 31.08 95.01 15.88 229.97 1 45 4
190 45.78 39.82 41.73 119.00 18 32 2
191 20.89 81.75 3.66 329.60 3 35 2
192 7.10 92.77 12.45 182.91 0 47 3
193 77.02 95.61 22.28 465.15 4 7 1
194 49.54 71.27 27.47 348.95 8 19 4
195 9.76 35.08 11.95 300.49 10 25 1
196 61.84 84.05 21.62 455.28 7 9 4
197 14.87 13.86 37.55 467.73 1 8 4
198 33.20 42.72 34.72 125.64 11 21 3
199 14.77 28.89 9.67 382.76 6 30 2
200 75.26 75.70 49.87 490.92 0 5 2
201 53.41 32.84 32.77 153.26 19 24 4
202 22.94 97.44 6.35 350.43 1 23 3
203 94.24 54.96 24.43 293.29 21 38 1
204 41.78 13.72 24.91 401.07 22 46 3
205 60.67 18.02 38.32 179.25 21 30 1
206 78.73 4.49 33.59 251.34 13 38 1
207 47.51 57.74 45.14 253.62 12 30 3
208 91.93 0.62 6.09 102.20 2 47 1
209 53.00 33.05 5.48 129.48 19 19 4
210 90.07 13.94 29.23 99.40 2 6 4
211 33.70 99.08 21.98 372.00 13 25 4
212 83.45 16.47 34.77 165.07 0 35 2
213 34.73 10.83 2.69 249.60 12 43 2
214 52.06 59.74 27.11 234.43 19 34 1
215 81.95 5.46 44.09 265.48 14 48 2
216 65.72 16.55 9.68 297.95 22 28 1
217 60.50 68.91 23.39 353.75 8 27 4
218 15.15 20.34 47.25 412.17 12 36 2
219 83.72 17.72 36.65 237.03 16 21 3
220 71.71 34.40 43.75 439.67 21 40 1
221 43.06 44.82 3.31 193.93 18 24 1
222 79.15 57.40 38.17 364.90 21 48 3
223 10.78 25.24 7.10 341.99 5 42 4
224 53.69 89.13 22.24 310.44 17 24 2
225 53.59 97.77 38.38 210.94 7 15 2
226 24.19 6.45 48.50 423.52 7 47 3
227 86.00 25.67 49.20 290.54 7 11 4
228 82.28 17.59 9.89 228.72 15 44 4
229 17.39 52.67 39.71 50.34 24 40 1
230 18.78 24.30 7.68 300.11 21 23 4
231 11.12 13.11 19.21 220.76 22 46 4
232 75.61 7.22 31.99 69.52 23 26 1
233 26.52 9.85 9.12 199.01 20 27 4
234 49.50 24.38 48.74 222.65 9 19 3
235 80.62 87.78 32.00 65.16 1 1 3
236 76.69 52.17 23.60 483.13 5 37 3
237 64.57 23.65 8.19 262.36 22 40 2
238 18.34 36.03 48.10 274.20 0 32 4
239 24.26 64.54 16.71 498.08 19 46 4
240 26.74 85.53 11.11 302.27 21 42 1
241 46.26 2.49 43.05 196.72 14 38 3
242 22.53 25.00 32.95 130.78 11 22 4
243 21.97 67.14 41.29 396.61 14 23 2
244 4.66 28.78 16.08 283.95 12 16 1
245 81.32 36.09 33.41 244.11 21 27 2
246 7.00 14.40 12.73 412.25 21 34 4
247 86.00 71.60 43.46 165.74 8 21 3
248 41.68 91.37 25.28 349.47 13 40 2
249 1.77 27.08 6.22 54.31 14 27 2
250 87.07 54.30 2.10 250.34 14 25 4
251 7.86 48.89 40.51 448.66 11 22 2
252 14.74 33.02 18.25 496.05 1 11 3
253 75.96 37.40 29.83 56.87 24 34 4
254 46.22 70.94 24.44 164.69 8 19 3
255 79.55 72.71 14.68 94.07 7 21 2
256 61.22 49.05 42.23 400.50 13 33 3
257 98.78 75.36 32.11 87.35 17 20 2
258 9.78 61.11 43.60 73.81 19 46 1
259 18.16 79.47 4.38 494.49 22 37 2
260 33.73 66.14 18.87 138.43 1 46 1
261 99.09 96.38 24.71 224.59 18 42 2
262 69.32 14.52 45.16 328.30 2 27 4
263 52.71 82.69 49.68 151.19 11 13 2
264 41.42 56.77 6.56 231.77 0 11 3
265 32.79 80.81 11.80 386.04 4 26 1
266 32.12 63.33 26.35 183.06 3 45 4
267 50.88 46.95 40.76 299.77 23 46 4
268 44.22 23.96 27.50 74.92 18 27 1
269 13.32 50.16 2.15 101.93 21 46 3
270 39.10 25.19 32.88 77.38 20 43 4
271 59.12 29.81 43.16 261.55 6 16 3
272 97.69 12.81 47.38 331.30 6 23 1
273 54.46 50.91 34.68 103.76 4 44 1
274 52.35 81.48 9.36 59.47 8 44 1
275 52.83 59.93 47.33 369.85 18 39 4
276 42.66 11.17 17.11 50.67 1 11 4
277 98.43 80.72 39.18 324.97 24 40 1
278 56.74 68.95 28.30 147.75 24 38 2
279 19.06 33.80 0.86 274.83 7 12 1
280 67.71 13.81 23.71 141.47 18 30 1
281 40.98 45.83 9.67 182.46 1 21 2
282 39.62 54.78 37.57 192.45 7 45 4
283 52.36 50.55 16.43 248.26 11 35 3
284 48.77 46.46 21.22 64.95 22 46 3
285 85.22 35.56 48.19 323.51 19 43 3
286 47.21 67.29 7.87 118.54 7 44 4
287 20.75 40.80 24.66 431.85 5 40 3
288 12.87 83.53 41.45 253.52 7 8 3
289 8.15 60.60 43.37 452.25 23 25 4
290 71.57 22.32 20.93 407.69 17 48 1
291 60.85 8.27 37.52 369.00 13 47 2
292 50.42 0.06 32.69 118.84 6 35 4
293 59.00 81.90 43.38 183.49 17 37 2
294 79.23 52.99 13.75 202.97 2 7 3
295 61.83 90.06 2.62 210.38 23 29 1
296 33.46 69.13 4.41 312.03 6 39 1
297 50.96 33.24 26.35 263.06 2 3 4
298 32.59 93.54 4.18 226.10 18 39 1
299 69.67 8.09 10.02 450.35 9 18 2
300 54.08 77.91 8.51 217.25 17 18 4
1 131.86 4797.42 1
2 188.18 2531.99 2
3 156.78 3015.96 3
4 159.99 4112.07 4
1 1.22 49.31 2
2 1.64 33.32 3
3 1.38 26.16 1
4 1.90 43.28 4
5 1.79 33.36 2
6 1.53 34.90 2
7 1.71 25.64 2
8 1.70 39.33 3
9 1.75 29.07 4
