Data for Vehicle routing problem with drones - Author: Huyen Do Thi Ngoc
Number of depots: 1
Number of cities: 100
Number of trucks: 4
Number of drones: 4
Area: 100 100 50
Customer maximum demand: 500
Max capacity of truck: 200
Max energy of truck: 5000
Max capacity of drone: 2
Max energy of drone: 50
1 72.95 6.26 33.71
1 0.56 6.93 8.38 448.47 2 43 1
2 89.29 48.72 22.37 139.69 21 41 1
3 41.44 37.62 35.30 315.79 11 35 1
4 96.63 51.44 12.67 429.98 4 18 1
5 67.85 85.13 31.84 492.40 18 40 1
6 70.78 25.04 4.25 113.18 21 29 1
7 24.64 25.23 49.40 265.78 5 8 1
8 34.21 42.96 20.47 175.49 10 30 1
9 87.70 20.18 14.66 389.47 6 48 1
10 83.80 28.23 34.66 356.40 12 40 1
11 75.70 77.82 3.87 117.38 19 30 1
12 26.93 32.34 29.70 82.45 22 41 1
13 15.63 91.09 36.01 448.13 24 25 1
14 79.61 10.60 0.88 465.68 5 17 1
15 24.05 19.30 35.92 222.22 6 7 1
16 0.17 29.64 48.45 377.79 16 41 1
17 3.91 4.92 25.95 205.47 1 40 1
18 74.77 4.93 46.35 268.73 22 48 1
19 29.32 99.63 15.69 398.78 23 35 1
20 13.64 45.02 23.94 126.46 5 22 1
21 49.55 2.59 35.21 493.70 15 35 1
22 70.73 41.24 43.77 212.75 15 36 1
23 52.03 27.15 1.03 83.25 16 41 1
24 66.25 85.41 23.67 314.67 9 33 1
25 1.00 19.96 37.51 445.51 13 13 1
26 67.70 79.30 30.57 58.45 17 46 1
27 5.32 5.33 16.56 338.90 20 31 1
28 10.35 63.10 19.05 93.40 20 27 1
29 1.63 45.05 5.44 117.39 23 31 1
30 73.24 59.93 40.86 443.55 24 42 1
31 29.00 76.60 34.80 384.65 3 39 1
32 50.02 76.21 4.32 499.22 21 37 1
33 46.55 66.69 18.72 131.65 8 21 1
34 11.01 28.91 29.10 281.84 13 37 1
35 18.14 88.62 23.67 173.84 10 11 1
36 78.93 75.19 48.40 83.17 0 47 1
37 26.81 13.46 31.88 84.12 3 37 1
38 25.49 84.02 49.81 142.20 20 48 1
39 79.46 88.50 49.36 138.47 9 46 1
40 73.74 94.11 31.77 470.92 16 34 1
41 41.33 97.77 5.18 176.74 13 23 1
42 35.30 0.23 42.36 395.17 18 36 1
43 88.72 59.78 24.08 309.71 14 34 1
44 46.64 87.71 26.97 289.68 13 20 1
45 67.69 92.58 22.84 393.38 14 22 1
46 38.07 83.53 9.97 401.57 24 28 1
47 64.68 79.59 46.70 95.99 19 24 1
48 19.13 48.87 33.18 217.73 2 41 1
49 72.24 96.77 40.71 426.29 21 27 1
50 56.34 45.15 44.73 327.53 24 46 1
51 43.51 65.45 1.28 312.86 11 26 1
52 18.12 67.99 39.41 299.24 8 29 1
53 0.76 60.47 26.71 277.43 22 28 1
54 69.53 76.97 39.07 121.94 22 29 1
55 79.86 63.77 21.28 97.83 17 35 1
56 35.94 52.69 28.26 288.50 6 39 1
57 68.51 18.87 20.43 393.79 0 26 1
58 12.21 42.08 38.94 224.07 23 32 1
59 96.06 33.75 32.02 325.19 4 19 1
60 87.21 25.67 15.21 464.66 1 36 1
61 6.65 43.79 11.72 483.71 19 31 1
62 69.18 63.06 20.94 390.40 7 26 1
63 26.58 80.21 26.05 436.28 18 41 1
64 95.04 81.30 19.90 101.40 16 37 1
65 94.75 84.77 48.24 170.26 10 19 1
66 21.09 80.22 36.12 377.19 21 45 1
67 19.93 72.56 18.10 103.65 1 6 1
68 94.18 71.74 33.34 244.53 4 7 1
69 84.18 86.08 47.45 257.19 5 44 1
70 19.85 63.24 21.37 490.76 14 24 1
71 67.41 16.65 28.15 154.35 15 18 1
72 46.63 26.66 28.66 193.36 12 47 1
73 43.55 28.96 12.06 81.68 21 34 1
74 14.98 0.87 25.26 166.75 14 28 1
75 64.00 44.99 6.93 440.33 6 33 1
76 7.08 56.03 7.43 233.96 20 29 1
77 81.31 42.87 5.34 409.97 19 47 1
78 40.05 48.82 15.78 154.51 12 45 1
79 17.69 35.86 24.80 273.66 22 42 1
80 87.24 73.36 7.39 96.60 11 40 1
81 20.33 8.12 48.93 83.23 5 39 1
82 47.13 95.60 49.44 224.72 13 42 1
83 4.34 66.72 49.55 375.14 20 38 1
84 39.38 90.94 27.21 218.89 3 11 1
85 94.75 14.18 15.63 306.10 1 30 1
86 15.63 18.36 48.35 123.20 20 42 1
87 98.70 49.93 28.48 114.68 1 37 1
88 84.67 76.68 25.14 272.41 1 31 1
89 95.31 94.64 27.74 273.32 17 34 1
90 89.11 36.03 19.54 457.81 23 33 1
91 85.95 75.22 16.07 169.69 19 25 1
92 76.02 61.32 36.60 313.36 2 10 1
93 67.98 28.14 49.82 291.94 5 14 1
94 6.61 2.59 29.47 368.45 3 45 1
95 23.25 77.98 1.82 239.09 18 27 1
96 87.07 93.52 7.84 147.51 3 47 1
97 30.84 31.76 27.85 213.45 6 13 1
98 2.38 52.33 40.58 157.18 20 24 1
99 99.59 85.73 10.62 212.71 17 18 1
100 41.50 6.53 5.08 162.90 13 40 1
1 186.82 3456.02 1
2 114.16 2680.03 1
3 117.85 3779.77 1
4 145.65 4356.79 1
1 1.30 25.83 2
2 1.80 25.61 4
3 1.69 41.90 3
4 1.21 38.99 1
