Data for Vehicle routing problem with drones - Author: Huyen Do Thi Ngoc
Number of depots: 3
Number of cities: 300
Number of trucks: 7
Number of drones: 14
Area: 100 100 50
Customer maximum demand: 500
Max capacity of truck: 200
Max energy of truck: 5000
Max capacity of drone: 2
Max energy of drone: 50
1 78.61 21.01 23.14
2 86.96 85.75 49.36
3 40.45 79.53 19.27
1 64.24 66.79 9.82 166.49 16 26 1
2 69.82 64.11 24.94 258.46 8 33 3
3 1.29 98.15 36.54 60.51 4 43 1
4 8.03 62.56 42.18 72.33 0 33 3
5 62.94 7.05 7.01 288.63 8 44 1
6 92.85 55.50 18.32 129.61 17 42 2
7 30.82 54.70 47.07 321.09 20 44 3
8 85.86 86.14 19.36 50.20 16 21 3
9 8.91 64.44 5.40 136.27 8 11 3
10 41.30 41.45 35.12 258.38 19 43 3
11 61.86 53.34 4.66 143.43 10 32 3
12 19.46 80.86 44.97 321.95 10 37 3
13 24.95 92.03 44.23 95.11 22 34 2
14 96.49 93.53 6.98 179.49 12 22 2
15 75.32 18.93 47.70 154.21 15 45 3
16 58.38 97.82 19.41 359.05 7 15 2
17 38.47 64.28 48.03 76.29 4 33 2
18 96.51 84.39 32.54 290.31 12 28 3
19 33.34 22.48 7.63 297.33 10 35 2
20 87.68 76.62 34.86 408.12 18 40 1
21 9.44 39.45 39.59 261.40 11 41 1
22 20.08 69.80 26.76 86.00 20 28 3
23 30.95 2.51 20.56 385.89 13 25 2
24 21.40 63.25 16.92 397.33 3 17 3
25 32.70 61.69 5.02 372.64 23 23 2
26 40.59 65.57 6.95 381.93 20 22 3
27 71.79 48.78 6.36 472.93 4 36 3
28 39.04 50.43 16.12 67.55 21 42 1
29 41.03 97.69 49.01 400.30 9 39 2
30 38.66 22.05 26.27 378.42 7 38 2
31 56.77 57.93 15.84 132.58 6 23 1
32 29.06 42.66 41.14 392.13 14 37 3
33 56.74 89.88 34.85 95.09 18 40 2
34 12.42 36.34 11.20 340.20 16 19 1
35 17.51 33.75 47.07 482.60 6 31 3
36 53.17 72.06 10.56 375.87 8 34 1
37 7.40 22.50 13.06 362.87 17 27 1
38 27.94 84.42 5.53 202.67 10 14 2
39 99.25 40.14 9.12 260.65 24 41 1
40 38.48 23.25 32.22 182.19 16 45 2
41 44.55 67.99 0.05 238.83 21 46 2
42 89.66 43.60 29.43 480.67 24 45 2
43 94.57 51.48 48.85 236.69 5 11 2
44 18.60 71.79 31.40 492.92 21 40 2
45 42.72 20.88 42.71 162.49 19 47 1
46 43.72 34.03 18.60 230.30 5 7 3
47 61.47 91.82 33.43 167.07 15 36 1
48 57.41 50.61 9.70 198.80 23 42 1
49 24.98 52.04 17.42 413.82 3 38 1
50 56.57 21.65 3.81 289.31 14 32 2
51 27.20 42.54 49.33 469.82 8 39 1
52 7.81 49.16 5.10 312.33 22 41 1
53 7.22 65.51 19.87 308.35 5 12 3
54 95.66 1.30 30.66 113.72 20 21 2
55 85.31 89.74 43.83 338.22 20 36 3
56 35.48 33.58 43.15 260.28 23 41 1
57 7.61 28.95 29.32 93.30 18 35 3
58 19.11 32.88 32.50 402.56 0 30 2
59 24.65 57.74 18.01 254.70 24 25 1
60 19.17 76.17 47.09 330.90 9 48 1
61 98.61 87.20 38.33 230.59 6 29 1
62 70.92 23.46 16.85 430.98 1 28 3
63 5.80 72.17 2.39 54.92 7 8 3
64 21.90 90.48 16.38 207.66 14 38 2
65 74.36 57.66 11.50 77.03 16 36 2
66 56.09 61.23 22.30 210.24 11 27 1
67 52.97 35.96 2.97 77.88 18 32 3
68 37.30 18.96 14.71 390.22 0 43 1
69 6.98 54.35 43.49 138.31 21 34 3
70 5.28 81.58 6.75 106.62 22 24 1
71 31.27 15.10 24.59 139.61 14 46 2
72 41.44 44.30 24.88 134.19 23 36 2
73 22.93 99.82 24.15 83.80 10 35 3
74 31.95 25.77 19.67 388.94 7 42 3
75 79.31 46.49 41.65 78.80 17 20 1
76 60.68 66.10 4.54 217.23 15 20 1
77 58.82 60.71 37.66 178.25 6 24 1
78 31.85 42.10 17.46 330.65 7 42 1
79 0.26 33.03 11.38 236.84 16 46 3
80 85.19 70.14 15.43 161.91 18 41 1
81 33.15 70.69 17.16 465.19 19 40 1
82 47.45 84.57 30.14 267.02 14 45 1
83 55.89 34.90 22.26 195.73 14 42 3
84 9.54 18.94 43.71 217.86 11 25 1
85 14.17 86.91 39.50 87.87 11 21 2
86 97.17 4.26 19.39 145.07 2 12 2
87 45.22 70.30 11.63 461.23 7 25 1
88 61.16 22.25 18.18 203.91 24 47 2
89 89.06 91.19 25.86 473.88 21 47 3
90 3.77 6.83 4.56 61.08 13 24 3
91 85.89 0.63 23.98 411.13 8 19 2
92 57.89 40.23 16.79 141.18 1 25 2
93 7.88 52.61 11.35 343.68 0 36 1
94 92.84 84.67 37.55 259.34 15 44 1
95 69.84 18.54 49.46 158.48 22 48 2
96 37.91 24.62 16.74 425.99 6 24 1
97 47.43 66.13 29.16 340.43 8 34 3
98 28.53 46.42 21.04 300.49 5 45 1
99 98.55 66.47 36.51 235.50 8 24 2
100 89.50 7.77 8.58 261.44 13 31 3
101 88.30 33.22 41.15 259.65 24 44 2
102 51.89 8.03 34.64 491.67 11 46 2
103 59.36 98.00 3.58 150.03 9 47 3
104 58.75 97.85 33.76 277.27 2 20 1
105 37.09 31.79 0.54 135.90 19 22 3
106 40.45 42.19 21.94 450.87 20 37 1
107 44.83 61.08 22.23 187.91 9 22 1
108 14.45 11.72 29.97 190.09 16 35 3
109 29.14 3.36 20.19 204.45 2 8 3
110 30.62 99.05 22.79 396.39 24 45 3
111 65.04 52.36 32.00 82.99 17 35 1
112 74.87 45.35 5.67 290.87 2 44 2
113 9.13 92.96 32.76 412.33 9 27 3
114 37.33 53.47 30.38 466.90 21 45 1
115 39.62 17.97 24.17 456.84 19 19 1
116 78.63 0.51 49.48 62.83 19 27 2
117 98.95 8.23 32.18 429.29 20 24 2
118 43.52 6.61 42.83 453.46 9 13 3
119 76.65 55.71 18.97 350.29 3 8 1
120 46.33 4.47 25.77 341.95 5 5 2
121 30.66 96.99 6.02 256.59 14 30 1
122 78.54 60.46 11.25 363.17 18 25 2
123 63.20 11.21 42.60 379.02 22 34 1
124 91.76 99.80 40.94 95.62 9 34 2
125 19.34 68.90 6.54 400.40 10 16 2
126 60.12 75.99 8.71 457.67 1 23 2
127 35.72 68.94 23.74 255.97 3 22 1
128 94.21 64.81 42.05 100.83 18 22 3
129 40.23 74.31 46.67 106.66 18 31 2
130 48.60 7.60 33.97 192.19 11 36 2
131 23.64 44.97 27.91 149.14 18 33 2
132 34.84 72.74 26.45 78.67 12 27 1
133 50.03 85.59 37.26 371.75 4 31 1
134 54.83 53.48 33.02 243.33 15 30 1
135 65.07 92.06 43.75 313.43 6 41 1
136 69.85 9.17 43.46 148.51 1 22 3
137 66.31 1.83 47.36 165.83 2 4 2
138 21.46 8.77 27.27 310.91 17 17 3
139 49.05 79.42 40.83 306.67 24 47 1
140 43.61 64.89 32.68 168.12 13 48 1
141 47.22 41.73 38.50 370.31 13 45 2
142 15.61 17.21 2.89 481.35 1 37 1
143 74.11 82.34 12.83 169.77 15 29 1
144 1.30 91.61 22.90 143.11 19 47 3
145 61.65 80.55 13.68 346.27 2 19 1
146 10.72 84.17 35.35 126.30 22 33 3
147 52.79 93.11 45.79 467.16 11 27 1
148 20.48 68.01 7.08 205.21 11 43 2
149 12.89 82.23 31.65 80.11 3 14 1
150 60.15 31.67 29.78 495.06 17 38 2
151 61.81 3.53 8.41 354.96 21 45 3
152 89.96 95.46 14.47 129.31 21 47 2
153 58.05 20.57 22.59 177.56 14 16 2
154 64.25 37.54 42.04 377.21 23 29 3
155 12.56 92.41 13.56 489.21 18 25 1
156 68.63 87.71 10.72 137.82 7 10 1
157 94.70 92.55 7.56 408.82 5 6 3
158 51.81 25.82 23.41 56.03 16 19 2
159 59.17 83.58 41.03 55.84 13 47 2
160 10.89 4.83 12.68 283.21 2 44 3
161 78.31 61.04 45.44 402.55 6 27 1
162 1.60 96.08 48.14 465.16 5 34 3
163 24.90 68.83 45.09 193.07 17 20 2
164 62.11 62.92 23.08 450.02 6 19 1
165 73.94 56.01 37.62 78.72 1 37 3
166 54.90 32.96 8.31 110.63 20 48 3
167 32.78 12.08 20.31 242.54 12 32 3
168 23.97 63.93 0.86 177.98 20 48 1
169 2.19 18.39 19.92 376.67 19 36 2
170 63.00 39.29 12.93 369.76 10 30 1
171 93.18 20.58 11.56 128.66 17 20 1
172 16.33 29.87 43.35 59.50 13 35 3
173 31.15 33.81 16.32 103.25 11 43 1
174 40.47 69.50 19.80 111.98 16 37 2
175 51.34 74.11 37.60 441.12 19 29 2
176 25.47 57.03 0.29 118.74 2 15 2
177 39.32 1.78 32.16 127.29 15 28 3
178 65.51 45.04 45.30 202.84 21 32 3
179 95.23 48.03 16.54 329.57 14 48 1
180 74.68 69.82 23.05 172.85 3 16 1
181 72.67 31.02 19.94 495.45 21 44 1
182 49.88 43.51 26.09 403.91 11 43 3
183 91.62 61.31 49.29 68.01 23 38 1
184 96.25 12.49 30.44 277.64 21 28 2
185 30.43 5.03 20.80 321.71 11 47 2
186 64.29 79.17 45.18 177.63 16 39 3
187 69.44 80.68 36.96 188.35 20 20 1
188 64.99 1.57 45.98 469.19 10 22 1
189 76.95 45.05 19.08 240.52 2 42 1
190 7.99 51.63 6.64 265.39 24 40 1
191 16.90 7.50 49.99 317.93 9 41 3
192 95.17 33.22 1.78 269.89 14 22 3
193 51.77 38.70 39.99 448.08 23 30 3
194 46.96 12.60 49.13 279.48 9 35 1
195 57.51 47.23 27.12 200.51 3 41 2
196 36.90 29.72 20.60 463.98 8 35 2
197 78.62 63.28 40.62 436.32 1 7 3
198 15.25 87.63 13.06 224.55 22 32 3
199 40.70 49.55 23.37 101.88 14 37 1
200 18.34 20.82 16.91 177.06 13 16 2
201 12.51 70.10 40.70 476.75 16 32 1
202 9.35 10.95 12.95 134.86 5 29 3
203 34.20 13.09 33.36 199.84 18 45 3
204 6.41 85.09 6.07 199.68 14 17 2
205 48.88 87.79 14.95 99.72 10 44 3
206 65.39 26.82 9.75 189.49 14 33 3
207 16.44 2.17 9.50 498.57 19 48 3
208 96.46 13.89 29.46 294.57 12 45 3
209 95.82 22.26 38.39 381.95 19 38 1
210 77.13 87.15 11.44 231.61 2 26 1
211 71.23 35.97 45.74 339.82 12 42 3
212 26.16 8.12 33.23 107.39 1 39 1
213 56.75 91.92 14.40 264.48 18 48 1
214 89.09 84.01 31.08 107.13 11 47 2
215 43.69 43.23 20.74 282.58 3 42 1
216 90.12 83.86 48.71 291.58 17 31 2
217 95.74 85.56 25.83 211.09 16 47 2
218 68.84 60.33 15.00 87.78 16 34 2
219 40.04 31.88 16.31 212.39 15 21 1
220 88.10 59.87 9.51 276.34 18 20 3
221 10.34 91.18 18.12 355.39 19 33 2
222 5.58 34.17 28.64 389.24 22 37 1
223 12.16 40.01 4.43 361.23 6 32 1
224 65.51 10.84 44.83 423.04 23 27 1
225 62.37 37.81 28.84 50.99 22 26 1
226 66.84 4.18 46.34 466.62 8 9 3
227 46.36 42.69 31.14 225.62 24 37 2
228 32.36 32.30 10.56 196.11 1 4 2
229 35.42 20.22 2.82 221.96 5 16 2
230 46.26 84.90 41.20 174.57 7 15 3
231 76.64 72.09 42.73 69.54 22 44 3
232 98.17 33.20 16.19 308.72 18 31 3
233 37.73 56.11 32.76 104.88 13 16 2
234 89.93 34.66 48.73 178.38 24 25 3
235 0.88 10.31 20.79 450.56 12 32 2
236 77.18 89.48 47.51 460.25 24 31 3
237 91.95 74.85 22.18 245.40 24 39 1
238 94.53 66.73 35.33 276.33 15 42 1
239 36.01 89.30 3.15 273.22 19 28 1
240 9.51 96.79 15.97 253.47 10 42 3
241 66.15 93.72 19.52 138.05 22 25 1
242 21.38 98.69 46.55 312.45 4 32 3
243 57.11 11.17 37.04 217.34 4 30 2
244 61.60 62.61 34.99 72.52 24 48 3
245 52.28 59.49 28.86 449.67 18 47 3
246 84.72 86.19 8.23 342.09 20 41 1
247 95.68 50.86 45.86 113.69 5 15 2
248 32.79 3.61 21.39 312.03 0 41 3
249 5.11 0.45 18.40 79.25 8 37 3
250 49.88 1.28 43.36 371.15 6 33 1
251 85.06 66.49 24.14 351.41 22 44 3
252 58.76 26.78 24.24 428.30 7 46 3
253 0.98 85.70 13.28 275.87 21 44 1
254 66.26 84.50 10.15 99.13 9 44 3
255 55.39 22.69 8.38 495.59 20 37 3
256 13.04 79.34 4.27 489.57 6 47 3
257 3.03 2.21 11.38 341.18 9 13 3
258 15.21 13.94 4.29 440.57 2 18 3
259 12.44 77.55 38.10 212.92 16 27 2
260 11.07 20.89 43.76 297.08 2 5 3
261 81.08 42.23 1.78 141.62 3 47 2
262 26.37 73.08 24.34 115.48 22 24 3
263 35.95 89.58 26.45 371.98 20 31 2
264 30.74 48.28 47.26 134.91 7 32 1
265 52.72 93.57 21.83 196.21 10 16 3
266 40.37 48.93 36.20 453.01 8 20 3
267 7.99 33.16 10.78 467.60 0 17 2
268 11.61 93.15 46.77 202.39 15 28 2
269 65.59 63.79 3.30 440.29 11 45 2
270 79.09 26.02 20.79 193.72 16 25 2
271 38.16 35.78 30.92 253.13 22 45 2
272 91.99 96.77 3.77 252.04 3 43 2
273 66.41 9.02 22.87 289.28 5 17 1
274 7.25 24.77 1.82 410.80 19 37 3
275 7.34 4.40 45.17 437.90 6 48 2
276 47.56 82.16 45.79 299.57 11 12 1
277 68.81 1.59 29.83 449.72 15 19 1
278 15.61 72.69 47.08 384.67 0 36 2
279 88.61 76.95 48.19 195.60 11 12 1
280 82.80 76.70 8.12 267.51 21 44 1
281 44.57 13.53 33.23 260.29 21 44 1
282 79.92 66.65 1.54 305.28 7 16 3
283 53.89 95.76 43.99 141.48 0 39 3
284 30.58 20.89 45.47 76.34 7 34 3
285 76.80 9.19 35.98 140.43 11 28 3
286 78.23 85.01 11.12 490.48 5 40 1
287 91.65 60.94 30.32 167.85 13 16 2
288 75.67 31.50 18.12 209.45 6 17 2
289 12.19 8.72 16.65 448.25 18 48 3
290 74.17 25.05 41.75 334.46 10 43 1
291 45.25 43.50 49.13 146.35 16 36 3
292 33.31 48.68 11.67 492.41 17 45 3
293 24.37 7.80 30.92 491.10 2 15 1
294 68.86 97.02 28.86 371.96 1 38 3
295 88.62 92.63 1.18 405.24 9 30 2
296 40.00 3.72 43.17 234.15 16 17 3
297 7.60 14.17 21.77 421.72 6 28 3
298 87.48 41.88 27.53 369.96 19 33 2
299 22.18 29.87 0.27 306.86 24 38 1
300 13.13 87.43 22.33 249.50 11 23 3
1 102.45 2811.94 1
2 180.93 2686.15 2
3 130.31 2818.00 3
4 134.56 2613.41 3
5 148.32 2980.74 1
6 177.97 4257.81 3
7 195.80 2722.14 1
1 1.39 43.38 1
2 1.80 43.48 5
3 1.75 49.54 6
4 1.03 37.62 4
5 1.68 36.83 7
6 1.18 43.22 7
7 1.67 35.73 6
8 1.38 48.28 4
9 1.09 36.97 7
10 1.70 30.69 3
11 1.68 36.84 7
12 1.35 38.88 3
13 1.30 26.88 1
14 1.88 45.17 1
