Data for Vehicle routing problem with drones - Author: Huyen Do Thi Ngoc
Number of depots: 3
Number of cities: 200
Number of trucks: 6
Number of drones: 9
Area: 100 100 50
Customer maximum demand: 500
Max capacity of truck: 200
Max energy of truck: 5000
Max capacity of drone: 2
Max energy of drone: 50
1 80.76 63.11 9.76
2 41.56 24.54 35.34
3 44.22 37.23 35.81
1 37.49 53.13 23.32 157.00 22 44 3
2 31.54 5.63 14.51 69.71 10 19 1
3 99.55 50.02 21.75 245.94 15 17 2
4 63.14 94.43 26.41 253.50 6 28 3
5 82.37 25.00 39.40 113.64 5 48 1
6 67.93 92.57 28.87 313.00 14 36 2
7 44.57 45.15 16.76 166.91 6 34 2
8 11.77 66.37 15.91 298.19 10 39 2
9 67.69 26.58 34.26 354.39 4 5 1
10 91.47 5.45 43.73 160.87 14 43 1
11 65.87 43.63 9.47 318.29 17 30 1
12 90.26 89.67 44.24 154.14 6 22 2
13 72.15 80.45 31.35 257.64 24 39 3
14 32.26 98.82 36.47 391.06 6 34 3
15 18.62 65.76 12.48 263.41 16 46 1
16 20.33 57.95 24.46 478.99 15 39 3
17 26.80 79.91 25.36 469.52 17 27 3
18 62.29 23.98 31.66 218.46 7 14 2
19 7.58 72.45 33.06 65.16 18 24 3
20 43.97 37.27 33.16 481.45 9 26 1
21 7.36 61.24 16.81 164.51 9 14 3
22 80.89 63.40 44.76 216.58 18 43 1
23 70.60 71.24 19.68 79.66 2 12 1
24 53.82 99.74 20.05 493.51 19 28 3
25 70.74 81.84 35.52 233.71 18 28 3
26 70.93 52.14 43.19 442.09 16 32 3
27 74.38 77.49 13.79 422.54 10 46 3
28 65.09 88.02 20.05 394.28 21 46 2
29 86.07 37.05 37.64 474.21 13 20 2
30 31.99 6.08 41.44 170.37 5 40 3
31 36.71 34.67 7.45 373.68 12 12 3
32 76.53 96.05 1.15 204.40 20 27 2
33 40.69 67.55 8.15 441.55 8 36 3
34 54.09 43.29 29.92 495.32 12 39 3
35 36.86 6.94 20.84 161.64 12 15 1
36 10.50 60.23 44.90 266.87 5 24 1
37 34.45 48.57 29.81 468.46 4 13 3
38 90.79 86.63 8.42 139.30 13 37 2
39 50.14 91.46 18.42 416.36 19 28 3
40 2.77 58.38 9.95 400.54 17 18 2
41 46.32 47.97 43.68 379.73 6 29 3
42 14.43 63.62 9.89 287.09 13 39 3
43 33.60 16.79 49.48 332.90 16 29 1
44 27.53 28.16 12.81 277.34 18 42 3
45 76.94 32.04 24.25 343.55 8 22 3
46 14.22 36.70 6.58 451.48 23 42 3
47 12.55 98.26 36.38 343.80 9 23 3
48 28.84 53.33 22.16 491.12 6 29 1
49 37.56 34.35 49.35 258.52 20 28 1
50 20.44 94.09 22.65 438.45 18 45 2
51 27.56 34.40 12.67 170.46 10 20 2
52 6.71 39.19 26.00 69.88 15 37 2
53 32.91 82.18 26.99 290.15 17 24 3
54 57.71 60.68 33.99 60.65 11 30 3
55 57.17 75.83 44.87 306.93 18 20 3
56 18.00 0.29 25.90 228.23 16 18 3
57 91.45 81.45 21.35 160.44 0 7 2
58 3.97 46.88 6.08 388.47 10 29 3
59 26.02 7.94 29.23 469.86 10 34 1
60 82.02 85.62 34.93 448.87 21 34 2
61 50.05 30.96 49.75 337.80 3 13 3
62 11.74 85.70 9.50 326.22 4 34 1
63 71.12 98.92 49.34 444.92 15 47 3
64 41.52 61.53 25.33 109.62 16 40 1
65 38.96 13.38 10.90 428.12 7 26 2
66 45.47 20.54 33.57 447.76 17 28 3
67 84.17 3.40 13.40 343.92 13 24 3
68 61.79 72.83 39.27 400.60 21 24 2
69 88.22 76.81 21.11 114.92 12 33 3
70 65.82 32.23 19.50 300.89 0 27 3
71 22.87 57.95 46.75 297.05 0 44 1
72 29.90 0.61 26.03 198.13 20 31 1
73 47.74 11.15 36.40 240.66 6 22 2
74 62.27 95.38 29.31 415.00 22 34 3
75 85.08 27.35 15.96 388.03 8 41 1
76 88.23 44.78 27.00 52.95 1 4 3
77 31.52 52.63 28.26 282.26 16 21 2
78 50.21 80.23 32.90 487.76 18 30 2
79 34.59 47.14 14.58 175.15 17 17 2
80 93.41 87.78 30.36 459.90 17 19 2
81 98.50 83.43 6.58 287.06 11 21 3
82 31.19 58.89 29.48 490.62 0 12 2
83 22.22 15.08 23.18 67.51 2 14 2
84 29.73 82.37 48.75 101.96 17 38 1
85 41.97 23.02 16.30 354.43 16 37 2
86 83.49 54.19 27.61 60.79 21 36 1
87 23.13 16.07 30.56 199.21 18 31 3
88 31.91 86.78 40.04 65.04 17 18 2
89 91.88 80.73 49.91 209.06 8 30 3
90 37.57 46.20 17.83 236.22 21 28 3
91 88.57 37.14 6.90 283.79 9 40 2
92 27.63 69.98 43.21 469.32 21 33 3
93 0.99 76.06 49.20 167.56 11 48 1
94 62.31 20.25 6.48 271.09 14 32 1
95 52.78 16.85 25.83 372.75 15 40 1
96 64.71 29.42 41.33 128.69 13 24 2
97 82.29 92.53 42.60 265.66 21 30 3
98 10.19 47.65 23.23 245.94 9 16 3
99 99.15 17.35 17.21 355.09 15 41 2
100 17.57 60.88 15.43 266.44 0 38 2
101 85.28 83.06 44.92 248.40 5 45 3
102 8.82 52.50 46.36 422.48 8 25 2
103 37.81 84.99 25.98 130.50 8 36 1
104 99.20 28.26 36.49 55.33 18 48 2
105 55.64 74.18 3.01 96.28 18 20 1
106 55.68 75.91 46.62 418.93 4 33 3
107 16.27 30.16 25.46 220.16 15 42 1
108 54.60 9.83 14.28 161.62 18 45 1
109 51.41 23.40 6.70 187.09 3 21 3
110 73.90 46.11 42.40 297.66 3 39 3
111 91.77 70.74 13.90 336.58 15 38 2
112 16.02 52.92 49.51 72.73 19 19 2
113 3.59 52.69 28.78 443.54 3 15 3
114 62.60 43.99 6.08 319.31 17 19 3
115 99.50 66.90 28.98 62.64 19 26 1
116 94.81 6.40 39.24 178.57 8 19 2
117 7.53 27.26 32.07 178.09 17 41 1
118 12.98 5.31 24.79 214.26 11 26 3
119 75.95 15.25 24.54 398.94 13 24 2
120 26.73 24.88 3.98 87.52 17 32 1
121 96.32 61.57 41.49 418.34 19 24 3
122 20.67 26.06 40.33 191.03 7 48 2
123 22.43 30.77 15.50 299.68 4 9 2
124 40.76 24.97 1.18 108.30 4 21 1
125 68.61 8.69 20.87 59.97 18 33 3
126 37.20 4.25 0.57 224.52 20 48 2
127 3.42 84.13 28.16 272.68 24 42 1
128 55.90 79.09 45.39 252.17 14 15 3
129 71.65 54.21 14.74 249.92 9 34 1
130 61.47 85.23 30.72 331.09 6 26 1
131 34.75 44.06 39.51 220.83 13 36 3
132 81.65 75.09 47.35 328.08 11 46 2
133 64.26 51.44 39.39 482.48 22 33 1
134 56.14 10.53 32.33 325.66 9 39 1
135 76.04 79.95 31.90 416.88 16 34 1
136 65.82 51.59 0.06 448.52 18 25 1
137 52.78 5.10 32.45 300.74 6 13 3
138 38.66 49.08 11.61 411.28 1 13 3
139 88.70 84.14 17.22 342.89 8 25 2
140 76.37 11.81 34.38 308.31 16 44 2
141 98.92 15.74 40.68 345.28 6 10 1
142 48.91 18.20 15.91 93.97 17 36 3
143 43.71 59.94 12.87 455.36 10 44 1
144 57.65 76.56 32.21 407.19 7 36 3
145 25.32 36.63 23.60 387.11 23 46 2
146 12.50 61.41 44.11 230.33 9 48 1
147 55.70 15.53 30.00 218.49 21 47 2
148 66.25 65.20 29.31 404.93 3 20 1
149 17.55 9.43 46.75 192.64 5 28 1
150 29.87 61.51 26.26 265.30 11 26 2
151 44.79 22.76 5.78 151.31 16 16 2
152 93.16 7.61 33.89 96.84 16 18 1
153 41.04 3.00 5.76 322.57 18 36 3
154 68.81 83.09 39.44 346.27 23 40 3
155 68.57 23.28 34.85 355.25 9 43 3
156 91.23 2.86 28.28 58.19 10 32 3
157 92.35 42.00 26.61 177.41 11 15 2
158 34.70 16.39 46.62 120.96 16 32 2
159 67.21 53.78 7.95 197.37 8 41 3
160 4.29 18.21 13.58 481.06 18 29 1
161 30.61 22.12 8.16 66.17 17 30 2
162 61.92 65.77 49.97 423.75 7 31 3
163 55.42 54.84 8.03 223.33 22 27 1
164 92.50 17.35 15.27 331.40 11 45 2
165 25.14 85.95 4.02 432.35 4 14 1
166 26.04 31.98 30.02 261.72 8 34 1
167 8.27 59.50 48.29 377.10 14 35 1
168 25.93 51.21 29.95 61.87 1 40 1
169 44.44 34.50 23.99 196.75 0 43 3
170 31.13 20.31 1.06 364.70 17 30 1
171 17.38 71.31 49.43 148.81 18 28 2
172 84.06 92.65 19.96 60.46 20 37 2
173 26.47 22.40 37.16 403.62 12 14 1
174 39.79 90.35 6.29 368.54 10 31 1
175 58.16 3.97 24.97 486.71 17 29 3
176 11.57 38.72 6.90 65.84 20 43 1
177 31.63 97.04 5.25 351.20 18 36 3
178 53.48 6.09 20.00 127.77 23 47 3
179 77.70 64.55 33.30 86.82 4 5 2
180 0.86 13.52 10.77 476.94 0 32 3
181 24.54 88.05 17.57 236.93 7 38 3
182 56.71 85.20 37.58 427.87 19 29 2
183 89.28 95.34 24.39 144.02 12 45 2
184 73.57 83.21 22.24 192.51 20 45 1
185 41.44 55.69 41.42 150.37 14 29 2
186 57.93 6.54 31.63 224.90 21 35 3
187 25.94 1.42 30.99 175.03 21 33 1
188 88.13 88.29 48.00 397.62 16 43 1
189 37.53 54.26 2.42 64.60 24 46 1
190 10.87 93.19 10.43 133.28 19 26 2
191 58.95 44.87 20.13 97.76 10 40 2
192 89.90 7.98 36.39 226.53 24 33 1
193 21.17 91.67 24.78 341.18 9 11 2
194 40.04 76.74 9.05 480.62 16 40 2
195 29.78 85.33 17.12 101.44 0 12 2
196 41.54 94.07 33.12 425.60 7 20 2
197 79.41 3.92 23.46 471.24 22 29 1
198 55.22 1.21 30.92 159.98 12 34 1
199 47.72 27.72 20.57 69.38 0 42 2
200 22.28 1.01 26.24 450.26 9 38 1
1 118.42 3466.55 1
2 186.09 4628.99 2
3 151.18 4216.45 3
4 129.02 3782.13 3
5 133.62 3036.49 1
6 158.44 3056.35 3
1 1.13 49.13 2
2 1.49 30.90 3
3 1.53 49.99 4
4 1.32 42.39 2
5 1.53 26.52 4
6 1.55 42.31 5
7 1.00 27.17 3
8 1.20 41.45 3
9 1.20 31.22 5
