Data for Vehicle routing problem with drones - Author: Huyen Do Thi Ngoc
Number of depots: 4
Number of cities: 400
Number of trucks: 9
Number of drones: 17
Area: 100 100 50
Customer maximum demand: 500
Max capacity of truck: 200
Max energy of truck: 5000
Max capacity of drone: 2
Max energy of drone: 50
1 59.26 85.19 15.21
2 46.36 14.73 42.11
3 72.39 49.38 23.66
4 65.31 92.73 30.20
1 61.98 35.02 10.34 119.98 21 41 2
2 89.08 59.88 18.96 307.49 14 35 1
3 58.24 1.70 35.47 270.66 16 24 1
4 70.64 0.66 5.32 276.34 6 35 3
5 89.61 11.71 29.55 225.71 22 35 4
6 39.07 0.49 40.62 82.22 2 36 4
7 17.47 51.86 24.91 489.85 5 13 2
8 76.74 26.60 25.63 165.42 14 46 3
9 56.23 20.51 32.41 140.34 18 36 3
10 80.96 24.84 31.52 357.11 3 39 1
11 41.71 95.57 10.58 417.60 21 46 2
12 52.24 63.58 1.44 469.13 16 23 1
13 14.87 90.03 21.95 61.92 7 46 1
14 57.25 66.09 38.16 476.48 11 16 4
15 30.95 7.56 13.64 133.29 24 30 1
16 86.77 89.41 5.61 193.67 7 10 4
17 57.55 40.35 26.32 174.48 14 38 2
18 68.69 4.61 1.78 149.31 9 29 1
19 98.07 27.82 49.96 446.34 1 32 2
20 20.15 18.85 41.60 330.09 5 26 2
21 33.50 29.73 31.21 143.88 7 39 4
22 44.91 7.21 25.33 419.13 3 3 3
23 42.29 82.74 33.58 313.32 13 39 1
24 34.90 81.70 25.97 323.85 24 45 3
25 15.88 85.38 8.78 148.07 6 31 2
26 90.22 81.41 31.37 353.56 4 35 1
27 12.48 69.55 17.56 186.36 19 44 1
28 55.26 30.54 48.11 368.54 9 14 1
29 74.44 3.14 6.68 142.29 8 34 4
30 49.85 9.14 49.94 345.24 10 28 2
31 22.60 99.65 44.32 134.75 20 45 4
32 17.98 17.27 0.33 441.61 24 33 4
33 6.82 97.10 6.22 418.09 24 37 3
34 43.16 56.36 10.61 197.25 17 40 2
35 0.32 58.55 46.21 434.96 8 48 4
36 83.64 97.58 11.21 126.60 23 40 3
37 66.68 49.57 30.10 480.87 11 19 4
38 78.38 13.10 34.76 115.56 19 46 1
39 41.10 69.47 49.36 86.76 6 25 3
40 33.98 50.33 4.31 226.15 14 40 1
41 85.77 13.52 1.32 328.04 20 48 2
42 82.14 79.95 31.95 135.26 16 35 1
43 61.88 49.64 25.78 397.86 10 13 1
44 64.93 0.52 18.25 204.64 21 21 1
45 41.32 73.55 4.76 365.44 1 9 3
46 24.08 14.79 20.34 465.62 19 24 3
47 36.04 51.97 43.86 78.49 2 44 2
48 82.90 67.52 32.26 140.28 4 33 4
49 3.64 48.79 46.87 420.49 6 48 4
50 76.60 46.09 33.37 204.16 20 28 3
51 25.77 8.78 44.16 126.68 17 26 4
52 85.01 18.11 14.40 78.37 23 46 2
53 30.82 55.02 0.32 159.74 17 25 3
54 20.38 20.09 48.72 404.63 19 34 4
55 29.85 90.75 24.77 100.25 17 44 3
56 4.66 80.43 21.72 246.44 11 11 1
57 62.69 69.84 14.94 451.85 6 47 4
58 70.04 81.77 22.66 66.00 1 15 1
59 48.29 49.82 26.20 119.51 5 28 3
60 19.51 27.83 37.54 359.67 19 22 4
61 61.55 46.63 42.64 411.82 4 38 3
62 46.39 75.73 41.44 183.05 11 36 3
63 22.92 39.94 33.06 408.79 3 4 3
64 33.95 97.99 20.80 351.83 19 31 2
65 38.53 43.89 13.77 308.44 9 48 2
66 53.70 61.52 13.09 325.43 3 7 2
67 56.66 4.50 35.80 265.20 0 21 1
68 30.94 5.85 40.91 66.11 23 46 2
69 76.00 64.71 1.74 431.19 12 43 2
70 25.88 8.56 45.72 122.68 15 32 2
71 3.00 13.62 15.09 493.37 7 44 4
72 73.99 98.98 37.16 125.28 19 26 2
73 76.85 69.43 41.70 220.82 5 46 3
74 1.58 37.40 7.40 399.26 9 16 1
75 10.09 91.62 49.38 55.22 2 13 4
76 6.48 87.14 25.92 443.61 12 43 2
77 73.65 87.16 27.20 198.09 15 43 1
78 18.80 28.96 32.81 172.22 15 48 1
79 69.71 4.03 20.14 324.78 20 48 4
80 93.07 91.64 45.52 256.47 15 44 2
81 68.43 18.46 49.50 109.30 3 44 1
82 0.54 14.00 4.67 108.54 16 20 4
83 95.20 65.40 27.26 138.47 1 18 4
84 55.07 8.09 35.03 180.60 15 41 1
85 57.46 24.26 21.62 365.11 4 25 1
86 11.77 32.63 12.26 210.91 8 28 3
87 95.97 77.83 8.29 309.38 2 30 4
88 98.81 62.38 6.61 156.30 10 14 2
89 98.43 77.45 5.94 446.51 9 24 3
90 51.59 36.74 47.42 108.82 11 22 3
91 76.88 4.57 29.44 492.15 9 38 4
92 1.07 78.70 44.88 160.37 19 38 4
93 24.14 14.22 31.23 419.49 13 19 1
94 99.59 22.16 37.08 122.15 12 42 4
95 40.59 19.61 19.32 472.64 15 40 4
96 32.23 51.64 15.02 325.17 19 31 1
97 53.57 6.77 43.23 387.01 3 42 2
98 56.00 19.46 39.90 420.93 19 28 2
99 36.44 63.58 2.29 449.64 3 45 4
100 15.99 36.66 22.91 361.61 15 43 4
101 18.17 2.67 40.32 84.00 17 18 1
102 98.41 89.44 31.77 320.49 12 36 1
103 63.47 86.82 28.03 386.83 6 7 1
104 55.85 29.35 34.58 146.03 7 19 4
105 47.84 32.72 13.40 376.55 13 34 4
106 1.89 8.92 34.81 197.60 12 13 4
107 45.25 74.48 11.30 382.08 8 10 3
108 8.52 58.47 47.26 373.28 7 48 1
109 24.54 70.10 22.51 420.74 20 32 2
110 97.16 99.53 42.96 437.82 3 48 1
111 60.20 98.20 28.12 485.72 21 42 1
112 62.06 40.05 20.87 447.45 21 24 2
113 27.23 58.88 15.89 393.03 17 42 1
114 73.08 92.99 16.75 401.31 7 15 3
115 69.98 15.93 45.83 243.54 5 14 2
116 4.35 75.58 0.89 142.37 20 20 1
117 7.25 70.48 26.45 321.97 4 48 2
118 85.44 83.75 34.35 428.71 11 15 1
119 26.41 75.34 16.64 378.83 13 36 1
120 58.53 85.16 9.52 189.02 3 3 3
121 87.60 95.69 41.30 194.81 23 44 4
122 2.08 81.38 43.21 460.77 9 34 4
123 88.65 26.38 16.59 381.95 11 39 4
124 69.23 26.85 19.49 376.12 2 40 2
125 92.98 72.57 9.34 437.15 13 23 2
126 96.00 64.23 45.72 257.73 9 18 3
127 94.45 28.85 37.62 314.88 0 14 4
128 95.16 67.60 42.46 181.45 2 2 3
129 67.97 45.11 49.18 450.38 0 38 3
130 87.58 91.93 44.27 321.19 24 40 1
131 54.42 59.21 0.61 249.39 16 36 1
132 80.41 77.11 49.37 141.34 22 33 3
133 45.60 99.40 12.91 225.76 0 8 1
134 62.01 6.04 40.57 428.38 22 35 3
135 86.79 17.04 4.01 341.11 13 16 4
136 5.66 64.02 2.14 122.70 18 33 3
137 49.42 53.70 15.37 452.54 18 46 4
138 0.45 25.26 19.26 251.51 1 21 3
139 92.57 82.86 22.15 384.45 18 42 4
140 14.22 81.35 47.45 219.92 3 34 4
141 36.80 28.39 36.06 166.10 21 29 3
142 77.11 64.98 3.99 455.24 18 26 4
143 68.17 38.54 20.80 488.87 8 18 4
144 10.84 23.89 13.31 427.02 16 27 4
145 56.25 91.82 46.05 294.06 14 42 4
146 5.79 56.03 47.52 142.59 20 25 1
147 79.41 10.62 10.61 316.32 11 11 1
148 62.26 73.42 26.70 60.52 12 29 1
149 80.32 82.10 41.69 103.83 8 12 4
150 37.57 38.70 6.78 371.24 14 21 1
151 65.53 96.59 34.12 55.07 4 15 1
152 36.66 47.72 9.53 294.50 15 39 2
153 5.20 34.53 16.50 174.94 3 11 1
154 0.15 87.21 41.60 346.72 11 27 4
155 86.29 76.30 5.55 217.05 15 43 3
156 21.72 70.77 37.39 235.77 24 46 1
157 11.78 90.80 35.67 96.80 6 34 1
158 64.49 64.28 15.61 349.23 19 26 3
159 97.61 54.19 37.08 487.12 0 39 1
160 54.32 25.90 45.20 139.51 24 32 2
161 10.41 41.92 12.67 345.36 24 40 3
162 33.14 52.19 6.35 204.34 10 15 4
163 60.28 30.96 27.25 355.93 8 48 1
164 41.33 36.49 37.81 316.42 5 33 1
165 88.99 87.88 6.04 132.45 1 30 4
166 5.00 89.85 47.61 115.26 4 21 4
167 29.76 44.25 10.78 420.30 9 16 1
168 92.78 38.77 48.33 268.12 7 28 2
169 39.19 67.82 30.32 126.51 13 39 3
170 1.69 64.20 32.05 105.85 13 22 1
171 13.09 75.61 1.01 143.88 20 20 3
172 73.04 14.35 14.21 472.93 17 26 1
173 85.97 66.48 19.29 417.73 5 18 2
174 30.80 56.90 23.45 443.82 18 37 1
175 8.73 36.34 38.84 405.42 11 47 1
176 10.27 83.17 1.37 379.87 10 40 2
177 29.58 10.78 10.78 100.07 13 15 3
178 85.38 26.38 27.54 448.83 11 33 1
179 62.27 60.73 36.71 344.39 23 47 1
180 56.70 83.84 42.76 388.82 20 35 3
181 80.71 21.70 12.19 494.00 12 37 3
182 62.91 70.91 7.39 332.24 20 40 1
183 45.91 21.54 27.04 267.15 8 11 2
184 86.11 26.13 26.55 86.34 16 37 4
185 79.11 85.60 14.57 194.86 19 30 3
186 72.90 70.51 27.67 381.63 18 31 3
187 95.11 2.27 49.27 204.15 19 38 4
188 2.29 81.88 18.72 360.23 20 35 3
189 71.08 78.15 49.29 466.20 9 40 1
190 39.79 22.28 10.56 168.29 10 20 4
191 26.70 90.98 25.24 82.71 18 27 3
192 19.86 34.13 38.57 124.11 18 39 3
193 93.70 30.47 35.19 258.78 13 20 3
194 32.63 34.55 28.45 309.37 24 26 3
195 26.11 24.71 39.57 466.44 8 11 1
196 57.04 78.92 3.09 157.11 18 29 2
197 58.72 15.88 26.04 80.51 14 14 1
198 4.32 26.95 0.55 153.08 22 31 3
199 67.52 33.40 0.97 475.44 24 41 2
200 81.96 37.95 18.14 483.03 1 14 4
201 3.39 9.91 16.46 295.12 2 29 1
202 96.20 45.69 27.00 389.89 18 47 3
203 24.97 13.66 49.05 409.91 3 21 3
204 24.37 35.69 46.09 468.55 11 37 1
205 9.62 86.17 6.57 359.98 4 31 3
206 5.09 33.89 49.96 180.18 13 40 4
207 80.66 17.28 32.27 497.23 19 32 1
208 69.20 51.86 43.97 161.77 17 46 4
209 1.19 25.48 21.47 492.63 1 43 3
210 86.00 15.57 13.88 252.52 3 19 1
211 95.76 77.70 12.82 342.38 17 32 1
212 89.92 97.71 26.66 277.35 5 17 4
213 61.18 46.49 36.16 465.59 18 18 1
214 97.19 5.90 41.98 443.78 13 39 3
215 42.92 37.52 43.40 392.42 18 42 3
216 58.27 46.13 40.49 133.29 13 16 3
217 99.41 36.78 44.65 170.66 8 31 3
218 15.91 82.12 14.14 326.41 23 46 2
219 98.17 52.55 31.84 439.39 20 31 3
220 1.49 93.48 47.28 457.87 17 33 1
221 28.87 73.31 15.48 476.44 10 22 1
222 50.57 36.45 16.56 370.52 5 20 3
223 28.63 65.24 39.57 489.65 4 8 4
224 1.80 40.99 34.86 310.07 0 34 4
225 39.72 71.47 38.76 210.63 5 41 4
226 17.13 7.81 15.45 313.22 4 31 3
227 1.53 64.61 11.00 53.43 9 35 3
228 19.09 0.35 43.14 462.36 1 6 3
229 67.18 37.22 26.27 235.00 13 19 2
230 11.70 67.30 45.46 474.79 21 38 2
231 35.51 21.23 32.38 359.69 6 25 2
232 49.82 66.44 10.17 210.27 17 24 4
233 8.52 47.04 48.43 269.31 21 36 3
234 95.41 95.26 16.51 273.78 20 21 4
235 83.45 55.41 34.42 223.03 5 43 1
236 20.30 52.89 34.37 303.29 20 39 2
237 4.05 78.23 15.90 136.57 9 39 3
238 52.99 76.15 31.14 196.18 8 31 3
239 99.27 45.49 6.68 393.30 17 21 3
240 80.50 82.14 10.29 348.99 9 10 3
241 78.89 35.86 14.46 385.88 17 42 1
242 47.05 43.18 21.93 117.25 15 18 4
243 21.23 16.71 25.77 111.79 4 12 1
244 25.57 40.04 23.62 475.40 11 11 3
245 92.27 50.94 6.74 220.90 6 18 3
246 17.40 37.13 33.65 384.54 11 14 4
247 99.36 35.14 30.50 473.55 22 40 4
248 38.84 69.99 47.15 444.57 3 45 1
249 33.61 18.41 40.95 315.92 6 21 1
250 53.48 6.38 41.19 71.82 5 47 3
251 4.21 67.73 32.57 251.17 12 42 1
252 38.54 81.42 29.20 278.72 12 32 4
253 97.49 70.36 21.69 460.94 22 27 1
254 56.38 48.92 39.01 298.94 21 39 3
255 34.03 97.93 7.78 351.65 4 12 1
256 56.03 6.40 14.80 345.88 18 25 2
257 1.72 23.67 37.20 106.28 0 46 3
258 79.69 78.16 21.80 274.64 3 34 4
259 60.09 91.53 45.21 175.66 23 25 1
260 30.88 46.54 28.21 445.51 19 20 3
261 79.77 6.44 43.22 402.07 6 14 1
262 91.41 64.36 4.74 111.88 3 35 1
263 9.58 87.55 44.08 449.08 12 34 4
264 27.65 77.26 46.80 328.27 21 39 3
265 5.55 57.26 10.07 249.46 7 14 4
266 43.19 6.31 0.19 100.59 14 34 3
267 64.72 48.53 35.65 396.34 4 48 2
268 7.27 40.23 8.00 59.89 21 32 2
269 41.58 77.03 39.13 301.74 14 42 1
270 39.02 12.25 47.50 299.83 0 48 4
271 76.14 7.37 28.49 252.99 20 40 4
272 5.20 83.79 34.27 82.19 14 40 3
273 24.64 57.37 37.15 103.92 13 26 1
274 49.37 29.41 47.56 201.69 23 28 2
275 97.30 50.64 22.53 478.15 15 15 1
276 39.18 63.30 41.83 69.69 17 27 4
277 10.23 66.00 23.21 244.61 15 26 2
278 50.44 62.06 42.87 148.25 4 25 1
279 45.03 10.49 37.50 427.64 24 28 4
280 91.70 9.49 41.80 218.93 20 47 2
281 10.83 98.80 13.39 368.48 9 47 2
282 38.62 95.31 8.62 404.93 24 43 1
283 46.67 53.23 32.52 61.05 6 14 3
284 80.50 43.28 30.29 433.49 1 31 4
285 0.62 20.96 30.70 442.37 0 21 3
286 32.85 89.72 8.31 186.33 12 21 1
287 77.79 0.80 15.35 141.66 18 35 3
288 40.89 54.38 6.38 273.44 15 45 1
289 25.42 80.24 31.73 266.20 19 29 2
290 15.66 23.84 42.35 126.81 23 40 1
291 64.32 41.96 15.82 261.89 6 11 4
292 42.14 40.87 49.52 291.61 23 27 3
293 91.64 75.05 31.71 154.33 12 35 4
294 42.06 26.43 42.02 358.20 17 23 1
295 10.83 52.12 26.90 115.65 7 22 1
296 50.22 76.18 26.05 488.38 6 36 3
297 44.87 97.37 25.06 234.98 20 27 2
298 47.26 45.40 44.84 490.49 23 31 1
299 41.57 72.68 9.01 151.30 15 26 3
300 39.54 87.13 49.98 435.41 4 27 2
301 59.79 14.64 48.82 239.08 11 35 2
302 65.47 81.33 22.03 132.73 2 48 4
303 89.25 28.93 16.51 119.76 12 13 3
304 25.29 84.26 39.46 125.54 16 35 4
305 11.84 4.61 42.16 75.00 5 12 4
306 23.07 74.89 8.23 250.73 1 26 2
307 44.74 63.93 47.87 293.77 7 40 1
308 58.01 42.46 38.09 489.75 0 30 3
309 96.05 57.72 32.90 163.14 23 42 1
310 33.77 46.95 1.73 308.05 11 21 4
311 95.81 28.15 31.58 365.49 9 14 4
312 91.89 52.83 14.60 414.01 22 46 2
313 72.42 65.05 17.61 306.92 15 34 1
314 59.74 72.30 37.68 446.09 21 41 1
315 83.65 54.36 39.75 302.25 24 43 1
316 50.40 30.01 18.53 337.81 24 27 3
317 47.88 45.29 8.21 171.44 0 5 2
318 35.67 62.87 32.41 449.31 13 32 4
319 22.81 84.41 11.53 339.95 20 42 3
320 54.47 9.77 18.19 103.75 1 4 1
321 17.47 46.67 39.43 325.39 2 41 1
322 65.15 94.65 14.54 384.73 21 36 1
323 36.71 77.71 49.33 162.31 18 26 3
324 88.03 10.57 27.74 183.16 23 45 4
325 36.98 98.95 13.69 123.19 17 17 4
326 70.49 91.60 39.48 486.61 24 31 3
327 87.56 8.84 36.02 312.41 18 36 2
328 75.24 30.89 38.75 165.23 6 45 3
329 89.24 32.48 16.55 495.57 21 22 4
330 33.84 7.75 3.11 247.00 14 47 3
331 81.38 59.73 1.32 216.97 12 23 2
332 58.94 18.37 7.17 91.62 10 24 2
333 29.99 49.96 17.18 300.11 7 23 4
334 68.85 76.78 3.03 406.01 12 28 4
335 78.46 62.30 36.10 313.85 22 24 2
336 18.37 90.55 42.67 378.46 16 39 1
337 16.54 78.57 26.75 116.97 19 40 3
338 0.44 73.51 1.63 222.56 2 17 1
339 50.13 55.70 0.54 231.09 16 29 4
340 33.18 88.92 30.01 384.43 24 25 2
341 89.28 4.24 27.23 257.62 14 17 1
342 78.53 96.72 33.86 62.53 1 10 1
343 80.32 77.67 24.01 125.96 2 6 3
344 59.56 50.38 39.84 220.42 8 34 4
345 90.86 86.25 7.56 294.89 2 14 4
346 84.73 20.05 25.10 388.11 1 11 3
347 8.36 38.84 9.10 321.06 16 44 4
348 29.77 60.31 25.89 267.63 15 21 3
349 5.30 43.17 23.67 414.76 12 33 4
350 77.57 29.59 14.64 142.44 20 22 4
351 16.41 49.26 24.81 348.83 1 7 4
352 34.23 88.94 13.76 246.59 9 35 2
353 21.78 84.28 39.41 390.74 0 5 1
354 8.71 11.60 19.86 217.84 22 48 1
355 25.55 67.21 41.30 284.41 3 48 1
356 97.07 22.37 23.47 446.70 17 43 4
357 35.48 34.75 6.26 97.89 10 24 2
358 55.62 66.31 39.05 50.56 21 24 4
359 38.60 73.93 31.19 86.52 19 45 2
360 45.08 64.00 29.15 146.63 3 48 2
361 7.45 32.22 0.50 145.02 9 41 3
362 20.22 21.09 40.38 316.36 17 43 4
363 43.13 32.10 41.19 407.65 19 23 1
364 33.58 37.65 22.08 97.88 4 8 2
365 28.51 83.23 48.61 378.09 17 47 4
366 53.26 52.00 3.28 50.36 1 18 2
367 10.44 96.81 16.73 61.50 10 46 3
368 75.98 86.71 45.97 355.69 4 25 4
369 24.03 2.69 11.88 97.71 9 45 2
370 44.66 37.15 16.71 462.86 21 42 4
371 0.54 43.49 18.20 433.49 0 0 1
372 69.90 5.78 16.79 401.65 4 42 2
373 4.16 56.44 48.44 121.34 13 34 4
374 40.39 6.67 16.80 249.76 1 33 2
375 5.36 39.01 31.90 390.41 15 47 4
376 32.99 54.19 42.72 173.01 11 40 4
377 43.76 18.75 40.12 425.40 1 41 1
378 73.97 46.58 16.03 246.12 22 32 4
379 26.54 98.21 30.12 464.13 3 41 3
380 54.20 87.31 20.77 155.77 3 14 2
381 82.56 67.01 14.59 189.63 5 6 1
382 26.45 45.49 45.86 144.82 23 36 2
383 48.41 91.00 44.11 494.17 22 31 3
384 73.16 54.61 25.89 121.91 14 22 1
385 37.47 3.16 4.92 446.96 13 39 4
386 7.67 29.95 19.60 66.90 9 47 2
387 64.94 17.34 16.73 134.81 12 38 3
388 34.49 42.34 39.78 149.20 20 31 3
389 21.91 25.40 34.89 296.65 4 29 1
390 59.44 56.58 4.12 429.99 8 34 3
391 63.59 21.51 42.97 317.76 1 40 4
392 11.95 26.58 38.55 104.11 11 41 2
393 44.16 57.37 13.17 294.35 22 29 3
394 11.82 25.37 13.93 373.03 10 34 1
395 20.44 11.12 40.86 423.75 6 29 1
396 9.74 60.92 30.18 477.93 11 16 1
397 51.65 14.73 6.21 464.87 8 36 3
398 37.22 40.33 36.49 371.54 15 17 2
399 30.79 49.63 26.58 478.10 16 18 3
400 21.88 68.31 2.70 459.30 2 48 4
1 150.20 4291.56 1
2 184.79 4979.64 2
3 125.68 3764.50 3
4 109.59 3172.56 4
5 121.95 3296.80 3
6 194.70 3693.58 3
7 198.92 3263.64 3
8 104.76 2532.77 1
9 164.29 2934.10 1
1 1.78 25.49 3
2 1.01 41.87 3
3 1.94 36.32 1
4 1.34 48.77 5
5 1.29 39.25 7
6 1.12 34.07 2
7 1.13 45.78 4
8 1.71 41.62 9
9 1.45 35.16 3
10 1.68 46.50 8
11 1.35 32.91 1
12 1.52 39.25 1
13 1.07 32.75 6
14 1.15 35.64 3
15 1.93 44.96 6
16 1.31 45.31 4
17 1.28 37.71 8
