Data for Vehicle routing problem with drones - Author: Huyen Do Thi Ngoc
Number of depots: 3
Number of cities: 200
Number of trucks: 3
Number of drones: 4
Area: 100 100 50
Customer maximum demand: 500
Max capacity of truck: 200
Max energy of truck: 5000
Max capacity of drone: 2
Max energy of drone: 50
1 11.24 83.32 12.66
2 71.22 60.31 7.47
3 12.75 53.30 21.00
1 83.10 9.48 45.26 427.86 20 34 2
2 64.99 65.23 46.10 337.83 14 19 3
3 20.52 8.76 1.51 454.85 1 19 2
4 24.63 26.74 47.80 53.56 19 44 3
5 65.48 17.36 25.17 414.54 4 32 3
6 98.27 62.36 3.26 84.44 21 33 3
7 73.73 95.99 34.18 61.08 21 30 3
8 14.63 5.32 20.07 134.73 17 35 2
9 87.99 86.65 10.16 466.44 0 9 1
10 50.65 23.66 0.74 167.91 14 34 2
11 4.81 84.07 16.66 146.14 14 44 3
12 3.15 72.03 29.53 150.51 19 33 1
13 88.45 32.67 30.94 236.19 20 43 3
14 24.28 42.10 4.52 51.01 24 35 3
15 8.22 38.44 14.19 479.10 24 25 1
16 12.83 82.99 27.12 96.86 17 19 2
17 56.29 8.12 4.75 169.80 11 42 2
18 89.23 97.99 49.11 426.07 0 22 2
19 33.19 47.81 34.65 306.30 19 20 1
20 89.25 9.00 16.56 89.20 16 39 3
21 89.62 71.35 38.98 293.01 8 35 1
22 9.01 94.77 25.23 60.61 10 43 1
23 65.27 74.43 23.61 209.34 17 19 2
24 68.89 24.34 42.59 333.11 11 15 1
25 18.38 95.18 33.93 391.35 22 26 3
26 84.05 97.86 21.53 280.10 17 39 1
27 75.71 47.38 34.09 253.40 8 41 3
28 58.94 68.03 34.88 227.55 14 35 1
29 38.33 24.02 30.10 342.48 7 47 1
30 24.93 96.85 11.98 208.56 22 41 1
31 21.88 7.48 12.20 155.54 7 30 2
32 2.06 54.50 44.93 174.30 4 40 3
33 84.72 65.67 43.66 373.93 20 39 1
34 37.85 4.20 21.39 425.51 14 24 1
35 14.27 0.61 10.69 380.78 6 11 3
36 80.76 9.64 2.46 352.69 22 46 3
37 14.12 78.21 31.41 441.42 1 23 3
38 12.29 75.80 33.53 131.67 10 22 2
39 82.50 16.30 3.70 78.64 21 21 1
40 34.91 47.67 19.91 387.30 2 40 1
41 4.26 25.80 6.23 125.02 4 20 1
42 49.81 30.60 4.26 68.28 17 31 3
43 20.83 29.80 48.56 53.02 11 29 1
44 45.17 30.40 33.95 156.47 20 34 3
45 53.95 39.20 47.78 137.97 16 33 1
46 74.87 75.35 45.70 363.08 8 38 3
47 38.80 86.57 18.65 439.12 20 27 2
48 74.55 51.49 30.10 254.86 16 23 3
49 76.87 83.25 24.09 488.64 15 34 3
50 25.31 83.57 6.86 361.72 23 34 2
51 29.66 86.46 43.08 99.60 16 48 1
52 82.31 76.70 2.04 311.47 14 46 1
53 73.96 92.59 46.14 249.04 24 43 1
54 42.24 6.37 29.06 357.03 12 15 3
55 18.21 56.07 45.11 294.27 23 46 1
56 72.92 27.06 1.88 478.65 18 29 2
57 70.67 6.46 48.24 249.60 4 9 3
58 12.09 85.61 20.66 117.13 23 28 3
59 20.40 87.27 18.64 373.89 5 47 1
60 43.57 67.00 18.25 317.15 10 36 1
61 70.94 74.59 45.74 68.16 22 41 2
62 58.99 53.52 11.61 400.33 17 18 1
63 28.83 62.19 26.81 52.37 10 33 1
64 84.20 90.21 8.63 409.56 4 30 3
65 95.29 9.92 22.87 242.17 6 26 3
66 90.82 62.59 26.75 436.90 10 37 2
67 66.20 87.29 5.33 420.69 7 41 2
68 33.66 13.28 22.72 419.34 12 16 3
69 27.66 41.22 13.14 201.07 8 42 1
70 33.59 40.79 32.25 86.79 23 40 3
71 72.74 89.37 14.31 482.27 20 40 2
72 69.45 8.92 7.94 316.10 22 33 2
73 22.68 56.94 43.68 97.33 10 34 1
74 35.96 94.37 21.06 383.00 24 44 3
75 67.53 12.41 25.29 253.84 19 22 3
76 12.16 49.30 3.33 82.12 13 42 2
77 5.59 63.13 32.44 381.84 0 33 2
78 11.11 65.43 30.02 285.64 2 44 3
79 8.18 48.45 0.85 382.23 21 44 1
80 15.24 27.66 17.01 73.16 17 42 1
81 86.17 84.65 32.55 75.66 9 22 2
82 87.73 36.09 40.59 364.84 21 48 3
83 67.87 36.64 24.55 330.47 16 38 2
84 94.98 1.75 25.10 168.34 2 38 2
85 4.24 88.37 39.81 115.75 8 9 2
86 28.56 81.82 36.90 116.17 8 27 2
87 97.83 99.43 44.47 250.94 11 11 1
88 68.09 95.84 49.65 476.20 14 26 1
89 58.60 74.28 46.26 286.72 20 30 2
90 18.66 94.85 36.12 318.28 10 47 3
91 72.19 53.03 39.55 432.43 18 46 1
92 33.65 31.45 20.68 163.86 18 32 1
93 13.26 99.06 27.57 487.86 20 39 2
94 9.65 55.12 9.63 103.62 15 43 1
95 86.72 81.12 37.40 493.17 7 22 3
96 45.05 91.85 31.27 316.78 2 38 1
97 1.93 19.38 33.66 123.72 6 30 3
98 14.33 26.82 12.28 125.31 0 37 2
99 69.93 73.53 18.95 212.58 5 9 1
100 39.95 86.57 39.15 372.64 20 38 2
101 47.90 25.16 38.26 436.32 24 39 2
102 41.71 89.14 46.52 177.15 21 38 3
103 97.06 4.06 42.42 68.98 11 23 3
104 78.54 9.26 47.93 358.13 0 11 1
105 78.86 2.69 29.14 388.52 22 35 2
106 68.50 2.11 26.64 190.10 3 26 3
107 25.18 89.95 36.58 321.40 16 41 1
108 5.78 98.69 37.82 482.02 9 39 2
109 38.04 8.20 18.33 340.14 21 35 1
110 80.73 14.53 21.82 437.39 0 43 3
111 11.23 83.97 41.85 67.21 21 37 3
112 47.42 95.72 3.94 251.44 4 39 3
113 73.53 90.15 6.64 166.95 12 14 3
114 8.37 52.25 12.00 455.02 9 48 3
115 20.48 13.72 30.55 214.04 21 39 1
116 2.27 34.76 7.91 123.91 19 27 1
117 15.28 37.20 40.58 446.94 21 29 1
118 89.20 45.38 12.69 427.49 20 23 3
119 0.84 7.43 37.09 475.36 12 26 1
120 62.08 20.81 9.33 488.44 22 23 1
121 34.28 9.83 39.10 172.75 4 24 3
122 18.46 44.62 42.80 107.30 6 48 3
123 59.62 94.14 20.92 216.36 5 36 2
124 54.84 26.74 25.54 240.59 17 21 1
125 48.96 14.24 27.86 425.16 0 36 2
126 55.63 38.60 15.64 126.76 11 27 3
127 19.04 67.56 19.86 326.13 8 21 1
128 78.33 86.09 44.60 98.98 24 30 1
129 87.50 41.28 20.79 130.00 13 37 1
130 8.03 69.93 47.78 190.71 24 44 3
131 63.84 82.49 10.48 459.95 18 32 1
132 69.11 92.03 6.07 424.01 0 38 3
133 56.06 64.87 46.15 334.72 20 25 1
134 79.30 27.90 7.85 165.75 15 15 3
135 74.09 39.94 23.68 155.19 6 33 2
136 91.50 9.76 34.29 341.34 14 30 2
137 90.77 20.14 5.01 156.10 5 8 1
138 10.62 78.58 46.76 366.05 21 40 3
139 46.39 69.83 10.40 280.34 19 44 2
140 54.91 51.43 35.47 158.73 16 23 3
141 37.57 20.55 32.18 164.65 7 16 1
142 60.17 80.91 29.91 307.07 7 24 1
143 17.95 20.39 39.65 277.42 21 48 3
144 65.98 91.34 35.74 432.44 13 39 1
145 17.44 89.84 27.94 335.26 0 26 2
146 36.75 75.77 46.32 324.63 11 36 2
147 42.58 76.97 3.89 454.63 20 29 1
148 60.02 81.38 21.45 394.13 22 36 3
149 93.51 57.66 12.84 464.43 12 16 3
150 99.57 27.01 37.07 226.67 3 34 3
151 95.30 31.59 35.33 298.88 3 39 2
152 13.01 11.21 13.75 274.63 6 21 3
153 6.59 57.94 21.98 147.02 15 31 3
154 52.44 87.89 46.52 228.23 6 37 2
155 18.46 62.66 20.70 297.01 8 34 3
156 7.18 73.41 37.90 426.20 15 29 3
157 92.04 5.44 28.38 172.27 16 28 3
158 99.11 70.06 27.21 178.47 24 26 2
159 52.80 96.22 40.44 233.27 22 33 2
160 88.55 97.84 26.07 104.20 2 41 3
161 3.50 92.36 6.21 148.11 14 37 3
162 85.20 16.52 43.79 441.84 18 42 3
163 19.92 92.35 7.35 496.30 17 21 2
164 63.11 67.92 19.62 97.93 17 35 1
165 17.59 82.98 12.87 333.95 10 24 3
166 76.44 28.46 39.71 55.43 13 35 1
167 50.50 10.88 49.00 468.66 10 35 2
168 16.83 1.48 37.97 449.75 23 43 2
169 89.77 48.78 27.27 439.64 2 20 3
170 28.91 60.97 12.22 92.18 6 45 3
171 37.14 2.61 33.58 182.62 16 17 2
172 67.77 1.35 14.96 202.99 19 35 1
173 55.44 96.55 45.17 342.61 13 19 3
174 64.57 43.45 47.55 305.31 17 27 2
175 73.97 16.84 29.01 217.00 0 10 2
176 99.69 3.78 47.43 311.87 16 16 3
177 4.46 88.89 24.14 194.24 10 45 2
178 83.86 37.62 16.93 483.60 4 22 2
179 30.64 49.11 36.22 55.41 9 38 1
180 62.33 23.60 46.67 86.12 20 20 2
181 44.00 57.11 1.13 304.14 21 29 1
182 73.51 26.09 27.86 159.61 11 21 2
183 42.60 56.19 39.00 191.57 16 38 1
184 57.10 27.10 15.33 322.03 4 16 3
185 98.92 18.48 16.18 461.64 17 34 1
186 99.52 51.14 24.58 215.85 24 26 1
187 5.92 72.27 21.78 168.34 9 17 3
188 47.93 61.98 28.93 279.66 19 41 3
189 65.03 91.28 12.67 377.47 5 40 3
190 18.79 83.07 30.97 273.55 21 22 3
191 65.51 82.94 5.25 108.78 6 17 2
192 19.73 99.25 23.70 231.14 4 4 2
193 98.05 18.54 31.56 478.55 15 16 3
194 27.43 36.55 21.23 365.57 6 23 1
195 9.12 86.02 3.90 70.18 3 42 3
196 29.21 32.51 30.36 438.89 9 34 3
197 22.11 43.49 26.11 169.25 14 47 2
198 90.28 84.67 17.40 169.88 17 42 2
199 92.41 42.88 46.53 79.27 16 46 3
200 29.90 47.63 30.18 454.46 22 44 2
1 138.53 2926.08 1
2 158.03 4206.55 2
3 162.33 2697.04 3
1 1.29 46.64 3
2 1.81 48.94 1
3 1.36 45.65 3
4 1.33 41.82 1
