Data for Vehicle routing problem with drones - Author: Huyen Do Thi Ngoc
Number of depots: 4
Number of cities: 200
Number of trucks: 5
Number of drones: 15
Area: 100 100 50
Customer maximum demand: 500
Max capacity of truck: 200
Max energy of truck: 5000
Max capacity of drone: 2
Max energy of drone: 50
1 25.20 44.31 12.24
2 21.95 51.51 10.78
3 4.14 77.19 25.67
4 39.56 18.86 32.44
1 7.24 65.40 49.64 115.42 7 24 4
2 16.82 46.98 14.65 138.17 15 36 3
3 18.47 65.11 6.13 275.18 10 36 3
4 3.04 48.60 30.43 192.28 10 22 4
5 7.71 12.08 17.36 458.31 21 33 4
6 13.83 36.60 12.40 155.26 7 27 3
7 72.56 43.04 37.06 351.85 2 30 3
8 90.90 92.03 41.62 358.41 24 31 3
9 47.81 2.51 43.09 375.29 10 32 2
10 58.71 55.71 8.99 471.31 19 33 1
11 16.47 48.49 33.94 115.65 13 25 1
12 84.35 26.41 13.08 142.28 8 16 4
13 17.73 61.27 13.24 185.54 13 25 3
14 28.02 77.11 8.79 482.76 2 23 2
15 16.94 50.43 34.29 119.29 19 42 1
16 11.92 5.02 24.98 149.57 5 15 2
17 54.31 13.94 45.52 473.82 10 47 1
18 99.92 65.69 32.45 332.98 16 38 1
19 63.21 35.30 0.38 214.32 24 47 3
20 74.78 6.82 46.80 231.62 6 16 2
21 68.34 48.39 6.88 323.88 16 34 2
22 68.94 97.94 6.02 182.39 2 2 4
23 55.11 75.34 39.27 96.42 5 11 3
24 26.10 70.94 10.31 444.31 3 21 1
25 72.31 13.44 21.13 136.76 1 37 2
26 62.00 25.04 13.90 282.07 18 20 4
27 31.82 41.51 7.91 383.63 22 28 2
28 61.34 47.13 16.45 447.62 1 13 3
29 98.86 56.16 38.71 372.66 19 33 4
30 90.15 55.72 25.88 69.36 11 22 2
31 15.86 78.08 37.12 237.80 5 19 3
32 58.04 67.84 33.54 246.87 0 0 2
33 18.20 36.91 38.02 435.59 1 28 4
34 4.29 84.09 15.79 138.92 24 35 1
35 40.36 40.16 29.27 176.99 2 41 1
36 2.76 91.99 22.89 144.62 24 35 1
37 33.26 90.46 48.60 288.92 20 36 2
38 96.62 59.39 11.14 73.63 23 44 3
39 52.52 74.50 11.87 361.88 12 12 2
40 33.88 0.71 13.58 419.15 16 20 4
41 28.31 92.43 17.11 134.58 17 31 1
42 24.77 32.44 35.00 493.57 9 28 3
43 60.75 36.93 5.14 408.04 16 34 1
44 29.20 35.79 14.07 63.53 12 15 2
45 66.76 92.90 7.83 225.26 22 34 4
46 57.30 45.66 0.30 58.62 5 46 2
47 68.16 21.23 26.93 314.86 9 44 1
48 48.08 41.72 11.02 181.52 23 38 2
49 67.18 12.81 45.31 109.50 5 24 3
50 37.53 16.24 1.95 264.44 22 25 3
51 56.40 24.77 23.51 226.48 21 24 1
52 27.31 75.57 43.62 377.15 20 32 1
53 66.76 11.72 29.77 54.72 2 44 1
54 97.30 94.78 18.90 113.95 20 27 3
55 21.10 83.02 21.89 452.91 15 17 3
56 20.43 80.64 3.30 80.79 18 43 3
57 52.89 10.04 32.42 286.18 19 32 3
58 62.98 55.04 18.42 100.38 9 13 3
59 12.53 14.07 9.81 358.85 16 48 1
60 70.95 63.00 1.58 79.83 0 15 4
61 92.70 60.23 11.98 280.22 5 18 1
62 44.45 38.58 17.93 297.41 7 10 1
63 88.74 90.97 16.20 304.34 6 48 2
64 5.96 32.35 29.94 223.62 9 31 3
65 87.26 43.21 44.99 373.14 17 36 4
66 9.73 91.61 45.53 457.55 20 28 2
67 22.41 61.20 28.59 296.73 23 30 1
68 76.40 58.07 18.51 99.69 19 47 1
69 24.55 92.85 2.94 334.63 4 37 2
70 28.29 88.31 43.93 315.75 20 37 2
71 27.04 5.14 44.80 342.60 6 27 4
72 48.60 51.64 16.69 267.48 17 41 4
73 51.86 89.43 17.52 174.71 21 42 4
74 21.17 92.57 15.93 52.89 21 48 4
75 47.72 79.29 23.15 73.93 1 11 3
76 28.61 11.00 47.39 234.43 12 46 2
77 77.18 76.93 24.33 173.69 17 17 3
78 98.04 93.26 2.02 148.60 11 21 2
79 0.99 41.57 36.65 245.33 6 33 4
80 77.50 60.82 27.83 497.37 14 15 4
81 5.42 15.91 42.53 278.20 15 34 3
82 82.80 11.80 47.35 133.59 20 27 1
83 43.73 58.36 26.49 415.84 19 28 3
84 44.23 11.92 47.21 125.90 16 24 2
85 11.72 39.49 4.74 487.39 12 44 4
86 95.04 59.30 10.31 421.52 9 15 2
87 73.41 91.35 42.89 59.33 24 28 2
88 60.89 35.64 17.30 143.67 8 29 4
89 13.02 81.75 12.37 203.95 2 48 3
90 21.34 60.86 26.54 151.74 15 18 3
91 32.04 71.04 6.15 275.33 14 31 4
92 89.76 50.45 27.16 437.28 14 46 4
93 13.08 56.59 21.54 347.58 4 39 4
94 87.56 11.05 46.93 179.49 15 33 3
95 15.78 97.38 23.11 247.31 13 39 4
96 47.72 15.76 10.83 492.35 18 28 2
97 4.88 37.96 7.14 437.10 21 23 2
98 82.56 52.88 11.88 201.84 1 42 1
99 38.01 71.40 13.03 375.18 7 15 3
100 1.36 64.48 19.18 344.42 13 28 4
101 81.53 20.38 42.02 207.36 10 35 2
102 99.46 54.29 21.69 148.79 14 42 2
103 77.26 49.99 34.83 452.77 17 27 1
104 53.99 59.12 32.44 113.94 1 30 4
105 9.34 51.99 43.62 248.88 8 13 3
106 9.91 10.38 10.71 318.55 21 48 1
107 73.35 31.29 37.89 138.54 8 40 2
108 97.22 48.01 7.72 408.16 19 34 1
109 51.04 84.21 3.17 280.76 1 40 2
110 40.59 7.07 30.73 72.59 4 9 3
111 57.70 46.79 0.09 58.68 13 23 1
112 6.35 84.04 48.33 155.35 8 12 4
113 93.05 83.46 48.47 202.60 14 22 1
114 57.71 0.84 18.92 323.48 13 13 1
115 15.53 75.00 40.68 407.80 21 32 2
116 80.74 92.59 23.91 379.89 7 19 1
117 13.14 65.57 42.73 188.36 3 15 2
118 9.42 84.28 2.06 212.74 17 41 4
119 88.86 88.65 39.50 240.83 17 25 1
120 77.83 12.42 23.67 292.36 18 21 3
121 37.32 59.98 5.68 226.71 18 42 4
122 66.83 95.66 19.48 68.44 7 31 1
123 58.19 68.65 46.22 295.15 1 8 3
124 27.74 36.83 38.88 439.13 18 25 3
125 90.51 15.27 15.50 154.73 7 7 2
126 56.79 92.66 0.34 229.39 7 22 2
127 8.04 9.42 12.88 357.88 5 34 4
128 14.34 78.95 22.56 276.08 11 24 3
129 67.63 10.68 2.20 462.26 22 23 4
130 12.90 1.32 4.02 256.06 7 20 4
131 0.08 91.15 42.58 403.41 18 28 1
132 42.44 17.24 18.02 277.88 14 31 3
133 62.91 42.86 44.38 119.10 8 24 1
134 36.72 93.09 30.17 319.47 9 30 4
135 92.77 55.61 5.47 445.36 23 41 1
136 61.57 78.16 49.27 464.52 22 40 4
137 17.55 43.33 40.08 313.69 9 36 3
138 46.78 18.15 21.33 468.40 8 13 3
139 79.53 38.12 14.47 171.48 18 25 4
140 26.64 4.12 40.15 287.72 20 40 2
141 45.19 82.33 47.57 264.45 1 26 2
142 18.58 42.82 5.33 297.81 11 42 2
143 92.92 11.57 23.57 255.73 24 33 2
144 6.52 47.42 15.29 224.36 15 48 4
145 12.78 31.06 35.63 138.24 19 43 2
146 35.79 83.87 31.43 386.22 15 26 3
147 37.85 15.80 45.67 467.16 23 46 4
148 57.97 82.67 21.68 307.91 24 42 4
149 32.03 13.75 48.96 284.73 12 35 3
150 14.79 65.65 31.47 284.67 5 28 1
151 46.53 66.71 30.64 105.33 8 31 3
152 77.22 84.99 5.06 490.86 3 48 1
153 7.03 26.67 4.59 154.26 10 29 1
154 32.35 14.52 9.81 331.47 3 32 3
155 44.67 45.60 43.10 73.56 19 40 2
156 60.36 20.15 46.18 251.59 19 31 4
157 94.02 69.89 40.94 481.54 22 45 1
158 79.10 31.05 46.97 375.28 11 21 1
159 25.98 58.10 6.77 144.31 19 48 2
160 8.91 86.56 19.36 280.91 14 47 4
161 37.96 0.55 18.20 470.46 17 40 2
162 12.32 28.56 37.82 187.72 2 16 3
163 54.49 40.68 38.30 187.94 1 42 1
164 2.82 98.32 36.91 280.27 18 21 2
165 90.78 61.11 33.16 236.49 12 12 1
166 92.09 55.91 12.30 422.10 12 44 1
167 71.74 46.51 30.59 89.78 4 34 3
168 90.37 76.56 24.44 122.77 16 40 4
169 17.42 37.16 45.05 223.52 23 47 1
170 86.54 72.92 16.26 114.36 6 48 2
171 97.71 60.85 32.40 372.79 11 11 4
172 15.59 10.64 25.12 200.74 5 25 3
173 77.98 53.79 48.60 173.25 9 23 1
174 0.98 66.89 13.18 269.98 17 43 4
175 78.90 16.63 27.55 429.24 21 21 3
176 69.65 13.65 24.23 430.52 21 36 2
177 43.99 70.38 3.73 179.80 21 32 3
178 1.48 12.16 40.40 208.53 23 38 4
179 15.91 61.71 43.43 145.54 3 28 4
180 52.25 92.31 46.87 209.55 14 19 2
181 56.52 14.90 37.92 353.80 3 3 3
182 20.02 70.63 48.98 225.09 7 21 1
183 85.72 25.69 7.51 358.43 3 19 4
184 73.83 43.22 18.76 492.01 4 44 1
185 7.46 69.44 43.82 484.89 22 33 2
186 80.70 86.62 39.89 496.33 19 42 2
187 53.55 40.49 46.29 103.94 23 37 1
188 17.23 32.42 49.12 228.96 4 16 2
189 98.86 10.62 11.61 330.26 23 36 1
190 50.52 1.46 25.79 222.12 18 45 1
191 79.32 3.15 4.82 336.67 0 22 1
192 79.15 31.16 11.74 128.92 18 27 4
193 62.68 55.34 18.42 70.36 10 48 1
194 25.44 82.47 19.40 260.71 1 35 3
195 0.59 96.46 26.08 418.89 1 45 4
196 24.08 87.85 1.42 401.62 11 29 3
197 99.70 27.32 17.52 107.14 7 43 4
198 79.64 7.15 2.60 105.26 18 44 1
199 81.31 23.74 12.79 281.27 4 47 3
200 29.18 67.40 11.65 410.04 1 7 2
1 180.32 2847.58 1
2 140.71 4321.72 2
3 163.22 2622.70 3
4 165.22 3657.34 4
5 104.15 3848.23 4
1 1.88 44.42 3
2 1.12 37.63 4
3 1.73 41.33 5
4 1.60 27.85 2
5 1.88 38.93 1
6 1.23 41.26 3
7 1.17 43.18 5
8 1.52 46.07 3
9 1.62 42.54 3
10 1.76 36.50 3
11 1.89 26.91 4
12 1.17 48.87 4
13 1.11 32.64 5
14 1.50 37.35 3
15 1.14 36.95 5
