Data for Vehicle routing problem with drones - Author: Huyen Do Thi Ngoc
Number of depots: 2
Number of cities: 100
Number of trucks: 7
Number of drones: 16
Area: 100 100 50
Customer maximum demand: 500
Max capacity of truck: 200
Max energy of truck: 5000
Max capacity of drone: 2
Max energy of drone: 50
1 40.05 36.48 39.18
2 7.04 70.91 26.13
1 36.70 13.91 28.69 57.76 23 27 1
2 86.53 0.62 8.23 450.38 22 22 2
3 77.10 17.97 15.51 315.35 8 48 1
4 17.03 68.95 20.82 126.25 23 35 2
5 75.29 23.05 44.42 143.74 23 28 1
6 83.55 91.26 31.57 432.72 13 19 2
7 16.80 42.71 31.24 182.84 6 14 1
8 73.96 47.53 24.65 298.25 23 37 2
9 2.31 42.47 16.66 184.23 9 26 1
10 70.90 6.60 20.51 265.66 9 28 1
11 59.53 28.84 21.30 424.48 14 17 2
12 73.22 46.97 44.47 430.21 12 35 2
13 40.21 21.11 23.17 345.75 20 46 1
14 28.01 98.11 30.45 499.70 12 47 1
15 61.61 60.02 34.48 50.09 10 46 1
16 9.92 29.53 24.63 499.05 21 28 2
17 78.36 33.81 26.83 455.77 5 13 1
18 80.69 97.96 15.78 461.59 17 44 2
19 53.79 54.25 15.67 303.09 7 47 1
20 2.50 51.95 16.63 390.76 5 47 1
21 46.88 92.64 47.94 251.04 11 27 1
22 23.20 84.62 31.22 454.52 5 46 1
23 17.35 45.86 8.15 495.15 3 44 1
24 92.78 65.87 6.81 79.91 20 44 2
25 48.18 95.94 33.79 201.84 16 20 1
26 31.77 55.03 5.54 58.90 3 34 1
27 64.62 11.85 0.88 446.20 19 39 2
28 3.50 57.31 49.15 287.00 17 31 1
29 94.91 88.94 38.49 277.73 21 31 2
30 80.76 83.80 27.21 344.77 13 45 1
31 63.79 27.81 7.63 299.17 19 34 1
32 57.11 11.47 16.46 85.31 11 19 1
33 42.38 96.76 5.22 406.68 18 31 1
34 53.05 21.13 15.61 286.86 0 34 2
35 1.88 60.41 33.92 338.64 12 22 1
36 12.32 37.13 47.68 166.27 2 42 1
37 87.78 22.05 20.83 78.64 11 34 2
38 68.79 45.13 8.60 132.56 8 9 1
39 2.63 85.89 19.25 489.55 15 36 2
40 18.29 92.31 23.66 315.50 4 11 1
41 82.39 93.99 5.68 58.96 1 7 1
42 15.28 63.05 38.53 116.95 3 13 2
43 49.95 43.69 41.79 237.37 11 21 1
44 92.25 36.15 24.47 248.50 10 26 2
45 47.09 25.53 38.70 250.23 11 27 2
46 63.86 49.89 12.01 419.04 1 39 1
47 4.76 20.32 41.75 143.07 16 24 2
48 58.02 4.09 1.66 56.91 15 41 2
49 65.63 30.91 19.47 327.18 11 23 1
50 2.13 96.46 38.55 341.63 19 31 2
51 15.35 39.64 12.66 66.03 22 45 1
52 27.22 24.30 45.70 182.59 18 24 2
53 95.15 69.97 48.96 498.63 0 33 1
54 84.86 59.72 3.94 472.87 12 27 2
55 27.30 94.39 27.17 282.82 14 24 2
56 57.23 74.55 42.77 279.60 11 25 2
57 47.52 82.30 26.61 241.36 24 31 2
58 35.90 8.00 12.77 346.80 12 36 1
59 84.97 30.91 46.98 292.62 12 39 2
60 9.40 35.62 10.34 334.43 5 27 2
61 30.29 16.90 26.29 393.50 17 29 1
62 17.05 20.95 47.12 116.02 16 27 2
63 15.07 46.86 39.55 344.08 15 24 1
64 81.82 19.29 26.19 144.75 16 24 2
65 95.47 67.81 30.01 159.10 11 30 1
66 28.28 65.25 24.72 313.72 8 24 2
67 54.16 1.96 36.71 269.05 11 11 2
68 68.05 1.86 17.30 113.68 9 48 1
69 64.03 63.54 32.67 402.63 4 19 1
70 89.64 30.97 15.90 173.96 15 40 1
71 22.71 33.75 46.28 392.23 7 30 2
72 24.02 57.39 48.13 255.33 9 39 2
73 16.22 34.32 0.88 181.85 23 39 1
74 88.72 62.09 35.56 478.57 8 30 1
75 69.74 69.39 11.26 60.35 17 33 2
76 71.50 79.13 39.45 124.94 1 5 2
77 96.50 76.21 37.05 95.00 6 26 1
78 67.23 1.11 28.85 279.01 21 28 2
79 44.65 36.25 2.33 423.99 16 18 1
80 19.35 60.03 38.21 257.73 8 35 2
81 31.03 89.60 24.11 174.33 1 9 1
82 74.55 17.01 17.67 318.12 19 43 1
83 89.76 84.13 19.06 57.11 20 20 2
84 51.73 79.57 12.22 375.10 19 30 2
85 12.77 10.35 40.66 182.77 15 36 1
86 67.63 53.62 30.92 321.84 1 40 2
87 98.27 73.85 22.38 395.09 5 36 1
88 66.93 51.72 10.87 245.55 11 35 2
89 63.50 27.15 12.25 391.66 19 23 1
90 38.90 23.57 21.87 112.22 2 41 2
91 7.85 80.91 7.53 205.57 1 18 2
92 57.39 72.56 33.04 156.58 8 36 2
93 63.57 62.57 12.29 313.75 3 33 2
94 34.85 42.06 37.26 72.68 8 38 2
95 56.44 0.27 47.29 124.65 8 16 2
96 3.98 48.26 9.52 182.50 17 18 1
97 44.73 23.77 35.88 136.19 1 10 2
98 30.63 96.30 28.22 401.67 20 39 1
99 57.07 24.00 9.66 51.50 19 31 2
100 31.67 14.90 16.46 380.28 21 45 1
1 188.53 2732.29 1
2 169.34 4874.79 2
3 153.05 3679.51 1
4 175.76 3491.12 2
5 150.26 2624.26 2
6 110.64 4944.17 1
7 184.75 4693.56 2
1 1.08 25.25 1
2 1.12 37.50 4
3 1.36 35.23 7
4 1.26 26.76 1
5 1.63 44.39 4
6 1.27 28.81 2
7 1.93 48.57 5
8 1.46 41.46 1
9 1.32 42.21 7
10 1.98 25.50 6
11 1.40 47.26 3
12 1.93 30.16 1
13 1.88 35.72 6
14 1.22 39.51 5
15 2.00 40.98 5
16 1.17 30.98 7
