Data for Vehicle routing problem with drones - Author: Huyen Do Thi Ngoc
Number of depots: 3
Number of cities: 200
Number of trucks: 6
Number of drones: 11
Area: 100 100 50
Customer maximum demand: 500
Max capacity of truck: 200
Max energy of truck: 5000
Max capacity of drone: 2
Max energy of drone: 50
1 66.30 56.71 38.71
2 69.11 93.10 37.47
3 60.18 37.84 11.18
1 61.66 27.32 25.78 199.42 18 36 3
2 31.24 85.93 14.65 208.93 16 42 2
3 26.82 89.97 48.82 456.28 4 47 1
4 47.39 32.43 11.82 127.17 17 35 2
5 82.88 59.20 42.24 416.53 7 29 3
6 10.03 41.41 4.01 395.38 4 43 3
7 7.89 54.18 8.75 438.81 17 46 3
8 38.59 76.95 45.59 260.93 17 21 3
9 15.27 52.60 23.01 337.88 14 17 1
10 23.09 55.86 25.44 368.68 9 27 2
11 14.49 37.43 22.96 312.47 1 46 2
12 19.64 89.89 45.86 138.92 24 36 2
13 91.52 37.10 6.41 418.09 3 30 2
14 4.93 5.27 43.19 222.19 0 34 2
15 20.93 72.99 8.04 287.01 3 26 2
16 76.85 61.73 24.29 403.55 8 19 1
17 65.73 1.40 30.19 150.19 7 33 3
18 66.94 28.32 30.85 389.42 24 35 1
19 84.79 33.40 38.04 214.69 21 39 3
20 49.31 98.11 3.42 88.39 5 6 1
21 59.13 69.13 19.20 433.70 6 11 1
22 49.62 96.57 1.64 275.45 15 44 1
23 52.05 80.49 4.45 107.55 15 32 3
24 42.21 36.12 24.25 83.63 10 45 1
25 77.29 44.97 37.05 280.21 11 48 3
26 40.71 53.78 25.22 77.52 6 42 2
27 15.27 24.19 49.93 227.69 8 44 3
28 46.75 79.21 6.27 207.73 12 33 3
29 82.89 11.90 46.94 279.71 2 15 2
30 8.40 81.32 46.50 364.05 24 41 2
31 19.01 93.49 22.00 175.31 24 43 2
32 74.26 45.80 34.29 274.48 3 20 1
33 77.77 34.46 38.40 140.25 14 28 3
34 3.10 63.07 38.14 330.66 17 37 2
35 93.06 97.43 32.08 279.61 11 16 1
36 27.34 0.22 11.53 234.56 21 46 2
37 56.20 88.02 28.12 355.30 22 43 1
38 23.88 12.87 44.55 132.01 15 28 3
39 31.19 39.49 3.99 484.48 16 23 3
40 29.01 8.74 36.87 449.80 24 28 2
41 90.30 79.65 45.81 60.98 15 18 1
42 21.37 24.42 17.29 343.31 0 5 3
43 49.29 56.43 4.74 53.32 15 38 3
44 19.77 46.62 10.77 126.41 23 35 3
45 83.97 48.72 0.09 136.52 7 38 2
46 55.68 58.94 17.64 447.74 11 13 3
47 61.74 69.68 33.95 63.32 5 36 3
48 10.33 49.24 21.79 348.32 11 14 1
49 70.84 83.03 27.98 71.41 24 44 2
50 87.25 55.38 14.73 128.52 24 30 2
51 63.69 2.10 3.82 272.26 12 35 2
52 46.79 4.52 23.94 456.75 6 19 1
53 69.81 7.70 7.10 238.62 17 28 2
54 7.87 38.68 43.06 105.33 4 19 2
55 2.00 81.47 26.02 425.98 8 22 2
56 5.74 72.06 46.15 365.71 23 37 3
57 94.47 46.92 21.13 307.39 23 29 2
58 20.20 79.52 28.21 341.24 4 43 2
59 39.63 98.13 31.56 272.08 16 19 3
60 42.46 1.04 26.25 126.31 22 24 1
61 82.49 87.11 7.83 89.33 24 38 3
62 79.81 75.73 2.04 445.01 4 30 1
63 72.58 8.65 7.27 337.78 18 34 1
64 90.67 57.10 14.12 438.01 18 34 2
65 78.57 17.85 3.81 428.16 20 35 3
66 12.04 83.50 41.44 411.41 16 32 2
67 37.08 77.48 18.68 493.43 2 15 3
68 89.14 82.74 40.22 77.15 12 15 1
69 81.70 29.73 17.85 304.97 24 38 3
70 82.61 86.62 1.07 198.34 11 22 3
71 68.57 70.60 12.50 364.15 15 37 3
72 21.91 6.23 24.10 474.29 17 43 3
73 28.88 29.79 10.06 78.38 4 7 1
74 58.98 97.78 38.44 213.37 20 34 1
75 22.29 51.03 35.97 427.01 19 46 1
76 61.52 55.46 11.56 224.49 21 46 2
77 49.77 59.24 22.48 358.62 11 31 1
78 62.17 84.14 19.37 67.05 17 25 2
79 97.17 62.74 16.54 98.43 8 48 3
80 75.41 26.11 6.71 66.47 6 45 2
81 69.02 5.78 12.94 370.44 8 9 3
82 38.53 67.88 36.53 459.16 12 29 2
83 26.07 29.61 24.58 69.59 12 32 1
84 46.63 84.75 43.35 167.01 3 9 1
85 7.64 79.86 0.56 115.48 15 21 3
86 64.16 51.81 27.04 385.73 22 39 2
87 30.70 49.29 21.69 379.93 9 35 2
88 44.27 9.00 37.34 95.12 19 28 1
89 54.46 97.15 40.92 387.51 19 39 3
90 16.75 49.72 21.29 337.73 13 37 1
91 94.57 40.91 12.35 243.88 9 9 2
92 24.33 92.26 40.48 383.76 21 33 2
93 98.11 47.26 34.88 240.59 15 35 2
94 76.10 50.93 16.10 90.87 19 23 2
95 60.22 49.55 34.41 144.49 18 23 3
96 17.99 33.32 27.04 53.66 17 37 2
97 59.11 56.95 5.41 151.64 24 26 2
98 3.29 20.93 44.60 369.47 20 20 3
99 44.99 17.25 39.55 269.77 23 44 1
100 75.05 40.68 26.30 59.78 23 36 1
101 0.69 62.41 19.69 244.51 1 42 2
102 66.18 53.65 37.29 261.15 11 11 3
103 91.45 88.08 23.31 148.77 8 43 1
104 93.47 13.00 9.75 358.77 5 31 2
105 54.90 68.82 18.37 498.98 9 26 1
106 32.37 43.14 26.25 55.79 14 29 3
107 59.36 43.78 13.31 118.70 13 38 1
108 35.28 53.84 21.32 80.96 11 42 2
109 77.43 52.97 24.95 401.00 1 44 2
110 16.73 49.11 35.69 167.05 7 15 3
111 15.24 57.18 29.63 178.39 6 32 3
112 66.84 62.87 27.52 310.15 20 32 3
113 74.62 11.77 14.12 193.37 7 11 2
114 67.91 81.48 21.92 483.83 1 4 2
115 52.37 89.30 18.42 340.57 1 18 3
116 7.48 48.04 30.13 184.25 20 40 1
117 30.14 16.81 12.14 343.50 21 26 3
118 63.25 36.13 0.97 150.00 21 48 1
119 7.96 79.45 10.17 398.30 11 17 1
120 26.64 65.66 8.37 279.81 9 47 2
121 33.68 21.75 33.75 381.32 22 46 2
122 35.08 40.10 5.97 380.92 0 19 1
123 31.13 1.44 10.52 449.12 1 40 1
124 20.77 16.23 37.69 472.45 12 21 3
125 90.19 7.71 14.27 361.48 21 23 3
126 54.28 52.78 0.33 285.67 5 41 1
127 71.54 71.57 34.75 94.63 18 43 1
128 37.06 66.46 28.76 413.50 20 48 3
129 61.12 72.86 14.27 55.24 21 40 3
130 43.09 9.82 39.71 427.09 18 25 1
131 50.75 16.02 8.87 151.66 2 39 2
132 92.35 15.93 29.00 53.32 15 29 3
133 64.34 66.85 37.21 236.70 4 9 3
134 98.46 53.25 19.12 154.38 14 37 1
135 74.09 47.72 47.29 482.75 8 16 3
136 16.37 27.67 30.64 209.01 12 29 2
137 29.99 91.46 3.86 417.53 20 28 2
138 68.89 29.71 4.02 354.39 12 14 3
139 83.58 11.89 37.02 105.88 2 33 2
140 74.18 43.25 28.30 235.91 9 45 3
141 86.70 61.86 16.35 393.12 1 12 2
142 53.76 35.25 17.42 238.49 6 28 3
143 55.80 72.37 5.08 459.72 24 34 2
144 58.30 91.13 43.22 173.77 7 28 2
145 48.86 11.97 38.06 246.33 11 24 3
146 29.56 34.99 23.76 363.91 9 11 1
147 12.96 49.06 45.49 113.64 23 33 2
148 10.64 76.92 19.76 202.92 9 39 2
149 96.63 73.35 9.87 413.59 19 47 2
150 71.08 36.87 15.20 86.41 1 19 2
151 87.06 26.78 23.75 272.65 8 34 2
152 41.99 4.60 42.10 497.92 22 30 2
153 91.79 96.16 0.44 429.40 24 33 2
154 88.05 48.09 13.04 463.01 17 33 3
155 41.60 50.04 26.18 391.05 8 10 2
156 73.91 67.81 31.69 143.76 4 4 3
157 33.03 39.72 32.26 90.05 7 32 3
158 46.96 55.07 22.47 333.69 13 20 1
159 0.58 28.42 37.11 243.98 0 44 1
160 6.50 56.38 39.69 394.05 8 27 2
161 16.98 23.74 46.08 178.62 5 33 1
162 9.00 79.23 16.06 427.33 22 22 2
163 91.32 43.52 9.58 187.76 19 47 2
164 29.12 41.43 12.45 324.76 3 6 3
165 6.69 88.12 5.00 387.66 10 25 2
166 15.82 66.93 34.25 252.47 22 34 2
167 61.89 74.05 10.92 481.18 9 47 1
168 51.76 61.38 22.17 349.11 21 23 3
169 82.69 44.03 30.68 78.44 6 11 2
170 32.07 54.64 46.26 346.41 24 34 1
171 56.35 18.60 21.34 472.55 2 8 2
172 67.09 38.66 18.66 286.77 20 45 1
173 44.51 10.78 16.10 130.73 15 46 1
174 97.29 86.78 43.60 123.42 12 14 3
175 28.28 99.27 42.76 436.11 1 7 1
176 37.52 27.39 44.69 445.37 5 5 2
177 67.01 7.50 7.59 212.38 11 35 3
178 48.55 79.03 17.53 86.56 20 47 1
179 43.63 8.67 0.80 385.21 16 45 3
180 20.66 9.06 32.32 217.49 3 14 3
181 60.15 59.61 4.17 116.69 4 25 2
182 89.07 69.10 39.22 90.03 21 32 3
183 77.65 45.45 14.75 333.54 7 46 1
184 48.53 17.48 31.15 446.70 16 16 2
185 77.10 29.43 1.54 167.53 2 21 2
186 43.67 15.51 42.16 397.66 13 39 1
187 37.94 75.43 39.77 374.68 22 47 2
188 27.16 32.08 33.13 340.59 9 48 1
189 55.63 54.93 38.04 111.01 19 23 3
190 11.56 68.06 25.24 265.60 19 20 1
191 65.70 19.39 44.22 481.80 14 47 1
192 40.03 83.47 30.80 219.62 16 37 3
193 22.03 23.29 17.48 52.75 16 20 3
194 75.97 19.42 41.51 387.28 8 41 1
195 56.60 37.13 5.03 311.57 10 14 1
196 30.18 28.79 38.52 152.11 18 18 2
197 55.04 46.21 0.25 111.97 24 37 2
198 84.35 58.36 44.90 189.13 7 16 1
199 98.80 40.91 35.43 219.32 14 41 1
200 57.87 5.74 23.77 406.29 16 26 2
1 180.89 2982.59 1
2 188.08 3495.28 2
3 169.56 3657.10 3
4 154.18 4937.19 1
5 187.24 3355.34 2
6 137.15 4513.34 1
1 1.12 49.83 4
2 1.37 25.45 6
3 1.43 36.33 6
4 1.17 29.74 6
5 1.35 34.66 6
6 1.29 35.61 1
7 1.59 46.28 1
8 1.47 48.61 4
9 1.82 40.85 2
10 1.85 31.84 3
11 1.30 27.89 4
