Data for Vehicle routing problem with drones - Author: Huyen Do Thi Ngoc
Number of depots: 3
Number of cities: 400
Number of trucks: 3
Number of drones: 7
Area: 100 100 50
Customer maximum demand: 500
Max capacity of truck: 200
Max energy of truck: 5000
Max capacity of drone: 2
Max energy of drone: 50
1 88.66 51.27 29.21
2 79.05 84.10 38.07
3 25.83 12.84 31.89
1 88.80 35.52 7.20 489.41 23 25 1
2 10.45 82.43 47.28 310.24 17 44 1
3 84.32 61.96 22.39 88.60 17 36 2
4 48.95 86.07 46.40 389.33 7 24 3
5 93.75 14.19 31.92 312.77 9 25 3
6 40.94 53.76 11.21 295.57 18 33 1
7 44.06 72.75 5.00 149.10 4 12 2
8 20.21 8.79 8.25 220.04 17 38 1
9 5.02 7.89 7.02 103.60 14 23 2
10 97.24 60.68 5.63 278.78 0 19 2
11 30.71 28.47 27.36 446.87 11 44 2
12 90.41 72.83 38.10 61.29 24 33 2
13 22.88 45.03 46.24 185.46 3 44 3
14 74.74 48.52 19.85 410.60 8 15 3
15 54.13 60.74 14.79 328.39 14 15 2
16 44.92 10.81 35.98 453.51 5 36 1
17 83.43 9.61 22.77 196.05 9 18 2
18 84.64 80.97 49.39 152.19 15 45 3
19 48.82 91.32 16.21 454.11 7 32 2
20 45.58 53.71 40.74 72.44 17 25 1
21 15.03 58.67 36.33 103.47 22 31 1
22 14.02 35.19 29.18 131.14 13 33 1
23 81.27 9.81 7.85 228.26 10 27 1
24 90.83 93.95 3.64 478.87 7 41 1
25 75.67 47.26 40.29 189.73 20 27 1
26 88.29 48.13 34.39 189.39 17 21 3
27 45.62 54.99 29.20 134.17 17 24 2
28 34.46 83.06 41.26 103.62 21 37 1
29 33.12 80.19 16.61 313.24 14 15 2
30 24.47 36.88 13.97 173.05 8 40 3
31 66.22 76.43 35.72 270.13 15 28 3
32 14.70 69.81 14.65 316.93 24 34 1
33 9.81 43.65 11.00 449.01 1 31 2
34 68.28 11.85 15.98 317.93 7 23 3
35 4.06 86.31 26.10 275.76 18 20 3
36 60.17 21.79 5.23 415.01 1 32 2
37 18.68 46.21 39.85 343.74 12 38 3
38 65.62 16.16 15.46 463.57 19 29 2
39 65.29 26.89 11.07 344.56 7 41 3
40 10.92 9.04 35.27 91.74 24 46 1
41 82.91 28.08 34.96 320.65 13 36 3
42 81.99 46.41 47.94 485.53 1 24 3
43 47.40 29.08 9.35 415.37 15 19 2
44 40.79 99.03 28.41 211.09 11 35 1
45 12.16 44.10 23.77 372.87 10 15 2
46 33.19 63.25 10.09 256.62 11 47 3
47 1.55 3.02 10.17 481.85 6 6 1
48 18.14 73.37 8.97 97.28 14 21 2
49 75.15 85.29 33.38 390.13 15 48 2
50 64.09 44.39 23.36 477.55 1 39 3
51 85.52 24.49 18.58 235.68 20 37 1
52 73.09 4.98 6.94 497.01 16 31 2
53 33.28 9.08 12.69 299.44 10 17 2
54 28.33 16.05 27.32 475.31 23 44 2
55 46.00 28.54 36.90 88.93 15 21 1
56 25.35 48.37 8.83 113.83 4 44 3
57 69.39 85.70 14.23 237.29 5 48 2
58 86.61 21.83 48.20 362.70 19 33 1
59 96.12 62.24 29.54 158.35 19 39 2
60 93.86 81.25 26.79 455.82 20 20 2
61 60.54 12.29 12.47 171.88 22 44 1
62 33.57 17.94 42.57 135.72 9 43 2
63 38.34 3.52 2.06 418.52 20 32 1
64 94.19 83.65 32.53 339.29 12 29 3
65 30.18 54.92 15.87 50.89 24 43 1
66 67.70 76.93 10.04 97.67 18 38 2
67 18.10 75.64 33.35 353.59 10 11 2
68 71.90 67.12 43.45 381.57 15 45 2
69 35.11 54.99 16.14 241.84 13 28 3
70 81.32 64.16 10.08 246.64 7 10 1
71 85.48 91.48 10.78 267.70 14 19 2
72 23.66 92.61 10.83 462.78 16 48 3
73 15.62 42.00 45.96 363.67 11 11 1
74 50.73 50.68 32.44 456.56 11 30 3
75 25.47 24.57 25.01 137.74 20 32 3
76 49.42 86.19 40.80 98.42 4 19 1
77 96.14 44.22 31.83 115.48 18 44 2
78 36.46 13.17 44.84 456.88 22 34 2
79 52.09 91.48 33.14 367.50 7 8 1
80 52.16 68.94 16.19 242.74 18 48 1
81 1.45 91.82 47.86 457.30 1 14 3
82 54.75 79.95 10.76 331.65 24 32 1
83 13.94 24.92 48.50 111.58 23 23 3
84 15.48 71.36 40.65 459.32 21 41 2
85 87.76 84.14 46.26 97.85 10 31 2
86 32.58 5.29 16.86 361.17 12 32 1
87 64.70 68.81 31.56 409.78 5 43 3
88 92.77 89.07 22.12 397.64 0 32 1
89 26.66 74.68 47.87 252.84 13 17 1
90 90.85 74.79 48.72 439.82 10 38 3
91 25.22 31.22 21.64 449.37 2 20 2
92 95.26 83.37 22.13 487.64 23 24 2
93 53.41 82.84 1.99 129.05 5 10 2
94 85.97 36.84 10.71 385.79 7 18 3
95 52.37 1.62 44.51 265.34 2 14 2
96 66.07 14.03 5.93 492.25 10 23 2
97 84.60 27.00 25.45 114.80 6 36 2
98 48.82 54.00 28.82 307.82 14 39 2
99 49.79 19.61 21.60 246.61 23 44 1
100 90.77 96.34 14.92 345.13 18 43 2
101 61.48 24.53 48.72 137.71 13 24 2
102 73.22 30.90 35.02 275.73 19 46 3
103 63.32 87.96 30.64 77.29 5 36 2
104 73.44 50.97 44.33 237.89 24 36 1
105 61.26 61.69 38.40 138.52 13 48 3
106 45.78 13.44 34.55 124.15 2 14 1
107 22.40 56.10 10.04 177.76 1 14 2
108 53.28 72.26 31.48 256.03 5 6 2
109 42.39 27.19 3.66 293.63 0 4 2
110 43.77 64.42 19.93 437.81 20 33 3
111 92.12 77.37 2.42 231.22 16 17 3
112 64.20 33.21 4.22 84.56 13 30 1
113 88.23 0.97 19.21 337.00 20 23 1
114 76.96 85.85 27.63 226.30 16 27 3
115 16.55 5.16 40.02 499.38 19 27 1
116 21.71 91.82 2.33 417.35 6 30 1
117 14.72 57.81 21.48 462.81 3 42 1
118 81.65 92.73 15.25 296.49 0 45 1
119 85.08 74.95 35.86 306.32 18 24 3
120 67.04 55.09 18.31 403.98 12 27 3
121 88.91 56.50 28.62 117.75 1 46 3
122 60.71 62.97 4.25 365.50 11 45 2
123 86.72 42.56 13.17 415.21 11 46 2
124 27.62 25.42 26.00 55.68 1 7 3
125 36.62 46.13 38.65 463.57 15 17 3
126 82.33 65.10 3.47 419.51 6 47 3
127 69.22 74.88 28.07 74.31 24 46 1
128 73.06 62.05 10.52 96.63 23 40 2
129 96.79 97.78 15.56 380.80 0 30 3
130 8.22 44.34 44.25 335.30 17 27 2
131 52.59 3.25 27.34 477.60 11 30 1
132 88.03 18.24 36.62 322.66 11 20 3
133 74.68 63.50 39.11 197.28 21 30 1
134 39.03 68.53 25.65 452.84 4 39 2
135 12.94 66.08 1.57 275.59 1 17 3
136 68.43 71.80 6.56 239.50 11 11 3
137 14.34 91.97 45.59 278.12 9 48 1
138 4.05 65.26 8.14 128.25 15 17 1
139 80.63 8.42 3.24 372.07 12 46 1
140 10.68 37.12 49.74 369.66 9 13 1
141 88.81 71.17 34.88 83.69 19 46 1
142 51.17 41.25 33.76 156.86 21 26 3
143 35.56 99.50 10.06 195.98 5 36 2
144 55.69 44.94 47.55 149.42 7 22 2
145 80.49 44.99 29.57 72.34 23 48 1
146 7.29 17.95 27.58 179.97 6 33 3
147 92.62 49.70 31.19 195.12 16 44 2
148 87.48 23.33 48.27 100.35 19 43 3
149 24.34 53.54 19.41 126.02 5 23 2
150 15.60 42.66 4.83 267.96 6 8 1
151 61.33 92.61 22.86 95.40 2 10 1
152 49.35 80.45 23.93 357.59 11 17 1
153 40.81 31.29 39.90 144.33 23 44 2
154 75.27 82.29 4.65 327.56 18 32 1
155 6.15 89.35 45.47 252.14 17 36 1
156 16.67 94.27 45.27 476.72 17 43 3
157 24.77 37.20 2.25 270.89 10 13 2
158 17.92 6.61 23.96 230.11 1 24 1
159 4.54 21.26 4.58 136.55 2 5 3
160 25.77 70.52 6.57 63.82 1 14 3
161 66.06 45.04 11.26 274.95 21 44 1
162 62.38 57.38 36.99 327.22 21 41 2
163 22.68 80.34 5.76 364.10 21 42 2
164 9.23 50.04 33.67 100.91 10 37 1
165 45.74 94.01 37.58 357.41 0 46 3
166 7.93 74.95 46.15 157.87 12 45 3
167 73.02 34.19 1.30 98.98 4 44 3
168 24.59 57.09 35.72 71.85 23 30 3
169 86.03 77.14 7.40 181.11 22 46 2
170 3.17 84.72 5.16 90.06 2 34 1
171 71.05 29.15 40.77 467.67 16 33 3
172 10.67 29.32 30.43 254.69 5 22 3
173 87.25 36.53 4.22 183.72 6 29 3
174 91.02 96.28 15.64 167.50 9 17 2
175 11.60 94.32 4.39 325.00 4 4 2
176 86.89 77.77 0.96 227.47 16 32 3
177 48.35 19.34 43.02 461.15 11 48 2
178 98.04 43.54 20.34 327.30 22 27 3
179 62.21 22.30 0.22 284.75 2 15 1
180 72.78 64.87 8.60 115.96 22 33 3
181 26.17 55.10 20.06 218.66 2 23 1
182 18.03 41.48 20.81 76.86 23 45 1
183 4.17 95.52 48.02 476.84 16 23 2
184 27.63 87.12 6.19 343.92 3 17 3
185 13.97 80.01 37.71 303.77 7 20 2
186 0.56 15.20 48.15 462.74 3 45 2
187 59.38 99.92 40.82 405.50 7 34 3
188 68.53 91.61 18.34 295.21 15 26 3
189 58.87 68.26 1.10 185.18 15 43 1
190 55.50 30.00 13.61 353.36 10 36 2
191 52.21 27.16 34.65 184.53 21 34 1
192 62.19 16.29 0.43 347.01 24 38 1
193 44.27 25.94 46.51 169.82 7 8 3
194 14.80 39.92 38.46 288.91 6 35 2
195 47.25 36.35 30.89 320.65 6 30 1
196 38.04 59.97 0.45 314.21 23 41 1
197 26.95 76.22 31.40 314.97 2 47 1
198 51.17 46.32 48.73 147.40 8 23 1
199 55.79 27.60 44.85 109.36 1 14 3
200 74.31 30.59 24.23 365.40 16 30 2
201 48.52 84.02 45.44 130.06 16 41 3
202 1.78 3.40 47.22 192.43 11 33 2
203 24.86 92.44 13.72 275.49 4 15 3
204 76.88 86.07 23.02 192.92 5 29 2
205 26.03 93.41 23.15 450.85 17 25 1
206 58.26 45.89 29.23 283.93 2 21 2
207 50.80 4.96 21.09 359.91 20 24 3
208 26.22 19.60 30.18 318.00 6 14 3
209 29.17 83.96 45.18 491.40 21 31 1
210 56.43 3.09 29.59 247.09 16 27 3
211 46.57 11.68 2.65 177.12 21 39 2
212 60.97 59.13 21.77 376.78 20 43 1
213 8.64 94.65 30.43 460.15 10 24 3
214 96.63 25.13 42.51 200.51 24 37 3
215 3.97 4.44 48.27 57.94 3 17 1
216 4.05 88.11 6.60 442.84 24 29 2
217 76.71 87.70 29.24 472.86 11 11 1
218 84.31 49.82 18.51 81.28 19 33 3
219 38.63 70.06 12.56 283.36 3 21 1
220 93.65 2.81 1.28 72.98 8 47 3
221 32.17 32.36 16.20 134.68 6 43 3
222 88.95 26.00 30.75 408.17 11 11 1
223 81.16 47.82 32.75 361.55 16 30 3
224 23.95 89.31 37.22 69.10 20 28 3
225 54.83 22.89 45.52 65.74 0 32 1
226 77.91 11.64 17.74 464.49 9 32 2
227 94.53 48.83 37.30 103.43 18 23 3
228 4.70 7.07 35.34 82.80 20 36 1
229 49.94 93.48 9.45 483.71 17 32 1
230 17.67 12.90 9.77 297.93 7 12 2
231 22.22 40.54 32.73 423.14 0 31 2
232 69.31 72.60 9.59 193.47 12 26 1
233 40.00 85.49 33.97 242.25 6 43 3
234 47.02 51.64 38.61 432.19 15 46 1
235 49.11 55.84 38.43 253.98 16 35 1
236 10.98 4.48 49.41 289.48 10 16 3
237 65.41 48.85 3.69 187.12 4 33 3
238 31.25 59.84 17.08 156.27 16 34 3
239 87.76 73.92 48.53 264.86 11 15 1
240 45.99 31.67 25.95 173.52 2 5 1
241 43.59 37.55 26.29 306.10 16 35 1
242 31.91 63.21 21.92 228.21 14 47 3
243 93.96 78.60 41.85 74.86 7 7 3
244 41.65 99.38 29.13 466.38 7 25 2
245 43.18 20.04 13.66 157.22 7 22 2
246 20.06 17.96 28.78 487.24 8 25 1
247 42.34 79.29 39.25 296.73 19 34 3
248 30.44 99.68 15.47 218.38 7 22 3
249 95.64 44.59 27.54 324.76 21 34 1
250 67.72 87.79 9.32 379.97 11 23 2
251 72.92 67.57 36.42 463.41 15 47 1
252 57.80 63.43 29.60 302.63 18 42 3
253 66.37 89.25 45.47 82.05 22 37 2
254 46.84 11.85 7.10 334.72 5 39 1
255 85.00 38.00 10.35 265.98 23 30 3
256 82.36 19.61 9.41 338.69 0 27 2
257 99.01 49.95 40.01 225.86 13 46 3
258 23.73 12.89 12.69 298.71 23 45 3
259 34.62 75.54 47.83 433.50 15 21 3
260 30.42 73.45 6.26 436.07 11 36 1
261 70.51 2.09 21.34 255.41 8 13 3
262 45.10 82.98 20.39 130.06 1 23 1
263 33.93 27.50 34.54 474.47 23 48 1
264 28.64 83.31 7.70 468.40 5 42 1
265 24.85 77.95 14.62 463.14 14 33 3
266 81.19 40.09 38.06 119.73 22 33 1
267 31.02 77.81 33.76 292.23 10 43 2
268 58.49 52.45 17.12 399.38 5 37 2
269 81.61 64.04 37.06 73.33 8 40 2
270 68.64 10.13 29.63 286.59 12 35 2
271 60.13 13.82 6.38 187.96 7 40 1
272 44.15 0.81 16.24 311.29 21 39 1
273 32.06 0.91 49.48 123.46 18 43 2
274 59.94 55.65 45.89 393.52 3 39 3
275 47.48 85.47 41.71 177.35 4 32 1
276 67.39 22.03 10.44 288.51 9 18 1
277 89.14 74.02 37.55 470.86 5 12 3
278 45.52 1.23 46.09 213.42 14 42 3
279 68.02 91.58 16.48 145.27 22 44 1
280 54.28 30.96 45.13 153.81 6 48 1
281 41.08 68.22 1.91 445.85 9 25 3
282 45.79 17.77 23.08 131.05 18 32 3
283 42.73 40.35 48.22 94.81 15 21 1
284 89.26 94.96 7.94 61.15 10 14 2
285 85.59 15.15 11.92 304.02 8 24 1
286 19.54 9.00 23.22 399.97 19 31 1
287 97.14 49.72 44.38 279.16 21 26 1
288 63.10 41.36 19.69 320.01 4 18 2
289 86.71 96.53 30.48 263.68 21 44 1
290 33.19 68.21 3.83 271.76 24 30 1
291 8.22 5.61 8.08 420.46 12 38 1
292 63.60 20.67 40.26 227.97 3 17 3
293 56.00 77.70 43.84 229.12 20 47 2
294 93.08 40.89 16.16 362.98 21 22 2
295 75.24 87.11 22.12 328.95 6 30 1
296 68.99 99.15 16.95 170.15 9 22 3
297 75.48 87.81 11.01 196.86 24 29 2
298 77.38 64.70 37.69 264.87 1 41 3
299 3.71 46.90 29.35 177.34 8 16 1
300 20.35 71.53 11.95 271.93 17 22 3
301 48.99 91.64 25.89 244.36 2 5 3
302 11.83 79.64 15.58 191.96 24 47 1
303 70.66 1.49 25.82 400.21 2 14 3
304 52.64 67.88 1.50 224.55 6 14 1
305 37.87 29.87 25.09 340.82 15 25 2
306 90.99 36.88 39.40 50.27 8 35 3
307 9.44 53.97 8.41 434.71 3 30 3
308 89.79 37.91 4.47 439.93 22 30 1
309 81.35 77.53 47.44 465.52 7 32 1
310 74.14 23.27 23.96 424.76 7 19 1
311 64.84 55.72 16.03 425.04 13 32 3
312 36.64 3.62 49.00 62.38 10 18 1
313 48.89 89.61 45.14 393.69 1 7 3
314 92.42 21.64 7.36 338.95 19 40 3
315 29.19 46.98 18.06 383.97 6 16 1
316 36.59 55.93 5.63 316.54 13 22 1
317 48.60 83.99 15.04 338.03 15 35 2
318 48.91 43.50 40.41 412.64 15 15 2
319 54.35 20.41 25.32 484.67 17 48 3
320 84.35 75.65 44.57 300.99 16 37 3
321 44.44 20.51 35.24 71.37 4 4 2
322 35.22 43.93 9.36 300.72 9 30 3
323 97.71 31.30 30.34 102.22 17 31 2
324 10.58 60.43 36.92 452.25 24 44 1
325 42.92 2.21 16.77 459.86 9 39 3
326 84.42 48.00 37.56 123.65 7 15 1
327 60.79 85.79 45.13 306.19 15 17 2
328 13.54 57.04 39.34 106.98 1 46 3
329 92.90 56.03 25.37 131.28 2 29 2
330 88.62 22.67 7.93 489.67 15 33 1
331 1.63 19.15 16.96 315.79 8 10 2
332 70.91 78.32 27.54 273.49 2 14 2
333 35.26 9.26 22.92 188.55 6 46 1
334 26.62 13.25 40.53 349.84 2 5 1
335 66.27 17.70 6.57 205.95 3 12 3
336 0.59 62.81 38.20 233.30 14 45 1
337 7.32 20.78 5.05 295.12 13 22 1
338 24.14 34.22 49.06 381.21 9 20 1
339 55.16 19.07 29.84 394.48 20 33 1
340 1.51 59.20 26.74 347.55 6 33 2
341 80.47 86.88 38.47 277.15 13 34 3
342 46.88 16.89 49.01 251.35 15 39 3
343 40.39 99.63 18.53 265.72 5 34 1
344 85.67 76.21 1.85 490.70 11 30 2
345 65.12 53.01 46.58 187.32 16 38 3
346 3.34 48.45 11.02 289.55 9 15 2
347 90.51 78.28 48.27 150.35 0 11 2
348 41.33 54.86 5.79 83.37 13 25 1
349 73.04 91.31 37.80 211.63 6 15 3
350 94.52 19.98 36.70 438.54 17 36 2
351 1.32 22.03 1.09 494.69 4 21 1
352 97.40 63.28 38.74 451.67 2 11 1
353 42.56 85.46 34.18 93.93 13 27 3
354 49.08 93.71 11.27 58.98 14 14 2
355 53.00 74.28 41.15 452.05 24 28 3
356 89.73 78.04 17.51 471.37 18 45 2
357 68.27 4.57 31.77 354.78 16 18 3
358 25.62 75.62 44.94 71.36 16 37 2
359 20.41 38.98 47.79 462.08 12 39 3
360 32.31 13.95 25.19 296.81 18 27 3
361 33.34 81.38 13.30 224.44 7 30 1
362 8.35 25.63 0.59 383.97 23 41 1
363 27.40 69.63 26.18 491.14 15 26 1
364 95.56 11.17 42.85 370.46 7 25 3
365 74.20 26.60 13.07 464.83 6 25 2
366 11.52 63.09 45.79 215.73 11 28 1
367 0.99 20.77 20.17 460.54 14 24 1
368 46.05 44.37 10.40 136.95 8 30 1
369 50.50 12.66 29.55 486.05 11 43 3
370 34.03 22.77 39.80 175.19 7 13 1
371 29.17 97.99 38.30 285.59 19 41 3
372 34.40 78.67 14.95 215.73 20 30 1
373 55.18 31.68 35.38 84.53 12 42 3
374 12.55 8.29 45.79 354.64 12 25 3
375 73.64 84.68 36.50 423.50 14 14 1
376 63.92 39.97 23.34 437.08 16 48 3
377 49.89 64.74 34.73 67.21 3 48 2
378 72.78 40.75 22.52 103.10 4 8 3
379 50.27 31.29 24.33 334.75 18 48 3
380 16.01 12.62 25.58 123.36 17 18 2
381 77.53 11.48 38.17 142.39 23 25 2
382 32.46 99.82 33.69 111.13 18 21 2
383 80.74 43.97 30.21 322.25 22 47 1
384 21.67 74.45 21.68 182.53 20 31 1
385 64.46 24.85 7.90 474.58 5 5 3
386 23.19 71.32 31.27 392.25 9 16 1
387 15.99 55.22 47.73 60.51 12 19 1
388 9.44 4.49 15.38 401.56 12 20 1
389 5.77 19.84 4.07 158.59 14 20 2
390 29.13 27.04 37.77 405.75 21 38 3
391 11.99 24.50 13.98 275.31 9 27 3
392 81.40 86.45 44.81 78.65 8 36 3
393 64.17 78.53 4.36 270.28 12 27 1
394 65.28 46.18 25.79 440.86 3 40 1
395 17.19 22.41 23.22 377.05 8 12 1
396 29.40 6.21 5.14 356.25 0 15 1
397 45.10 85.78 21.75 406.11 13 13 2
398 12.90 35.60 41.28 396.43 2 36 3
399 95.73 27.34 43.92 234.87 13 34 3
400 81.29 25.06 17.94 134.51 10 48 1
1 121.71 4629.04 1
2 110.94 2590.97 2
3 157.55 3210.02 3
1 1.66 28.38 1
2 1.62 37.09 3
3 1.86 28.14 3
4 1.05 35.57 1
5 1.34 41.44 1
6 1.29 38.19 2
7 1.19 43.45 3
