Data for Vehicle routing problem with drones - Author: Huyen Do Thi Ngoc
Number of depots: 4
Number of cities: 200
Number of trucks: 7
Number of drones: 11
Area: 100 100 50
Customer maximum demand: 500
Max capacity of truck: 200
Max energy of truck: 5000
Max capacity of drone: 2
Max energy of drone: 50
1 50.05 89.21 39.53
2 2.13 70.22 33.04
3 42.32 90.93 28.93
4 80.44 63.26 32.31
1 33.01 77.02 44.96 463.50 5 10 3
2 41.40 42.00 22.55 261.33 7 27 4
3 70.03 78.40 9.01 299.43 9 30 3
4 81.94 67.60 22.39 416.56 6 11 2
5 3.28 11.07 25.26 356.48 8 33 4
6 68.15 0.43 46.26 275.44 22 34 2
7 38.02 47.57 3.30 97.21 22 33 1
8 22.74 13.26 13.50 255.89 20 41 4
9 74.38 45.86 34.53 108.40 6 43 1
10 10.35 65.90 4.49 116.60 3 28 2
11 85.27 47.04 10.10 192.52 7 40 2
12 30.78 13.99 44.47 484.40 22 27 1
13 79.46 40.08 15.34 290.94 8 10 1
14 56.88 56.56 47.85 119.59 8 48 1
15 42.36 76.11 6.28 319.07 22 38 1
16 41.33 27.75 33.32 475.44 11 46 3
17 1.54 97.99 43.07 348.05 16 35 1
18 65.90 41.66 8.95 390.96 14 21 1
19 15.70 83.31 29.31 57.00 20 29 2
20 35.28 2.61 35.48 388.84 12 13 3
21 35.25 66.46 1.93 64.18 14 40 3
22 55.99 14.00 45.98 272.62 21 37 1
23 48.20 42.76 25.06 105.62 12 46 1
24 0.48 61.86 42.42 220.22 2 45 4
25 91.65 98.96 46.93 285.39 12 46 2
26 82.53 86.16 7.93 279.21 6 31 2
27 52.94 37.92 18.35 388.48 0 31 1
28 1.37 89.52 29.01 314.65 22 30 2
29 97.49 24.11 22.27 192.09 15 38 4
30 4.34 69.93 39.72 405.65 23 43 2
31 96.74 40.94 44.51 375.70 2 41 4
32 92.55 29.66 2.80 237.14 19 48 3
33 15.72 9.78 39.03 86.02 5 42 3
34 13.93 64.72 2.49 487.61 2 15 3
35 40.28 46.96 31.46 287.48 7 29 1
36 36.80 33.99 33.67 227.32 8 14 3
37 81.21 64.16 16.56 76.32 14 20 2
38 78.58 31.98 18.84 70.67 24 25 2
39 27.40 25.28 5.31 80.82 6 6 3
40 21.61 68.77 46.40 220.15 8 42 2
41 75.05 71.40 1.99 416.54 16 47 2
42 89.91 11.86 26.37 387.01 18 36 1
43 99.13 0.52 27.60 469.93 3 33 3
44 97.53 3.55 34.40 492.11 22 37 3
45 56.78 21.00 49.96 81.10 24 38 1
46 94.43 50.54 2.27 307.18 15 45 3
47 47.28 27.86 24.53 450.86 23 44 1
48 33.87 49.47 36.23 447.96 18 34 3
49 45.55 95.51 47.69 445.25 12 34 2
50 72.64 74.52 34.39 62.40 15 15 4
51 3.41 61.67 3.68 268.89 12 47 1
52 47.83 31.75 33.70 193.43 17 40 1
53 42.37 54.53 15.41 441.71 4 13 3
54 13.61 37.29 0.96 439.94 2 24 4
55 68.96 77.81 27.16 162.15 1 4 3
56 86.42 44.71 31.97 179.34 18 48 3
57 21.95 10.68 27.70 135.59 24 35 4
58 53.30 29.26 33.69 194.27 18 27 4
59 60.06 16.08 33.61 384.07 14 19 3
60 75.01 93.05 9.62 203.44 6 16 3
61 23.70 7.04 34.77 334.43 9 19 2
62 76.15 73.89 11.62 301.10 15 17 4
63 68.56 80.97 35.98 95.72 8 30 3
64 19.39 55.65 26.80 336.56 18 46 3
65 96.92 52.43 42.32 424.05 13 17 1
66 88.38 55.57 11.34 290.05 9 25 3
67 81.12 64.53 35.21 302.84 22 47 2
68 34.29 58.15 18.34 371.50 10 34 2
69 5.65 45.41 37.76 165.56 19 38 4
70 70.31 21.95 33.34 219.13 13 44 4
71 3.31 53.68 19.64 305.56 7 24 1
72 8.95 87.15 11.73 391.42 8 9 2
73 83.06 84.22 24.81 248.04 12 31 1
74 80.60 91.54 5.51 192.30 23 48 4
75 99.07 33.19 20.67 441.56 24 38 2
76 26.25 89.59 7.07 468.04 8 30 4
77 17.32 26.79 37.41 172.17 19 31 3
78 81.84 41.51 4.41 189.83 5 35 3
79 71.27 53.16 15.34 55.35 15 20 2
80 5.63 94.62 46.79 118.15 8 32 1
81 65.13 57.02 38.56 330.96 20 43 3
82 18.17 54.07 27.26 53.63 4 34 2
83 85.50 48.36 25.83 463.15 6 15 1
84 21.87 67.61 2.95 324.76 20 39 2
85 89.84 7.89 46.06 436.90 7 25 4
86 70.84 45.55 37.39 484.09 22 45 4
87 18.22 36.58 45.61 404.30 7 44 2
88 25.63 83.44 40.99 265.77 24 35 1
89 80.59 91.33 20.75 337.27 23 39 4
90 63.22 41.16 15.81 85.83 22 27 1
91 98.57 10.02 10.04 181.08 16 20 1
92 85.52 60.56 33.93 469.14 17 23 3
93 41.42 50.94 7.69 356.67 21 33 3
94 30.87 95.95 45.03 298.73 2 48 2
95 89.98 4.64 32.78 217.92 17 33 1
96 55.39 29.96 32.58 199.66 5 7 2
97 69.66 25.06 34.58 481.83 9 47 2
98 45.02 54.25 9.22 258.34 17 33 3
99 29.56 7.30 37.60 139.23 9 31 4
100 52.94 61.96 1.49 187.86 8 45 4
101 63.49 52.26 10.31 190.87 6 11 2
102 90.00 8.03 10.89 83.58 19 44 4
103 43.99 55.52 33.18 204.13 6 19 1
104 73.31 17.86 16.61 117.26 7 38 1
105 24.48 38.45 27.22 448.30 11 20 4
106 41.99 12.10 10.88 373.06 10 22 1
107 6.43 92.28 43.66 311.68 5 26 3
108 23.96 75.08 2.99 499.58 0 22 2
109 58.56 73.52 20.50 492.89 4 23 4
110 77.97 92.21 14.50 78.06 0 46 4
111 68.63 7.64 11.82 480.58 23 38 1
112 6.24 70.13 15.98 228.24 2 12 1
113 51.39 17.51 46.37 189.87 7 19 1
114 65.44 97.37 26.42 364.05 0 38 2
115 93.57 66.95 29.85 483.53 22 45 3
116 46.69 4.41 19.43 465.47 19 29 4
117 97.90 9.86 35.16 57.08 7 11 4
118 64.94 44.15 5.22 431.22 24 27 4
119 81.27 29.48 1.23 405.81 3 3 2
120 81.11 7.49 31.90 50.82 15 41 3
121 63.19 12.95 42.74 330.25 3 30 3
122 47.00 37.95 16.62 478.28 5 19 2
123 24.08 82.32 13.63 117.46 3 29 1
124 86.46 59.80 29.63 431.36 10 44 4
125 4.81 28.35 41.58 106.70 20 39 1
126 59.60 65.22 4.76 315.21 6 35 1
127 0.42 40.93 29.19 345.99 13 41 1
128 65.00 46.23 27.07 432.26 8 35 2
129 48.22 9.46 2.83 420.17 11 18 2
130 62.70 5.17 33.09 436.54 22 34 1
131 6.32 45.91 43.71 499.93 15 30 3
132 28.47 93.05 17.01 245.32 8 35 1
133 39.40 84.58 6.28 473.76 1 16 3
134 92.96 16.38 19.60 275.02 7 9 2
135 49.88 34.48 42.35 494.64 21 45 2
136 22.83 62.26 47.86 156.67 5 9 1
137 99.93 16.58 8.70 220.29 11 32 1
138 94.01 29.15 32.49 341.11 14 35 2
139 21.10 1.00 42.58 136.97 18 24 4
140 0.43 4.79 33.42 496.84 3 21 1
141 7.31 79.20 22.03 384.79 5 30 1
142 98.57 93.67 1.35 250.01 11 13 3
143 58.74 8.50 21.53 226.04 4 11 2
144 20.64 3.87 48.90 483.84 6 36 3
145 9.39 15.03 49.64 410.15 8 31 1
146 71.06 37.04 12.86 317.76 12 22 1
147 42.44 69.13 33.87 79.91 16 17 2
148 38.16 82.63 49.49 122.95 6 11 3
149 33.86 93.66 10.45 92.24 16 19 1
150 90.08 26.64 7.66 121.57 18 19 4
151 62.90 94.34 22.43 232.13 3 26 3
152 80.21 2.23 23.70 476.92 14 16 4
153 45.67 62.22 23.68 174.35 16 48 2
154 76.19 70.64 19.68 259.69 19 33 1
155 23.38 39.09 15.30 332.24 22 39 4
156 58.69 74.30 18.48 305.32 4 42 3
157 5.93 47.93 22.68 263.20 21 44 3
158 36.42 51.21 17.81 243.71 5 29 3
159 87.13 15.46 13.68 95.08 16 18 2
160 77.72 34.42 34.61 162.95 12 26 1
161 34.42 62.69 41.59 163.76 12 36 2
162 10.36 72.84 0.55 55.02 14 29 2
163 10.45 94.17 37.28 128.15 7 29 1
164 11.54 85.17 37.98 191.37 10 27 4
165 88.28 93.40 2.77 82.46 19 47 1
166 17.29 11.41 17.95 333.01 7 47 3
167 18.45 54.78 22.33 90.95 8 17 4
168 28.63 64.63 2.73 419.63 2 27 4
169 3.03 9.84 23.49 137.76 10 16 1
170 56.40 56.03 23.18 80.61 7 30 3
171 20.54 91.71 17.87 278.04 8 36 1
172 9.19 50.59 1.88 309.27 19 33 3
173 49.87 83.57 17.74 85.80 1 18 4
174 56.26 55.99 26.08 81.19 14 29 3
175 9.84 23.14 10.77 186.03 1 35 1
176 0.86 43.68 26.20 290.44 1 45 3
177 7.45 20.65 34.28 248.20 22 36 1
178 8.88 82.77 7.07 268.22 10 14 3
179 57.68 65.25 46.76 352.44 15 43 2
180 92.18 21.17 33.34 358.06 8 48 3
181 69.29 49.78 12.05 155.37 20 40 3
182 78.85 95.92 35.76 114.44 5 29 3
183 32.05 68.37 0.64 83.00 8 27 3
184 53.14 29.85 23.25 350.28 22 24 1
185 9.95 11.51 21.36 491.97 19 29 4
186 8.57 59.39 25.20 279.29 2 31 3
187 69.17 77.38 10.91 425.11 6 10 2
188 5.41 91.56 39.96 349.05 6 40 4
189 41.46 98.08 20.73 273.47 3 25 3
190 32.11 38.63 48.62 183.30 16 31 1
191 63.89 11.78 31.15 399.34 3 22 4
192 15.73 87.01 20.30 336.33 21 36 2
193 67.47 44.00 43.63 226.27 13 39 3
194 22.55 6.02 26.37 423.92 7 45 2
195 93.92 18.31 8.08 278.81 18 37 1
196 99.02 84.17 6.68 343.15 17 27 1
197 52.61 75.91 37.18 358.56 21 44 2
198 77.77 67.47 40.69 396.75 13 17 3
199 88.44 95.76 16.41 116.10 18 26 3
200 27.04 61.72 17.39 67.61 12 20 1
1 129.84 4276.66 1
2 139.41 4299.01 2
3 183.28 4869.66 3
4 104.27 2712.36 4
5 137.08 3362.47 2
6 126.75 4552.99 2
7 137.74 3746.17 2
1 1.72 42.48 6
2 1.06 38.93 7
3 1.49 29.11 6
4 1.72 36.44 2
5 1.07 46.67 3
6 1.50 48.17 2
7 1.93 47.22 1
8 1.33 30.22 4
9 1.49 41.92 7
10 1.21 43.13 3
11 1.03 44.79 3
