Data for Vehicle routing problem with drones - Author: Huyen Do Thi Ngoc
Number of depots: 2
Number of cities: 400
Number of trucks: 7
Number of drones: 17
Area: 100 100 50
Customer maximum demand: 500
Max capacity of truck: 200
Max energy of truck: 5000
Max capacity of drone: 2
Max energy of drone: 50
1 23.24 7.58 18.91
2 12.80 72.98 5.87
1 94.57 16.16 38.55 97.77 3 36 1
2 50.70 13.56 39.67 319.27 11 16 2
3 62.39 1.27 22.64 128.58 16 18 2
4 29.79 42.40 43.33 93.14 14 26 2
5 22.42 2.48 29.37 476.44 18 33 1
6 60.45 1.95 14.07 189.38 13 43 1
7 70.76 73.46 33.70 56.66 5 22 1
8 67.25 83.33 27.90 391.19 20 38 1
9 29.04 14.56 24.97 260.69 20 43 1
10 37.70 17.72 22.43 112.49 3 23 1
11 79.06 0.07 36.11 77.85 12 47 2
12 53.90 91.07 20.79 209.49 22 30 1
13 56.76 40.50 6.08 227.33 22 45 2
14 19.29 14.63 12.05 57.93 6 33 1
15 67.50 6.29 14.18 263.50 16 23 1
16 27.83 15.63 36.96 68.31 2 30 2
17 48.12 34.53 2.12 454.00 15 33 1
18 47.62 30.84 36.11 183.41 11 16 2
19 2.28 52.23 12.04 476.83 19 40 1
20 53.30 84.31 27.89 104.93 2 38 1
21 72.72 7.36 1.59 186.30 17 19 1
22 65.00 78.57 20.48 444.78 21 27 1
23 26.36 92.85 34.38 101.74 19 26 2
24 53.54 11.86 23.07 168.93 21 33 2
25 95.80 71.22 32.45 404.49 20 42 2
26 23.58 57.55 24.52 178.21 2 25 2
27 39.66 60.91 37.92 396.23 0 3 1
28 81.46 64.38 23.05 433.23 23 35 1
29 81.66 35.19 12.38 230.11 0 36 1
30 81.38 89.02 25.25 84.53 13 42 1
31 36.30 61.19 42.12 464.34 1 33 2
32 25.60 78.54 22.99 303.22 4 13 2
33 50.73 9.09 20.09 232.08 21 26 1
34 53.65 65.91 36.44 387.26 12 19 2
35 25.43 4.10 13.91 276.20 17 39 2
36 19.21 20.26 4.45 105.30 8 27 2
37 74.36 19.76 44.82 136.36 8 13 1
38 98.66 27.90 35.54 406.07 23 30 1
39 25.54 35.26 27.40 273.95 23 44 1
40 73.40 13.86 8.24 397.73 4 33 2
41 63.46 58.60 36.73 147.51 13 22 2
42 38.47 91.06 11.83 113.39 19 43 1
43 94.92 53.75 3.25 423.31 10 37 2
44 81.67 19.74 1.20 358.42 2 35 1
45 17.42 10.04 23.42 380.13 11 20 1
46 15.75 19.69 16.40 97.34 20 45 1
47 93.24 82.25 39.73 133.05 8 15 1
48 15.24 47.66 28.22 216.86 10 10 2
49 53.26 0.55 45.55 53.62 5 43 2
50 38.65 46.81 35.44 204.31 4 23 1
51 18.12 66.33 42.76 384.70 6 28 1
52 36.56 43.07 42.74 362.84 3 33 2
53 70.93 89.51 21.31 266.02 18 41 1
54 17.56 20.21 21.57 260.14 22 22 2
55 17.66 89.51 18.32 206.73 11 28 1
56 73.38 40.96 10.21 163.69 19 36 1
57 37.52 29.82 33.15 178.24 12 47 2
58 38.44 11.31 48.60 269.97 19 33 1
59 34.21 80.09 45.53 410.60 24 38 1
60 89.44 34.22 23.00 465.79 23 45 1
61 13.21 68.47 33.00 179.46 16 30 1
62 99.00 88.08 46.84 263.42 9 14 2
63 38.86 58.72 14.03 358.54 24 27 2
64 38.84 90.40 34.67 242.85 10 10 2
65 74.84 27.07 12.33 299.72 14 42 1
66 74.75 59.52 22.43 358.67 6 12 2
67 24.64 37.03 46.56 185.47 20 42 2
68 6.08 41.21 0.02 484.37 8 41 1
69 59.89 43.29 17.61 343.10 18 29 1
70 40.25 62.15 37.59 256.63 6 14 1
71 7.13 32.40 29.90 469.35 11 41 1
72 93.90 97.17 31.53 177.76 15 25 2
73 29.99 60.57 45.90 211.12 8 35 1
74 29.40 43.95 14.78 280.55 18 37 1
75 69.50 98.65 43.85 335.37 4 6 1
76 70.31 51.18 31.52 369.15 23 38 2
77 57.50 75.37 17.31 155.98 13 35 1
78 96.62 62.87 30.30 463.56 13 24 1
79 10.19 9.95 35.16 441.95 16 40 2
80 43.05 26.62 14.71 266.40 24 41 1
81 36.35 24.83 44.20 238.58 21 42 2
82 33.53 51.82 12.27 136.24 9 27 1
83 78.85 13.67 41.09 433.50 15 43 1
84 49.13 83.13 49.73 351.71 2 35 1
85 27.37 74.57 1.23 164.76 22 22 1
86 88.39 43.88 40.42 68.48 2 13 1
87 31.39 5.46 5.14 336.63 1 40 1
88 65.98 40.57 16.22 461.70 15 29 2
89 64.14 24.28 49.70 214.33 17 47 1
90 70.19 95.07 9.19 309.23 1 38 2
91 82.02 8.38 48.79 360.38 11 17 1
92 25.73 49.66 24.13 138.69 1 16 2
93 96.32 65.53 28.45 399.14 22 33 1
94 56.64 37.18 27.96 487.96 18 34 2
95 96.83 66.49 18.60 212.03 3 31 2
96 85.39 91.77 46.49 383.30 4 7 2
97 95.30 4.56 25.02 304.03 18 18 1
98 93.85 87.48 25.06 389.60 21 40 1
99 85.09 41.05 32.82 269.17 12 23 1
100 34.32 60.25 25.99 205.23 2 39 1
101 63.50 71.52 1.12 112.91 17 20 2
102 87.69 51.72 11.36 150.87 0 35 1
103 61.95 58.97 34.39 295.68 15 15 2
104 88.75 69.64 12.34 299.95 12 33 2
105 87.28 21.96 26.62 459.57 6 11 1
106 79.30 5.89 4.20 281.47 1 30 2
107 43.11 24.01 16.01 198.40 19 28 1
108 61.69 31.84 46.33 418.84 18 34 1
109 32.93 29.38 23.65 407.04 1 47 2
110 48.77 31.56 2.09 414.74 12 34 1
111 69.59 31.20 47.19 93.72 1 26 2
112 23.61 31.33 37.86 111.06 16 42 1
113 2.19 2.42 23.75 363.98 19 39 1
114 7.16 69.76 40.06 306.46 14 27 1
115 8.91 6.32 38.26 91.10 17 34 2
116 62.90 75.21 23.35 334.42 23 35 2
117 97.15 47.18 12.99 403.01 0 10 2
118 93.71 44.52 46.51 456.08 17 39 1
119 36.78 71.56 16.53 341.22 1 5 1
120 61.58 12.25 18.81 364.23 5 43 1
121 15.22 5.63 27.88 259.03 10 33 1
122 99.48 67.46 43.52 165.09 19 20 1
123 8.11 13.04 8.44 107.84 4 20 2
124 86.73 32.05 28.74 315.03 4 48 1
125 51.51 14.54 12.58 283.47 12 30 2
126 67.71 77.41 32.05 318.83 16 27 2
127 56.51 98.73 19.49 352.54 1 1 2
128 53.67 71.34 48.67 272.39 13 42 2
129 48.68 65.48 9.31 204.20 17 25 2
130 14.15 92.60 16.83 89.40 13 33 1
131 20.50 87.18 10.52 433.14 22 33 1
132 50.65 71.88 17.78 410.06 4 31 1
133 47.71 87.02 12.08 312.36 11 30 2
134 79.91 29.59 45.26 58.19 5 44 1
135 67.40 75.29 30.34 101.59 22 38 2
136 69.44 91.12 41.10 189.74 19 33 2
137 73.86 75.64 19.17 154.20 2 46 1
138 66.04 73.78 27.69 315.40 15 25 1
139 84.37 7.49 29.63 332.67 1 38 2
140 39.14 86.77 38.01 385.15 18 21 1
141 63.26 14.45 29.22 67.34 22 45 1
142 37.01 10.33 24.96 63.71 18 31 2
143 18.74 61.42 13.22 470.06 7 48 1
144 69.27 93.71 38.16 208.23 13 35 2
145 22.74 71.26 30.01 303.41 15 18 2
146 62.28 37.97 12.51 278.46 5 12 2
147 99.65 18.86 27.94 100.89 5 14 2
148 86.07 29.76 23.55 499.69 12 31 2
149 81.42 22.57 13.51 440.48 4 4 2
150 33.67 73.71 49.86 383.46 4 30 1
151 75.04 71.48 43.65 334.61 6 36 2
152 20.20 16.70 16.77 180.59 19 35 1
153 28.34 31.70 13.24 276.43 10 39 1
154 14.64 59.19 20.78 221.33 14 35 1
155 10.82 37.31 22.49 492.40 7 12 2
156 21.62 90.01 14.76 343.02 10 45 2
157 53.06 24.14 42.45 402.17 7 9 1
158 17.66 54.56 43.46 490.57 17 41 1
159 33.83 89.58 28.96 236.88 19 40 2
160 69.68 65.78 45.23 299.13 24 45 1
161 68.47 30.24 1.07 481.84 6 21 2
162 42.48 56.94 36.97 468.68 18 27 2
163 38.11 8.34 5.31 187.43 24 26 1
164 79.91 3.26 25.24 332.23 5 15 2
165 66.06 40.14 42.49 425.66 1 12 1
166 65.69 22.15 38.48 147.12 20 23 1
167 53.20 15.73 13.17 380.51 18 24 1
168 76.64 12.24 45.85 296.18 1 8 2
169 22.36 56.72 25.18 232.27 15 38 2
170 30.55 66.47 40.40 204.99 11 38 1
171 60.36 71.30 20.48 180.43 18 42 1
172 76.12 81.68 8.49 315.38 18 27 1
173 16.35 20.69 2.50 311.08 5 35 2
174 41.84 49.50 31.51 411.44 17 29 2
175 64.41 49.65 7.72 327.76 1 15 2
176 5.08 77.56 39.95 430.23 2 43 1
177 66.76 47.42 38.58 142.72 10 38 1
178 75.90 59.23 29.71 165.95 15 18 2
179 40.99 80.52 38.67 270.57 7 44 2
180 82.62 63.92 49.19 428.63 12 33 2
181 38.19 52.60 42.82 129.61 21 46 1
182 39.80 59.50 5.48 348.08 21 38 2
183 37.23 24.46 40.41 84.12 4 14 1
184 38.02 34.56 49.97 324.44 13 33 2
185 31.99 30.85 25.87 78.45 24 33 1
186 40.50 80.63 26.19 404.70 5 7 2
187 14.55 35.97 19.55 309.28 10 43 2
188 73.61 23.02 17.23 201.05 14 28 1
189 74.37 39.09 20.62 404.36 8 8 1
190 15.66 22.90 4.37 292.07 23 37 2
191 14.15 36.32 20.13 105.72 22 45 2
192 44.49 7.80 6.85 351.60 19 40 2
193 47.70 31.26 43.84 423.96 12 33 2
194 57.61 94.47 23.44 158.36 23 32 1
195 47.24 13.41 29.20 72.98 17 42 2
196 29.58 15.81 21.87 373.44 21 46 2
197 49.47 5.11 20.22 369.80 24 39 2
198 41.72 75.12 35.28 488.00 15 46 2
199 41.11 7.52 37.89 268.64 18 31 1
200 80.70 59.38 22.86 272.13 21 35 1
201 21.20 9.88 9.76 368.52 14 29 1
202 3.87 8.71 25.30 210.03 17 48 2
203 66.46 35.46 27.64 158.19 11 32 2
204 68.55 63.75 49.71 357.59 20 35 1
205 3.80 44.39 25.98 409.73 16 16 2
206 1.04 12.52 38.98 496.52 16 22 2
207 88.97 37.31 35.67 231.15 8 10 2
208 90.58 94.19 25.24 481.42 16 28 1
209 48.01 31.90 49.12 140.25 6 12 1
210 70.47 13.62 3.90 92.39 15 39 1
211 61.67 68.93 17.41 430.75 3 5 2
212 18.99 68.48 14.79 359.63 12 33 1
213 74.45 40.13 45.59 486.78 19 42 1
214 64.44 36.68 2.53 321.41 19 41 2
215 91.14 57.04 5.14 327.87 18 32 1
216 51.17 95.39 18.67 331.18 15 28 1
217 13.11 28.50 8.66 138.37 21 34 2
218 2.07 64.11 20.03 280.56 18 19 2
219 61.28 24.25 49.66 249.95 5 7 2
220 12.08 81.01 24.56 210.40 14 38 2
221 70.68 27.27 47.65 289.29 1 40 2
222 51.97 65.13 24.38 415.37 3 46 1
223 74.38 62.54 35.84 209.67 18 31 1
224 49.77 5.42 29.47 359.91 22 34 1
225 94.36 46.08 43.81 144.29 12 29 1
226 72.84 12.33 16.33 220.09 8 17 2
227 44.33 14.74 49.16 319.29 12 41 1
228 64.68 46.00 28.99 325.46 13 26 2
229 10.38 83.40 25.94 323.94 10 43 2
230 89.16 22.34 1.01 236.28 18 45 1
231 28.73 90.25 45.43 385.94 21 33 2
232 40.90 87.41 25.76 115.94 11 29 1
233 97.30 29.55 42.99 159.29 16 36 1
234 64.04 40.26 16.63 229.19 19 46 2
235 94.23 52.35 11.49 249.16 1 45 2
236 32.47 27.33 38.87 397.42 18 20 2
237 57.70 84.26 6.42 447.35 24 41 2
238 40.82 15.84 47.43 51.84 0 46 1
239 71.14 63.55 11.56 220.07 7 43 2
240 98.71 9.97 6.97 400.76 7 46 2
241 47.04 33.38 11.96 163.61 13 18 1
242 39.27 51.57 33.70 66.41 10 28 1
243 26.84 82.88 31.88 316.82 2 30 1
244 0.96 90.73 44.53 78.65 8 26 2
245 1.45 95.06 27.92 159.40 9 37 2
246 31.36 40.30 47.45 102.21 0 14 2
247 2.39 52.41 9.31 269.45 16 37 2
248 87.55 45.64 26.36 190.80 2 10 2
249 36.86 86.45 0.87 426.26 0 32 2
250 5.10 57.00 21.59 226.26 24 44 2
251 12.14 72.77 45.86 135.63 7 24 1
252 58.22 44.68 44.05 271.43 17 30 1
253 83.65 10.60 25.62 60.82 4 39 1
254 11.69 26.64 11.92 72.80 21 41 2
255 2.65 13.91 14.15 210.75 13 41 1
256 35.14 18.93 43.55 219.57 0 3 2
257 9.45 48.32 25.40 304.86 19 26 2
258 17.98 91.78 2.48 253.38 15 42 2
259 40.12 39.96 24.77 83.24 4 47 2
260 83.21 89.27 45.57 289.46 19 33 1
261 19.94 85.59 16.65 136.15 23 42 2
262 22.49 31.41 13.88 111.07 16 36 2
263 76.51 97.98 49.60 404.73 14 30 1
264 50.20 34.22 9.79 288.70 19 32 1
265 70.95 69.04 34.10 121.71 13 31 1
266 93.10 27.52 4.49 472.99 9 30 2
267 71.90 58.42 7.39 485.19 19 33 1
268 24.74 81.50 41.37 290.83 13 39 2
269 77.89 56.56 8.84 353.81 2 26 2
270 57.33 80.26 33.27 108.50 21 25 1
271 32.85 41.35 2.88 330.57 0 24 2
272 0.93 24.81 34.45 380.68 0 5 2
273 23.05 95.54 35.21 442.42 4 37 2
274 38.34 15.98 33.86 52.57 20 35 2
275 82.20 21.46 15.58 273.46 17 24 1
276 52.82 24.78 42.95 291.44 4 39 2
277 82.44 37.72 48.84 296.36 4 48 2
278 81.84 62.49 49.72 145.50 17 24 2
279 69.76 45.75 31.83 273.48 1 26 2
280 45.98 8.74 45.41 345.58 14 35 1
281 94.82 89.94 38.44 227.64 10 28 1
282 55.86 27.95 0.21 294.59 23 28 1
283 21.94 11.35 26.65 426.31 0 1 2
284 93.21 30.60 29.09 285.19 23 32 2
285 14.75 92.68 16.51 172.27 18 47 1
286 15.79 40.29 7.46 297.02 12 19 1
287 91.03 38.03 47.21 387.81 18 31 1
288 44.68 63.39 4.93 445.82 12 13 1
289 57.48 91.10 20.59 191.53 8 33 1
290 86.66 2.77 0.92 66.68 24 32 1
291 47.37 52.21 5.63 382.26 3 36 2
292 0.93 62.75 11.53 83.13 5 23 2
293 81.77 74.81 33.60 359.45 16 39 2
294 26.35 38.41 48.05 367.22 14 20 2
295 53.60 46.73 49.79 386.89 16 28 1
296 95.15 19.96 11.02 241.75 22 32 2
297 79.09 5.82 43.90 94.04 3 27 1
298 5.26 77.00 12.30 73.02 6 40 2
299 9.64 60.63 47.03 415.24 11 41 1
300 97.36 76.71 19.95 300.26 2 18 1
301 32.15 47.14 19.10 310.98 24 27 1
302 90.32 25.83 47.13 393.56 13 37 2
303 90.36 51.66 29.78 264.02 12 27 1
304 5.08 48.33 30.24 220.34 21 27 2
305 73.28 1.01 39.04 203.22 22 22 2
306 58.04 35.20 38.13 69.61 22 31 1
307 4.58 3.70 11.61 454.52 15 42 1
308 45.03 27.80 32.21 189.04 23 32 1
309 57.84 67.23 25.77 304.28 23 34 2
310 62.37 72.25 41.23 278.01 15 39 1
311 50.52 20.56 28.93 293.19 6 23 2
312 82.28 62.76 37.21 216.93 23 41 2
313 47.73 69.35 10.35 404.91 7 47 1
314 49.05 11.86 21.18 429.30 11 18 1
315 97.35 42.88 40.96 242.38 20 29 1
316 71.97 33.98 27.43 54.17 10 39 1
317 61.77 82.62 35.68 219.29 4 32 1
318 79.44 49.74 30.10 64.62 2 32 2
319 47.62 91.25 23.71 210.63 4 39 1
320 21.08 87.23 47.66 237.91 23 37 1
321 44.47 68.60 47.41 305.27 0 47 1
322 24.50 12.10 3.54 374.58 2 46 2
323 98.98 76.45 20.31 167.32 13 24 1
324 36.60 52.43 34.68 209.79 15 27 1
325 36.06 52.63 0.83 365.66 0 43 2
326 94.16 77.84 37.34 194.53 9 26 1
327 18.50 32.39 40.18 240.97 21 44 1
328 51.06 33.53 1.79 80.44 5 38 1
329 50.09 92.92 20.01 57.34 20 31 1
330 34.98 99.44 25.02 400.70 2 32 2
331 37.57 26.63 1.39 142.65 2 22 2
332 58.60 52.45 3.94 133.91 5 38 1
333 41.39 0.03 33.53 97.29 23 40 1
334 43.62 0.99 16.83 117.62 7 34 1
335 98.48 71.36 39.31 117.59 7 18 2
336 4.74 33.51 20.49 384.85 16 38 1
337 97.49 61.43 34.88 193.29 24 45 1
338 64.01 92.33 7.61 124.34 18 47 1
339 50.50 45.47 46.99 190.31 8 39 2
340 20.18 47.68 43.45 233.04 5 43 1
341 91.72 6.66 44.94 466.50 11 22 2
342 78.23 2.40 13.09 116.16 15 23 2
343 7.93 39.40 19.09 249.64 20 39 1
344 0.80 94.60 31.59 189.28 7 11 2
345 66.35 99.55 31.10 263.21 17 38 1
346 24.30 93.56 31.54 446.63 1 46 1
347 53.58 33.37 49.32 492.46 11 29 2
348 51.40 1.32 43.63 70.05 19 19 2
349 74.85 59.57 41.98 349.58 11 34 2
350 56.81 78.70 31.19 92.35 19 40 2
351 87.26 67.75 42.03 348.18 6 10 2
352 85.94 29.14 29.05 389.90 19 40 1
353 67.51 64.50 35.48 210.75 5 16 1
354 36.54 71.58 27.93 255.92 20 20 1
355 95.84 48.32 24.18 299.14 9 45 1
356 91.17 94.93 8.67 108.48 18 47 1
357 53.18 59.92 39.70 107.40 9 45 2
358 57.41 18.05 2.79 454.15 21 31 1
359 54.25 73.56 10.26 209.87 13 45 1
360 45.31 15.81 19.18 77.84 10 16 2
361 15.87 13.52 22.54 453.93 4 7 1
362 11.02 98.39 0.41 255.39 4 15 1
363 25.49 2.15 22.53 249.12 16 47 2
364 83.95 83.42 35.77 486.61 7 10 1
365 63.21 62.63 41.85 271.50 17 29 1
366 11.11 87.88 34.39 261.02 9 27 2
367 6.84 93.82 49.59 155.86 22 23 2
368 57.90 30.05 18.54 226.20 17 44 2
369 88.23 88.86 11.23 193.85 6 33 2
370 70.23 42.41 7.98 234.41 8 36 2
371 56.55 78.38 38.97 276.99 7 10 2
372 91.51 24.02 27.71 375.72 23 42 2
373 81.86 22.18 40.12 333.35 22 32 2
374 96.55 49.25 20.07 436.34 7 28 1
375 25.45 87.76 11.99 225.03 13 33 2
376 20.14 68.13 3.36 394.76 13 46 2
377 12.39 1.43 8.17 437.12 0 36 1
378 61.33 10.77 49.72 285.19 3 45 1
379 52.88 74.09 25.02 303.86 2 45 2
380 16.47 37.66 34.92 309.41 11 33 1
381 75.37 81.13 24.74 424.93 17 43 2
382 88.98 17.51 20.19 306.10 20 35 1
383 5.50 6.04 47.12 457.70 23 32 2
384 9.42 86.95 28.49 282.54 17 26 2
385 21.32 79.10 1.69 194.95 17 22 1
386 9.27 43.72 29.87 272.68 22 45 2
387 65.37 71.72 17.94 466.54 21 33 2
388 20.10 75.07 1.39 398.21 6 7 2
389 35.64 28.64 11.15 84.42 0 5 1
390 78.92 62.02 12.53 79.11 20 31 2
391 18.58 7.63 38.41 474.94 11 30 1
392 37.98 14.64 41.51 230.33 1 25 2
393 86.04 41.48 38.37 449.03 1 14 1
394 4.64 70.96 30.61 156.96 22 34 2
395 64.45 61.12 26.10 261.73 5 11 1
396 7.52 92.46 8.25 329.34 6 29 1
397 48.80 54.70 14.78 60.37 10 14 1
398 60.49 95.22 5.51 394.79 16 32 1
399 83.88 66.62 38.62 290.19 10 46 1
400 27.90 0.79 25.10 58.34 2 14 2
1 165.27 3893.80 1
2 179.31 3926.06 2
3 113.01 3964.05 2
4 134.19 3878.27 1
5 145.07 3102.35 1
6 138.28 4202.32 2
7 126.37 3713.96 2
1 1.65 33.90 7
2 1.27 43.85 2
3 1.74 34.15 5
4 1.75 35.98 5
5 1.14 26.46 1
6 1.91 27.82 7
7 1.56 34.49 1
8 1.54 48.13 4
9 1.89 35.68 4
10 1.11 48.48 3
11 1.93 33.86 1
12 1.86 44.75 7
13 1.71 28.19 2
14 1.06 45.75 5
15 1.63 25.87 5
16 1.85 37.55 7
17 1.66 42.33 1
