Data for Vehicle routing problem with drones - Author: Huyen Do Thi Ngoc
Number of depots: 4
Number of cities: 200
Number of trucks: 9
Number of drones: 11
Area: 100 100 50
Customer maximum demand: 500
Max capacity of truck: 200
Max energy of truck: 5000
Max capacity of drone: 2
Max energy of drone: 50
1 12.88 35.06 3.53
2 74.59 25.74 36.98
3 48.49 6.13 6.94
4 58.67 9.72 9.33
1 10.25 59.98 20.13 472.43 8 21 2
2 43.66 48.53 17.96 359.29 4 11 4
3 0.05 75.02 49.10 343.17 5 30 2
4 6.06 83.37 4.78 137.47 16 16 4
5 87.30 2.44 41.71 200.00 16 32 2
6 83.69 15.79 29.47 361.89 7 19 1
7 46.91 57.92 30.13 418.16 0 40 3
8 25.41 56.07 42.66 230.06 8 45 1
9 85.94 3.67 34.20 319.04 16 17 1
10 73.38 42.59 30.55 382.04 22 34 3
11 35.19 90.72 42.24 92.31 13 16 1
12 97.95 73.84 44.01 63.18 13 14 4
13 19.32 86.27 10.91 207.65 22 35 4
14 97.04 22.80 31.94 411.36 19 25 1
15 94.92 43.42 3.86 398.94 23 25 2
16 29.62 60.57 42.40 416.73 14 23 1
17 37.56 63.15 32.56 393.35 10 34 4
18 36.70 9.32 47.43 233.42 19 19 3
19 66.03 80.28 5.09 263.17 8 18 4
20 18.54 30.99 12.14 320.37 15 18 1
21 48.43 43.64 13.24 253.18 2 22 1
22 59.10 5.66 25.16 477.08 16 24 3
23 2.16 74.54 29.78 414.60 9 12 4
24 81.19 84.92 27.29 119.44 6 43 1
25 6.36 61.46 6.22 393.46 3 48 3
26 26.66 44.65 7.80 300.46 7 47 4
27 14.66 53.10 21.87 240.96 17 35 1
28 28.85 63.19 42.01 416.61 3 29 1
29 34.68 94.15 14.32 385.80 13 42 2
30 13.56 10.73 48.64 74.00 14 45 1
31 79.83 88.09 41.56 123.40 11 11 4
32 41.71 85.79 24.78 155.69 13 20 3
33 52.10 60.60 26.37 128.27 8 24 2
34 48.06 68.77 25.75 402.70 12 19 1
35 37.06 47.58 3.88 71.14 20 23 2
36 96.79 49.89 9.16 266.69 4 40 4
37 67.48 75.27 9.24 68.94 6 35 1
38 96.55 30.42 1.34 249.43 5 19 4
39 33.95 85.74 10.68 112.36 7 22 2
40 71.11 12.48 45.94 161.85 2 46 4
41 42.83 87.65 42.57 101.61 24 30 4
42 25.50 90.44 36.68 142.59 11 39 3
43 35.41 52.34 31.63 225.87 20 23 4
44 36.75 79.48 36.29 51.56 18 39 4
45 19.02 92.45 40.87 456.65 6 32 4
46 43.27 80.21 46.75 53.65 24 24 4
47 78.15 18.75 21.73 464.61 24 34 2
48 57.40 72.40 7.55 299.69 17 40 2
49 31.53 3.50 12.42 299.70 14 26 2
50 8.39 9.59 3.22 181.87 7 30 4
51 54.68 93.39 1.10 340.15 0 20 3
52 5.77 77.84 0.00 272.28 16 33 4
53 3.43 67.73 17.66 109.55 7 25 3
54 51.00 81.08 47.48 446.22 7 16 4
55 14.15 42.44 30.60 86.46 9 11 1
56 87.39 20.29 31.61 147.02 7 17 2
57 10.30 16.99 44.95 169.41 4 33 1
58 57.80 76.76 47.14 389.23 8 26 4
59 26.15 78.01 0.36 165.56 5 33 1
60 62.16 97.49 20.29 214.51 12 21 3
61 45.60 44.49 31.31 129.21 23 33 4
62 78.82 91.47 41.89 307.76 0 22 4
63 51.13 97.52 48.42 237.66 3 15 1
64 57.23 25.31 30.82 428.12 16 17 1
65 24.60 54.09 17.39 463.65 10 34 2
66 78.38 41.38 30.89 59.05 20 22 4
67 29.64 52.96 0.92 478.91 24 43 4
68 18.28 40.60 2.11 445.12 4 41 4
69 99.18 77.30 27.00 275.61 6 17 2
70 97.07 17.28 33.96 128.51 19 46 3
71 24.50 84.08 45.60 337.79 2 26 2
72 17.15 94.08 34.71 126.59 1 31 1
73 91.05 30.98 39.47 439.42 11 44 2
74 92.49 72.69 22.49 290.87 22 32 4
75 11.50 23.52 47.72 407.18 1 25 3
76 13.41 57.39 23.33 100.39 23 38 2
77 88.08 4.29 3.63 413.27 2 39 1
78 20.93 55.64 18.10 156.93 16 19 4
79 31.50 91.59 37.89 141.23 0 45 3
80 59.74 49.55 2.31 303.01 21 36 4
81 13.69 42.59 4.50 65.06 4 21 4
82 51.80 54.23 48.46 224.24 4 42 2
83 43.16 61.22 12.38 405.43 8 43 1
84 7.67 97.76 44.99 379.13 1 5 2
85 42.48 42.83 24.32 359.19 14 30 1
86 76.96 39.16 16.87 129.28 9 30 3
87 2.58 85.83 29.21 325.26 18 35 3
88 49.99 34.55 1.00 188.94 1 1 1
89 42.29 32.82 33.24 424.01 22 30 1
90 55.14 16.18 5.04 309.54 20 44 2
91 31.00 98.28 8.96 318.89 14 45 4
92 28.76 72.09 29.30 110.76 5 5 4
93 50.22 6.17 9.32 72.99 21 35 1
94 86.39 56.50 8.94 481.96 10 24 1
95 66.43 50.63 30.13 381.09 8 38 1
96 83.88 53.87 13.73 254.51 10 17 2
97 0.04 92.58 25.17 444.30 7 44 1
98 98.97 62.51 47.77 187.61 0 30 4
99 12.85 29.90 19.43 294.27 8 27 2
100 6.67 33.43 18.85 300.72 19 19 2
101 34.80 64.39 25.12 471.04 15 30 4
102 58.16 19.17 47.22 155.04 15 44 2
103 76.00 7.24 46.20 132.77 10 44 3
104 72.18 51.59 25.90 217.05 22 22 2
105 39.48 68.54 13.57 188.28 4 5 4
106 66.98 43.90 30.97 126.07 3 30 4
107 78.52 92.42 39.00 141.74 9 23 1
108 11.52 6.28 36.03 67.70 12 46 1
109 38.98 23.71 24.79 490.91 0 42 4
110 98.13 16.08 41.59 277.54 14 19 2
111 97.96 47.87 36.85 312.75 8 41 1
112 82.30 95.26 32.35 286.83 8 42 2
113 40.99 97.68 35.80 286.48 10 41 4
114 39.65 39.65 42.51 222.60 13 44 4
115 77.41 26.71 5.48 333.56 5 20 1
116 12.27 80.90 14.80 171.34 3 21 1
117 19.26 76.59 5.54 363.99 3 31 3
118 45.35 16.63 5.98 474.13 24 31 3
119 78.78 28.88 20.17 395.79 12 17 3
120 3.43 56.85 43.79 398.94 22 23 3
121 38.62 90.86 10.03 264.30 8 14 1
122 79.45 85.38 14.53 72.89 8 36 2
123 26.13 85.85 11.05 410.34 3 27 2
124 25.28 9.78 31.37 418.73 4 6 2
125 86.96 99.11 7.55 152.15 10 25 4
126 78.27 16.01 35.98 143.62 1 19 4
127 22.02 21.61 30.21 421.12 9 45 2
128 23.80 82.12 7.13 55.49 6 48 1
129 35.51 45.66 11.69 186.85 16 30 3
130 66.77 70.47 5.85 490.78 7 10 4
131 19.15 75.69 14.45 126.94 4 12 2
132 49.23 1.87 27.36 378.61 20 35 1
133 65.40 32.73 39.59 142.78 1 12 3
134 28.49 87.24 20.84 411.95 22 27 4
135 59.46 34.60 40.82 277.99 12 41 4
136 14.21 26.56 39.24 230.70 17 27 4
137 37.50 32.14 30.01 241.05 3 35 3
138 61.92 52.86 14.27 61.44 18 41 3
139 1.54 32.70 41.69 100.78 10 33 3
140 90.59 81.62 17.15 190.44 8 28 1
141 95.68 25.23 17.69 376.05 12 12 4
142 47.76 94.71 27.54 202.41 18 39 3
143 23.23 91.61 48.92 102.59 8 38 3
144 45.11 95.75 25.06 392.36 14 44 1
145 78.08 90.88 16.67 237.86 24 28 1
146 86.61 36.26 9.73 142.44 7 22 3
147 79.04 73.06 27.41 482.84 6 33 1
148 12.11 59.10 17.19 306.99 6 28 1
149 47.81 75.97 45.44 103.70 24 33 3
150 68.51 86.45 22.98 367.57 0 29 3
151 46.41 10.69 32.51 462.10 17 43 4
152 48.92 82.03 20.06 400.48 21 45 2
153 77.84 6.11 30.12 66.73 8 14 2
154 30.56 36.77 21.18 128.02 0 7 1
155 20.44 9.76 0.63 411.73 8 20 3
156 66.70 67.88 22.51 419.38 8 47 3
157 45.86 92.01 35.19 224.08 13 23 1
158 31.18 17.26 27.09 51.46 14 44 3
159 67.41 41.71 45.57 329.08 6 10 4
160 74.69 35.95 29.47 450.59 9 45 1
161 62.52 17.05 4.86 169.22 14 30 3
162 4.50 48.79 26.82 404.65 6 7 4
163 8.30 98.41 40.55 423.65 24 43 2
164 74.37 88.96 0.80 117.39 7 20 2
165 51.77 27.83 33.48 358.47 17 22 4
166 40.41 95.79 22.36 417.67 6 20 4
167 56.45 9.69 27.25 451.66 15 43 3
168 27.89 26.62 46.67 472.05 19 19 3
169 5.97 91.21 49.68 319.48 4 45 4
170 24.34 98.06 31.54 141.17 5 44 2
171 98.25 80.75 8.28 236.34 2 21 2
172 23.98 37.42 25.76 59.60 13 21 2
173 86.85 56.06 8.47 181.02 4 18 2
174 98.86 97.00 20.60 367.82 9 24 4
175 44.65 83.16 47.45 381.50 23 30 3
176 12.82 83.18 2.35 162.66 22 43 4
177 10.25 98.44 18.69 376.23 3 20 4
178 73.65 24.97 30.43 200.01 22 24 3
179 84.42 27.47 15.99 267.02 21 48 4
180 92.23 31.19 19.61 301.89 13 13 3
181 86.08 66.43 9.20 160.44 19 36 4
182 47.21 19.83 36.44 371.60 16 28 4
183 6.75 88.12 45.73 149.45 6 7 2
184 51.12 79.12 46.85 295.42 5 7 1
185 10.91 95.52 2.44 52.78 14 45 4
186 26.27 94.94 38.43 358.71 23 45 3
187 54.28 14.90 10.32 373.12 8 12 3
188 85.89 15.37 47.79 376.00 6 34 1
189 98.79 0.56 13.42 297.82 16 27 2
190 3.90 47.25 1.05 468.93 16 16 4
191 40.06 16.30 7.10 71.94 1 1 2
192 31.76 25.25 2.28 227.20 18 35 4
193 5.15 84.56 49.77 493.41 12 14 1
194 34.18 95.17 29.14 466.81 21 37 1
195 38.81 92.44 8.88 165.65 16 34 2
196 36.39 12.93 21.54 207.79 5 12 3
197 82.88 95.03 4.28 57.55 9 13 1
198 47.56 8.67 27.10 259.75 15 48 1
199 85.44 39.10 36.42 437.07 15 23 2
200 54.59 49.96 14.79 492.95 5 43 4
1 125.70 3696.16 1
2 188.11 2845.71 2
3 113.13 3914.79 3
4 187.58 4625.03 4
5 113.48 3065.45 2
6 162.12 3281.89 3
7 114.85 4632.76 4
8 179.96 3793.63 1
9 129.08 3211.41 1
1 1.15 48.17 8
2 1.47 48.92 7
3 1.91 30.62 6
4 1.64 44.63 4
5 1.03 44.06 3
6 1.99 28.26 8
7 1.13 36.42 4
8 1.06 25.26 4
9 1.29 36.09 3
10 1.26 28.57 7
11 1.36 34.21 2
