Data for Vehicle routing problem with drones - Author: Huyen Do Thi Ngoc
Number of depots: 4
Number of cities: 500
Number of trucks: 7
Number of drones: 10
Area: 100 100 50
Customer maximum demand: 500
Max capacity of truck: 200
Max energy of truck: 5000
Max capacity of drone: 2
Max energy of drone: 50
1 83.67 20.83 17.43
2 7.57 0.67 23.20
3 49.63 94.35 49.08
4 66.96 1.77 27.30
1 67.51 69.70 1.15 350.76 19 21 1
2 19.99 36.93 1.86 440.38 0 16 3
3 80.12 22.07 7.03 461.38 18 31 3
4 70.35 12.15 24.14 362.99 21 42 4
5 84.19 70.20 19.54 416.16 2 32 3
6 38.29 43.13 2.21 101.04 8 29 3
7 58.02 63.93 12.84 76.23 4 43 3
8 84.41 80.80 4.12 328.50 6 39 2
9 98.24 93.38 28.62 80.40 4 22 2
10 22.95 15.80 20.99 123.58 8 26 2
11 25.52 84.22 26.15 402.56 22 23 4
12 81.36 59.21 37.08 324.86 12 36 4
13 28.08 52.64 24.52 393.70 4 31 4
14 81.66 97.20 14.66 52.23 24 47 4
15 66.98 13.81 9.50 325.97 22 32 4
16 64.22 77.40 49.32 449.52 10 39 3
17 93.32 1.91 26.40 423.31 6 11 2
18 11.85 93.16 45.94 454.57 24 39 4
19 41.80 18.57 11.70 306.99 3 3 3
20 43.24 90.03 45.47 440.96 15 17 1
21 23.81 89.55 45.23 453.37 21 43 1
22 51.65 91.81 25.33 468.53 24 47 3
23 52.27 58.45 8.41 432.50 15 38 3
24 84.84 75.17 7.80 67.35 3 19 3
25 42.15 55.62 39.19 210.53 18 37 1
26 83.05 45.13 19.90 283.17 12 29 4
27 22.50 80.34 43.56 236.40 22 24 2
28 58.08 66.26 27.38 405.26 1 39 2
29 42.79 28.73 29.31 244.75 24 39 2
30 44.94 64.26 3.12 416.40 19 48 1
31 2.57 62.10 27.45 105.39 10 11 4
32 7.66 80.52 31.12 478.09 24 38 2
33 67.06 54.16 19.89 331.93 13 43 4
34 37.55 46.97 22.26 442.85 15 24 2
35 80.84 39.15 48.79 436.11 1 18 3
36 15.94 40.65 40.70 255.03 5 5 4
37 45.01 26.21 24.70 440.48 2 12 3
38 56.14 53.08 46.08 410.95 15 22 3
39 95.45 25.99 39.64 459.11 4 44 1
40 8.32 4.74 21.92 456.58 16 46 3
41 24.19 2.72 13.58 305.44 18 37 1
42 32.03 29.04 33.09 322.71 24 39 1
43 66.62 48.25 35.03 69.90 23 31 1
44 25.58 44.39 25.23 130.07 2 23 1
45 15.52 47.83 29.79 264.54 2 16 4
46 13.76 24.19 38.88 452.72 7 35 1
47 43.72 16.20 29.14 434.44 1 10 1
48 93.89 62.75 11.85 373.57 16 25 3
49 3.38 80.97 18.71 395.37 11 12 3
50 33.78 99.35 4.32 325.62 0 18 1
51 15.95 66.55 35.46 412.88 13 42 1
52 35.48 88.95 43.22 133.91 0 13 4
53 90.50 27.08 24.84 318.43 21 37 3
54 13.87 56.26 11.15 226.72 22 47 2
55 38.26 58.40 17.29 396.52 3 19 1
56 53.28 47.19 7.98 203.35 15 37 2
57 29.57 9.46 4.91 295.98 11 13 2
58 17.41 65.36 42.91 251.22 2 44 2
59 35.67 3.38 3.44 414.07 1 21 3
60 41.46 35.60 28.56 247.15 4 38 4
61 78.55 35.44 12.67 301.01 1 47 1
62 75.59 63.51 28.26 387.26 7 42 1
63 55.50 92.82 4.19 354.02 9 12 4
64 81.24 23.08 45.04 177.65 22 48 3
65 47.60 48.03 48.56 60.82 15 40 4
66 7.67 59.62 41.68 90.11 0 6 1
67 10.96 36.29 0.95 269.24 15 42 2
68 9.76 54.47 14.11 412.13 23 33 2
69 96.78 99.58 4.32 187.45 18 35 1
70 11.95 2.94 31.29 147.22 15 45 3
71 83.45 43.29 35.27 350.26 10 38 1
72 60.94 85.19 48.74 204.20 23 35 1
73 25.09 26.42 26.29 451.57 22 30 3
74 56.05 1.89 36.03 426.96 18 40 4
75 91.17 46.26 48.51 432.86 15 32 1
76 13.90 84.66 3.34 329.34 12 25 3
77 23.54 84.11 17.22 326.98 15 18 3
78 68.23 20.36 10.05 396.73 3 11 4
79 80.14 43.19 14.33 215.29 12 21 4
80 98.49 10.79 19.57 359.89 9 21 4
81 99.28 29.67 19.52 285.64 13 29 4
82 83.51 72.22 5.29 410.11 24 26 4
83 0.42 91.62 3.88 392.69 16 17 1
84 96.48 26.18 25.10 223.84 9 25 3
85 32.97 4.43 49.03 406.25 3 19 4
86 24.36 55.41 29.67 197.31 16 43 3
87 25.32 82.57 29.61 156.62 15 43 3
88 84.11 43.15 21.56 380.05 3 46 4
89 32.17 73.66 15.60 386.72 1 31 3
90 81.59 92.02 23.73 196.03 21 23 1
91 53.44 48.74 39.59 207.96 15 43 4
92 17.29 48.66 39.98 414.19 10 48 2
93 63.81 35.62 30.62 452.60 1 24 3
94 83.90 48.02 43.13 176.24 4 32 2
95 48.38 64.30 47.82 107.21 13 21 3
96 34.47 80.86 35.84 276.06 2 39 1
97 91.96 62.03 38.55 413.29 5 36 3
98 84.75 43.60 29.48 324.35 23 33 1
99 79.41 50.83 28.31 304.65 6 31 4
100 96.35 89.44 16.41 218.62 1 20 3
101 80.15 13.01 34.42 294.68 17 48 2
102 47.39 66.27 18.16 263.78 1 26 3
103 63.09 40.69 9.18 222.38 15 36 4
104 7.57 11.62 20.35 217.64 23 30 2
105 91.69 18.77 43.59 364.70 0 12 1
106 92.11 8.11 44.09 470.27 10 34 4
107 78.03 33.30 36.45 188.25 23 26 4
108 65.82 31.00 42.81 464.19 6 14 4
109 36.77 67.05 38.79 414.19 20 33 2
110 84.41 47.72 26.07 464.87 18 21 2
111 86.77 67.58 31.10 354.88 3 46 2
112 80.68 16.00 34.92 80.46 0 22 4
113 51.79 3.07 22.85 214.38 4 47 2
114 24.10 44.36 10.53 244.43 21 45 1
115 15.05 42.17 43.80 255.01 9 37 1
116 97.37 58.86 33.39 57.48 23 33 1
117 16.28 56.23 29.44 260.89 2 30 1
118 70.03 7.35 33.99 57.59 18 30 4
119 80.30 21.45 46.75 323.08 18 25 4
120 86.40 21.84 6.56 94.56 0 16 4
121 14.88 76.13 11.56 63.45 9 39 3
122 75.23 8.29 25.40 58.02 0 9 3
123 28.46 33.81 14.89 290.47 16 18 1
124 57.45 11.67 27.05 468.84 11 42 2
125 26.63 68.86 30.64 54.86 9 45 3
126 69.18 38.75 6.60 118.91 15 23 2
127 63.90 33.04 17.43 263.73 8 39 2
128 69.14 43.79 25.49 395.30 22 48 3
129 75.52 32.50 12.47 239.86 2 39 2
130 67.25 0.80 49.56 337.39 23 24 1
131 65.58 75.84 12.68 57.69 24 38 2
132 43.26 51.83 19.03 193.74 8 41 1
133 53.87 87.90 49.96 486.98 12 47 4
134 32.86 2.26 5.36 471.17 5 34 3
135 87.59 76.06 30.58 318.39 24 35 1
136 59.55 39.25 18.77 348.69 11 27 2
137 55.01 66.43 9.75 220.05 11 22 3
138 40.34 63.15 13.50 268.15 9 40 3
139 82.68 12.87 27.96 281.63 10 42 4
140 49.12 18.49 46.17 56.55 16 41 4
141 53.63 60.41 8.99 339.92 8 21 2
142 20.00 31.49 28.04 101.09 6 19 1
143 53.25 52.93 13.39 314.73 5 28 1
144 50.34 0.58 26.83 455.93 6 27 1
145 47.71 84.60 23.44 499.93 1 43 4
146 92.55 36.42 44.16 170.67 4 32 4
147 51.02 38.74 43.55 264.88 9 35 4
148 65.48 1.93 43.83 433.22 0 46 2
149 84.61 90.88 42.19 327.39 17 25 4
150 11.79 73.93 24.93 449.88 18 38 1
151 23.92 23.87 22.54 379.66 5 11 1
152 74.58 59.57 21.90 93.89 0 32 3
153 7.39 82.40 7.06 144.32 16 34 4
154 35.47 71.21 37.61 76.85 24 36 2
155 59.56 45.75 40.20 159.79 3 27 4
156 26.70 55.13 44.81 198.34 22 47 4
157 59.84 40.48 19.75 310.90 15 30 1
158 52.23 16.91 22.29 386.09 14 27 2
159 39.97 97.16 34.81 380.07 11 46 3
160 77.69 92.01 23.92 276.65 18 19 3
161 20.56 46.99 44.15 76.11 8 47 3
162 69.27 82.05 39.90 214.10 15 31 1
163 58.41 96.29 9.79 280.62 20 21 3
164 86.95 63.87 13.25 207.81 20 40 3
165 64.83 68.14 36.20 224.09 18 44 1
166 59.13 83.79 19.37 426.53 12 47 1
167 32.89 51.63 38.69 375.93 2 18 4
168 96.92 21.06 28.34 412.93 11 22 1
169 40.72 61.02 22.75 456.60 14 37 3
170 85.77 74.60 31.11 191.38 6 43 3
171 52.77 97.45 5.14 54.64 22 25 2
172 3.38 93.45 25.00 497.19 4 26 1
173 41.67 37.98 3.98 225.78 10 35 2
174 38.89 4.70 39.96 374.83 18 23 4
175 55.77 27.74 39.88 430.32 1 10 1
176 79.73 98.46 31.83 269.89 9 42 2
177 84.05 50.45 47.33 320.59 8 25 4
178 80.76 85.54 1.83 212.79 9 42 2
179 55.83 85.86 47.38 99.31 22 37 1
180 93.80 20.67 24.47 431.52 8 37 2
181 45.05 87.34 25.98 69.88 3 35 4
182 0.96 20.29 13.12 282.98 24 46 4
183 75.09 19.73 29.06 453.54 19 30 3
184 73.40 35.72 23.61 426.11 9 24 1
185 57.66 84.06 19.46 306.29 3 16 1
186 99.23 54.35 23.57 120.36 12 36 4
187 58.75 26.47 3.99 322.68 24 37 1
188 29.41 46.98 31.00 256.64 14 32 1
189 62.96 68.76 40.62 72.02 6 35 4
190 27.28 53.71 47.90 66.60 24 43 4
191 4.40 91.27 22.24 242.32 17 44 4
192 72.00 11.10 24.92 425.10 19 37 2
193 74.73 90.32 34.65 397.29 12 21 1
194 92.35 65.72 49.82 79.99 6 42 1
195 79.44 62.34 21.17 153.31 24 33 2
196 96.18 85.21 18.63 234.92 13 15 2
197 32.03 25.06 43.77 414.66 17 17 3
198 51.03 11.43 11.96 261.33 5 37 4
199 6.03 55.03 42.04 478.99 7 47 1
200 33.42 35.30 12.04 124.39 1 19 3
201 47.18 59.05 7.10 82.63 16 42 1
202 60.82 53.17 14.51 75.76 6 6 4
203 45.78 96.30 19.00 404.43 17 47 4
204 99.68 75.14 33.15 463.17 7 17 3
205 60.87 66.67 36.32 62.85 17 24 3
206 80.36 37.87 37.75 234.73 15 28 1
207 27.56 93.19 19.14 85.31 23 41 4
208 44.95 93.08 17.57 401.45 13 47 1
209 45.66 48.19 8.25 129.65 20 22 3
210 65.08 53.00 28.80 164.86 8 43 1
211 60.47 4.87 30.24 252.82 23 38 4
212 13.37 22.69 0.19 410.08 10 21 1
213 54.29 44.56 24.59 281.95 11 43 2
214 36.20 42.52 33.49 483.23 22 40 1
215 14.40 9.19 31.35 217.32 6 33 3
216 48.47 41.88 33.87 120.90 17 44 3
217 61.93 43.59 34.60 481.74 8 39 2
218 78.16 2.14 44.30 291.15 3 20 1
219 20.87 31.63 2.93 350.70 20 22 4
220 78.24 14.10 41.70 406.62 6 16 3
221 9.75 35.01 32.58 98.82 17 36 1
222 65.60 10.51 35.74 429.13 9 39 3
223 87.85 90.71 28.09 307.35 0 42 2
224 85.28 71.72 31.10 429.72 19 44 2
225 49.44 93.52 20.43 373.05 21 30 1
226 12.52 93.95 29.98 484.97 10 14 2
227 1.24 8.43 27.47 115.96 9 43 3
228 52.81 11.45 2.45 145.44 11 11 2
229 70.65 10.53 47.36 415.72 19 41 1
230 20.32 71.89 26.21 162.29 15 28 1
231 43.22 38.43 46.21 321.65 12 18 4
232 7.85 18.81 7.88 98.62 6 18 3
233 6.00 74.02 30.61 460.99 17 41 3
234 8.87 68.35 20.84 254.38 14 47 1
235 66.18 22.27 41.05 496.33 20 41 3
236 20.40 78.41 1.51 250.45 0 45 3
237 56.50 19.30 44.58 220.82 24 33 2
238 64.59 82.12 35.05 59.23 11 47 2
239 62.47 26.80 15.63 347.92 12 41 1
240 87.13 53.24 29.40 376.80 4 20 1
241 4.48 28.98 34.80 174.08 23 25 2
242 45.18 53.50 37.14 234.10 19 47 1
243 69.35 10.36 30.94 194.14 5 46 2
244 37.00 75.07 24.39 134.52 22 43 3
245 13.26 86.26 46.64 455.64 6 21 3
246 11.64 80.64 3.28 109.73 11 48 3
247 1.73 54.52 18.85 282.99 19 29 1
248 22.38 13.80 48.29 174.17 13 32 2
249 35.51 49.36 28.35 403.10 11 32 4
250 61.65 70.54 14.41 235.52 11 17 4
251 88.81 40.23 32.42 395.25 24 27 2
252 69.58 80.87 19.20 70.04 23 30 3
253 53.25 87.24 21.17 380.36 2 19 2
254 68.07 3.51 9.35 285.40 14 16 3
255 14.51 15.01 15.45 132.55 12 32 2
256 30.53 20.41 49.57 328.15 4 6 4
257 48.45 65.77 29.45 213.31 11 27 1
258 43.09 90.71 49.17 218.78 21 35 1
259 33.55 25.98 29.99 269.16 18 36 1
260 73.04 65.07 17.83 333.82 0 11 4
261 92.13 15.12 17.49 377.54 2 8 1
262 2.24 94.86 20.09 202.95 14 45 4
263 56.24 16.40 46.15 259.67 9 35 2
264 24.17 37.44 33.32 146.61 9 42 2
265 93.46 90.74 7.16 458.55 16 38 1
266 43.82 93.76 1.91 67.47 22 42 4
267 3.06 12.35 6.68 203.70 5 44 2
268 4.34 42.63 24.26 497.35 22 37 3
269 62.15 29.63 47.47 479.45 8 22 2
270 78.07 63.57 6.43 200.65 1 12 4
271 78.78 84.71 1.03 163.51 9 21 4
272 85.51 86.98 12.90 384.52 24 38 3
273 2.49 98.57 23.76 213.08 23 37 2
274 54.55 92.46 43.02 438.03 13 24 2
275 95.51 41.47 9.03 273.62 14 32 4
276 16.58 81.48 2.23 208.89 4 18 1
277 38.10 87.25 2.24 84.86 7 14 1
278 89.21 48.84 40.68 484.12 21 24 4
279 35.77 33.36 13.77 360.30 10 18 2
280 70.66 13.67 26.99 440.24 8 30 3
281 55.15 44.53 46.47 335.71 13 38 1
282 31.00 7.07 27.48 156.28 9 48 1
283 11.28 56.27 23.37 89.49 14 29 2
284 28.13 46.83 11.61 372.37 1 24 3
285 3.28 99.09 35.02 399.63 11 25 3
286 56.88 4.26 23.74 474.77 18 48 1
287 80.66 90.37 19.00 430.04 18 38 3
288 36.99 18.22 18.58 56.96 6 12 1
289 22.84 69.80 18.90 139.28 17 17 4
290 59.13 90.89 11.59 254.31 17 45 3
291 13.20 66.98 9.29 379.73 19 48 3
292 55.08 65.15 18.65 90.33 2 48 4
293 33.37 34.02 41.03 490.67 24 30 2
294 94.15 42.15 5.54 72.11 1 2 4
295 99.52 76.05 30.15 480.84 1 31 2
296 29.74 97.19 0.80 472.88 4 32 2
297 16.83 5.25 13.36 334.07 1 1 4
298 74.91 84.29 26.71 360.67 22 41 1
299 43.68 18.13 29.60 451.68 6 45 2
300 89.47 24.05 10.69 399.66 18 29 1
301 42.03 27.64 9.58 83.26 23 30 4
302 93.92 63.67 5.56 466.12 19 32 1
303 97.69 54.04 46.40 84.99 5 32 2
304 14.79 46.83 27.17 477.02 14 35 1
305 51.52 48.03 34.02 361.29 23 33 2
306 87.72 97.25 8.22 101.47 18 45 3
307 20.72 83.29 1.23 226.98 24 43 1
308 27.81 12.31 8.85 444.68 13 47 2
309 17.98 34.75 19.03 314.36 12 46 1
310 44.81 6.99 41.87 110.33 14 29 3
311 51.71 4.80 35.88 240.32 16 32 2
312 88.34 76.90 0.04 463.25 22 41 2
313 27.83 44.35 24.57 299.85 13 18 1
314 40.51 33.34 48.76 180.66 10 31 3
315 67.73 43.60 24.57 79.50 8 43 3
316 34.75 96.55 30.54 126.96 11 37 1
317 63.54 44.87 23.57 77.50 6 17 2
318 59.20 53.51 44.66 428.05 19 23 3
319 88.03 9.85 32.81 477.14 20 25 3
320 64.13 14.93 8.10 271.81 3 26 4
321 94.49 4.97 49.94 188.16 23 27 2
322 11.97 24.16 12.63 458.18 9 12 3
323 16.37 85.05 29.92 123.01 24 26 1
324 14.98 59.35 22.27 276.67 3 23 4
325 73.93 14.90 10.48 378.69 11 23 3
326 10.24 68.06 12.03 329.21 1 22 1
327 71.40 74.68 23.28 99.53 0 27 3
328 86.58 34.24 43.12 341.86 20 29 4
329 19.88 3.69 37.69 469.08 15 29 2
330 69.08 32.35 32.30 494.32 4 30 1
331 85.75 15.32 10.82 171.76 9 18 3
332 26.11 28.73 5.37 136.00 11 44 2
333 50.23 63.64 40.62 195.58 12 19 4
334 95.32 95.46 43.44 252.71 11 27 2
335 7.63 77.30 24.08 359.21 15 18 1
336 72.86 21.38 33.59 112.98 6 33 4
337 75.32 91.49 12.11 459.12 22 46 1
338 86.56 4.77 11.68 110.66 12 26 1
339 4.26 53.66 49.30 70.45 6 22 3
340 86.55 89.29 2.74 468.65 21 38 3
341 84.05 35.95 13.19 333.03 14 35 3
342 5.05 49.98 24.45 225.23 19 35 1
343 43.08 76.36 17.53 253.63 9 9 2
344 41.80 26.68 13.99 374.81 18 38 1
345 83.24 24.51 33.86 370.12 12 18 1
346 87.63 71.42 30.97 184.81 17 30 2
347 72.95 52.07 36.61 480.36 9 10 4
348 81.87 93.84 5.64 427.24 19 43 3
349 20.54 61.19 37.31 74.05 19 32 4
350 20.69 89.24 39.16 271.66 15 24 3
351 14.20 21.92 15.72 244.98 9 39 2
352 6.34 33.77 38.25 497.72 12 14 4
353 96.31 55.55 41.43 82.21 19 43 4
354 44.70 26.37 15.27 172.45 4 26 4
355 9.41 82.34 34.68 189.77 7 7 1
356 58.81 83.09 21.46 325.94 20 26 4
357 16.69 57.95 31.72 364.48 15 33 3
358 25.36 57.28 44.06 466.56 20 30 1
359 40.25 10.66 33.61 493.66 23 23 1
360 43.45 81.31 9.45 241.99 0 11 1
361 76.29 93.68 35.04 161.71 20 37 2
362 15.77 80.67 36.14 208.93 1 27 1
363 97.98 92.94 11.54 250.00 22 28 1
364 34.15 87.98 39.38 404.81 0 29 3
365 80.74 97.58 22.59 487.02 12 20 4
366 67.14 56.99 2.70 275.00 21 21 2
367 4.80 37.42 25.96 91.28 0 27 3
368 77.07 32.05 22.30 404.89 15 48 4
369 53.25 2.79 46.50 241.67 15 36 1
370 48.42 40.55 44.93 52.26 20 45 3
371 78.44 45.52 4.80 55.79 13 48 2
372 19.05 61.34 17.63 471.93 2 42 4
373 59.38 98.90 24.05 115.81 19 42 3
374 21.56 89.66 25.05 109.76 14 27 2
375 62.68 30.35 37.03 56.16 4 33 2
376 2.13 65.86 38.37 97.57 16 47 1
377 47.39 53.70 29.95 63.98 20 45 2
378 42.47 7.14 14.84 349.45 23 38 2
379 6.55 94.63 41.58 382.36 15 27 1
380 23.87 61.36 14.40 298.99 19 42 2
381 84.54 78.17 12.82 268.02 2 44 4
382 48.82 43.63 8.21 56.44 10 47 4
383 21.78 84.73 10.26 226.40 13 15 4
384 26.84 64.05 4.06 211.11 20 43 2
385 36.23 15.93 32.88 485.37 6 31 3
386 75.68 49.14 7.90 355.94 4 42 3
387 32.46 65.97 33.82 275.85 16 21 4
388 37.90 79.75 19.01 368.52 8 23 4
389 33.75 29.89 28.13 424.07 12 43 1
390 70.70 78.27 22.57 98.01 22 43 1
391 51.48 33.10 39.33 343.93 21 28 2
392 52.14 46.01 10.20 171.67 12 33 3
393 94.80 26.68 15.33 326.11 23 30 1
394 90.20 3.00 35.51 439.53 4 5 3
395 6.30 96.95 21.33 236.95 8 29 2
396 23.54 66.43 43.12 70.05 6 28 2
397 28.89 22.49 33.18 204.53 9 48 4
398 84.93 87.48 5.07 237.15 6 12 3
399 15.29 61.07 41.65 191.71 9 18 1
400 72.92 40.85 43.55 172.13 20 43 3
401 1.05 91.19 19.68 345.05 21 47 2
402 10.73 49.81 37.27 340.42 15 44 2
403 34.16 96.99 30.42 327.59 18 44 4
404 96.61 61.04 32.68 129.96 11 39 2
405 54.88 21.21 22.82 54.70 8 41 3
406 99.24 4.51 35.92 259.01 17 35 4
407 57.85 31.84 23.14 467.14 23 29 2
408 2.95 70.06 23.00 105.84 19 19 3
409 10.80 60.46 27.38 287.58 6 16 2
410 2.56 47.13 2.73 79.73 15 41 2
411 6.91 38.75 49.50 149.41 12 47 1
412 81.23 16.01 35.08 443.52 17 28 4
413 51.43 42.18 42.17 328.74 4 19 2
414 61.46 27.13 2.82 313.31 7 44 2
415 82.26 46.33 3.07 231.54 10 32 3
416 87.32 91.32 31.85 150.74 9 21 3
417 68.59 18.06 32.59 75.64 3 6 3
418 97.00 77.47 35.36 98.50 14 48 1
419 43.87 72.57 10.19 409.71 20 24 3
420 3.76 15.86 7.33 339.29 11 38 1
421 8.62 46.67 41.22 464.38 5 28 3
422 78.48 95.61 29.64 308.17 8 41 1
423 70.47 45.32 1.81 433.82 14 35 1
424 62.98 70.12 44.20 279.15 4 35 3
425 85.33 97.82 28.83 150.31 9 26 2
426 56.56 0.97 9.77 322.57 1 41 1
427 46.79 17.40 17.22 319.66 2 29 3
428 52.95 81.57 27.43 431.35 9 14 1
429 25.15 69.86 44.40 153.18 15 43 1
430 14.52 98.26 8.62 270.29 6 12 2
431 53.44 97.76 14.98 221.64 24 37 4
432 34.16 28.24 14.74 98.33 8 45 1
433 76.97 78.95 35.96 92.59 10 10 4
434 85.25 68.79 31.51 64.43 19 33 4
435 27.70 8.06 49.37 227.83 17 24 4
436 58.62 6.52 37.64 302.99 20 20 4
437 63.17 11.44 26.94 295.38 3 37 2
438 4.65 66.63 30.02 367.18 24 35 4
439 35.92 29.10 4.19 443.53 12 46 1
440 11.63 69.88 24.25 364.68 5 46 4
441 12.60 54.76 14.30 466.55 10 47 3
442 12.15 49.36 15.75 479.06 9 27 3
443 36.21 3.87 5.90 254.44 16 30 2
444 21.28 65.44 20.61 311.44 12 40 3
445 12.85 69.78 9.69 289.44 18 30 4
446 52.12 50.05 48.98 393.23 20 41 1
447 4.95 10.70 16.62 265.19 3 4 3
448 23.39 43.80 44.94 460.56 0 44 3
449 72.65 63.09 0.25 225.32 10 35 2
450 80.28 39.50 35.06 199.24 23 41 1
451 5.62 46.87 38.05 125.36 21 21 3
452 40.73 89.46 31.01 83.04 16 38 3
453 55.70 46.92 45.91 493.51 22 33 4
454 83.33 75.72 34.73 455.46 15 37 1
455 31.28 57.09 4.04 382.46 5 44 4
456 3.83 53.36 24.13 134.68 20 24 1
457 9.87 30.55 43.71 427.09 16 24 4
458 72.90 29.75 2.15 408.55 22 23 4
459 3.92 44.80 24.07 177.54 16 37 1
460 41.69 65.04 15.46 370.01 19 39 4
461 34.48 84.89 39.50 320.73 18 21 2
462 69.65 31.26 34.65 132.03 16 34 1
463 76.27 64.65 0.82 303.99 2 5 2
464 27.53 70.29 40.62 482.68 10 23 4
465 4.53 77.60 44.70 103.33 17 39 2
466 39.07 29.14 10.89 252.30 2 42 3
467 97.37 18.68 36.80 346.07 3 3 4
468 9.82 61.58 39.89 55.85 15 38 1
469 36.43 8.18 10.73 480.74 3 33 3
470 0.10 0.60 34.54 71.34 19 27 2
471 69.57 14.87 46.39 379.69 22 48 3
472 67.17 35.95 38.40 151.12 8 20 2
473 87.22 6.04 0.40 284.70 13 45 3
474 44.69 94.00 1.58 59.12 3 18 1
475 19.26 8.12 40.46 182.82 21 38 2
476 66.59 34.86 8.43 240.79 22 32 3
477 33.96 97.69 29.55 84.76 17 41 1
478 52.96 10.05 25.08 456.59 7 45 4
479 56.67 33.45 0.58 318.78 22 30 4
480 62.86 26.69 16.91 169.52 23 40 1
481 56.11 29.21 0.99 141.40 22 29 3
482 20.78 75.74 20.44 476.71 2 22 1
483 79.04 19.38 46.57 431.79 2 41 1
484 73.28 31.38 46.95 391.03 22 28 1
485 73.90 15.10 18.92 219.59 6 39 4
486 81.71 82.13 24.29 244.42 3 47 4
487 55.52 46.69 3.79 144.38 19 43 3
488 78.00 74.38 47.67 60.84 5 31 4
489 81.58 23.03 29.91 99.24 14 35 4
490 6.50 3.82 33.85 115.50 16 24 2
491 28.50 19.11 46.15 270.57 20 31 2
492 4.48 94.61 45.88 135.40 7 13 4
493 96.73 17.94 33.55 354.87 7 26 1
494 53.99 22.20 8.68 320.10 9 44 3
495 95.21 15.75 40.62 436.16 13 35 1
496 27.56 89.08 14.85 469.89 22 41 1
497 54.54 75.34 14.74 197.66 21 30 3
498 38.35 29.08 36.97 344.88 9 35 3
499 41.79 45.83 30.96 490.20 13 37 4
500 84.27 39.88 0.85 119.43 17 47 4
1 179.77 3425.88 1
2 118.08 4208.38 2
3 190.20 2802.53 3
4 117.58 4199.91 4
5 122.00 4154.40 3
6 110.74 2540.50 4
7 100.40 3958.74 4
1 1.40 31.82 7
2 1.66 25.60 5
3 1.99 46.11 6
4 1.45 48.63 5
5 1.23 30.58 1
6 1.79 43.07 1
7 1.91 33.17 2
8 1.54 49.39 7
9 1.58 49.86 4
10 1.81 49.60 7
