Data for Vehicle routing problem with drones - Author: Huyen Do Thi Ngoc
Number of depots: 2
Number of cities: 300
Number of trucks: 7
Number of drones: 8
Area: 100 100 50
Customer maximum demand: 500
Max capacity of truck: 200
Max energy of truck: 5000
Max capacity of drone: 2
Max energy of drone: 50
1 28.91 70.54 49.37
2 33.50 60.48 10.26
1 22.85 19.09 4.47 403.62 1 25 2
2 98.84 23.18 27.16 69.22 18 47 1
3 3.99 24.66 40.46 354.27 7 31 1
4 5.73 73.94 14.92 379.38 7 18 2
5 89.01 1.00 16.95 327.36 17 44 2
6 4.97 14.36 31.16 244.57 18 26 1
7 97.21 98.20 42.71 433.11 19 46 1
8 38.36 19.25 4.15 442.70 13 48 2
9 6.60 15.05 15.02 361.40 20 27 2
10 21.14 7.88 30.63 224.75 13 25 1
11 82.58 44.52 40.02 457.10 13 37 2
12 39.56 44.95 49.46 310.25 16 37 1
13 12.21 6.89 21.17 140.09 8 47 2
14 25.81 0.65 42.35 71.69 17 30 1
15 43.82 24.99 24.30 300.35 21 26 1
16 91.26 74.86 38.89 422.51 20 27 2
17 13.72 20.23 40.81 226.97 24 36 2
18 2.20 10.27 20.95 461.95 4 42 2
19 51.33 51.62 20.33 120.01 9 17 1
20 26.22 0.02 37.55 63.24 16 29 2
21 62.04 62.77 29.94 100.25 11 38 1
22 41.22 46.83 11.23 445.82 5 40 1
23 47.21 42.89 29.96 195.41 1 14 1
24 68.99 54.19 43.93 102.52 13 32 1
25 36.83 2.46 2.96 436.91 10 34 2
26 17.39 57.72 9.18 415.35 10 20 1
27 87.58 31.27 29.00 121.83 6 24 2
28 53.67 23.93 2.05 347.14 15 44 2
29 65.83 89.20 34.31 459.77 17 47 2
30 85.00 65.20 36.24 431.03 5 39 1
31 12.70 84.24 7.78 71.44 4 42 2
32 66.54 45.58 37.20 497.10 3 30 2
33 98.65 58.29 8.56 438.99 8 44 1
34 76.40 41.80 48.14 484.10 18 18 2
35 80.92 35.96 7.58 90.98 24 26 1
36 83.36 45.84 35.41 476.79 1 12 1
37 58.29 4.09 33.16 458.40 4 45 1
38 80.03 31.68 20.21 113.83 22 31 1
39 72.99 0.59 45.44 330.42 6 36 2
40 27.90 75.48 22.40 404.77 18 27 2
41 61.06 40.61 39.29 459.30 3 47 2
42 55.55 42.73 33.06 154.54 9 21 2
43 57.03 44.74 33.85 490.74 24 37 2
44 66.21 79.93 46.21 130.22 15 29 2
45 67.13 42.27 46.75 115.93 13 24 2
46 10.30 91.70 45.68 451.86 15 16 1
47 3.75 71.02 12.66 63.09 8 48 2
48 79.45 99.46 49.00 383.00 23 23 1
49 70.51 36.83 20.27 168.27 2 18 2
50 78.26 33.87 27.01 129.98 5 6 2
51 37.46 86.61 22.25 498.87 2 24 1
52 38.33 98.26 29.88 232.25 17 21 2
53 95.55 20.70 18.87 475.47 22 42 1
54 63.49 45.32 2.46 122.07 8 19 1
55 84.62 56.46 6.97 218.20 9 33 1
56 43.85 26.66 12.93 338.07 17 34 1
57 40.74 82.23 43.97 79.63 17 46 1
58 81.96 92.00 39.54 378.23 21 29 2
59 9.68 18.36 43.47 467.69 9 33 1
60 52.71 98.90 29.15 57.96 12 45 1
61 4.24 43.79 47.73 365.09 15 22 2
62 34.92 29.93 18.01 423.43 9 36 2
63 47.72 12.27 7.95 332.13 4 10 1
64 51.31 82.44 6.06 232.47 1 10 1
65 50.80 67.49 20.77 86.30 9 30 1
66 89.67 42.53 45.19 91.50 12 13 1
67 82.63 38.42 32.67 253.68 17 34 2
68 85.04 76.45 2.03 92.14 19 38 1
69 51.09 85.29 34.63 182.24 23 26 1
70 84.91 96.49 25.06 229.23 0 36 2
71 13.09 29.74 25.54 294.90 24 39 1
72 1.84 74.20 37.30 460.71 15 38 2
73 42.33 64.55 46.30 493.70 4 45 1
74 2.74 72.21 27.03 495.57 15 42 2
75 19.34 18.94 24.76 454.02 14 40 2
76 24.56 21.95 31.19 168.65 11 30 1
77 64.02 97.58 18.20 111.18 20 43 1
78 53.80 87.68 2.37 445.69 3 21 2
79 90.56 40.75 47.77 256.12 11 31 2
80 88.96 49.42 7.66 121.64 23 35 2
81 96.73 17.79 26.68 211.52 2 48 2
82 89.28 86.24 23.09 355.25 0 11 2
83 87.93 55.14 10.32 497.80 15 38 2
84 80.12 83.29 3.02 388.22 9 18 1
85 50.23 22.23 45.00 169.43 8 47 1
86 5.83 93.19 35.81 492.14 21 29 2
87 18.67 39.50 36.78 186.62 24 44 1
88 25.22 38.28 36.33 237.35 6 18 1
89 43.29 42.43 47.43 50.50 1 9 2
90 26.73 60.06 3.91 233.53 21 31 2
91 95.10 2.37 28.07 316.42 23 37 1
92 50.57 36.45 1.26 338.50 15 25 1
93 71.71 44.31 13.79 444.97 23 33 1
94 3.38 28.99 48.48 475.17 13 26 1
95 65.07 37.24 35.44 277.40 3 39 2
96 35.88 17.24 23.22 128.63 11 43 2
97 56.52 72.55 14.54 298.47 19 46 1
98 7.10 66.00 38.01 341.44 12 27 2
99 69.74 40.84 44.46 139.74 0 10 1
100 80.09 79.09 25.66 300.91 2 2 1
101 43.21 55.57 19.78 187.76 23 42 2
102 8.48 28.59 36.41 213.29 8 10 1
103 12.70 93.71 22.02 290.12 17 31 2
104 90.44 39.47 6.76 222.03 17 18 2
105 22.48 69.91 6.18 260.04 2 35 1
106 12.08 96.71 18.69 55.38 5 8 2
107 96.33 5.45 16.28 440.94 2 39 1
108 42.45 31.81 6.21 331.45 4 16 2
109 89.38 77.25 17.22 165.48 19 28 2
110 85.25 99.51 0.29 173.52 0 18 2
111 28.02 41.39 39.83 381.96 21 38 1
112 83.41 48.31 15.50 166.24 9 39 1
113 24.62 48.56 2.49 356.79 9 48 1
114 75.60 46.28 14.27 86.35 10 48 2
115 84.32 79.31 27.76 250.79 20 36 2
116 22.83 19.90 20.72 331.76 18 26 1
117 80.36 59.00 28.92 262.72 24 40 1
118 1.80 35.60 10.50 65.04 19 37 2
119 91.46 58.84 19.19 64.21 14 15 2
120 88.92 97.07 40.56 104.35 24 39 1
121 28.98 4.47 24.99 489.31 22 41 1
122 19.88 34.06 33.26 202.81 12 29 2
123 8.29 53.64 35.92 207.65 14 45 1
124 22.85 76.29 24.78 486.14 10 48 1
125 53.97 36.49 30.24 299.76 11 35 1
126 73.88 16.95 18.87 333.84 21 35 1
127 17.87 81.62 49.21 150.78 10 24 2
128 82.56 47.07 21.07 188.10 2 18 1
129 29.50 2.34 27.12 345.39 1 30 2
130 88.29 74.99 26.53 274.10 24 47 1
131 52.49 24.95 49.08 314.65 0 29 1
132 50.34 14.41 22.38 413.31 12 25 2
133 13.68 40.44 30.50 274.46 13 14 2
134 36.27 30.41 38.95 379.65 23 40 2
135 56.88 65.44 46.71 313.70 2 39 2
136 49.49 20.63 9.02 187.85 20 31 2
137 53.61 97.80 44.11 472.34 7 42 1
138 43.80 13.20 39.67 205.27 6 32 2
139 94.82 77.02 6.09 215.70 5 34 1
140 80.46 64.85 35.00 463.75 18 42 2
141 97.85 37.20 17.61 65.09 17 31 2
142 32.26 49.60 15.17 120.98 14 38 1
143 70.85 7.23 6.12 194.66 1 36 1
144 9.51 28.97 10.65 430.66 24 27 1
145 10.35 71.94 18.29 249.46 4 48 1
146 85.77 77.12 43.10 338.90 3 27 1
147 64.92 67.75 4.04 271.91 20 46 1
148 43.12 57.53 22.09 308.44 18 42 2
149 84.86 3.13 43.30 236.40 6 10 2
150 54.51 17.34 48.20 220.15 4 48 1
151 43.01 12.06 36.69 300.72 21 40 1
152 73.68 80.49 17.37 459.08 6 19 1
153 11.82 57.51 30.30 380.16 17 23 1
154 23.03 17.48 35.91 369.83 9 24 1
155 69.19 14.65 0.28 215.81 21 40 1
156 62.69 15.44 6.09 93.96 13 38 1
157 92.08 97.20 22.88 490.14 19 39 2
158 89.80 24.28 19.64 418.26 20 36 1
159 81.87 35.68 2.46 317.15 16 48 1
160 63.59 60.17 31.59 140.12 4 35 2
161 46.07 83.60 9.55 92.90 13 16 1
162 41.44 84.24 28.52 361.39 1 3 1
163 82.44 7.80 24.64 336.31 10 12 1
164 44.47 86.26 21.60 442.37 22 38 1
165 66.80 17.09 29.81 315.78 9 19 1
166 51.46 11.31 35.45 142.84 14 27 2
167 85.16 24.25 26.20 257.66 10 44 1
168 99.58 68.60 5.43 174.44 12 18 2
169 20.60 10.59 11.66 292.54 21 35 1
170 88.41 30.32 34.77 490.31 3 46 2
171 16.60 52.78 29.94 59.03 4 12 1
172 45.33 46.24 46.82 320.64 15 27 1
173 28.17 9.46 45.34 140.44 18 19 2
174 74.95 60.73 1.86 99.58 3 18 2
175 65.68 28.94 10.36 308.41 6 33 1
176 1.36 61.11 39.17 89.47 2 3 1
177 58.79 85.45 10.60 241.30 4 18 2
178 19.39 89.39 13.67 364.03 9 32 1
179 96.21 23.35 44.82 159.72 12 34 1
180 47.04 73.17 30.96 341.09 11 48 2
181 82.95 14.28 10.36 83.85 24 25 1
182 28.19 48.25 25.03 198.00 16 32 2
183 49.62 58.79 4.53 381.21 2 39 1
184 27.13 37.46 8.55 203.56 17 43 2
185 19.50 31.56 47.95 100.17 0 13 2
186 37.62 45.14 25.13 227.77 1 14 2
187 38.35 91.23 2.46 466.57 24 27 2
188 70.48 48.08 38.52 397.66 23 28 2
189 5.31 52.91 33.70 258.88 5 25 1
190 15.10 20.39 5.92 84.75 19 23 1
191 3.80 38.90 44.82 418.82 15 38 2
192 45.30 39.59 3.92 229.36 15 23 2
193 85.44 56.96 5.66 289.73 6 48 1
194 65.42 90.62 26.37 215.38 2 4 2
195 85.39 48.37 11.64 467.56 8 37 2
196 61.89 36.60 31.64 163.21 14 48 2
197 13.25 23.51 7.34 297.42 10 33 1
198 31.77 30.63 43.65 432.51 23 35 1
199 94.52 60.55 34.92 288.91 23 46 2
200 51.07 19.88 40.64 294.33 11 28 2
201 32.08 25.76 7.41 209.57 24 27 1
202 80.00 43.84 13.06 80.12 11 17 2
203 98.30 34.55 16.72 308.75 16 35 1
204 2.35 17.80 5.08 483.52 1 5 2
205 83.95 84.55 8.17 281.94 10 11 2
206 31.42 19.58 12.92 330.09 17 40 2
207 61.04 88.52 35.81 234.01 13 43 2
208 56.38 94.07 22.96 85.11 22 35 2
209 47.31 32.32 22.08 335.07 19 21 2
210 70.66 15.02 25.08 268.83 9 31 2
211 96.24 47.21 41.68 342.17 4 19 2
212 9.37 86.84 24.73 159.93 5 21 2
213 15.80 65.17 37.04 445.95 1 32 2
214 52.20 98.36 15.12 205.05 18 46 1
215 26.66 12.53 44.77 155.10 1 17 1
216 7.71 39.36 38.25 260.60 13 44 2
217 75.57 14.41 35.97 268.81 9 48 2
218 76.37 90.94 43.26 134.91 6 43 2
219 62.75 54.08 45.88 101.78 0 41 1
220 50.35 2.17 17.17 469.74 6 26 2
221 64.24 98.44 25.38 486.18 8 39 1
222 47.87 96.06 15.97 212.56 11 37 2
223 58.83 24.44 46.97 174.08 12 26 2
224 82.29 89.08 35.93 472.42 12 15 2
225 4.17 43.40 19.08 375.36 8 25 2
226 97.88 94.71 29.43 208.67 8 17 2
227 29.13 2.98 37.91 464.67 23 24 1
228 30.28 83.76 0.51 131.30 14 24 2
229 30.36 40.77 14.47 311.26 24 37 1
230 54.61 26.48 7.14 152.81 6 20 1
231 97.22 37.16 24.14 490.50 1 13 1
232 11.85 56.59 16.76 170.72 22 48 1
233 45.60 90.26 17.88 225.11 7 24 1
234 46.85 24.21 39.76 391.40 23 39 2
235 29.00 48.42 48.63 423.93 4 35 2
236 19.61 6.77 38.65 485.05 3 48 2
237 99.21 23.96 22.37 85.22 18 28 1
238 29.11 72.79 45.09 113.11 8 28 2
239 20.11 99.52 14.97 94.63 12 22 1
240 96.42 68.34 24.20 159.41 18 46 2
241 69.59 31.10 35.62 271.73 1 11 1
242 44.00 75.52 32.13 449.79 17 24 1
243 76.32 15.76 28.09 308.45 22 26 1
244 91.07 6.72 17.67 222.21 19 36 1
245 22.88 47.24 22.28 303.41 14 45 1
246 70.95 30.62 16.68 424.76 2 44 2
247 16.80 3.13 39.17 163.41 23 48 2
248 94.17 67.58 24.61 223.93 13 42 1
249 37.52 19.74 19.37 300.22 24 41 1
250 95.62 75.73 26.28 258.03 8 32 1
251 73.68 22.13 21.18 330.95 18 45 1
252 21.51 74.64 38.12 146.43 23 47 2
253 37.18 90.64 1.03 359.19 14 45 2
254 27.57 7.18 41.60 400.57 6 26 1
255 55.34 46.08 13.21 57.95 11 16 2
256 43.69 95.86 0.10 435.56 24 34 2
257 64.88 39.69 6.48 207.41 0 1 1
258 40.77 70.46 43.90 405.35 8 39 1
259 35.24 13.39 21.51 405.46 12 12 2
260 33.83 80.33 0.37 268.53 7 33 2
261 65.85 25.93 18.16 84.63 24 47 1
262 96.82 97.89 0.64 205.05 12 33 2
263 98.84 17.01 38.27 228.23 10 36 2
264 62.09 34.84 10.90 272.66 8 24 2
265 73.81 53.91 18.23 197.51 24 39 1
266 73.35 7.34 16.40 191.63 20 31 2
267 19.17 36.40 28.51 84.44 11 14 2
268 63.46 99.32 40.57 339.15 0 12 1
269 70.40 22.66 3.39 295.08 6 38 2
270 3.05 72.12 38.16 453.11 7 33 1
271 67.28 80.83 24.50 61.21 19 24 1
272 1.29 42.14 25.28 73.68 21 29 2
273 41.81 92.52 41.54 226.11 20 27 1
274 77.95 68.77 18.75 410.34 8 10 2
275 58.52 46.71 34.59 58.67 3 45 1
276 58.50 75.28 22.20 250.26 24 29 2
277 94.86 4.11 24.16 113.16 15 24 2
278 97.33 4.17 15.38 122.75 2 38 1
279 79.53 14.27 5.64 233.12 23 41 1
280 17.80 57.87 49.18 474.05 12 39 2
281 61.75 16.95 4.12 277.37 14 34 2
282 78.73 99.49 35.42 222.42 2 28 1
283 51.31 72.74 14.30 106.50 3 39 2
284 92.13 9.00 37.26 315.47 10 10 1
285 71.20 40.12 5.56 457.22 16 48 2
286 58.78 81.45 42.04 73.81 2 40 1
287 46.19 81.93 44.14 64.95 18 44 2
288 79.79 98.15 34.37 207.10 10 12 1
289 18.68 37.59 24.86 389.46 11 40 1
290 80.43 76.03 14.72 476.94 23 26 1
291 18.65 4.75 45.05 119.54 20 28 2
292 24.45 83.56 47.34 135.05 16 16 1
293 14.87 95.86 34.45 451.47 22 28 1
294 85.26 18.39 14.37 303.14 17 32 2
295 94.96 5.31 16.95 169.00 9 30 2
296 12.61 43.50 14.56 399.78 3 44 1
297 41.53 76.34 46.21 114.36 16 26 2
298 9.34 69.56 49.31 66.82 5 33 1
299 12.77 60.21 3.23 436.34 7 8 1
300 57.39 7.03 20.00 388.08 18 43 2
1 105.05 3215.51 1
2 189.13 3726.40 2
3 176.25 4550.55 1
4 100.64 2910.66 2
5 197.94 4188.85 2
6 148.96 2651.23 1
7 189.83 3175.66 2
1 1.68 28.31 6
2 1.71 27.18 1
3 1.76 43.35 5
4 1.55 26.20 3
5 1.09 42.08 3
6 1.82 46.76 5
7 1.69 47.19 2
8 1.20 43.67 7
