Data for Vehicle routing problem with drones - Author: Huyen Do Thi Ngoc
Number of depots: 4
Number of cities: 500
Number of trucks: 4
Number of drones: 7
Area: 100 100 50
Customer maximum demand: 500
Max capacity of truck: 200
Max energy of truck: 5000
Max capacity of drone: 2
Max energy of drone: 50
1 91.78 74.58 41.09
2 47.42 86.92 40.35
3 71.70 29.07 1.16
4 8.67 56.38 28.82
1 65.18 3.91 45.59 493.33 24 31 4
2 83.68 54.14 20.65 115.29 10 11 2
3 96.14 31.74 44.65 412.20 12 23 1
4 10.58 17.96 5.60 234.88 0 12 2
5 1.45 39.97 8.97 423.04 2 45 2
6 76.19 12.08 37.32 152.96 6 21 2
7 40.58 83.14 33.14 243.03 16 43 4
8 31.53 13.68 13.29 293.43 7 46 1
9 70.89 65.03 5.84 67.80 19 20 3
10 21.21 6.31 37.82 308.71 0 24 1
11 86.48 92.21 35.10 88.79 3 41 3
12 12.16 12.97 0.57 122.35 8 44 3
13 17.01 52.42 13.83 300.27 2 14 3
14 73.43 31.73 40.30 300.23 0 17 1
15 90.15 79.30 19.51 70.94 13 37 2
16 29.86 61.57 22.48 165.47 4 48 2
17 91.81 3.32 30.35 300.56 5 19 2
18 26.38 73.57 29.64 368.11 7 38 4
19 9.96 45.71 28.63 147.12 24 33 2
20 2.98 83.23 41.22 353.23 14 34 2
21 14.50 42.58 10.01 125.49 6 12 2
22 97.34 21.90 24.96 346.78 24 36 3
23 82.46 93.30 27.52 98.85 1 25 3
24 75.70 96.83 4.72 358.05 15 47 4
25 45.88 28.93 2.18 248.18 11 40 3
26 90.04 75.71 41.74 339.75 7 10 4
27 92.53 66.22 12.09 242.74 24 32 2
28 38.35 63.08 17.27 152.50 11 18 2
29 55.71 53.10 26.29 192.89 14 14 4
30 60.75 61.18 42.41 493.73 4 30 4
31 60.86 69.71 36.62 223.14 12 13 2
32 4.06 88.02 39.44 262.67 10 46 3
33 54.29 0.90 45.81 485.32 8 14 2
34 78.72 2.79 28.87 441.42 0 31 3
35 16.01 53.47 0.19 486.33 11 47 1
36 17.03 64.41 0.30 188.42 14 22 3
37 95.57 58.40 11.88 111.40 2 11 3
38 15.32 48.16 20.36 87.41 18 19 3
39 83.76 37.37 7.48 407.91 14 25 1
40 99.00 9.31 39.97 265.49 24 48 3
41 1.22 48.28 0.85 55.78 0 47 1
42 34.80 56.23 28.33 265.27 2 19 1
43 18.01 27.39 2.17 344.31 22 24 3
44 91.57 18.46 34.12 314.03 3 3 4
45 15.91 77.19 9.59 314.10 1 16 4
46 86.39 88.98 36.98 55.75 19 28 4
47 90.28 57.25 34.28 152.10 4 24 3
48 70.64 95.73 41.80 310.40 12 38 1
49 15.30 1.47 45.36 176.32 16 19 4
50 36.01 89.34 45.53 134.22 7 22 2
51 44.14 43.99 13.65 86.08 21 29 1
52 48.64 11.80 49.91 341.74 2 27 3
53 43.16 19.30 35.19 319.35 4 30 3
54 25.98 50.69 13.23 435.41 6 9 3
55 76.32 74.36 0.02 338.99 13 36 2
56 80.94 39.00 24.55 422.82 13 40 4
57 0.13 52.91 35.50 440.91 19 41 4
58 4.63 94.14 3.99 338.39 1 45 1
59 87.39 61.68 26.93 443.36 21 36 2
60 96.62 90.89 40.53 419.58 22 36 3
61 11.07 25.16 42.26 156.41 8 8 4
62 41.63 43.27 22.84 367.44 1 22 3
63 29.73 89.46 31.05 455.83 22 30 4
64 52.94 9.56 41.32 106.59 1 23 3
65 23.61 95.29 47.86 167.42 21 22 4
66 93.62 26.28 32.34 215.04 15 45 4
67 98.54 72.86 30.21 173.08 20 40 1
68 91.40 57.97 25.81 356.00 8 14 1
69 2.49 13.82 20.32 439.69 13 13 2
70 19.18 46.08 15.39 256.92 21 22 4
71 11.07 3.21 34.96 429.57 13 46 2
72 64.99 79.84 19.65 496.86 18 38 1
73 2.16 11.11 44.64 246.71 7 44 2
74 32.00 13.32 12.26 306.89 3 46 1
75 69.60 8.68 11.57 158.61 19 22 4
76 75.70 26.58 28.55 322.34 10 19 1
77 69.58 72.25 49.48 360.25 9 24 2
78 46.05 18.57 14.42 73.11 19 45 3
79 28.75 76.31 22.57 339.14 19 38 1
80 18.51 65.06 11.93 105.58 14 32 2
81 32.10 51.23 34.18 179.50 3 26 2
82 38.91 92.76 34.35 253.36 23 45 2
83 16.88 84.52 13.05 227.10 22 38 3
84 99.70 0.38 47.14 381.16 4 42 3
85 29.82 21.14 4.53 362.77 22 47 1
86 27.85 22.55 22.62 67.30 18 29 2
87 38.48 77.41 42.00 250.57 2 13 4
88 68.20 58.15 20.57 421.40 4 35 3
89 0.85 57.21 26.74 52.37 6 13 4
90 38.12 4.96 47.94 132.68 7 33 2
91 55.65 7.06 25.97 217.77 24 36 4
92 69.35 5.90 7.11 283.42 7 40 3
93 2.96 98.87 18.60 198.37 22 41 2
94 82.14 10.53 20.18 128.02 4 20 3
95 70.32 83.91 7.36 415.20 15 20 2
96 48.27 38.02 8.27 65.82 21 29 3
97 37.93 13.81 48.25 222.33 2 32 1
98 72.15 54.28 25.33 457.72 2 47 1
99 70.26 62.93 1.35 373.24 7 7 3
100 21.05 59.66 12.93 498.30 0 43 2
101 87.80 73.43 7.77 201.14 23 42 4
102 31.87 92.94 43.05 446.57 7 8 3
103 20.25 56.11 6.92 364.51 0 38 1
104 93.70 40.32 9.68 50.60 6 35 2
105 58.21 59.17 46.40 124.59 24 31 3
106 24.66 58.95 41.43 53.71 12 23 1
107 98.13 81.34 15.58 292.11 9 17 4
108 18.04 87.81 14.37 60.58 0 37 4
109 42.66 1.51 19.91 234.59 20 29 4
110 97.50 13.75 30.65 334.37 0 17 3
111 22.39 75.36 17.47 125.63 1 8 1
112 40.83 81.72 5.38 471.52 15 23 1
113 48.41 25.53 31.93 445.07 24 34 4
114 46.20 74.44 19.38 64.19 17 48 1
115 72.00 78.74 46.49 287.58 10 23 1
116 34.80 46.86 26.32 441.80 5 29 1
117 19.90 35.15 43.89 116.58 0 22 3
118 79.11 19.02 28.98 86.22 12 40 3
119 19.08 32.83 16.01 344.05 12 27 4
120 44.28 96.13 19.98 445.97 11 39 3
121 93.05 12.61 45.54 273.17 8 21 3
122 82.63 7.76 6.99 481.18 13 35 2
123 89.46 48.14 21.89 450.16 5 45 1
124 50.99 10.06 2.88 241.11 6 37 3
125 54.96 49.33 25.05 296.36 1 7 4
126 27.96 38.37 4.70 141.62 19 43 4
127 85.44 26.62 5.57 377.66 15 23 1
128 62.03 83.24 15.49 383.00 8 18 2
129 4.53 31.74 8.78 449.19 0 32 1
130 72.47 39.81 0.54 276.89 20 31 2
131 58.76 71.24 20.15 270.16 21 37 1
132 90.67 61.66 2.45 445.20 6 44 2
133 80.48 0.37 48.14 375.12 12 13 1
134 97.01 57.42 34.09 413.74 6 35 4
135 16.35 47.98 43.94 59.58 16 40 3
136 39.11 16.20 47.56 177.53 2 18 2
137 7.90 29.59 40.41 399.08 21 31 2
138 93.20 84.65 8.80 336.92 18 36 3
139 19.63 98.20 47.36 403.28 20 36 2
140 17.11 72.23 27.70 468.07 21 28 1
141 51.92 60.77 20.02 340.49 22 23 3
142 22.02 15.71 37.12 125.44 3 38 4
143 10.72 44.70 47.81 111.44 0 7 2
144 46.23 16.64 18.81 308.42 17 30 4
145 55.96 53.90 42.41 79.79 12 23 4
146 27.07 4.68 35.82 294.59 8 26 3
147 42.96 36.26 25.81 472.14 17 24 4
148 3.69 47.25 37.13 131.38 10 31 4
149 41.37 83.43 26.85 413.68 4 32 3
150 47.17 87.87 14.71 187.56 4 35 3
151 27.57 53.03 0.96 156.49 12 36 1
152 31.68 51.83 29.19 377.81 15 21 3
153 55.82 53.00 31.64 151.30 3 44 1
154 31.23 84.51 29.40 371.33 16 38 2
155 22.50 73.76 13.75 89.93 19 37 3
156 34.43 41.17 42.66 139.37 14 39 1
157 13.94 85.59 46.71 409.24 10 22 4
158 29.89 24.15 49.91 168.59 2 45 2
159 86.12 12.94 47.89 447.87 17 30 4
160 63.68 89.64 41.32 468.79 11 39 3
161 55.38 69.02 9.52 411.14 15 48 2
162 14.77 48.18 9.48 453.37 9 20 2
163 84.12 61.17 18.51 462.73 24 39 1
164 70.73 78.91 17.39 228.68 22 41 4
165 79.40 73.17 11.38 71.64 12 36 1
166 28.42 50.14 45.87 307.24 5 9 1
167 12.83 31.24 49.39 234.42 24 40 2
168 82.17 19.37 12.90 495.07 21 39 1
169 89.36 84.84 18.75 415.83 5 45 3
170 69.97 55.89 40.10 68.47 15 36 4
171 84.12 25.00 4.58 264.76 7 12 2
172 19.47 88.31 13.75 223.97 1 18 4
173 27.69 89.10 35.62 416.54 11 11 3
174 11.48 49.63 30.30 176.58 4 32 3
175 76.86 90.76 28.14 292.18 8 48 4
176 80.52 41.73 5.86 172.66 3 8 2
177 86.96 92.60 0.21 339.23 7 19 3
178 82.76 55.43 1.98 178.43 17 24 2
179 83.42 95.28 43.32 74.73 21 25 4
180 33.79 74.83 12.78 322.70 20 30 2
181 65.22 35.96 43.40 342.60 13 44 3
182 96.36 61.80 36.35 419.54 12 36 3
183 59.23 82.87 30.40 329.86 3 27 1
184 46.89 22.46 18.14 229.34 5 36 1
185 69.38 36.68 18.33 321.82 13 25 1
186 25.56 38.45 36.86 204.37 3 27 4
187 51.00 8.80 39.98 200.03 19 27 1
188 2.31 33.84 30.56 457.65 13 32 4
189 46.26 87.13 31.43 112.40 22 39 4
190 60.21 87.37 5.78 470.14 6 26 3
191 12.94 32.06 29.38 324.96 17 37 4
192 61.03 67.30 42.87 473.87 14 25 1
193 68.55 79.65 22.98 60.69 5 48 2
194 77.77 34.91 5.30 431.56 16 47 3
195 62.73 39.45 5.58 302.11 22 31 1
196 47.31 23.11 16.58 402.85 22 38 2
197 74.52 32.94 30.40 174.43 3 7 2
198 17.94 28.87 44.40 310.48 9 14 1
199 93.74 22.50 30.85 183.47 18 31 4
200 22.20 30.14 8.44 124.65 11 15 3
201 55.58 56.91 23.94 456.98 3 47 1
202 21.58 46.56 14.68 184.62 11 11 1
203 12.04 17.28 39.70 103.68 14 24 4
204 4.90 24.38 45.10 244.36 21 34 2
205 12.14 27.93 8.13 337.35 2 4 4
206 57.25 4.02 9.17 124.62 8 10 4
207 48.16 33.45 22.15 215.35 9 15 2
208 42.78 65.62 0.25 460.52 20 29 3
209 15.74 41.92 46.99 157.54 11 45 3
210 97.44 17.52 47.42 296.89 6 17 4
211 39.97 16.80 7.64 151.42 15 23 1
212 81.99 55.56 7.00 362.30 0 35 3
213 42.91 36.41 47.83 111.02 15 30 3
214 88.56 18.13 47.22 466.48 22 29 3
215 80.50 67.30 33.23 78.39 12 48 3
216 21.46 3.25 13.15 343.33 16 41 3
217 89.83 95.64 48.51 217.49 1 48 1
218 58.06 97.98 35.51 108.79 11 42 1
219 57.40 36.77 9.14 196.82 22 38 2
220 93.96 60.16 13.06 67.90 5 26 3
221 79.40 10.15 23.07 87.69 15 33 2
222 2.13 51.41 38.74 148.97 22 36 2
223 89.41 27.35 24.12 156.68 17 25 4
224 53.91 35.45 7.45 284.56 21 39 4
225 2.55 58.73 47.26 477.21 0 11 4
226 82.22 6.79 40.71 491.19 16 23 1
227 13.29 73.03 34.32 73.92 5 44 3
228 68.91 95.67 14.56 353.41 11 41 2
229 38.76 18.26 3.50 479.31 11 11 3
230 75.54 56.68 18.07 463.30 24 44 3
231 84.40 46.42 11.70 383.03 1 2 3
232 99.76 39.17 1.07 483.99 13 22 3
233 57.67 62.49 30.64 402.31 9 19 2
234 88.98 89.84 5.98 316.79 5 48 4
235 23.83 53.01 16.79 435.33 18 46 4
236 98.59 47.98 3.58 459.76 2 38 3
237 98.59 20.32 8.62 225.23 3 37 4
238 1.80 71.78 27.37 279.97 7 48 4
239 18.01 90.55 46.23 53.24 12 34 2
240 45.42 38.17 26.24 246.10 19 32 3
241 17.48 47.33 49.26 55.02 10 22 2
242 8.00 91.93 5.16 146.07 7 25 1
243 13.43 56.37 14.98 372.80 21 21 4
244 91.13 45.73 35.39 493.20 21 21 2
245 0.88 4.63 41.94 228.38 9 24 3
246 22.55 73.83 12.43 399.17 5 35 4
247 83.38 19.91 2.77 65.16 4 39 1
248 14.34 67.37 14.38 64.56 7 12 2
249 63.34 67.17 34.90 352.14 14 14 3
250 80.07 68.39 34.70 243.46 13 21 1
251 20.87 23.78 43.14 317.05 20 25 1
252 62.38 24.88 22.66 100.91 21 47 2
253 10.31 95.83 16.19 411.82 6 43 1
254 46.14 23.88 3.30 367.37 23 30 1
255 13.16 34.83 35.43 306.89 8 9 4
256 35.08 56.51 30.31 424.61 0 18 4
257 73.60 23.15 17.74 420.03 17 48 2
258 84.63 58.21 42.21 216.16 13 20 2
259 3.94 26.98 23.65 423.36 5 33 1
260 92.94 86.97 46.53 358.39 18 47 1
261 35.68 2.98 6.70 274.06 17 41 3
262 18.87 19.40 29.98 225.83 16 19 1
263 60.00 97.83 47.97 61.20 5 48 3
264 71.15 37.32 7.00 237.04 5 26 2
265 27.59 52.32 41.53 236.58 19 25 3
266 42.96 81.08 8.47 458.20 13 40 4
267 91.90 63.22 15.18 433.25 20 47 3
268 71.21 48.65 26.04 297.34 24 34 2
269 82.84 35.63 25.34 204.20 6 36 4
270 59.35 58.25 6.05 210.16 10 23 1
271 14.24 21.44 12.57 417.12 4 13 3
272 36.09 58.37 24.48 341.78 23 42 3
273 30.62 89.43 10.57 190.12 19 36 4
274 86.35 61.83 23.31 175.96 19 27 3
275 28.41 2.50 6.17 286.99 23 28 3
276 10.09 36.73 49.27 367.96 15 25 4
277 18.19 72.14 24.82 330.52 23 47 2
278 53.03 69.37 39.57 236.15 7 30 3
279 15.59 88.52 36.89 137.07 11 37 3
280 41.98 91.67 21.93 330.48 11 44 2
281 99.43 26.11 9.88 112.04 7 32 1
282 93.03 83.44 8.84 213.88 22 36 4
283 25.85 57.77 21.12 118.45 9 35 2
284 57.12 26.20 5.91 471.01 3 37 3
285 57.52 92.12 13.95 332.98 18 39 2
286 28.33 44.29 7.08 225.30 24 48 2
287 98.39 29.22 30.94 327.42 18 45 2
288 38.09 0.87 16.05 114.66 23 32 4
289 21.44 37.89 39.29 107.29 7 36 1
290 41.52 70.68 33.37 198.21 1 20 3
291 71.83 70.81 13.07 267.17 8 33 2
292 9.99 80.37 24.21 58.52 11 17 1
293 57.77 3.19 39.19 394.28 11 16 2
294 78.17 5.80 1.40 364.06 0 47 2
295 95.21 27.01 17.37 125.46 12 42 4
296 80.43 73.59 34.67 480.26 15 24 3
297 72.41 43.51 26.04 382.83 16 46 1
298 15.27 52.87 29.70 166.05 0 47 3
299 10.10 32.80 16.88 282.54 12 37 3
300 76.00 31.04 42.99 434.84 10 33 2
301 12.38 13.70 30.80 156.49 4 17 1
302 70.63 90.74 40.27 452.56 18 40 3
303 7.12 27.39 6.05 65.07 20 46 1
304 35.96 22.12 7.06 211.23 7 8 4
305 64.88 12.01 46.25 473.33 6 12 4
306 40.18 98.90 41.18 129.69 2 47 2
307 48.58 40.07 18.45 266.39 2 13 3
308 41.54 98.03 35.53 402.38 13 24 2
309 15.87 58.17 4.98 154.65 12 41 3
310 72.61 34.92 27.33 467.69 2 2 3
311 66.02 76.41 34.57 123.74 14 48 2
312 28.90 89.32 17.78 383.57 8 30 2
313 65.63 25.30 46.96 207.82 8 9 4
314 41.63 48.95 9.18 485.77 5 9 1
315 35.68 56.15 43.57 452.20 24 26 1
316 23.93 76.87 8.45 196.98 6 18 3
317 68.34 84.30 33.15 473.41 2 15 4
318 55.48 3.60 40.85 415.33 1 32 3
319 96.07 34.83 7.85 292.28 12 27 2
320 44.10 46.37 4.93 355.52 20 28 3
321 10.78 12.19 2.54 373.25 14 38 3
322 81.27 83.76 40.37 58.58 4 33 2
323 54.64 42.12 49.82 494.31 3 15 4
324 35.78 27.09 12.31 469.23 16 37 3
325 81.19 11.78 14.74 326.31 21 32 1
326 21.75 81.27 42.62 302.20 18 45 2
327 29.95 14.43 21.29 441.98 7 16 2
328 78.18 40.13 23.39 357.92 14 25 2
329 92.98 12.51 10.02 124.45 13 45 2
330 47.26 63.57 10.94 291.65 5 32 1
331 12.21 5.61 4.04 117.66 24 25 4
332 63.56 73.48 45.40 77.73 17 17 1
333 8.06 99.60 3.34 279.65 23 45 2
334 13.58 91.53 24.82 322.74 15 43 1
335 99.13 16.98 25.61 332.94 6 15 2
336 98.52 83.36 49.17 290.54 10 10 4
337 7.08 7.67 40.08 166.56 3 39 3
338 62.49 18.36 9.48 456.77 9 13 3
339 85.73 6.35 8.71 485.71 24 39 3
340 87.19 76.59 49.13 53.64 10 10 4
341 74.45 26.29 46.76 101.78 13 20 1
342 97.63 69.62 11.44 100.10 7 34 3
343 84.03 89.35 21.28 288.30 24 41 4
344 43.87 8.10 7.27 346.95 8 17 4
345 32.35 86.13 16.11 175.44 12 18 3
346 70.30 44.97 19.80 74.69 12 37 4
347 51.54 56.27 19.20 161.13 24 40 1
348 72.82 79.68 12.27 142.26 18 38 1
349 33.87 56.90 25.27 138.55 18 47 1
350 64.03 38.99 22.74 380.71 9 17 2
351 65.54 55.24 6.81 210.20 17 23 1
352 78.66 58.22 28.00 473.37 7 48 4
353 33.29 49.40 8.62 362.38 23 40 3
354 49.94 30.51 18.27 309.33 9 41 3
355 93.03 32.42 25.48 442.63 15 23 1
356 78.25 30.22 40.29 101.10 8 10 4
357 87.74 45.46 31.01 280.44 18 18 2
358 94.01 26.28 39.10 54.44 18 42 2
359 84.47 12.86 47.91 142.94 4 44 2
360 50.43 13.96 33.03 280.69 7 27 1
361 15.89 15.19 32.42 144.60 14 16 2
362 60.66 89.14 31.03 428.56 19 40 3
363 57.63 95.63 33.84 200.25 8 12 4
364 64.34 59.17 15.95 258.73 7 42 4
365 70.92 47.07 30.46 445.04 15 33 2
366 36.64 89.02 31.36 297.42 1 25 2
367 56.87 38.89 32.55 110.12 7 29 4
368 91.69 28.69 15.13 467.16 8 42 3
369 85.48 39.79 20.10 116.12 15 27 2
370 44.58 19.61 6.05 116.37 21 33 3
371 94.64 81.84 37.85 197.06 11 48 1
372 78.58 77.38 43.95 248.15 17 34 1
373 75.68 12.83 45.54 333.24 3 36 2
374 37.69 71.02 18.76 209.29 20 20 3
375 86.97 75.12 19.79 143.67 8 13 1
376 21.39 72.56 42.41 204.71 10 46 3
377 96.61 16.53 34.75 498.17 21 29 3
378 33.30 50.39 9.08 144.03 12 16 4
379 55.53 30.01 45.76 403.76 17 38 1
380 6.23 89.60 47.07 332.57 15 21 3
381 74.17 92.81 49.53 213.32 2 30 2
382 32.81 5.54 8.71 86.65 23 32 1
383 65.48 93.25 49.26 189.39 5 17 2
384 57.03 57.08 41.04 250.30 12 15 3
385 89.22 49.42 16.54 367.20 18 32 2
386 6.06 43.44 9.77 402.66 14 30 3
387 56.24 5.19 47.67 407.10 4 39 3
388 88.42 15.61 30.82 487.46 20 26 4
389 76.06 23.99 2.77 297.92 18 31 2
390 16.62 32.17 30.79 384.43 23 24 1
391 4.86 30.20 20.27 393.22 15 26 1
392 30.71 68.21 33.40 489.84 0 13 4
393 26.76 57.67 42.01 445.74 14 21 3
394 42.68 89.17 29.26 88.56 1 24 4
395 69.57 41.43 35.43 430.95 15 17 4
396 91.44 1.62 21.59 375.81 15 28 2
397 39.94 86.93 26.96 311.41 8 15 1
398 98.87 57.79 37.39 447.66 12 20 1
399 57.73 66.99 12.33 90.52 0 4 2
400 31.80 64.24 45.54 184.41 1 24 2
401 4.79 88.24 5.79 111.30 0 48 4
402 32.61 8.83 18.50 169.21 21 46 4
403 92.86 5.05 17.13 406.12 1 46 3
404 60.08 14.11 7.23 428.41 18 18 1
405 86.82 49.13 15.50 260.04 24 35 1
406 46.72 81.06 27.55 204.45 21 48 1
407 1.97 30.11 30.41 270.42 1 12 2
408 54.06 9.31 37.99 139.72 22 36 1
409 40.45 25.08 23.72 62.91 6 31 1
410 39.94 79.20 1.43 362.82 13 28 2
411 34.13 38.16 46.67 426.98 23 33 1
412 0.68 37.82 0.87 248.34 16 29 4
413 97.20 30.32 31.82 493.19 3 47 1
414 90.04 99.81 27.61 489.24 17 37 1
415 88.50 25.86 2.00 274.85 22 30 1
416 51.12 98.09 18.11 98.85 13 27 4
417 89.78 26.31 35.44 126.66 9 27 2
418 17.83 35.91 24.55 241.88 9 22 3
419 87.58 97.84 4.28 237.82 3 7 1
420 51.80 99.74 32.18 414.69 8 21 4
421 13.75 88.84 49.59 267.05 17 28 3
422 44.92 63.95 9.76 335.91 13 47 4
423 32.38 26.02 3.65 81.88 13 24 3
424 23.28 33.02 13.54 125.32 1 28 3
425 51.69 12.09 33.48 406.76 1 23 2
426 53.23 27.08 14.70 85.46 0 13 3
427 74.88 69.48 23.95 494.01 23 28 4
428 94.64 57.45 15.07 343.56 9 33 1
429 57.67 51.19 46.69 119.76 4 7 1
430 71.43 32.02 36.64 389.62 24 46 1
431 25.43 4.74 32.44 132.59 20 34 1
432 41.58 15.17 8.24 139.05 9 43 3
433 33.14 70.71 10.07 299.55 21 36 2
434 78.66 89.23 17.97 373.40 2 39 3
435 89.14 18.86 11.89 279.66 3 13 4
436 69.66 11.41 27.49 375.73 18 45 3
437 21.19 84.18 3.76 435.43 19 32 1
438 11.80 71.40 23.07 392.89 14 27 3
439 82.42 22.13 49.55 83.65 12 45 1
440 43.80 9.03 34.28 350.87 10 39 4
441 15.86 9.02 34.26 77.41 9 25 2
442 1.86 73.86 20.14 459.94 8 31 4
443 76.96 51.31 21.74 384.73 0 41 3
444 83.53 58.51 30.53 485.85 10 40 1
445 76.46 3.76 8.17 184.63 18 42 1
446 55.73 16.27 1.84 353.39 15 26 2
447 62.30 99.65 40.27 164.44 10 48 3
448 81.41 69.55 48.90 119.26 11 35 2
449 92.48 2.17 43.39 208.58 18 45 1
450 39.67 82.05 35.27 313.75 9 20 4
451 73.86 37.27 21.04 258.53 19 36 3
452 72.59 2.81 46.74 389.64 18 26 3
453 48.40 42.33 2.24 218.74 22 37 1
454 98.37 1.14 9.19 474.66 16 21 1
455 27.97 5.62 11.53 297.53 24 32 4
456 3.35 65.80 41.21 233.43 11 38 2
457 34.13 40.69 5.63 101.27 3 13 4
458 15.60 65.52 49.40 412.96 22 47 2
459 86.60 21.51 30.48 176.09 22 29 3
460 19.06 3.57 42.51 261.89 8 24 4
461 53.59 19.95 10.57 435.35 20 35 3
462 62.31 41.76 1.11 115.14 20 42 3
463 87.15 37.50 44.57 307.35 15 19 4
464 36.74 80.74 25.77 224.93 17 23 2
465 57.47 78.65 39.24 239.01 16 41 2
466 7.32 8.55 21.18 390.27 12 17 3
467 38.44 56.69 12.53 411.89 21 40 3
468 86.71 77.63 18.08 327.51 4 28 3
469 90.29 96.60 15.84 58.93 6 15 3
470 34.20 72.40 8.96 241.97 12 39 3
471 3.45 26.03 1.53 472.67 24 30 4
472 69.98 30.88 45.96 336.14 3 16 2
473 47.77 7.12 43.00 387.43 2 34 4
474 51.41 10.13 27.64 159.87 0 44 2
475 45.51 24.08 25.12 421.08 11 39 4
476 24.58 71.27 13.24 385.94 14 20 4
477 81.02 61.18 44.69 416.83 22 25 1
478 14.19 22.50 42.37 474.86 11 28 3
479 8.82 70.77 15.30 388.21 20 44 2
480 10.36 30.62 10.64 469.56 6 11 2
481 54.56 83.48 34.81 258.99 1 9 1
482 87.43 23.12 17.43 235.76 8 48 3
483 65.24 63.59 33.12 181.45 5 44 3
484 92.76 96.44 18.17 357.29 24 31 4
485 55.57 17.26 45.10 346.31 17 31 4
486 24.34 84.02 14.05 214.68 16 38 3
487 62.26 61.80 33.96 367.39 18 19 3
488 50.94 27.32 48.47 343.79 2 15 3
489 54.26 30.60 10.79 86.53 23 23 3
490 13.11 46.12 22.87 388.31 0 34 4
491 16.66 26.61 6.58 104.65 12 26 1
492 60.36 34.13 28.91 417.67 20 48 3
493 40.73 65.34 16.04 253.63 14 22 1
494 1.53 32.94 17.81 308.18 22 36 2
495 24.94 8.19 47.43 268.21 10 15 4
496 79.27 38.76 41.95 484.01 17 47 4
497 76.07 3.08 24.75 76.52 19 27 3
498 12.48 63.99 12.94 188.64 0 10 2
499 62.20 46.38 25.96 468.52 5 29 1
500 93.67 92.35 25.08 480.73 3 4 2
1 156.19 2647.19 1
2 167.21 2542.27 2
3 179.06 4049.56 3
4 156.08 3937.05 4
1 1.70 47.30 2
2 1.20 28.74 3
3 1.73 29.76 3
4 1.63 45.91 4
5 1.51 38.16 1
6 1.95 33.25 1
7 1.56 35.52 2
