Data for Vehicle routing problem with drones - Author: Huyen Do Thi Ngoc
Number of depots: 3
Number of cities: 500
Number of trucks: 6
Number of drones: 6
Area: 100 100 50
Customer maximum demand: 500
Max capacity of truck: 200
Max energy of truck: 5000
Max capacity of drone: 2
Max energy of drone: 50
1 79.34 12.03 38.26
2 11.31 9.81 48.04
3 90.33 32.45 4.43
1 45.14 98.81 23.76 297.63 17 47 1
2 74.55 66.33 48.83 412.72 11 44 2
3 31.13 85.01 18.88 150.08 13 48 2
4 55.72 31.30 44.83 367.81 19 23 1
5 20.41 22.34 48.24 188.78 15 27 2
6 39.59 0.80 24.69 72.79 18 34 2
7 28.41 88.94 35.32 355.30 0 31 2
8 65.01 66.59 47.60 116.31 22 47 2
9 26.78 48.18 2.01 382.09 18 26 2
10 14.73 21.19 12.11 303.06 3 42 2
11 27.09 49.96 42.80 232.10 20 30 2
12 24.38 68.85 24.56 423.18 8 10 1
13 45.07 83.58 34.53 368.71 15 28 3
14 9.46 9.85 2.35 459.04 1 44 3
15 58.05 48.45 1.53 379.31 12 43 3
16 10.28 19.83 40.11 335.04 9 21 1
17 7.61 33.82 46.99 67.04 7 37 1
18 68.05 6.13 6.45 237.49 8 30 2
19 43.62 57.56 3.85 357.01 2 21 3
20 68.78 30.24 5.51 197.98 8 9 1
21 3.82 29.75 41.78 496.09 1 31 1
22 62.32 7.96 45.76 236.28 22 33 2
23 26.30 62.33 4.95 186.43 15 42 3
24 87.25 73.72 37.41 123.42 17 33 3
25 48.55 96.58 18.53 340.47 9 20 3
26 34.22 94.82 0.23 166.05 24 34 1
27 22.41 42.52 5.33 298.27 22 31 3
28 34.80 78.23 23.69 263.62 8 27 2
29 65.30 80.82 23.93 183.88 7 34 3
30 71.96 41.75 45.40 155.73 16 40 1
31 55.28 64.18 28.38 273.05 5 7 3
32 93.47 33.32 29.39 370.14 20 24 2
33 64.78 23.60 11.90 270.01 24 30 3
34 58.21 17.52 29.92 168.41 14 15 2
35 49.70 29.73 48.93 212.14 0 5 3
36 80.57 83.64 45.54 130.75 5 6 3
37 73.78 15.78 4.31 119.62 11 28 1
38 11.32 58.30 9.83 182.76 6 8 3
39 7.44 0.56 37.58 368.45 15 33 3
40 41.30 18.61 33.70 159.25 9 31 3
41 19.75 7.27 16.05 345.39 9 32 1
42 29.01 81.85 15.12 160.72 20 44 2
43 94.91 90.96 43.37 101.94 18 21 2
44 2.12 99.15 14.20 113.34 11 37 2
45 96.51 39.46 45.29 63.54 21 30 3
46 18.27 17.43 5.68 356.05 8 25 3
47 27.21 39.47 31.90 174.27 18 38 3
48 1.19 20.40 49.99 167.13 4 25 1
49 73.79 14.08 7.47 490.73 2 14 2
50 93.57 19.40 26.99 452.64 6 47 3
51 68.74 16.72 0.67 398.36 7 33 1
52 34.11 37.76 19.19 303.09 0 12 2
53 11.47 53.29 34.67 144.07 16 17 2
54 86.32 15.04 45.50 57.32 20 31 1
55 40.72 80.34 30.31 449.87 8 29 1
56 80.22 81.24 30.53 446.05 22 26 3
57 31.18 69.54 22.66 324.79 24 25 1
58 55.22 96.04 15.28 470.20 12 13 3
59 61.93 9.38 45.10 159.74 3 32 3
60 74.91 50.74 8.03 308.94 13 14 2
61 68.20 35.84 40.80 426.00 23 48 1
62 26.61 57.24 19.25 263.97 21 43 3
63 19.35 9.76 23.16 435.72 16 30 3
64 40.97 66.15 0.90 195.84 15 34 3
65 68.83 39.16 5.64 352.94 0 43 1
66 65.22 95.70 18.73 466.12 24 25 2
67 35.33 32.85 3.09 273.02 7 27 1
68 47.53 98.36 16.07 99.34 1 2 1
69 26.26 89.61 25.54 185.32 3 37 1
70 94.88 95.73 46.20 464.27 5 34 3
71 84.07 51.11 42.55 467.76 14 30 2
72 19.29 1.65 37.11 467.26 8 40 1
73 43.17 51.12 16.87 245.45 3 29 2
74 33.36 72.56 14.47 94.99 11 15 1
75 55.75 89.11 27.02 350.91 16 20 1
76 57.54 60.22 14.22 301.14 18 23 3
77 17.54 33.40 44.59 171.56 12 45 2
78 51.86 37.08 41.58 81.27 21 31 2
79 45.00 66.74 42.39 199.06 17 36 1
80 66.37 68.54 49.63 102.36 23 42 2
81 30.13 0.66 30.26 176.10 21 27 2
82 66.76 19.54 26.22 364.71 5 19 1
83 86.72 1.96 36.16 92.20 0 28 3
84 67.35 14.39 32.80 349.90 8 41 1
85 14.46 58.86 9.98 383.10 8 16 2
86 46.72 93.90 40.67 354.77 14 33 3
87 7.56 89.87 30.79 231.89 4 28 2
88 74.94 99.27 47.84 202.60 2 20 1
89 60.50 92.81 15.71 207.20 6 44 1
90 3.16 73.87 21.30 251.04 11 13 3
91 2.43 97.96 30.26 468.49 17 28 2
92 75.27 79.10 37.47 409.63 19 37 1
93 79.94 19.21 19.82 101.37 10 39 2
94 6.40 35.16 20.81 376.83 22 41 2
95 91.53 41.52 2.37 493.24 13 39 1
96 60.28 3.17 35.86 415.02 12 13 2
97 68.44 24.72 29.62 487.28 6 38 3
98 17.33 60.61 38.67 383.92 12 13 1
99 94.50 13.28 22.71 316.94 16 48 2
100 91.95 15.84 37.63 149.69 19 19 1
101 85.52 29.29 6.96 120.99 8 29 1
102 84.90 55.38 27.74 228.56 17 34 1
103 62.88 87.56 40.99 257.38 15 20 2
104 61.22 68.60 3.26 254.23 0 19 3
105 62.12 92.71 47.68 386.91 13 46 2
106 14.88 7.74 25.74 489.32 1 10 2
107 83.07 96.30 18.06 197.25 12 26 3
108 54.81 95.85 23.29 92.26 12 27 1
109 72.40 50.50 44.03 437.41 18 45 2
110 35.77 76.30 42.05 70.24 18 39 2
111 82.50 64.21 32.27 214.89 24 36 1
112 99.61 93.89 15.18 294.50 19 48 3
113 99.48 68.12 12.99 235.23 8 20 1
114 2.84 99.47 30.71 271.58 0 5 3
115 3.27 90.23 39.35 438.81 23 23 1
116 61.11 63.59 32.37 126.04 10 47 1
117 82.23 32.28 28.13 459.17 4 16 3
118 70.78 67.33 40.20 436.49 15 45 1
119 64.05 58.40 16.40 485.43 5 25 2
120 91.52 12.62 11.88 499.85 21 45 2
121 27.76 67.03 5.76 223.60 21 29 1
122 54.78 57.01 8.78 453.64 14 27 1
123 94.17 41.76 5.70 219.96 11 15 2
124 84.41 69.24 40.59 64.78 13 40 1
125 17.40 50.80 45.32 207.05 6 30 3
126 97.18 62.09 8.88 57.92 0 19 3
127 80.33 76.27 47.63 469.40 13 39 2
128 6.55 21.92 0.42 278.34 3 33 2
129 60.41 76.14 14.26 323.09 6 45 1
130 30.31 97.02 31.54 336.90 1 40 3
131 83.08 97.82 25.21 56.60 1 22 3
132 56.23 76.53 14.76 418.04 1 19 3
133 44.69 2.97 14.50 381.23 8 10 1
134 6.92 23.04 10.56 464.54 12 13 3
135 10.57 12.78 19.44 442.53 18 39 3
136 75.45 75.63 13.98 93.73 22 22 1
137 5.14 93.34 16.25 431.73 3 23 3
138 3.30 50.39 26.57 183.52 19 25 1
139 74.76 62.55 18.19 188.18 13 35 3
140 84.89 9.25 48.13 471.69 9 18 1
141 94.56 41.83 3.87 420.62 6 23 2
142 75.52 96.66 2.17 130.25 16 28 1
143 59.45 34.15 28.15 490.78 8 36 3
144 93.99 15.47 39.23 83.31 24 48 1
145 14.81 92.96 39.73 97.08 9 16 2
146 91.92 61.03 45.08 140.92 9 44 2
147 63.58 82.23 31.64 152.16 12 27 1
148 24.02 56.70 34.84 298.77 19 31 2
149 54.65 46.71 21.98 356.02 10 14 1
150 60.81 57.78 2.94 384.08 9 34 2
151 40.49 93.55 23.09 442.48 10 27 3
152 69.86 72.65 37.60 116.71 6 31 2
153 20.28 39.97 22.69 53.97 14 24 1
154 97.90 94.80 37.65 266.08 9 28 3
155 92.53 36.40 7.65 92.58 5 17 2
156 28.97 69.20 45.72 248.48 5 20 2
157 33.43 10.00 32.47 285.35 2 9 1
158 89.99 47.74 14.59 382.97 18 22 2
159 11.31 65.98 15.76 338.55 0 22 3
160 81.05 18.79 30.95 192.08 19 22 3
161 70.43 82.15 45.23 355.75 19 33 1
162 22.59 1.08 0.16 321.94 3 19 1
163 94.73 54.94 8.05 270.05 6 44 2
164 34.58 96.08 31.58 167.21 11 34 2
165 20.11 27.97 26.62 182.28 14 26 3
166 0.97 57.10 14.99 275.95 5 22 3
167 9.85 38.01 0.87 179.42 1 13 3
168 90.64 7.76 2.50 286.10 9 29 2
169 65.09 2.01 32.43 123.14 2 31 1
170 2.23 42.44 19.58 124.39 23 28 2
171 71.46 33.55 31.49 117.93 8 48 2
172 95.26 99.96 6.99 55.58 24 34 1
173 83.50 92.33 30.48 314.13 10 46 3
174 8.74 46.16 22.97 322.48 23 34 1
175 20.48 83.98 7.93 419.51 12 29 2
176 35.06 80.16 39.46 403.27 24 39 3
177 55.25 83.95 0.23 130.52 2 5 1
178 16.28 28.18 28.43 258.03 6 13 3
179 27.27 85.01 13.89 231.95 24 26 3
180 91.96 94.04 17.55 344.27 1 14 2
181 18.56 33.54 32.54 75.92 2 31 1
182 70.59 95.70 34.02 226.15 7 46 3
183 71.04 68.64 40.58 298.14 4 9 1
184 61.97 80.15 16.67 251.80 17 42 3
185 87.99 6.31 9.97 257.60 10 19 3
186 86.30 13.96 0.66 158.37 11 12 2
187 33.44 96.58 41.38 75.66 6 27 1
188 81.30 49.77 14.56 209.40 24 24 3
189 4.91 27.62 35.12 158.11 3 8 2
190 46.31 36.16 24.71 110.84 7 21 2
191 34.17 50.06 3.19 69.21 15 33 3
192 68.39 56.96 19.04 167.20 5 6 2
193 70.65 78.03 49.14 132.49 3 11 3
194 44.40 95.85 6.32 321.71 10 18 3
195 57.18 56.15 10.57 320.52 8 22 2
196 81.45 37.31 47.49 309.80 10 36 3
197 89.01 39.35 18.37 122.08 4 44 1
198 87.07 54.14 36.84 73.20 13 40 1
199 57.86 70.87 2.03 91.66 20 36 1
200 37.58 68.24 38.39 195.02 24 29 3
201 52.86 46.64 6.79 189.28 22 41 1
202 68.68 3.24 16.84 284.00 2 45 1
203 2.95 34.16 29.61 237.14 10 25 3
204 31.86 51.21 4.08 466.66 12 23 3
205 21.31 15.12 35.27 68.38 22 30 1
206 89.90 2.83 17.17 250.77 16 42 2
207 85.99 59.49 23.62 391.80 24 30 3
208 49.68 29.42 39.39 211.85 14 34 1
209 34.23 10.58 0.00 443.35 6 41 2
210 16.61 12.18 25.73 139.76 8 10 3
211 66.81 36.97 45.65 172.45 2 35 1
212 49.47 23.11 29.26 180.10 16 46 2
213 53.49 98.06 12.30 261.43 6 43 1
214 97.80 90.22 40.16 304.44 20 43 2
215 22.73 47.29 39.38 83.88 3 5 2
216 61.88 0.82 24.35 228.91 11 43 2
217 51.21 93.06 42.65 114.14 9 44 3
218 53.86 21.13 8.22 477.61 23 30 2
219 13.14 12.34 9.45 152.99 12 29 3
220 14.19 35.38 44.75 336.98 16 42 2
221 43.18 81.85 15.25 243.31 23 39 1
222 69.93 50.11 12.02 276.02 23 42 1
223 74.53 99.97 47.91 85.69 20 41 3
224 2.53 10.69 28.31 437.72 0 12 3
225 71.22 85.19 13.85 418.03 6 10 1
226 26.46 93.23 7.16 132.02 12 31 3
227 27.81 59.53 32.50 464.93 2 8 3
228 72.87 15.57 19.12 288.01 19 25 2
229 19.07 66.70 35.92 388.30 5 11 3
230 70.88 30.65 26.06 276.64 16 48 3
231 79.84 59.04 23.76 269.64 13 42 2
232 2.25 38.42 19.14 493.90 5 37 2
233 1.98 7.85 24.45 179.83 22 40 1
234 88.95 49.19 42.05 440.97 0 17 1
235 76.41 84.13 10.17 94.10 19 46 2
236 32.15 98.34 8.57 74.34 14 16 3
237 27.55 54.78 14.03 472.82 13 34 3
238 30.01 79.90 4.05 176.95 9 32 1
239 34.46 28.63 45.21 383.06 5 9 3
240 53.13 40.65 30.83 398.79 16 38 2
241 54.59 93.33 31.75 315.14 22 48 1
242 21.01 66.05 24.61 352.91 6 36 2
243 10.87 65.77 27.03 253.01 20 44 2
244 80.91 39.06 48.87 457.92 3 42 2
245 34.36 96.66 41.61 102.03 15 28 2
246 29.95 35.35 25.12 210.35 9 32 1
247 8.53 79.00 18.26 252.77 16 16 2
248 28.03 50.53 37.03 357.98 14 29 2
249 69.15 67.43 47.73 343.04 1 3 3
250 99.56 69.57 42.52 491.99 18 42 3
251 40.43 67.68 40.69 391.31 6 42 3
252 48.83 14.61 38.95 418.32 11 39 1
253 60.48 22.03 6.94 91.54 9 12 1
254 13.96 39.03 44.04 344.73 22 24 3
255 86.61 30.40 31.77 332.96 16 33 1
256 88.87 75.07 33.34 117.90 22 45 1
257 3.72 59.35 29.19 124.25 5 22 3
258 88.27 94.09 6.49 198.80 17 20 2
259 97.60 77.93 33.36 259.52 11 26 3
260 96.00 19.38 23.41 185.61 13 30 2
261 12.00 63.62 8.90 244.18 18 28 2
262 89.11 62.96 4.58 67.85 5 25 3
263 66.29 87.02 14.39 396.35 5 15 3
264 74.10 11.81 41.67 492.87 8 13 3
265 57.89 69.06 47.88 395.36 9 45 2
266 14.17 63.51 0.27 342.32 22 34 2
267 69.96 59.12 2.60 463.75 12 37 1
268 64.94 35.60 19.64 150.36 9 21 1
269 23.09 12.85 15.85 189.22 18 32 1
270 77.85 65.84 26.31 298.26 17 39 2
271 74.22 94.56 38.30 85.20 3 33 2
272 64.21 82.83 30.10 213.64 16 35 2
273 87.64 58.73 42.12 391.56 9 23 2
274 68.88 50.12 18.76 291.31 24 32 3
275 63.75 31.33 43.98 62.15 11 22 3
276 10.72 47.74 7.28 283.24 13 25 2
277 65.94 74.73 24.96 466.45 15 30 2
278 37.65 33.88 33.32 346.46 18 37 3
279 47.18 96.97 42.64 468.86 18 19 2
280 90.87 75.51 22.99 178.25 19 21 2
281 64.99 95.71 11.67 342.59 4 38 3
282 12.31 77.39 1.26 296.61 4 20 2
283 42.48 16.63 38.77 116.31 0 26 3
284 92.50 19.36 14.17 166.13 11 29 3
285 20.78 90.76 15.89 425.41 7 10 3
286 13.34 22.78 11.92 86.54 8 28 1
287 17.75 12.30 23.64 222.98 21 27 3
288 87.48 75.73 3.96 127.41 5 6 1
289 61.86 8.85 4.47 82.12 9 18 2
290 26.80 31.68 34.18 221.44 20 35 3
291 50.56 55.97 14.58 341.92 22 23 2
292 49.15 48.27 43.57 85.43 12 38 2
293 56.35 7.11 32.46 161.02 12 17 1
294 89.32 76.12 0.48 203.89 19 33 3
295 37.56 99.44 40.12 240.82 1 15 1
296 11.19 2.98 14.74 82.57 21 37 2
297 55.90 80.21 7.95 328.52 20 48 3
298 69.62 18.85 9.03 189.69 18 48 1
299 31.34 3.73 6.59 350.31 16 48 1
300 3.49 77.68 37.29 106.87 11 26 2
301 84.51 11.03 14.30 447.69 5 43 1
302 89.38 71.71 1.12 369.06 14 36 3
303 88.58 51.88 28.46 255.97 11 42 2
304 73.84 8.64 28.00 266.57 0 9 2
305 78.58 56.19 11.09 371.77 21 32 2
306 61.25 67.21 25.41 167.32 24 29 2
307 44.11 85.45 5.53 403.04 4 47 1
308 8.04 83.71 49.98 475.02 14 27 2
309 3.48 80.83 38.63 445.01 14 21 3
310 72.88 82.96 24.05 201.34 4 15 3
311 65.37 28.47 32.54 437.49 5 27 2
312 21.82 37.31 5.18 145.25 15 38 1
313 67.03 44.62 31.60 313.31 21 36 2
314 71.00 66.80 15.49 218.79 2 43 3
315 79.18 19.62 17.25 331.69 13 17 2
316 16.41 46.09 9.19 375.97 10 31 2
317 77.22 56.05 9.52 236.10 14 46 3
318 80.11 16.33 24.92 449.41 3 12 1
319 3.63 41.74 21.86 479.78 14 43 1
320 63.80 0.61 10.31 375.50 19 24 2
321 58.03 76.20 15.08 234.38 0 46 1
322 47.31 58.28 30.64 312.79 12 15 3
323 99.29 98.05 33.69 110.27 11 38 1
324 76.98 18.53 11.52 55.58 16 37 2
325 49.61 38.19 46.22 485.25 12 13 3
326 37.48 47.91 15.58 82.59 18 25 1
327 49.11 8.80 17.78 245.24 14 21 2
328 11.91 24.11 31.98 434.25 20 35 2
329 43.98 47.17 42.16 255.04 12 42 1
330 78.45 45.33 25.02 358.98 21 38 1
331 4.06 95.06 14.26 135.12 20 40 2
332 25.34 67.01 43.72 290.40 23 30 2
333 88.06 7.87 38.89 209.58 5 20 1
334 29.18 46.74 12.77 484.26 21 35 3
335 69.86 58.69 44.26 168.66 7 45 1
336 67.54 73.44 49.65 189.50 9 26 2
337 90.34 26.90 27.88 74.21 8 29 1
338 77.57 31.46 27.98 495.15 20 28 3
339 47.01 41.24 6.45 415.55 9 48 2
340 32.25 88.41 41.62 170.80 14 26 2
341 71.19 78.21 7.81 119.75 19 24 2
342 55.16 2.42 37.28 124.11 5 14 1
343 91.25 58.85 35.13 75.29 20 46 2
344 38.12 87.19 28.95 197.25 7 28 3
345 77.72 59.15 8.70 197.27 9 14 1
346 20.20 61.73 23.45 449.02 21 29 2
347 13.48 90.57 49.48 413.09 7 17 1
348 13.37 32.19 49.35 368.45 22 44 3
349 98.70 40.79 21.35 375.28 22 48 1
350 51.32 79.85 12.27 256.77 0 40 3
351 55.14 93.24 44.03 487.95 9 43 3
352 21.60 93.78 27.72 357.01 2 14 1
353 65.63 3.39 17.64 79.92 9 44 2
354 65.43 98.66 42.71 148.61 8 39 3
355 57.98 65.12 38.82 412.60 20 26 3
356 14.10 22.10 2.16 310.64 6 24 3
357 70.74 12.37 5.99 193.63 19 30 1
358 31.91 49.58 31.85 79.56 10 40 1
359 66.03 64.73 0.38 158.06 3 48 2
360 1.78 25.37 37.29 419.93 2 38 3
361 66.20 15.32 11.01 58.00 21 25 1
362 86.97 95.71 0.54 430.41 13 13 1
363 14.69 22.54 5.05 124.17 16 16 3
364 65.05 37.84 42.81 98.46 5 24 3
365 22.59 12.19 21.74 329.60 14 26 3
366 29.74 55.25 19.21 423.05 5 47 3
367 39.50 25.49 44.06 482.58 8 43 3
368 39.09 83.01 27.32 149.66 12 36 2
369 39.42 7.53 10.12 198.59 7 14 3
370 99.45 9.00 34.88 149.35 5 33 1
371 36.47 38.73 32.41 212.83 6 45 1
372 4.91 81.63 31.55 237.56 13 44 1
373 48.23 43.11 1.38 466.28 22 30 1
374 32.60 93.20 22.36 161.94 11 22 3
375 74.18 66.99 1.63 109.48 3 19 2
376 45.75 39.88 29.38 174.68 15 17 2
377 62.56 50.76 44.33 219.01 5 32 1
378 49.29 59.86 6.84 292.46 5 23 2
379 78.05 32.22 8.95 64.43 7 40 3
380 10.27 62.13 11.04 354.11 17 39 1
381 52.32 39.84 28.75 76.08 0 45 1
382 59.81 1.48 33.22 302.98 10 35 1
383 67.91 52.14 32.05 344.13 14 43 3
384 33.45 79.86 47.30 131.44 6 38 1
385 72.08 34.83 23.46 304.37 23 32 2
386 6.86 15.24 35.73 392.30 8 42 2
387 25.89 95.31 23.26 199.97 23 40 3
388 41.05 89.48 19.10 421.10 5 25 1
389 94.71 78.02 40.67 68.11 19 39 3
390 47.18 79.72 7.52 197.11 19 36 3
391 10.59 56.43 4.02 80.37 23 24 3
392 95.21 62.20 19.27 478.06 24 48 2
393 71.02 86.86 49.36 338.76 4 40 1
394 42.34 80.77 10.10 494.82 8 34 2
395 87.87 90.79 42.17 179.95 10 15 3
396 34.98 73.82 30.29 128.30 7 39 3
397 47.45 18.34 7.49 487.36 19 23 2
398 29.45 26.73 0.49 287.89 4 45 1
399 88.35 24.11 26.42 60.00 21 27 1
400 32.91 67.05 40.71 295.12 22 46 1
401 90.14 8.40 28.77 301.84 13 43 1
402 35.79 51.90 45.85 339.88 0 2 1
403 62.76 92.09 47.93 307.94 21 48 3
404 68.59 28.29 44.25 239.74 8 12 2
405 1.46 34.64 17.94 241.20 18 21 2
406 35.58 60.38 2.49 112.55 10 39 1
407 22.91 24.53 0.01 404.28 1 24 3
408 19.03 67.42 23.34 70.73 15 29 3
409 14.18 60.05 10.10 342.83 20 41 3
410 59.09 36.79 46.33 180.21 11 46 2
411 39.44 25.89 32.15 142.38 17 24 1
412 72.77 37.76 15.15 203.04 18 21 3
413 72.47 54.98 0.16 215.85 1 40 2
414 40.88 26.40 25.38 417.18 2 28 2
415 85.76 93.21 3.23 63.95 19 25 1
416 17.58 91.39 30.49 382.11 24 40 3
417 5.29 56.74 46.43 123.08 22 46 1
418 84.34 36.05 22.94 85.33 3 23 3
419 83.79 78.07 47.03 136.61 9 47 3
420 87.96 83.99 6.86 194.46 23 43 1
421 13.23 65.88 30.07 124.37 1 29 1
422 40.38 28.76 45.01 443.64 8 26 1
423 14.08 23.05 37.90 320.81 7 32 1
424 23.75 92.57 29.66 466.80 24 25 2
425 95.10 76.87 43.50 237.80 1 48 2
426 71.70 41.00 49.01 458.66 12 42 3
427 20.76 45.08 1.82 461.23 4 37 3
428 2.93 98.05 46.41 83.98 0 46 3
429 49.81 95.99 12.76 198.59 20 38 1
430 40.33 75.44 35.65 121.95 16 21 3
431 20.77 95.29 38.47 442.23 5 13 2
432 91.66 99.64 20.63 322.59 15 20 3
433 14.78 90.41 42.19 79.23 1 43 3
434 45.28 40.46 26.77 371.65 11 37 2
435 18.42 10.98 12.70 314.25 18 44 1
436 79.19 46.17 7.62 429.36 12 20 3
437 92.30 59.37 22.15 332.09 13 37 2
438 59.78 4.47 49.77 215.88 21 32 2
439 8.43 19.17 36.45 100.46 11 18 1
440 49.72 62.91 44.65 298.73 10 22 2
441 61.75 78.75 1.97 325.71 13 36 1
442 27.23 98.34 25.36 152.98 10 22 1
443 48.38 9.30 26.49 304.52 8 39 2
444 28.98 93.97 17.14 222.09 14 20 1
445 85.85 3.28 20.46 89.93 8 19 2
446 25.32 69.79 9.75 247.17 17 37 2
447 66.29 98.70 41.57 202.33 15 35 1
448 61.80 61.31 45.72 160.13 17 19 1
449 26.48 60.86 17.84 484.56 24 31 2
450 9.03 48.73 22.31 234.26 4 32 2
451 60.33 73.46 17.18 287.30 10 33 3
452 24.11 13.09 2.49 78.17 15 29 3
453 94.03 63.49 43.18 74.16 10 29 1
454 91.16 84.52 26.20 217.03 2 36 3
455 40.74 13.50 2.21 74.00 11 26 1
456 79.43 10.26 34.95 54.03 10 41 2
457 89.16 25.01 9.93 336.59 1 15 3
458 13.27 73.75 27.49 354.82 23 35 3
459 47.10 33.95 11.54 462.34 16 39 2
460 88.49 31.71 45.91 174.05 24 31 1
461 14.57 40.01 39.66 326.01 24 33 1
462 36.79 69.79 14.60 234.23 15 18 3
463 19.67 20.38 37.62 320.59 3 41 1
464 65.44 67.33 43.24 92.03 17 18 3
465 46.53 96.49 9.00 287.59 6 43 1
466 5.07 82.79 17.81 280.59 17 44 2
467 49.13 31.29 44.76 417.62 5 11 2
468 96.94 59.51 18.93 303.20 15 22 1
469 53.49 16.64 27.79 437.58 3 42 3
470 68.26 39.90 28.72 249.98 22 35 3
471 34.77 66.44 34.38 328.03 24 24 2
472 85.69 81.69 25.80 310.70 22 47 3
473 47.67 18.82 13.97 198.98 17 31 1
474 50.06 14.75 27.22 246.46 11 11 1
475 75.80 91.00 40.83 418.57 22 42 3
476 25.26 51.86 33.49 65.94 17 33 1
477 45.36 51.59 16.61 171.73 10 17 2
478 70.89 43.72 10.83 175.59 11 24 2
479 79.26 55.29 27.81 53.34 12 33 1
480 45.32 9.96 1.60 112.04 6 13 2
481 43.62 62.27 47.92 338.24 7 10 1
482 9.73 18.14 33.76 473.55 9 24 2
483 21.65 51.86 23.80 65.92 16 45 2
484 77.36 14.35 2.47 136.32 3 14 1
485 97.48 0.96 40.85 64.29 3 28 3
486 0.18 33.40 18.93 433.62 18 20 2
487 99.21 76.31 7.53 323.84 19 32 3
488 17.04 39.37 15.43 248.16 5 11 1
489 55.45 77.63 2.67 230.24 7 22 1
490 38.72 37.16 39.51 140.02 16 39 2
491 83.11 99.13 32.40 69.20 16 47 2
492 59.09 35.81 34.28 370.69 0 11 1
493 10.57 84.57 41.68 304.29 3 40 1
494 88.28 69.12 1.67 478.06 16 34 2
495 2.43 57.09 18.33 427.05 16 48 3
496 0.44 10.33 19.64 87.43 1 7 2
497 86.93 31.19 34.61 358.72 10 33 2
498 53.46 44.93 17.11 290.99 12 14 3
499 34.77 15.15 17.28 458.69 21 31 3
500 6.89 76.33 37.53 120.81 24 34 3
1 103.60 3219.66 1
2 146.52 4611.66 2
3 135.01 3971.19 3
4 153.72 4864.98 3
5 166.79 4654.93 2
6 161.98 3126.31 1
1 1.01 49.38 4
2 1.34 43.73 5
3 1.85 37.99 1
4 1.87 38.65 2
5 1.84 47.84 3
6 1.67 49.06 3
