Data for Vehicle routing problem with drones - Author: Huyen Do Thi Ngoc
Number of depots: 2
Number of cities: 300
Number of trucks: 7
Number of drones: 13
Area: 100 100 50
Customer maximum demand: 500
Max capacity of truck: 200
Max energy of truck: 5000
Max capacity of drone: 2
Max energy of drone: 50
1 92.23 10.04 3.18
2 9.85 66.73 39.48
1 9.67 79.12 12.73 208.59 22 47 2
2 71.17 29.32 42.88 464.21 9 18 2
3 93.19 94.00 24.60 173.74 19 31 1
4 60.46 88.88 13.66 97.77 23 34 1
5 39.22 37.49 24.54 187.02 9 36 2
6 3.53 4.26 24.54 174.45 24 24 1
7 82.80 61.19 28.34 215.92 13 39 1
8 56.96 57.60 43.74 343.56 23 23 1
9 81.67 90.45 2.25 141.26 24 30 1
10 74.04 4.54 1.11 109.28 13 29 1
11 99.19 58.98 46.03 459.56 2 36 2
12 32.20 20.62 15.79 400.13 18 23 1
13 16.69 74.61 10.93 269.62 12 13 1
14 95.78 11.67 24.41 149.24 21 42 1
15 11.41 60.19 15.22 355.89 4 11 2
16 78.66 1.26 35.59 405.23 20 29 2
17 12.97 79.07 31.42 129.69 22 45 1
18 37.55 66.08 17.73 426.19 15 42 2
19 14.64 62.23 48.21 73.67 5 19 1
20 95.49 61.26 6.81 298.49 22 26 1
21 86.39 6.60 30.13 180.28 3 48 1
22 75.94 42.09 24.46 383.25 4 7 1
23 42.60 25.33 7.58 169.77 17 30 2
24 69.09 35.27 17.75 121.74 22 39 1
25 62.57 82.87 14.25 473.42 13 24 2
26 88.13 11.26 29.04 322.12 18 28 2
27 16.76 2.78 27.58 345.35 10 33 1
28 35.07 66.37 22.38 176.40 10 23 1
29 43.56 53.71 24.48 220.27 3 5 2
30 74.67 6.11 3.60 233.95 13 44 2
31 94.26 3.65 19.31 106.68 3 12 1
32 48.49 43.75 31.45 407.68 22 33 2
33 38.51 26.64 24.39 457.69 0 24 1
34 93.84 39.83 24.61 473.52 14 20 2
35 84.58 35.80 31.47 477.60 24 31 2
36 55.78 92.90 22.31 472.64 2 29 1
37 64.98 87.89 43.21 223.73 15 16 1
38 8.94 44.30 7.64 394.37 22 47 2
39 79.57 28.84 29.42 178.45 1 18 1
40 46.56 55.60 11.93 401.73 6 39 1
41 86.13 81.21 21.73 293.91 16 34 1
42 64.78 58.28 16.30 175.91 15 40 2
43 90.01 90.96 11.64 267.41 6 30 1
44 3.25 9.91 22.96 280.45 21 41 1
45 76.98 94.57 26.27 192.56 18 23 1
46 42.54 28.12 28.84 385.84 23 34 2
47 94.49 80.11 36.77 227.37 12 21 1
48 14.97 64.01 5.63 81.91 1 14 1
49 87.93 28.12 24.38 333.20 5 9 1
50 26.42 8.36 27.19 330.32 9 20 2
51 30.16 63.77 10.25 145.66 18 44 1
52 58.51 56.65 48.95 476.09 19 29 1
53 1.44 76.04 33.67 408.23 17 26 2
54 70.90 27.25 3.26 360.35 10 47 1
55 10.86 29.40 43.93 109.96 7 43 2
56 87.81 28.08 33.76 97.23 17 33 1
57 99.94 74.06 46.10 129.83 19 42 1
58 8.02 99.01 6.34 115.54 10 40 1
59 60.19 9.43 3.20 393.70 12 25 1
60 10.23 96.02 43.77 249.02 12 35 1
61 35.42 83.96 45.66 474.87 24 26 2
62 44.44 37.31 47.14 140.74 20 22 1
63 25.45 44.11 1.76 220.52 18 43 1
64 14.37 18.06 3.54 357.03 17 35 1
65 89.47 92.76 32.50 367.73 21 32 1
66 89.92 0.06 15.35 357.91 3 25 2
67 9.31 17.81 31.56 421.90 22 24 1
68 55.27 26.19 36.01 358.09 15 37 1
69 92.07 35.69 36.20 144.08 6 24 1
70 16.58 96.19 22.78 110.09 0 0 2
71 71.19 73.43 25.34 153.16 9 13 2
72 62.12 97.60 21.90 50.15 10 35 1
73 32.91 85.09 18.60 223.97 13 22 2
74 49.22 89.72 44.30 197.47 0 20 1
75 20.38 59.80 46.02 328.26 10 20 1
76 19.74 82.71 7.43 199.78 8 33 2
77 82.82 47.17 7.64 280.90 9 48 1
78 73.15 68.71 25.30 372.91 15 30 1
79 27.13 80.32 3.00 358.53 1 42 2
80 37.36 58.40 22.86 299.07 6 24 1
81 68.19 99.86 36.06 325.56 6 31 2
82 88.73 77.39 6.52 499.17 16 24 2
83 35.58 56.93 13.44 226.70 5 32 2
84 45.80 58.22 47.00 330.40 4 24 1
85 18.59 22.26 8.55 336.96 1 5 1
86 4.11 40.70 29.82 370.04 11 27 2
87 23.97 4.15 29.75 87.76 11 44 1
88 76.22 31.68 27.04 186.90 4 16 1
89 7.23 5.05 29.08 314.29 2 19 2
90 63.82 30.33 38.80 192.20 19 25 2
91 80.68 86.32 30.71 457.73 10 39 1
92 81.38 72.19 32.79 474.01 18 43 2
93 62.38 78.23 29.22 365.77 18 28 1
94 62.86 36.74 7.04 327.11 15 21 1
95 32.05 28.99 12.09 267.37 5 37 1
96 17.55 4.87 7.86 389.42 16 38 1
97 57.91 67.54 9.25 88.73 6 26 2
98 57.02 98.65 35.11 254.97 5 20 2
99 79.58 61.19 25.80 122.48 3 40 2
100 78.37 30.88 21.13 481.85 16 26 2
101 24.33 18.64 10.37 174.95 14 39 2
102 63.01 45.23 44.76 463.59 17 28 2
103 29.20 18.01 11.06 345.25 24 35 1
104 54.15 96.14 28.71 55.68 14 39 2
105 3.49 60.97 46.99 280.29 9 18 2
106 60.17 82.72 48.33 329.60 12 18 1
107 64.35 21.62 46.52 95.55 2 30 2
108 78.11 80.02 23.76 351.66 1 31 1
109 30.95 68.35 38.66 220.34 3 8 1
110 27.34 16.57 13.83 256.22 2 15 1
111 85.39 49.21 14.04 237.83 6 33 1
112 52.81 9.98 12.11 303.43 17 39 1
113 16.46 39.02 29.91 98.08 20 37 2
114 58.82 87.75 41.10 167.79 12 37 1
115 82.65 70.79 6.53 288.60 23 34 1
116 55.13 62.34 2.20 227.31 1 41 1
117 40.33 3.21 7.01 152.93 0 18 1
118 16.98 16.50 23.09 428.14 21 38 1
119 78.11 60.45 43.29 353.07 14 26 1
120 86.84 57.86 43.81 307.91 18 42 1
121 24.30 38.22 27.14 336.14 3 36 2
122 83.10 97.17 42.94 278.81 9 48 2
123 49.06 99.56 49.54 477.60 21 27 2
124 81.08 55.54 18.70 358.18 1 21 2
125 19.42 23.18 2.20 337.48 7 15 1
126 93.92 2.37 47.09 472.72 15 36 1
127 55.27 39.49 4.45 338.93 8 32 2
128 58.29 89.57 34.70 439.29 24 47 2
129 13.24 77.92 19.15 399.85 13 23 2
130 86.22 73.34 11.70 166.10 15 23 1
131 38.45 87.13 25.60 100.05 19 21 2
132 11.37 19.88 0.66 348.47 19 44 2
133 16.06 78.13 6.98 346.09 10 14 2
134 69.30 29.55 9.61 106.34 10 27 1
135 98.79 82.30 1.83 436.10 10 13 1
136 34.65 66.95 40.26 498.90 4 6 2
137 1.33 68.89 4.36 266.24 11 35 1
138 89.92 86.16 45.64 130.03 12 36 2
139 55.60 84.49 32.66 198.13 15 21 1
140 92.66 20.31 15.32 453.90 12 35 2
141 74.11 69.23 11.00 62.02 15 31 2
142 91.94 38.67 7.62 335.16 11 25 1
143 48.15 37.38 17.83 368.72 2 35 2
144 5.27 9.55 20.69 337.61 0 4 1
145 92.40 35.04 46.42 294.22 7 41 1
146 83.28 82.91 46.78 345.18 22 35 2
147 10.40 40.05 2.60 477.39 15 47 1
148 39.95 56.28 23.47 281.81 1 14 2
149 67.31 37.90 15.11 229.71 4 41 1
150 98.28 74.78 0.81 347.53 6 17 2
151 35.58 92.29 14.42 52.51 24 25 1
152 42.19 96.67 22.38 148.36 14 37 1
153 59.95 96.78 8.83 489.56 3 32 1
154 60.79 42.11 0.60 259.45 24 36 1
155 59.24 37.91 34.35 187.98 17 48 2
156 13.78 27.01 17.40 412.10 14 36 2
157 69.77 11.56 35.26 295.87 18 21 2
158 86.07 56.69 29.97 265.09 0 10 2
159 67.09 45.00 0.57 65.09 14 26 2
160 96.91 48.55 44.15 333.60 23 43 2
161 88.29 34.54 30.48 211.66 21 25 1
162 27.68 19.34 32.91 410.40 1 18 1
163 95.62 4.48 31.10 279.44 18 27 2
164 81.54 23.19 47.96 298.08 0 33 2
165 99.90 41.53 35.72 342.24 9 34 2
166 99.46 52.27 14.68 326.52 18 25 2
167 38.81 40.64 36.84 290.52 8 12 2
168 6.78 76.76 11.28 455.25 4 39 2
169 56.88 54.88 40.52 288.50 19 33 1
170 74.34 85.26 6.19 493.61 17 22 2
171 24.19 92.20 15.60 409.89 3 23 1
172 58.09 19.47 46.54 341.31 3 37 1
173 17.05 93.18 23.21 414.63 14 24 2
174 46.66 66.58 10.73 330.87 23 38 1
175 10.51 50.88 22.88 100.69 3 40 1
176 69.14 43.43 45.25 390.68 10 28 2
177 20.79 12.93 6.87 162.10 19 45 2
178 36.07 81.99 35.74 91.32 11 34 1
179 56.77 48.04 1.90 307.78 0 17 1
180 90.92 10.11 33.42 235.97 7 14 2
181 5.10 76.94 48.56 192.12 19 23 2
182 9.61 79.58 15.09 244.24 3 39 2
183 68.21 30.27 16.45 295.37 1 42 2
184 21.08 32.31 46.26 488.51 14 19 2
185 60.53 59.63 41.18 496.28 1 13 1
186 95.13 12.80 19.83 324.51 6 46 1
187 7.06 17.67 4.38 357.17 9 17 2
188 89.73 38.36 18.29 474.46 15 27 2
189 85.43 85.24 20.25 347.96 13 18 2
190 39.39 11.79 14.53 372.04 20 24 2
191 27.83 21.84 18.35 287.33 18 26 1
192 76.55 62.09 29.53 418.91 2 12 2
193 32.93 4.38 22.64 477.46 9 21 2
194 42.20 99.90 4.47 484.65 18 44 1
195 46.95 91.13 20.67 442.97 20 46 2
196 75.30 94.72 24.11 278.21 8 12 2
197 83.62 79.33 3.14 201.29 14 22 1
198 77.55 78.76 48.49 144.73 14 45 2
199 77.63 65.68 41.29 305.73 8 40 1
200 54.00 37.03 25.42 378.18 16 23 1
201 79.19 57.33 0.49 164.76 16 20 1
202 43.54 18.08 10.46 287.51 8 39 2
203 62.93 39.73 39.70 190.41 7 11 2
204 7.93 99.66 31.49 452.42 15 21 2
205 59.96 23.30 30.48 188.03 9 10 2
206 81.32 89.57 23.70 305.90 11 25 2
207 4.06 22.42 0.04 456.42 18 35 2
208 19.23 25.30 43.36 208.33 7 47 2
209 3.95 96.31 26.74 56.61 19 20 2
210 91.29 69.19 7.23 431.90 20 43 1
211 9.03 54.67 28.72 356.09 0 1 2
212 35.96 91.19 6.90 168.69 21 47 1
213 22.98 66.02 20.98 425.66 19 32 2
214 21.07 73.06 23.85 320.09 8 29 1
215 37.48 18.03 49.59 108.32 5 6 2
216 23.81 31.63 28.37 321.97 20 25 1
217 39.72 62.91 17.26 373.95 16 46 2
218 82.45 73.97 47.43 490.94 24 38 2
219 14.94 60.96 44.55 367.35 17 45 2
220 66.94 32.30 33.35 429.06 8 33 2
221 25.38 19.60 29.26 234.66 11 29 2
222 7.65 88.45 39.54 167.80 2 45 1
223 69.78 62.72 39.63 375.97 4 10 2
224 21.84 11.84 49.66 325.03 20 43 1
225 27.52 46.74 15.91 419.42 11 25 2
226 86.61 66.64 34.74 402.20 9 23 2
227 83.15 1.48 15.57 54.66 5 10 1
228 97.91 0.74 0.43 243.73 21 45 2
229 62.15 44.67 33.19 122.44 3 5 2
230 20.87 25.39 44.95 172.29 21 33 1
231 1.10 19.01 44.69 440.21 14 43 1
232 3.47 28.26 19.40 324.67 12 23 2
233 97.01 48.34 47.79 456.84 18 20 2
234 37.44 62.77 8.38 262.37 14 19 2
235 9.43 16.25 26.58 424.06 13 25 2
236 52.26 78.01 27.92 327.11 11 13 1
237 5.36 97.57 37.92 285.68 7 18 2
238 67.98 63.49 2.55 409.59 6 14 2
239 46.21 64.61 26.54 357.66 0 9 2
240 1.57 11.80 10.12 120.23 8 48 2
241 20.17 43.08 25.56 308.72 22 42 1
242 8.68 15.67 47.36 365.74 14 41 2
243 83.64 13.53 28.87 430.69 11 14 2
244 40.70 77.26 19.74 467.96 5 46 2
245 17.66 44.65 47.64 208.32 21 28 1
246 6.99 62.59 38.84 98.82 6 6 2
247 26.73 61.79 1.37 79.58 22 37 1
248 91.91 15.33 13.92 423.90 2 10 2
249 90.56 13.56 28.80 487.55 15 47 2
250 58.31 77.76 8.23 365.83 14 32 2
251 9.46 0.98 39.54 404.21 7 14 1
252 17.02 82.10 10.60 248.68 16 45 1
253 62.85 18.73 46.98 346.28 12 26 2
254 46.24 59.87 26.03 462.85 23 32 2
255 7.58 23.95 7.63 59.58 16 32 2
256 81.96 75.90 47.58 185.33 0 25 1
257 52.44 37.21 42.79 329.34 17 34 1
258 76.07 75.12 27.79 335.70 1 6 2
259 31.21 58.83 23.59 313.18 23 35 1
260 57.31 24.16 15.90 280.78 9 21 1
261 9.38 31.68 46.73 392.13 19 34 2
262 57.13 90.88 0.73 396.41 8 12 2
263 26.64 86.55 19.42 171.82 14 31 1
264 52.00 51.28 24.54 151.02 20 36 2
265 4.52 31.09 9.16 295.34 17 34 2
266 52.64 23.50 21.52 398.66 9 24 1
267 17.50 27.92 38.80 284.09 12 17 1
268 31.44 82.56 41.56 263.33 6 32 1
269 33.30 71.22 15.41 251.13 9 30 2
270 83.33 39.78 27.50 375.43 9 34 1
271 14.62 77.97 28.70 363.29 5 12 1
272 9.12 78.20 10.61 53.06 8 19 2
273 16.40 63.53 18.32 231.90 9 20 1
274 14.00 84.80 19.61 373.68 2 11 1
275 48.35 9.82 46.19 249.64 5 13 2
276 99.38 39.83 14.58 479.88 2 18 1
277 49.98 45.21 10.65 289.28 2 27 1
278 89.57 43.24 35.78 344.85 16 40 1
279 34.49 89.95 2.35 216.38 15 35 1
280 58.32 45.37 32.74 232.83 9 29 1
281 60.46 58.60 17.67 64.00 24 33 1
282 45.52 93.56 10.97 88.12 2 17 1
283 18.27 80.62 48.65 208.52 12 34 2
284 85.73 42.22 46.14 309.83 3 36 1
285 58.18 27.52 22.33 466.53 3 5 1
286 39.42 28.25 0.22 488.53 1 30 2
287 44.67 40.97 28.24 475.51 2 23 2
288 19.94 37.15 39.69 394.81 19 41 1
289 69.62 2.86 30.69 52.22 23 33 2
290 51.47 31.79 18.82 250.88 19 39 2
291 78.27 65.22 32.11 262.08 5 31 1
292 56.26 22.80 7.03 289.97 3 13 2
293 7.30 21.01 19.21 52.84 17 31 1
294 62.94 39.66 10.70 134.48 7 32 1
295 73.12 61.95 15.64 377.79 11 22 2
296 84.33 14.56 16.06 103.81 11 31 2
297 83.67 0.74 49.13 169.63 24 28 1
298 46.70 92.09 5.40 423.90 9 38 1
299 99.45 36.45 34.14 87.29 21 32 1
300 92.03 40.20 45.05 246.83 9 39 2
1 142.22 4073.90 1
2 134.51 4662.36 2
3 106.81 2815.00 2
4 143.14 3628.14 2
5 136.27 2936.15 2
6 189.75 4009.38 1
7 140.11 4793.20 2
1 1.12 26.73 6
2 1.83 45.18 5
3 1.51 37.58 1
4 1.33 49.43 5
5 1.85 45.24 4
6 1.39 42.60 3
7 1.31 47.05 6
8 1.19 49.43 3
9 1.13 29.59 5
10 1.38 45.29 5
11 1.13 40.27 4
12 1.71 49.51 1
13 1.63 25.75 3
