Data for Vehicle routing problem with drones - Author: Huyen Do Thi Ngoc
Number of depots: 5
Number of cities: 100
Number of trucks: 7
Number of drones: 13
Area: 100 100 50
Customer maximum demand: 500
Max capacity of truck: 200
Max energy of truck: 5000
Max capacity of drone: 2
Max energy of drone: 50
1 69.91 51.20 24.74
2 30.00 40.61 21.13
3 68.88 32.91 3.82
4 59.88 26.75 1.61
5 56.06 41.65 14.37
1 46.68 9.11 27.13 202.37 8 37 5
2 95.09 84.06 20.23 270.81 16 22 2
3 99.55 60.84 34.03 113.87 22 30 4
4 26.32 15.75 6.22 473.55 21 42 3
5 24.42 41.68 25.09 193.02 11 12 3
6 47.02 87.80 40.35 214.31 10 40 5
7 72.03 85.37 7.09 340.79 13 26 2
8 85.22 10.27 0.22 90.03 11 24 3
9 16.47 12.08 31.82 123.11 11 30 2
10 16.80 31.43 23.61 405.62 21 38 3
11 78.79 38.32 30.63 237.61 5 38 4
12 55.89 49.66 38.85 126.79 1 39 3
13 23.90 73.81 26.80 200.32 10 37 1
14 73.12 67.66 31.59 92.73 13 39 1
15 60.31 29.50 6.52 98.88 9 29 5
16 85.13 59.51 49.06 166.96 11 15 4
17 10.11 94.33 28.01 181.79 17 45 5
18 32.60 32.51 46.19 380.49 21 26 4
19 15.15 71.35 40.70 203.79 8 17 2
20 39.33 75.18 45.41 109.23 21 26 2
21 48.61 82.87 43.84 306.33 23 47 5
22 25.16 14.58 25.75 231.68 18 34 1
23 11.73 68.17 32.07 252.37 2 30 2
24 5.13 2.16 37.83 268.22 20 43 2
25 73.46 30.38 35.32 231.70 6 37 2
26 38.25 95.74 18.63 373.91 16 29 4
27 54.78 9.93 2.63 145.32 18 20 3
28 35.68 14.41 28.43 222.91 10 45 1
29 60.41 93.14 19.21 97.59 20 32 3
30 99.52 82.64 42.65 234.01 6 41 5
31 69.06 64.29 11.74 108.66 3 39 2
32 1.35 42.46 38.99 438.97 11 27 5
33 16.32 63.99 24.37 295.99 21 37 4
34 70.42 26.85 6.58 189.50 16 39 5
35 77.68 58.39 16.29 381.72 9 38 1
36 6.16 1.60 5.92 301.07 13 45 2
37 60.96 21.42 16.04 487.02 2 29 3
38 1.22 86.89 23.50 257.20 21 22 5
39 87.97 29.95 40.06 73.25 5 24 4
40 51.60 44.12 46.21 236.48 15 40 5
41 80.36 18.48 23.00 152.03 12 48 1
42 43.38 30.19 28.58 472.85 21 41 3
43 63.79 67.62 37.70 387.91 4 10 1
44 5.06 15.88 26.24 426.96 17 31 3
45 58.78 73.74 49.30 332.76 1 3 2
46 90.03 79.52 4.16 75.14 3 35 5
47 84.10 77.85 9.69 292.26 10 46 1
48 10.64 53.78 13.53 179.38 0 33 1
49 87.17 15.83 26.03 127.58 4 23 1
50 24.64 35.35 0.84 236.42 9 45 1
51 20.59 51.71 7.81 419.91 21 33 5
52 14.71 92.94 29.00 98.40 0 28 1
53 49.59 1.37 4.77 243.20 8 23 2
54 46.83 73.48 24.57 445.91 15 37 1
55 99.45 88.85 22.61 171.98 12 19 4
56 20.92 9.51 49.44 181.03 24 45 2
57 59.19 9.63 29.89 154.57 19 44 2
58 28.12 14.97 5.92 273.54 17 41 2
59 63.30 78.41 16.83 191.74 18 45 2
60 66.96 35.23 11.02 387.27 18 33 3
61 65.76 31.34 46.78 464.86 10 41 5
62 52.49 61.36 44.95 87.87 23 37 4
63 51.21 73.46 29.42 409.68 2 42 2
64 17.52 73.70 43.34 101.16 9 29 2
65 59.53 89.06 47.90 215.81 3 46 4
66 97.08 5.09 36.13 399.96 9 20 3
67 14.29 77.47 3.45 98.26 5 13 1
68 22.13 44.87 6.25 246.74 13 44 1
69 55.30 31.90 16.57 108.78 2 35 4
70 95.77 95.79 39.62 414.02 1 7 5
71 35.92 34.62 48.47 179.65 22 44 1
72 1.86 25.48 16.88 86.46 8 28 5
73 38.03 25.81 45.12 93.39 21 45 5
74 45.09 17.77 24.44 281.99 0 2 5
75 25.47 6.88 6.98 218.41 3 41 1
76 69.64 11.20 11.50 385.75 9 21 2
77 60.88 81.01 33.58 321.04 3 21 1
78 97.08 48.58 15.14 131.14 5 48 4
79 32.42 74.25 9.35 427.44 6 18 4
80 6.13 35.03 41.68 383.38 13 26 1
81 45.24 26.38 29.85 479.78 22 42 2
82 13.96 65.12 29.56 321.21 15 44 3
83 16.61 66.65 44.86 233.45 4 16 2
84 9.94 12.15 16.70 452.55 8 36 1
85 82.09 64.15 0.53 361.35 9 29 4
86 65.30 66.49 48.64 342.82 12 46 3
87 55.19 75.61 11.47 375.72 16 40 1
88 29.90 87.18 10.60 93.92 0 29 2
89 65.81 64.24 26.76 207.96 0 1 1
90 80.92 54.66 6.15 421.32 7 44 4
91 62.43 33.75 46.00 418.36 10 17 2
92 72.50 93.42 31.95 402.19 17 39 4
93 49.59 61.86 47.45 163.28 22 26 2
94 99.20 78.99 29.75 309.29 14 28 3
95 11.81 44.37 1.57 183.66 19 26 1
96 89.46 86.86 46.71 57.17 6 41 5
97 34.87 55.68 34.45 169.64 13 46 1
98 36.00 59.77 47.53 313.20 14 35 5
99 64.54 64.74 20.68 246.53 6 9 5
100 2.81 8.48 5.12 221.84 7 41 5
1 119.07 4794.02 1
2 169.08 4598.85 2
3 180.67 3067.23 3
4 146.15 4150.10 4
5 196.53 3411.16 5
6 185.78 4269.90 1
7 137.86 3505.31 1
1 1.41 31.50 4
2 1.08 43.98 6
3 1.98 32.85 2
4 1.11 34.67 6
5 1.05 47.90 7
6 1.96 49.14 1
7 1.15 44.34 7
8 1.37 27.22 7
9 1.42 46.57 7
10 1.47 44.98 3
11 1.94 36.60 6
12 1.98 42.75 7
13 1.45 29.06 4
