Data for Vehicle routing problem with drones - Author: Huyen Do Thi Ngoc
Number of depots: 5
Number of cities: 500
Number of trucks: 7
Number of drones: 12
Area: 100 100 50
Customer maximum demand: 500
Max capacity of truck: 200
Max energy of truck: 5000
Max capacity of drone: 2
Max energy of drone: 50
1 41.15 82.06 49.25
2 33.16 79.66 44.70
3 26.90 47.20 7.58
4 97.60 61.65 18.61
5 9.24 19.10 28.96
1 67.31 87.66 20.64 345.40 12 28 4
2 40.90 94.08 18.57 128.43 11 48 3
3 43.83 9.60 22.55 271.42 14 40 3
4 5.98 50.42 35.19 166.38 0 35 1
5 52.74 29.09 41.67 72.46 9 35 1
6 88.69 18.79 4.13 207.18 18 39 5
7 27.23 36.25 10.27 350.94 6 21 2
8 68.45 69.08 25.12 287.17 13 25 5
9 52.49 29.62 12.95 334.43 15 21 2
10 31.65 69.50 9.17 393.02 12 31 5
11 16.96 41.45 29.13 307.91 24 37 5
12 24.85 63.50 38.22 322.58 2 10 5
13 47.69 24.34 0.06 145.72 19 26 3
14 80.08 79.06 34.19 185.30 8 29 1
15 59.04 59.43 39.56 446.68 9 24 2
16 69.95 50.24 16.19 175.31 17 38 2
17 35.22 93.68 18.93 289.86 17 23 3
18 0.32 34.63 35.32 428.57 15 48 5
19 56.03 86.82 26.56 487.80 11 48 3
20 66.75 63.30 49.67 229.04 0 8 3
21 98.18 84.73 47.49 132.52 24 39 5
22 95.84 15.67 43.25 471.42 4 11 3
23 26.63 36.99 36.82 270.34 6 16 2
24 58.90 41.83 5.42 120.29 2 30 3
25 31.20 75.72 43.82 369.09 11 44 1
26 31.65 89.79 34.97 55.87 16 19 1
27 31.93 14.93 41.26 333.75 13 14 1
28 22.90 24.51 43.68 415.38 0 46 3
29 31.51 76.66 35.45 60.34 4 32 2
30 21.84 80.30 30.28 168.45 13 13 3
31 61.89 76.72 43.78 194.25 23 35 1
32 90.74 93.75 10.08 351.27 17 25 4
33 73.13 17.14 1.06 368.01 12 39 2
34 38.21 8.85 46.33 319.75 9 41 4
35 94.05 39.38 24.75 462.96 15 15 1
36 85.00 50.83 8.03 399.54 12 41 5
37 74.23 47.22 24.99 357.32 17 45 3
38 62.28 80.13 36.37 494.91 5 37 1
39 0.82 80.76 16.61 86.88 3 43 2
40 60.79 45.82 20.17 379.04 18 24 3
41 96.56 36.10 1.91 132.33 18 29 4
42 11.56 25.63 41.29 120.63 11 47 1
43 41.17 80.62 24.02 366.43 4 44 5
44 44.58 83.53 10.99 115.64 9 39 3
45 16.43 62.93 12.60 119.65 8 44 2
46 25.11 77.97 43.34 143.31 18 34 5
47 3.42 14.86 24.64 375.74 6 41 5
48 0.32 85.71 49.28 206.75 23 26 5
49 24.02 75.48 13.64 186.76 7 32 5
50 30.14 0.78 38.75 323.63 21 33 3
51 84.73 71.18 32.57 323.61 21 44 4
52 10.56 50.16 44.13 86.90 4 6 5
53 44.98 64.76 36.22 239.16 6 24 1
54 35.47 69.53 10.42 321.58 5 10 5
55 29.85 26.05 1.45 73.12 19 22 3
56 48.07 25.21 39.85 243.30 0 45 2
57 13.70 72.99 42.95 241.96 8 29 3
58 5.30 31.52 9.84 183.75 7 17 4
59 56.82 40.68 29.02 352.11 3 30 1
60 32.16 53.11 35.76 418.41 7 18 2
61 84.09 66.56 14.43 143.53 9 15 4
62 19.44 7.23 12.93 112.69 12 36 1
63 54.81 27.50 35.05 275.50 4 20 5
64 25.11 2.06 42.03 441.15 6 42 2
65 21.95 11.19 45.95 415.20 17 28 1
66 66.45 83.88 22.99 371.67 13 43 1
67 69.10 75.76 48.97 84.64 7 32 1
68 56.60 68.74 21.93 68.25 19 39 4
69 43.08 55.90 4.48 270.18 14 31 1
70 66.46 90.21 20.46 404.97 5 19 1
71 69.28 67.62 27.08 366.08 21 40 5
72 11.57 37.09 3.11 146.48 0 48 4
73 22.31 1.52 17.40 168.01 23 45 4
74 52.86 95.13 20.76 257.55 1 27 2
75 51.15 56.65 38.35 129.99 5 42 3
76 99.81 17.22 1.56 176.72 20 45 2
77 35.95 80.82 45.11 411.66 0 29 1
78 41.38 14.77 44.30 113.02 20 35 4
79 90.17 70.98 1.86 481.63 18 37 4
80 54.86 71.24 31.58 158.62 13 47 3
81 82.66 82.94 49.19 273.54 14 44 1
82 38.75 8.84 42.65 118.23 9 21 5
83 0.90 4.81 20.98 421.43 20 29 5
84 23.21 38.40 33.11 241.86 2 37 2
85 90.18 1.56 6.66 218.86 22 41 4
86 39.19 17.31 38.45 341.53 20 47 1
87 99.87 96.18 43.12 465.03 12 27 3
88 0.16 57.62 47.55 115.85 21 26 1
89 21.86 41.32 9.27 345.57 15 37 4
90 96.19 1.27 46.52 444.83 3 35 4
91 56.77 16.63 41.91 376.54 14 33 1
92 33.54 40.01 22.55 294.39 21 24 4
93 70.68 28.46 43.61 77.53 5 32 4
94 83.33 89.64 25.92 303.62 8 11 2
95 71.07 97.84 22.56 480.16 24 30 3
96 95.10 13.35 3.26 420.37 18 43 2
97 96.97 91.03 13.47 407.82 6 32 5
98 1.01 85.68 17.68 374.20 4 27 5
99 36.69 86.41 37.03 257.20 9 37 5
100 75.56 51.73 14.79 404.21 15 19 4
101 62.30 19.08 34.94 155.67 10 22 1
102 52.70 87.75 32.37 139.94 24 36 1
103 18.57 90.56 39.94 382.22 9 23 1
104 11.00 9.28 3.43 347.24 24 47 1
105 69.39 90.03 48.70 125.56 19 27 1
106 18.20 50.71 19.08 464.48 13 25 2
107 59.68 64.83 29.17 291.04 3 14 1
108 55.56 85.15 0.05 221.38 21 30 1
109 52.71 76.92 29.16 453.62 23 48 4
110 33.37 5.31 1.78 414.37 23 31 2
111 15.42 73.90 39.66 178.30 1 13 5
112 61.21 47.28 32.89 384.12 7 24 4
113 33.07 97.93 18.49 169.52 19 43 1
114 77.42 99.95 40.64 336.83 18 19 4
115 38.17 38.97 10.92 368.79 17 41 1
116 99.93 89.60 40.67 257.53 2 43 3
117 84.18 72.90 43.87 392.71 16 47 3
118 5.71 37.55 33.45 376.00 22 38 4
119 44.85 46.53 32.68 162.97 13 19 5
120 45.46 78.80 0.76 232.23 7 17 5
121 76.69 30.26 19.29 274.91 1 37 4
122 13.96 6.64 28.31 435.15 12 41 1
123 13.15 45.20 31.22 485.77 23 33 4
124 42.47 17.72 37.92 170.66 20 42 3
125 10.77 45.39 6.34 418.06 10 44 1
126 37.92 97.16 13.94 196.83 18 29 2
127 12.22 65.24 40.47 422.86 24 43 3
128 31.43 92.74 17.74 342.51 20 32 1
129 34.95 12.50 21.96 82.12 8 38 2
130 35.74 35.37 2.86 118.20 15 37 2
131 46.12 70.89 10.28 248.10 22 28 1
132 31.50 17.72 24.12 183.43 20 32 3
133 64.89 31.52 17.99 134.20 2 18 4
134 29.97 21.72 36.07 160.00 7 45 1
135 42.75 11.60 17.29 463.72 9 11 5
136 4.49 74.26 8.95 364.17 19 35 5
137 28.53 58.70 17.59 340.88 2 32 3
138 44.54 53.37 31.51 179.00 10 42 2
139 3.98 33.70 32.57 344.28 11 31 5
140 28.99 28.25 21.53 475.29 20 31 2
141 80.00 78.36 35.27 113.82 0 37 3
142 7.98 56.95 44.04 312.56 23 24 1
143 87.11 13.92 8.25 444.34 3 35 4
144 93.20 72.16 21.35 354.88 3 37 5
145 1.01 85.69 48.61 288.77 13 23 3
146 4.90 84.67 13.44 139.75 16 30 3
147 5.85 32.19 28.92 182.23 0 34 1
148 95.84 63.90 30.27 253.62 18 40 4
149 86.90 46.99 27.30 174.01 13 15 5
150 56.64 70.00 16.17 211.48 6 37 3
151 65.68 50.61 26.53 258.73 14 22 1
152 95.47 13.47 9.21 487.11 21 34 2
153 61.68 1.21 44.20 349.94 17 20 2
154 48.84 30.56 17.52 457.52 17 28 4
155 21.55 73.14 7.60 74.27 6 45 5
156 46.38 12.06 21.28 202.63 9 46 4
157 1.09 19.02 19.14 115.59 15 18 3
158 10.77 18.73 39.97 420.19 17 42 2
159 1.42 43.47 42.51 365.19 10 29 3
160 29.20 90.53 0.29 146.22 12 12 2
161 9.01 16.17 30.92 408.23 6 44 4
162 97.49 86.23 19.02 272.61 8 33 2
163 21.36 24.60 14.09 418.66 23 30 1
164 39.54 81.04 48.77 374.42 18 43 3
165 84.65 37.29 41.57 249.19 4 6 4
166 44.52 48.27 32.88 482.41 10 28 3
167 40.36 86.70 36.00 190.99 14 35 2
168 39.65 19.86 29.67 413.02 5 43 3
169 83.91 79.50 32.02 315.37 19 39 1
170 24.67 27.52 10.10 153.77 6 44 1
171 77.22 58.23 19.15 224.22 9 20 1
172 57.29 69.54 16.26 422.69 0 23 4
173 74.60 35.34 43.35 355.48 0 30 5
174 96.08 0.69 49.71 396.77 19 45 5
175 78.29 88.27 32.57 170.65 5 28 1
176 67.25 58.60 29.04 208.74 5 30 3
177 56.92 54.56 5.86 451.83 6 25 2
178 26.98 83.37 20.32 255.51 23 38 4
179 49.70 87.89 7.63 261.15 14 30 5
180 6.30 18.80 10.40 485.77 23 48 1
181 30.71 86.62 14.88 350.48 20 28 2
182 63.68 29.64 42.76 159.64 9 17 3
183 65.01 93.83 41.85 126.42 5 7 4
184 23.47 84.03 12.32 367.01 24 37 3
185 64.16 91.97 38.07 254.61 18 19 1
186 22.01 94.41 14.84 462.90 19 26 4
187 19.93 40.34 43.33 247.09 20 32 2
188 66.70 4.58 30.27 221.61 4 41 2
189 51.84 30.28 8.30 434.75 6 24 2
190 89.25 75.00 33.87 150.29 10 12 3
191 59.50 62.19 35.18 209.66 15 15 3
192 56.70 62.83 6.13 253.01 4 47 5
193 89.73 70.65 13.08 170.91 19 32 5
194 30.42 68.15 5.64 183.63 19 42 3
195 58.24 73.95 25.05 365.10 1 46 4
196 27.70 99.61 28.64 389.07 22 36 1
197 18.40 93.23 26.37 483.48 15 44 4
198 2.10 83.07 16.91 76.70 16 31 1
199 29.60 4.26 0.75 166.88 1 34 2
200 63.90 10.39 30.37 192.70 1 43 5
201 84.09 74.74 36.60 245.42 22 33 1
202 29.55 65.07 11.12 342.42 20 38 3
203 76.79 5.70 43.73 364.00 15 45 4
204 21.95 90.04 16.21 304.74 10 32 2
205 76.10 19.64 16.94 452.49 18 40 2
206 25.98 25.88 28.62 448.59 7 34 4
207 35.73 55.36 1.01 135.91 13 38 5
208 5.13 25.21 36.21 245.04 15 41 5
209 73.00 57.41 15.75 95.63 15 23 4
210 42.08 65.42 38.76 81.03 24 37 3
211 62.45 82.98 49.68 471.76 1 41 5
212 82.19 69.40 33.51 422.61 21 27 5
213 16.21 62.67 21.59 271.57 19 24 2
214 51.30 64.71 38.24 396.67 5 25 3
215 90.56 37.86 45.96 67.75 5 25 3
216 65.73 73.94 8.63 440.84 20 44 4
217 71.89 62.64 4.19 406.47 11 22 2
218 88.25 12.82 0.69 306.82 18 26 5
219 92.76 89.52 40.51 196.59 7 16 2
220 23.74 83.86 22.37 432.71 21 41 2
221 12.79 29.09 28.03 444.64 3 5 2
222 33.66 87.38 29.65 110.46 11 33 1
223 17.46 96.39 1.04 160.86 10 11 5
224 20.25 72.79 6.16 168.84 9 14 4
225 77.18 96.54 43.08 114.90 21 23 3
226 75.87 31.45 3.94 205.24 8 19 2
227 49.33 72.58 28.66 71.84 5 38 1
228 45.46 41.89 6.81 394.59 12 13 2
229 92.36 64.40 24.54 275.78 16 35 3
230 53.65 68.59 16.80 424.21 21 23 3
231 8.58 8.59 35.78 473.16 16 31 1
232 55.79 8.54 26.30 216.26 5 24 2
233 26.48 24.71 41.59 167.95 9 29 3
234 8.66 41.43 16.09 219.65 2 38 3
235 70.79 88.16 17.68 383.99 20 43 5
236 39.24 84.11 21.30 103.16 13 16 2
237 15.93 98.93 19.41 159.64 24 38 4
238 8.06 56.36 18.34 316.76 3 43 3
239 32.08 34.52 3.79 87.81 20 28 4
240 13.27 45.50 23.78 433.17 24 36 2
241 91.19 2.19 6.25 200.69 15 17 3
242 57.40 23.49 43.12 263.84 14 42 3
243 70.20 29.50 42.80 480.25 0 42 2
244 62.25 5.37 7.42 323.53 6 8 5
245 16.49 23.01 22.86 320.23 17 28 4
246 78.47 20.56 9.98 365.21 6 15 2
247 84.12 70.55 47.36 441.94 12 33 3
248 3.02 55.81 27.09 288.29 21 40 5
249 17.52 77.48 26.03 61.18 7 28 3
250 85.35 64.08 11.24 249.76 10 42 2
251 72.83 68.54 21.51 369.20 13 14 1
252 90.15 90.44 17.55 116.74 0 31 5
253 77.83 42.74 8.27 211.03 2 20 4
254 96.02 86.42 35.32 249.88 18 22 3
255 27.02 10.98 43.24 474.56 17 40 1
256 64.47 56.20 12.99 139.36 17 44 4
257 12.03 19.27 9.42 427.21 10 34 1
258 48.08 94.46 17.09 400.17 7 45 4
259 60.24 99.24 15.22 415.44 0 45 1
260 96.85 82.72 8.85 491.15 20 32 3
261 17.23 11.07 10.80 466.08 8 23 3
262 50.17 76.94 33.09 327.28 4 7 1
263 57.55 59.89 46.32 213.12 7 15 5
264 19.16 37.80 28.05 330.99 5 29 5
265 42.68 24.37 25.13 451.97 21 42 5
266 51.18 21.67 24.47 84.51 9 10 3
267 90.85 29.50 16.72 57.43 13 22 3
268 90.61 66.73 32.96 282.99 20 28 5
269 73.37 82.82 8.55 401.12 1 2 5
270 55.89 93.38 45.16 313.09 21 30 5
271 29.45 87.05 36.18 91.80 11 14 4
272 92.12 98.04 27.53 403.34 15 27 2
273 99.15 38.08 49.74 244.08 4 12 2
274 7.02 19.32 3.11 317.76 18 25 3
275 79.62 23.28 4.61 202.41 6 36 5
276 69.52 49.03 21.05 134.71 4 16 1
277 92.56 24.51 20.02 435.32 13 19 4
278 82.64 69.78 39.80 178.84 22 22 4
279 9.56 42.35 1.82 475.04 19 44 5
280 85.54 30.84 27.37 222.08 23 36 4
281 85.24 91.97 14.51 380.86 17 32 4
282 88.57 27.57 10.65 218.01 1 8 3
283 29.62 18.65 39.67 154.02 19 42 3
284 7.30 52.47 12.30 131.85 15 42 4
285 68.86 18.14 24.23 416.82 20 41 4
286 22.85 9.90 2.01 461.71 2 27 1
287 37.82 31.31 26.08 127.39 10 34 2
288 35.61 47.97 42.15 306.47 18 48 5
289 89.11 41.29 45.65 212.52 8 10 3
290 40.21 43.91 12.55 202.91 4 20 3
291 26.63 28.81 31.65 62.91 0 1 4
292 29.08 74.40 41.54 298.08 15 35 3
293 25.96 34.13 35.28 108.21 1 1 4
294 93.66 66.72 41.21 231.74 6 32 1
295 78.16 6.31 36.23 368.19 17 18 1
296 1.17 7.44 7.87 438.92 3 4 4
297 50.55 99.54 22.97 190.67 24 46 3
298 53.65 30.45 5.21 335.41 24 42 5
299 80.70 68.92 5.07 330.62 10 35 2
300 39.63 35.36 49.27 343.20 3 27 2
301 65.04 71.21 9.07 411.43 23 44 5
302 26.76 46.86 38.78 92.77 5 25 4
303 69.32 50.09 38.97 441.95 12 24 3
304 25.63 59.30 23.05 226.84 5 10 5
305 42.10 59.66 30.29 138.62 14 41 2
306 16.04 67.48 15.23 333.25 9 27 3
307 36.14 32.41 26.35 245.42 14 44 3
308 37.37 81.27 35.23 389.43 6 29 1
309 61.50 33.21 32.39 334.33 8 44 5
310 65.05 63.28 21.52 493.43 16 23 1
311 44.59 8.64 10.74 379.96 11 17 4
312 66.68 16.61 0.83 339.45 5 7 1
313 66.44 72.77 5.65 194.39 16 19 2
314 43.26 27.17 30.67 131.53 14 47 2
315 89.09 70.77 11.15 430.58 8 23 4
316 85.10 61.69 30.38 173.25 8 9 5
317 77.02 97.19 4.05 52.04 2 38 2
318 9.83 52.68 24.36 345.47 20 39 3
319 8.31 94.52 30.32 115.82 16 45 5
320 86.33 62.77 29.95 220.41 9 10 2
321 55.86 15.63 46.43 317.16 9 19 5
322 20.00 79.34 34.13 230.67 22 41 5
323 0.97 21.53 34.05 385.91 22 46 2
324 79.21 16.46 0.97 308.31 21 36 4
325 47.65 70.43 21.63 53.33 7 34 1
326 90.44 26.68 23.48 179.30 23 30 3
327 1.48 10.71 14.14 189.30 19 46 4
328 96.50 38.88 49.30 185.48 4 21 1
329 38.83 19.33 9.60 497.58 24 30 4
330 18.89 24.55 0.18 484.72 3 3 4
331 73.73 34.59 13.70 51.74 12 19 4
332 97.54 55.08 47.95 267.64 6 19 3
333 91.54 12.63 49.11 350.23 5 19 5
334 1.12 23.30 25.87 127.71 22 31 1
335 20.75 28.95 6.58 377.97 18 27 1
336 65.19 8.29 39.42 317.46 21 48 4
337 2.55 64.58 21.10 80.03 9 10 2
338 32.10 71.53 36.86 314.32 4 7 1
339 45.84 26.23 8.15 446.01 6 43 3
340 47.22 71.03 26.64 441.92 16 26 1
341 46.88 86.06 16.22 381.12 21 33 2
342 91.70 36.87 39.70 71.28 10 25 5
343 33.90 67.75 32.03 150.72 1 13 2
344 23.16 95.42 9.06 316.51 23 34 3
345 36.07 92.03 21.23 440.03 19 22 1
346 43.85 98.00 39.07 107.19 15 25 5
347 22.68 58.87 35.73 272.78 2 16 4
348 49.60 0.26 26.68 66.78 0 42 4
349 41.03 95.70 12.30 94.47 20 44 2
350 97.67 28.98 7.02 186.36 13 21 3
351 22.73 20.86 19.62 316.98 2 4 3
352 12.72 86.95 20.83 454.96 19 46 5
353 24.83 30.26 29.96 67.12 15 15 4
354 95.06 25.34 47.08 323.30 9 11 5
355 93.53 16.14 8.82 458.59 19 31 3
356 10.48 58.29 4.18 77.95 8 48 1
357 42.26 14.52 31.06 369.85 13 24 2
358 68.65 44.86 40.66 208.50 13 31 2
359 69.07 85.12 9.56 482.60 15 19 5
360 67.45 11.46 43.59 418.34 14 47 4
361 67.52 32.51 9.14 300.50 10 37 3
362 77.66 56.04 38.61 261.26 11 21 3
363 91.56 6.53 49.65 226.80 3 47 3
364 55.14 18.94 7.14 87.96 3 32 5
365 30.40 59.56 10.72 132.44 18 18 3
366 88.03 18.74 17.65 317.72 9 21 2
367 98.20 47.74 38.71 152.33 5 26 5
368 85.74 43.23 7.37 267.63 13 27 1
369 22.68 93.27 15.43 308.40 20 26 5
370 63.09 8.67 28.32 439.09 10 47 2
371 51.68 57.71 10.32 258.95 7 23 2
372 95.88 37.15 22.62 213.20 21 43 1
373 74.78 80.41 30.75 134.16 3 22 4
374 50.38 57.35 42.13 298.01 9 27 3
375 12.49 39.60 28.36 298.40 17 25 3
376 92.78 28.34 29.83 471.92 22 47 1
377 53.44 3.68 20.67 236.06 16 18 4
378 73.38 68.23 1.35 430.04 10 16 4
379 9.11 39.93 41.59 473.96 0 10 3
380 88.45 0.50 32.35 390.22 7 47 4
381 98.64 61.92 22.26 416.40 12 30 5
382 57.75 83.34 2.63 196.68 21 40 3
383 76.72 19.69 43.47 470.64 12 35 4
384 7.36 81.17 28.72 197.54 7 25 2
385 43.28 30.47 26.23 486.56 12 28 3
386 17.71 64.15 33.64 111.47 4 48 5
387 0.57 80.00 44.70 458.89 11 24 4
388 49.27 98.73 35.86 394.85 3 22 5
389 51.29 47.75 38.51 90.51 18 38 2
390 14.66 80.24 4.44 164.55 24 30 5
391 84.18 10.64 43.16 310.02 8 22 4
392 79.96 32.97 18.85 268.01 10 12 3
393 7.58 84.69 16.63 405.29 23 40 3
394 95.39 69.46 8.69 155.88 12 30 4
395 30.11 53.93 32.92 271.31 17 39 3
396 50.01 79.95 29.77 280.10 18 48 4
397 69.34 77.35 13.74 114.65 2 30 3
398 14.21 56.10 25.01 482.37 10 10 3
399 7.36 49.28 48.52 332.01 14 17 4
400 13.32 17.42 14.84 74.15 21 45 4
401 91.72 65.32 17.40 283.45 19 42 4
402 61.55 24.71 49.47 474.02 4 8 5
403 54.89 16.70 43.78 220.03 1 6 2
404 11.34 56.48 39.98 120.09 6 36 4
405 43.95 21.24 41.78 402.45 10 41 5
406 82.12 59.92 36.18 420.82 13 20 5
407 76.24 61.48 41.36 133.61 22 43 5
408 56.94 26.71 7.84 408.05 23 43 3
409 5.39 36.87 34.41 224.82 12 33 5
410 37.23 34.99 37.49 394.34 20 36 5
411 65.83 65.59 35.79 179.51 20 22 1
412 70.20 70.65 10.57 260.28 10 48 2
413 30.67 30.89 49.53 459.05 19 20 5
414 1.65 33.13 7.02 303.05 6 17 2
415 47.63 59.68 2.19 267.20 20 38 5
416 70.54 34.01 5.80 177.21 5 5 4
417 57.23 87.95 0.26 267.26 13 21 4
418 20.07 99.49 48.24 89.29 21 40 2
419 0.10 92.47 16.91 344.45 20 29 5
420 56.92 51.50 42.67 393.76 8 23 1
421 33.23 44.54 13.27 236.30 0 27 4
422 47.26 38.16 7.58 445.94 1 1 4
423 84.39 63.84 49.60 86.30 19 44 1
424 91.50 27.19 21.52 106.06 5 26 3
425 84.91 41.31 46.23 432.05 12 47 5
426 84.19 35.54 45.10 96.88 8 15 4
427 76.59 36.71 11.60 329.80 24 29 5
428 85.92 34.64 17.65 309.06 21 32 4
429 8.47 16.85 22.17 148.09 23 40 1
430 55.08 35.22 3.41 165.11 10 31 3
431 52.96 55.85 49.64 189.57 19 22 3
432 58.96 69.84 1.89 197.41 1 11 4
433 73.99 95.95 16.32 366.28 20 39 5
434 3.10 36.26 47.60 89.01 19 48 5
435 45.84 44.23 0.96 178.13 10 18 1
436 63.55 77.34 7.94 392.26 23 28 1
437 55.97 81.99 12.25 126.04 12 23 2
438 1.96 96.83 30.00 487.28 13 36 3
439 61.17 89.42 24.82 105.60 2 20 3
440 90.48 74.47 10.27 226.91 5 23 1
441 78.62 3.88 35.52 390.20 5 34 4
442 41.87 86.76 46.23 265.03 11 15 5
443 74.20 43.04 2.82 478.94 22 46 1
444 10.95 43.42 10.16 100.43 1 19 2
445 93.14 58.58 49.28 402.46 19 26 3
446 91.69 56.47 38.55 138.78 11 35 1
447 38.01 74.47 31.69 79.83 18 28 1
448 68.30 30.79 35.68 442.92 18 25 1
449 15.02 18.15 35.66 103.19 19 36 1
450 59.61 68.22 4.44 124.46 21 43 3
451 30.93 37.72 47.77 389.58 0 42 2
452 40.39 29.74 32.22 392.08 24 40 5
453 91.50 0.06 24.72 351.52 14 47 4
454 52.91 74.52 16.15 322.09 23 31 2
455 40.05 39.37 32.04 349.47 0 0 1
456 56.89 45.86 49.74 131.58 13 38 5
457 33.01 40.55 1.76 82.21 22 44 1
458 12.66 79.74 43.96 429.72 21 25 1
459 85.34 90.11 19.08 460.70 15 33 4
460 73.47 46.00 21.73 239.40 0 40 2
461 28.16 31.32 45.62 80.07 0 39 1
462 56.17 30.79 25.78 72.80 8 19 2
463 6.47 67.20 1.99 81.00 24 33 5
464 14.13 33.68 3.87 52.94 19 43 3
465 39.04 75.98 41.23 480.16 0 29 1
466 42.79 66.64 17.76 67.57 16 35 1
467 56.74 33.02 8.68 90.61 16 43 1
468 53.68 22.22 37.78 220.60 22 38 2
469 4.64 58.99 12.62 444.84 8 23 2
470 4.20 60.40 24.40 420.68 19 42 3
471 8.18 95.86 10.31 270.23 18 25 2
472 35.97 3.27 40.70 135.11 2 16 1
473 14.91 57.89 21.17 194.95 15 21 1
474 12.37 92.71 36.04 394.17 5 12 1
475 57.98 50.70 15.02 322.98 19 40 4
476 17.95 87.09 41.33 235.94 9 13 5
477 56.13 98.56 35.34 93.63 19 37 4
478 30.02 93.19 45.26 153.57 21 39 2
479 20.79 98.85 19.87 82.65 20 34 1
480 93.71 95.30 32.76 164.97 10 34 4
481 45.03 39.63 17.90 450.82 22 43 4
482 31.31 0.76 5.89 215.26 10 28 5
483 35.29 57.33 11.24 222.30 7 16 1
484 81.87 44.87 25.94 424.17 16 25 4
485 16.16 1.64 22.36 380.94 5 22 2
486 56.49 89.17 35.23 199.55 14 22 5
487 21.60 34.45 1.48 419.73 23 34 3
488 91.79 48.05 39.54 280.33 3 22 3
489 49.11 92.58 20.58 482.50 4 38 3
490 76.38 68.05 44.43 252.11 1 31 2
491 9.00 50.15 37.10 220.91 19 30 4
492 51.58 54.75 26.11 196.36 12 23 5
493 76.07 26.61 17.73 149.37 18 47 2
494 33.42 89.81 15.91 205.69 17 35 5
495 86.95 36.94 32.74 83.48 0 16 2
496 17.60 55.49 39.44 144.41 15 22 1
497 16.83 34.25 39.34 375.88 6 16 3
498 0.93 43.03 43.65 389.25 13 48 1
499 86.28 51.71 11.80 140.14 14 22 2
500 92.69 74.67 39.21 475.62 6 11 4
1 176.30 4800.41 1
2 125.61 4441.45 2
3 122.35 2729.70 3
4 126.15 4940.18 4
5 128.87 4326.94 5
6 151.83 2751.72 3
7 123.23 2721.28 4
1 1.63 33.61 5
2 1.99 40.09 7
3 1.59 33.01 6
4 1.45 42.76 7
5 1.93 39.31 6
6 1.88 31.54 4
7 1.90 30.42 4
8 1.64 28.14 6
9 1.83 28.71 6
10 1.97 48.25 3
11 1.62 38.43 2
12 1.00 38.66 6
