Data for Vehicle routing problem with drones - Author: Huyen Do Thi Ngoc
Number of depots: 4
Number of cities: 500
Number of trucks: 7
Number of drones: 7
Area: 100 100 50
Customer maximum demand: 500
Max capacity of truck: 200
Max energy of truck: 5000
Max capacity of drone: 2
Max energy of drone: 50
1 35.23 66.63 17.83
2 0.61 98.53 4.29
3 55.39 30.38 41.11
4 80.15 4.86 37.78
1 70.99 93.94 33.68 319.03 5 37 4
2 4.18 28.77 9.82 237.24 4 28 2
3 14.84 8.81 24.90 240.74 10 19 2
4 58.77 82.88 3.86 411.32 19 20 4
5 76.32 78.99 21.47 489.33 7 17 3
6 10.78 12.36 0.43 101.41 14 28 1
7 50.24 72.93 22.02 425.26 9 37 4
8 10.51 40.03 28.72 266.89 16 22 3
9 40.05 1.79 2.48 228.04 10 36 3
10 29.29 34.42 38.76 97.98 21 30 4
11 94.14 15.04 43.33 498.58 15 34 2
12 35.30 33.26 23.44 247.56 3 16 2
13 55.83 54.61 23.41 170.26 24 38 1
14 21.92 89.15 30.78 168.16 14 44 4
15 31.18 22.35 20.04 120.72 10 17 3
16 28.23 23.26 45.97 454.54 16 40 3
17 60.95 75.25 22.49 223.40 10 41 2
18 42.86 99.00 1.92 231.94 4 8 4
19 44.48 45.30 1.44 111.02 2 11 1
20 8.20 55.31 24.65 124.82 22 35 2
21 40.89 84.78 9.68 403.74 7 45 1
22 7.80 49.12 43.18 432.97 1 17 3
23 51.87 48.44 30.93 356.37 21 39 2
24 55.99 30.65 30.58 206.81 3 42 1
25 2.55 65.37 13.43 300.02 3 9 4
26 36.06 15.03 18.00 79.39 13 23 3
27 12.09 3.13 46.68 113.04 24 39 3
28 67.36 79.27 24.35 382.19 22 35 4
29 77.23 37.11 10.50 162.84 23 28 2
30 40.31 39.06 48.52 228.26 8 43 3
31 99.29 64.46 0.85 169.05 17 48 1
32 72.67 47.33 42.62 364.98 3 44 1
33 2.10 36.72 40.70 235.40 10 47 2
34 77.03 17.95 27.71 274.18 23 28 4
35 55.02 92.26 33.41 402.28 12 47 3
36 97.13 27.66 21.03 65.48 23 42 4
37 61.45 1.15 34.50 413.93 6 19 3
38 17.79 63.33 22.96 489.04 6 6 1
39 49.23 43.92 1.73 475.06 0 39 3
40 31.28 13.92 10.56 394.65 14 24 1
41 43.97 46.13 27.24 107.54 19 44 1
42 17.27 18.76 10.69 483.85 21 46 3
43 7.93 18.97 39.43 157.85 16 30 4
44 24.84 82.51 20.46 446.70 13 37 1
45 75.19 72.53 25.02 457.09 20 43 4
46 5.43 90.92 33.81 346.27 11 47 1
47 10.68 96.26 24.52 432.01 12 36 1
48 32.45 96.81 15.67 266.99 6 47 1
49 82.51 27.21 2.85 442.35 11 25 1
50 88.50 42.92 38.85 92.79 1 22 3
51 37.02 38.09 29.12 264.72 19 35 4
52 11.43 43.30 2.42 123.84 13 36 4
53 17.19 61.89 46.57 103.13 23 33 2
54 66.13 94.64 40.30 58.17 16 27 3
55 29.23 49.20 3.80 240.13 3 46 2
56 47.47 68.72 11.19 224.75 24 27 4
57 76.75 67.73 0.13 443.05 2 23 3
58 73.71 10.86 22.24 466.48 16 40 3
59 3.22 10.75 34.54 395.62 11 20 2
60 58.83 82.03 7.64 340.85 22 30 1
61 13.26 47.41 32.61 121.39 24 25 1
62 28.96 47.93 10.27 350.59 8 34 3
63 9.58 71.52 39.61 440.18 9 39 1
64 4.17 29.56 27.00 198.55 8 48 2
65 55.19 31.76 2.15 138.78 1 7 2
66 55.56 60.60 14.90 288.05 24 48 3
67 9.67 11.73 44.07 413.54 11 29 4
68 14.25 12.57 12.62 438.98 23 31 2
69 1.66 51.59 17.87 216.91 21 21 2
70 51.04 6.74 24.09 93.20 1 16 1
71 87.18 54.87 25.63 130.42 5 41 3
72 15.61 66.15 10.36 468.50 5 35 2
73 64.24 92.50 27.13 277.64 6 16 1
74 60.28 21.24 42.88 444.70 7 9 1
75 9.20 60.37 37.59 281.55 7 27 2
76 78.21 72.73 18.25 261.15 5 17 4
77 91.90 86.82 31.18 140.73 22 39 3
78 55.88 52.02 12.57 281.01 7 19 4
79 24.56 79.43 16.31 469.16 15 31 1
80 9.69 4.34 9.15 67.51 5 29 3
81 74.62 27.80 33.26 455.68 4 28 2
82 3.40 88.71 7.02 451.59 11 19 3
83 98.57 82.83 23.59 59.18 4 30 4
84 5.65 66.99 16.73 402.21 22 42 2
85 34.50 11.32 15.56 218.93 11 36 3
86 22.83 25.65 37.95 183.20 5 7 4
87 82.92 94.28 26.39 458.63 18 26 1
88 88.73 53.69 24.52 311.44 22 31 1
89 28.13 36.29 22.04 176.48 7 21 4
90 4.61 87.67 15.26 487.47 6 47 1
91 0.58 29.85 13.65 63.23 17 32 4
92 9.38 39.72 35.19 196.75 15 17 2
93 26.77 83.19 26.45 95.35 0 22 2
94 86.53 84.99 13.55 54.44 19 40 3
95 24.00 23.86 31.56 451.24 10 48 2
96 95.13 47.66 31.95 397.76 11 32 3
97 38.75 75.83 11.22 384.21 21 37 4
98 98.39 67.03 12.30 124.06 22 28 2
99 19.02 64.66 33.71 498.16 19 31 4
100 4.57 22.55 41.66 173.49 15 40 4
101 72.04 84.77 12.55 369.57 17 32 2
102 60.39 23.17 35.20 129.30 9 12 1
103 87.48 70.27 28.57 252.62 2 41 2
104 91.01 65.41 39.40 260.75 11 46 4
105 0.47 40.71 31.32 493.17 9 29 3
106 53.98 93.97 47.26 383.57 14 34 4
107 38.17 28.14 48.00 455.46 13 29 2
108 66.49 10.70 2.71 67.95 13 22 1
109 35.78 55.32 26.73 446.78 1 34 3
110 79.77 88.95 7.41 437.96 8 41 1
111 42.30 20.97 37.44 62.28 3 31 1
112 69.44 68.75 17.81 188.73 13 38 1
113 48.92 56.95 34.73 267.78 21 26 4
114 47.79 0.60 41.92 497.86 16 17 4
115 80.87 75.72 49.54 71.52 2 30 1
116 28.89 9.84 28.10 172.85 9 32 3
117 14.49 84.64 42.82 237.01 10 23 3
118 80.62 32.82 15.59 496.52 16 30 4
119 26.61 94.43 23.90 341.52 15 23 2
120 78.17 82.60 5.84 337.13 10 38 3
121 92.94 79.94 24.24 302.94 21 30 1
122 77.93 27.75 38.91 499.71 24 46 1
123 70.03 60.15 21.56 271.59 1 5 3
124 40.64 42.44 10.47 157.19 0 47 2
125 32.26 18.98 40.52 373.16 22 24 4
126 89.96 79.12 15.95 471.26 12 14 1
127 40.16 50.99 4.84 66.65 15 28 3
128 27.35 18.82 15.38 105.05 1 47 2
129 64.62 73.72 15.31 356.61 22 45 3
130 61.24 8.90 29.46 445.57 11 43 2
131 72.46 14.62 16.69 352.75 9 48 3
132 79.12 52.17 17.13 190.44 13 34 2
133 12.80 48.66 36.91 288.98 11 41 1
134 23.71 51.85 7.10 475.65 12 31 3
135 57.22 41.68 16.59 283.85 23 28 3
136 65.15 17.31 0.76 411.72 13 36 4
137 16.48 69.57 43.58 402.22 11 14 4
138 48.69 70.85 1.89 450.59 3 28 2
139 10.56 48.13 8.20 168.80 6 36 2
140 36.68 31.29 21.11 187.27 4 19 4
141 78.40 96.38 40.27 308.32 5 36 1
142 36.66 54.41 35.83 213.83 12 28 2
143 3.63 92.99 21.21 254.06 24 47 1
144 61.60 14.44 35.18 366.18 20 34 2
145 40.85 32.44 36.88 310.61 0 23 4
146 10.54 17.37 1.64 490.33 16 30 1
147 13.35 9.31 18.80 424.30 10 10 3
148 14.77 22.53 21.47 283.51 6 37 3
149 36.07 61.70 6.65 212.95 8 22 3
150 77.00 55.92 42.51 166.71 18 29 1
151 63.27 82.72 43.91 461.25 19 44 2
152 81.00 16.72 28.03 451.98 9 25 2
153 63.39 86.11 30.80 414.93 4 37 1
154 32.11 94.37 8.06 247.07 20 21 3
155 34.36 14.56 35.06 222.71 1 25 4
156 94.20 73.34 12.68 384.58 6 19 4
157 65.55 99.53 1.91 50.51 20 35 2
158 74.23 53.29 46.81 134.85 7 41 1
159 33.74 51.79 46.80 79.29 5 11 1
160 95.42 14.71 48.19 144.77 21 26 3
161 51.14 56.72 24.82 426.81 10 35 2
162 76.67 17.36 43.74 432.62 15 30 2
163 44.39 37.80 14.83 229.17 23 33 4
164 18.22 49.70 25.76 328.71 2 48 2
165 33.82 12.09 45.15 97.59 22 42 4
166 85.95 64.06 27.92 453.46 0 43 3
167 98.49 77.47 19.36 441.46 10 15 4
168 47.21 56.96 30.48 191.19 14 34 2
169 38.83 29.78 16.03 198.80 3 22 2
170 31.88 28.27 49.80 306.03 15 16 4
171 83.42 94.79 10.25 397.78 1 34 1
172 90.99 99.97 18.00 494.51 11 44 3
173 47.64 62.58 16.52 280.58 12 24 1
174 25.04 66.46 32.85 125.85 15 24 1
175 34.31 62.49 34.90 298.68 5 42 3
176 49.51 42.52 21.94 460.57 7 43 3
177 16.18 72.17 28.28 448.49 19 39 4
178 64.77 1.96 14.75 291.72 10 21 4
179 10.47 39.97 11.70 454.18 18 35 2
180 97.93 47.50 49.84 446.77 3 6 4
181 6.30 12.68 6.78 403.17 16 44 1
182 64.75 7.47 31.60 362.23 23 25 1
183 68.89 11.21 20.22 272.13 2 10 1
184 29.17 21.52 29.70 281.32 16 47 3
185 16.80 57.34 27.54 87.54 12 15 2
186 99.25 22.77 25.24 370.47 12 22 3
187 41.90 22.55 23.93 320.73 3 15 1
188 74.61 27.33 7.16 162.86 8 14 3
189 0.93 92.53 4.73 400.01 1 29 4
190 87.25 80.33 30.98 312.72 14 35 3
191 92.97 47.87 14.75 286.12 18 28 4
192 48.11 47.02 27.17 488.29 3 27 1
193 11.98 60.93 18.49 176.37 1 48 1
194 32.23 70.58 22.79 191.33 22 45 1
195 89.95 52.09 47.06 237.77 9 16 2
196 80.92 97.96 19.16 183.20 14 19 4
197 44.19 56.26 38.06 97.03 16 32 4
198 11.08 4.29 16.89 233.77 13 26 1
199 92.20 26.70 25.05 347.45 4 31 1
200 95.07 9.59 41.42 461.95 11 16 1
201 99.18 41.24 18.63 388.49 19 34 2
202 80.02 14.77 44.59 328.77 1 4 2
203 9.96 6.93 13.34 167.90 22 30 1
204 81.62 78.12 34.52 99.46 7 34 4
205 77.85 24.93 46.23 438.92 18 26 4
206 95.58 70.21 14.74 431.68 21 33 2
207 10.58 79.04 42.29 331.93 21 29 3
208 22.70 40.15 49.39 328.62 12 34 1
209 8.58 79.83 37.82 250.15 5 23 1
210 9.19 86.91 8.80 382.98 20 25 3
211 4.80 88.63 37.78 143.74 10 45 2
212 15.95 2.03 46.05 295.46 8 10 4
213 84.17 63.83 29.27 237.96 11 12 4
214 41.23 92.37 47.79 378.30 0 32 1
215 38.29 18.15 33.35 191.35 7 42 1
216 40.22 18.64 9.52 448.00 3 28 4
217 27.23 64.75 46.80 434.62 10 25 1
218 60.79 97.93 4.73 230.05 9 30 4
219 3.78 21.72 34.41 420.87 22 34 2
220 8.50 78.84 44.27 455.58 3 18 1
221 17.23 69.11 3.90 56.79 16 39 1
222 30.25 1.61 31.88 444.80 4 31 2
223 16.46 91.06 1.32 214.60 19 37 3
224 90.44 37.68 44.39 300.69 18 32 3
225 60.23 32.68 6.82 292.37 15 44 3
226 30.54 98.66 9.00 272.77 5 19 3
227 13.82 31.88 6.91 312.66 24 30 2
228 91.78 40.07 33.88 388.65 3 36 4
229 93.91 66.57 11.85 258.84 23 32 4
230 96.79 6.74 8.57 348.86 20 33 2
231 76.56 64.55 7.09 287.43 7 37 1
232 27.28 77.61 43.80 419.17 15 20 1
233 43.49 45.36 21.04 424.50 8 16 1
234 60.02 70.73 19.23 385.88 23 40 1
235 22.75 24.01 40.11 129.12 0 47 2
236 92.64 73.70 36.01 464.35 11 39 3
237 3.54 85.37 39.55 229.45 24 44 4
238 79.21 57.70 3.18 224.00 3 13 4
239 37.05 45.59 21.30 433.07 19 33 2
240 7.67 54.73 33.10 368.29 21 47 3
241 34.13 22.70 32.21 102.82 6 19 3
242 28.37 79.36 10.50 285.58 15 23 2
243 81.88 40.91 20.45 251.70 23 30 4
244 26.63 50.70 40.38 189.19 22 34 4
245 69.96 22.07 15.43 60.66 13 19 4
246 37.25 57.65 49.11 108.26 14 36 4
247 78.01 38.33 27.31 463.32 6 30 2
248 47.31 73.00 17.71 53.64 0 19 3
249 74.47 83.50 23.97 234.40 4 19 4
250 13.04 17.36 31.54 55.72 2 33 4
251 65.14 78.70 46.45 123.07 22 29 3
252 83.87 65.38 31.29 418.33 14 15 2
253 70.91 95.27 15.27 344.47 17 33 2
254 29.00 25.37 35.29 96.17 10 32 1
255 31.48 15.05 18.76 277.70 14 37 3
256 49.28 0.63 27.29 234.28 1 34 2
257 99.96 56.78 33.86 270.79 11 35 3
258 25.64 34.19 44.57 125.47 21 38 3
259 20.05 91.96 38.28 62.08 7 44 4
260 84.98 18.75 27.32 91.20 9 47 3
261 7.05 69.61 0.06 272.33 23 29 4
262 67.29 6.24 8.24 391.20 5 7 4
263 53.56 88.13 30.96 359.40 22 31 3
264 14.81 42.41 48.04 482.20 0 43 4
265 46.16 33.55 29.29 86.61 23 26 2
266 57.38 0.62 32.17 233.17 2 27 3
267 72.30 6.17 15.82 175.35 12 39 3
268 51.22 3.41 47.40 227.19 11 40 1
269 30.73 77.35 33.27 425.73 17 42 2
270 84.10 92.89 40.63 80.74 19 31 3
271 37.66 44.85 15.18 277.73 15 40 4
272 59.53 89.30 2.36 307.21 0 24 3
273 8.78 23.41 12.35 340.97 2 12 2
274 15.54 35.42 14.61 473.22 10 26 3
275 23.60 77.81 27.64 84.03 13 48 2
276 29.86 84.49 16.38 420.55 21 47 4
277 95.59 49.09 48.78 51.08 11 39 4
278 81.82 94.68 46.20 303.75 8 38 3
279 64.10 45.21 5.66 388.65 13 41 2
280 70.82 71.00 0.43 147.70 8 13 4
281 29.22 60.78 44.47 232.14 5 19 4
282 30.07 53.66 24.43 266.30 0 27 2
283 12.97 68.86 36.15 438.74 0 16 2
284 18.07 42.85 25.23 290.36 15 28 2
285 52.30 30.53 39.99 426.90 1 22 2
286 50.85 65.56 43.16 363.20 9 30 1
287 56.02 13.60 48.36 278.64 18 39 2
288 35.39 57.86 35.54 234.37 20 25 4
289 26.43 85.57 34.89 135.28 7 19 3
290 8.99 25.90 30.21 226.95 21 30 3
291 87.93 8.82 11.86 373.12 16 39 4
292 52.83 55.54 4.38 67.06 3 28 1
293 86.59 44.63 45.82 449.41 21 39 2
294 70.23 6.33 0.57 414.29 24 31 1
295 97.08 43.53 43.78 367.03 17 18 1
296 54.94 34.19 8.31 86.45 12 41 2
297 27.03 51.45 11.59 79.43 20 46 3
298 91.54 96.03 28.33 66.11 17 40 1
299 71.21 84.52 19.77 333.42 24 39 1
300 42.24 24.25 30.36 114.47 14 40 1
301 91.98 89.18 31.98 216.61 16 23 2
302 68.71 62.00 16.50 440.65 24 48 1
303 56.90 45.81 18.84 310.84 0 18 1
304 18.77 31.98 1.75 183.77 3 46 4
305 87.22 94.80 13.46 189.94 7 20 2
306 47.96 79.03 29.85 322.99 19 21 3
307 88.35 30.78 22.21 239.56 1 33 3
308 71.28 69.43 1.66 369.74 9 31 2
309 56.52 51.77 15.80 65.96 19 41 2
310 56.62 4.21 4.05 126.44 8 22 3
311 76.59 10.22 19.11 363.19 18 48 4
312 90.13 55.16 41.19 459.90 6 24 3
313 73.78 89.63 48.14 218.60 8 12 2
314 82.44 59.51 29.26 214.74 10 25 1
315 6.80 22.96 5.74 110.55 17 43 1
316 22.79 26.40 45.27 136.42 24 48 2
317 2.29 87.41 48.45 485.13 2 7 1
318 83.16 11.52 21.40 468.24 5 24 2
319 61.17 39.77 6.37 490.68 7 8 3
320 72.71 19.32 28.61 490.23 12 20 3
321 46.69 0.66 26.14 174.66 20 28 2
322 10.85 4.60 31.53 397.30 15 31 1
323 82.54 85.13 24.98 491.87 24 35 1
324 1.44 78.78 47.42 379.05 13 43 3
325 17.90 36.64 1.11 177.92 20 22 1
326 22.36 1.96 30.35 309.02 8 15 1
327 83.40 81.53 40.21 265.39 17 33 1
328 92.90 96.77 41.43 246.94 0 31 1
329 97.84 10.90 14.10 73.35 10 11 2
330 81.18 28.05 10.15 459.61 24 48 1
331 75.78 65.96 16.16 369.51 19 31 3
332 3.25 72.46 12.21 111.40 12 36 3
333 27.83 89.32 27.03 173.69 21 30 1
334 48.97 5.53 48.69 308.29 5 18 4
335 85.24 77.33 36.84 200.66 14 35 3
336 38.26 67.50 48.89 134.10 0 40 4
337 13.86 82.25 43.15 285.09 20 28 4
338 67.89 50.37 11.86 338.20 17 24 4
339 24.68 81.89 3.22 386.48 18 36 2
340 15.90 10.70 29.75 419.92 23 42 1
341 33.09 1.65 18.11 410.49 20 24 1
342 53.46 19.23 18.83 299.09 19 25 1
343 83.34 22.12 26.73 352.86 13 33 4
344 34.45 82.16 46.37 380.35 22 32 1
345 29.82 62.67 8.15 260.95 17 18 1
346 7.09 79.10 48.27 182.76 9 37 3
347 15.53 1.80 24.13 493.61 13 22 3
348 67.38 60.76 22.18 282.37 13 41 3
349 93.63 3.17 11.39 301.55 4 17 1
350 6.55 91.59 21.26 69.03 2 21 4
351 38.70 64.28 46.55 336.54 3 5 3
352 79.78 3.53 13.84 468.87 18 32 2
353 19.76 14.52 23.42 171.06 17 21 4
354 37.44 96.83 16.26 366.40 15 48 3
355 56.75 8.39 39.74 290.66 15 43 4
356 4.32 0.67 8.68 376.29 18 20 1
357 52.06 66.48 31.99 190.94 24 42 1
358 77.35 94.14 11.67 348.75 20 24 1
359 65.32 11.59 0.35 419.37 13 22 2
360 31.14 56.91 5.21 251.26 11 31 4
361 15.47 65.08 31.27 340.54 4 8 2
362 93.24 20.45 29.34 414.54 16 46 2
363 75.22 58.19 48.67 80.92 10 40 3
364 91.40 1.88 10.04 460.85 15 21 1
365 97.42 51.18 46.46 182.49 3 3 1
366 39.70 58.19 37.61 57.18 15 31 1
367 53.48 19.53 14.21 368.06 17 41 1
368 64.50 84.19 19.05 241.04 17 18 2
369 33.88 86.84 37.14 305.65 6 26 2
370 82.81 82.15 28.18 289.44 3 19 4
371 82.00 86.97 33.78 350.48 9 11 1
372 7.40 12.93 49.62 445.17 12 46 4
373 70.34 54.52 49.38 242.85 20 34 2
374 2.62 26.29 25.21 453.29 4 33 4
375 73.08 6.67 32.96 271.07 5 30 2
376 46.02 75.90 45.33 445.45 8 36 4
377 31.57 78.42 27.33 183.18 17 44 4
378 60.81 77.46 22.58 441.22 23 25 3
379 25.72 2.58 8.84 106.05 5 15 3
380 91.82 75.74 23.10 373.70 6 10 2
381 47.16 17.89 11.67 90.18 24 42 2
382 83.47 62.41 14.74 231.40 1 16 1
383 46.11 7.21 43.81 491.46 13 18 3
384 12.42 24.24 25.31 350.99 24 39 4
385 99.67 81.19 33.47 78.47 24 44 3
386 5.17 83.92 22.30 246.61 9 38 2
387 51.47 49.87 17.09 452.93 7 13 2
388 33.70 19.85 22.90 208.29 17 45 2
389 11.60 81.67 34.85 461.60 12 42 1
390 95.06 96.58 14.65 216.94 10 34 4
391 83.00 90.65 39.69 71.05 16 36 1
392 85.11 48.34 30.82 175.82 15 30 2
393 59.73 7.72 26.20 275.62 6 42 2
394 62.84 99.64 28.05 430.15 24 38 4
395 0.82 38.48 34.07 238.07 14 26 3
396 33.61 33.22 8.73 432.65 7 42 3
397 84.76 7.19 40.42 308.13 9 14 1
398 59.27 34.30 25.51 197.65 1 40 2
399 83.90 86.79 10.67 54.56 1 46 4
400 22.84 15.19 18.51 487.19 18 18 2
401 48.05 93.69 44.96 339.66 15 19 1
402 18.46 45.82 29.92 473.46 24 43 2
403 83.10 92.13 43.09 56.72 1 5 1
404 99.47 71.70 5.67 197.81 10 44 1
405 10.97 67.32 8.64 201.23 6 17 3
406 23.79 37.22 32.25 337.49 18 39 4
407 66.51 14.75 49.10 369.20 20 42 3
408 51.49 50.80 41.69 495.09 7 23 3
409 98.59 80.54 28.47 452.62 23 32 2
410 97.96 14.46 32.53 465.30 13 29 2
411 95.59 80.72 7.14 306.52 21 36 4
412 56.10 61.82 18.78 207.99 2 14 3
413 23.78 55.97 23.84 64.27 18 28 2
414 82.06 41.46 31.64 112.38 10 10 2
415 63.11 49.35 2.04 172.08 23 35 4
416 43.02 58.88 3.27 388.92 11 40 2
417 7.91 6.36 42.25 166.62 3 16 2
418 42.41 60.74 38.53 152.53 20 25 1
419 41.56 84.69 8.42 352.77 6 16 4
420 59.45 56.98 32.45 108.16 17 17 3
421 10.69 41.00 14.05 195.58 22 36 3
422 95.69 51.49 22.26 249.50 19 37 1
423 95.78 6.45 34.83 291.66 10 13 2
424 48.64 11.56 15.20 266.18 24 37 1
425 8.12 67.47 39.83 374.12 21 21 2
426 69.45 41.84 27.74 72.12 21 42 2
427 52.02 55.52 24.90 446.16 10 35 3
428 99.43 8.35 44.53 213.92 23 31 4
429 96.70 83.21 26.89 369.96 3 42 1
430 84.29 89.50 33.37 277.47 5 26 2
431 97.52 97.12 31.85 399.61 0 12 2
432 17.64 78.30 29.77 390.34 16 20 2
433 45.12 29.97 26.89 404.56 0 0 2
434 69.35 6.01 36.16 364.62 9 23 4
435 32.73 86.49 48.34 318.47 7 24 3
436 15.99 22.88 29.77 223.45 11 30 2
437 22.90 62.90 7.97 95.79 18 35 1
438 18.52 45.76 40.10 161.16 0 45 4
439 37.23 43.58 47.82 282.09 8 43 2
440 84.10 89.05 5.74 436.21 15 32 1
441 51.94 93.27 33.62 487.81 8 37 4
442 94.95 87.68 33.50 312.00 3 33 3
443 97.37 72.95 9.02 164.18 18 44 2
444 2.91 54.05 42.98 374.31 2 28 2
445 47.77 67.39 32.43 177.58 0 40 4
446 97.76 89.76 40.13 384.33 9 27 3
447 20.27 82.71 30.16 424.43 14 20 1
448 66.54 96.64 35.52 132.92 21 24 1
449 53.72 38.46 41.58 151.76 8 21 3
450 34.15 99.87 40.40 314.08 1 10 3
451 33.06 33.22 8.12 457.17 11 21 4
452 86.55 50.99 34.36 282.98 2 26 3
453 28.55 70.13 20.65 230.17 18 25 1
454 40.35 96.56 23.77 301.07 17 40 2
455 78.24 47.74 12.85 363.11 13 24 3
456 11.81 35.69 5.12 463.47 24 44 2
457 23.33 21.92 33.02 257.31 13 44 1
458 29.40 85.94 4.90 139.51 18 39 2
459 89.69 29.55 11.32 452.77 16 46 3
460 28.69 17.84 42.01 162.23 11 48 2
461 90.22 71.68 42.17 86.47 14 48 3
462 10.10 3.64 26.25 296.72 4 30 4
463 29.36 72.54 39.05 400.96 14 18 3
464 66.65 86.70 42.94 274.99 17 41 2
465 7.41 50.49 47.97 128.04 10 12 3
466 66.14 63.77 26.10 399.10 5 5 1
467 11.63 31.66 0.24 68.37 12 24 2
468 47.08 26.64 34.55 98.37 12 38 2
469 73.17 52.98 43.45 212.95 12 40 2
470 72.19 55.14 43.32 499.27 7 28 2
471 93.72 81.76 27.93 244.88 10 46 2
472 82.89 65.47 44.02 114.12 14 27 4
473 47.66 86.15 7.38 348.47 16 41 3
474 87.25 88.20 44.28 223.43 5 32 4
475 17.95 0.94 46.00 405.21 15 46 4
476 22.52 19.69 2.59 368.66 18 20 1
477 6.34 71.86 34.13 234.10 24 36 3
478 35.12 24.88 23.42 485.45 12 37 4
479 82.00 92.93 30.45 51.00 17 38 1
480 66.79 26.84 40.42 418.99 23 37 3
481 98.76 99.05 5.70 262.43 4 6 4
482 26.34 68.78 5.92 51.62 17 28 3
483 48.38 91.27 42.61 203.66 1 29 1
484 26.39 91.93 25.10 486.36 1 20 3
485 18.97 70.19 8.75 59.45 16 28 4
486 80.16 86.03 16.03 350.37 24 24 3
487 18.26 96.32 31.30 373.16 0 19 3
488 77.71 70.88 47.98 153.36 20 28 1
489 51.82 37.58 20.22 120.45 17 45 4
490 75.60 52.48 26.87 459.73 12 25 2
491 84.24 7.01 30.70 372.39 19 38 2
492 13.28 5.73 2.49 318.84 19 35 3
493 39.27 34.39 37.83 440.97 22 39 2
494 33.21 20.28 20.51 386.55 24 38 3
495 22.48 83.37 45.15 435.50 10 14 4
496 70.81 53.19 2.93 380.03 21 21 3
497 60.08 23.10 33.10 207.73 22 41 3
498 59.21 64.73 30.39 424.72 21 43 4
499 87.98 31.16 15.68 499.96 19 36 2
500 71.00 60.07 32.52 395.31 17 40 4
1 107.16 4675.85 1
2 153.86 4132.82 2
3 183.59 4149.56 3
4 121.52 3372.20 4
5 180.41 2728.35 4
6 102.63 2553.65 3
7 143.68 4444.07 3
1 1.58 45.64 2
2 1.76 44.39 2
3 1.35 28.14 5
4 1.54 48.34 5
5 1.82 44.35 5
6 1.64 43.80 1
7 1.78 45.75 3
