Data for Vehicle routing problem with drones - Author: Huyen Do Thi Ngoc
Number of depots: 2
Number of cities: 400
Number of trucks: 3
Number of drones: 3
Area: 100 100 50
Customer maximum demand: 500
Max capacity of truck: 200
Max energy of truck: 5000
Max capacity of drone: 2
Max energy of drone: 50
1 95.52 74.62 10.63
2 32.72 75.21 41.58
1 49.17 24.60 45.72 318.20 18 31 1
2 18.10 5.68 19.44 487.31 7 44 1
3 99.88 50.79 29.76 61.87 16 34 1
4 13.01 90.90 20.58 498.75 21 25 2
5 69.68 41.81 7.10 338.49 11 34 2
6 34.16 54.15 46.91 116.87 2 2 2
7 99.57 6.77 19.57 272.08 19 41 2
8 43.86 58.31 21.31 248.44 15 22 1
9 67.06 44.36 44.74 450.25 19 30 2
10 60.12 68.44 48.02 433.16 3 10 1
11 80.49 29.39 5.75 431.95 10 38 1
12 18.89 87.73 49.55 310.60 6 11 2
13 5.84 23.62 16.40 374.24 12 41 1
14 92.14 91.65 34.82 198.98 17 23 2
15 1.18 7.47 25.75 77.38 16 17 1
16 61.08 60.33 1.00 98.64 0 42 1
17 63.19 53.08 2.16 361.56 2 2 1
18 74.84 57.96 30.23 150.05 19 24 2
19 76.92 37.77 1.25 112.29 4 9 1
20 98.94 73.20 40.33 337.17 5 45 2
21 32.19 88.25 4.81 52.69 17 47 2
22 75.54 63.70 4.69 114.02 8 44 1
23 12.39 34.53 38.36 327.37 6 43 1
24 44.56 35.20 43.27 440.95 1 1 1
25 13.30 49.34 33.65 244.79 20 32 1
26 40.25 77.78 25.12 191.30 0 27 1
27 8.75 19.46 5.10 341.30 19 32 1
28 10.75 74.60 26.78 431.28 9 31 1
29 90.84 17.09 25.81 85.74 2 7 2
30 76.45 22.31 2.03 315.84 0 36 2
31 47.05 26.29 18.05 58.22 3 9 1
32 7.16 67.39 8.07 201.85 20 34 2
33 93.74 38.75 37.94 183.49 16 44 1
34 37.49 22.51 34.00 146.40 11 29 1
35 27.51 77.41 32.89 310.78 16 39 2
36 75.40 52.33 41.26 431.09 4 32 1
37 84.58 0.19 46.78 397.16 7 22 1
38 83.76 26.62 34.29 252.23 23 23 2
39 49.03 38.80 13.53 236.26 24 32 2
40 55.84 79.23 19.39 110.55 10 37 1
41 40.81 6.37 38.75 249.03 6 30 1
42 67.11 27.25 27.29 393.90 19 46 2
43 40.36 20.36 32.66 94.60 14 30 2
44 77.75 43.27 20.92 76.92 12 33 2
45 88.97 24.10 35.72 408.77 10 37 1
46 46.68 78.66 31.95 330.10 20 40 2
47 5.51 93.37 46.02 161.52 9 45 1
48 19.94 24.89 27.11 456.52 16 33 1
49 78.19 75.63 26.80 298.81 10 19 1
50 34.75 59.90 39.04 165.85 13 18 1
51 87.47 49.43 26.99 381.73 24 30 1
52 13.95 7.99 30.28 74.89 2 16 2
53 61.20 76.82 11.11 360.75 12 21 1
54 18.71 67.67 19.18 72.49 14 40 1
55 46.84 23.24 30.98 299.48 12 18 2
56 32.00 47.82 12.65 124.20 24 43 1
57 75.07 2.95 43.61 349.10 7 44 1
58 52.49 48.10 27.28 240.87 16 25 1
59 13.09 40.00 40.63 132.87 0 11 1
60 21.72 63.81 16.16 324.32 5 27 1
61 82.99 81.11 14.61 154.98 3 43 1
62 89.18 51.00 13.21 302.87 5 36 1
63 28.28 61.18 36.07 76.40 2 19 1
64 33.46 28.54 49.20 339.45 2 45 2
65 20.83 98.09 22.33 316.87 4 20 1
66 16.01 97.26 10.86 494.29 4 35 2
67 46.05 0.74 13.46 416.82 21 45 2
68 13.93 78.65 42.71 420.46 8 46 1
69 72.46 45.16 21.47 331.03 9 42 1
70 37.73 35.46 47.50 70.16 16 17 1
71 42.59 42.74 1.94 431.92 18 39 1
72 96.73 31.58 25.27 447.46 8 26 1
73 48.83 79.04 16.19 65.95 0 1 1
74 72.35 10.73 13.50 249.87 14 14 1
75 53.96 87.32 16.19 191.92 11 48 2
76 88.49 63.74 45.27 173.10 4 26 1
77 87.97 3.51 2.13 189.91 20 29 2
78 53.84 7.65 25.65 495.44 3 17 1
79 96.99 5.92 19.06 65.99 13 42 2
80 13.02 4.80 20.77 117.25 20 31 2
81 5.37 71.02 32.50 242.65 11 23 1
82 39.99 94.76 35.02 191.92 8 21 2
83 63.00 97.67 13.92 198.08 9 11 1
84 93.93 11.49 41.57 238.46 12 22 1
85 75.81 39.50 6.09 487.60 5 46 2
86 85.96 90.39 48.53 179.47 3 13 2
87 25.88 2.17 35.39 215.13 10 15 2
88 24.86 67.13 33.25 382.85 10 46 1
89 94.84 92.99 27.55 257.03 20 36 2
90 87.62 9.00 43.14 112.45 24 33 1
91 68.51 94.07 43.87 276.42 20 42 2
92 37.56 48.36 5.70 166.03 9 16 2
93 88.27 84.99 47.32 164.84 6 38 1
94 13.33 95.16 0.36 477.17 1 28 2
95 74.35 32.15 3.73 51.68 21 35 2
96 77.03 58.35 47.05 474.43 0 46 2
97 55.14 27.69 17.32 483.78 21 38 2
98 47.50 3.65 46.71 100.81 12 26 2
99 10.37 28.18 41.14 96.88 20 32 2
100 61.22 11.76 38.63 55.45 13 45 1
101 28.17 64.40 34.76 403.85 17 43 2
102 45.55 88.85 8.93 278.48 24 38 1
103 92.07 43.03 26.50 103.69 5 19 1
104 96.73 51.87 0.44 317.42 12 48 2
105 74.37 85.02 27.51 485.27 0 4 1
106 3.57 49.71 41.97 371.86 17 40 1
107 27.75 9.27 48.45 234.30 2 6 2
108 90.94 48.21 32.55 426.48 17 45 1
109 77.80 27.41 18.01 331.48 18 34 1
110 16.18 93.40 44.61 290.88 12 22 1
111 24.57 45.72 2.51 65.08 12 44 1
112 60.88 39.46 13.34 161.56 7 35 2
113 1.09 37.07 13.71 365.25 14 41 1
114 91.20 40.11 32.11 72.53 3 41 1
115 19.93 31.72 3.26 252.39 2 36 2
116 15.02 94.30 25.87 78.40 15 35 2
117 93.27 59.61 35.81 425.77 20 42 2
118 59.59 3.07 7.45 282.45 0 5 2
119 40.51 12.84 15.52 320.69 11 36 2
120 0.25 4.15 37.00 444.43 11 43 2
121 67.55 88.66 20.50 137.96 18 29 2
122 7.11 72.06 46.47 102.53 3 13 1
123 40.07 56.46 17.96 469.12 13 48 1
124 68.71 11.78 48.45 65.55 21 47 1
125 37.61 35.63 28.76 87.60 9 19 2
126 93.94 14.11 38.05 137.89 11 18 2
127 50.71 18.16 36.72 63.16 7 18 1
128 0.72 3.33 48.17 278.38 14 46 2
129 60.34 22.08 42.73 489.43 20 26 2
130 36.32 46.14 0.09 469.27 6 22 1
131 99.19 17.22 46.69 172.52 6 27 1
132 93.31 36.72 49.74 119.16 21 27 1
133 49.77 86.36 14.78 381.03 14 40 2
134 94.58 48.36 44.71 387.69 20 20 2
135 44.01 56.33 48.83 400.77 16 37 2
136 40.34 39.48 35.43 341.94 23 30 2
137 98.59 8.83 24.16 230.11 13 20 1
138 59.14 93.67 19.86 419.48 2 44 1
139 70.39 56.49 4.28 385.62 17 17 1
140 94.52 10.47 40.97 494.18 17 40 2
141 4.33 70.15 24.39 270.67 14 47 1
142 86.25 53.78 38.02 383.13 9 15 2
143 92.19 4.03 25.01 257.20 24 43 1
144 48.29 3.91 19.87 423.19 19 27 1
145 99.37 44.28 3.01 467.91 11 39 2
146 69.93 65.49 9.17 491.90 9 43 1
147 64.22 84.54 15.84 328.14 7 26 2
148 74.14 17.73 9.69 345.99 18 34 1
149 62.79 86.12 21.74 207.91 1 8 2
150 82.18 43.48 4.27 150.89 10 26 1
151 96.01 38.34 29.20 374.74 7 46 1
152 69.41 68.27 28.97 70.76 12 43 1
153 74.40 34.28 29.63 363.47 17 29 2
154 85.23 51.93 43.84 89.51 5 36 2
155 98.28 35.02 17.93 345.00 4 42 2
156 73.22 9.24 30.36 261.36 23 45 1
157 14.05 92.50 42.98 275.28 0 27 2
158 72.80 69.94 31.07 436.69 9 25 2
159 17.28 2.00 31.95 213.18 0 44 1
160 95.37 31.91 28.09 258.65 13 45 1
161 94.46 92.94 47.86 388.35 3 29 2
162 71.79 18.39 28.77 264.50 10 37 1
163 86.48 33.55 44.69 221.57 2 9 2
164 47.57 91.64 28.50 53.59 17 28 2
165 68.67 52.77 2.49 240.67 11 14 2
166 8.47 49.11 0.61 223.30 23 31 2
167 98.26 64.82 35.34 424.15 17 29 1
168 13.03 3.77 6.36 375.94 18 30 1
169 43.44 73.71 31.99 424.92 15 47 1
170 57.55 21.95 16.98 335.50 15 24 1
171 60.15 43.17 46.87 265.60 0 15 1
172 38.38 75.20 33.31 210.82 20 46 2
173 66.34 29.43 37.59 249.56 5 19 1
174 91.30 63.12 9.56 392.97 7 29 1
175 50.87 60.32 45.61 369.04 23 48 1
176 83.79 4.71 13.67 349.24 12 29 1
177 62.75 25.46 22.32 94.32 2 11 1
178 11.32 37.49 30.29 138.45 17 25 1
179 57.01 55.37 34.27 105.62 22 24 1
180 55.16 24.21 20.83 438.09 3 19 2
181 80.71 96.57 43.78 269.37 10 48 2
182 86.18 26.21 30.86 439.97 23 42 2
183 53.96 53.03 21.25 121.89 22 40 2
184 47.27 94.80 9.81 329.27 3 44 2
185 60.82 27.40 4.77 205.26 22 46 1
186 79.85 35.82 34.11 292.08 3 31 1
187 49.57 45.16 24.81 295.55 14 41 1
188 36.01 65.42 26.97 53.34 2 4 1
189 33.75 2.28 47.93 345.63 10 38 2
190 98.41 19.64 42.22 255.36 13 38 1
191 15.27 19.06 27.86 364.33 18 18 2
192 21.62 98.04 15.96 129.04 14 18 2
193 30.51 12.85 26.67 215.01 16 29 2
194 89.99 0.94 33.83 272.00 6 41 1
195 60.91 15.98 16.21 57.89 8 39 1
196 44.42 85.65 3.84 325.25 14 29 1
197 17.75 42.98 27.08 290.88 7 18 1
198 44.78 79.65 46.43 367.35 18 38 1
199 17.55 27.26 37.31 162.47 22 33 1
200 45.40 92.13 27.55 335.94 3 25 1
201 27.05 23.06 11.59 246.17 20 45 2
202 22.31 32.49 32.49 234.74 8 43 2
203 0.89 8.90 38.95 235.47 19 21 2
204 98.74 99.95 7.17 96.32 2 20 1
205 66.01 75.74 34.67 293.20 12 36 1
206 54.03 37.31 19.02 342.62 13 22 2
207 5.60 22.91 24.57 300.02 21 42 1
208 68.38 81.57 12.44 129.08 22 38 2
209 95.15 80.66 9.40 443.74 11 44 1
210 79.89 99.48 0.81 370.91 9 48 1
211 52.41 51.94 19.58 196.12 23 30 2
212 13.92 83.71 29.14 124.25 20 26 2
213 59.68 26.20 21.13 395.27 15 28 1
214 23.95 64.06 24.73 383.61 24 46 2
215 90.97 11.64 3.52 460.77 2 21 1
216 16.05 6.96 41.66 69.93 23 35 1
217 77.85 96.48 25.02 415.06 0 19 2
218 28.69 51.66 43.07 413.67 18 43 2
219 61.08 53.19 22.95 277.94 6 15 1
220 43.32 8.86 30.09 291.12 6 13 2
221 7.07 82.26 49.70 435.33 22 42 1
222 66.79 89.76 48.17 295.40 14 31 2
223 44.36 35.39 21.01 202.20 17 43 1
224 30.43 34.13 35.80 441.57 21 42 1
225 48.11 55.99 43.97 150.63 20 36 2
226 32.92 10.78 14.08 484.57 1 32 2
227 81.64 75.78 38.00 475.63 11 14 1
228 21.20 13.53 39.38 450.59 6 29 1
229 9.41 84.88 5.25 480.13 7 14 1
230 13.69 48.27 11.69 463.67 0 26 1
231 15.58 96.34 26.72 94.50 24 37 2
232 4.03 48.57 7.93 478.84 2 43 2
233 60.41 42.80 26.42 414.35 15 26 2
234 7.43 74.26 34.83 410.07 0 40 1
235 71.60 17.61 39.88 160.93 1 16 2
236 73.19 67.22 37.09 92.30 14 43 2
237 85.78 39.24 28.22 64.96 18 42 2
238 46.59 24.51 48.62 227.92 19 48 2
239 14.99 73.96 42.75 332.80 3 17 2
240 1.72 80.92 19.62 136.77 18 32 2
241 31.14 15.10 5.90 263.93 5 47 2
242 41.05 5.54 27.27 491.72 16 40 1
243 82.11 20.15 4.57 345.47 6 16 2
244 55.28 74.62 8.23 283.82 11 34 1
245 30.12 93.70 41.82 416.93 1 21 1
246 81.40 61.67 46.00 426.18 6 30 2
247 89.45 9.44 9.39 364.85 18 25 2
248 72.12 65.67 35.03 339.62 21 26 2
249 77.30 60.55 11.05 494.64 19 43 2
250 7.92 61.78 42.55 300.43 6 48 1
251 13.04 66.62 14.13 93.16 4 36 2
252 64.30 94.78 16.22 107.61 0 24 2
253 64.84 67.75 32.59 381.49 12 17 2
254 36.70 50.02 2.72 258.09 10 13 1
255 71.68 88.76 3.06 256.58 20 21 1
256 25.40 83.59 26.80 266.59 10 14 2
257 34.63 71.57 26.37 234.08 24 26 1
258 62.57 82.35 18.40 135.77 20 46 2
259 27.72 89.49 3.90 246.53 15 40 1
260 18.50 69.20 42.26 396.51 2 18 1
261 89.94 71.27 8.38 211.80 11 28 1
262 67.76 41.91 43.85 77.25 11 31 1
263 21.05 87.57 3.10 104.62 15 42 1
264 77.31 60.63 17.96 477.62 21 26 2
265 98.69 26.54 23.91 333.16 16 39 1
266 71.21 33.83 19.10 119.84 8 38 2
267 19.02 49.35 10.81 77.76 1 31 2
268 51.17 94.36 41.69 451.72 16 45 1
269 24.85 30.60 16.89 221.56 13 41 1
270 43.25 55.86 29.69 152.19 3 9 2
271 96.84 87.11 3.76 207.61 6 46 2
272 85.09 71.10 49.76 403.63 18 19 2
273 20.94 74.72 15.46 333.49 9 41 2
274 78.61 26.53 26.16 91.99 6 9 2
275 71.13 32.01 0.41 233.48 2 10 1
276 69.90 20.76 12.14 189.01 14 15 2
277 55.22 28.99 39.01 71.03 18 37 2
278 21.19 3.41 7.55 319.75 0 40 2
279 87.85 39.45 32.02 412.81 15 33 2
280 6.31 41.84 9.09 316.10 17 33 2
281 62.18 2.77 33.24 305.90 18 37 2
282 44.53 12.86 33.45 260.58 2 41 2
283 29.80 57.69 0.68 444.39 17 28 1
284 39.15 21.47 49.43 303.96 6 47 1
285 35.96 56.66 32.52 280.52 5 36 1
286 52.01 16.65 41.25 407.58 24 35 1
287 22.30 85.44 31.56 248.38 8 46 2
288 91.90 25.55 9.25 61.75 6 34 1
289 57.27 21.65 11.80 145.58 6 46 2
290 28.44 81.86 2.71 244.84 11 23 2
291 97.24 74.37 12.77 345.39 0 25 2
292 46.65 82.34 0.32 459.43 7 38 1
293 14.06 85.70 41.88 249.70 5 9 2
294 91.45 21.00 43.54 446.25 8 23 2
295 5.19 99.20 17.28 301.14 23 45 2
296 93.53 38.51 43.84 67.84 17 40 1
297 96.52 95.71 42.74 191.69 13 17 2
298 18.12 62.33 24.89 336.54 3 31 1
299 15.37 51.63 49.14 402.10 2 47 1
300 84.68 92.70 18.25 83.32 13 33 1
301 39.09 6.57 7.40 301.55 19 19 1
302 32.71 18.19 9.07 235.25 23 46 2
303 39.85 80.39 38.44 193.18 3 12 1
304 97.15 15.23 11.28 109.35 3 46 2
305 13.37 69.80 12.15 76.09 24 30 2
306 82.45 80.39 1.11 121.31 14 47 2
307 83.29 90.65 41.26 393.83 21 27 1
308 26.50 19.26 16.07 410.60 17 24 2
309 96.59 50.25 21.80 260.00 16 48 1
310 70.02 11.90 26.39 297.62 13 19 2
311 35.23 18.31 49.36 466.85 23 29 1
312 20.55 24.85 33.35 211.45 16 35 2
313 17.41 93.38 47.42 464.38 3 10 1
314 83.19 96.15 2.15 486.06 7 43 2
315 81.66 35.07 32.95 432.94 3 8 1
316 54.81 69.17 3.84 56.72 22 36 1
317 71.24 21.08 14.04 334.20 15 18 1
318 10.96 87.47 37.85 189.76 6 21 1
319 65.61 37.93 40.41 464.42 14 25 2
320 30.26 51.81 8.62 427.28 8 27 2
321 16.47 50.35 30.23 224.05 11 31 1
322 98.63 1.68 15.40 252.44 24 46 2
323 23.53 76.13 20.61 467.38 13 16 2
324 43.64 19.61 39.72 478.87 13 42 2
325 49.46 29.57 16.33 373.17 10 39 2
326 3.27 58.07 17.23 79.24 20 41 1
327 86.75 83.37 37.94 275.19 17 39 2
328 99.83 82.21 17.07 185.85 6 22 2
329 51.40 95.02 37.99 335.54 2 29 1
330 59.35 89.46 29.32 219.56 12 42 2
331 10.55 51.71 28.15 238.78 3 42 1
332 57.94 1.16 20.98 56.32 16 47 2
333 78.29 81.22 5.54 147.97 2 28 1
334 38.62 77.39 27.06 175.91 10 23 2
335 70.08 30.82 47.86 195.06 7 25 1
336 98.35 75.23 43.71 397.00 12 12 1
337 47.48 64.96 34.30 210.96 6 19 2
338 35.51 14.69 46.72 287.78 7 44 2
339 11.71 69.93 46.61 416.01 6 48 1
340 43.12 31.37 36.66 67.72 14 18 2
341 37.91 49.08 8.16 202.20 3 4 1
342 78.71 25.14 46.59 473.76 12 31 1
343 19.17 88.52 44.53 84.17 9 31 1
344 87.51 1.00 14.58 90.25 13 40 2
345 35.77 58.61 2.99 482.99 4 20 2
346 25.47 96.87 2.89 419.19 10 12 1
347 88.65 89.19 13.73 499.00 9 35 2
348 84.06 26.20 36.82 414.69 11 15 1
349 27.99 42.80 8.91 208.42 9 21 2
350 4.36 36.88 39.73 71.81 15 20 1
351 8.73 32.27 19.25 406.51 19 25 1
352 23.71 17.68 33.96 224.70 5 36 1
353 78.14 95.48 33.75 56.60 15 24 1
354 10.83 44.89 41.38 368.90 18 34 2
355 85.32 11.16 9.32 289.94 19 23 1
356 84.22 81.33 21.68 263.47 1 45 1
357 57.95 83.71 0.73 331.16 18 42 1
358 19.54 58.10 10.17 220.65 23 30 2
359 11.04 34.91 31.32 387.38 17 36 1
360 65.48 10.94 48.19 282.32 2 46 2
361 24.84 47.32 25.30 251.88 9 22 2
362 43.07 47.96 39.37 398.75 8 33 1
363 40.82 15.95 42.44 314.36 12 41 1
364 20.04 7.87 3.60 487.74 20 37 2
365 24.40 31.53 12.74 424.42 24 39 1
366 95.28 92.34 30.92 350.86 13 15 1
367 88.86 42.76 48.80 315.65 13 36 1
368 48.15 60.72 23.52 216.32 11 13 1
369 70.16 35.35 11.55 480.30 21 37 2
370 34.91 62.53 39.39 262.69 21 45 1
371 91.20 46.59 49.55 364.47 9 22 2
372 35.84 50.85 14.47 356.73 0 36 2
373 28.67 6.33 16.02 304.08 3 29 1
374 5.59 23.60 13.88 392.11 8 47 1
375 76.04 86.57 14.26 446.05 9 22 2
376 1.07 14.27 45.37 472.55 8 38 1
377 71.14 85.84 32.62 439.59 19 29 2
378 28.22 14.68 12.27 407.25 21 44 2
379 13.35 68.25 20.52 473.11 4 9 2
380 4.41 81.92 29.04 218.02 5 42 2
381 19.34 37.01 47.83 325.47 4 31 1
382 61.05 62.03 30.54 390.95 2 45 2
383 65.50 72.18 25.77 383.03 12 31 1
384 56.48 75.67 19.61 290.65 13 43 1
385 80.12 28.15 32.18 426.84 4 5 2
386 94.55 97.27 43.44 317.47 3 10 2
387 30.68 63.02 15.19 265.49 10 16 1
388 21.68 78.59 49.27 388.73 22 37 1
389 56.21 43.00 24.55 300.90 13 34 1
390 87.83 13.22 32.68 239.69 17 29 2
391 38.95 88.78 32.99 489.02 14 23 2
392 27.69 73.43 5.40 51.57 6 32 2
393 94.15 33.61 7.31 308.64 10 45 1
394 80.12 98.33 38.89 473.18 6 9 2
395 59.60 99.88 44.06 67.39 10 19 1
396 69.83 51.50 6.40 486.88 12 26 2
397 47.90 96.86 42.38 147.87 21 34 2
398 94.84 16.94 23.99 340.31 2 7 2
399 98.42 43.12 17.72 348.76 1 11 1
400 91.90 82.79 47.84 232.09 3 45 1
1 126.31 3180.22 1
2 167.69 4112.73 2
3 137.58 3789.07 2
1 1.62 31.98 3
2 1.10 39.46 1
3 1.45 43.55 1
