Data for Vehicle routing problem with drones - Author: Huyen Do Thi Ngoc
Number of depots: 4
Number of cities: 400
Number of trucks: 6
Number of drones: 16
Area: 100 100 50
Customer maximum demand: 500
Max capacity of truck: 200
Max energy of truck: 5000
Max capacity of drone: 2
Max energy of drone: 50
1 3.31 91.97 36.37
2 13.05 65.29 22.34
3 50.94 81.32 45.66
4 63.93 58.90 9.98
1 38.04 23.22 44.70 389.78 22 22 3
2 38.95 99.92 5.41 484.37 24 43 3
3 56.88 48.38 13.20 117.84 23 41 1
4 90.55 78.45 24.02 214.81 5 19 2
5 49.65 19.46 18.13 316.00 10 18 2
6 85.22 52.86 4.10 276.31 2 43 4
7 53.04 36.30 0.19 122.15 6 7 3
8 71.89 54.28 27.08 154.74 18 46 4
9 43.04 68.91 5.01 196.72 20 28 3
10 19.22 36.42 15.58 95.73 8 28 1
11 14.15 51.02 27.31 190.34 11 33 1
12 1.70 47.79 16.03 487.46 16 25 3
13 33.86 13.53 6.90 221.78 22 28 1
14 62.99 98.85 14.46 482.17 13 23 3
15 44.71 10.19 8.09 432.93 13 29 2
16 56.07 67.04 0.08 112.47 19 34 3
17 75.19 82.49 12.19 457.27 7 22 4
18 18.22 15.10 21.31 97.81 4 26 1
19 83.81 23.72 22.45 122.18 7 18 4
20 14.95 76.44 6.65 271.04 21 35 3
21 81.48 28.17 1.92 319.68 8 33 1
22 41.53 62.38 36.99 213.23 7 22 4
23 13.91 41.16 30.38 448.33 7 43 4
24 86.70 96.29 16.29 119.01 13 47 4
25 12.52 0.21 45.80 494.81 2 8 4
26 5.78 20.70 16.11 400.03 19 43 4
27 33.22 4.55 45.42 175.55 7 37 1
28 27.61 92.01 29.39 52.89 20 20 2
29 75.80 71.86 37.94 51.23 13 42 3
30 33.00 52.03 46.27 151.47 10 15 2
31 24.51 71.23 39.32 227.73 9 22 2
32 74.59 71.47 28.66 461.36 23 35 4
33 22.54 50.74 31.39 436.07 13 32 1
34 32.59 6.22 32.17 416.75 15 21 3
35 11.92 43.44 38.54 390.17 12 34 2
36 93.88 56.52 6.04 235.90 24 27 2
37 47.07 71.82 14.79 230.20 12 32 4
38 76.53 68.07 4.09 51.41 10 45 3
39 73.42 38.79 15.22 285.13 5 20 4
40 39.35 99.95 34.18 141.37 0 36 4
41 44.20 48.63 27.25 481.25 24 40 1
42 21.90 91.49 33.79 466.08 11 14 4
43 25.05 35.27 14.46 390.18 13 37 1
44 95.05 55.67 18.27 109.84 7 8 3
45 85.10 43.11 34.62 397.02 20 39 3
46 19.87 72.34 3.69 75.13 12 39 1
47 80.67 97.69 38.10 66.26 21 27 2
48 16.11 95.29 22.47 232.98 18 31 1
49 69.64 7.66 27.19 336.80 8 15 3
50 74.85 95.12 27.71 347.88 21 31 3
51 56.81 35.90 28.95 330.32 17 35 4
52 12.02 84.75 16.73 427.24 12 31 1
53 11.57 93.63 14.22 97.23 16 19 3
54 86.00 8.03 32.28 375.45 8 17 1
55 95.24 87.97 31.61 450.59 16 44 4
56 78.27 86.43 32.40 330.27 9 40 4
57 50.69 21.07 20.37 331.09 17 27 1
58 18.12 5.02 34.69 496.15 19 41 4
59 21.72 60.46 43.66 116.65 18 28 4
60 83.02 28.63 42.60 79.74 7 39 1
61 4.62 43.29 49.10 116.65 22 40 4
62 3.53 99.03 16.62 488.97 3 19 4
63 5.19 49.24 47.31 379.20 7 27 3
64 83.01 40.13 25.37 214.00 9 34 4
65 19.86 95.04 13.32 338.43 12 47 1
66 30.95 13.98 14.67 249.26 5 13 3
67 54.25 77.42 30.15 108.91 8 33 4
68 14.55 2.50 38.14 270.81 23 29 4
69 57.98 78.15 15.64 294.42 21 39 3
70 57.68 25.65 21.19 60.56 23 25 1
71 81.38 36.92 45.24 173.53 24 36 4
72 0.13 64.03 28.21 319.51 16 18 3
73 19.51 33.07 11.80 105.99 5 10 1
74 67.06 97.37 30.41 302.38 6 23 2
75 16.49 70.87 46.10 87.07 9 32 3
76 92.28 50.65 26.59 411.12 0 46 1
77 76.72 77.79 3.00 104.31 14 32 4
78 51.61 89.42 20.33 253.36 20 36 1
79 11.04 68.16 41.94 437.90 1 28 3
80 84.93 89.62 31.32 466.14 13 44 1
81 91.38 68.78 6.58 197.72 14 22 2
82 58.54 80.60 0.60 99.02 10 12 4
83 7.65 88.52 24.29 144.79 5 5 4
84 11.88 38.67 6.09 181.39 15 35 4
85 39.46 5.42 19.61 155.37 16 40 1
86 63.21 43.57 7.67 165.98 20 48 4
87 84.79 46.75 7.21 290.81 1 8 2
88 35.05 33.48 11.16 479.84 7 20 4
89 50.96 33.19 15.00 77.03 17 37 3
90 56.88 14.09 8.33 294.21 24 29 1
91 26.78 36.70 10.63 476.92 14 48 3
92 84.44 28.38 46.84 459.72 11 11 4
93 70.42 48.42 44.75 311.70 21 21 4
94 57.82 37.62 20.95 187.64 13 30 4
95 42.55 29.53 39.99 364.61 8 23 4
96 74.70 78.53 33.92 446.71 10 46 4
97 93.75 93.23 5.68 421.57 12 24 1
98 47.59 56.67 37.34 67.13 21 44 4
99 76.29 94.44 16.16 254.68 11 13 2
100 27.14 62.55 25.13 174.54 6 42 1
101 25.64 0.18 25.36 157.27 0 22 1
102 48.11 76.76 29.66 312.24 12 42 2
103 72.91 63.83 15.95 485.75 5 27 2
104 95.82 23.12 0.72 283.51 19 36 4
105 80.42 87.23 49.46 352.70 14 22 4
106 88.35 31.66 17.65 214.96 4 4 4
107 58.19 81.76 46.13 150.40 18 20 4
108 71.35 76.56 13.37 470.47 0 4 4
109 44.60 65.77 46.51 233.98 24 36 1
110 14.73 5.89 20.31 307.69 10 47 1
111 16.02 72.22 5.99 157.89 22 42 3
112 9.48 49.40 35.37 446.29 10 27 3
113 73.25 61.38 42.97 319.43 7 30 1
114 77.81 44.74 4.17 75.90 0 37 1
115 52.38 66.09 4.37 308.40 1 20 1
116 36.35 81.48 38.37 428.61 15 29 1
117 56.87 3.15 29.93 439.71 19 20 4
118 16.46 70.13 9.62 438.00 9 21 2
119 95.15 99.33 26.04 452.40 20 32 4
120 34.82 52.49 25.55 185.25 21 30 4
121 55.83 27.52 45.34 448.42 0 28 3
122 76.18 78.41 12.14 471.11 2 35 1
123 67.04 36.02 7.70 309.34 20 46 4
124 50.50 24.86 3.66 493.61 23 44 1
125 86.15 11.87 14.71 258.75 10 24 2
126 72.37 77.21 31.38 189.66 13 32 1
127 53.55 16.64 10.14 273.57 14 18 3
128 88.90 67.17 13.93 344.64 5 9 3
129 82.84 51.32 34.90 314.68 22 30 3
130 39.83 17.61 30.81 242.61 6 20 1
131 48.92 52.58 17.81 380.32 22 33 3
132 90.64 87.81 13.14 351.05 0 31 3
133 46.81 5.29 31.91 120.79 4 11 2
134 77.17 13.06 33.32 343.86 17 40 1
135 97.84 34.88 44.56 487.12 6 36 3
136 64.27 29.15 41.38 311.31 6 14 3
137 34.59 11.04 19.30 441.84 0 22 3
138 96.87 88.87 19.03 252.01 12 46 1
139 59.81 42.80 12.87 85.87 23 37 2
140 73.27 5.09 32.92 348.56 16 37 3
141 88.54 27.87 44.97 367.85 10 33 3
142 9.73 43.71 33.01 449.36 12 27 3
143 90.16 39.13 4.52 320.77 21 38 4
144 57.01 76.25 2.15 232.64 3 4 2
145 77.18 77.20 40.06 124.92 24 44 1
146 62.05 75.78 46.81 249.61 11 28 2
147 23.14 90.03 0.25 109.21 7 42 1
148 70.78 98.57 47.22 390.63 2 13 2
149 67.12 69.52 32.48 104.91 19 41 3
150 79.49 32.86 36.50 97.27 13 44 4
151 90.37 68.07 25.64 113.25 15 32 3
152 11.67 0.42 41.61 382.99 15 38 4
153 48.99 22.84 7.00 69.06 8 20 4
154 2.28 8.56 38.58 465.45 18 38 2
155 39.82 51.95 17.55 406.81 16 39 3
156 49.31 44.48 44.25 199.00 14 40 2
157 15.84 54.03 15.31 317.70 3 18 3
158 31.85 64.82 12.95 219.81 11 19 4
159 53.53 30.68 14.90 314.06 20 36 3
160 50.62 60.47 27.56 117.81 10 35 4
161 9.12 86.27 8.31 151.64 18 39 2
162 22.52 24.61 28.03 75.97 14 28 1
163 26.17 43.17 13.40 443.93 3 41 3
164 69.50 4.91 42.36 408.88 5 15 2
165 36.70 0.04 13.66 212.97 6 47 3
166 88.19 31.71 20.33 297.33 12 41 1
167 20.60 15.74 12.93 300.61 12 42 2
168 47.08 1.44 14.91 380.36 24 26 3
169 19.31 24.58 45.37 304.54 3 7 2
170 71.06 42.89 1.38 178.99 24 43 3
171 74.44 87.13 36.48 223.51 22 48 2
172 7.60 38.09 35.86 440.52 12 35 4
173 55.83 48.12 37.71 365.69 19 20 2
174 49.43 51.98 23.25 317.43 11 15 2
175 99.55 22.67 48.77 79.84 0 44 4
176 27.88 51.95 16.92 308.85 14 32 2
177 20.07 59.03 15.29 259.55 7 26 3
178 76.09 77.30 33.79 484.51 22 26 4
179 48.44 19.98 40.12 334.62 10 18 1
180 80.58 75.54 22.97 155.82 4 34 3
181 79.88 57.18 38.70 489.31 14 30 2
182 68.21 84.95 13.20 464.19 1 38 3
183 67.29 85.94 22.98 499.82 12 14 3
184 55.25 68.92 38.50 233.57 23 45 4
185 64.39 67.98 26.63 404.09 18 44 3
186 20.38 44.26 22.02 138.46 10 27 4
187 65.51 26.62 26.99 156.85 8 44 4
188 15.26 84.43 21.99 197.83 4 34 4
189 98.27 20.87 6.57 483.92 10 42 1
190 24.84 17.28 0.31 122.48 21 36 3
191 99.71 77.62 43.23 355.02 17 33 3
192 9.70 82.94 44.90 427.27 14 16 1
193 31.24 97.92 11.56 143.83 10 17 4
194 56.14 46.72 3.06 116.07 19 48 3
195 84.02 68.95 33.04 52.16 10 27 1
196 26.13 91.11 9.39 228.94 8 14 1
197 2.87 94.32 4.79 240.47 9 14 2
198 21.11 35.28 6.51 446.36 22 36 1
199 50.14 66.62 32.17 131.91 21 27 2
200 34.80 28.28 48.74 384.11 21 45 3
201 0.36 67.80 44.64 111.40 3 17 4
202 85.65 73.67 15.46 482.03 16 32 1
203 93.10 96.11 16.48 165.05 8 28 1
204 69.49 34.62 7.13 410.02 15 41 3
205 46.60 67.94 7.56 307.75 3 31 1
206 28.58 49.94 33.74 453.45 20 37 4
207 30.15 51.48 38.56 138.77 21 28 4
208 52.08 75.64 40.07 482.05 15 43 1
209 43.09 1.01 18.89 419.35 12 41 2
210 17.04 62.17 10.82 420.44 22 30 4
211 53.88 26.36 42.33 51.25 23 47 1
212 75.69 28.50 16.52 180.96 3 27 4
213 9.72 15.24 25.18 114.37 10 10 2
214 44.91 73.31 7.70 479.49 17 19 4
215 55.05 21.86 44.91 60.90 15 40 3
216 79.48 56.72 19.42 462.88 15 18 3
217 40.78 77.87 18.90 172.15 19 46 2
218 34.90 48.89 11.88 426.30 4 37 2
219 93.17 0.18 41.47 193.39 0 19 1
220 72.69 99.41 18.14 244.45 0 41 4
221 5.77 31.07 44.92 337.04 17 31 2
222 77.87 45.40 33.18 174.44 12 20 4
223 40.52 61.77 11.67 56.49 22 24 4
224 13.98 82.82 38.32 478.31 2 22 3
225 97.37 2.26 14.37 356.52 7 32 1
226 51.51 97.43 10.61 228.90 4 19 4
227 39.22 9.53 6.06 365.63 1 16 1
228 70.47 30.24 24.05 439.24 18 19 1
229 57.97 16.28 8.15 361.53 4 47 1
230 12.06 78.41 8.20 336.66 9 31 2
231 36.19 42.60 31.11 250.40 22 34 3
232 97.75 25.49 28.01 71.73 4 4 3
233 58.49 9.48 22.08 402.39 19 39 2
234 44.92 8.95 40.09 395.75 9 30 4
235 5.86 44.05 8.04 318.08 13 22 1
236 58.90 85.73 26.62 55.72 2 48 4
237 16.57 25.58 44.51 437.57 14 41 1
238 27.94 73.12 21.13 80.83 9 34 2
239 26.08 59.21 8.49 479.01 1 31 1
240 32.57 1.92 24.77 464.16 11 38 4
241 78.13 5.47 8.35 61.44 1 41 1
242 94.79 38.15 4.87 139.01 6 45 2
243 33.98 22.45 45.56 390.48 0 22 3
244 53.99 19.73 26.23 283.33 23 39 4
245 49.73 19.66 17.90 121.38 16 46 3
246 74.82 40.15 7.30 207.46 11 33 4
247 58.19 14.65 0.37 72.97 0 19 4
248 44.01 16.35 14.89 73.45 14 35 4
249 78.44 50.42 39.26 189.09 23 45 2
250 29.53 73.06 5.41 153.18 13 24 4
251 68.07 5.46 11.45 85.44 18 38 3
252 1.91 42.44 20.99 207.29 23 29 1
253 65.15 97.57 37.80 420.92 20 43 1
254 74.63 33.53 43.57 205.60 12 47 3
255 82.48 18.46 40.52 101.66 10 17 2
256 85.92 48.04 41.86 128.25 7 8 1
257 98.64 3.54 23.90 244.87 19 36 3
258 75.32 73.30 17.39 405.58 24 46 2
259 5.06 20.11 47.10 274.48 16 22 1
260 42.01 55.29 10.10 305.46 11 27 1
261 91.85 46.66 47.60 438.59 7 18 3
262 47.76 3.19 11.56 441.93 4 12 3
263 85.46 81.21 39.71 437.73 12 26 1
264 18.82 75.18 42.11 96.64 13 45 2
265 31.58 3.66 32.47 155.05 3 44 1
266 22.26 65.41 49.42 142.46 10 32 4
267 95.11 63.23 29.09 296.79 6 41 4
268 85.33 38.63 17.86 280.17 9 15 3
269 67.71 27.07 4.41 340.93 14 19 1
270 21.60 45.55 39.43 189.63 9 12 4
271 90.10 61.48 38.14 320.35 19 32 2
272 9.26 41.85 48.49 165.20 12 26 3
273 42.59 28.30 44.00 492.49 5 10 3
274 28.06 28.32 46.03 177.13 14 16 2
275 30.19 31.21 25.13 313.73 14 25 1
276 58.04 24.32 18.03 339.12 16 21 4
277 82.47 21.95 14.37 445.63 4 22 3
278 7.30 26.13 45.52 381.17 5 37 4
279 31.57 73.67 21.64 154.57 5 41 1
280 54.89 80.15 23.15 247.71 2 42 1
281 64.88 33.23 37.43 399.32 14 46 3
282 48.45 34.68 37.73 303.38 3 9 3
283 21.08 87.11 5.93 221.47 3 48 3
284 13.11 99.35 14.44 59.99 8 19 3
285 20.54 60.07 7.54 276.12 17 28 3
286 67.79 45.01 33.11 138.20 0 37 3
287 63.52 19.81 7.52 295.78 7 18 1
288 26.95 55.31 20.41 307.23 10 10 2
289 42.07 11.49 8.54 296.11 2 18 4
290 5.14 86.66 10.18 227.81 6 13 4
291 65.12 77.49 12.98 216.80 22 37 2
292 12.48 4.91 10.24 109.79 1 6 3
293 80.24 39.36 12.98 254.01 20 39 4
294 72.58 97.35 6.65 187.60 19 23 2
295 43.33 25.97 42.84 133.87 6 24 4
296 18.97 38.30 17.81 463.02 6 21 3
297 90.40 52.79 16.27 301.74 11 29 3
298 10.43 93.22 42.25 241.07 17 21 3
299 72.94 69.54 24.33 212.17 16 39 3
300 19.33 8.10 46.65 116.02 16 45 3
301 56.58 15.53 32.92 380.66 24 41 2
302 74.57 35.23 47.53 272.68 0 4 1
303 60.67 61.36 36.88 94.12 24 43 1
304 42.67 98.48 24.04 264.18 5 24 1
305 17.67 36.01 30.68 85.13 18 40 1
306 3.90 79.85 11.12 310.37 13 45 2
307 96.48 80.83 23.05 120.59 3 25 4
308 48.61 32.38 37.63 289.91 5 29 2
309 89.98 16.02 16.19 52.81 9 14 1
310 74.90 62.94 38.18 257.75 16 40 2
311 26.57 11.62 41.72 124.85 16 27 3
312 82.71 5.16 1.69 238.07 10 26 1
313 78.79 6.24 32.83 151.27 16 20 4
314 0.54 27.96 23.31 483.81 8 31 3
315 65.34 13.17 23.51 423.90 14 47 2
316 61.19 49.59 22.93 226.42 13 37 1
317 80.89 87.22 5.23 293.29 8 20 4
318 31.25 2.85 3.47 155.51 19 42 4
319 14.84 12.11 34.90 346.77 13 24 3
320 87.34 96.75 22.74 175.67 24 37 1
321 46.02 9.21 32.13 254.60 8 8 1
322 15.01 15.53 43.34 80.01 10 22 1
323 31.94 84.71 21.23 163.68 4 6 1
324 8.60 3.93 34.73 437.98 8 19 1
325 11.57 61.76 48.66 365.91 4 9 1
326 15.65 45.54 5.26 62.25 1 39 4
327 67.82 6.23 14.21 396.54 14 26 2
328 31.29 72.06 14.94 212.86 15 43 1
329 45.74 76.14 5.99 152.34 20 44 4
330 37.07 87.43 44.44 171.53 1 25 2
331 14.41 24.85 14.41 101.85 1 17 3
332 27.07 51.36 31.73 88.80 17 18 1
333 18.75 30.78 10.54 122.95 21 25 3
334 91.47 3.36 42.60 332.38 17 37 3
335 75.28 52.04 27.70 62.35 2 16 3
336 96.23 79.38 13.60 222.97 19 31 3
337 63.80 79.44 30.18 432.10 1 30 4
338 54.11 85.34 46.21 360.34 8 31 3
339 15.85 97.31 42.96 462.82 4 8 2
340 14.68 64.79 45.73 285.65 24 41 2
341 61.33 19.58 24.10 161.18 11 41 1
342 1.81 80.77 18.95 129.46 6 14 1
343 94.81 11.28 3.33 164.24 19 19 1
344 87.78 9.49 4.65 298.07 22 30 1
345 87.06 14.16 36.55 112.95 4 32 4
346 39.10 9.34 46.70 288.52 5 40 1
347 14.50 60.37 32.83 58.58 23 48 2
348 9.72 36.82 10.95 158.13 8 21 3
349 76.35 12.81 18.24 199.69 10 14 4
350 50.84 51.48 14.19 441.07 15 27 2
351 82.67 58.96 12.13 101.59 24 45 2
352 12.24 70.21 12.39 438.85 19 45 2
353 42.64 7.35 5.71 81.40 10 17 3
354 20.46 67.15 21.75 466.35 23 30 2
355 37.56 85.90 27.22 325.27 21 27 4
356 79.15 91.87 8.73 248.33 17 20 1
357 4.74 51.72 48.34 267.26 2 14 3
358 33.06 54.27 4.34 493.11 21 38 3
359 96.46 28.68 22.93 215.05 19 20 1
360 81.08 26.53 24.82 316.00 14 43 2
361 45.73 44.26 9.10 171.65 24 24 3
362 33.13 15.82 1.05 479.19 7 37 4
363 85.36 71.73 33.05 148.79 14 28 1
364 33.10 79.26 25.09 267.07 7 27 4
365 5.79 91.05 35.79 57.67 1 26 3
366 27.10 8.14 49.49 368.61 15 38 2
367 2.19 16.37 20.80 140.51 3 34 1
368 90.14 90.92 42.91 312.78 20 44 1
369 86.23 28.17 20.41 469.11 1 9 1
370 27.07 18.62 38.22 258.69 11 20 3
371 96.16 12.53 23.19 361.83 9 34 3
372 0.24 17.14 24.45 147.45 19 30 1
373 1.37 43.16 29.58 426.53 23 45 3
374 21.52 80.27 15.38 409.68 12 18 3
375 26.68 96.30 6.27 246.46 23 46 2
376 62.67 8.46 39.26 446.86 5 23 3
377 37.23 7.22 35.94 408.57 22 37 1
378 51.15 20.22 23.08 120.25 6 34 4
379 55.07 25.00 5.76 441.35 3 38 2
380 49.67 3.55 14.89 95.28 8 24 1
381 67.48 27.95 35.89 318.25 12 44 2
382 79.29 73.41 46.80 406.75 0 24 4
383 79.87 73.83 10.97 186.38 16 34 2
384 59.61 11.12 31.48 167.64 23 24 3
385 8.46 44.48 35.79 474.25 9 15 2
386 72.48 49.46 16.43 109.76 17 30 1
387 57.48 13.73 41.32 251.66 11 42 2
388 25.25 45.71 33.99 221.21 3 40 3
389 86.40 93.83 9.27 120.78 24 42 2
390 37.51 70.51 19.79 478.05 19 23 3
391 22.21 65.38 15.50 194.59 14 21 1
392 49.49 64.58 36.77 142.81 15 33 4
393 8.51 62.52 10.32 301.96 17 26 2
394 98.92 10.27 19.24 494.31 9 27 1
395 57.47 69.65 30.08 486.35 8 28 4
396 13.35 4.31 44.29 106.54 10 21 3
397 85.13 34.56 23.30 378.65 6 25 2
398 43.36 34.34 33.91 441.11 24 44 2
399 44.13 44.53 27.14 208.77 3 16 4
400 20.49 68.85 44.98 441.37 9 47 2
1 139.82 3862.00 1
2 142.96 2512.66 2
3 149.70 2840.36 3
4 125.76 3884.04 4
5 167.98 2852.97 2
6 156.12 3266.48 1
1 1.01 29.17 5
2 1.91 44.47 5
3 1.23 45.82 3
4 1.24 32.86 1
5 1.07 27.13 3
6 1.23 32.39 1
7 1.04 39.09 4
8 1.42 43.68 2
9 1.63 38.77 5
10 1.27 44.40 4
11 1.83 49.97 1
12 1.79 25.63 2
13 1.98 39.57 6
14 1.32 34.69 3
15 1.12 37.98 5
16 1.96 37.16 3
