Data for Vehicle routing problem with drones - Author: Huyen Do Thi Ngoc
Number of depots: 4
Number of cities: 200
Number of trucks: 5
Number of drones: 8
Area: 100 100 50
Customer maximum demand: 500
Max capacity of truck: 200
Max energy of truck: 5000
Max capacity of drone: 2
Max energy of drone: 50
1 69.27 54.32 19.91
2 79.77 17.35 16.50
3 54.70 40.61 42.44
4 29.14 1.82 5.74
1 41.61 6.39 9.99 128.21 21 48 4
2 42.41 48.99 9.26 456.40 0 4 4
3 28.22 57.25 25.01 384.95 17 28 3
4 66.83 65.87 9.00 73.93 15 20 2
5 48.22 85.46 1.92 411.04 11 15 4
6 27.31 88.50 11.03 397.51 0 8 2
7 5.54 11.69 33.21 354.87 17 27 4
8 71.53 2.14 45.64 281.86 14 22 1
9 93.05 19.64 37.62 315.64 15 45 4
10 28.32 6.19 13.30 480.02 21 28 2
11 37.81 76.23 36.47 146.76 3 21 1
12 0.24 79.64 34.18 346.73 14 17 4
13 64.87 34.67 15.11 287.24 8 39 1
14 34.84 3.40 38.06 452.01 20 36 1
15 96.37 7.59 28.62 274.35 1 40 1
16 77.32 27.75 30.55 475.85 24 44 2
17 58.05 19.08 16.93 447.70 20 22 2
18 62.36 78.01 4.78 261.71 11 13 4
19 18.40 24.68 23.37 167.60 15 20 3
20 38.45 77.03 42.50 350.33 12 30 3
21 14.87 54.98 37.36 458.59 2 43 1
22 88.16 43.59 27.77 171.72 2 19 4
23 38.11 0.63 8.06 181.69 10 37 4
24 76.33 98.88 1.29 123.23 20 25 4
25 99.64 41.06 25.79 464.19 10 47 3
26 37.94 7.99 33.28 285.13 8 26 4
27 40.15 23.63 17.85 90.12 1 25 1
28 42.07 6.64 32.18 439.27 0 27 2
29 1.87 95.22 49.78 162.64 10 30 3
30 51.63 52.18 15.67 98.51 4 28 3
31 23.21 32.58 30.49 75.32 9 24 4
32 84.45 89.04 45.59 104.33 5 28 2
33 49.46 24.56 3.67 327.08 5 37 1
34 23.20 85.71 10.52 173.58 22 35 1
35 33.08 70.34 28.30 56.35 12 48 3
36 1.06 58.20 14.20 99.86 4 7 4
37 71.63 51.27 34.56 387.68 19 27 3
38 32.98 68.23 30.38 271.79 4 19 4
39 61.01 68.11 1.58 485.65 17 45 4
40 97.96 94.75 37.33 384.62 22 27 3
41 93.67 9.69 12.15 248.15 15 35 4
42 79.80 52.18 13.55 198.05 18 23 4
43 50.92 81.30 8.07 139.31 1 26 4
44 85.33 50.92 20.88 393.47 3 35 4
45 30.76 32.51 46.77 133.55 12 44 2
46 8.82 6.85 39.12 74.74 13 18 4
47 36.57 16.09 2.79 425.09 21 39 4
48 17.58 98.28 35.51 99.64 4 10 4
49 40.67 12.91 25.14 454.20 22 23 2
50 30.72 68.89 41.38 191.97 14 18 2
51 27.31 51.59 30.99 484.01 15 28 3
52 93.16 81.27 5.09 219.88 7 20 1
53 9.12 75.92 29.50 438.84 9 15 1
54 11.91 31.43 37.61 217.78 14 46 2
55 2.64 93.87 39.21 389.72 13 19 3
56 25.61 5.28 31.98 175.18 22 34 2
57 63.46 58.96 14.63 331.65 8 13 4
58 5.67 67.88 44.21 495.30 4 24 2
59 60.52 37.55 47.87 51.00 8 35 2
60 43.94 6.46 9.03 268.93 12 21 4
61 28.47 45.71 43.22 328.32 17 20 2
62 98.60 71.85 11.49 149.56 24 46 3
63 31.66 90.53 36.89 107.08 23 27 3
64 72.81 39.77 25.28 362.91 12 24 1
65 64.35 60.64 13.64 282.83 1 10 1
66 44.60 78.64 18.11 151.12 8 11 2
67 70.11 74.43 27.67 127.22 21 28 2
68 17.40 52.44 44.28 55.25 6 44 4
69 19.89 4.43 21.56 478.92 21 28 1
70 91.61 33.41 11.70 147.36 7 30 1
71 9.04 46.81 7.18 145.87 17 39 1
72 15.82 85.21 29.91 179.52 20 39 3
73 46.33 75.27 28.66 257.69 10 28 2
74 13.26 34.28 25.10 52.53 18 46 4
75 46.08 13.24 32.83 402.42 0 37 3
76 28.66 84.32 47.83 117.98 17 18 2
77 82.00 24.82 31.25 469.45 1 10 1
78 18.58 94.55 3.22 327.86 19 30 1
79 31.70 65.15 3.68 492.69 16 37 2
80 14.32 49.33 34.32 126.23 12 30 3
81 76.76 74.79 41.65 309.13 11 25 1
82 62.69 61.47 44.29 233.96 9 23 4
83 98.36 80.94 10.36 345.52 11 39 2
84 58.93 26.56 42.88 62.77 24 32 4
85 36.96 36.28 39.86 380.23 4 21 3
86 45.43 23.72 40.09 127.09 15 16 1
87 15.39 37.73 24.70 379.66 15 46 2
88 63.69 26.52 28.93 441.44 7 43 3
89 15.79 26.60 46.73 384.52 17 18 3
90 16.29 76.67 30.11 173.49 19 21 3
91 70.29 79.19 36.67 379.70 13 26 3
92 31.50 10.26 25.37 268.37 2 10 4
93 6.37 50.25 28.66 363.84 0 33 2
94 93.22 83.83 25.23 222.13 20 47 1
95 3.97 59.46 20.77 318.77 19 20 3
96 42.08 85.06 30.28 287.41 8 41 1
97 47.53 86.95 25.74 357.63 11 15 1
98 9.27 36.42 38.21 448.12 8 23 2
99 99.33 48.29 33.65 311.46 4 19 4
100 92.96 2.42 42.29 88.97 23 39 4
101 20.76 50.61 3.63 433.25 9 16 2
102 42.01 15.30 17.42 408.13 9 38 3
103 78.26 38.64 42.76 405.09 4 17 3
104 79.05 15.07 5.18 429.88 7 30 3
105 6.66 93.91 44.74 420.20 7 43 4
106 64.90 92.43 47.02 136.84 16 22 3
107 0.41 46.95 23.74 153.51 14 43 2
108 15.73 14.66 32.64 288.63 14 33 4
109 98.55 65.82 30.19 351.12 4 30 2
110 73.88 54.34 25.32 101.07 2 38 4
111 33.50 62.60 47.52 83.54 24 45 2
112 30.22 55.27 45.66 205.88 6 10 3
113 29.74 43.21 33.31 425.72 9 22 3
114 82.90 56.79 49.77 132.13 20 25 4
115 63.08 92.45 37.39 477.99 3 5 3
116 52.57 51.15 19.98 202.37 16 34 4
117 33.96 24.17 47.82 275.49 0 36 2
118 80.51 48.02 44.41 182.10 3 7 1
119 83.46 6.57 23.41 212.58 7 32 3
120 65.12 16.19 34.52 341.44 13 47 2
121 10.92 90.36 5.22 223.49 7 38 4
122 17.41 51.75 27.74 65.34 10 44 3
123 29.89 98.49 1.28 378.23 15 47 1
124 28.96 63.13 49.55 352.73 13 42 1
125 77.67 10.27 45.75 318.65 16 26 4
126 46.24 79.09 5.96 435.42 5 40 4
127 59.41 55.62 23.97 442.49 3 30 2
128 15.23 57.05 8.33 453.22 17 33 1
129 56.47 40.20 18.47 215.54 24 29 4
130 99.27 50.58 24.72 159.26 13 27 4
131 63.94 70.76 29.53 86.33 2 2 3
132 82.25 18.41 46.30 312.70 5 40 3
133 32.61 75.53 4.51 355.23 6 7 4
134 22.19 84.80 24.36 136.47 21 26 3
135 5.53 39.39 42.70 378.12 14 20 1
136 12.86 47.12 5.97 411.84 17 27 4
137 61.16 74.20 48.09 331.92 8 38 1
138 34.00 33.54 1.83 80.00 17 40 4
139 0.26 1.08 38.48 266.90 23 35 3
140 32.37 89.20 48.68 212.18 5 39 4
141 87.30 7.21 6.02 207.87 7 44 2
142 13.37 71.71 11.60 127.76 22 40 1
143 96.45 12.32 48.49 351.70 9 34 1
144 91.41 44.45 41.64 240.29 18 20 1
145 22.06 45.38 8.52 407.74 6 13 4
146 62.80 46.11 22.11 101.67 8 42 3
147 25.92 23.72 37.55 320.76 14 16 2
148 52.00 3.50 40.24 154.63 11 33 4
149 98.34 95.78 49.41 161.88 12 15 3
150 37.51 54.17 43.43 97.55 15 34 1
151 51.62 43.35 43.13 393.86 0 30 4
152 93.46 11.23 20.23 346.60 2 8 1
153 62.24 79.58 12.37 101.36 0 41 3
154 34.23 28.86 49.25 415.60 2 27 2
155 56.14 96.19 14.43 160.99 8 40 4
156 98.23 83.20 47.20 495.99 4 48 1
157 20.36 44.56 0.55 121.86 0 10 1
158 12.77 51.41 4.45 374.77 21 44 4
159 21.73 32.28 35.27 59.97 21 33 3
160 2.68 67.46 43.07 136.17 20 40 2
161 81.72 93.72 26.98 412.91 24 31 2
162 64.77 64.15 5.41 167.19 6 32 4
163 21.62 31.29 15.57 452.94 16 26 2
164 59.56 96.97 45.37 362.34 23 31 3
165 8.82 25.48 46.58 486.79 17 46 1
166 61.75 70.71 39.62 384.32 20 31 3
167 96.73 5.26 32.09 132.32 17 41 4
168 72.33 38.02 24.77 250.49 10 46 3
169 27.60 61.58 38.61 294.00 14 43 1
170 85.96 32.45 45.55 173.43 18 29 3
171 43.38 83.37 14.44 129.27 10 17 4
172 78.09 42.83 7.80 455.13 3 48 2
173 91.53 43.05 44.89 342.72 10 17 1
174 43.69 27.28 14.10 108.14 19 31 3
175 60.32 95.37 34.48 99.54 8 48 3
176 98.82 37.25 47.23 452.67 21 45 3
177 81.61 20.68 16.31 179.27 18 37 4
178 42.64 16.78 20.92 122.58 3 45 2
179 38.87 98.76 17.01 257.78 0 2 3
180 64.35 11.92 3.69 240.62 10 24 4
181 89.81 19.64 9.94 417.05 13 46 3
182 87.67 30.59 6.62 58.64 11 17 1
183 3.96 12.70 40.39 236.44 7 21 1
184 4.76 92.35 3.32 246.14 14 41 1
185 67.28 71.74 3.10 104.85 12 14 4
186 26.14 29.82 6.42 201.85 0 34 3
187 71.98 72.04 41.98 236.34 2 27 3
188 88.92 23.25 11.77 335.42 8 40 1
189 24.50 23.56 7.44 316.29 16 41 4
190 47.55 31.74 6.08 175.02 1 44 2
191 60.26 36.29 45.06 483.63 9 27 2
192 7.90 6.46 25.94 446.64 14 29 4
193 89.13 29.44 48.74 456.95 21 22 4
194 30.97 39.41 22.37 143.29 0 34 1
195 21.76 26.51 9.94 144.97 22 22 1
196 51.39 75.79 11.27 352.86 7 16 3
197 81.54 45.07 5.20 471.57 7 45 4
198 12.87 40.44 39.56 255.83 13 47 3
199 72.42 46.53 21.66 450.99 22 35 4
200 53.67 13.89 6.51 489.15 3 27 3
1 123.74 3268.43 1
2 170.64 3718.59 2
3 133.49 3739.40 3
4 111.15 3968.07 4
5 103.70 4442.25 2
1 1.23 26.88 2
2 1.35 38.33 4
3 1.09 34.90 5
4 1.65 43.81 4
5 1.03 39.43 5
6 1.10 41.54 2
7 1.35 40.50 2
8 1.35 47.76 2
