Data for Vehicle routing problem with drones - Author: Huyen Do Thi Ngoc
Number of depots: 3
Number of cities: 100
Number of trucks: 3
Number of drones: 3
Area: 100 100 50
Customer maximum demand: 500
Max capacity of truck: 200
Max energy of truck: 5000
Max capacity of drone: 2
Max energy of drone: 50
1 20.23 36.37 44.90
2 64.27 63.55 9.75
3 41.61 25.79 26.86
1 10.89 94.68 32.29 166.88 19 44 2
2 3.36 76.72 21.16 59.61 18 43 2
3 5.57 40.81 16.91 233.80 16 31 2
4 37.26 23.90 22.70 75.89 7 16 1
5 27.90 82.64 1.28 433.87 10 33 2
6 77.06 19.36 16.59 460.82 10 47 2
7 22.05 15.98 15.66 190.17 17 33 2
8 91.79 6.52 38.79 491.00 10 30 1
9 34.67 68.40 22.41 449.65 8 17 3
10 29.96 47.03 9.76 63.50 13 47 3
11 37.87 11.77 22.00 379.39 15 21 1
12 87.02 8.40 22.83 385.42 17 17 3
13 80.28 93.16 28.80 414.72 10 21 2
14 99.30 59.05 10.15 71.87 5 30 1
15 64.82 8.18 3.58 342.53 4 17 3
16 44.04 27.94 22.84 380.04 10 26 3
17 81.77 19.71 23.08 483.24 4 37 2
18 73.86 56.72 10.06 143.04 15 30 2
19 20.70 56.84 6.12 234.34 9 9 3
20 27.13 23.08 43.24 305.87 23 36 3
21 87.92 93.68 15.44 224.81 5 35 3
22 31.59 6.12 13.71 389.23 13 48 1
23 53.54 91.70 49.93 84.54 5 8 3
24 13.60 84.37 12.23 76.02 7 14 1
25 12.08 81.98 18.13 455.39 24 44 1
26 18.80 35.51 13.06 90.22 11 47 2
27 89.50 95.22 41.41 158.81 0 28 2
28 7.89 83.40 18.40 318.86 15 29 3
29 68.53 87.20 39.15 98.91 8 24 1
30 2.89 78.11 45.60 426.60 13 42 2
31 15.58 65.84 6.43 406.97 21 22 1
32 55.53 0.57 38.64 470.35 23 30 1
33 37.05 51.85 10.12 177.51 5 25 2
34 44.77 1.32 15.05 423.58 6 48 2
35 16.00 83.90 9.35 404.41 3 36 2
36 15.02 55.78 36.61 319.57 9 32 2
37 65.20 28.46 45.64 217.18 15 48 3
38 43.40 65.31 0.26 217.13 16 30 1
39 86.36 62.49 4.93 97.88 20 35 2
40 47.88 51.00 28.26 157.23 1 46 3
41 95.38 98.10 19.21 83.86 11 48 1
42 49.47 27.64 19.30 321.46 2 12 2
43 18.49 33.31 46.29 218.93 10 29 2
44 51.70 51.22 16.89 318.07 17 32 1
45 65.52 4.85 6.07 66.41 17 46 3
46 93.42 44.15 30.33 351.83 24 40 2
47 20.18 87.10 22.29 180.93 6 11 1
48 13.76 29.70 15.58 379.03 5 14 2
49 39.62 92.02 20.63 378.33 14 33 3
50 54.63 74.46 31.01 399.03 0 37 1
51 76.04 73.75 40.60 453.40 8 30 1
52 61.60 61.44 42.96 453.45 14 24 2
53 22.28 58.84 24.03 342.63 4 36 1
54 66.90 14.79 13.83 88.92 1 33 2
55 46.29 14.41 20.61 141.44 8 44 1
56 79.17 91.26 44.62 138.03 10 38 1
57 35.07 33.66 19.48 172.41 11 22 3
58 28.35 14.57 34.38 136.88 17 26 2
59 42.01 51.52 47.52 118.10 10 21 3
60 4.00 67.26 33.15 445.64 12 36 1
61 72.33 87.56 47.02 119.70 3 46 3
62 62.70 45.65 5.57 184.71 16 46 3
63 48.12 15.04 16.64 408.69 21 43 1
64 1.36 8.91 14.89 223.15 15 30 3
65 85.62 37.97 1.08 491.35 20 42 2
66 22.44 7.56 24.92 293.34 2 47 2
67 18.65 70.48 32.48 387.55 17 47 2
68 40.30 26.08 2.73 388.59 10 11 1
69 50.10 97.20 27.16 395.77 2 40 2
70 27.79 49.97 49.37 301.80 18 32 2
71 44.53 19.95 46.05 377.23 12 29 3
72 32.00 70.91 5.55 387.23 19 44 1
73 31.21 9.48 38.53 353.19 10 24 1
74 6.70 3.33 27.17 330.61 9 38 3
75 73.36 11.01 41.04 210.64 15 42 2
76 54.50 70.49 43.53 437.06 14 19 2
77 26.77 40.37 3.68 128.02 0 37 3
78 39.94 86.57 7.54 402.14 20 20 2
79 22.95 32.28 5.49 471.33 2 5 3
80 52.16 88.75 12.56 431.32 8 30 1
81 23.13 97.44 9.12 370.65 10 17 1
82 40.43 65.62 37.47 344.11 20 48 2
83 22.99 79.12 35.86 232.80 7 34 3
84 49.48 99.24 20.23 474.56 7 20 1
85 15.87 52.50 24.80 427.79 18 28 1
86 95.03 6.06 18.53 389.14 7 47 1
87 80.31 60.04 22.28 262.77 5 31 1
88 87.10 10.77 26.44 414.82 5 30 1
89 55.27 99.87 40.87 356.00 6 23 1
90 72.88 70.89 43.08 94.45 8 12 1
91 1.78 53.87 30.22 374.70 7 47 3
92 42.28 72.12 34.13 54.52 3 5 1
93 77.35 22.51 18.62 139.97 5 21 2
94 67.80 98.02 35.17 113.64 12 32 3
95 77.95 52.63 4.97 446.81 21 29 3
96 12.03 35.62 41.89 332.41 8 30 1
97 70.96 19.13 48.91 377.35 14 38 3
98 29.27 15.80 25.71 135.72 20 24 1
99 28.44 43.33 39.47 128.08 7 26 1
100 69.68 34.80 7.68 126.08 22 45 2
1 155.78 2851.02 1
2 143.40 4982.76 2
3 156.79 4676.09 3
1 1.56 47.46 2
2 1.46 47.12 2
3 1.48 35.95 1
