Data for Vehicle routing problem with drones - Author: Huyen Do Thi Ngoc
Number of depots: 4
Number of cities: 500
Number of trucks: 9
Number of drones: 19
Area: 100 100 50
Customer maximum demand: 500
Max capacity of truck: 200
Max energy of truck: 5000
Max capacity of drone: 2
Max energy of drone: 50
1 43.96 82.36 38.22
2 14.58 84.24 36.03
3 18.51 80.19 39.30
4 59.91 42.59 25.65
1 55.42 5.47 13.16 223.42 13 15 1
2 28.48 31.97 41.38 398.82 3 44 1
3 6.27 69.52 9.14 268.86 19 41 2
4 75.08 78.64 6.40 72.43 7 20 1
5 13.61 11.11 25.05 426.57 7 9 1
6 53.00 89.49 16.94 144.93 22 37 2
7 56.36 78.43 36.58 248.47 23 28 2
8 91.22 11.51 22.24 220.40 8 18 3
9 39.19 71.32 29.02 147.94 15 18 2
10 13.94 76.79 20.05 67.64 19 48 4
11 22.09 70.36 18.34 172.22 18 45 1
12 31.32 48.48 27.66 155.76 13 32 4
13 30.40 23.23 35.46 415.93 14 47 4
14 12.02 29.96 39.91 291.35 21 36 4
15 20.05 48.66 29.25 231.10 16 22 1
16 13.15 90.51 30.07 264.73 10 27 1
17 76.74 8.22 28.01 240.29 20 42 1
18 43.61 24.64 2.32 238.08 13 13 3
19 57.69 49.43 8.85 290.13 18 25 3
20 45.72 40.19 38.24 127.94 9 19 4
21 26.83 86.83 8.40 352.43 18 36 4
22 48.39 36.48 14.49 296.25 18 47 2
23 73.72 56.10 10.02 411.96 0 46 1
24 69.13 85.10 15.74 77.31 9 23 4
25 8.01 0.41 47.17 222.37 5 41 2
26 6.06 50.14 13.46 186.04 5 6 1
27 34.62 27.10 7.77 76.09 6 44 2
28 65.42 31.70 30.98 489.23 19 45 3
29 55.80 70.06 39.16 306.14 21 43 4
30 17.06 18.26 25.69 357.74 7 39 1
31 66.30 2.22 3.93 418.46 16 32 3
32 97.51 24.33 0.00 403.49 1 41 3
33 84.53 90.52 42.84 414.21 18 28 3
34 90.68 8.25 5.59 470.98 13 13 3
35 66.49 32.00 36.39 194.36 14 32 4
36 53.23 37.70 15.68 418.19 16 43 4
37 8.37 97.85 18.87 342.65 12 46 3
38 41.69 25.10 28.76 93.09 6 25 4
39 28.32 72.26 37.40 485.09 21 44 3
40 90.33 29.94 39.86 70.29 13 15 4
41 96.93 20.63 15.91 459.12 20 43 3
42 34.97 44.64 11.81 289.22 3 32 4
43 98.23 31.84 42.62 252.83 4 39 4
44 40.18 5.16 6.71 247.26 3 7 1
45 88.44 43.53 32.85 479.57 6 36 1
46 42.71 72.46 41.05 127.56 14 34 2
47 86.32 53.28 31.57 120.99 7 9 2
48 86.02 0.37 19.38 406.62 21 40 1
49 59.85 38.94 18.86 345.53 17 42 2
50 78.88 15.88 43.55 95.68 0 19 4
51 36.82 12.40 5.48 184.40 21 22 1
52 60.27 26.99 26.00 253.32 15 42 3
53 27.42 86.17 46.51 89.80 23 35 3
54 90.49 65.26 42.65 418.39 13 46 1
55 28.63 60.92 22.92 144.75 2 13 3
56 64.03 87.26 0.31 290.11 5 21 4
57 71.97 26.60 22.41 59.67 23 34 3
58 44.73 83.80 19.76 70.94 3 32 2
59 8.25 15.64 33.50 323.25 8 20 1
60 4.74 57.71 22.38 263.39 23 37 3
61 64.64 9.44 38.40 395.17 15 29 3
62 91.31 67.75 46.62 50.47 13 44 1
63 79.47 86.59 3.19 363.97 11 36 2
64 96.45 93.47 48.32 252.74 23 26 4
65 9.88 68.23 22.82 250.94 23 24 1
66 57.79 67.69 7.95 113.04 16 33 2
67 57.05 2.79 49.52 430.64 9 28 1
68 91.50 16.41 37.00 140.61 1 37 4
69 75.34 99.99 12.80 97.25 10 38 3
70 39.87 61.89 43.91 311.96 16 22 2
71 98.29 75.44 31.28 156.13 5 45 2
72 66.26 26.70 22.30 61.50 12 14 4
73 86.63 3.71 46.59 399.23 21 33 4
74 31.13 55.10 26.65 108.45 19 22 1
75 88.85 84.43 36.74 232.67 23 30 4
76 84.70 38.95 33.13 491.30 1 24 1
77 94.90 37.15 25.41 107.80 3 44 3
78 80.97 37.05 43.69 412.36 22 24 1
79 9.84 62.09 18.38 98.04 2 29 2
80 71.71 2.05 29.99 433.83 21 30 4
81 39.24 71.83 24.37 474.87 21 26 1
82 60.06 48.89 15.99 366.52 7 42 2
83 88.29 95.48 38.29 116.14 11 41 4
84 88.01 78.85 30.71 409.89 17 41 4
85 0.34 53.73 16.48 372.90 18 31 1
86 9.99 94.51 44.70 70.35 14 31 1
87 83.47 0.09 34.97 247.72 1 10 2
88 76.61 25.80 13.24 202.42 6 18 1
89 47.59 3.01 19.22 382.73 14 24 1
90 49.34 99.13 45.14 290.19 0 17 2
91 22.72 2.65 4.48 389.07 24 26 4
92 31.53 70.57 22.70 350.53 20 43 4
93 6.37 91.64 1.31 413.08 6 25 1
94 40.45 55.01 34.63 234.11 11 11 4
95 77.94 22.75 2.12 333.80 22 42 1
96 36.70 80.83 18.70 327.22 21 33 4
97 39.16 44.90 9.79 197.99 24 47 1
98 62.21 39.70 27.28 183.43 24 36 1
99 24.96 85.90 36.65 98.44 22 37 3
100 74.73 25.59 40.15 272.59 15 27 4
101 36.83 83.08 49.53 65.55 17 27 3
102 8.80 87.68 27.75 203.79 7 22 2
103 96.19 6.35 45.28 139.75 4 13 2
104 26.75 86.01 37.44 492.07 4 4 1
105 86.89 33.93 20.32 452.91 19 48 2
106 68.72 64.33 19.66 456.71 0 31 3
107 67.40 48.66 16.24 270.41 15 45 1
108 32.68 73.29 7.59 157.41 18 40 2
109 22.02 5.63 19.48 272.15 17 47 3
110 57.23 60.31 48.18 409.71 7 40 1
111 79.20 42.17 1.96 309.48 22 27 4
112 29.52 86.04 3.30 224.41 24 33 4
113 5.22 1.36 39.23 139.53 4 14 4
114 21.00 39.62 22.83 388.28 17 33 2
115 24.52 30.31 8.19 197.10 9 20 3
116 95.86 56.12 37.94 348.48 24 36 4
117 69.07 78.16 47.52 390.80 0 10 3
118 66.15 30.32 27.20 333.90 4 11 3
119 32.14 74.86 33.56 159.56 8 42 4
120 21.99 1.50 5.65 232.17 23 48 1
121 0.30 16.06 11.06 354.14 23 38 2
122 30.14 85.61 35.61 449.75 4 11 2
123 96.17 41.89 7.69 121.00 9 22 1
124 51.78 28.29 31.16 97.24 20 34 4
125 70.05 8.74 39.28 441.47 23 46 3
126 97.01 67.52 47.96 243.38 22 44 4
127 81.19 72.42 2.28 269.33 7 38 1
128 5.43 73.23 10.80 413.36 11 24 4
129 39.72 66.90 18.49 168.22 11 18 3
130 18.96 37.97 38.25 474.42 21 24 2
131 91.38 33.90 46.87 127.91 7 44 2
132 57.63 86.18 0.88 312.95 22 34 3
133 48.69 99.40 34.24 344.30 24 27 1
134 64.80 77.15 30.66 363.13 8 13 2
135 64.66 30.19 20.42 193.03 4 44 3
136 44.93 40.61 40.79 355.95 18 23 3
137 96.88 42.30 25.28 101.11 23 38 4
138 19.04 89.09 16.61 353.62 18 47 2
139 4.91 14.49 37.45 269.19 8 40 4
140 20.31 86.64 38.06 245.92 5 39 2
141 62.88 36.27 42.43 489.66 12 38 3
142 79.13 40.41 46.56 152.24 20 25 2
143 66.61 18.12 47.61 73.65 7 26 3
144 55.45 55.54 34.64 144.08 1 11 4
145 14.13 97.06 23.09 160.25 15 37 4
146 43.27 67.58 2.39 459.79 23 46 2
147 40.26 83.46 26.75 461.78 15 15 1
148 2.44 11.73 45.30 177.03 10 20 3
149 66.56 77.69 20.82 258.32 15 31 4
150 62.05 2.51 16.96 109.72 18 42 1
151 92.02 5.00 9.72 381.54 24 34 3
152 16.23 99.43 28.20 96.54 9 36 3
153 33.74 38.72 22.18 379.57 12 38 2
154 45.73 84.36 40.53 286.45 19 22 2
155 94.06 2.52 40.50 272.17 17 39 3
156 78.05 7.92 10.91 63.46 16 45 1
157 80.10 77.73 6.51 143.87 8 8 1
158 40.96 38.02 20.61 73.24 12 12 4
159 1.36 5.94 13.22 170.98 5 22 1
160 21.03 16.34 47.82 110.12 15 37 2
161 19.48 56.20 44.70 172.77 11 45 1
162 56.83 44.75 41.33 133.29 21 37 3
163 84.29 97.09 47.78 196.87 16 33 2
164 6.35 1.75 26.47 165.32 2 16 1
165 42.72 7.64 3.64 311.39 7 33 3
166 24.21 45.36 27.91 346.54 13 25 4
167 21.07 0.46 32.40 65.53 13 21 3
168 60.86 67.43 23.17 436.86 13 30 1
169 71.25 70.63 18.22 363.53 7 44 1
170 29.01 85.24 10.10 382.18 3 25 2
171 8.47 78.81 34.15 147.19 7 40 3
172 85.60 58.05 5.71 197.34 3 22 1
173 87.72 66.33 21.90 336.71 15 17 4
174 59.99 41.98 12.21 168.95 8 33 3
175 36.34 18.76 30.11 191.15 3 7 1
176 47.92 60.16 49.98 258.73 16 43 2
177 12.19 15.63 20.56 136.97 17 18 1
178 44.29 1.48 15.76 256.88 20 45 2
179 0.98 62.89 43.05 222.40 18 45 3
180 87.92 64.98 39.94 83.83 0 38 3
181 71.62 95.92 19.28 256.31 0 21 2
182 46.29 17.80 18.31 289.61 23 48 2
183 33.48 92.77 31.43 260.45 15 29 2
184 33.53 34.43 22.93 104.20 2 22 4
185 67.65 42.82 44.60 160.90 7 26 2
186 80.87 31.03 35.29 67.39 1 40 4
187 17.15 48.12 23.39 248.32 14 25 4
188 18.26 26.64 39.05 486.97 24 46 1
189 54.74 70.53 39.83 445.76 7 14 4
190 41.93 42.55 47.51 227.57 1 16 2
191 19.87 17.54 42.03 445.61 14 22 1
192 10.89 14.71 19.46 156.19 14 48 1
193 31.64 6.56 46.97 365.16 7 10 1
194 73.97 82.51 4.56 173.50 4 35 3
195 76.88 84.06 47.84 198.86 19 37 2
196 92.55 98.34 8.20 193.45 11 22 3
197 81.48 68.75 21.59 212.59 10 36 2
198 9.51 57.75 12.33 480.22 22 28 3
199 70.45 57.99 16.16 142.35 11 16 4
200 70.49 64.69 32.31 200.09 11 48 3
201 83.02 77.00 26.86 87.17 5 39 3
202 20.73 57.44 1.79 417.71 5 33 1
203 53.87 55.12 49.98 231.38 8 45 2
204 47.10 16.80 30.95 261.03 21 28 2
205 83.18 62.44 33.35 490.12 5 15 3
206 80.06 26.46 49.74 405.66 9 29 4
207 31.37 28.20 10.10 451.93 2 6 3
208 18.82 93.19 2.18 380.16 7 19 3
209 51.44 60.38 5.47 424.24 11 36 2
210 66.84 62.19 39.98 282.35 24 32 4
211 99.82 91.06 10.43 73.00 9 29 3
212 31.11 37.53 6.31 277.22 1 1 1
213 64.22 50.51 41.40 212.97 1 42 4
214 63.58 5.17 37.53 487.62 11 46 1
215 76.91 49.11 21.46 180.83 8 18 1
216 2.80 41.94 24.74 167.10 8 8 3
217 42.51 87.54 27.50 363.20 0 46 4
218 58.94 65.66 44.72 309.84 6 31 2
219 45.03 85.68 20.06 472.35 11 37 1
220 15.84 52.12 24.70 279.19 11 12 3
221 16.08 52.10 34.13 407.95 20 35 2
222 86.20 66.59 9.39 406.80 4 32 3
223 69.67 60.82 41.44 338.96 22 46 4
224 84.59 49.67 40.66 334.58 23 40 4
225 19.78 49.96 9.18 256.61 11 42 1
226 51.70 82.26 41.45 489.91 21 34 4
227 32.96 81.67 44.56 479.85 10 27 4
228 89.97 61.19 48.15 476.47 13 31 1
229 78.18 1.35 45.06 444.58 13 32 3
230 54.42 67.51 19.15 264.73 13 17 4
231 74.54 1.77 14.99 143.87 22 22 1
232 53.48 46.50 26.10 287.40 11 16 2
233 58.07 36.87 48.26 398.38 24 24 2
234 48.01 63.83 10.58 459.79 11 43 2
235 87.19 6.82 9.46 149.18 19 42 1
236 58.94 81.18 16.17 270.83 15 27 2
237 70.34 6.08 2.68 239.36 11 47 3
238 91.96 76.93 29.61 92.74 14 37 2
239 31.57 40.64 19.46 409.29 8 27 4
240 36.86 6.97 30.23 279.15 6 29 2
241 86.75 11.00 32.73 310.80 0 23 3
242 67.82 27.36 41.31 335.86 3 6 1
243 69.41 27.47 3.87 396.93 3 23 2
244 29.89 81.21 11.53 461.92 14 28 1
245 64.04 69.29 41.38 336.48 12 18 1
246 69.23 5.54 26.45 347.72 11 30 4
247 26.88 50.82 16.66 224.56 16 48 1
248 36.43 8.91 16.86 304.73 14 32 2
249 84.74 45.30 28.27 373.39 12 30 1
250 29.70 25.52 33.48 362.80 0 14 1
251 31.87 71.77 39.40 479.33 15 18 2
252 66.01 46.57 43.72 62.27 17 21 2
253 41.29 35.97 45.78 131.87 3 6 4
254 31.94 81.80 48.58 492.18 4 12 2
255 95.52 92.17 49.31 191.60 6 15 2
256 70.12 73.54 6.91 480.58 3 48 4
257 83.68 33.98 45.67 303.99 8 24 2
258 44.71 66.15 11.40 386.41 3 17 1
259 2.70 88.91 24.58 185.72 6 21 3
260 32.94 41.25 24.66 283.68 23 23 4
261 22.61 16.12 6.78 407.36 9 24 2
262 99.59 72.32 35.89 315.41 2 45 1
263 42.28 73.87 42.28 159.70 20 27 3
264 16.19 77.06 17.55 452.60 13 36 3
265 98.15 99.88 8.38 155.07 17 43 1
266 21.97 56.62 7.65 240.76 6 18 2
267 15.55 66.85 24.55 285.26 0 14 3
268 49.01 10.08 2.45 119.29 1 8 1
269 50.51 80.47 38.88 337.89 4 32 1
270 77.18 57.56 34.78 238.39 21 32 4
271 31.58 17.07 38.95 483.55 7 45 4
272 53.99 22.51 29.64 238.02 14 34 1
273 7.94 91.76 4.37 234.41 15 46 2
274 72.01 91.61 11.35 455.02 6 24 2
275 43.87 63.49 44.57 325.10 22 40 1
276 90.19 45.20 1.89 89.35 17 31 1
277 18.26 97.32 8.22 170.77 5 42 3
278 43.70 40.00 9.62 443.51 4 11 3
279 27.74 55.74 26.72 405.74 22 26 1
280 91.84 87.01 49.56 321.40 16 18 3
281 5.11 0.78 20.71 60.18 15 47 3
282 91.90 19.13 48.35 449.14 19 34 4
283 2.80 52.23 4.65 151.75 23 29 4
284 51.84 21.84 0.87 449.07 9 44 2
285 51.76 61.02 47.44 468.13 9 24 3
286 29.61 11.68 27.16 259.75 19 42 4
287 90.58 63.62 19.98 274.04 7 20 4
288 22.29 35.15 35.79 435.11 0 46 3
289 93.90 15.01 19.60 261.92 19 27 4
290 45.95 57.76 7.09 383.94 0 4 2
291 55.71 14.93 3.50 420.15 20 28 4
292 45.40 94.49 32.46 443.14 21 34 2
293 57.99 69.05 4.46 479.41 24 26 2
294 38.78 36.44 42.88 483.44 11 27 4
295 64.84 81.87 7.37 237.83 23 29 4
296 0.90 61.64 2.55 250.86 24 42 3
297 41.12 97.77 3.68 472.71 18 46 3
298 28.24 83.01 13.86 396.79 15 30 2
299 56.07 61.26 19.70 92.58 24 27 2
300 77.09 0.84 31.99 150.15 12 48 4
301 57.91 21.53 42.21 473.72 1 4 3
302 21.84 49.20 19.67 344.18 9 47 1
303 83.03 42.36 28.67 170.52 16 43 3
304 36.08 7.87 48.83 256.10 20 29 4
305 95.53 34.79 48.65 169.87 13 32 4
306 68.38 64.15 27.73 179.82 4 15 4
307 57.56 99.85 17.49 498.98 7 10 4
308 17.43 46.21 3.44 336.54 13 22 4
309 59.11 86.34 45.51 403.35 2 30 3
310 5.16 44.54 19.63 407.85 16 32 1
311 68.51 17.23 35.11 239.26 9 46 2
312 26.54 52.80 11.30 55.01 15 47 2
313 70.07 72.54 20.00 337.16 12 40 1
314 72.79 36.88 45.13 390.88 14 26 4
315 31.00 86.97 35.87 96.93 24 42 3
316 57.52 57.16 19.98 171.23 20 24 3
317 62.52 65.89 11.45 166.69 21 30 4
318 6.50 64.47 30.15 206.06 6 42 4
319 50.09 33.27 13.23 377.81 13 20 3
320 89.14 83.76 5.72 441.60 11 41 1
321 22.38 35.05 39.84 176.16 21 34 4
322 48.46 31.88 22.13 192.66 0 29 1
323 98.92 22.18 27.74 483.52 2 12 2
324 22.91 44.57 25.93 218.13 17 31 1
325 85.96 80.11 43.14 149.18 23 44 3
326 49.21 12.43 18.78 68.56 1 12 3
327 85.39 94.18 44.79 257.03 19 40 2
328 98.19 3.74 29.23 405.06 11 39 2
329 93.04 66.35 10.94 234.12 0 37 1
330 56.99 86.29 47.88 319.65 24 37 3
331 62.76 31.44 48.99 177.27 20 38 4
332 31.34 73.11 27.10 62.63 11 35 1
333 79.01 14.65 21.78 392.83 4 18 4
334 6.91 45.10 18.89 300.71 19 24 1
335 38.58 72.00 44.58 225.60 14 47 2
336 22.14 7.51 11.56 243.52 22 40 2
337 3.50 94.84 6.25 469.77 12 18 1
338 56.17 39.92 41.36 359.39 20 20 2
339 95.65 33.79 6.18 260.93 0 7 1
340 74.50 78.46 28.31 341.09 6 26 3
341 50.71 2.78 8.99 292.99 5 10 3
342 88.32 47.54 11.92 197.70 14 35 2
343 72.65 6.07 30.97 204.34 12 18 3
344 75.46 89.52 27.50 112.02 10 12 4
345 88.02 10.66 2.32 336.06 10 39 3
346 66.14 80.92 48.38 265.67 19 21 1
347 84.33 42.30 22.13 146.44 23 41 1
348 33.87 91.36 40.63 294.93 14 45 1
349 44.70 82.72 8.40 384.41 21 22 2
350 1.16 81.79 34.08 246.74 9 30 3
351 87.29 3.77 12.84 376.02 16 20 2
352 43.97 32.37 35.45 271.91 20 46 2
353 18.64 78.85 35.44 370.70 0 16 1
354 9.07 89.82 48.78 436.27 10 10 3
355 74.29 54.80 49.59 57.80 0 22 2
356 48.71 55.95 46.82 465.80 11 17 3
357 44.82 59.94 14.98 296.38 4 43 3
358 42.70 79.13 11.24 408.71 15 22 1
359 69.98 32.00 49.69 451.05 13 26 2
360 46.19 96.60 47.13 150.37 1 20 4
361 40.41 33.19 13.86 429.02 1 42 4
362 54.78 13.99 20.47 280.46 23 37 3
363 8.86 23.78 31.18 320.41 12 47 2
364 85.74 48.45 22.30 244.66 23 46 3
365 67.59 98.63 5.06 170.30 13 13 1
366 21.42 67.69 27.25 268.90 23 31 2
367 35.78 39.24 37.07 273.85 1 11 1
368 55.14 33.54 10.00 428.31 13 45 1
369 42.89 43.54 15.61 119.47 22 23 1
370 84.39 33.48 14.24 190.67 15 30 2
371 4.33 89.59 6.86 153.36 21 33 4
372 47.25 97.42 32.68 479.43 0 1 2
373 36.64 53.00 44.83 465.43 2 47 4
374 4.66 22.76 4.94 221.74 21 45 1
375 47.61 83.16 26.14 146.59 1 43 2
376 40.03 52.66 15.77 303.44 15 34 1
377 11.32 3.10 24.07 87.17 1 36 2
378 85.97 91.34 19.10 72.39 15 27 1
379 80.62 37.76 47.75 241.84 2 48 1
380 66.45 74.93 5.01 328.34 4 34 1
381 53.30 12.18 6.84 424.91 24 36 2
382 25.36 18.35 21.10 167.70 4 40 2
383 87.13 66.22 20.10 122.68 7 44 3
384 48.14 32.26 18.28 474.71 14 23 4
385 40.63 2.29 34.18 52.08 7 11 1
386 67.96 79.33 7.55 307.78 0 9 2
387 23.94 57.06 10.10 354.39 1 3 2
388 7.03 36.64 19.81 250.64 6 34 1
389 61.03 82.70 37.16 231.42 8 10 4
390 96.83 71.60 28.23 243.14 0 21 4
391 28.97 37.81 23.46 63.82 6 35 4
392 8.27 3.11 29.59 274.58 14 31 4
393 19.58 17.67 3.17 417.83 10 31 4
394 27.49 43.13 37.80 453.54 20 21 1
395 88.15 41.92 45.73 188.45 18 41 1
396 33.92 40.66 31.83 397.50 13 21 4
397 15.03 27.26 24.01 409.82 11 37 3
398 87.09 41.99 0.62 139.38 14 43 2
399 27.86 23.91 43.75 451.35 20 23 3
400 7.94 86.61 47.86 110.81 19 43 1
401 25.15 17.57 42.48 421.90 17 43 1
402 1.41 55.27 29.90 442.23 6 40 4
403 58.89 98.63 48.26 88.17 16 43 3
404 58.57 38.49 29.61 152.51 11 15 3
405 7.62 47.78 32.24 368.33 15 42 4
406 7.83 63.27 12.68 132.02 20 34 4
407 39.88 84.38 49.89 469.95 5 23 4
408 77.24 19.35 35.27 399.01 14 28 4
409 63.76 53.97 24.67 317.94 9 48 3
410 79.64 19.94 22.97 438.52 7 22 4
411 81.34 13.94 35.63 400.36 16 38 1
412 96.31 51.21 47.33 187.01 0 9 3
413 92.27 40.25 23.13 206.59 2 13 1
414 73.49 33.31 22.52 395.68 2 40 2
415 35.19 39.71 3.88 484.41 11 14 2
416 72.23 7.63 21.54 182.81 7 34 3
417 99.37 59.18 26.98 224.78 0 23 4
418 3.75 91.06 37.05 437.65 24 34 3
419 26.86 64.27 32.34 96.69 21 35 3
420 17.94 79.65 9.12 208.72 2 30 4
421 56.60 18.28 29.51 389.24 22 33 4
422 75.26 51.52 23.27 140.33 20 22 1
423 33.85 8.45 1.59 57.57 8 42 4
424 61.15 58.04 28.57 156.55 11 43 1
425 60.39 65.48 30.77 423.78 1 6 1
426 98.04 85.92 48.04 133.67 24 32 4
427 32.24 70.41 19.79 324.89 11 23 4
428 52.82 41.31 12.46 194.08 12 47 2
429 31.49 71.82 19.42 309.14 5 48 4
430 56.64 32.32 17.80 289.81 10 22 2
431 95.55 78.01 48.45 460.69 18 20 4
432 94.89 8.26 44.99 277.70 17 19 3
433 99.47 11.18 18.10 417.62 2 22 4
434 58.60 31.52 13.07 216.34 12 41 2
435 81.41 93.77 38.22 286.32 13 24 3
436 24.70 72.87 24.86 420.60 24 47 1
437 37.56 11.14 37.96 147.27 2 13 1
438 14.74 59.05 48.16 188.97 21 47 4
439 95.72 43.13 28.89 141.25 1 42 3
440 68.53 62.89 49.74 92.45 24 24 4
441 92.02 27.71 23.46 300.61 21 23 3
442 37.64 29.88 47.27 425.92 5 33 4
443 13.60 88.51 31.54 478.40 5 8 4
444 95.21 51.51 13.70 165.90 16 23 1
445 52.95 6.45 47.83 280.31 11 21 1
446 34.62 57.02 23.28 82.14 4 31 3
447 87.19 64.39 18.74 423.39 15 38 1
448 35.68 49.65 10.61 57.06 23 38 1
449 15.69 22.97 31.74 111.68 2 11 2
450 98.29 91.07 13.72 385.12 5 26 1
451 39.41 84.94 48.07 74.90 10 41 4
452 89.61 17.68 7.37 207.05 11 39 3
453 35.44 69.43 21.57 463.13 4 18 2
454 23.40 19.68 49.18 351.37 13 46 1
455 29.08 97.97 32.26 89.28 18 23 2
456 5.77 7.74 26.80 426.42 12 30 1
457 9.62 87.16 6.40 180.76 15 28 1
458 81.79 16.41 39.84 216.33 19 43 2
459 71.52 57.04 13.19 153.37 19 44 3
460 98.06 31.75 36.68 421.20 10 44 1
461 58.86 89.84 29.11 498.55 1 40 1
462 11.51 84.12 23.29 264.08 23 31 4
463 91.39 49.04 1.21 320.45 5 23 4
464 49.71 27.41 20.21 493.28 12 27 4
465 73.06 56.78 29.82 77.48 16 44 4
466 23.81 76.12 25.61 379.65 4 44 4
467 44.81 4.39 41.63 408.80 1 36 4
468 58.57 94.47 1.12 322.56 6 33 3
469 64.79 43.20 19.50 137.57 0 38 4
470 67.28 30.25 10.74 424.68 11 38 3
471 60.04 96.89 29.35 123.59 9 31 1
472 63.53 32.79 8.79 350.83 20 25 4
473 59.98 3.35 14.63 202.48 12 16 2
474 72.70 70.43 39.44 297.91 2 20 2
475 21.24 86.42 42.75 480.17 10 23 4
476 33.98 68.98 6.59 473.55 19 38 4
477 83.43 83.77 23.37 412.34 8 47 3
478 90.10 45.27 34.47 407.73 15 21 3
479 1.22 20.79 16.06 466.57 24 48 4
480 55.80 42.60 9.97 275.31 16 18 1
481 43.31 29.20 34.98 490.85 7 32 3
482 52.85 44.71 2.47 126.29 20 27 4
483 34.22 57.84 32.33 377.73 15 28 3
484 72.77 6.99 39.01 395.04 12 34 3
485 44.07 41.99 38.70 433.84 9 44 3
486 17.32 78.72 43.68 327.20 4 9 4
487 77.05 83.56 29.13 491.21 20 20 3
488 67.95 50.66 8.07 189.58 1 21 4
489 30.83 74.74 35.96 57.56 16 34 2
490 84.81 16.56 15.72 496.03 24 34 3
491 20.51 7.48 14.46 88.17 9 15 1
492 15.92 24.80 38.68 61.90 7 36 2
493 3.99 17.30 32.49 169.92 6 23 3
494 22.87 61.96 26.35 362.77 9 32 1
495 42.56 37.99 17.94 472.57 17 24 4
496 67.78 66.89 27.90 129.22 12 33 1
497 15.23 11.14 3.36 317.51 2 31 1
498 57.28 52.90 2.70 353.31 12 21 2
499 91.63 97.93 6.96 160.96 5 44 4
500 41.66 88.22 19.01 278.10 2 16 1
1 172.50 3299.42 1
2 177.17 3664.51 2
3 138.22 3625.59 3
4 158.56 3462.87 4
5 184.48 3212.56 1
6 160.58 3798.93 2
7 107.03 3622.18 1
8 167.90 4695.02 1
9 106.88 4925.84 2
1 1.74 25.24 4
2 1.36 44.04 4
3 1.60 38.76 2
4 1.18 32.04 1
5 1.29 32.86 3
6 1.65 46.09 2
7 1.67 34.65 5
8 1.05 40.97 2
9 1.90 30.02 7
10 1.52 39.15 6
11 1.78 29.29 8
12 1.00 43.27 8
13 1.56 43.77 9
14 1.59 33.84 3
15 1.01 36.71 4
16 1.30 45.53 9
17 1.67 28.10 1
18 1.98 34.89 5
19 1.69 40.94 2
