Data for Vehicle routing problem with drones - Author: Huyen Do Thi Ngoc
Number of depots: 4
Number of cities: 200
Number of trucks: 6
Number of drones: 12
Area: 100 100 50
Customer maximum demand: 500
Max capacity of truck: 200
Max energy of truck: 5000
Max capacity of drone: 2
Max energy of drone: 50
1 84.97 88.24 41.97
2 9.58 48.76 3.51
3 78.25 13.74 29.84
4 33.95 59.77 44.60
1 89.88 5.81 3.99 221.34 13 13 3
2 84.23 65.18 12.45 164.00 5 14 2
3 56.59 10.20 29.27 149.64 5 44 2
4 97.75 3.00 27.08 69.72 7 10 3
5 44.25 17.32 40.26 80.10 2 2 2
6 32.01 12.44 36.35 355.14 4 8 2
7 74.34 19.39 49.69 213.73 1 25 4
8 98.52 16.28 44.50 93.10 0 48 2
9 82.36 48.76 28.91 296.52 18 20 2
10 78.54 16.91 5.79 66.35 7 22 2
11 82.92 69.97 8.81 58.55 23 23 3
12 93.54 40.63 46.83 260.28 22 37 2
13 67.69 67.90 20.64 211.93 0 16 3
14 30.42 44.80 23.40 337.26 17 40 1
15 68.05 54.81 33.17 386.65 24 44 4
16 97.63 31.46 7.65 305.26 9 20 1
17 66.27 9.13 26.56 190.54 23 24 3
18 31.03 71.76 32.36 277.13 9 16 3
19 35.21 28.79 38.92 352.88 20 44 3
20 82.63 12.38 1.86 184.60 7 24 4
21 91.32 60.40 10.47 305.51 11 12 4
22 61.20 63.11 36.67 397.27 8 42 3
23 50.22 33.28 13.17 225.89 4 25 1
24 55.20 38.63 18.81 166.64 24 41 4
25 39.03 98.92 2.75 223.38 0 11 3
26 4.53 30.75 14.77 261.13 2 10 1
27 14.75 52.49 40.64 372.81 22 35 2
28 61.00 30.68 41.76 392.52 20 26 3
29 8.43 4.34 35.53 118.65 20 28 3
30 70.36 26.94 32.65 72.91 7 17 3
31 6.56 98.70 36.61 262.05 23 28 3
32 17.41 45.73 16.10 153.17 23 37 4
33 49.81 44.68 4.57 336.22 24 37 3
34 25.53 65.61 28.71 291.99 11 41 4
35 69.91 40.94 39.03 287.64 0 24 3
36 53.06 57.88 42.31 326.32 10 45 4
37 71.61 15.53 15.94 233.56 6 21 2
38 1.87 74.82 4.06 66.55 16 29 1
39 69.36 97.20 31.12 371.36 9 34 4
40 77.53 18.84 32.53 389.11 21 25 4
41 87.15 37.14 40.52 315.01 0 32 4
42 30.20 78.99 22.56 130.54 2 45 2
43 79.61 29.19 26.48 175.88 21 31 3
44 7.46 14.33 6.60 276.01 2 46 4
45 82.89 76.95 47.12 360.60 23 34 3
46 17.22 86.54 47.84 362.79 2 4 2
47 92.45 27.28 14.04 183.09 18 21 4
48 41.62 17.92 44.67 474.76 10 16 3
49 47.43 71.20 28.78 120.12 18 21 3
50 75.61 66.50 21.40 322.39 17 40 3
51 55.41 36.75 43.30 95.61 11 25 2
52 52.43 2.74 26.52 146.18 14 21 3
53 26.40 91.47 26.41 92.96 15 39 4
54 81.05 82.46 21.69 305.79 16 46 4
55 46.80 40.78 20.09 296.98 14 24 4
56 71.59 68.16 28.50 419.90 7 25 4
57 77.91 32.30 40.90 384.06 18 25 3
58 72.59 75.57 3.37 459.89 17 25 4
59 44.65 10.61 36.54 266.36 4 43 3
60 5.04 17.53 7.32 65.71 12 38 1
61 1.86 78.05 9.90 103.23 18 34 4
62 32.37 86.10 36.79 199.72 7 9 3
63 37.32 14.75 35.05 499.64 23 28 2
64 42.26 40.48 44.50 228.00 22 45 2
65 62.97 99.84 13.31 470.18 19 30 1
66 26.91 83.75 13.68 460.36 12 46 2
67 81.06 38.31 48.84 64.14 20 27 1
68 65.75 74.44 6.34 348.59 11 31 4
69 77.83 84.58 14.85 104.00 11 31 2
70 18.26 74.10 16.16 52.05 16 36 1
71 16.58 64.28 42.94 258.49 23 30 3
72 32.43 21.69 3.68 396.28 8 20 4
73 4.80 96.19 31.95 161.39 7 8 1
74 74.62 92.80 36.74 286.25 22 37 2
75 90.90 95.08 44.23 54.90 8 10 3
76 33.94 27.05 46.38 293.67 10 28 3
77 13.26 0.83 24.29 127.18 6 20 4
78 88.55 74.92 21.91 294.17 12 43 3
79 56.11 51.12 26.60 226.29 9 18 3
80 94.23 30.23 10.16 208.53 5 42 1
81 70.12 79.94 20.51 196.46 8 23 2
82 58.45 91.26 18.76 308.98 13 27 4
83 42.07 8.06 26.66 255.41 23 24 4
84 19.34 40.44 20.60 485.05 0 36 2
85 2.29 9.62 11.25 155.45 19 34 3
86 7.82 98.32 32.26 159.31 15 35 1
87 71.19 45.78 43.25 216.48 18 25 2
88 94.42 30.05 45.04 96.45 0 21 1
89 69.98 95.12 34.43 142.28 23 42 1
90 93.41 59.01 42.52 100.63 12 21 3
91 56.45 57.32 37.47 251.75 5 48 2
92 60.98 5.37 10.45 489.55 1 46 2
93 14.93 43.21 27.40 456.53 17 44 4
94 45.05 18.18 8.85 203.41 16 33 4
95 62.47 24.47 22.37 305.32 19 39 2
96 74.46 96.22 4.32 106.78 16 43 3
97 2.51 21.39 4.51 93.84 15 19 2
98 3.41 47.58 28.67 437.53 18 34 3
99 58.16 7.34 42.27 122.67 2 15 2
100 11.37 51.52 42.67 170.53 23 29 2
101 44.09 22.12 10.61 275.25 9 15 3
102 55.50 18.65 31.67 209.93 23 35 2
103 88.38 93.61 48.72 237.66 21 29 4
104 6.56 62.39 27.71 478.46 1 26 4
105 18.26 1.86 29.22 107.76 11 27 4
106 14.80 17.62 45.88 431.42 0 39 3
107 67.11 52.60 30.13 272.07 0 18 4
108 97.46 17.68 24.54 113.79 1 18 1
109 86.66 76.37 4.04 397.76 18 21 3
110 27.73 48.24 47.53 150.12 20 35 2
111 82.75 54.46 29.41 336.67 7 30 1
112 1.05 53.66 23.20 146.82 15 44 1
113 54.09 97.60 43.13 435.24 1 7 4
114 94.04 27.43 49.55 189.24 4 43 1
115 62.33 86.19 21.15 309.86 10 47 2
116 21.38 95.31 32.45 496.94 10 30 3
117 88.45 77.81 27.04 74.54 12 29 4
118 71.92 61.05 14.73 495.13 3 14 1
119 11.01 30.72 6.62 421.21 7 31 4
120 98.72 61.84 8.63 330.78 23 48 4
121 79.92 44.34 4.05 442.36 13 27 3
122 17.63 25.97 31.52 418.95 17 17 1
123 61.51 77.13 24.78 243.25 1 17 3
124 13.72 57.04 8.92 54.73 11 43 1
125 68.52 64.15 49.12 250.15 15 18 1
126 74.52 80.72 6.22 280.46 9 17 3
127 68.44 88.60 46.37 66.50 11 13 1
128 99.77 79.03 3.69 394.02 12 29 4
129 14.35 85.77 26.22 193.33 16 41 3
130 76.55 7.79 26.43 114.08 22 25 1
131 41.70 38.26 14.72 169.23 3 8 1
132 34.38 55.87 32.85 458.19 2 24 3
133 73.39 27.97 45.69 54.67 16 40 3
134 53.65 63.97 12.08 331.99 23 33 1
135 37.33 78.81 13.10 311.02 13 24 4
136 8.04 90.89 15.93 369.85 15 39 3
137 28.62 84.91 37.43 324.56 14 42 3
138 28.74 56.09 49.89 132.57 4 7 3
139 97.95 79.65 22.38 165.57 13 22 4
140 15.57 29.75 25.74 184.79 1 22 4
141 36.26 37.43 8.71 359.86 24 45 2
142 68.66 69.01 8.03 189.29 4 22 4
143 28.71 36.99 21.37 163.34 22 33 3
144 61.05 72.51 38.03 273.72 17 20 3
145 94.86 91.27 26.29 253.41 0 5 4
146 31.26 70.86 29.58 329.43 6 9 1
147 7.71 98.30 39.99 296.98 1 13 4
148 34.92 38.70 32.40 343.35 1 47 2
149 73.13 71.23 31.58 357.18 2 31 4
150 63.30 16.67 48.60 255.57 24 34 3
151 71.37 35.29 6.14 264.76 17 31 3
152 50.36 49.36 18.07 240.23 4 27 4
153 68.04 32.57 48.50 203.57 10 38 2
154 56.66 63.72 37.29 60.28 24 28 2
155 0.64 7.14 14.52 80.57 10 47 1
156 87.82 94.07 35.69 440.42 24 44 1
157 67.20 12.57 28.78 365.46 5 34 2
158 26.81 71.62 5.12 435.99 7 37 2
159 94.39 93.86 17.07 471.07 1 26 4
160 48.10 23.92 13.79 147.58 18 46 3
161 85.14 68.46 16.62 358.48 4 29 4
162 16.23 17.13 47.52 398.72 14 18 4
163 77.26 44.38 27.81 325.73 10 46 4
164 93.19 2.71 7.43 275.05 7 12 1
165 30.39 61.79 37.86 289.77 12 24 4
166 34.18 64.66 27.93 61.91 24 41 2
167 38.10 97.69 23.51 131.27 3 33 2
168 54.24 37.77 31.17 125.66 8 8 2
169 77.90 3.96 45.04 400.46 0 30 4
170 21.00 48.78 28.40 206.62 7 18 2
171 32.59 64.63 9.91 107.87 16 16 4
172 76.55 12.16 0.05 59.75 22 47 2
173 55.80 81.44 49.88 386.46 1 1 2
174 38.29 87.39 39.60 488.61 21 41 3
175 23.77 65.46 4.36 311.52 17 18 3
176 23.23 37.65 3.90 133.24 3 24 1
177 14.97 42.83 33.48 345.97 15 29 4
178 83.64 20.41 29.90 392.64 14 20 3
179 8.07 50.38 28.66 351.09 22 36 1
180 57.90 33.85 28.76 184.82 14 18 4
181 63.17 99.25 0.99 315.77 9 41 2
182 25.11 20.47 6.45 454.98 7 25 1
183 20.98 61.44 4.07 267.63 9 37 3
184 41.64 36.72 13.64 286.50 15 48 1
185 92.16 90.19 19.58 335.05 9 23 3
186 24.95 7.44 1.50 248.90 4 5 1
187 88.87 3.03 46.61 312.49 1 18 2
188 87.89 78.40 21.07 313.33 22 34 4
189 7.76 54.80 4.27 85.94 14 26 3
190 38.58 18.62 43.91 174.22 13 25 4
191 54.41 18.33 14.87 484.58 19 47 1
192 91.01 38.89 36.71 240.91 13 47 1
193 54.05 99.86 39.20 497.16 19 34 2
194 36.97 22.92 28.79 314.69 18 21 2
195 62.58 3.00 3.36 151.68 4 30 1
196 47.75 28.27 24.09 394.59 2 47 4
197 60.59 37.91 5.19 391.55 8 24 4
198 59.44 22.97 4.25 373.59 6 9 4
199 63.74 38.77 2.96 453.57 21 44 3
200 46.61 0.14 39.81 473.50 17 19 4
1 122.36 4512.48 1
2 149.19 4506.67 2
3 196.32 3659.82 3
4 102.76 4898.02 4
5 122.12 3118.92 2
6 110.68 2893.93 1
1 1.96 28.04 2
2 1.18 36.76 1
3 1.85 49.89 4
4 1.13 32.66 2
5 1.18 28.25 3
6 1.67 47.47 4
7 1.74 25.67 4
8 1.59 49.32 2
9 1.91 28.92 6
10 1.55 34.46 2
11 1.51 48.11 3
12 1.75 44.71 4
