Data for Vehicle routing problem with drones - Author: Huyen Do Thi Ngoc
Number of depots: 3
Number of cities: 300
Number of trucks: 5
Number of drones: 10
Area: 100 100 50
Customer maximum demand: 500
Max capacity of truck: 200
Max energy of truck: 5000
Max capacity of drone: 2
Max energy of drone: 50
1 1.64 83.27 45.63
2 46.46 83.26 35.86
3 81.75 43.83 47.56
1 36.30 77.94 12.18 124.38 1 6 2
2 82.18 43.91 31.33 243.54 19 38 2
3 25.29 74.16 33.85 433.84 4 12 2
4 61.69 2.62 43.34 197.18 12 32 1
5 43.30 0.67 29.51 91.04 6 21 2
6 69.12 86.88 11.90 390.66 23 38 2
7 18.51 6.77 31.30 131.78 2 12 1
8 97.94 61.67 36.00 335.36 18 46 1
9 17.01 30.20 21.54 399.48 9 26 2
10 68.37 85.69 46.79 110.37 17 28 1
11 93.17 75.76 22.59 280.36 16 43 3
12 72.21 83.23 34.82 386.89 9 39 3
13 8.86 7.32 46.86 364.45 7 15 1
14 29.57 33.16 4.34 351.36 9 33 2
15 78.35 84.54 30.29 342.54 17 31 2
16 78.60 69.81 31.29 173.67 11 39 3
17 39.10 68.99 17.43 492.20 22 26 1
18 34.56 66.14 7.48 397.68 1 46 3
19 18.07 30.57 36.78 398.67 12 14 1
20 20.60 29.08 38.94 416.88 19 47 2
21 97.43 19.06 31.63 91.25 6 13 1
22 61.46 54.96 40.90 316.36 11 31 2
23 92.41 65.32 37.46 238.95 11 29 1
24 72.65 14.20 37.10 466.65 1 31 1
25 8.40 59.02 11.17 304.24 1 5 3
26 40.61 77.25 27.81 167.23 8 28 1
27 19.13 58.10 5.48 76.03 15 43 2
28 13.49 75.10 22.85 94.92 11 34 3
29 81.91 47.45 31.72 437.38 2 45 1
30 56.65 59.13 45.26 132.43 15 43 2
31 13.50 38.37 14.58 295.94 1 42 2
32 15.13 52.14 33.60 157.06 5 42 3
33 93.25 82.52 29.49 360.89 6 23 1
34 36.84 91.24 43.52 114.83 1 26 1
35 1.99 47.06 9.66 118.38 21 48 3
36 61.95 64.72 5.33 363.50 13 28 2
37 81.63 41.19 46.55 366.51 6 26 1
38 16.45 7.87 21.66 418.16 23 27 1
39 7.54 25.85 37.97 87.20 24 32 3
40 25.65 20.29 32.69 200.10 19 42 3
41 90.86 7.16 32.56 214.33 23 36 3
42 6.56 63.68 30.50 451.00 8 38 1
43 40.64 25.87 27.88 84.42 12 35 1
44 3.77 70.98 33.97 409.72 19 46 2
45 13.60 31.05 27.00 360.41 9 10 2
46 3.73 35.76 37.92 486.44 13 42 2
47 87.61 64.64 39.13 417.68 2 41 1
48 1.11 34.52 37.67 448.77 16 20 1
49 20.48 12.87 18.96 55.49 17 46 3
50 90.91 81.46 29.01 397.38 8 12 1
51 61.52 36.23 41.44 449.17 18 32 3
52 84.15 20.22 0.47 106.55 7 12 1
53 47.63 0.80 36.12 273.82 19 33 3
54 76.30 30.11 39.35 370.01 15 19 3
55 51.13 81.79 19.69 152.92 12 34 3
56 76.49 67.40 7.80 60.96 13 15 3
57 41.12 55.97 8.77 205.20 3 32 2
58 40.80 90.42 19.93 100.96 22 47 1
59 6.98 22.17 22.51 328.32 17 39 3
60 70.79 33.51 9.74 84.13 8 41 3
61 55.76 35.27 46.68 275.16 24 42 3
62 89.67 45.71 27.49 132.13 13 39 1
63 79.97 42.46 31.33 133.96 24 37 2
64 75.76 20.07 46.76 491.01 2 7 2
65 24.62 19.61 42.03 120.64 22 29 3
66 43.89 24.13 45.03 62.37 4 26 3
67 35.01 0.45 8.91 145.90 23 40 2
68 4.10 96.91 32.80 326.62 19 32 2
69 18.38 51.63 10.08 383.89 20 29 2
70 96.72 43.00 43.66 124.01 6 43 2
71 13.91 82.13 31.80 350.20 8 47 1
72 87.88 62.64 15.52 169.44 5 29 2
73 57.45 34.80 16.52 113.85 19 26 1
74 65.37 72.83 3.96 172.14 24 47 2
75 2.60 4.40 29.42 438.41 22 41 2
76 42.42 91.04 37.98 334.35 4 14 2
77 25.22 34.10 5.88 346.66 2 47 3
78 68.59 69.27 38.31 476.41 14 39 1
79 67.17 99.51 1.99 120.27 14 28 2
80 83.70 35.52 0.27 179.87 7 44 1
81 73.41 75.06 46.06 420.11 13 48 1
82 13.58 95.56 49.07 276.24 12 21 2
83 50.64 35.04 38.30 216.41 18 26 3
84 59.63 99.59 15.79 373.53 8 17 1
85 88.01 67.76 46.53 428.66 13 41 1
86 19.97 1.16 35.39 347.38 15 28 3
87 97.36 38.29 19.58 128.67 22 43 3
88 87.50 36.10 35.32 217.12 14 23 3
89 42.79 5.32 24.24 121.74 22 34 1
90 89.80 39.72 40.11 157.94 18 23 3
91 50.54 97.14 15.94 169.73 4 16 2
92 67.50 31.72 2.29 320.82 8 43 3
93 89.21 96.56 33.49 276.46 7 34 1
94 20.88 18.97 22.85 292.90 24 24 3
95 40.49 60.14 19.89 307.59 5 38 1
96 43.99 56.95 23.49 196.83 17 21 3
97 18.90 31.47 8.73 115.29 6 38 3
98 81.35 45.68 27.65 168.24 15 45 2
99 66.38 94.36 26.21 120.68 11 13 2
100 16.76 31.36 2.44 102.46 5 28 2
101 15.98 46.30 37.41 111.44 23 25 1
102 6.65 67.20 15.77 290.02 19 32 1
103 6.01 74.88 48.57 79.06 11 18 2
104 99.49 58.11 25.57 227.81 0 4 2
105 13.08 21.86 41.58 430.75 2 7 3
106 38.52 91.55 10.87 468.61 11 33 3
107 50.24 93.70 46.43 241.25 10 18 2
108 83.46 91.37 8.61 141.71 12 25 3
109 48.91 31.19 11.01 118.90 20 30 2
110 18.26 77.15 39.48 223.28 8 12 3
111 69.06 40.95 12.72 304.68 10 43 3
112 72.85 38.60 9.14 135.18 15 18 1
113 97.19 97.70 29.40 108.93 12 28 1
114 83.22 13.34 22.95 157.56 4 7 2
115 82.14 67.57 35.83 262.35 20 46 1
116 20.54 21.20 42.06 481.10 3 41 2
117 58.11 99.76 11.44 283.77 23 33 2
118 29.15 22.99 29.27 160.34 21 40 3
119 0.00 23.79 41.05 303.78 7 35 2
120 99.39 35.46 24.86 439.62 6 10 3
121 7.17 24.19 37.44 346.84 0 31 1
122 26.49 47.89 35.83 225.23 8 13 1
123 99.37 25.90 14.93 196.12 2 5 1
124 88.25 44.46 39.03 116.97 9 28 3
125 58.20 71.41 41.70 257.02 12 46 3
126 69.81 51.05 17.92 204.95 2 6 1
127 21.06 14.49 31.58 217.88 23 46 1
128 88.36 33.74 20.58 231.65 5 11 2
129 94.72 11.45 6.48 113.36 22 31 1
130 78.97 81.94 17.35 195.71 9 33 1
131 3.47 40.95 41.34 109.80 11 47 1
132 19.10 83.21 16.51 61.33 9 17 3
133 18.98 97.73 35.74 313.83 21 36 3
134 19.66 15.02 4.92 218.24 9 28 2
135 46.46 32.41 17.07 411.53 23 28 2
136 48.16 72.49 21.85 119.35 4 39 1
137 2.82 41.56 31.05 122.61 1 24 3
138 38.76 64.04 41.44 248.07 2 34 2
139 76.79 95.04 32.31 109.96 23 23 1
140 75.93 7.38 6.62 222.24 17 38 2
141 74.55 3.50 30.00 451.82 5 11 2
142 48.45 80.23 20.31 141.00 2 3 2
143 72.24 79.63 17.88 278.49 4 34 3
144 16.01 72.23 5.41 155.19 0 12 1
145 13.31 67.07 18.16 80.40 12 46 1
146 27.63 52.61 19.04 189.52 4 26 1
147 84.56 78.71 47.55 193.43 24 25 1
148 36.80 17.38 38.02 254.96 14 32 2
149 57.39 95.61 43.61 485.12 9 15 3
150 94.42 55.60 9.23 182.66 3 26 1
151 6.28 51.03 13.45 204.00 21 36 2
152 86.89 30.80 13.49 364.42 13 39 2
153 37.89 95.27 41.81 437.48 12 47 2
154 44.66 0.74 26.28 353.70 23 47 2
155 2.83 15.92 43.93 479.43 4 30 3
156 30.37 13.63 44.48 378.21 9 34 2
157 4.91 20.85 48.76 443.05 17 43 1
158 30.92 79.29 30.33 461.30 17 45 2
159 51.53 20.80 19.67 191.51 16 27 1
160 94.07 44.71 5.08 271.98 16 46 2
161 24.44 34.05 22.65 351.36 13 17 1
162 23.88 39.88 37.10 115.31 1 2 1
163 91.84 54.41 32.90 302.16 13 43 3
164 72.84 25.79 11.60 375.50 4 14 1
165 95.24 3.61 11.37 357.89 2 25 2
166 5.98 23.14 17.54 460.40 23 38 1
167 49.49 68.78 21.72 84.20 5 48 1
168 68.58 88.59 23.94 216.94 6 31 3
169 16.84 89.29 18.98 279.01 11 29 3
170 17.51 96.87 42.91 229.80 22 39 1
171 17.39 13.40 14.78 436.78 3 3 1
172 1.13 53.72 37.24 338.51 24 37 3
173 90.86 36.92 18.10 83.02 24 39 1
174 6.06 63.11 35.63 325.12 12 33 1
175 35.61 37.15 28.85 225.48 6 31 3
176 64.64 4.14 41.24 270.72 21 34 2
177 61.70 10.35 6.91 199.41 13 16 2
178 92.12 24.06 33.01 266.91 16 42 3
179 3.79 20.71 31.84 266.00 4 16 3
180 94.28 91.50 13.57 205.58 22 32 1
181 42.02 48.97 18.13 187.25 2 8 2
182 4.23 82.67 11.27 425.33 19 42 3
183 61.41 28.75 8.21 387.52 23 24 1
184 85.92 58.54 32.71 334.10 2 28 2
185 3.63 42.22 25.82 96.42 8 39 2
186 54.82 86.12 44.45 360.14 18 45 2
187 42.24 99.84 4.45 64.90 3 41 3
188 88.13 58.41 11.77 235.02 20 45 1
189 52.65 48.85 49.04 265.11 24 25 3
190 40.23 10.40 8.18 418.47 18 38 2
191 21.53 0.64 11.59 294.66 8 24 3
192 37.79 65.08 16.05 375.71 7 48 1
193 64.32 8.61 7.12 256.80 23 34 2
194 90.48 44.21 37.63 214.54 19 21 3
195 74.55 7.56 10.05 376.29 12 20 3
196 17.59 26.71 12.38 220.88 3 24 1
197 49.42 86.89 22.24 80.99 1 17 3
198 29.32 68.83 36.54 366.49 12 28 3
199 0.07 3.26 41.17 498.97 2 18 3
200 74.50 8.79 7.50 423.32 12 39 1
201 1.52 77.94 16.25 484.09 2 15 1
202 2.03 63.18 8.08 462.18 17 22 3
203 21.72 63.59 1.52 68.21 1 33 3
204 1.35 46.91 13.39 93.32 6 33 2
205 49.82 67.20 34.92 136.17 21 40 2
206 59.76 31.14 10.09 166.48 0 27 2
207 7.91 86.77 47.04 250.40 10 30 3
208 91.52 34.84 8.35 313.45 22 34 2
209 8.42 90.16 3.23 417.70 0 10 1
210 38.75 17.98 35.02 234.35 23 25 2
211 73.75 13.57 47.67 450.13 14 30 1
212 69.17 96.37 42.29 302.59 18 23 2
213 34.46 61.77 24.59 456.45 14 22 3
214 55.26 17.01 17.25 325.39 5 14 2
215 34.66 2.68 26.24 439.47 18 28 2
216 58.26 35.03 12.19 318.67 8 38 3
217 81.10 64.87 42.72 341.12 3 21 3
218 31.48 96.42 40.87 482.14 7 28 1
219 92.08 23.03 45.52 377.67 0 33 1
220 3.53 72.69 38.80 317.52 24 26 1
221 85.96 5.74 28.46 295.85 22 32 1
222 18.40 2.30 28.40 303.44 19 31 2
223 43.73 60.89 9.47 307.74 23 37 1
224 77.32 50.84 21.88 279.48 19 38 1
225 51.45 17.88 21.91 229.17 2 29 2
226 46.24 99.54 7.41 73.53 4 14 2
227 26.77 17.57 7.84 239.88 13 29 1
228 11.09 36.92 26.10 70.46 8 38 2
229 89.10 73.78 32.40 488.63 15 23 3
230 71.91 75.86 49.92 215.46 14 34 2
231 54.45 17.83 38.53 213.42 13 42 3
232 12.74 7.53 8.37 116.48 11 37 3
233 77.92 50.76 23.97 98.60 2 15 3
234 55.82 92.69 3.01 214.75 18 26 3
235 89.00 35.11 5.62 403.01 18 21 1
236 67.89 40.43 17.26 375.49 4 18 3
237 75.28 31.23 8.02 455.70 5 33 2
238 71.70 47.81 19.63 396.48 3 10 2
239 82.11 87.91 44.93 266.26 18 43 3
240 75.40 8.31 17.27 132.95 6 17 2
241 41.65 74.74 31.07 441.74 3 40 2
242 14.98 69.16 32.40 280.45 14 38 1
243 88.83 94.28 19.90 382.00 13 40 3
244 45.03 5.11 29.60 158.91 12 12 2
245 96.60 92.16 20.31 50.55 22 23 1
246 67.90 45.08 36.94 252.44 3 13 2
247 51.98 19.57 41.33 446.22 13 48 1
248 54.14 39.44 30.05 374.33 6 6 3
249 30.00 31.34 35.97 419.97 12 15 2
250 75.61 11.96 13.54 282.93 7 13 3
251 31.57 83.98 14.65 187.95 1 11 2
252 91.06 65.67 36.11 384.29 17 35 2
253 93.32 75.13 11.04 150.53 9 25 1
254 49.77 52.71 4.29 143.16 24 44 2
255 69.36 27.41 30.46 480.14 0 30 3
256 39.88 2.78 6.33 139.59 11 12 1
257 41.61 49.44 34.11 320.97 5 40 3
258 42.25 10.48 30.89 101.37 11 18 1
259 18.67 83.59 19.52 158.45 3 17 2
260 69.23 95.65 26.04 287.38 0 4 2
261 17.42 62.20 30.14 137.58 22 39 2
262 36.50 34.39 14.65 387.03 22 27 3
263 18.94 86.15 25.14 138.88 3 35 3
264 44.13 13.24 10.63 361.29 3 40 1
265 63.43 52.85 19.46 236.08 3 18 2
266 69.28 58.82 14.85 421.73 21 26 1
267 79.75 35.21 43.39 99.70 9 14 3
268 55.76 80.79 22.26 473.01 5 18 3
269 1.84 73.80 33.81 371.29 7 47 3
270 75.66 12.24 32.75 487.84 16 47 2
271 70.86 80.95 5.17 454.85 15 27 2
272 26.40 18.87 27.08 195.55 22 27 1
273 68.54 4.69 26.91 65.23 22 30 3
274 55.14 43.01 14.77 214.88 24 29 1
275 4.31 50.46 18.54 369.28 2 15 1
276 64.83 40.62 5.41 421.22 20 25 3
277 69.73 80.41 33.33 143.98 0 35 1
278 26.49 94.52 37.25 121.37 14 20 3
279 16.35 57.52 2.40 272.90 23 23 1
280 94.26 85.99 6.32 150.02 23 36 2
281 49.69 56.21 43.06 244.61 10 11 2
282 18.71 89.12 28.77 335.08 12 27 2
283 70.30 44.07 13.57 105.30 11 19 1
284 85.71 68.18 45.75 251.69 0 32 2
285 71.88 12.69 22.06 359.61 15 17 1
286 76.59 98.78 11.64 61.72 24 31 3
287 32.85 8.43 6.01 59.70 23 26 1
288 17.23 81.08 47.68 125.51 22 35 3
289 96.98 69.74 5.17 304.87 24 42 1
290 64.09 24.69 7.86 294.34 5 30 1
291 16.64 21.35 38.50 125.20 6 40 1
292 14.81 21.76 1.04 157.61 4 14 2
293 2.43 65.88 29.41 242.71 12 31 2
294 80.68 54.95 4.09 358.90 7 23 2
295 93.22 55.99 19.65 199.12 5 48 2
296 19.70 35.67 22.05 492.95 0 20 1
297 69.45 59.92 22.97 134.24 14 28 1
298 97.70 61.63 34.66 65.67 4 31 1
299 82.54 9.35 8.22 242.99 23 37 3
300 19.43 71.74 5.73 299.81 1 36 1
1 150.41 2992.25 1
2 145.57 3680.08 2
3 111.89 2702.18 3
4 111.20 2527.62 3
5 188.21 2755.18 3
1 1.82 37.71 1
2 1.89 47.43 4
3 1.43 48.82 5
4 1.73 43.50 1
5 1.97 45.28 4
6 1.88 42.18 1
7 1.87 27.38 4
8 1.11 48.39 1
9 1.68 31.64 4
10 1.17 30.71 2
