Data for Vehicle routing problem with drones - Author: Huyen Do Thi Ngoc
Number of depots: 1
Number of cities: 500
Number of trucks: 1
Number of drones: 2
Area: 100 100 50
Customer maximum demand: 500
Max capacity of truck: 200
Max energy of truck: 5000
Max capacity of drone: 2
Max energy of drone: 50
1 17.29 24.59 8.05
1 78.83 20.71 14.85 389.76 23 43 1
2 2.92 74.09 17.07 74.05 22 28 1
3 83.71 22.23 0.83 276.50 19 41 1
4 66.18 61.76 9.79 477.76 8 43 1
5 69.85 11.76 4.19 309.54 9 28 1
6 90.91 2.27 4.33 126.84 17 29 1
7 26.48 14.42 2.93 239.15 10 22 1
8 35.92 88.76 5.26 173.06 23 33 1
9 8.40 78.00 5.00 152.99 6 45 1
10 44.25 87.72 46.77 72.74 5 41 1
11 92.56 56.07 24.33 388.27 4 38 1
12 46.35 98.15 2.33 155.30 16 18 1
13 10.48 61.84 6.80 439.53 6 13 1
14 77.65 58.90 44.44 393.43 8 13 1
15 90.92 38.36 7.89 152.18 10 47 1
16 20.04 29.45 11.93 429.36 5 43 1
17 73.98 63.50 32.71 208.62 12 23 1
18 44.11 33.37 39.96 148.72 14 45 1
19 2.21 64.03 42.66 419.03 8 14 1
20 97.31 2.96 29.55 181.73 20 33 1
21 13.47 50.83 33.68 78.29 20 48 1
22 40.05 27.64 35.10 348.41 9 11 1
23 72.70 50.00 48.70 188.16 16 28 1
24 92.30 26.74 18.58 58.27 22 38 1
25 16.88 17.69 14.13 491.54 15 48 1
26 46.67 40.26 4.02 480.41 23 39 1
27 70.76 14.93 46.07 159.95 9 47 1
28 59.78 2.68 37.36 112.65 3 26 1
29 9.55 41.97 42.66 284.63 2 7 1
30 36.47 28.03 39.09 412.44 10 47 1
31 58.82 16.78 18.30 283.09 16 16 1
32 58.55 99.52 2.02 160.55 23 45 1
33 36.28 62.63 7.54 404.57 0 14 1
34 34.79 79.27 35.64 211.71 22 42 1
35 83.12 72.81 30.97 425.51 16 47 1
36 15.52 57.68 36.92 280.51 8 27 1
37 67.43 69.73 44.00 109.05 18 38 1
38 80.33 88.44 4.59 229.75 11 35 1
39 61.64 1.10 28.18 331.01 16 44 1
40 58.38 29.92 35.74 396.78 20 37 1
41 44.06 66.25 39.33 327.59 1 35 1
42 92.36 63.37 40.79 119.82 9 31 1
43 12.58 35.83 19.16 364.54 16 20 1
44 84.40 48.09 45.92 436.21 22 28 1
45 7.97 54.57 10.99 83.46 13 14 1
46 20.78 71.80 5.31 496.50 0 42 1
47 87.19 7.41 16.93 108.48 15 23 1
48 64.95 34.15 1.72 300.82 20 45 1
49 64.00 67.95 24.56 294.18 14 18 1
50 83.26 38.93 48.41 454.73 2 47 1
51 63.34 25.83 36.95 316.70 7 34 1
52 86.08 90.26 22.73 415.93 21 48 1
53 3.77 27.07 16.79 103.84 9 21 1
54 9.58 46.74 43.28 324.15 5 21 1
55 32.80 70.54 33.83 137.14 3 16 1
56 56.40 53.92 37.51 260.31 6 38 1
57 24.40 70.79 9.01 469.22 13 14 1
58 89.58 14.43 11.15 428.59 24 30 1
59 43.27 54.72 38.17 482.19 15 31 1
60 49.12 7.40 34.06 85.58 10 47 1
61 16.47 63.11 14.04 186.05 1 26 1
62 9.55 83.48 4.75 268.91 21 38 1
63 6.69 69.28 40.91 297.09 21 26 1
64 66.94 60.92 39.80 107.19 13 48 1
65 27.18 38.52 9.61 283.21 11 11 1
66 93.57 2.79 41.19 100.36 21 29 1
67 56.34 39.65 34.04 392.07 20 22 1
68 3.46 85.27 1.32 325.02 15 37 1
69 18.81 74.67 11.33 464.87 6 41 1
70 62.71 7.77 37.22 365.31 24 35 1
71 16.87 59.97 25.32 478.93 23 31 1
72 45.01 66.57 5.62 388.66 9 45 1
73 35.08 13.62 35.16 312.78 7 35 1
74 50.68 28.68 40.69 108.64 5 32 1
75 24.89 52.80 30.12 494.14 20 29 1
76 1.34 90.05 16.31 296.01 4 8 1
77 39.34 63.52 7.32 89.04 1 9 1
78 94.44 70.03 38.89 248.02 3 28 1
79 10.69 16.73 3.79 462.25 10 10 1
80 39.61 71.14 29.34 156.40 9 36 1
81 4.69 39.41 28.64 352.49 9 46 1
82 41.87 54.88 41.73 331.98 8 19 1
83 9.41 59.01 35.26 290.24 2 31 1
84 65.12 86.88 33.16 207.31 2 38 1
85 56.64 31.11 20.75 435.46 15 28 1
86 24.69 82.21 20.07 431.94 20 23 1
87 90.54 72.55 48.69 496.70 14 47 1
88 49.36 76.41 29.03 180.43 14 43 1
89 64.35 62.28 49.26 287.05 0 42 1
90 78.63 74.34 5.85 83.45 18 44 1
91 49.15 89.04 42.74 118.47 13 36 1
92 78.93 65.86 26.03 172.73 22 28 1
93 57.35 44.04 41.23 143.40 16 48 1
94 56.29 26.10 27.16 167.62 17 48 1
95 39.37 88.05 31.09 481.52 13 17 1
96 57.06 84.01 38.76 68.21 6 36 1
97 52.55 85.97 21.51 195.37 6 14 1
98 54.87 48.67 26.20 360.43 3 28 1
99 22.88 73.88 22.44 323.51 9 38 1
100 13.01 24.76 45.06 102.67 17 19 1
101 80.23 35.15 37.42 423.40 17 44 1
102 65.25 3.03 36.12 162.21 2 40 1
103 95.41 30.83 1.77 201.54 11 37 1
104 51.34 90.92 14.26 122.64 10 14 1
105 76.25 46.43 29.89 310.74 5 26 1
106 16.82 18.59 33.55 295.81 18 33 1
107 43.99 75.26 16.49 141.01 8 31 1
108 35.80 35.72 20.03 306.18 2 42 1
109 63.62 92.47 5.45 64.36 8 34 1
110 89.05 82.52 33.49 421.74 2 39 1
111 40.71 6.47 33.99 237.13 23 30 1
112 8.95 69.36 42.65 285.35 3 21 1
113 78.15 11.29 28.11 399.53 0 4 1
114 65.97 56.55 5.21 235.07 9 16 1
115 20.29 37.93 2.02 241.54 18 45 1
116 79.51 0.34 33.42 129.22 13 24 1
117 92.85 14.10 14.47 232.11 11 17 1
118 37.88 45.00 44.61 478.10 15 47 1
119 63.26 95.86 19.18 372.76 12 40 1
120 21.20 21.98 42.17 183.09 23 44 1
121 48.39 42.40 33.08 212.97 10 17 1
122 15.56 77.50 18.96 430.05 20 30 1
123 12.89 84.48 15.67 356.68 16 39 1
124 84.01 44.92 17.19 369.79 8 45 1
125 10.96 66.23 46.97 497.96 20 33 1
126 76.85 45.23 24.76 109.35 1 34 1
127 26.10 97.86 3.37 498.89 19 42 1
128 45.24 59.75 49.91 342.66 7 20 1
129 49.58 65.14 27.06 257.19 17 29 1
130 94.94 95.65 23.99 190.54 8 36 1
131 63.56 90.63 27.35 497.78 22 39 1
132 84.79 45.34 36.66 184.76 2 24 1
133 17.59 11.82 18.43 340.24 23 29 1
134 83.40 20.42 33.42 100.35 14 15 1
135 25.93 91.67 48.17 89.34 24 39 1
136 34.40 27.19 42.83 339.53 12 31 1
137 15.48 3.02 45.67 432.29 18 21 1
138 83.43 16.33 26.13 462.71 19 45 1
139 98.99 93.54 14.03 440.44 23 38 1
140 25.66 58.01 6.64 142.88 16 21 1
141 34.65 57.40 37.52 478.89 24 36 1
142 23.59 48.10 28.93 247.18 0 18 1
143 60.92 3.46 8.50 57.78 5 36 1
144 49.24 21.22 43.84 110.15 16 22 1
145 98.41 73.41 11.82 246.77 22 40 1
146 0.50 11.22 34.35 490.79 21 26 1
147 15.50 89.19 22.50 455.86 11 19 1
148 82.80 11.21 8.08 277.02 11 30 1
149 60.31 83.19 31.34 479.23 3 43 1
150 75.38 56.51 4.71 469.62 21 33 1
151 91.39 7.98 24.33 342.85 21 36 1
152 55.79 26.74 3.91 300.57 2 35 1
153 10.98 92.91 39.08 492.64 16 45 1
154 87.47 53.52 42.64 103.22 23 30 1
155 42.19 38.81 22.15 462.31 23 33 1
156 84.24 82.76 6.86 194.56 18 31 1
157 69.41 45.28 40.16 129.51 18 35 1
158 34.71 57.28 2.06 174.97 6 34 1
159 85.52 8.38 6.36 255.70 12 26 1
160 80.69 50.49 2.47 454.57 22 46 1
161 22.57 8.82 31.70 157.06 14 42 1
162 58.87 27.20 17.38 177.20 17 18 1
163 79.56 97.72 13.07 162.08 8 32 1
164 42.22 56.67 27.04 468.75 22 31 1
165 96.71 44.62 20.08 216.08 24 33 1
166 71.26 74.47 25.43 353.43 8 18 1
167 35.84 31.44 43.72 286.84 13 14 1
168 9.67 26.95 10.12 118.32 20 46 1
169 58.36 10.85 16.95 325.65 14 47 1
170 42.39 28.11 39.74 461.88 3 34 1
171 20.73 30.41 6.90 98.03 19 24 1
172 99.41 66.56 39.88 178.03 14 41 1
173 57.05 41.36 48.26 210.19 11 34 1
174 64.79 10.80 21.49 302.44 21 42 1
175 16.35 47.82 11.80 60.48 14 31 1
176 77.21 91.25 31.02 218.11 8 46 1
177 57.01 1.21 24.93 183.69 7 22 1
178 95.32 68.41 38.67 279.44 18 45 1
179 31.10 22.76 22.69 486.71 0 26 1
180 49.40 42.96 7.69 209.79 22 39 1
181 21.17 68.19 41.29 347.41 3 15 1
182 2.81 49.72 23.01 438.69 5 25 1
183 36.81 78.43 30.56 311.15 4 16 1
184 31.50 7.06 36.19 390.96 4 9 1
185 78.41 48.29 37.04 295.25 8 16 1
186 54.75 15.93 30.01 291.57 5 36 1
187 99.07 66.48 9.24 210.73 19 40 1
188 35.84 87.75 20.89 317.37 19 22 1
189 10.15 43.71 4.28 200.28 15 40 1
190 24.07 5.21 2.62 145.65 3 25 1
191 79.99 83.18 27.99 491.58 4 42 1
192 85.67 4.42 48.99 314.64 1 24 1
193 84.74 37.83 10.91 251.97 4 19 1
194 69.78 19.79 48.29 248.85 2 10 1
195 71.92 94.12 0.93 412.71 11 48 1
196 99.07 38.51 47.49 57.77 8 30 1
197 12.80 10.91 18.26 161.69 14 36 1
198 59.06 42.64 28.61 258.03 4 12 1
199 93.14 1.00 46.22 161.47 24 35 1
200 13.81 45.91 16.52 320.72 21 42 1
201 35.41 94.41 13.75 299.20 19 20 1
202 79.65 43.19 12.46 497.51 18 29 1
203 45.76 20.93 21.91 72.70 5 16 1
204 39.40 68.76 46.53 397.49 11 25 1
205 36.19 1.03 9.26 241.36 5 32 1
206 51.95 71.27 12.59 478.95 20 41 1
207 28.95 3.74 26.98 455.59 20 43 1
208 19.73 76.11 39.89 217.56 2 37 1
209 51.63 81.00 1.41 415.54 5 5 1
210 95.14 13.81 34.87 222.10 9 26 1
211 69.94 60.95 8.26 390.75 1 15 1
212 65.45 22.48 40.54 384.36 21 40 1
213 35.81 76.83 40.82 278.92 4 36 1
214 83.49 33.96 12.18 348.38 20 26 1
215 64.43 71.25 37.88 149.57 18 43 1
216 69.04 4.59 40.30 341.99 2 7 1
217 46.18 81.42 49.64 259.60 10 48 1
218 46.41 98.24 8.37 370.27 11 22 1
219 81.70 11.33 14.87 448.90 17 36 1
220 43.27 79.21 38.95 93.00 0 45 1
221 56.16 92.85 29.17 351.30 13 37 1
222 75.24 12.73 35.54 427.58 24 34 1
223 0.30 94.28 14.26 315.85 16 32 1
224 63.60 96.81 11.95 457.31 21 25 1
225 38.57 46.50 6.77 219.35 15 18 1
226 68.35 38.62 1.93 482.92 5 14 1
227 23.86 48.08 48.02 383.08 19 44 1
228 10.69 81.54 12.63 222.32 23 41 1
229 54.63 46.69 38.05 74.93 9 11 1
230 43.46 35.65 28.79 447.59 20 26 1
231 17.96 16.02 16.28 350.76 6 37 1
232 79.13 67.13 40.26 164.47 15 30 1
233 19.48 5.09 11.76 348.65 12 15 1
234 33.65 55.44 15.17 323.12 8 33 1
235 64.74 10.35 20.31 291.23 17 43 1
236 70.25 45.30 45.57 468.02 19 28 1
237 9.93 80.62 30.07 150.09 9 34 1
238 98.44 89.25 28.05 277.86 14 31 1
239 37.12 54.97 19.72 289.82 18 20 1
240 56.79 49.48 23.47 178.83 14 38 1
241 84.83 51.80 13.84 478.29 16 27 1
242 92.83 37.61 5.03 99.32 8 13 1
243 23.12 43.63 6.74 408.73 11 45 1
244 33.14 37.33 2.98 230.39 6 45 1
245 68.55 21.49 7.42 307.90 2 37 1
246 57.66 87.12 15.02 183.24 19 37 1
247 51.37 54.82 6.69 239.91 23 42 1
248 85.22 36.66 41.85 484.88 15 42 1
249 26.49 41.63 32.61 343.11 13 34 1
250 84.90 30.03 0.22 237.84 9 31 1
251 47.99 70.83 39.22 381.44 0 19 1
252 83.27 68.03 10.57 488.24 7 38 1
253 73.58 83.56 44.78 207.25 9 33 1
254 95.69 89.79 7.90 494.65 0 32 1
255 69.50 19.76 40.27 249.26 6 14 1
256 43.10 26.06 11.35 144.14 4 29 1
257 50.82 4.81 45.80 480.14 0 12 1
258 1.63 7.68 9.44 425.76 1 1 1
259 77.15 93.15 25.73 127.15 5 43 1
260 85.48 90.76 48.70 158.10 9 30 1
261 63.95 72.65 31.49 61.21 22 42 1
262 9.86 44.57 36.52 341.34 9 13 1
263 85.12 55.05 26.93 175.40 11 24 1
264 54.38 63.87 42.56 452.26 17 47 1
265 61.15 10.42 23.87 194.34 11 23 1
266 78.72 6.17 35.37 176.56 19 23 1
267 63.39 42.40 33.77 397.00 14 48 1
268 86.59 68.24 36.18 474.69 1 24 1
269 89.30 41.29 18.19 425.17 7 12 1
270 11.24 6.83 25.51 361.08 6 6 1
271 10.33 31.07 43.24 145.70 14 18 1
272 9.85 47.74 42.91 210.47 19 38 1
273 89.99 28.03 46.60 208.49 23 42 1
274 83.90 51.13 3.04 236.47 20 41 1
275 81.42 17.48 32.82 57.61 11 41 1
276 80.16 96.85 47.94 361.30 7 12 1
277 55.15 88.85 15.48 465.04 24 29 1
278 57.81 55.21 25.18 234.41 17 22 1
279 57.05 22.11 48.32 489.61 4 40 1
280 78.88 29.74 4.42 142.35 23 29 1
281 74.26 63.55 41.58 431.50 18 19 1
282 70.40 89.52 43.47 318.01 18 18 1
283 80.26 59.94 29.77 332.52 17 34 1
284 71.67 61.33 35.04 490.13 9 9 1
285 73.14 25.12 44.68 72.96 2 17 1
286 89.90 26.32 32.50 134.10 4 10 1
287 78.27 6.39 34.23 71.91 21 32 1
288 73.87 34.60 37.74 212.95 7 40 1
289 56.89 64.24 29.52 275.95 8 12 1
290 20.36 31.21 34.31 462.21 15 17 1
291 14.45 70.25 37.92 388.23 21 38 1
292 65.74 48.55 45.61 78.85 24 33 1
293 34.20 21.06 34.81 196.06 19 46 1
294 84.28 93.27 12.55 127.63 18 43 1
295 73.93 34.21 34.67 240.27 8 36 1
296 44.47 33.58 9.34 381.52 16 37 1
297 35.00 5.50 44.33 435.48 24 25 1
298 15.67 25.44 8.61 304.56 16 43 1
299 43.43 41.72 2.99 109.90 15 47 1
300 41.17 72.58 33.75 437.01 20 42 1
301 67.91 83.63 13.74 173.25 15 40 1
302 79.40 22.37 39.69 69.01 6 16 1
303 18.76 86.86 39.68 184.25 17 27 1
304 69.96 48.56 28.89 245.45 18 43 1
305 19.95 83.99 0.47 144.57 2 9 1
306 8.09 12.66 28.67 200.22 19 46 1
307 61.40 96.78 5.48 447.86 18 24 1
308 7.86 54.07 12.39 255.94 0 41 1
309 81.60 47.35 10.80 137.60 0 40 1
310 2.34 61.73 33.63 157.35 23 28 1
311 21.73 89.04 4.58 176.19 15 41 1
312 51.15 9.74 7.82 138.77 12 21 1
313 82.73 88.58 48.15 240.44 12 28 1
314 78.75 24.09 19.90 446.85 24 43 1
315 97.10 40.22 10.46 327.41 0 20 1
316 56.68 11.87 40.40 430.69 14 42 1
317 50.50 30.86 34.12 331.49 15 37 1
318 75.95 13.59 24.48 433.89 18 46 1
319 47.11 17.85 31.74 450.87 4 35 1
320 53.73 27.24 41.34 323.94 16 40 1
321 13.14 65.42 4.66 310.23 23 44 1
322 85.48 78.94 48.02 333.92 7 22 1
323 62.95 91.64 24.08 435.10 6 17 1
324 28.46 2.35 29.44 304.87 4 21 1
325 80.38 3.17 1.21 98.02 8 20 1
326 91.21 97.75 46.91 354.16 1 22 1
327 23.84 84.03 45.35 310.42 4 21 1
328 51.44 87.31 27.69 63.96 0 29 1
329 85.94 17.88 34.03 455.64 10 44 1
330 21.99 64.50 20.10 358.75 8 27 1
331 38.59 89.85 13.59 300.70 5 27 1
332 70.69 27.48 47.34 139.25 11 37 1
333 42.26 72.47 43.23 117.44 21 41 1
334 60.07 85.20 40.94 83.69 13 32 1
335 75.49 17.72 22.43 480.04 23 35 1
336 62.05 84.33 41.84 385.27 7 41 1
337 70.70 93.55 39.81 382.71 18 44 1
338 87.39 16.86 21.43 181.73 14 20 1
339 63.76 2.73 32.70 259.45 20 25 1
340 28.89 59.30 8.63 233.95 20 24 1
341 1.17 58.78 21.95 195.32 0 45 1
342 48.40 94.33 1.37 319.50 24 29 1
343 48.96 19.01 46.01 347.44 18 34 1
344 87.72 86.74 14.79 305.80 17 23 1
345 99.51 44.85 21.17 232.32 5 15 1
346 37.16 94.96 27.53 398.36 12 16 1
347 41.44 61.81 16.19 214.37 16 48 1
348 4.64 91.56 30.38 104.37 24 37 1
349 19.52 47.74 6.09 158.89 5 20 1
350 76.78 16.31 11.46 152.42 22 25 1
351 45.44 11.86 19.88 251.28 2 22 1
352 81.39 76.72 38.26 55.18 2 8 1
353 7.71 3.48 20.57 372.31 2 16 1
354 95.09 2.61 33.99 491.10 7 9 1
355 27.61 70.16 30.70 281.31 10 32 1
356 53.52 65.01 1.63 375.51 6 6 1
357 67.33 95.01 48.97 254.12 22 46 1
358 34.98 82.64 8.84 448.70 0 37 1
359 55.96 21.80 24.82 181.26 2 41 1
360 25.09 29.39 23.97 497.78 8 48 1
361 7.68 47.81 25.47 292.21 23 40 1
362 73.32 26.34 41.57 444.25 9 46 1
363 34.55 17.28 20.15 387.43 6 9 1
364 24.90 14.73 40.26 446.78 16 28 1
365 54.42 19.52 25.11 51.08 15 21 1
366 15.53 14.17 36.09 294.79 17 47 1
367 60.25 12.01 0.21 136.91 7 18 1
368 77.22 87.47 36.23 495.53 7 31 1
369 55.39 15.23 9.48 229.87 9 19 1
370 6.92 35.54 30.20 483.00 19 43 1
371 38.69 48.77 45.12 135.64 1 1 1
372 86.25 15.70 19.06 85.03 24 31 1
373 74.11 1.13 4.33 286.30 12 29 1
374 28.56 0.95 29.07 491.33 11 31 1
375 92.85 6.89 23.24 310.76 8 43 1
376 11.05 78.53 5.83 82.77 15 34 1
377 60.59 35.65 20.16 336.06 18 22 1
378 0.98 39.82 45.65 379.53 14 24 1
379 8.57 32.94 9.53 372.75 16 16 1
380 80.09 72.23 4.78 484.94 11 37 1
381 12.77 4.00 9.36 125.02 24 37 1
382 27.48 94.70 41.95 322.07 6 37 1
383 26.10 9.45 28.24 126.79 12 16 1
384 56.45 84.97 22.09 99.18 20 47 1
385 34.75 94.30 13.35 495.00 4 19 1
386 65.57 92.52 38.10 264.25 2 42 1
387 86.43 6.16 25.60 393.71 5 12 1
388 46.72 15.32 38.88 144.96 15 41 1
389 14.41 64.93 23.96 225.37 7 24 1
390 14.41 17.26 28.47 325.48 6 26 1
391 59.16 86.68 3.11 471.02 13 48 1
392 52.86 40.66 6.16 147.39 7 19 1
393 40.36 10.61 8.47 232.28 7 7 1
394 76.87 50.90 42.06 405.96 7 7 1
395 38.97 30.40 22.80 193.19 18 42 1
396 6.34 79.21 25.33 84.09 4 12 1
397 57.15 92.25 36.04 497.73 15 47 1
398 80.25 90.55 20.89 103.39 6 19 1
399 90.19 9.56 38.63 225.64 11 29 1
400 16.65 12.56 34.92 71.96 8 33 1
401 93.85 33.36 6.01 309.05 9 22 1
402 26.55 24.99 40.44 350.75 13 47 1
403 17.40 46.35 35.55 471.49 15 31 1
404 64.64 99.96 23.66 257.66 19 28 1
405 2.54 66.17 18.33 87.95 18 45 1
406 49.64 83.74 3.72 358.87 8 43 1
407 54.09 59.50 24.09 177.10 18 35 1
408 30.09 80.44 20.28 458.16 9 23 1
409 74.41 22.13 5.07 205.49 22 35 1
410 25.70 98.84 19.25 257.59 10 34 1
411 74.82 83.70 3.13 61.20 16 36 1
412 22.41 10.02 31.89 184.73 24 33 1
413 95.16 79.58 47.50 64.98 0 1 1
414 71.85 4.11 16.82 495.24 16 24 1
415 88.77 58.20 3.43 119.37 7 14 1
416 25.22 71.79 33.43 331.77 24 38 1
417 71.99 19.91 38.61 289.08 10 46 1
418 4.09 91.07 39.18 143.21 19 22 1
419 24.41 77.88 38.25 92.39 8 25 1
420 85.69 27.75 40.09 289.23 17 48 1
421 1.61 72.16 10.01 50.31 24 36 1
422 38.15 86.04 21.96 106.12 12 45 1
423 12.07 34.81 20.70 237.01 5 37 1
424 62.67 0.35 8.42 431.42 6 46 1
425 9.29 26.22 6.88 83.32 19 37 1
426 95.08 18.82 30.67 451.55 1 1 1
427 63.64 51.72 7.55 291.35 9 38 1
428 90.84 5.96 32.94 231.13 21 34 1
429 14.25 64.71 45.80 433.99 14 35 1
430 14.10 77.12 30.91 168.87 1 14 1
431 83.40 69.53 5.96 448.98 24 48 1
432 94.13 64.34 4.27 228.93 13 28 1
433 4.39 67.32 7.55 290.03 8 24 1
434 58.70 27.19 2.61 139.56 9 43 1
435 96.00 99.14 9.48 81.78 22 23 1
436 52.51 70.38 47.21 136.64 8 45 1
437 29.46 85.39 33.11 189.02 6 43 1
438 91.98 21.52 35.26 258.90 11 17 1
439 47.22 8.38 43.33 92.97 20 42 1
440 0.92 87.49 6.05 124.60 15 25 1
441 86.38 54.19 38.70 272.37 19 32 1
442 93.81 84.59 47.88 207.74 22 48 1
443 45.19 50.85 9.80 267.99 2 28 1
444 27.94 73.64 11.58 455.89 15 15 1
445 89.12 93.08 10.21 117.61 1 24 1
446 42.46 97.89 47.05 460.22 16 39 1
447 29.44 60.98 47.16 286.44 12 21 1
448 51.08 13.24 36.48 323.69 10 16 1
449 37.09 86.39 30.60 425.37 21 24 1
450 24.48 86.72 24.97 403.38 18 35 1
451 33.36 19.08 29.13 103.68 12 13 1
452 14.80 24.97 47.26 430.85 23 39 1
453 99.47 71.34 27.45 346.63 17 33 1
454 69.33 17.78 4.32 263.81 21 41 1
455 27.91 79.92 11.16 162.84 5 26 1
456 36.57 63.04 16.05 334.23 9 24 1
457 59.33 76.75 16.48 345.14 4 26 1
458 99.25 2.43 36.66 282.28 23 26 1
459 18.33 31.87 20.08 326.41 3 40 1
460 70.42 36.25 19.02 280.38 12 31 1
461 81.14 7.14 8.58 278.93 22 23 1
462 52.85 44.33 13.84 418.06 9 42 1
463 17.34 36.07 15.34 240.05 0 42 1
464 70.58 50.19 38.92 383.75 19 46 1
465 42.54 54.76 9.09 335.02 20 45 1
466 31.72 52.92 19.44 382.86 4 37 1
467 46.57 12.48 45.63 191.68 9 17 1
468 80.19 60.52 22.45 150.39 19 37 1
469 20.65 80.29 43.47 125.87 14 35 1
470 3.71 99.68 31.01 182.56 15 47 1
471 90.02 3.78 49.47 123.40 4 30 1
472 29.95 65.55 12.52 198.39 13 20 1
473 92.44 41.36 46.95 267.82 21 24 1
474 28.06 16.92 15.36 64.22 18 42 1
475 14.52 36.50 33.72 81.23 20 38 1
476 72.34 99.72 42.49 354.65 20 23 1
477 45.20 21.34 48.54 443.03 21 26 1
478 83.64 16.39 14.50 166.32 1 38 1
479 85.82 51.71 6.03 198.86 9 46 1
480 49.90 86.42 39.87 186.63 1 21 1
481 92.06 66.35 3.43 61.27 2 11 1
482 77.84 74.36 8.20 264.85 6 37 1
483 65.41 4.91 25.88 130.26 12 21 1
484 0.05 5.80 27.48 276.84 0 27 1
485 59.11 96.43 4.39 411.71 7 47 1
486 46.96 32.06 20.73 149.00 17 44 1
487 83.32 23.75 10.87 480.84 19 26 1
488 18.48 15.96 25.87 230.73 4 12 1
489 11.32 89.48 7.17 211.30 10 21 1
490 67.53 58.18 44.74 138.62 15 38 1
491 75.84 28.21 22.92 311.89 2 29 1
492 64.69 21.21 1.77 384.35 16 35 1
493 5.76 3.31 48.00 291.86 7 30 1
494 63.30 60.42 17.20 267.52 12 28 1
495 26.47 62.30 42.25 175.85 18 28 1
496 3.39 18.72 25.07 334.06 2 4 1
497 46.59 76.85 45.46 369.45 9 22 1
498 21.26 91.73 38.90 386.44 3 41 1
499 19.35 32.74 26.12 162.10 20 26 1
500 7.19 30.02 10.45 97.74 24 43 1
1 142.26 3820.46 1
1 1.70 38.25 1
2 1.19 26.61 1
