Data for Vehicle routing problem with drones - Author: Huyen Do Thi Ngoc
Number of depots: 3
Number of cities: 300
Number of trucks: 6
Number of drones: 16
Area: 100 100 50
Customer maximum demand: 500
Max capacity of truck: 200
Max energy of truck: 5000
Max capacity of drone: 2
Max energy of drone: 50
1 27.07 94.15 38.12
2 93.25 63.22 35.82
3 29.75 59.73 49.77
1 62.17 76.08 36.62 69.21 23 44 1
2 93.96 27.61 21.93 498.08 1 28 2
3 18.00 79.00 22.35 195.68 23 39 1
4 78.71 83.39 14.09 94.09 0 2 2
5 30.97 33.32 34.63 141.39 6 24 1
6 97.72 40.25 7.93 245.65 15 27 1
7 28.78 17.61 36.48 109.84 2 36 1
8 28.81 47.18 26.61 115.51 18 44 1
9 70.73 80.13 35.52 385.29 7 10 3
10 68.55 45.75 26.68 459.73 15 37 2
11 23.56 4.47 38.93 235.28 0 33 1
12 46.12 53.74 42.89 147.28 23 42 2
13 64.28 0.29 10.01 292.75 21 40 1
14 45.07 99.97 12.05 401.24 13 21 3
15 1.63 71.22 39.31 333.27 4 48 3
16 34.49 25.31 39.14 360.68 23 32 1
17 36.87 87.53 29.77 126.81 14 34 3
18 86.60 13.76 2.06 227.46 10 31 3
19 61.53 48.97 44.71 234.68 17 47 2
20 25.65 7.46 49.61 321.82 13 22 2
21 68.10 28.00 14.30 314.26 22 42 1
22 96.39 70.47 8.00 112.05 9 43 1
23 41.44 95.69 25.72 72.15 20 44 2
24 7.21 87.13 41.40 303.68 1 12 2
25 95.22 53.79 18.76 218.16 4 10 1
26 51.32 32.13 46.10 477.93 1 32 3
27 44.26 48.06 34.20 77.48 4 45 1
28 22.18 2.04 27.58 322.84 21 32 1
29 10.81 75.36 9.47 367.45 22 40 1
30 82.09 29.84 22.41 200.23 7 38 1
31 92.42 98.07 36.81 498.46 22 26 2
32 94.67 3.51 13.94 269.71 23 32 2
33 56.72 19.09 15.69 162.78 20 39 1
34 57.25 33.93 3.18 243.33 22 36 3
35 4.11 47.23 1.30 292.45 16 21 1
36 25.51 19.68 37.67 301.31 20 39 1
37 42.41 57.63 48.59 162.27 19 26 1
38 65.28 69.54 28.42 405.89 18 28 1
39 7.11 60.57 6.83 254.97 20 36 2
40 48.28 8.84 47.79 229.06 15 34 1
41 39.66 60.87 47.60 283.48 13 43 1
42 0.05 36.60 15.77 386.37 10 14 3
43 67.65 11.74 47.95 204.14 21 45 2
44 43.01 0.67 0.73 188.73 9 11 2
45 94.10 20.35 12.62 226.30 19 38 1
46 83.82 75.54 27.89 298.10 8 22 1
47 53.97 87.55 32.07 102.44 16 44 3
48 35.30 67.67 4.82 423.80 2 21 2
49 95.37 92.23 43.11 73.14 8 35 3
50 14.00 63.58 30.48 98.27 1 42 1
51 33.38 86.71 48.70 76.15 5 12 1
52 83.29 23.17 18.43 130.34 17 27 2
53 41.22 4.95 19.07 103.62 0 29 1
54 9.99 70.15 19.94 206.04 1 44 2
55 76.28 22.21 21.28 311.17 23 41 2
56 41.07 27.64 32.14 473.10 20 23 1
57 23.99 80.34 20.85 86.63 5 37 3
58 74.48 71.11 3.11 391.66 0 46 2
59 68.26 91.18 20.90 302.35 5 43 3
60 30.37 90.57 2.87 344.12 22 27 3
61 72.06 82.64 47.80 308.04 8 35 2
62 18.43 82.59 16.16 126.37 1 13 3
63 68.60 87.35 29.82 240.32 13 24 1
64 43.48 6.93 26.50 144.62 24 28 1
65 94.99 44.62 24.44 123.26 11 20 3
66 61.84 4.86 36.96 261.33 14 14 3
67 34.29 50.58 22.47 68.51 17 35 3
68 49.96 62.96 29.05 274.04 21 31 2
69 72.06 8.55 47.17 310.89 22 42 1
70 33.03 6.52 16.61 157.95 21 41 2
71 67.96 71.29 48.76 184.18 20 21 3
72 75.75 34.61 38.20 422.13 14 43 3
73 40.11 89.16 40.46 344.03 22 35 1
74 78.66 67.05 11.07 67.87 3 9 2
75 92.94 39.25 35.29 390.84 1 18 3
76 93.44 68.45 30.53 193.46 22 36 2
77 1.69 5.34 37.72 268.33 3 40 1
78 87.64 15.05 23.39 96.03 6 42 1
79 54.92 64.23 24.22 414.79 16 48 3
80 6.21 3.32 9.61 81.11 11 29 3
81 8.53 46.66 10.55 476.99 17 36 1
82 35.27 96.93 5.28 170.46 23 46 1
83 37.73 43.93 45.85 191.84 3 13 3
84 28.39 67.59 42.26 173.76 9 40 3
85 71.82 15.10 34.69 224.48 15 15 1
86 30.17 79.21 31.12 223.38 19 23 1
87 6.72 50.82 26.47 122.86 4 43 1
88 87.67 42.88 39.92 421.27 11 15 2
89 0.93 50.60 32.07 132.26 7 7 3
90 85.59 26.57 1.04 431.46 8 25 3
91 90.80 63.58 7.76 149.91 12 45 2
92 28.12 50.80 14.13 100.69 10 19 2
93 36.01 97.39 29.66 248.94 20 33 1
94 1.17 91.08 40.74 491.87 16 38 1
95 97.52 44.70 28.61 391.90 0 24 2
96 32.29 77.94 43.68 218.43 0 46 1
97 92.56 48.73 10.27 162.21 5 39 3
98 6.96 67.36 34.20 233.56 16 23 1
99 91.96 79.14 44.19 154.92 2 43 2
100 17.50 73.40 29.66 196.83 12 38 2
101 33.10 67.66 19.78 222.36 23 30 1
102 13.68 52.22 45.93 300.60 22 38 1
103 27.85 2.95 41.76 490.28 4 39 3
104 6.12 84.50 31.03 191.47 14 47 1
105 67.27 60.11 15.72 423.85 0 9 1
106 1.64 77.60 30.14 408.25 6 19 2
107 52.85 74.34 35.42 210.01 10 16 3
108 13.45 74.45 29.59 450.41 0 19 1
109 78.37 92.55 49.98 171.94 7 12 2
110 59.11 45.35 48.52 317.95 0 44 2
111 93.16 35.93 35.91 302.82 8 46 1
112 9.81 80.24 22.09 406.80 24 39 1
113 16.65 11.24 44.78 206.95 3 4 1
114 4.24 29.90 26.21 110.06 18 42 2
115 39.20 47.86 42.02 169.75 3 47 3
116 77.82 96.46 7.59 309.37 10 15 1
117 69.38 6.64 24.53 333.93 2 26 2
118 27.88 15.14 43.25 149.71 9 19 2
119 80.96 30.67 12.55 347.53 14 42 1
120 14.49 70.77 29.47 339.07 11 17 3
121 81.28 94.25 37.52 180.03 12 33 3
122 67.95 68.03 11.77 341.19 15 44 2
123 23.41 57.27 48.40 64.70 3 11 2
124 52.13 16.32 10.47 253.78 19 19 1
125 66.39 97.18 12.90 383.48 20 34 1
126 79.02 10.09 27.91 492.22 12 37 1
127 1.96 77.35 1.83 163.79 4 41 3
128 48.71 71.83 12.81 336.12 21 38 2
129 62.03 24.35 14.74 381.38 21 39 3
130 15.72 65.80 24.65 250.92 6 11 1
131 95.27 13.81 40.82 289.56 16 41 2
132 92.99 36.46 14.40 109.32 17 39 2
133 5.22 13.92 48.55 479.66 11 18 1
134 41.05 97.18 12.41 423.91 19 45 2
135 22.57 79.27 37.96 410.25 10 41 2
136 84.07 74.54 6.49 188.94 14 41 2
137 18.81 44.98 27.02 171.25 8 45 2
138 71.57 33.84 16.36 201.72 8 14 2
139 3.25 70.82 27.57 187.49 14 26 3
140 52.14 96.84 0.12 263.00 18 38 1
141 64.87 50.63 26.47 280.68 4 31 3
142 34.80 32.82 19.98 257.46 11 34 3
143 93.12 62.20 40.21 179.93 8 17 1
144 52.94 0.28 49.26 203.73 11 25 2
145 33.25 8.71 9.08 254.21 4 33 1
146 35.41 95.45 27.36 234.09 20 41 3
147 54.81 76.54 8.87 381.16 17 30 1
148 45.11 67.23 30.80 63.26 2 42 3
149 21.96 95.90 24.38 163.06 2 45 2
150 36.84 83.60 9.27 462.37 12 17 2
151 26.91 74.03 25.91 199.83 2 40 1
152 10.38 85.45 37.82 66.21 1 47 1
153 50.92 32.81 34.51 462.09 11 13 3
154 61.40 11.73 7.72 191.36 22 46 3
155 3.34 81.06 38.22 145.39 22 39 2
156 1.91 68.86 8.34 360.68 1 34 3
157 83.86 94.83 21.59 427.06 5 29 1
158 96.49 50.80 48.12 183.88 0 39 1
159 67.59 75.63 14.19 198.19 1 48 3
160 9.94 61.67 37.98 433.56 18 21 1
161 19.83 45.21 42.17 286.31 18 44 1
162 51.47 19.46 40.64 175.80 15 23 2
163 67.26 89.09 26.45 462.91 24 41 1
164 58.59 84.00 13.53 418.60 19 44 1
165 52.49 84.03 5.59 164.78 8 32 1
166 68.32 43.30 35.91 489.56 16 38 2
167 32.42 18.82 15.47 194.97 0 17 2
168 93.90 59.26 6.15 78.81 7 36 1
169 66.05 2.64 30.25 498.40 13 16 1
170 2.37 34.43 24.31 74.57 11 45 2
171 49.08 96.46 21.14 257.58 0 0 3
172 76.35 87.72 34.00 53.27 21 21 1
173 95.67 34.89 40.38 418.19 3 9 3
174 0.64 86.71 28.14 373.36 21 44 1
175 75.50 36.22 30.69 88.13 10 21 3
176 13.15 16.80 17.31 462.06 12 26 1
177 99.82 38.03 7.42 349.32 15 22 3
178 74.12 70.31 38.97 359.89 0 46 2
179 26.92 40.92 1.94 116.97 23 45 3
180 26.65 33.13 38.94 288.49 13 43 3
181 94.27 99.30 2.56 179.90 2 43 1
182 48.82 70.49 13.48 131.49 7 24 3
183 91.96 48.23 17.60 292.99 1 15 1
184 99.02 58.24 34.38 177.60 9 16 2
185 15.95 61.33 0.71 248.93 23 48 2
186 0.86 30.73 6.22 73.49 1 25 3
187 13.32 89.31 25.65 343.12 9 42 1
188 8.69 89.86 34.08 71.66 17 31 2
189 55.46 56.40 38.17 248.36 3 18 3
190 63.56 42.34 29.61 400.30 23 40 2
191 80.51 49.24 5.68 54.81 6 33 3
192 24.14 77.12 13.56 482.20 21 48 1
193 6.09 52.01 14.42 310.43 6 6 3
194 74.92 42.90 46.89 165.57 7 27 2
195 10.96 99.67 28.10 463.38 16 38 3
196 72.26 72.19 35.66 94.10 7 35 1
197 83.70 48.89 14.29 360.75 11 36 3
198 33.41 99.37 22.71 71.04 19 29 2
199 77.41 66.59 6.39 140.07 10 29 2
200 22.96 77.12 15.04 393.56 2 15 2
201 49.83 7.10 28.71 324.37 14 45 2
202 1.71 25.32 47.11 338.43 4 36 1
203 19.65 94.47 15.22 350.25 6 9 3
204 20.18 54.12 25.26 158.74 8 16 2
205 61.85 29.21 39.91 418.13 7 23 3
206 39.20 99.32 13.49 206.90 5 10 3
207 57.08 66.81 32.86 320.06 23 37 2
208 97.31 81.72 22.16 314.32 11 48 2
209 38.81 46.27 4.65 387.70 8 28 3
210 97.36 26.21 38.23 408.51 22 32 1
211 40.72 13.17 23.69 312.58 7 15 1
212 38.76 82.41 41.60 381.59 2 3 1
213 3.31 52.90 48.55 69.72 13 16 3
214 19.92 40.49 34.97 173.35 15 46 1
215 48.97 73.91 26.62 102.57 11 20 1
216 63.89 88.56 35.63 198.78 10 10 3
217 78.66 67.68 20.79 153.61 0 44 2
218 73.44 8.20 48.40 204.89 4 39 1
219 24.50 7.86 20.00 148.17 10 48 3
220 65.44 81.75 16.86 79.44 0 5 2
221 59.20 79.58 17.42 77.94 2 25 3
222 37.59 26.67 8.94 212.09 24 27 3
223 77.64 18.65 39.73 354.40 4 7 2
224 26.31 69.39 3.18 456.99 0 4 2
225 85.51 43.34 11.71 409.93 17 30 1
226 79.78 51.20 41.88 393.24 4 48 1
227 41.86 31.93 24.79 225.62 16 18 3
228 80.96 69.73 49.56 466.27 22 31 2
229 63.74 56.16 30.70 490.02 23 31 1
230 37.94 14.56 38.68 86.36 7 15 3
231 32.22 70.94 9.20 488.54 16 28 3
232 16.91 75.87 30.82 459.68 12 45 1
233 54.27 20.15 5.93 351.47 24 24 2
234 86.49 72.72 16.24 174.52 18 44 1
235 95.38 58.72 48.96 64.07 7 33 1
236 53.90 37.67 19.34 260.96 13 34 3
237 88.74 48.15 27.41 164.72 4 38 3
238 57.63 58.99 39.15 298.13 7 26 3
239 96.44 89.60 21.42 237.37 6 20 1
240 38.00 71.00 17.32 58.65 18 45 1
241 33.83 58.04 16.62 240.10 11 30 2
242 26.27 41.97 8.22 109.35 15 44 2
243 89.40 31.90 25.84 158.51 6 46 3
244 53.85 68.73 31.25 436.68 15 47 2
245 36.80 44.17 9.56 277.27 15 22 2
246 54.32 28.07 39.16 340.76 5 27 2
247 37.56 95.26 40.75 139.80 18 34 2
248 66.33 59.90 37.68 234.27 2 42 1
249 53.87 3.96 34.33 382.46 3 14 3
250 85.19 79.13 19.29 256.18 6 21 3
251 33.05 30.85 29.78 421.57 3 24 3
252 76.58 61.01 5.68 498.83 21 29 3
253 74.50 33.37 42.34 304.09 0 4 1
254 9.20 83.58 37.03 103.17 11 44 2
255 24.85 32.58 6.86 435.96 15 15 2
256 66.49 28.50 18.74 322.39 11 20 1
257 88.31 98.64 21.32 360.75 17 48 1
258 4.02 29.10 14.59 257.81 23 35 2
259 47.32 60.18 31.25 287.67 11 47 2
260 19.43 87.60 26.44 489.24 20 34 2
261 9.19 66.27 27.13 386.57 0 21 3
262 0.90 72.74 24.75 320.64 18 20 1
263 81.80 60.21 22.24 487.69 10 18 3
264 7.62 69.57 43.64 426.33 22 47 1
265 82.44 27.49 32.33 267.72 12 25 3
266 9.96 92.42 2.48 398.60 13 36 3
267 77.68 53.17 1.56 374.20 21 37 3
268 90.31 93.35 19.19 200.12 19 31 3
269 18.58 48.12 9.18 225.36 10 30 2
270 15.62 25.49 35.83 297.63 16 28 2
271 19.63 80.99 35.51 94.24 7 36 2
272 12.72 38.41 14.55 416.90 22 25 2
273 80.82 35.33 15.51 242.13 13 28 3
274 74.27 55.34 33.72 273.28 6 10 3
275 52.82 30.86 10.86 354.71 12 12 2
276 53.00 92.34 49.20 438.17 1 38 3
277 66.40 24.74 18.09 76.32 7 40 2
278 91.53 39.55 19.52 439.51 16 23 1
279 28.73 0.80 49.06 187.73 16 30 3
280 90.76 60.01 33.62 423.87 22 27 1
281 27.65 50.48 38.08 202.54 23 36 1
282 25.79 85.42 33.89 287.96 11 27 2
283 68.97 56.54 15.76 151.97 14 38 3
284 67.59 1.58 37.94 52.97 21 37 3
285 1.37 67.61 15.46 496.58 10 47 1
286 16.96 21.45 4.24 171.05 0 42 1
287 28.88 18.12 17.45 408.23 22 42 3
288 34.31 67.67 12.60 101.07 18 45 1
289 52.66 75.88 22.63 490.71 15 43 2
290 71.62 71.47 25.91 315.68 23 27 1
291 30.78 81.61 23.65 172.62 6 9 1
292 85.92 70.41 43.16 371.80 12 19 1
293 79.33 80.19 48.57 167.68 6 38 2
294 96.55 91.51 8.07 113.49 8 11 3
295 71.31 85.22 24.02 473.56 6 43 2
296 22.43 26.02 22.08 278.61 10 21 2
297 58.99 10.15 18.69 324.94 17 22 3
298 72.99 44.43 31.21 215.69 17 41 2
299 31.47 5.97 23.93 68.83 22 34 3
300 5.10 73.81 12.34 346.74 11 34 3
1 196.51 3979.54 1
2 150.49 3866.93 2
3 136.42 4319.32 3
4 155.53 3063.53 3
5 172.06 3677.18 1
6 120.36 3905.02 1
1 1.97 46.18 1
2 1.18 26.60 4
3 1.33 38.89 3
4 1.55 42.76 5
5 1.34 48.38 3
6 1.84 25.90 4
7 1.45 26.92 5
8 1.49 26.21 1
9 1.77 48.33 6
10 1.85 43.20 1
11 1.86 46.89 2
12 1.18 48.80 6
13 1.43 41.65 1
14 1.89 34.80 5
15 1.96 30.40 1
16 1.42 47.50 6
