Data for Vehicle routing problem with drones - Author: Huyen Do Thi Ngoc
Number of depots: 3
Number of cities: 200
Number of trucks: 7
Number of drones: 8
Area: 100 100 50
Customer maximum demand: 500
Max capacity of truck: 200
Max energy of truck: 5000
Max capacity of drone: 2
Max energy of drone: 50
1 2.36 74.60 19.37
2 0.77 18.60 4.47
3 14.12 53.41 3.21
1 19.84 35.82 14.77 307.08 3 5 3
2 71.99 11.63 38.38 450.56 2 4 2
3 26.07 57.69 39.67 90.90 1 18 2
4 33.94 95.66 4.08 248.69 19 47 3
5 44.65 6.37 5.14 148.22 21 32 3
6 15.48 32.38 22.12 393.66 18 20 1
7 18.74 72.98 19.37 430.94 4 34 1
8 55.38 22.08 32.31 174.44 20 21 3
9 80.63 38.81 11.47 254.33 18 28 1
10 86.35 25.90 13.27 218.15 2 46 1
11 86.60 87.16 20.23 98.40 21 44 3
12 91.46 93.74 16.52 410.40 18 28 2
13 44.71 87.79 12.86 469.08 0 17 1
14 12.42 84.29 2.42 86.92 10 47 3
15 93.60 78.88 41.15 318.81 2 41 3
16 12.38 95.75 1.62 168.31 10 21 2
17 97.66 94.84 6.28 361.84 18 36 3
18 97.38 35.24 30.39 209.79 15 20 1
19 76.71 6.88 37.63 194.01 15 18 2
20 75.25 9.79 6.45 274.31 24 43 1
21 88.37 62.05 39.29 328.64 0 9 1
22 51.54 50.89 7.19 362.38 8 29 1
23 87.37 22.26 41.96 329.10 12 32 3
24 71.84 49.10 26.82 316.38 21 22 3
25 5.95 31.81 15.29 127.55 16 32 1
26 63.32 11.37 23.34 207.10 10 36 1
27 24.83 61.99 1.10 234.57 19 29 2
28 70.22 44.69 22.95 458.73 15 30 1
29 59.32 32.91 21.70 441.63 0 2 1
30 14.05 59.93 33.34 120.16 20 25 1
31 64.50 56.24 2.09 125.76 6 11 3
32 79.95 25.44 46.02 310.83 14 18 3
33 76.83 54.36 25.23 215.85 2 8 1
34 5.54 30.12 40.53 299.34 4 38 3
35 40.19 56.20 3.96 97.32 16 17 2
36 23.92 41.95 2.15 76.41 3 11 1
37 26.16 59.97 5.44 401.87 19 25 3
38 15.73 12.74 30.66 456.23 17 39 1
39 46.53 36.90 22.91 227.11 5 15 3
40 51.91 62.07 23.94 356.68 5 13 3
41 79.76 55.48 26.74 401.11 1 21 1
42 83.13 60.77 28.35 190.42 6 39 2
43 0.22 52.79 21.33 277.26 8 35 2
44 41.47 42.13 28.66 280.76 21 28 1
45 6.25 72.62 42.09 328.37 0 40 1
46 93.35 61.54 30.70 245.23 1 26 3
47 27.00 97.72 1.04 305.57 17 29 1
48 1.55 41.49 49.25 297.19 18 41 1
49 10.59 7.78 40.29 219.39 0 11 1
50 69.85 50.14 10.68 347.90 10 13 3
51 61.50 49.28 19.35 403.90 19 22 2
52 91.21 56.73 44.31 358.56 23 23 1
53 93.16 71.30 34.10 447.34 2 31 2
54 2.88 49.27 8.27 276.24 17 26 2
55 95.02 23.65 30.51 172.02 20 28 1
56 13.40 42.73 44.84 213.27 5 41 1
57 89.89 86.93 43.11 336.59 23 29 3
58 23.21 43.86 42.07 452.74 0 46 3
59 15.25 9.09 30.21 449.43 22 30 1
60 69.90 58.03 32.38 242.54 13 23 2
61 52.60 96.31 6.56 122.64 13 34 3
62 36.60 44.41 44.09 455.17 2 41 2
63 80.78 65.72 42.63 127.96 13 23 1
64 56.64 66.00 39.50 419.85 0 29 3
65 26.36 37.00 1.23 455.16 3 7 2
66 8.13 52.87 14.14 237.44 22 28 3
67 39.42 60.19 4.09 339.16 15 33 1
68 55.66 47.27 14.56 54.59 17 18 1
69 89.64 65.44 15.58 144.81 4 22 2
70 60.54 96.17 40.65 167.85 5 8 1
71 26.99 7.27 47.78 450.29 0 2 2
72 84.56 48.95 11.24 347.54 24 39 1
73 46.58 30.62 0.64 424.06 15 40 1
74 68.87 28.94 15.25 295.93 7 34 1
75 75.61 52.56 3.02 284.81 15 46 1
76 96.52 94.70 36.69 305.87 23 46 1
77 76.68 86.78 8.82 400.59 21 45 2
78 32.33 74.96 22.16 56.47 3 38 3
79 56.87 12.64 13.13 123.23 23 34 1
80 76.79 46.52 29.66 369.23 5 30 3
81 69.36 8.21 23.40 166.02 0 22 3
82 85.12 94.65 18.98 258.74 7 16 3
83 10.38 82.72 27.24 357.11 5 31 1
84 97.53 24.06 19.74 377.60 10 26 2
85 14.57 49.13 28.44 51.30 4 30 3
86 24.78 49.38 11.43 210.66 19 30 1
87 13.04 37.13 32.47 337.56 22 25 2
88 78.94 57.45 1.51 428.93 9 25 3
89 71.58 29.90 16.24 184.38 14 14 3
90 17.90 26.02 41.82 168.19 9 16 2
91 16.09 11.96 48.09 440.61 16 41 1
92 79.47 55.26 20.86 55.52 24 24 3
93 80.07 15.26 49.59 99.28 14 34 3
94 49.18 73.92 30.14 431.78 20 21 3
95 8.81 82.27 49.05 378.33 9 16 3
96 6.94 78.37 12.58 95.35 1 17 3
97 37.76 32.36 34.76 287.53 17 42 3
98 92.87 87.72 48.85 184.31 23 48 3
99 67.45 55.12 4.51 289.51 17 42 1
100 64.06 9.46 42.19 107.01 1 2 1
101 86.08 64.38 17.08 423.69 13 38 3
102 67.72 17.93 31.62 280.23 2 20 3
103 84.36 84.19 44.23 479.02 4 31 3
104 5.20 99.06 37.33 112.23 6 32 3
105 75.27 57.45 13.21 399.22 21 43 3
106 3.26 47.77 18.06 393.04 11 21 1
107 94.38 20.56 9.87 255.54 23 30 3
108 75.00 58.91 3.82 129.31 11 32 3
109 29.84 12.68 29.95 78.86 16 47 1
110 64.70 98.18 23.31 160.40 0 27 3
111 26.95 88.49 22.15 118.09 24 45 1
112 40.33 53.38 26.50 437.08 9 22 1
113 28.01 17.55 8.20 339.64 16 16 1
114 0.44 20.46 27.45 432.34 6 6 2
115 55.25 25.98 26.29 70.01 4 8 3
116 72.10 80.34 19.35 484.04 7 37 2
117 71.51 74.35 29.94 486.42 24 29 2
118 30.81 55.65 49.27 439.31 23 25 3
119 12.91 41.62 35.36 434.46 14 47 1
120 39.73 12.35 1.91 398.63 11 18 1
121 86.14 37.83 20.63 147.69 0 13 3
122 5.14 89.01 35.32 267.67 2 26 3
123 51.32 64.74 45.12 93.04 21 47 2
124 68.24 54.94 14.83 109.72 18 48 1
125 78.77 12.72 21.55 471.90 13 30 3
126 69.02 37.60 6.02 294.69 17 36 3
127 25.22 80.37 43.71 140.45 16 22 3
128 84.86 45.47 47.07 141.67 10 43 1
129 14.39 34.07 47.90 488.46 23 31 1
130 2.09 9.55 9.89 96.51 5 12 3
131 12.21 84.91 46.19 290.20 9 11 2
132 12.68 64.15 9.75 392.29 23 27 1
133 76.89 5.00 16.14 141.64 16 16 3
134 67.35 81.69 49.32 380.36 11 34 1
135 65.46 59.98 34.34 418.05 24 40 3
136 81.62 98.33 44.75 483.92 4 22 1
137 81.56 16.26 6.24 153.94 22 43 2
138 48.96 16.63 35.14 322.00 21 41 3
139 86.02 47.04 21.71 195.34 9 30 2
140 70.26 23.52 25.87 386.84 2 28 2
141 17.53 96.10 7.15 179.47 13 28 1
142 96.38 91.97 8.00 149.20 20 48 3
143 34.75 78.91 17.24 376.37 19 44 1
144 83.85 4.70 6.82 364.74 3 25 2
145 36.26 81.33 5.32 276.06 9 30 3
146 33.68 33.01 4.75 138.11 3 33 2
147 43.33 30.26 13.47 247.84 10 22 2
148 48.56 4.13 14.70 184.90 4 26 2
149 31.39 33.61 35.08 296.95 11 20 2
150 91.91 42.23 41.48 360.39 23 25 2
151 1.82 85.28 47.64 369.29 18 20 3
152 85.61 67.49 20.97 339.84 20 45 1
153 40.74 51.19 26.20 231.72 10 25 2
154 62.89 70.51 21.03 374.59 19 39 3
155 73.57 26.62 42.72 358.76 5 47 3
156 68.72 37.25 18.06 477.15 16 47 2
157 28.46 83.37 48.47 90.29 10 36 1
158 7.34 85.22 18.77 176.82 17 19 2
159 54.54 77.17 34.88 188.08 0 19 3
160 46.65 82.79 23.17 114.26 21 24 1
161 1.19 0.43 31.13 321.98 18 38 3
162 63.68 36.72 7.60 409.61 14 14 2
163 95.58 37.92 12.17 87.40 12 12 2
164 11.44 48.58 40.11 342.16 8 27 3
165 24.06 83.43 2.45 247.90 17 44 1
166 87.73 92.64 42.74 355.89 23 44 2
167 32.26 21.09 5.28 265.26 18 42 1
168 7.82 55.45 27.27 412.32 17 20 3
169 99.04 3.99 28.81 253.15 20 30 2
170 71.22 11.31 30.90 483.54 14 26 1
171 35.75 13.83 28.99 87.64 16 30 3
172 39.47 38.07 31.34 105.55 3 39 2
173 10.80 84.24 47.46 185.38 4 20 1
174 47.25 72.82 20.05 352.19 3 32 2
175 67.79 99.57 10.51 209.42 9 11 1
176 35.57 39.64 20.49 63.66 18 30 3
177 73.32 46.64 19.82 364.52 5 7 1
178 84.26 18.09 9.29 170.05 9 30 3
179 50.58 18.46 22.80 385.93 8 35 3
180 2.55 72.02 48.23 158.44 11 32 1
181 38.69 55.22 33.26 373.96 21 40 1
182 3.85 59.18 31.14 392.72 15 22 2
183 59.83 28.97 49.50 409.58 16 31 3
184 24.38 92.44 12.88 329.66 6 15 3
185 51.75 96.81 20.46 444.83 23 48 3
186 55.36 93.76 3.27 264.47 5 7 2
187 12.78 15.58 24.54 247.44 18 33 1
188 98.97 31.44 5.52 335.60 20 29 1
189 77.95 81.12 40.44 379.95 3 11 2
190 54.28 30.89 48.37 353.21 23 27 3
191 27.96 9.20 47.81 63.88 7 30 2
192 98.16 98.31 18.50 338.65 18 33 1
193 55.21 93.73 29.85 143.73 3 7 1
194 96.31 10.85 6.05 357.11 18 32 3
195 57.40 43.76 29.16 134.62 17 27 3
196 44.91 29.32 33.36 284.86 14 41 1
197 91.03 94.58 18.65 323.39 23 46 2
198 56.81 51.44 44.54 343.05 4 28 1
199 25.55 48.49 25.25 217.49 10 24 3
200 56.41 84.21 24.52 357.42 8 30 3
1 144.66 2860.03 1
2 180.74 4945.98 2
3 104.61 3044.10 3
4 146.38 2524.41 3
5 135.10 4457.96 3
6 196.49 3955.53 3
7 178.28 4854.71 1
1 1.34 29.03 4
2 1.09 46.18 7
3 1.19 41.78 2
4 1.38 44.06 4
5 1.51 37.07 6
6 1.58 44.85 5
7 1.70 49.58 6
8 1.97 35.58 1
