Data for Vehicle routing problem with drones - Author: Huyen Do Thi Ngoc
Number of depots: 2
Number of cities: 100
Number of trucks: 2
Number of drones: 7
Area: 100 100 50
Customer maximum demand: 500
Max capacity of truck: 200
Max energy of truck: 5000
Max capacity of drone: 2
Max energy of drone: 50
1 32.47 51.47 21.01
2 66.00 34.73 45.00
1 12.53 45.43 6.49 215.94 4 11 2
2 53.74 47.81 6.30 104.74 6 47 2
3 19.53 46.59 32.37 233.79 3 21 2
4 17.73 73.67 30.31 172.57 15 27 1
5 21.13 98.34 28.67 100.36 6 7 1
6 69.72 20.64 27.09 464.22 3 46 2
7 28.83 42.51 27.57 170.27 6 30 1
8 49.24 76.19 16.35 276.68 8 36 1
9 26.79 78.52 40.71 181.89 7 47 2
10 18.31 98.73 24.86 305.62 23 32 1
11 72.19 49.51 8.36 251.49 3 48 1
12 10.22 16.58 15.68 333.57 8 36 1
13 52.00 87.54 34.03 322.97 22 23 2
14 75.83 83.19 42.51 157.80 14 40 2
15 22.59 30.36 13.38 67.10 16 26 2
16 58.28 95.59 4.15 108.32 23 36 2
17 79.75 36.53 40.73 118.38 10 11 1
18 5.64 34.78 17.20 374.20 7 31 2
19 94.67 5.11 19.59 275.39 21 27 1
20 93.09 79.10 23.28 387.22 1 21 1
21 86.59 71.62 25.36 278.15 19 40 1
22 52.27 99.11 5.51 316.19 1 13 1
23 70.58 19.83 5.63 172.70 10 12 1
24 6.62 33.32 0.85 472.16 6 40 1
25 71.02 3.18 7.25 333.52 20 40 2
26 91.48 29.78 11.21 341.80 14 32 2
27 81.88 43.09 13.25 475.66 10 23 2
28 98.52 66.44 48.61 54.39 8 16 1
29 6.87 40.44 38.15 491.01 22 27 1
30 8.80 25.62 35.21 260.04 8 41 2
31 26.13 9.11 42.05 155.90 0 38 2
32 90.43 83.38 11.29 52.53 15 38 2
33 86.96 84.28 6.76 332.31 14 27 1
34 43.50 71.50 18.56 258.12 9 17 1
35 99.60 91.13 7.01 107.37 0 29 2
36 34.02 30.97 38.98 119.65 17 31 2
37 12.53 65.12 13.52 326.78 13 18 1
38 9.52 87.52 21.43 80.41 7 36 1
39 64.72 2.72 47.41 290.33 16 19 2
40 13.19 64.61 10.21 471.70 11 22 2
41 77.70 75.48 48.51 389.27 22 37 2
42 87.91 59.95 13.43 415.02 20 23 2
43 2.85 99.68 1.16 158.16 9 23 1
44 42.33 7.62 30.09 350.93 14 47 2
45 55.49 28.30 27.43 138.33 0 23 1
46 30.13 67.18 37.46 324.08 2 24 2
47 8.83 54.02 22.00 175.21 6 40 1
48 25.61 45.39 14.04 492.47 23 33 1
49 25.48 55.35 49.69 192.43 18 37 1
50 22.01 65.88 39.40 284.29 2 5 1
51 37.17 2.16 24.68 460.50 20 34 1
52 52.16 60.66 20.74 189.48 6 40 1
53 67.91 99.85 7.02 367.07 24 27 1
54 42.82 5.84 17.53 444.61 18 47 1
55 53.17 15.00 24.75 107.59 8 27 2
56 94.30 39.16 32.25 100.83 9 17 2
57 95.23 28.66 23.18 451.74 11 28 1
58 16.89 96.54 33.53 324.11 15 37 2
59 50.87 1.84 16.45 431.70 20 47 1
60 28.65 92.93 34.22 303.56 23 30 1
61 44.88 78.64 14.86 275.24 0 40 2
62 36.72 39.81 37.05 374.38 10 14 1
63 10.96 35.02 13.71 390.03 3 17 1
64 1.30 69.90 27.58 163.21 20 39 1
65 16.79 26.85 48.31 481.90 5 44 1
66 12.87 43.25 18.16 138.24 4 41 1
67 99.38 3.98 8.73 359.47 5 39 1
68 4.62 29.81 19.10 424.51 4 25 2
69 45.80 86.97 9.58 254.67 15 27 2
70 29.06 41.44 38.86 375.50 12 43 1
71 41.77 77.84 39.91 388.60 23 33 1
72 4.91 56.72 42.44 149.40 16 28 1
73 91.19 16.81 44.20 243.31 24 25 2
74 51.09 33.85 8.27 100.43 6 25 2
75 38.94 58.38 37.79 449.86 11 31 1
76 15.92 22.21 32.86 318.42 16 46 2
77 51.59 79.43 49.60 99.91 9 28 2
78 26.23 30.10 26.29 160.35 2 30 1
79 33.91 19.85 2.11 446.23 12 18 1
80 60.31 99.45 1.93 405.38 11 11 2
81 16.97 41.29 21.92 302.90 9 48 2
82 32.42 69.22 27.30 310.02 6 26 1
83 93.11 44.47 39.98 292.84 13 24 1
84 63.76 96.20 35.13 88.62 19 36 2
85 81.85 94.82 22.10 332.61 13 21 1
86 51.94 30.93 7.62 151.38 22 43 1
87 13.25 10.53 39.61 330.70 10 37 2
88 29.40 77.79 5.45 201.05 24 31 2
89 3.62 53.20 16.00 256.78 17 25 2
90 63.60 86.73 41.16 131.20 13 24 2
91 21.93 51.18 45.17 378.23 7 13 1
92 12.63 20.22 11.09 304.77 6 24 1
93 48.93 61.23 19.16 420.22 2 32 2
94 97.71 90.34 17.95 227.46 8 16 2
95 26.39 47.76 34.41 386.70 2 20 2
96 89.24 24.65 18.59 90.46 9 12 2
97 39.84 38.67 1.03 245.69 22 26 2
98 13.63 9.76 16.42 256.60 12 14 1
99 81.43 46.77 31.90 311.04 0 37 1
100 62.84 59.23 46.85 108.98 16 37 1
1 128.82 4553.17 1
2 168.63 2908.93 2
1 1.34 40.31 1
2 1.59 25.29 1
3 1.91 33.76 1
4 1.96 38.75 2
5 1.45 38.81 1
6 1.65 40.49 2
7 1.32 49.94 1
