Data for Vehicle routing problem with drones - Author: Huyen Do Thi Ngoc
Number of depots: 1
Number of cities: 400
Number of trucks: 5
Number of drones: 9
Area: 100 100 50
Customer maximum demand: 500
Max capacity of truck: 200
Max energy of truck: 5000
Max capacity of drone: 2
Max energy of drone: 50
1 33.06 65.98 30.77
1 46.55 24.83 3.95 65.44 23 27 1
2 27.15 56.01 38.50 488.87 14 18 1
3 55.64 22.89 11.10 495.00 9 20 1
4 46.59 90.14 22.60 443.74 24 36 1
5 7.66 71.43 21.11 105.49 8 12 1
6 16.20 55.52 3.33 153.15 6 28 1
7 68.92 26.04 42.73 325.78 14 18 1
8 29.92 11.41 11.76 490.79 3 28 1
9 40.86 65.54 43.14 57.47 7 9 1
10 82.88 61.77 36.25 141.55 4 35 1
11 20.87 85.12 19.39 166.33 19 23 1
12 70.19 44.67 40.58 221.83 7 43 1
13 53.95 69.27 0.89 338.24 10 33 1
14 50.80 17.73 30.99 118.96 8 16 1
15 3.60 66.98 8.00 341.78 16 25 1
16 81.57 27.77 16.35 121.41 14 17 1
17 51.90 86.56 29.26 482.52 10 13 1
18 21.79 97.47 40.91 250.05 2 33 1
19 86.48 39.83 15.42 483.32 20 42 1
20 60.89 14.81 33.92 386.19 17 31 1
21 38.61 2.56 36.26 481.77 0 46 1
22 63.26 11.14 25.88 69.66 4 37 1
23 67.42 89.59 5.59 168.68 1 9 1
24 48.31 16.98 36.10 288.76 14 40 1
25 1.89 59.19 41.14 386.32 23 48 1
26 77.68 94.35 9.96 264.66 23 27 1
27 76.30 78.29 4.08 320.12 3 31 1
28 39.90 89.63 40.76 186.04 9 19 1
29 84.89 95.73 16.74 143.87 15 35 1
30 47.18 51.97 37.43 206.56 10 42 1
31 98.13 17.95 25.75 187.97 21 28 1
32 31.19 23.19 7.15 201.62 2 43 1
33 31.48 86.53 2.97 118.39 1 5 1
34 13.38 33.52 38.85 209.00 3 21 1
35 66.45 38.56 17.56 328.55 20 26 1
36 44.99 60.12 16.07 377.45 11 30 1
37 30.97 75.27 33.19 431.12 14 20 1
38 98.22 30.65 24.95 361.69 4 43 1
39 62.10 3.43 23.65 308.03 1 4 1
40 98.24 34.85 23.46 220.45 13 41 1
41 3.92 1.71 34.59 195.93 8 27 1
42 22.30 40.93 10.02 170.71 2 43 1
43 63.47 22.04 15.97 495.37 22 22 1
44 42.25 67.54 48.42 205.22 8 29 1
45 61.34 43.60 47.92 236.13 13 33 1
46 50.17 87.05 21.40 403.59 15 32 1
47 18.69 65.78 9.07 168.07 7 42 1
48 46.72 62.88 27.71 481.62 9 20 1
49 43.53 95.90 14.05 229.75 11 47 1
50 83.83 93.48 7.38 233.99 23 23 1
51 1.70 78.13 35.74 186.85 22 37 1
52 75.99 89.14 20.56 291.09 3 35 1
53 20.88 68.53 28.42 499.32 20 48 1
54 19.45 61.27 23.46 435.03 12 38 1
55 0.49 98.37 34.20 321.56 2 4 1
56 74.13 96.91 36.31 69.07 23 29 1
57 85.40 82.38 41.81 108.89 5 36 1
58 34.86 89.16 9.47 374.95 3 3 1
59 35.75 4.63 1.54 378.23 16 19 1
60 91.91 50.11 18.97 486.50 11 18 1
61 32.71 92.82 19.16 207.51 1 38 1
62 52.06 44.21 18.88 426.92 9 38 1
63 3.93 33.98 24.62 60.14 18 26 1
64 87.85 48.41 25.80 287.02 11 12 1
65 89.09 1.21 35.24 399.64 1 40 1
66 33.88 90.24 24.48 497.30 6 8 1
67 1.54 24.55 41.44 142.69 17 28 1
68 25.13 1.80 36.22 215.52 18 28 1
69 13.03 67.02 22.96 336.20 8 28 1
70 1.38 44.11 15.58 60.58 20 26 1
71 51.16 52.51 16.77 62.74 22 34 1
72 72.47 40.48 5.31 421.90 24 39 1
73 94.69 44.13 35.77 337.39 2 30 1
74 42.44 48.24 26.65 133.02 0 39 1
75 59.05 68.52 17.92 330.05 3 43 1
76 48.40 81.58 46.38 489.81 15 16 1
77 24.65 77.94 21.06 64.37 13 15 1
78 79.62 85.67 5.40 57.29 15 17 1
79 58.38 91.62 41.42 310.00 4 10 1
80 9.87 68.61 35.15 129.60 1 6 1
81 45.08 20.94 30.34 478.31 15 33 1
82 44.55 12.40 3.55 128.25 15 16 1
83 13.99 6.17 20.31 129.28 15 33 1
84 57.23 41.52 0.37 82.49 4 27 1
85 54.37 77.55 11.99 393.94 10 18 1
86 7.25 67.90 38.44 214.20 10 24 1
87 38.31 82.47 17.92 221.17 21 35 1
88 68.69 47.28 41.12 254.60 16 48 1
89 20.82 31.68 34.38 176.00 13 24 1
90 57.16 98.22 46.60 154.14 8 16 1
91 77.90 45.22 48.67 296.29 11 31 1
92 45.28 67.89 3.18 213.03 19 36 1
93 26.25 61.22 24.77 171.33 8 9 1
94 16.53 28.42 4.04 292.03 0 48 1
95 69.72 4.58 21.05 473.80 10 28 1
96 45.47 4.30 7.82 136.13 6 10 1
97 50.53 3.02 31.80 320.77 23 42 1
98 77.78 34.74 7.02 281.60 18 47 1
99 73.75 22.42 4.57 412.60 16 23 1
100 66.33 12.41 18.96 176.02 12 15 1
101 50.65 31.50 29.72 251.83 6 8 1
102 71.77 57.60 3.83 132.24 24 42 1
103 73.13 5.78 1.20 233.58 15 35 1
104 56.31 95.21 3.23 57.85 11 41 1
105 86.03 50.68 16.12 93.41 4 35 1
106 31.48 35.56 36.89 425.48 5 32 1
107 19.53 12.98 27.87 133.63 18 46 1
108 41.61 45.64 40.12 127.37 5 29 1
109 68.80 82.31 9.16 397.66 6 23 1
110 57.13 26.01 7.13 56.85 19 37 1
111 45.54 91.82 46.33 392.39 12 28 1
112 33.51 44.53 2.63 292.90 6 21 1
113 13.93 70.14 33.44 129.32 0 23 1
114 26.13 86.56 27.70 210.66 24 25 1
115 72.81 39.35 24.07 378.49 18 40 1
116 24.77 53.42 45.99 347.59 22 32 1
117 0.93 73.38 47.31 240.18 7 33 1
118 13.03 12.90 16.15 138.28 23 44 1
119 25.44 40.73 42.21 198.12 14 44 1
120 57.86 37.44 41.82 347.62 11 46 1
121 99.88 45.65 46.07 144.03 16 18 1
122 80.99 94.32 28.09 183.53 10 28 1
123 57.78 9.50 10.63 77.16 22 33 1
124 3.62 31.76 32.36 223.38 4 46 1
125 19.57 67.38 22.39 143.76 22 46 1
126 76.56 72.61 6.36 239.63 5 13 1
127 10.14 76.55 19.03 232.23 23 25 1
128 49.28 17.77 9.51 175.67 12 35 1
129 17.45 3.30 31.47 69.33 18 44 1
130 67.34 93.15 41.61 272.69 5 17 1
131 31.02 93.53 30.93 57.40 0 39 1
132 21.71 78.94 25.08 109.41 9 12 1
133 12.54 86.78 1.69 256.13 7 24 1
134 57.59 18.48 12.98 311.56 15 32 1
135 9.75 87.97 49.84 471.57 12 46 1
136 31.38 10.58 44.38 439.69 7 20 1
137 35.36 76.36 4.88 446.55 12 29 1
138 70.65 3.75 7.86 380.31 6 9 1
139 97.35 31.20 13.09 86.34 5 35 1
140 55.74 12.02 38.30 441.12 11 44 1
141 77.55 35.51 27.42 118.15 10 14 1
142 60.80 38.74 2.73 149.41 22 30 1
143 36.09 93.09 5.56 403.00 10 42 1
144 87.55 37.65 32.75 187.62 14 27 1
145 14.56 89.41 13.23 466.43 11 32 1
146 64.23 98.01 13.68 169.23 1 27 1
147 62.15 20.25 18.31 145.70 15 42 1
148 13.89 97.03 27.21 336.81 18 27 1
149 46.08 29.68 31.31 454.47 17 23 1
150 33.22 48.05 40.19 481.95 3 35 1
151 70.32 99.86 27.67 92.87 11 13 1
152 34.94 52.11 24.61 395.50 2 32 1
153 4.04 26.58 28.79 267.06 7 14 1
154 85.58 84.89 8.03 134.38 0 6 1
155 32.29 46.85 45.76 313.13 24 45 1
156 71.49 25.15 48.54 342.92 0 45 1
157 81.88 41.08 46.28 80.48 24 28 1
158 31.00 81.53 26.59 111.10 19 45 1
159 59.32 38.37 33.27 187.93 13 26 1
160 63.64 30.87 6.61 278.82 1 40 1
161 81.54 10.51 2.02 174.20 8 39 1
162 99.80 69.87 14.93 137.07 21 32 1
163 31.79 77.51 32.83 366.22 2 26 1
164 9.07 41.66 45.04 198.72 15 18 1
165 3.80 91.65 17.17 91.92 17 28 1
166 36.91 0.15 23.62 322.23 17 45 1
167 70.75 6.18 11.79 265.56 15 46 1
168 92.04 59.81 2.29 151.26 5 16 1
169 56.87 30.16 20.47 85.85 1 12 1
170 71.94 87.18 21.87 415.45 3 26 1
171 28.47 45.99 47.14 195.84 21 24 1
172 29.07 52.82 35.24 419.47 16 23 1
173 5.43 4.39 26.36 221.26 3 13 1
174 75.66 84.76 22.97 475.46 10 42 1
175 21.33 61.11 43.68 64.15 10 48 1
176 8.21 19.56 6.86 110.96 7 32 1
177 64.92 50.53 15.62 262.67 3 21 1
178 72.45 76.86 21.56 268.24 24 25 1
179 83.59 9.77 2.73 464.55 12 47 1
180 16.22 33.38 34.41 457.58 13 14 1
181 95.92 90.27 28.64 357.04 18 29 1
182 24.58 98.51 33.72 489.98 3 41 1
183 81.46 42.94 49.42 482.85 14 39 1
184 51.82 67.66 35.97 493.33 23 40 1
185 20.12 43.91 13.35 320.10 6 37 1
186 94.74 96.92 22.27 230.57 14 43 1
187 75.49 15.53 24.87 477.10 23 32 1
188 12.08 43.06 24.19 161.41 8 8 1
189 14.10 67.56 27.62 275.09 18 23 1
190 23.10 13.14 28.23 89.64 2 27 1
191 60.81 48.15 32.51 404.46 6 22 1
192 9.86 56.10 37.63 453.71 8 24 1
193 91.70 75.15 47.07 168.19 18 47 1
194 34.18 83.14 19.37 105.51 3 33 1
195 93.49 11.39 9.60 461.86 23 45 1
196 78.93 96.13 49.07 346.07 4 5 1
197 37.04 63.01 44.86 452.85 4 37 1
198 66.75 25.81 9.39 486.30 12 45 1
199 69.23 70.01 4.10 397.64 5 34 1
200 53.83 97.01 27.73 249.02 8 15 1
201 41.20 95.95 25.07 153.70 0 13 1
202 96.00 55.97 44.48 465.52 18 24 1
203 47.71 36.89 31.58 368.77 2 32 1
204 4.79 29.70 30.19 403.32 2 43 1
205 33.11 72.62 14.95 148.96 12 13 1
206 47.83 87.07 16.50 224.03 5 37 1
207 5.38 43.94 30.49 368.27 18 22 1
208 43.15 85.10 29.68 274.42 22 37 1
209 63.96 13.88 2.99 484.62 21 29 1
210 47.87 92.25 42.11 357.21 22 24 1
211 21.73 34.84 49.82 498.56 15 48 1
212 92.26 9.29 9.27 385.82 15 24 1
213 6.22 75.59 3.52 480.08 20 45 1
214 16.80 25.37 46.20 373.65 23 40 1
215 67.73 25.61 49.52 137.58 24 35 1
216 0.53 64.74 20.74 249.89 10 38 1
217 21.88 50.90 37.39 380.92 5 27 1
218 25.72 18.35 27.89 294.83 21 42 1
219 0.92 55.02 7.57 223.23 20 28 1
220 5.79 96.35 49.09 278.47 24 26 1
221 0.69 71.10 19.45 267.01 7 19 1
222 22.41 3.36 18.99 128.85 9 34 1
223 79.91 97.24 43.52 430.22 2 46 1
224 56.54 32.90 2.96 405.39 19 39 1
225 81.17 29.87 3.71 184.06 10 31 1
226 82.14 88.12 31.45 427.08 23 44 1
227 23.25 79.84 45.69 54.47 6 44 1
228 78.08 23.80 49.98 209.02 10 48 1
229 25.20 13.55 0.59 70.53 20 48 1
230 57.64 30.70 28.94 240.74 6 45 1
231 26.81 24.16 1.48 480.93 2 33 1
232 77.83 5.24 19.49 347.27 5 21 1
233 9.73 59.22 24.15 202.09 15 30 1
234 49.78 32.61 18.61 496.03 14 23 1
235 13.30 73.55 38.62 141.57 20 25 1
236 64.57 99.86 29.70 92.36 7 30 1
237 85.51 60.32 42.87 127.48 6 21 1
238 40.72 8.31 22.28 387.89 16 48 1
239 11.61 36.25 1.41 145.51 21 23 1
240 39.07 50.11 8.85 459.68 2 33 1
241 29.71 95.29 1.98 127.15 24 43 1
242 1.62 11.36 43.55 222.78 20 39 1
243 72.46 21.22 7.78 345.98 17 28 1
244 12.70 54.24 46.85 299.16 23 48 1
245 82.88 44.84 36.52 482.36 12 38 1
246 14.86 57.29 25.78 478.07 2 36 1
247 72.63 19.92 37.32 280.30 21 34 1
248 77.82 17.67 43.56 398.39 2 32 1
249 14.17 68.67 21.66 252.86 0 47 1
250 60.48 14.93 44.35 173.42 18 44 1
251 12.06 82.59 5.64 466.99 8 19 1
252 4.50 93.69 4.56 480.04 20 34 1
253 67.07 58.05 29.04 374.75 0 1 1
254 28.10 95.88 10.99 130.20 16 18 1
255 66.60 66.37 31.21 439.06 18 25 1
256 19.45 11.11 46.30 203.90 17 17 1
257 40.58 92.63 36.17 230.74 14 40 1
258 50.07 94.28 40.26 182.62 20 41 1
259 96.62 76.38 42.64 477.81 15 23 1
260 15.24 40.06 24.45 477.98 3 24 1
261 84.18 54.57 9.43 297.66 0 0 1
262 40.23 78.47 30.46 64.33 5 24 1
263 20.97 87.27 37.55 285.19 24 38 1
264 2.01 44.00 38.82 401.34 13 41 1
265 7.87 34.29 0.89 379.30 0 33 1
266 8.89 89.51 37.42 381.59 3 10 1
267 98.66 98.67 27.39 256.33 7 16 1
268 70.28 30.87 15.50 482.00 3 36 1
269 92.40 0.10 42.88 204.76 8 22 1
270 83.10 44.98 19.64 399.45 10 24 1
271 92.03 80.72 3.52 250.89 9 32 1
272 48.49 38.60 17.69 364.93 4 27 1
273 0.27 64.97 35.01 143.41 15 48 1
274 54.49 80.59 30.65 455.71 9 38 1
275 82.81 4.18 47.68 481.53 23 31 1
276 16.33 93.75 25.64 104.25 7 37 1
277 19.89 19.13 29.33 202.95 10 36 1
278 12.48 74.01 5.95 344.91 15 44 1
279 48.69 86.22 13.34 113.11 15 35 1
280 59.05 53.88 13.71 151.16 15 43 1
281 2.34 54.65 14.90 328.00 4 24 1
282 86.20 69.12 36.10 269.69 3 37 1
283 66.71 61.12 0.78 184.36 9 45 1
284 99.51 42.96 3.21 282.92 13 38 1
285 30.45 64.83 48.90 169.26 23 43 1
286 31.50 3.61 28.59 314.40 11 29 1
287 7.41 95.99 27.24 89.51 1 34 1
288 79.14 91.88 22.97 271.58 24 28 1
289 84.01 2.97 48.18 158.58 21 22 1
290 92.72 25.80 0.11 396.36 15 21 1
291 34.59 66.24 44.65 193.26 3 38 1
292 18.90 48.42 29.81 440.72 24 38 1
293 95.99 68.71 42.91 193.61 18 19 1
294 39.42 46.02 9.88 372.47 1 24 1
295 43.41 85.56 11.45 177.17 15 46 1
296 35.27 30.41 47.60 455.98 4 40 1
297 72.09 77.92 22.85 78.07 9 30 1
298 40.37 42.94 0.15 174.11 24 47 1
299 63.75 3.18 2.92 194.76 0 30 1
300 44.66 15.62 3.23 495.49 11 34 1
301 98.11 19.30 44.34 174.86 0 33 1
302 27.18 11.67 5.91 66.53 14 22 1
303 88.84 4.28 2.50 427.12 18 28 1
304 87.49 77.05 6.06 158.23 7 11 1
305 23.28 11.76 14.39 376.64 1 34 1
306 79.18 80.16 12.79 256.29 11 46 1
307 5.86 46.69 1.26 101.60 5 26 1
308 19.62 58.25 11.13 474.04 17 42 1
309 22.11 92.36 10.92 378.27 13 34 1
310 56.36 52.35 25.92 299.90 10 41 1
311 61.29 5.26 20.37 258.44 15 22 1
312 76.72 21.61 49.13 238.16 18 46 1
313 12.19 10.05 7.05 150.03 22 33 1
314 47.48 1.58 20.27 182.25 6 42 1
315 69.99 9.21 19.35 242.09 12 28 1
316 19.26 7.04 43.71 371.64 10 34 1
317 99.73 83.57 46.76 373.72 13 28 1
318 81.39 11.41 8.49 382.45 9 14 1
319 55.57 90.27 37.07 101.81 9 40 1
320 63.59 94.77 9.71 146.49 15 26 1
321 72.21 38.47 4.77 471.39 0 43 1
322 84.08 82.66 2.45 187.41 4 48 1
323 50.67 71.36 7.19 136.13 4 17 1
324 64.00 68.46 32.57 333.47 24 42 1
325 81.97 30.68 17.00 398.76 8 37 1
326 57.00 18.76 5.43 279.99 14 41 1
327 32.03 6.24 8.18 348.95 7 31 1
328 91.54 36.81 43.78 439.42 0 18 1
329 5.35 79.66 37.65 442.60 7 46 1
330 33.76 24.98 12.68 119.81 22 27 1
331 29.98 29.18 37.00 286.10 17 44 1
332 83.91 44.38 1.14 189.90 10 18 1
333 75.95 1.66 9.14 102.71 16 27 1
334 8.54 35.23 6.87 403.55 21 27 1
335 67.22 70.05 18.65 156.89 15 40 1
336 17.56 88.65 36.99 136.86 18 40 1
337 56.22 71.00 31.11 130.35 24 43 1
338 45.05 91.38 11.79 423.43 9 26 1
339 62.51 52.58 21.87 177.17 7 28 1
340 97.67 17.98 21.72 315.10 5 29 1
341 48.61 34.55 11.22 281.97 13 26 1
342 89.16 40.71 3.20 111.28 13 31 1
343 96.64 0.26 10.44 267.09 2 14 1
344 58.74 98.63 22.11 365.80 17 21 1
345 93.97 92.65 49.16 179.33 9 21 1
346 84.57 58.09 21.47 420.86 13 31 1
347 5.06 31.87 41.78 350.44 3 15 1
348 41.23 22.87 49.92 292.00 24 32 1
349 45.76 1.65 37.75 409.36 20 48 1
350 33.79 78.33 28.30 82.77 2 13 1
351 0.42 12.85 29.30 387.06 13 31 1
352 8.85 82.76 6.72 204.24 20 35 1
353 5.94 23.57 1.43 166.70 0 47 1
354 96.99 31.65 10.73 477.36 17 23 1
355 79.52 10.94 21.94 384.56 12 25 1
356 9.47 73.19 1.77 344.09 2 32 1
357 51.03 71.91 49.37 431.36 11 42 1
358 1.97 6.44 0.81 260.02 13 39 1
359 34.75 61.85 44.48 473.99 23 23 1
360 59.64 26.05 15.79 276.72 0 14 1
361 29.61 2.19 11.26 203.28 6 43 1
362 78.37 2.52 43.94 160.59 2 25 1
363 34.35 28.53 29.55 211.90 6 15 1
364 19.38 82.61 18.07 428.34 11 38 1
365 55.83 72.10 45.51 69.74 15 23 1
366 56.52 94.39 30.19 63.51 18 31 1
367 25.03 26.68 44.61 198.75 22 38 1
368 84.53 64.00 44.61 81.42 24 42 1
369 82.85 30.63 1.77 157.55 16 25 1
370 52.07 93.66 4.08 79.48 13 28 1
371 63.67 69.08 42.23 333.26 22 23 1
372 13.24 62.92 10.71 212.59 0 9 1
373 37.46 3.80 20.94 327.98 15 19 1
374 80.99 33.88 14.89 168.31 10 23 1
375 73.57 31.69 43.59 119.69 8 40 1
376 36.10 88.13 23.08 384.23 6 41 1
377 26.98 70.51 29.50 481.00 17 44 1
378 31.65 16.00 41.49 195.00 5 15 1
379 50.12 21.92 2.30 149.87 1 1 1
380 17.26 54.66 39.00 425.13 22 42 1
381 99.52 1.10 15.46 344.11 16 37 1
382 63.51 63.60 42.95 136.45 10 41 1
383 51.57 15.62 42.82 171.98 1 20 1
384 50.19 52.07 44.79 449.73 11 28 1
385 21.57 79.38 10.53 191.52 14 37 1
386 90.48 40.95 29.12 190.49 15 44 1
387 55.62 35.64 36.75 499.97 10 27 1
388 65.59 24.26 28.85 158.06 9 48 1
389 25.27 0.33 28.96 421.61 13 31 1
390 81.09 20.27 3.43 283.40 20 26 1
391 6.03 58.61 9.62 140.76 7 44 1
392 42.83 80.09 1.86 149.58 1 38 1
393 6.75 51.84 38.98 412.70 15 20 1
394 12.55 46.92 26.26 174.68 15 47 1
395 29.48 58.64 22.18 258.15 20 48 1
396 53.01 82.27 34.30 323.74 9 17 1
397 7.36 86.70 40.82 266.24 1 2 1
398 84.13 63.43 47.71 140.45 2 11 1
399 65.71 35.51 9.42 311.65 21 29 1
400 37.44 47.01 3.98 455.78 22 35 1
1 183.29 3971.96 1
2 156.84 2976.68 1
3 190.46 3327.44 1
4 106.47 4740.20 1
5 185.38 3982.35 1
1 1.81 42.91 1
2 1.51 39.54 1
3 1.23 41.57 1
4 1.80 30.82 3
5 1.36 30.84 2
6 1.58 44.85 5
7 1.87 48.27 2
8 1.70 30.29 3
9 1.41 34.53 4
