Data for Vehicle routing problem with drones - Author: Huyen Do Thi Ngoc
Number of depots: 1
Number of cities: 300
Number of trucks: 2
Number of drones: 9
Area: 100 100 50
Customer maximum demand: 500
Max capacity of truck: 200
Max energy of truck: 5000
Max capacity of drone: 2
Max energy of drone: 50
1 27.53 79.18 26.39
1 58.37 63.09 22.26 432.45 11 20 1
2 30.32 58.39 39.11 121.31 5 28 1
3 87.44 79.56 48.87 129.82 10 31 1
4 39.39 72.36 48.75 72.42 15 15 1
5 42.49 3.70 7.44 55.20 1 26 1
6 19.85 89.60 26.61 110.43 13 18 1
7 39.68 90.91 16.27 73.37 22 43 1
8 82.11 16.17 25.80 410.76 18 45 1
9 93.41 78.40 25.16 243.55 5 35 1
10 72.46 0.16 18.99 310.47 0 46 1
11 1.41 2.35 27.41 311.78 23 25 1
12 13.58 80.28 37.95 304.55 7 7 1
13 6.30 11.17 45.85 291.63 19 25 1
14 45.14 42.43 7.48 52.55 4 5 1
15 99.46 93.81 13.26 457.28 9 36 1
16 49.70 37.18 42.81 257.74 8 41 1
17 83.32 9.50 39.59 453.50 1 1 1
18 52.37 81.00 40.76 415.01 5 7 1
19 55.14 81.47 32.74 455.95 15 28 1
20 93.88 28.77 24.30 399.17 3 6 1
21 85.68 12.33 14.29 298.63 6 16 1
22 56.96 29.21 20.94 449.76 3 24 1
23 75.41 37.51 45.38 190.88 13 26 1
24 5.93 15.15 21.92 430.60 5 30 1
25 89.40 57.50 33.71 352.84 14 34 1
26 68.57 55.58 3.09 272.38 9 32 1
27 48.75 41.50 36.13 98.15 2 45 1
28 80.17 46.24 37.07 239.59 5 46 1
29 8.32 63.50 9.89 111.10 3 8 1
30 35.39 53.25 1.25 111.65 17 47 1
31 15.50 36.79 49.78 180.69 14 43 1
32 50.50 47.53 46.68 186.83 23 42 1
33 50.20 35.42 38.08 440.00 22 30 1
34 67.80 36.10 8.71 70.25 1 22 1
35 92.34 93.47 34.30 433.38 10 33 1
36 56.06 50.82 23.70 286.58 1 5 1
37 89.63 28.25 35.98 94.15 16 32 1
38 7.97 62.64 9.26 184.37 1 13 1
39 34.58 79.80 42.79 207.19 15 46 1
40 53.75 83.93 40.64 338.73 14 47 1
41 67.45 49.45 21.56 272.70 24 38 1
42 6.92 84.75 0.92 269.55 14 18 1
43 92.64 33.28 36.98 393.45 22 36 1
44 51.02 47.35 32.10 217.64 10 28 1
45 29.70 21.83 4.00 319.61 22 29 1
46 38.52 72.77 28.76 157.53 17 32 1
47 98.28 13.45 32.01 448.81 0 48 1
48 57.55 65.93 5.23 339.59 23 39 1
49 18.65 39.24 4.13 82.69 1 9 1
50 7.44 81.78 40.32 254.54 7 39 1
51 63.41 74.65 11.02 497.60 22 43 1
52 34.54 79.59 39.14 319.36 15 26 1
53 35.66 60.56 19.17 434.28 20 39 1
54 73.23 35.79 16.99 475.95 17 46 1
55 34.02 52.88 28.93 147.44 23 40 1
56 84.93 2.36 46.74 82.09 4 26 1
57 14.86 76.15 0.53 312.97 10 36 1
58 16.28 22.10 24.00 170.04 17 41 1
59 21.30 53.79 27.85 294.78 23 45 1
60 27.65 38.76 34.93 117.61 2 12 1
61 20.81 50.82 42.90 108.76 17 47 1
62 35.00 66.16 36.51 268.94 17 45 1
63 69.68 93.70 38.61 75.56 20 35 1
64 79.81 33.53 42.16 133.36 8 43 1
65 4.02 67.16 17.33 180.48 12 28 1
66 73.32 26.97 2.67 412.10 23 46 1
67 9.37 55.67 16.07 405.00 16 25 1
68 67.00 77.49 11.62 461.61 10 10 1
69 13.62 74.75 7.02 184.51 7 21 1
70 24.82 8.37 13.45 339.74 4 25 1
71 39.24 13.89 30.80 358.46 16 17 1
72 72.95 86.80 21.55 340.56 6 31 1
73 84.48 93.60 32.39 305.03 23 38 1
74 35.22 37.86 34.49 146.58 1 38 1
75 75.24 31.80 46.97 356.99 17 41 1
76 18.92 67.63 9.58 158.48 15 35 1
77 38.50 31.03 24.11 59.66 10 29 1
78 66.08 55.14 10.65 325.73 7 13 1
79 84.66 57.01 25.18 286.98 8 13 1
80 32.62 24.86 38.18 455.66 20 25 1
81 54.34 17.65 37.72 237.12 7 37 1
82 10.99 59.06 46.17 188.90 2 7 1
83 11.89 65.44 1.54 102.48 14 24 1
84 25.09 62.75 26.62 277.11 13 27 1
85 42.53 22.90 15.44 460.43 16 29 1
86 93.18 84.38 23.62 174.96 8 44 1
87 84.29 31.05 28.27 298.12 9 26 1
88 62.58 93.52 19.89 248.76 22 33 1
89 57.15 56.80 11.86 87.51 18 31 1
90 29.07 84.90 13.36 422.19 5 10 1
91 94.22 87.22 46.31 135.44 2 36 1
92 89.20 42.00 23.60 373.92 14 26 1
93 61.02 47.66 31.34 350.92 23 30 1
94 78.70 27.07 18.62 158.30 21 24 1
95 52.14 92.42 38.13 304.56 4 33 1
96 16.26 24.85 1.10 141.75 3 32 1
97 39.25 75.88 37.63 436.30 10 47 1
98 77.88 26.14 29.64 247.25 15 38 1
99 60.48 89.53 20.66 427.88 1 33 1
100 38.46 74.14 34.79 325.32 12 24 1
101 90.23 62.65 18.33 470.24 8 27 1
102 54.77 36.32 22.06 138.95 2 36 1
103 94.54 11.39 48.42 453.58 17 28 1
104 28.79 91.11 0.59 302.27 20 36 1
105 91.94 59.19 26.68 455.96 24 31 1
106 57.10 94.39 6.32 427.51 16 37 1
107 49.76 10.43 27.69 214.05 22 31 1
108 76.61 33.21 11.57 462.48 12 38 1
109 77.47 29.35 48.13 172.85 21 28 1
110 43.97 41.35 6.48 110.09 8 36 1
111 80.61 47.32 40.53 261.99 22 47 1
112 71.51 10.54 23.79 488.37 0 1 1
113 8.96 0.57 27.03 278.61 21 33 1
114 78.00 84.98 11.52 433.68 15 30 1
115 23.15 7.65 34.93 207.56 8 39 1
116 4.38 21.19 7.86 350.05 20 26 1
117 14.63 32.33 39.04 221.89 13 45 1
118 33.91 2.87 36.07 153.81 4 7 1
119 30.83 74.02 11.54 117.36 13 22 1
120 93.48 14.59 35.35 174.86 20 27 1
121 2.91 58.97 3.58 374.34 4 44 1
122 57.76 8.88 44.78 107.67 21 30 1
123 15.86 43.71 1.07 260.81 6 27 1
124 38.58 74.16 37.46 74.41 24 36 1
125 44.99 50.65 3.82 463.00 17 48 1
126 82.26 34.01 33.62 278.97 8 37 1
127 22.89 0.26 48.74 218.33 7 21 1
128 20.94 7.39 24.20 225.07 16 22 1
129 32.35 33.11 18.78 111.32 21 21 1
130 9.51 96.00 46.87 493.10 21 48 1
131 68.81 66.26 29.57 403.75 14 21 1
132 36.11 58.91 15.85 426.50 16 27 1
133 75.28 25.99 3.85 441.20 4 46 1
134 39.98 80.43 47.80 485.75 16 23 1
135 72.52 42.55 2.49 456.12 1 31 1
136 41.58 27.46 37.75 286.69 22 42 1
137 98.64 3.47 38.47 134.36 11 15 1
138 97.87 44.93 3.59 121.94 19 20 1
139 56.96 64.33 4.19 359.09 17 27 1
140 76.06 13.99 13.36 58.07 2 8 1
141 78.94 71.19 25.12 161.83 3 30 1
142 43.53 60.10 34.42 155.69 20 20 1
143 96.55 27.03 13.13 200.62 3 39 1
144 16.84 79.94 36.89 457.05 6 47 1
145 83.25 93.05 46.64 440.33 7 8 1
146 12.90 23.35 20.97 183.59 23 40 1
147 58.88 77.80 16.97 318.93 1 13 1
148 54.91 13.60 43.31 419.47 10 20 1
149 68.57 77.68 22.99 280.32 15 39 1
150 66.18 97.16 8.30 123.20 21 21 1
151 75.01 47.04 6.45 227.02 17 22 1
152 31.71 46.61 39.18 170.89 5 30 1
153 8.58 93.57 6.40 479.44 5 11 1
154 26.93 12.52 28.81 349.45 14 37 1
155 20.10 35.52 11.04 402.94 13 32 1
156 88.85 26.37 19.45 295.42 17 37 1
157 41.97 6.07 46.34 195.90 9 45 1
158 81.48 40.83 27.82 417.77 21 28 1
159 84.51 25.79 10.17 273.08 22 43 1
160 14.81 2.97 9.59 70.33 13 30 1
161 62.18 81.51 39.06 208.24 11 13 1
162 72.30 1.87 8.26 276.59 2 31 1
163 27.42 1.97 4.76 252.69 20 27 1
164 77.87 96.84 20.46 362.68 13 35 1
165 21.97 32.07 12.25 441.88 14 29 1
166 48.72 77.28 14.79 434.75 17 29 1
167 5.19 95.03 12.54 418.23 3 15 1
168 74.37 18.31 24.18 231.83 0 28 1
169 69.46 95.87 48.78 190.88 19 26 1
170 91.11 77.70 28.80 390.63 24 34 1
171 50.82 76.46 16.32 416.15 3 25 1
172 80.00 44.54 33.05 317.05 15 45 1
173 24.51 28.20 33.70 372.06 24 37 1
174 27.38 79.96 14.81 214.07 14 44 1
175 12.88 51.66 41.22 160.28 11 32 1
176 93.62 58.42 31.11 60.83 24 27 1
177 21.75 3.90 26.88 226.62 22 35 1
178 61.99 70.62 2.04 107.73 20 40 1
179 75.76 61.65 45.01 329.87 22 25 1
180 3.39 90.40 15.79 334.48 7 18 1
181 30.20 45.02 29.17 138.00 14 21 1
182 72.84 87.55 46.29 50.57 10 26 1
183 26.23 43.06 0.22 388.48 20 37 1
184 29.83 15.60 4.70 126.36 5 14 1
185 88.10 78.35 21.27 479.09 8 22 1
186 25.08 21.64 4.27 473.09 3 45 1
187 90.97 29.78 37.72 407.77 4 5 1
188 86.47 91.33 26.32 150.20 8 27 1
189 91.95 84.08 5.46 317.87 16 47 1
190 28.88 92.02 12.43 410.67 19 43 1
191 32.88 39.13 7.11 354.94 21 29 1
192 60.64 79.87 4.09 207.83 16 18 1
193 13.75 38.11 22.40 107.70 23 39 1
194 26.13 21.95 23.66 438.58 20 20 1
195 60.79 31.65 11.36 141.15 23 24 1
196 16.78 95.42 6.40 132.84 8 11 1
197 76.17 6.66 6.97 407.00 13 32 1
198 18.02 1.90 25.97 488.54 21 23 1
199 41.52 20.14 34.22 70.58 16 48 1
200 65.30 24.41 14.16 55.13 24 35 1
201 45.73 39.08 39.06 117.73 9 45 1
202 72.20 69.21 48.61 395.59 16 24 1
203 6.46 2.43 46.77 394.54 16 32 1
204 18.30 90.21 0.52 275.08 12 19 1
205 41.12 16.31 19.39 414.48 18 22 1
206 37.86 71.09 40.63 448.04 2 18 1
207 30.72 43.80 46.48 286.34 19 30 1
208 7.97 71.20 43.27 77.51 24 45 1
209 63.51 90.35 16.74 61.47 13 33 1
210 99.66 75.96 34.97 355.56 1 47 1
211 28.62 16.50 17.39 127.83 7 19 1
212 82.39 30.84 12.54 433.61 24 33 1
213 70.09 71.22 5.94 278.05 9 11 1
214 48.17 37.43 19.65 138.26 0 21 1
215 89.74 98.96 4.17 437.91 13 28 1
216 45.99 75.54 12.75 218.20 20 48 1
217 4.99 4.57 5.70 345.98 5 32 1
218 59.24 33.47 46.66 336.86 9 13 1
219 68.84 75.08 3.07 424.87 1 11 1
220 81.14 9.52 31.18 347.68 12 19 1
221 25.89 76.26 0.28 292.06 2 16 1
222 58.22 74.71 45.20 139.92 15 41 1
223 96.46 29.64 16.76 150.58 6 26 1
224 54.97 46.20 41.72 282.12 6 8 1
225 72.74 5.40 46.22 289.14 10 37 1
226 21.87 34.84 17.10 469.05 13 38 1
227 95.58 47.86 34.26 362.93 21 30 1
228 13.15 45.93 14.51 451.44 17 26 1
229 89.73 86.54 46.48 180.40 1 31 1
230 81.62 58.20 49.39 499.03 21 33 1
231 98.79 19.84 36.55 72.07 19 24 1
232 64.34 57.21 5.88 189.14 18 32 1
233 47.64 45.66 31.27 232.85 14 42 1
234 38.06 27.52 14.64 359.20 16 26 1
235 12.71 38.81 3.83 70.14 12 22 1
236 70.82 3.47 15.97 338.74 13 46 1
237 98.81 33.47 38.93 148.90 24 28 1
238 97.84 5.19 49.33 426.67 19 26 1
239 61.45 64.59 36.13 234.96 2 2 1
240 20.07 49.23 14.12 191.47 10 29 1
241 0.68 82.86 12.54 238.28 11 26 1
242 98.04 29.53 20.54 244.57 9 31 1
243 92.77 24.70 45.81 319.18 5 7 1
244 29.73 97.20 44.68 182.99 2 46 1
245 74.17 3.37 49.26 177.69 8 28 1
246 57.81 18.30 34.20 159.64 16 22 1
247 85.17 50.08 23.92 384.75 21 29 1
248 58.23 29.74 47.26 379.03 24 39 1
249 87.23 19.83 29.19 376.08 10 27 1
250 55.06 40.14 26.54 89.19 18 37 1
251 19.54 53.33 21.71 273.78 20 32 1
252 89.12 90.90 38.74 153.88 0 21 1
253 74.69 31.83 42.76 491.78 24 35 1
254 83.33 9.93 42.58 301.79 22 26 1
255 87.12 77.72 16.36 248.64 8 10 1
256 18.16 94.55 23.11 319.60 5 35 1
257 35.96 89.39 34.14 337.22 3 8 1
258 90.99 94.98 26.97 152.05 3 26 1
259 80.53 82.20 17.12 288.75 4 31 1
260 27.04 8.73 31.18 449.95 10 43 1
261 56.59 79.01 2.54 238.96 4 9 1
262 2.01 17.70 0.32 202.46 17 32 1
263 30.23 99.89 34.72 322.43 0 15 1
264 86.61 2.96 47.39 255.48 13 18 1
265 89.16 46.00 26.53 52.02 17 43 1
266 90.93 64.59 7.00 406.35 15 44 1
267 9.95 44.55 36.33 382.27 8 31 1
268 90.29 9.10 32.19 313.36 10 13 1
269 22.36 57.28 6.57 261.89 8 34 1
270 45.71 58.67 21.34 304.66 4 31 1
271 21.57 7.13 3.73 345.49 13 19 1
272 80.67 68.32 37.34 120.90 19 24 1
273 49.43 20.03 42.26 479.81 17 19 1
274 15.09 12.95 19.30 388.84 2 48 1
275 48.34 0.06 13.10 158.48 4 39 1
276 72.01 93.97 49.24 240.68 11 17 1
277 31.02 80.83 11.37 257.00 11 47 1
278 32.17 83.63 17.51 56.57 23 36 1
279 64.12 58.50 37.91 378.69 3 3 1
280 26.10 49.53 15.41 397.02 22 41 1
281 61.88 28.65 37.73 95.18 22 34 1
282 24.10 38.06 48.80 477.91 20 22 1
283 69.54 52.31 31.79 395.56 16 47 1
284 71.21 21.17 33.29 429.43 15 25 1
285 24.56 86.54 47.51 486.15 9 13 1
286 54.93 6.89 19.01 100.82 20 23 1
287 50.65 78.27 40.47 409.53 21 43 1
288 77.77 3.04 44.25 78.63 21 38 1
289 49.58 43.58 1.95 422.54 0 19 1
290 92.06 11.68 49.50 65.67 14 17 1
291 26.23 79.26 45.25 426.18 21 37 1
292 18.21 71.18 18.85 61.48 17 35 1
293 87.39 78.97 5.46 174.27 12 25 1
294 7.53 55.31 4.96 218.77 8 24 1
295 57.66 8.68 49.60 336.81 16 25 1
296 84.14 56.75 28.49 251.20 6 39 1
297 13.38 36.36 8.08 369.00 24 36 1
298 0.28 47.73 25.00 411.66 18 27 1
299 62.42 22.32 48.66 469.95 20 36 1
300 36.98 9.86 24.63 159.87 17 46 1
1 119.94 4622.14 1
2 103.93 2833.71 1
1 1.75 42.79 2
2 1.96 38.28 2
3 1.14 41.24 2
4 1.85 47.24 1
5 1.44 36.19 1
6 1.79 36.11 2
7 1.91 30.52 1
8 1.36 48.64 1
9 1.03 27.39 2
