Data for Vehicle routing problem with drones - Author: Huyen Do Thi Ngoc
Number of depots: 1
Number of cities: 300
Number of trucks: 5
Number of drones: 11
Area: 100 100 50
Customer maximum demand: 500
Max capacity of truck: 200
Max energy of truck: 5000
Max capacity of drone: 2
Max energy of drone: 50
1 73.39 61.26 25.30
1 25.63 66.85 48.96 292.71 21 36 1
2 77.96 18.86 31.20 341.61 22 25 1
3 55.04 63.57 39.07 447.58 1 23 1
4 86.38 84.48 11.54 218.70 6 14 1
5 9.19 47.56 41.90 91.08 11 48 1
6 98.97 63.75 11.47 354.27 12 13 1
7 22.97 87.26 20.23 449.71 1 47 1
8 10.33 82.35 5.47 373.86 13 33 1
9 95.88 46.96 4.98 476.58 0 40 1
10 47.00 41.06 28.34 340.25 24 39 1
11 92.85 83.26 34.69 448.86 13 30 1
12 71.88 83.94 4.70 318.42 24 27 1
13 27.89 30.46 42.04 214.68 16 35 1
14 83.99 16.06 34.21 250.75 20 23 1
15 0.34 0.61 11.31 330.64 2 38 1
16 68.37 46.27 32.20 325.30 19 25 1
17 48.82 0.54 31.70 382.46 21 35 1
18 77.80 17.95 30.68 402.85 14 41 1
19 15.85 86.87 10.09 383.97 5 30 1
20 49.58 86.77 49.41 338.58 22 22 1
21 78.22 5.27 44.47 466.66 0 25 1
22 87.33 8.67 7.73 268.26 23 31 1
23 23.93 45.80 25.52 66.61 2 3 1
24 9.25 11.77 18.63 168.51 20 21 1
25 52.84 33.95 18.23 187.52 13 43 1
26 29.26 83.18 31.13 443.67 10 14 1
27 85.33 98.10 27.75 154.42 19 37 1
28 7.67 63.13 5.12 485.01 13 40 1
29 12.47 51.95 9.39 257.47 1 20 1
30 55.64 93.89 9.43 454.64 9 18 1
31 26.57 99.60 44.99 311.06 8 27 1
32 26.07 88.42 28.80 111.31 5 22 1
33 8.58 51.97 1.28 111.01 19 23 1
34 84.54 7.05 7.21 472.61 23 33 1
35 81.33 72.39 9.81 277.59 9 40 1
36 88.62 87.40 20.87 213.18 2 43 1
37 79.91 29.69 47.48 478.65 19 36 1
38 37.15 85.08 40.02 341.76 19 27 1
39 73.75 14.84 40.33 411.76 16 42 1
40 11.57 29.87 12.29 340.12 22 46 1
41 30.76 26.69 7.65 297.63 0 22 1
42 45.99 82.90 8.61 81.42 5 27 1
43 88.76 66.70 4.52 209.05 10 48 1
44 76.15 96.02 12.03 169.06 6 20 1
45 79.12 95.90 37.90 111.73 4 40 1
46 27.76 76.90 37.68 262.33 21 41 1
47 18.94 48.34 27.45 434.70 11 34 1
48 52.54 76.61 10.98 118.66 18 42 1
49 16.32 86.30 0.22 93.00 23 40 1
50 15.25 50.00 49.06 358.70 21 43 1
51 81.06 85.44 17.95 173.47 11 41 1
52 13.56 2.31 44.68 420.35 1 41 1
53 74.97 25.12 5.92 295.36 5 44 1
54 62.04 16.65 3.97 346.46 14 25 1
55 7.63 56.72 11.12 104.65 11 12 1
56 13.34 63.67 3.13 177.80 20 29 1
57 44.98 31.19 24.94 226.34 12 16 1
58 0.39 96.77 31.57 395.01 8 18 1
59 64.83 19.74 43.92 101.92 11 30 1
60 51.04 66.40 7.93 346.14 5 37 1
61 86.06 12.69 12.67 353.33 14 15 1
62 87.31 4.49 13.30 159.99 2 21 1
63 90.09 88.69 32.97 252.39 15 15 1
64 43.24 53.32 36.90 274.28 12 28 1
65 54.03 45.38 23.11 411.30 2 9 1
66 41.22 37.40 41.34 415.34 20 37 1
67 9.26 46.43 15.18 339.39 13 24 1
68 97.80 89.95 32.09 174.29 10 46 1
69 5.86 94.87 15.59 238.57 23 27 1
70 80.68 64.20 5.08 427.99 8 15 1
71 85.03 46.25 37.93 246.99 24 41 1
72 79.53 42.66 17.03 410.60 9 26 1
73 33.21 73.15 26.65 291.53 16 17 1
74 98.72 94.16 46.25 225.34 0 11 1
75 25.50 25.44 10.04 310.44 5 13 1
76 57.36 86.45 12.59 306.51 16 33 1
77 55.55 96.10 6.21 390.89 14 19 1
78 65.24 85.29 5.80 321.06 7 41 1
79 44.52 3.26 16.58 387.42 13 19 1
80 57.65 0.45 15.98 412.93 0 11 1
81 60.17 60.71 26.12 453.72 17 25 1
82 86.62 92.07 31.06 143.75 16 48 1
83 64.98 49.95 1.05 283.39 0 13 1
84 20.43 66.09 45.35 387.29 7 47 1
85 56.59 50.51 15.51 374.93 10 12 1
86 85.57 10.73 41.71 110.39 24 25 1
87 84.99 76.80 24.71 272.27 3 38 1
88 6.37 93.54 18.26 400.12 1 28 1
89 18.05 38.97 21.56 325.30 13 23 1
90 53.02 62.71 11.45 140.67 16 34 1
91 92.26 0.26 18.55 393.35 15 42 1
92 96.24 97.42 21.37 203.20 3 34 1
93 0.65 57.45 21.51 142.46 6 13 1
94 16.61 89.05 36.42 333.34 15 21 1
95 30.34 76.29 31.28 75.33 18 41 1
96 43.05 96.26 27.45 273.88 4 31 1
97 31.95 96.70 30.72 184.26 4 35 1
98 86.63 76.92 45.04 449.24 18 18 1
99 13.03 37.85 27.20 437.89 7 20 1
100 46.27 66.05 28.14 278.64 8 44 1
101 70.76 36.46 41.99 432.00 10 16 1
102 14.17 92.46 43.44 209.78 6 39 1
103 41.21 81.19 5.06 132.67 3 32 1
104 73.65 32.69 36.01 78.61 0 20 1
105 46.30 3.20 48.03 261.00 17 20 1
106 32.45 53.37 0.53 391.03 19 44 1
107 12.01 67.01 20.65 52.98 18 47 1
108 19.80 21.11 12.49 297.41 21 40 1
109 77.23 76.07 17.47 403.97 13 36 1
110 40.37 40.24 33.91 69.56 5 13 1
111 23.00 48.53 34.95 273.38 21 33 1
112 58.86 58.20 10.73 301.05 11 48 1
113 86.35 11.27 39.69 291.42 12 24 1
114 84.20 9.84 26.95 367.06 7 30 1
115 9.78 35.79 37.79 71.95 12 27 1
116 17.76 61.16 31.46 286.86 13 13 1
117 93.41 52.41 27.50 461.45 20 22 1
118 0.34 6.14 45.54 140.54 7 27 1
119 27.08 98.08 7.22 253.48 10 16 1
120 53.44 4.36 36.37 282.27 10 23 1
121 39.18 95.35 23.99 249.94 8 21 1
122 78.62 36.17 13.96 114.78 24 36 1
123 70.58 80.60 29.19 344.02 1 28 1
124 78.74 20.89 46.94 347.99 16 16 1
125 11.52 42.66 47.23 358.03 16 38 1
126 98.68 83.20 8.78 435.48 17 27 1
127 85.49 2.56 4.01 129.32 21 30 1
128 79.04 21.39 34.18 270.77 5 45 1
129 4.50 66.83 11.94 463.41 10 38 1
130 12.02 18.04 40.82 465.53 13 33 1
131 42.29 41.57 28.11 398.48 21 46 1
132 55.59 78.09 24.79 189.24 5 17 1
133 63.06 63.57 38.22 172.95 9 40 1
134 68.18 68.12 1.55 361.32 23 34 1
135 85.76 59.69 0.32 137.53 3 6 1
136 10.62 86.24 39.31 279.07 15 25 1
137 74.22 91.60 27.90 393.05 1 24 1
138 3.89 55.45 39.64 106.36 12 34 1
139 68.64 82.84 37.95 418.49 7 24 1
140 99.24 96.30 33.75 65.84 12 15 1
141 48.19 97.73 19.18 498.95 14 31 1
142 24.02 91.52 49.20 126.04 18 35 1
143 4.73 58.56 19.47 319.76 1 14 1
144 24.51 47.16 25.89 326.26 18 38 1
145 76.11 87.26 9.87 56.31 3 44 1
146 85.77 10.10 33.08 374.87 3 30 1
147 39.59 35.32 45.72 204.88 5 19 1
148 31.74 24.20 4.25 372.21 2 47 1
149 30.67 18.34 37.47 304.97 23 48 1
150 31.64 63.46 0.04 235.29 2 14 1
151 51.60 55.39 38.14 485.76 13 26 1
152 18.47 75.59 11.09 308.08 7 10 1
153 76.04 19.05 24.20 478.31 13 20 1
154 58.18 6.59 23.54 481.27 20 24 1
155 96.20 24.31 40.68 114.48 19 32 1
156 97.57 45.17 8.86 159.14 6 47 1
157 51.64 29.61 29.07 247.14 23 33 1
158 63.84 25.11 49.92 488.34 15 15 1
159 15.07 96.59 42.91 191.16 7 13 1
160 43.87 0.54 9.94 443.76 9 33 1
161 45.11 23.18 34.82 384.29 2 34 1
162 75.47 21.95 11.30 392.33 23 30 1
163 3.62 82.92 3.78 159.20 20 39 1
164 94.69 86.80 31.57 116.59 2 10 1
165 66.82 13.02 21.52 180.11 2 32 1
166 58.08 67.16 48.25 189.91 11 30 1
167 94.14 34.60 43.26 422.11 20 39 1
168 34.84 57.69 41.37 262.53 11 12 1
169 81.42 39.04 8.11 131.05 7 46 1
170 88.79 92.39 4.82 375.29 19 31 1
171 99.20 4.67 49.96 279.78 5 9 1
172 37.55 43.82 21.39 323.13 14 31 1
173 17.24 41.11 8.94 122.76 11 47 1
174 67.57 89.98 13.41 348.83 17 27 1
175 88.42 24.59 32.79 246.95 1 41 1
176 40.39 8.85 27.93 160.70 16 42 1
177 49.29 75.71 35.51 371.17 3 3 1
178 42.04 0.18 32.29 151.95 2 20 1
179 87.60 61.23 37.69 342.16 8 25 1
180 92.43 16.61 30.24 488.42 0 42 1
181 7.20 28.97 7.95 447.06 11 17 1
182 57.36 54.08 48.99 474.52 19 46 1
183 17.74 62.64 36.92 267.91 19 24 1
184 46.93 62.91 33.60 493.11 23 24 1
185 49.04 87.18 23.85 343.94 1 26 1
186 16.71 91.71 13.00 335.44 6 47 1
187 97.25 21.40 22.93 231.25 20 21 1
188 78.52 37.48 0.74 276.01 17 45 1
189 34.57 89.03 4.41 411.15 10 13 1
190 5.02 65.24 49.17 375.85 3 26 1
191 31.49 20.03 0.50 298.61 0 23 1
192 83.76 42.67 9.10 386.31 5 46 1
193 60.65 27.63 28.72 273.97 1 29 1
194 88.47 14.81 29.88 277.41 6 46 1
195 87.30 77.19 15.98 89.86 24 46 1
196 43.25 69.81 44.21 108.18 10 24 1
197 56.41 21.96 19.92 191.66 19 36 1
198 36.21 27.93 17.01 161.73 16 23 1
199 9.74 3.77 29.68 223.38 16 16 1
200 39.11 6.84 34.85 244.23 9 36 1
201 9.92 49.15 12.89 254.31 7 44 1
202 55.37 33.81 40.28 258.79 7 32 1
203 86.96 97.30 13.45 394.87 6 44 1
204 39.49 25.33 30.78 417.07 23 41 1
205 24.45 0.62 27.82 341.01 24 37 1
206 17.63 55.46 48.89 63.88 6 31 1
207 97.43 93.51 49.66 481.11 12 25 1
208 71.70 19.69 6.94 356.08 6 22 1
209 47.68 57.24 26.57 83.32 16 42 1
210 76.50 35.26 21.88 258.73 4 26 1
211 97.59 20.67 35.16 384.29 13 33 1
212 69.85 83.12 36.24 234.26 23 32 1
213 42.11 35.58 15.50 205.50 2 24 1
214 69.13 58.37 40.39 81.45 4 41 1
215 24.52 86.86 30.90 350.25 24 26 1
216 15.88 53.23 7.68 296.71 4 34 1
217 39.70 32.01 24.34 217.09 17 31 1
218 63.97 77.66 44.74 430.70 11 46 1
219 79.64 36.55 16.80 210.54 11 32 1
220 59.99 73.02 26.33 234.68 18 30 1
221 25.86 93.89 38.49 426.24 8 12 1
222 0.52 25.73 4.64 64.43 14 28 1
223 3.95 7.35 36.90 122.97 20 33 1
224 35.27 51.17 31.85 241.21 0 28 1
225 45.94 72.70 15.99 297.35 23 37 1
226 61.85 4.41 2.26 348.90 16 38 1
227 5.95 8.23 32.39 451.81 2 39 1
228 81.50 79.47 24.15 253.95 12 48 1
229 84.30 71.69 18.62 379.07 24 48 1
230 44.03 62.68 2.98 105.86 12 44 1
231 37.08 14.94 46.15 368.41 2 41 1
232 76.74 48.83 42.46 226.33 24 37 1
233 84.40 80.54 6.09 65.55 4 5 1
234 46.99 50.92 9.48 193.22 1 29 1
235 97.89 60.48 13.29 490.46 14 43 1
236 67.09 34.66 16.58 95.03 8 26 1
237 28.93 53.34 31.51 426.16 1 1 1
238 24.02 61.83 41.17 173.47 21 24 1
239 68.22 21.83 24.29 407.56 0 23 1
240 2.69 62.78 39.24 431.57 15 27 1
241 86.36 70.66 17.21 218.90 1 18 1
242 82.56 62.31 5.86 314.95 17 46 1
243 26.60 67.99 33.23 400.23 16 40 1
244 73.49 87.82 12.09 223.84 24 29 1
245 5.07 36.53 32.36 435.95 3 41 1
246 10.57 79.55 9.47 151.94 19 27 1
247 33.59 77.87 21.88 287.23 0 19 1
248 58.63 62.34 6.73 379.38 6 9 1
249 86.30 25.49 6.62 369.89 4 39 1
250 76.62 12.31 0.67 281.87 4 33 1
251 35.78 45.63 11.60 477.39 1 21 1
252 29.18 51.95 12.23 290.83 9 21 1
253 85.29 48.78 49.28 484.57 12 40 1
254 86.46 73.15 36.37 391.71 9 17 1
255 93.89 43.56 6.57 243.72 6 25 1
256 82.37 9.42 13.57 109.14 22 38 1
257 40.85 98.37 22.28 192.15 20 24 1
258 55.79 38.40 20.14 307.40 16 35 1
259 5.37 63.50 4.19 405.65 5 36 1
260 53.80 25.84 20.48 399.18 0 47 1
261 46.88 24.78 8.78 464.68 0 12 1
262 81.03 6.92 27.63 97.38 8 12 1
263 26.79 11.73 22.34 53.75 14 44 1
264 42.32 64.25 44.42 241.26 7 24 1
265 18.90 16.58 45.64 494.68 22 41 1
266 73.17 48.55 39.83 96.09 9 45 1
267 98.05 53.41 20.28 110.77 18 33 1
268 53.72 45.36 32.83 164.36 23 27 1
269 81.27 22.54 38.06 452.69 21 31 1
270 68.95 83.40 39.79 202.14 1 21 1
271 72.31 75.60 44.93 338.35 1 37 1
272 90.49 39.38 37.24 222.71 24 45 1
273 66.78 61.94 6.04 243.00 2 27 1
274 98.85 88.52 11.28 119.35 12 31 1
275 65.43 93.08 39.26 355.11 6 40 1
276 50.17 99.90 0.91 419.79 5 34 1
277 38.05 76.62 25.50 158.12 23 42 1
278 62.36 71.18 38.43 425.59 14 48 1
279 15.86 42.97 19.03 152.60 16 17 1
280 41.38 0.87 0.03 199.20 10 22 1
281 44.84 26.39 10.15 92.89 18 20 1
282 39.62 29.06 18.13 297.34 0 30 1
283 65.96 1.84 12.00 185.73 13 42 1
284 67.21 32.74 18.13 302.22 15 18 1
285 87.76 13.80 18.11 84.24 11 30 1
286 55.10 91.27 21.59 194.97 2 29 1
287 68.90 90.37 7.76 68.82 6 43 1
288 10.18 40.33 25.23 198.68 3 3 1
289 57.06 81.49 26.00 200.54 3 32 1
290 3.81 1.13 42.82 451.95 23 41 1
291 35.42 78.11 3.02 58.50 22 41 1
292 17.09 91.72 37.40 400.64 13 33 1
293 73.12 31.64 17.99 72.29 16 34 1
294 14.58 8.08 10.60 92.69 16 31 1
295 93.97 64.75 6.11 205.73 16 23 1
296 1.36 81.92 33.29 452.65 6 9 1
297 88.61 89.35 44.57 174.31 19 48 1
298 35.88 23.65 39.54 147.69 12 13 1
299 25.70 96.00 30.91 329.59 20 36 1
300 99.43 29.88 36.19 274.85 5 27 1
1 103.57 4481.56 1
2 128.14 2934.03 1
3 161.28 3820.31 1
4 128.00 4475.79 1
5 184.57 3294.44 1
1 1.75 37.10 3
2 1.61 32.30 1
3 1.63 37.29 3
4 1.85 46.03 5
5 1.66 35.87 3
6 1.32 48.65 2
7 1.37 32.81 3
8 1.29 37.48 3
9 1.53 35.42 1
10 1.73 35.91 5
11 1.18 43.27 2
