Data for Vehicle routing problem with drones - Author: Huyen Do Thi Ngoc
Number of depots: 4
Number of cities: 500
Number of trucks: 4
Number of drones: 4
Area: 100 100 50
Customer maximum demand: 500
Max capacity of truck: 200
Max energy of truck: 5000
Max capacity of drone: 2
Max energy of drone: 50
1 60.63 87.53 20.61
2 85.04 2.30 2.46
3 36.62 56.18 30.55
4 95.18 12.12 19.04
1 64.80 57.53 0.59 229.74 9 13 1
2 56.57 65.81 2.69 74.62 13 37 1
3 50.49 9.36 40.44 333.72 16 22 4
4 23.02 91.35 40.17 155.75 10 10 2
5 6.06 67.01 39.55 440.14 16 45 1
6 80.68 56.63 19.10 482.56 19 35 4
7 46.98 43.97 39.49 56.75 7 34 1
8 40.85 23.49 30.17 487.06 21 22 1
9 35.91 0.45 31.81 193.81 18 44 3
10 66.27 17.97 32.42 133.49 19 38 4
11 92.20 28.36 1.06 291.00 5 44 4
12 5.31 13.40 35.26 298.36 11 18 1
13 73.18 74.06 16.21 113.19 9 42 3
14 5.06 33.11 40.88 139.41 4 11 1
15 2.19 58.48 9.29 343.45 20 45 4
16 55.06 19.54 8.20 487.20 21 22 3
17 56.18 50.91 5.80 304.52 23 47 1
18 89.67 44.68 49.42 468.61 15 24 2
19 11.60 4.56 35.62 185.29 3 10 1
20 52.22 40.93 1.77 159.18 3 45 1
21 98.30 8.42 2.55 271.06 12 43 3
22 28.75 97.73 9.06 60.35 19 24 4
23 97.54 82.94 40.08 315.26 23 25 2
24 42.62 96.98 37.83 186.87 8 10 2
25 15.41 99.23 16.64 63.03 17 36 4
26 75.18 23.27 32.21 368.65 2 23 2
27 49.11 72.33 28.43 359.98 3 22 2
28 2.92 45.55 49.64 162.76 6 7 1
29 7.79 56.57 1.13 145.08 20 43 3
30 81.93 15.50 37.36 129.55 23 34 3
31 15.85 67.23 6.72 175.85 22 42 4
32 11.28 16.25 46.62 374.25 21 39 1
33 87.59 15.68 15.14 186.69 20 21 2
34 53.42 28.18 49.16 430.02 18 33 1
35 28.03 46.95 9.69 237.55 20 34 3
36 25.46 77.76 30.69 384.37 14 20 2
37 45.74 12.66 17.38 269.53 20 41 3
38 10.16 75.99 32.66 296.22 7 46 4
39 48.85 6.36 34.64 212.23 9 23 2
40 91.20 34.14 20.56 285.55 23 29 1
41 22.98 83.37 12.12 396.96 12 42 4
42 32.61 92.52 0.83 164.67 22 29 2
43 59.35 20.79 32.84 344.84 5 32 3
44 77.02 50.48 45.97 55.52 18 42 2
45 81.69 12.73 21.31 404.80 3 10 2
46 33.21 49.33 33.20 467.67 12 22 3
47 89.11 28.33 35.55 468.10 22 42 1
48 42.38 68.78 19.30 136.44 8 47 2
49 79.65 29.36 26.82 156.99 14 31 4
50 3.69 27.41 38.29 163.26 16 23 3
51 59.48 27.77 21.05 319.96 0 23 4
52 81.71 72.49 39.51 223.23 8 31 2
53 40.13 62.67 21.14 155.24 15 42 3
54 99.27 13.66 2.10 336.15 21 32 2
55 5.51 50.30 31.04 222.20 17 27 4
56 89.38 42.26 42.94 210.14 11 17 3
57 83.46 46.76 27.94 103.22 22 37 3
58 51.11 56.72 40.34 354.86 5 19 4
59 45.79 98.94 16.11 314.54 0 18 2
60 48.24 50.87 41.06 464.64 15 19 1
61 89.94 77.22 4.88 191.80 23 33 3
62 63.67 53.61 8.89 79.20 10 33 2
63 97.26 32.58 9.28 237.97 23 37 3
64 48.04 31.58 42.50 303.05 18 18 4
65 41.71 89.06 33.75 327.96 21 34 2
66 48.74 27.13 17.55 128.27 23 35 1
67 67.42 6.10 1.18 395.59 3 31 2
68 55.38 88.07 41.15 489.12 8 44 2
69 2.65 0.10 9.79 139.52 6 31 1
70 87.10 29.06 44.13 78.53 17 30 4
71 19.89 97.56 44.29 268.55 3 40 3
72 74.22 73.36 40.89 240.74 6 42 1
73 50.93 72.55 4.95 441.96 24 37 4
74 21.71 56.04 16.54 396.83 12 24 2
75 56.69 63.21 35.05 279.97 11 47 2
76 58.52 41.70 23.48 207.14 9 43 2
77 13.30 78.23 2.53 462.86 6 9 2
78 25.80 41.41 12.70 254.13 15 48 2
79 47.76 93.75 13.60 238.90 7 7 3
80 15.04 20.90 43.68 173.05 9 33 3
81 30.46 47.42 25.78 288.63 15 43 3
82 47.27 17.27 4.94 280.69 11 13 2
83 69.36 83.20 30.91 262.23 9 36 1
84 74.79 68.87 14.69 140.50 15 46 4
85 22.73 73.60 12.50 387.22 14 45 4
86 20.75 58.42 9.09 495.45 22 41 3
87 58.41 86.19 0.35 371.48 8 9 1
88 73.12 48.28 9.16 392.77 2 15 3
89 59.02 72.32 12.42 203.29 11 42 4
90 76.37 48.22 39.71 273.69 11 13 4
91 67.57 20.74 40.25 211.96 18 27 1
92 13.81 69.64 40.32 393.91 9 10 3
93 27.34 54.05 33.72 426.51 10 26 4
94 22.17 55.93 20.52 61.78 4 12 4
95 31.33 82.31 1.20 190.44 1 23 1
96 55.97 38.69 5.69 497.93 15 17 2
97 54.77 87.81 13.09 80.37 10 33 1
98 22.66 96.63 34.08 139.80 24 36 2
99 77.04 31.19 1.42 122.86 10 26 1
100 35.51 70.24 15.09 474.53 2 24 2
101 9.83 2.29 19.20 483.52 9 43 4
102 89.33 36.63 12.23 148.24 21 46 4
103 30.34 6.30 2.42 135.11 9 34 3
104 39.75 71.60 10.05 277.01 22 26 1
105 35.90 37.50 43.07 172.82 20 20 1
106 45.24 86.55 48.27 162.82 13 22 3
107 37.14 6.80 0.61 389.14 2 33 2
108 5.93 1.71 26.25 121.50 2 16 3
109 45.53 39.65 38.80 453.93 6 31 2
110 12.78 8.22 47.52 184.99 1 33 1
111 0.30 95.97 2.24 368.76 22 40 3
112 49.29 28.23 3.06 163.57 4 35 2
113 25.30 40.05 24.66 187.02 12 22 2
114 21.90 39.65 2.94 121.73 21 40 3
115 94.41 79.75 44.89 118.00 15 15 3
116 12.53 34.78 9.82 167.93 9 43 4
117 70.27 6.62 8.14 334.02 9 18 2
118 31.24 16.04 44.45 498.07 15 39 1
119 50.68 19.64 9.99 95.17 4 35 1
120 12.85 92.91 39.68 383.68 8 36 3
121 92.64 17.53 35.94 231.65 11 27 3
122 5.71 71.80 18.15 292.27 12 14 4
123 55.62 5.16 11.32 97.77 17 21 3
124 85.83 7.82 14.94 294.83 6 31 1
125 23.80 58.92 8.31 252.00 1 38 4
126 9.55 81.35 21.73 68.20 20 43 2
127 31.94 70.40 13.58 371.49 5 7 3
128 75.62 89.08 46.25 124.00 6 27 3
129 93.83 66.69 29.36 499.85 7 34 2
130 27.17 7.81 31.96 233.27 23 39 4
131 31.61 98.69 30.00 369.26 16 34 1
132 25.26 29.91 30.89 253.82 18 35 3
133 54.85 61.31 32.11 108.87 17 17 4
134 58.45 5.19 46.81 78.57 19 35 4
135 54.38 42.82 48.06 241.49 8 40 1
136 44.69 97.34 41.59 433.01 16 31 1
137 16.79 28.16 1.46 418.80 12 31 1
138 49.85 48.81 9.63 427.42 22 30 1
139 13.68 41.55 34.45 243.81 21 28 2
140 5.84 51.55 21.01 336.95 9 39 4
141 8.95 85.55 30.77 376.41 8 42 1
142 19.52 82.98 17.51 429.51 16 16 4
143 96.94 22.98 28.98 316.71 1 28 3
144 36.66 67.10 24.63 276.56 9 19 4
145 52.05 7.34 6.33 481.61 6 48 4
146 65.48 74.22 17.21 478.30 10 38 2
147 18.71 63.28 26.73 390.45 14 40 2
148 54.20 6.76 24.18 321.51 21 29 4
149 39.39 75.72 28.37 245.53 1 4 1
150 43.17 73.91 3.70 167.38 24 48 2
151 54.40 4.21 33.89 369.85 16 24 4
152 54.08 62.21 4.55 170.49 8 45 4
153 30.35 39.96 31.03 183.79 8 27 2
154 33.37 71.55 47.65 241.04 7 42 3
155 46.43 98.12 46.68 98.06 16 42 3
156 49.81 13.17 38.74 102.61 3 38 4
157 93.99 29.72 28.34 300.55 13 40 3
158 91.38 99.14 17.13 334.41 9 18 3
159 5.45 18.08 33.05 476.23 11 22 2
160 46.97 16.85 8.81 253.38 13 47 3
161 30.30 82.59 10.51 467.58 3 37 3
162 70.37 87.78 41.28 386.45 1 27 4
163 52.02 78.82 29.82 261.11 3 32 2
164 35.53 54.91 8.16 203.47 19 22 3
165 67.21 24.53 13.44 258.59 19 24 2
166 80.27 40.46 28.81 419.00 17 39 1
167 83.72 42.87 41.74 350.19 21 26 4
168 35.36 0.96 31.01 353.49 2 15 1
169 99.51 42.15 33.54 325.16 10 30 2
170 27.65 58.00 6.86 182.83 0 14 2
171 87.82 89.74 19.67 470.40 20 35 1
172 80.72 79.44 12.39 371.34 18 34 2
173 20.33 88.99 25.37 203.77 5 42 3
174 31.92 85.41 2.97 276.86 18 20 3
175 5.76 20.68 29.44 359.81 15 28 4
176 38.20 32.27 12.98 258.86 15 45 2
177 89.34 57.69 41.24 172.63 24 37 2
178 0.29 53.78 26.89 419.07 21 38 1
179 12.97 44.47 18.06 107.74 14 31 1
180 82.46 23.80 35.25 154.49 1 6 2
181 52.29 30.53 41.16 477.09 0 23 2
182 75.60 23.23 48.06 269.92 4 6 1
183 37.75 73.34 37.37 70.44 7 35 4
184 24.52 88.98 11.07 87.03 21 33 2
185 2.85 59.80 43.92 153.19 14 38 2
186 8.94 64.13 1.49 110.28 18 29 1
187 73.31 30.31 17.42 419.16 24 44 2
188 58.14 28.35 26.06 284.65 10 39 2
189 26.95 51.27 24.87 69.24 7 25 4
190 78.61 82.04 25.40 50.77 23 39 1
191 33.12 8.04 41.91 339.69 1 43 3
192 38.00 7.02 30.51 277.01 19 22 2
193 41.83 77.22 38.47 65.40 21 22 2
194 96.50 91.44 4.40 287.12 22 42 3
195 14.52 94.20 46.55 77.14 16 35 3
196 46.06 3.40 22.41 287.93 10 41 4
197 54.96 66.12 18.63 454.12 22 28 1
198 95.26 75.46 35.87 474.11 15 47 3
199 57.62 77.50 23.78 260.54 3 13 2
200 22.07 80.17 35.62 374.14 4 46 3
201 97.22 12.64 14.86 313.83 15 16 2
202 96.92 65.75 13.74 293.25 17 40 2
203 19.61 6.52 34.45 215.73 17 37 1
204 15.08 69.01 20.34 86.50 9 32 2
205 12.68 7.67 1.13 58.82 10 10 4
206 32.80 36.62 37.88 378.11 3 11 3
207 92.99 2.22 23.08 231.80 19 25 2
208 90.45 49.10 44.08 363.90 14 43 1
209 89.99 89.50 35.34 399.80 21 42 1
210 22.08 41.00 42.98 133.28 22 30 1
211 5.50 82.64 13.07 249.93 22 33 2
212 56.37 80.24 38.82 493.23 11 18 2
213 36.43 13.43 39.47 117.19 21 21 3
214 92.58 67.79 34.74 177.80 11 39 1
215 21.74 26.49 14.15 241.71 20 25 4
216 29.39 69.92 48.78 180.17 4 10 2
217 88.74 15.28 40.92 264.05 11 37 1
218 72.77 78.56 47.21 136.73 17 21 4
219 33.01 89.57 32.34 66.70 20 43 1
220 63.44 50.21 34.78 259.67 5 35 1
221 69.56 75.90 25.80 334.79 11 40 2
222 20.30 1.66 2.30 134.82 1 33 3
223 33.18 58.66 15.30 280.49 1 8 2
224 74.57 16.51 31.03 192.50 3 16 4
225 68.93 53.20 36.17 486.99 3 7 1
226 20.35 63.75 24.52 191.25 5 11 3
227 34.66 79.89 2.98 142.75 17 19 3
228 14.62 68.52 31.71 110.55 15 24 4
229 78.38 14.61 46.87 162.59 14 40 4
230 67.35 72.95 20.68 116.60 16 46 3
231 13.69 24.82 22.21 54.61 19 46 2
232 15.21 99.46 38.80 288.09 9 38 1
233 78.03 31.97 5.05 463.49 23 25 2
234 87.58 14.79 42.54 474.90 6 8 4
235 68.54 64.36 45.57 345.11 16 38 4
236 45.82 87.03 45.82 128.84 8 17 1
237 41.19 12.93 9.81 355.84 6 13 2
238 42.74 26.68 16.85 310.85 12 38 2
239 64.14 99.89 0.15 240.01 15 44 1
240 18.72 74.99 37.19 180.91 13 27 1
241 74.22 20.50 37.36 416.87 12 15 3
242 15.44 60.92 23.79 328.08 0 45 3
243 98.11 48.26 21.55 85.39 14 15 4
244 37.04 36.77 39.38 290.65 12 39 1
245 73.68 77.00 1.33 115.01 8 41 3
246 88.80 69.00 25.25 340.36 9 10 2
247 68.51 55.62 8.71 441.08 8 42 1
248 75.90 87.44 48.45 382.53 23 27 1
249 75.15 19.28 11.27 230.27 16 34 3
250 31.23 87.61 32.78 423.56 21 22 3
251 72.17 60.88 38.25 221.84 8 28 4
252 56.97 68.91 46.21 187.58 16 33 1
253 82.24 8.21 34.42 143.57 23 32 2
254 39.05 38.52 45.51 95.74 9 27 3
255 10.08 57.30 45.00 396.97 23 42 4
256 62.92 59.22 0.29 90.72 10 42 1
257 67.84 78.96 10.13 387.26 20 43 1
258 25.83 53.33 20.79 165.29 24 28 3
259 15.81 27.20 16.90 370.46 3 48 3
260 75.90 74.35 18.93 50.59 10 27 1
261 20.60 44.94 48.26 266.99 22 23 1
262 73.65 54.71 20.78 178.21 21 41 3
263 42.44 15.13 44.83 145.81 15 17 3
264 14.26 73.20 1.43 325.65 9 25 1
265 96.49 5.98 23.25 122.02 12 22 1
266 63.40 92.74 4.75 105.70 1 32 2
267 21.63 98.65 12.51 104.75 15 42 3
268 33.30 96.65 29.72 206.48 11 24 3
269 36.63 26.19 4.92 231.92 3 35 3
270 90.86 40.84 31.70 254.32 2 40 2
271 89.87 43.15 3.17 309.37 10 36 2
272 72.35 21.29 4.97 354.35 20 26 3
273 18.18 9.98 10.96 177.15 8 35 2
274 32.09 19.42 48.01 51.17 9 48 1
275 12.23 60.44 23.13 368.71 9 12 1
276 84.35 74.10 42.37 459.94 15 18 4
277 96.87 12.62 5.90 228.77 10 30 2
278 43.02 93.44 44.66 158.29 18 18 4
279 43.48 25.29 26.63 387.49 8 31 2
280 31.03 44.41 10.38 176.49 22 32 1
281 5.44 12.93 33.62 354.95 3 20 4
282 92.29 68.58 11.82 172.46 5 47 3
283 24.74 84.72 48.69 123.75 4 35 4
284 92.23 74.17 34.96 175.42 2 39 1
285 10.02 63.35 9.95 90.74 22 26 4
286 15.74 12.18 1.70 370.79 10 20 2
287 60.91 71.76 49.38 316.19 11 33 2
288 43.48 57.74 0.29 126.61 8 18 4
289 96.38 49.68 1.27 172.65 6 9 4
290 16.37 56.67 41.93 461.75 7 21 3
291 99.01 70.23 25.79 447.97 4 13 2
292 61.64 25.40 12.09 362.41 20 29 3
293 36.34 34.42 49.45 334.77 11 47 3
294 26.63 90.13 7.55 244.62 24 27 3
295 28.21 35.96 44.14 433.34 13 42 3
296 64.87 2.13 7.87 148.48 6 25 2
297 41.71 37.35 49.45 106.38 10 11 1
298 68.41 54.62 46.16 466.77 17 19 2
299 92.80 65.78 4.50 165.95 17 38 2
300 61.14 66.77 45.38 435.74 16 28 4
301 13.48 63.06 44.08 215.44 17 25 2
302 43.58 69.46 16.28 392.39 2 27 4
303 64.80 12.91 48.60 115.81 1 28 1
304 32.23 21.75 27.65 229.64 7 46 3
305 95.89 20.12 18.67 426.21 20 32 2
306 22.31 79.17 2.84 446.23 7 19 1
307 37.73 77.51 8.47 366.80 8 28 2
308 50.04 57.19 41.96 214.38 1 10 2
309 52.92 88.45 30.29 435.72 2 46 3
310 52.52 66.42 29.66 90.99 9 15 1
311 41.26 36.21 11.64 346.37 24 28 1
312 14.10 71.46 25.98 477.50 22 32 4
313 49.87 92.87 33.91 182.35 10 30 2
314 80.04 58.68 25.82 172.89 18 19 4
315 29.14 27.93 4.01 447.08 5 41 1
316 35.96 14.33 41.41 363.70 1 25 3
317 50.34 20.94 42.40 280.71 10 32 1
318 45.45 22.45 19.28 215.43 18 32 3
319 55.79 36.38 39.43 408.12 3 17 4
320 89.47 36.57 8.11 304.68 12 43 4
321 75.43 22.19 46.90 207.10 14 24 3
322 3.64 20.95 13.45 302.74 18 18 3
323 11.72 1.34 29.30 403.93 21 24 1
324 50.09 65.27 25.75 472.96 13 29 3
325 32.99 39.99 27.88 86.71 13 46 1
326 23.74 55.97 6.90 97.02 11 39 3
327 37.34 14.28 48.14 308.20 9 48 2
328 49.84 58.98 41.92 428.13 6 37 3
329 22.00 39.24 27.75 491.26 13 23 1
330 19.41 73.90 7.42 315.37 23 37 3
331 74.64 87.99 4.09 214.60 14 16 3
332 44.95 50.46 16.80 232.82 15 24 4
333 97.76 16.62 23.99 453.09 18 25 3
334 83.91 83.94 6.41 325.88 5 36 4
335 57.70 44.16 6.66 140.11 22 29 1
336 78.06 45.87 10.02 83.16 4 39 1
337 52.39 42.84 48.78 309.30 23 46 1
338 72.29 85.27 2.49 378.40 8 40 4
339 57.59 2.80 17.43 61.73 13 48 2
340 31.64 27.39 39.86 392.64 10 17 3
341 57.44 82.97 5.50 282.36 16 38 3
342 82.19 89.70 44.70 339.50 14 15 4
343 64.98 5.88 35.37 479.13 14 39 2
344 93.15 34.21 23.23 184.12 11 34 4
345 49.34 45.61 14.12 486.42 10 29 1
346 52.42 71.89 23.73 123.97 11 43 1
347 36.87 29.21 45.37 140.98 6 29 1
348 84.51 94.65 44.56 364.65 16 39 1
349 46.19 27.75 10.72 315.50 20 45 1
350 48.95 24.56 3.87 191.56 6 17 3
351 53.11 76.50 38.96 64.49 19 20 1
352 61.42 61.77 3.32 100.19 15 41 3
353 0.20 17.62 44.00 381.78 5 11 1
354 99.37 28.36 29.28 363.05 7 44 2
355 12.57 32.96 36.65 323.33 2 48 4
356 25.92 63.92 46.13 474.02 14 14 4
357 86.12 70.53 3.04 421.35 9 19 4
358 60.00 78.70 1.42 102.22 23 48 2
359 66.98 19.73 31.90 242.59 20 45 3
360 29.19 99.10 11.52 200.59 9 43 4
361 0.88 63.30 2.38 97.29 10 23 3
362 75.00 46.15 1.53 421.20 4 21 2
363 82.15 16.62 42.99 93.63 13 16 3
364 29.96 32.18 25.45 416.41 0 4 4
365 99.19 50.21 15.84 352.96 14 32 3
366 79.55 76.90 19.38 278.76 16 25 2
367 85.48 16.34 41.46 423.68 15 19 3
368 4.94 64.01 43.70 65.22 3 46 4
369 71.59 92.70 29.16 137.72 23 28 1
370 62.49 37.62 35.55 69.26 5 47 2
371 81.94 69.74 11.51 396.72 14 27 4
372 69.46 21.52 0.06 449.31 8 33 3
373 46.27 30.28 14.42 297.64 0 43 3
374 87.34 59.70 24.16 302.11 23 25 1
375 36.00 59.13 18.76 88.19 13 30 3
376 11.25 25.33 32.57 360.55 11 38 3
377 69.34 88.34 46.40 179.60 16 32 2
378 28.11 0.94 48.22 224.80 10 25 1
379 50.26 30.81 38.89 255.24 11 25 1
380 28.46 33.11 40.45 335.33 12 35 2
381 76.23 60.96 33.83 348.16 20 34 1
382 77.33 38.93 22.14 61.54 0 10 3
383 82.95 53.59 7.95 489.54 16 43 1
384 54.33 55.07 45.35 240.86 2 30 3
385 52.76 59.29 41.36 138.11 24 26 3
386 54.72 46.87 31.67 444.85 22 46 1
387 15.81 33.44 0.18 452.14 9 16 2
388 26.54 50.31 8.55 61.34 0 31 1
389 58.13 7.82 40.94 80.88 13 40 1
390 23.40 49.55 29.76 410.86 7 27 2
391 44.23 93.97 33.77 337.03 19 38 3
392 44.31 19.77 43.97 206.45 12 30 4
393 33.45 48.92 1.06 102.79 5 9 1
394 79.96 73.13 11.48 229.44 18 22 3
395 69.14 29.30 48.78 320.12 24 34 4
396 30.57 97.48 42.36 314.38 1 32 2
397 16.05 42.13 32.13 440.20 14 35 2
398 61.30 72.61 45.51 481.58 13 16 4
399 17.23 88.45 0.32 210.96 12 29 4
400 41.13 32.28 17.72 218.50 7 16 3
401 36.25 31.13 10.72 169.60 13 28 2
402 52.46 43.14 27.04 144.83 20 20 3
403 33.70 2.57 33.35 378.51 11 36 1
404 49.93 78.05 35.40 384.12 11 11 3
405 9.42 45.90 21.45 285.49 21 26 2
406 77.48 54.28 47.04 73.73 7 16 1
407 59.40 47.37 45.81 422.16 23 26 1
408 13.73 0.21 19.12 279.06 14 44 4
409 6.87 51.13 41.60 307.55 20 29 4
410 90.03 47.44 23.62 433.87 14 37 3
411 8.49 61.72 40.11 283.81 1 37 4
412 96.50 2.75 4.89 164.39 5 21 2
413 44.76 9.98 49.12 88.31 23 46 4
414 59.73 4.64 29.92 269.05 0 26 4
415 2.41 14.61 12.10 284.27 12 47 4
416 32.18 25.35 48.60 477.39 19 31 4
417 44.06 27.59 3.86 270.16 2 9 1
418 8.80 46.01 7.36 453.08 1 21 1
419 91.38 62.67 26.84 363.34 23 35 1
420 20.77 69.24 37.78 288.82 4 35 2
421 58.32 14.80 49.03 145.31 13 23 1
422 58.18 99.99 21.65 467.55 8 20 4
423 22.35 1.62 44.02 319.01 3 40 2
424 43.75 78.64 13.78 411.88 8 26 1
425 63.02 75.47 26.01 307.73 23 44 1
426 69.13 87.70 40.11 186.64 15 36 3
427 94.17 76.01 44.02 365.71 24 37 1
428 75.91 65.85 5.70 282.52 8 40 3
429 56.10 38.54 36.38 90.92 22 47 4
430 37.59 30.80 8.72 86.67 6 35 2
431 37.23 37.24 39.99 89.73 16 16 2
432 67.89 28.98 22.29 290.66 6 31 4
433 91.05 51.81 28.84 213.39 0 16 1
434 84.99 4.43 14.42 208.75 15 43 1
435 44.75 71.05 19.05 417.09 15 17 4
436 79.66 3.35 46.50 253.77 10 28 3
437 40.94 65.39 46.88 398.35 2 20 1
438 20.99 33.66 35.55 124.60 14 22 4
439 2.24 39.06 43.22 226.79 12 12 4
440 62.01 57.76 4.52 266.22 3 39 3
441 76.99 9.71 29.56 471.55 13 42 1
442 80.01 45.27 8.25 75.17 23 38 1
443 10.77 98.92 24.79 182.97 2 33 3
444 28.08 83.42 27.68 173.73 3 9 3
445 47.69 40.19 43.14 466.56 17 23 1
446 67.30 81.42 49.29 231.95 9 11 4
447 18.14 85.27 33.65 251.54 9 29 4
448 54.00 4.97 48.36 306.07 11 32 3
449 94.68 87.01 48.60 133.75 20 37 4
450 37.50 36.84 15.13 132.14 20 26 2
451 39.55 91.18 49.42 380.55 1 33 2
452 43.70 82.70 14.10 370.99 15 21 2
453 30.97 42.37 17.48 94.26 15 30 4
454 59.82 66.15 10.43 314.04 23 31 1
455 45.72 68.86 37.12 363.86 3 7 3
456 38.63 29.01 24.20 284.39 1 23 2
457 22.39 75.13 0.92 71.12 15 15 3
458 52.11 73.89 39.12 465.48 13 48 4
459 19.30 88.80 12.42 425.38 10 11 4
460 48.88 15.59 12.12 104.22 9 37 2
461 79.04 98.47 6.23 63.09 0 39 2
462 82.20 31.14 6.55 340.68 17 35 4
463 76.65 82.35 3.66 296.55 13 30 1
464 76.17 31.43 39.19 133.06 5 20 2
465 60.29 60.82 19.86 300.89 6 44 2
466 16.65 5.25 48.95 302.33 23 37 2
467 30.48 86.01 9.75 295.40 2 34 3
468 17.29 13.67 13.72 72.89 10 16 1
469 42.17 70.12 23.35 438.10 12 44 2
470 17.26 90.90 25.68 183.77 23 23 1
471 83.84 83.66 43.61 50.31 5 27 2
472 58.68 30.88 17.83 394.60 19 43 4
473 72.88 60.06 12.54 319.40 2 25 4
474 66.72 72.24 28.81 439.31 12 34 2
475 59.83 25.43 13.49 97.39 18 39 3
476 31.47 32.58 25.93 61.99 3 30 1
477 16.07 81.91 34.11 352.96 23 45 3
478 44.75 73.95 35.22 252.52 14 42 4
479 82.76 62.57 0.91 254.38 15 47 2
480 9.85 30.15 5.05 104.70 14 33 4
481 56.90 90.28 39.06 143.65 3 31 3
482 70.46 83.50 4.68 494.23 2 37 1
483 17.49 33.36 25.02 426.29 17 31 1
484 19.78 81.20 37.42 356.51 20 22 4
485 22.76 59.39 42.00 121.77 2 18 4
486 11.35 80.48 29.36 334.82 17 27 4
487 13.56 4.00 37.15 118.22 5 43 2
488 72.83 61.20 29.70 223.15 20 43 4
489 81.07 63.24 21.22 429.67 7 22 2
490 63.07 74.43 17.58 365.96 14 17 3
491 31.92 44.35 18.96 55.63 3 13 2
492 22.84 25.77 2.14 304.61 16 38 3
493 22.39 18.31 49.02 98.63 5 23 2
494 65.55 53.30 25.83 119.60 11 34 3
495 45.46 60.07 44.91 494.68 18 46 2
496 60.19 26.11 22.88 496.41 17 28 1
497 26.44 44.30 32.94 491.51 9 9 1
498 39.04 46.17 21.21 353.06 2 34 4
499 37.64 78.09 1.44 460.19 20 45 2
500 73.65 80.21 14.04 223.78 13 29 3
1 133.06 4309.43 1
2 155.64 2687.01 2
3 115.01 4325.88 3
4 129.36 3649.01 4
1 1.67 34.09 4
2 1.37 40.84 2
3 1.69 49.32 4
4 1.37 49.23 2
