Data for Vehicle routing problem with drones - Author: Huyen Do Thi Ngoc
Number of depots: 4
Number of cities: 200
Number of trucks: 6
Number of drones: 11
Area: 100 100 50
Customer maximum demand: 500
Max capacity of truck: 200
Max energy of truck: 5000
Max capacity of drone: 2
Max energy of drone: 50
1 29.35 53.39 5.38
2 98.73 14.97 39.96
3 34.30 14.50 39.14
4 82.75 69.53 4.22
1 92.78 12.21 1.99 253.42 6 42 3
2 16.33 40.11 33.98 240.45 15 41 2
3 78.33 24.94 44.82 183.97 6 20 4
4 58.78 91.95 35.41 333.95 16 46 4
5 13.53 64.19 43.53 189.72 23 30 4
6 40.93 69.85 8.06 206.55 13 40 4
7 47.52 14.66 33.93 254.34 2 13 4
8 11.56 3.89 15.45 91.34 19 39 3
9 70.27 42.45 42.28 358.48 23 30 2
10 94.96 79.69 40.81 351.25 10 29 4
11 41.74 46.74 25.90 64.50 11 45 2
12 62.09 74.39 40.36 465.19 24 39 3
13 22.55 33.97 44.51 259.99 5 11 2
14 94.75 97.65 22.06 424.62 13 24 4
15 84.94 8.32 4.52 202.13 20 24 3
16 54.63 65.14 8.85 384.20 24 44 3
17 71.68 18.36 29.08 391.32 16 18 2
18 94.56 56.11 7.66 236.58 17 42 2
19 75.96 62.54 38.97 175.14 0 22 1
20 1.65 98.96 38.56 194.91 23 34 3
21 45.85 94.71 0.44 291.22 2 6 1
22 31.88 77.06 10.88 110.00 17 36 3
23 26.30 20.51 47.69 111.86 20 20 2
24 75.34 85.73 28.11 407.63 3 26 2
25 88.74 9.23 6.97 414.05 10 11 4
26 61.33 58.46 29.62 157.16 4 4 2
27 93.28 6.29 39.65 240.45 20 39 4
28 47.71 5.57 48.13 427.13 24 30 3
29 11.07 89.21 2.66 419.94 22 27 3
30 50.15 34.85 0.10 322.57 19 27 2
31 52.87 94.78 38.52 90.83 5 16 3
32 75.99 83.70 20.52 444.03 13 48 3
33 40.31 11.68 25.75 484.02 14 48 1
34 22.08 71.18 45.15 176.31 17 19 1
35 39.05 91.33 32.64 364.66 3 22 4
36 35.15 44.31 34.79 279.09 20 20 3
37 36.00 17.41 13.88 385.38 16 23 1
38 77.08 86.08 29.27 387.88 2 41 1
39 98.69 28.24 20.95 161.97 12 35 1
40 23.87 88.54 4.79 472.18 11 35 4
41 64.65 61.10 44.37 237.41 24 38 3
42 93.80 42.55 30.56 136.26 19 27 2
43 4.58 54.46 41.29 349.05 8 35 2
44 7.83 63.57 9.40 65.56 21 39 2
45 16.68 51.59 21.47 188.85 0 47 3
46 94.84 38.03 16.48 279.91 20 43 4
47 11.18 61.96 45.26 395.25 8 42 2
48 19.97 0.10 34.97 329.69 0 39 1
49 50.58 47.25 18.91 138.04 21 35 2
50 54.62 98.35 45.12 498.99 5 29 3
51 7.53 87.50 15.65 412.98 1 10 4
52 78.66 40.02 1.70 165.90 19 48 4
53 60.02 50.17 41.28 321.59 2 2 3
54 64.67 79.10 21.97 131.92 4 16 3
55 13.50 44.91 31.50 450.80 21 27 3
56 98.67 9.38 22.56 483.77 5 7 1
57 51.82 85.38 40.38 162.59 9 43 3
58 2.20 28.60 17.14 259.05 8 23 2
59 49.47 8.64 49.04 366.69 6 24 1
60 1.72 95.07 26.07 222.02 17 38 3
61 90.57 37.77 7.82 234.36 9 43 4
62 4.01 58.64 32.50 485.14 9 16 2
63 30.97 49.14 1.82 79.07 22 46 4
64 46.83 48.15 45.63 281.63 24 39 1
65 27.14 17.22 31.51 476.24 13 24 3
66 7.26 81.29 5.99 268.18 8 41 3
67 81.45 12.97 35.72 230.32 19 30 4
68 48.65 90.67 29.76 422.05 21 21 3
69 47.93 55.39 1.57 65.20 17 39 3
70 58.23 95.09 26.70 236.90 14 37 2
71 88.78 23.37 16.92 145.14 15 40 2
72 26.84 64.56 31.99 390.68 14 43 1
73 69.51 14.62 24.08 344.08 13 21 3
74 7.01 52.50 42.81 416.12 10 33 3
75 25.76 46.11 8.28 292.37 6 46 3
76 36.52 79.33 15.40 390.50 0 22 3
77 39.28 84.85 7.98 485.47 12 31 4
78 72.84 69.80 20.91 477.54 8 20 4
79 27.10 48.38 8.22 228.36 3 15 3
80 24.96 22.55 29.72 381.95 13 29 1
81 58.70 55.98 33.27 362.15 4 8 4
82 73.51 7.60 33.38 117.18 16 40 1
83 75.47 70.05 4.80 429.77 12 26 2
84 56.72 90.75 7.73 87.75 4 17 4
85 63.95 92.00 18.95 478.07 20 36 1
86 74.05 83.81 0.96 178.04 13 31 2
87 40.40 99.73 30.83 110.27 8 10 2
88 36.54 43.15 8.41 128.43 18 18 1
89 37.31 12.42 21.12 81.82 20 37 4
90 66.32 8.58 25.73 266.33 11 48 2
91 33.57 26.67 5.27 463.08 4 5 2
92 49.30 24.43 21.82 350.87 16 41 4
93 29.05 46.18 2.36 249.73 8 46 1
94 41.70 30.25 1.79 278.04 11 40 3
95 32.39 7.36 29.40 262.64 13 15 2
96 47.25 63.55 8.71 425.47 5 8 3
97 28.70 53.10 29.80 258.64 24 37 4
98 61.05 48.17 7.56 227.64 3 44 1
99 57.07 52.17 17.19 299.02 19 41 3
100 67.21 7.65 22.51 177.25 10 32 1
101 1.71 10.85 17.01 344.89 11 44 1
102 57.26 68.12 43.75 433.68 19 21 2
103 88.57 53.20 4.82 347.75 2 26 2
104 20.59 17.44 47.17 302.62 18 47 1
105 45.47 11.29 38.91 230.80 23 36 4
106 38.56 99.20 25.28 94.51 23 47 4
107 71.93 75.96 47.08 324.43 9 46 3
108 60.63 38.51 28.71 305.10 7 31 2
109 11.83 98.60 10.82 138.50 0 10 4
110 71.91 63.19 18.86 334.62 16 17 4
111 44.19 47.88 21.78 72.96 4 16 1
112 49.01 85.51 44.05 71.57 8 45 2
113 81.07 88.79 46.74 94.25 24 37 2
114 13.15 55.67 4.91 196.61 10 43 1
115 97.30 56.81 14.69 350.05 4 15 4
116 9.21 59.88 25.24 429.11 15 37 2
117 90.28 59.19 25.38 184.79 18 28 1
118 75.93 15.04 34.20 451.82 24 43 4
119 4.54 38.72 17.79 305.21 24 47 2
120 66.69 64.65 23.20 464.82 4 48 1
121 52.84 30.68 5.62 340.19 13 34 1
122 50.79 46.95 36.81 358.08 24 44 3
123 18.18 42.18 16.29 470.06 2 2 4
124 65.18 32.81 13.08 364.72 20 37 1
125 70.11 44.82 6.79 76.40 6 34 2
126 16.66 37.21 1.78 324.41 9 9 2
127 66.25 93.28 41.18 497.17 8 32 4
128 29.80 78.19 36.16 456.88 14 44 1
129 13.73 90.78 47.41 200.76 20 41 4
130 9.25 94.33 31.60 292.80 1 17 1
131 1.49 78.58 8.20 309.25 0 40 2
132 97.39 38.67 27.41 160.83 19 43 1
133 73.97 52.61 0.96 226.41 9 15 2
134 25.64 86.52 42.09 475.25 16 36 1
135 98.93 20.93 45.38 176.42 9 18 3
136 5.68 94.12 18.44 338.38 24 34 4
137 7.89 84.32 26.85 325.59 20 34 3
138 28.01 73.80 1.71 411.15 0 41 2
139 83.12 69.87 21.82 279.99 19 33 3
140 23.94 40.60 39.81 356.50 13 46 2
141 7.95 30.08 39.92 387.90 23 39 2
142 28.96 19.08 22.60 460.83 10 39 2
143 3.47 8.15 7.48 63.50 15 22 4
144 55.51 42.27 48.01 229.91 3 46 1
145 50.32 44.66 39.61 162.88 2 39 1
146 75.32 21.75 1.31 302.44 11 20 1
147 41.92 91.93 10.83 437.86 21 46 2
148 93.72 90.06 49.69 338.70 8 14 1
149 40.70 19.80 8.95 186.15 17 18 1
150 87.53 20.04 7.77 135.42 14 41 4
151 14.05 79.48 5.10 489.39 23 44 2
152 74.01 30.11 44.81 487.82 22 44 1
153 99.03 7.43 26.17 132.35 7 41 2
154 32.32 34.38 48.40 328.84 11 23 4
155 98.39 97.13 10.67 497.53 16 28 1
156 22.90 24.17 4.27 475.94 14 21 2
157 52.08 14.27 19.13 186.33 9 39 4
158 4.75 82.46 26.67 403.90 7 45 1
159 45.65 26.14 0.37 117.58 11 36 2
160 80.60 52.95 29.80 427.71 10 31 1
161 38.64 65.77 46.04 104.00 13 23 4
162 52.43 84.02 46.84 494.69 1 24 2
163 78.26 71.20 23.26 290.02 17 41 1
164 67.75 42.47 12.98 278.89 1 27 2
165 28.76 86.05 29.44 272.09 3 37 3
166 39.36 22.99 13.93 149.60 2 5 3
167 24.81 51.12 18.59 226.39 22 46 1
168 14.73 62.50 7.75 125.00 17 26 3
169 53.07 75.20 16.08 219.86 11 36 3
170 29.54 50.72 31.44 237.56 23 29 2
171 85.82 43.14 43.44 379.22 9 40 4
172 53.84 55.15 41.47 337.16 14 31 1
173 61.08 36.88 25.47 127.85 3 8 2
174 73.39 43.43 30.30 139.66 24 36 2
175 63.32 28.81 4.85 98.53 4 23 1
176 47.63 26.73 37.11 147.05 2 3 4
177 86.44 17.04 7.32 474.06 1 30 4
178 51.75 96.36 22.94 77.35 3 5 3
179 62.23 58.10 48.45 116.91 16 29 3
180 15.52 30.78 14.96 364.43 22 46 1
181 73.51 35.51 30.88 268.35 3 39 1
182 39.49 81.70 37.85 455.82 7 26 2
183 98.27 65.58 10.74 160.21 24 30 3
184 3.87 21.03 0.78 248.88 15 31 3
185 36.26 62.30 44.41 305.10 16 26 1
186 47.34 20.39 4.26 87.03 21 39 2
187 71.38 11.94 34.81 395.70 13 43 3
188 0.88 34.09 8.74 390.46 15 17 4
189 7.95 71.98 26.33 62.36 17 33 2
190 17.89 30.95 15.27 77.16 17 41 4
191 45.45 37.44 9.75 454.59 13 13 2
192 18.54 5.30 33.12 304.59 17 17 3
193 57.90 64.50 49.52 499.13 8 30 2
194 42.66 73.86 20.86 262.23 8 47 4
195 4.21 33.64 16.32 253.78 13 42 2
196 95.25 88.45 26.75 77.56 3 43 1
197 17.32 81.98 44.59 279.79 3 4 1
198 89.62 96.04 46.70 452.69 2 19 2
199 68.27 58.25 48.79 302.11 21 42 2
200 23.74 9.35 20.40 178.84 11 22 1
1 179.29 2788.87 1
2 176.04 2585.74 2
3 191.69 3587.22 3
4 124.14 3700.09 4
5 175.86 4666.41 2
6 129.97 4002.36 2
1 1.37 36.05 2
2 1.87 30.11 3
3 1.49 30.79 1
4 1.65 34.46 3
5 1.33 34.00 5
6 1.76 38.07 6
7 1.81 30.75 2
8 1.63 39.62 5
9 1.74 37.92 1
10 1.51 40.36 2
11 1.90 29.53 6
