Data for Vehicle routing problem with drones - Author: Huyen Do Thi Ngoc
Number of depots: 5
Number of cities: 100
Number of trucks: 7
Number of drones: 16
Area: 100 100 50
Customer maximum demand: 500
Max capacity of truck: 200
Max energy of truck: 5000
Max capacity of drone: 2
Max energy of drone: 50
1 48.24 54.97 17.33
2 37.15 90.79 42.57
3 44.19 22.97 10.04
4 24.13 3.43 37.94
5 36.56 69.55 36.06
1 66.75 0.14 4.39 298.48 19 44 1
2 69.34 59.98 28.05 485.70 24 39 3
3 10.00 91.72 27.36 425.59 20 47 2
4 40.24 51.84 30.89 395.35 7 35 5
5 49.43 66.23 1.74 181.45 0 20 3
6 56.87 35.26 37.50 271.37 23 47 5
7 99.11 59.66 38.12 371.55 21 22 5
8 52.02 54.76 49.42 62.15 0 48 1
9 75.65 68.21 21.77 138.45 17 35 3
10 77.83 10.41 37.45 84.90 7 30 1
11 55.60 52.46 32.36 107.34 10 25 2
12 78.37 68.98 19.31 382.20 8 33 1
13 55.28 2.01 30.07 388.19 2 12 5
14 23.70 29.06 5.65 376.64 9 18 5
15 71.60 82.62 27.93 123.36 9 15 5
16 66.56 25.36 11.42 446.11 17 37 1
17 78.56 24.74 8.65 219.36 24 45 4
18 89.45 49.56 43.38 70.24 23 26 4
19 64.01 30.90 48.09 54.68 21 40 2
20 0.06 96.58 4.34 207.24 1 34 4
21 52.48 12.15 43.03 281.07 12 46 1
22 59.09 80.68 0.70 272.67 3 3 2
23 75.05 48.35 34.43 78.99 20 21 5
24 34.95 80.81 10.16 196.69 20 32 5
25 4.57 30.55 46.85 149.30 20 26 4
26 48.33 57.75 6.68 405.30 7 25 3
27 39.55 90.80 12.48 136.07 8 46 3
28 71.85 88.93 46.75 140.57 20 28 4
29 42.55 55.07 17.70 71.64 3 13 2
30 35.70 75.29 31.87 254.90 20 35 2
31 27.77 11.20 38.63 175.28 21 47 2
32 97.75 79.41 47.12 354.15 12 43 3
33 84.85 76.27 3.70 76.75 21 33 5
34 4.04 37.27 29.72 186.33 19 33 3
35 16.14 36.86 34.68 255.68 3 13 4
36 75.47 88.24 8.63 198.80 3 16 4
37 14.08 31.63 3.71 291.90 17 37 2
38 86.39 80.09 49.37 219.31 3 40 3
39 0.70 71.64 31.78 426.97 0 22 5
40 18.68 9.61 12.82 347.94 9 29 2
41 39.71 58.09 19.82 138.99 11 17 3
42 88.73 39.24 39.05 456.40 18 35 2
43 44.65 27.89 6.13 362.12 0 5 3
44 65.80 1.14 23.65 70.96 24 34 5
45 82.51 35.31 23.60 421.62 9 27 2
46 22.95 62.22 41.55 190.79 15 30 5
47 33.01 63.69 16.42 466.49 5 35 5
48 38.01 36.07 26.24 91.78 0 3 3
49 32.15 63.58 46.58 315.51 20 40 3
50 73.06 52.60 29.80 452.29 8 19 5
51 20.75 59.70 35.94 354.10 21 29 2
52 28.97 77.41 40.91 263.88 11 19 2
53 93.82 5.80 42.19 126.71 2 17 5
54 41.23 4.00 5.15 52.73 13 17 4
55 46.15 26.47 3.33 222.07 0 17 2
56 38.48 61.43 49.79 320.77 1 2 5
57 24.08 19.20 48.60 477.54 21 44 1
58 2.18 58.90 22.36 328.03 14 35 2
59 54.18 12.25 8.93 177.43 24 44 2
60 61.58 22.56 36.38 114.47 20 28 4
61 89.24 54.84 41.04 145.42 3 9 5
62 0.71 61.15 5.66 309.78 0 14 4
63 27.84 98.92 19.14 79.16 8 13 1
64 59.06 23.48 31.51 189.77 12 28 1
65 3.92 73.26 1.15 223.67 24 26 2
66 61.51 93.01 24.08 52.70 13 48 3
67 99.94 90.22 48.10 303.66 5 40 3
68 57.94 49.23 41.98 94.36 16 39 3
69 34.35 82.18 38.38 202.25 9 41 2
70 75.86 6.45 15.89 333.15 15 15 4
71 19.33 70.42 7.60 138.07 24 27 1
72 4.79 15.95 5.70 243.98 21 28 5
73 40.21 2.50 30.51 476.81 24 38 4
74 2.74 3.16 6.19 414.03 3 31 2
75 23.09 70.28 18.65 150.86 19 27 2
76 15.06 92.48 6.53 152.55 17 45 1
77 75.42 96.07 40.14 76.63 16 31 1
78 53.37 49.90 16.86 154.78 24 36 1
79 2.12 21.85 18.84 387.90 20 44 5
80 83.70 79.02 36.32 224.46 15 17 2
81 23.97 45.56 38.45 247.15 10 27 5
82 16.16 39.70 42.97 169.29 4 35 2
83 41.78 81.06 6.88 372.42 11 35 1
84 49.72 75.15 29.89 209.99 18 39 5
85 7.51 9.04 3.73 278.31 4 10 1
86 14.40 6.67 3.03 85.76 4 11 3
87 2.16 12.99 8.48 92.10 8 31 5
88 7.02 26.28 42.72 301.49 0 24 2
89 35.90 39.24 40.12 89.06 11 21 4
90 81.69 6.77 17.36 53.48 22 26 1
91 22.55 10.65 7.24 293.29 10 17 1
92 56.66 86.24 31.36 453.27 6 48 2
93 58.02 12.04 31.10 297.59 17 18 4
94 43.26 36.59 20.47 172.35 13 32 4
95 67.73 36.87 12.37 203.12 7 11 3
96 34.59 34.81 31.92 414.17 11 44 4
97 31.94 88.08 27.63 391.49 3 43 4
98 11.06 83.56 15.43 467.65 8 24 5
99 96.11 70.61 4.54 172.72 5 41 3
100 51.13 4.64 12.44 107.65 4 41 3
1 105.62 4517.44 1
2 106.51 4978.02 2
3 104.86 2809.91 3
4 174.16 4380.66 4
5 186.88 4671.70 5
6 119.06 4454.48 4
7 137.33 3528.43 4
1 1.16 39.10 7
2 1.70 26.97 1
3 1.93 47.09 2
4 1.79 26.85 1
5 1.61 33.77 3
6 1.48 31.96 3
7 1.89 39.23 5
8 1.84 40.66 5
9 1.34 36.97 5
10 1.29 26.23 1
11 1.99 39.83 5
12 1.82 34.16 2
13 1.50 32.94 4
14 1.83 36.33 3
15 1.98 32.37 1
16 1.40 42.54 5
