Data for Vehicle routing problem with drones - Author: Huyen Do Thi Ngoc
Number of depots: 3
Number of cities: 100
Number of trucks: 8
Number of drones: 14
Area: 100 100 50
Customer maximum demand: 500
Max capacity of truck: 200
Max energy of truck: 5000
Max capacity of drone: 2
Max energy of drone: 50
1 68.51 60.25 10.82
2 57.50 8.73 2.67
3 35.92 83.02 11.40
1 61.82 76.71 12.84 264.90 3 26 1
2 2.02 19.19 24.12 465.48 5 30 3
3 62.75 27.14 46.31 294.05 20 44 3
4 42.12 22.44 13.57 404.71 24 48 3
5 32.31 19.70 11.18 210.23 8 48 3
6 53.80 31.25 18.04 183.82 13 44 2
7 8.62 38.15 7.05 185.09 16 22 2
8 50.36 26.21 4.52 487.44 12 14 1
9 94.25 61.83 11.68 62.93 16 36 1
10 2.21 12.76 18.71 486.08 12 38 1
11 59.91 78.88 37.89 134.59 19 19 3
12 3.51 47.46 3.18 312.68 21 48 3
13 28.19 82.49 40.37 166.84 17 25 2
14 46.67 98.16 38.82 144.69 1 19 2
15 3.36 32.07 47.09 312.60 16 23 2
16 54.15 87.18 28.83 302.45 7 39 1
17 89.93 80.28 47.46 350.55 6 26 2
18 79.67 34.06 12.50 382.16 10 16 3
19 11.76 76.04 5.65 290.33 23 38 1
20 37.43 61.26 10.31 55.84 24 47 3
21 86.34 46.07 40.53 227.84 2 31 3
22 74.85 51.32 18.99 84.55 7 41 2
23 24.02 27.16 21.08 405.56 1 10 3
24 19.17 80.27 16.19 244.80 21 29 1
25 81.91 33.66 1.16 402.04 0 30 2
26 36.72 42.24 37.61 69.99 1 14 2
27 76.90 98.50 15.63 141.83 12 18 1
28 97.10 30.44 44.15 303.57 0 31 1
29 75.84 7.42 39.58 54.97 5 20 1
30 16.01 24.34 8.91 313.85 5 14 1
31 38.04 58.31 42.56 151.08 0 4 2
32 66.90 39.80 5.64 364.98 23 33 2
33 43.46 13.97 49.51 303.11 7 39 3
34 48.29 6.71 7.15 457.44 11 12 1
35 24.94 51.90 44.22 150.73 1 14 1
36 8.23 38.33 11.29 130.30 15 20 1
37 47.98 78.64 15.41 79.51 18 18 3
38 91.23 76.82 11.09 131.19 12 17 1
39 23.82 5.80 13.19 486.15 11 18 3
40 50.48 14.96 19.98 75.92 6 13 3
41 77.19 4.68 8.76 140.99 9 25 1
42 96.12 49.40 24.09 398.60 7 7 2
43 51.65 21.08 32.42 211.36 4 6 3
44 29.40 9.97 11.64 287.64 21 48 3
45 72.97 23.83 12.42 313.68 7 29 1
46 21.26 53.22 33.89 296.24 5 31 2
47 35.52 34.60 28.69 66.53 22 26 2
48 53.75 82.82 39.18 219.90 18 31 2
49 69.63 55.41 3.53 384.44 16 17 1
50 1.13 92.67 35.36 97.42 7 7 1
51 62.81 86.40 20.14 111.52 7 38 3
52 97.61 39.71 9.02 76.81 0 29 1
53 0.87 17.92 29.90 433.98 17 48 2
54 81.65 30.16 42.53 230.13 14 41 1
55 47.77 92.46 25.19 255.66 0 12 3
56 48.86 24.38 47.34 223.19 12 41 2
57 61.69 29.70 26.33 90.97 19 22 3
58 70.98 39.19 47.57 152.22 19 40 3
59 67.21 37.40 17.09 176.24 3 38 2
60 37.91 47.66 8.21 83.81 15 22 2
61 40.15 67.49 19.16 309.28 17 48 2
62 51.96 74.42 10.70 180.48 5 33 2
63 46.65 95.87 8.28 269.27 18 46 3
64 13.45 38.89 7.38 147.73 22 37 1
65 62.53 17.55 38.67 125.34 20 23 2
66 45.66 31.65 48.72 392.52 2 46 2
67 74.29 69.61 38.73 232.71 12 46 2
68 29.84 67.27 27.10 403.11 18 31 3
69 25.08 63.17 4.35 460.99 20 37 1
70 12.68 21.30 40.54 180.22 12 41 3
71 81.07 84.96 2.57 55.72 3 41 1
72 91.34 4.53 39.68 335.59 18 24 2
73 3.35 99.63 49.26 75.32 23 23 2
74 7.95 97.43 40.60 208.61 18 36 3
75 86.68 26.24 19.51 377.50 1 36 3
76 38.78 54.64 14.84 405.61 5 6 1
77 95.89 56.29 21.49 104.38 22 32 3
78 79.84 22.12 4.71 109.75 24 36 2
79 95.20 30.34 21.68 355.77 13 45 1
80 66.31 10.76 6.53 170.07 2 28 3
81 3.29 60.61 20.82 72.93 2 47 1
82 67.18 60.24 43.83 389.55 3 8 3
83 13.89 48.88 21.92 251.96 1 27 1
84 73.09 45.26 27.68 115.02 0 15 2
85 32.45 25.52 13.06 325.87 0 41 2
86 40.57 38.32 44.85 142.28 21 46 2
87 9.46 96.02 25.63 279.79 18 40 1
88 81.54 41.87 46.50 60.24 17 35 3
89 32.46 38.69 26.32 369.53 23 25 2
90 67.63 42.55 36.77 242.17 3 8 3
91 28.22 79.20 39.65 361.52 23 31 2
92 50.35 47.49 15.51 243.01 5 20 1
93 14.95 83.77 5.37 252.35 11 44 3
94 65.40 62.56 41.20 206.26 23 32 3
95 30.52 80.19 27.59 140.94 9 15 2
96 78.74 61.85 23.27 88.04 20 28 2
97 29.02 69.99 13.65 195.96 4 36 2
98 26.70 100.00 24.11 425.17 22 25 2
99 4.10 95.20 41.02 337.85 5 45 2
100 53.32 98.25 25.90 401.12 8 25 3
1 169.74 3339.00 1
2 100.21 3823.42 2
3 123.51 3479.61 3
4 108.74 4590.71 3
5 122.26 2826.75 3
6 157.47 3773.06 3
7 132.79 3419.73 2
8 142.61 2823.30 1
1 1.70 26.13 6
2 1.79 29.30 2
3 1.57 32.29 4
4 1.65 44.52 6
5 1.95 38.36 4
6 1.42 38.64 1
7 1.71 46.45 7
8 1.04 29.24 8
9 1.37 31.28 1
10 1.08 43.44 3
11 1.89 25.38 7
12 1.76 45.01 3
13 1.47 46.41 8
14 1.84 35.93 6
