Data for Vehicle routing problem with drones - Author: Huyen Do Thi Ngoc
Number of depots: 1
Number of cities: 200
Number of trucks: 5
Number of drones: 15
Area: 100 100 50
Customer maximum demand: 500
Max capacity of truck: 200
Max energy of truck: 5000
Max capacity of drone: 2
Max energy of drone: 50
1 37.24 6.59 39.88
1 9.00 40.14 8.67 155.76 18 44 1
2 2.35 46.28 36.01 117.18 10 45 1
3 8.69 30.60 8.53 488.09 6 22 1
4 21.54 65.56 38.34 93.06 13 35 1
5 77.90 37.71 42.21 455.26 10 31 1
6 93.11 43.29 21.48 127.38 9 37 1
7 32.53 6.48 43.81 256.45 15 46 1
8 37.68 65.62 26.23 286.69 1 44 1
9 7.71 99.81 47.82 74.48 22 40 1
10 31.72 2.74 5.95 400.72 9 9 1
11 66.93 41.38 30.06 133.58 7 7 1
12 20.93 99.41 3.62 295.72 19 19 1
13 49.22 56.76 47.44 53.97 20 34 1
14 5.74 60.26 35.84 185.26 20 25 1
15 83.46 17.17 21.22 392.14 11 47 1
16 29.36 37.76 22.22 125.00 10 41 1
17 30.59 79.15 12.38 268.05 9 34 1
18 85.08 41.79 43.85 336.84 5 17 1
19 87.96 5.69 1.23 296.94 7 29 1
20 20.17 16.35 32.75 233.53 14 23 1
21 19.67 91.31 22.73 80.58 2 19 1
22 83.05 33.21 9.64 164.47 5 48 1
23 44.70 98.01 42.59 144.13 23 39 1
24 41.52 38.49 32.00 281.60 14 45 1
25 7.74 6.99 33.73 394.64 16 41 1
26 98.47 61.17 34.96 339.22 22 24 1
27 85.30 78.22 31.05 251.49 6 41 1
28 18.15 30.23 31.68 429.88 10 37 1
29 93.61 7.26 4.27 473.18 1 15 1
30 41.86 63.56 3.75 417.78 12 18 1
31 51.17 21.20 44.39 261.21 24 31 1
32 89.46 13.56 8.95 232.78 9 26 1
33 51.64 19.01 14.46 109.61 8 39 1
34 57.34 5.03 40.06 67.79 8 25 1
35 64.89 88.01 10.04 212.76 24 29 1
36 26.20 79.40 23.71 96.94 18 38 1
37 63.81 88.99 17.59 126.37 7 31 1
38 86.93 33.71 37.06 182.35 2 18 1
39 34.04 23.25 23.03 280.40 13 32 1
40 11.24 17.15 37.76 412.01 7 42 1
41 74.50 58.46 13.25 351.25 19 22 1
42 78.21 7.28 25.32 91.10 13 20 1
43 1.44 25.56 7.95 371.10 24 26 1
44 61.67 52.58 3.18 251.46 12 16 1
45 32.51 21.51 26.20 183.11 4 18 1
46 6.53 73.80 36.48 115.18 0 30 1
47 82.29 43.04 20.43 478.07 24 40 1
48 82.97 14.95 35.62 387.60 23 26 1
49 38.29 58.03 41.21 247.24 19 43 1
50 20.12 97.72 33.72 202.62 17 17 1
51 34.77 34.59 16.43 218.28 11 13 1
52 95.06 80.89 26.06 337.71 5 11 1
53 92.19 35.16 17.15 294.54 12 18 1
54 45.98 78.61 39.37 127.49 4 39 1
55 59.56 85.63 2.92 384.34 1 48 1
56 97.53 64.86 24.70 133.85 0 3 1
57 45.34 24.41 23.42 321.03 24 26 1
58 22.53 78.93 22.72 425.47 13 45 1
59 22.48 27.48 16.08 412.52 11 40 1
60 23.30 19.89 11.12 394.70 9 27 1
61 98.84 43.83 42.72 266.42 13 13 1
62 26.66 53.95 11.48 440.48 21 45 1
63 25.34 53.07 21.74 383.34 16 18 1
64 13.02 71.02 14.14 69.54 12 41 1
65 19.99 51.21 17.89 290.59 18 41 1
66 92.11 20.19 30.01 474.01 3 16 1
67 10.36 67.07 25.30 143.71 5 9 1
68 49.88 46.21 23.77 393.36 15 48 1
69 31.33 25.37 28.03 169.79 4 16 1
70 15.07 61.04 2.41 497.38 17 23 1
71 12.57 68.72 25.69 106.26 21 27 1
72 50.21 8.61 12.09 354.98 23 28 1
73 25.51 54.50 38.22 152.49 10 23 1
74 8.19 63.12 4.10 443.35 13 27 1
75 92.48 15.04 38.32 125.68 16 20 1
76 57.08 43.45 49.43 51.96 0 29 1
77 1.35 19.40 49.18 132.33 21 26 1
78 9.05 15.54 38.20 422.81 17 32 1
79 4.32 96.23 36.93 312.27 13 31 1
80 97.98 62.82 34.18 474.11 5 10 1
81 0.28 4.43 41.77 120.74 8 46 1
82 0.08 88.30 11.73 430.55 24 29 1
83 93.44 25.93 47.49 340.07 0 14 1
84 10.63 3.83 48.82 403.78 19 32 1
85 27.16 98.73 26.51 260.06 16 28 1
86 66.58 94.25 21.65 178.22 21 37 1
87 86.01 98.88 4.54 363.89 1 42 1
88 75.60 9.81 35.71 116.72 6 30 1
89 55.38 50.27 8.96 158.33 20 45 1
90 25.59 90.31 30.85 281.55 16 35 1
91 66.81 10.78 38.97 156.85 9 39 1
92 63.84 26.11 23.09 308.59 0 13 1
93 61.02 48.60 34.05 223.93 22 28 1
94 36.01 82.88 25.89 168.99 10 44 1
95 57.35 46.42 18.76 499.22 5 5 1
96 35.06 70.23 27.76 151.27 16 29 1
97 53.01 80.92 11.43 142.97 12 36 1
98 79.60 2.29 43.37 128.69 5 46 1
99 93.62 5.07 19.70 357.82 17 24 1
100 93.58 6.90 12.79 418.55 17 35 1
101 4.47 21.48 7.02 233.33 11 37 1
102 98.37 60.89 30.89 493.92 14 32 1
103 36.29 4.55 2.39 492.61 24 44 1
104 15.72 54.58 6.25 294.15 17 35 1
105 24.09 26.22 44.06 249.00 6 46 1
106 69.05 15.27 38.19 473.73 8 34 1
107 83.77 37.18 36.21 273.59 8 29 1
108 21.37 84.62 7.79 461.59 7 15 1
109 32.74 50.80 17.50 309.68 9 35 1
110 98.76 42.26 21.39 233.73 7 33 1
111 42.93 44.08 25.90 58.39 22 25 1
112 99.39 72.75 19.22 468.63 14 38 1
113 33.38 70.54 5.84 52.54 5 14 1
114 98.98 56.39 3.80 157.58 21 29 1
115 26.18 17.62 30.07 82.48 17 29 1
116 33.55 42.57 14.77 138.99 2 8 1
117 77.89 92.04 14.17 487.91 23 37 1
118 67.22 68.54 44.24 460.23 16 29 1
119 2.45 33.11 35.04 76.57 22 40 1
120 61.67 82.31 47.64 483.69 23 26 1
121 86.55 63.86 46.56 421.10 12 14 1
122 43.27 30.84 18.77 182.59 12 28 1
123 50.62 94.99 6.36 376.61 22 35 1
124 91.52 55.57 45.87 110.57 6 42 1
125 46.83 77.46 12.91 170.38 21 27 1
126 37.65 38.64 45.22 235.66 6 48 1
127 80.40 60.63 40.50 223.43 6 44 1
128 91.53 96.42 39.69 338.29 1 9 1
129 3.94 38.67 45.19 199.62 6 6 1
130 50.68 11.45 45.81 237.11 14 46 1
131 85.11 70.53 32.11 247.30 6 47 1
132 22.75 44.76 39.18 92.40 22 35 1
133 51.18 49.33 28.48 348.71 1 27 1
134 70.26 60.87 19.96 106.29 7 48 1
135 25.48 28.05 33.68 64.28 22 22 1
136 95.20 7.15 8.50 220.41 6 40 1
137 50.58 49.12 1.94 477.58 14 38 1
138 62.24 49.80 6.64 292.89 1 13 1
139 33.35 18.97 7.24 120.56 20 26 1
140 57.61 39.66 18.04 304.48 4 14 1
141 7.98 33.11 32.99 240.52 22 43 1
142 4.03 57.75 24.74 391.64 16 45 1
143 61.60 51.17 37.86 298.18 24 43 1
144 54.65 59.39 46.98 341.52 7 48 1
145 65.06 79.25 13.42 236.80 11 20 1
146 78.46 80.92 24.67 449.07 2 25 1
147 54.45 74.84 20.71 387.56 16 23 1
148 80.21 68.68 15.64 314.96 5 19 1
149 75.73 72.63 17.59 259.84 3 37 1
150 98.19 21.91 37.31 372.54 2 27 1
151 22.16 50.67 26.39 312.06 19 40 1
152 90.27 58.91 12.31 66.35 22 26 1
153 86.85 62.57 25.63 191.62 10 42 1
154 53.89 43.67 3.65 164.06 15 39 1
155 88.94 70.98 13.53 207.72 6 12 1
156 72.77 44.39 19.08 96.75 24 38 1
157 36.66 74.26 21.06 335.44 23 44 1
158 3.44 59.38 8.34 288.37 14 45 1
159 27.81 11.46 33.95 69.42 15 15 1
160 23.12 74.44 9.77 272.55 1 8 1
161 67.37 96.02 26.33 273.39 0 35 1
162 23.87 79.98 26.53 120.66 11 33 1
163 87.52 48.95 39.19 450.62 24 47 1
164 43.62 11.69 29.38 369.81 24 39 1
165 35.10 13.61 40.03 80.01 10 10 1
166 51.78 6.77 35.42 124.33 5 5 1
167 40.84 7.80 47.06 374.34 14 26 1
168 7.15 15.66 41.10 342.83 1 31 1
169 79.13 68.08 20.18 424.87 21 30 1
170 31.17 12.41 17.09 334.73 8 46 1
171 33.83 43.67 28.14 235.56 3 7 1
172 62.95 35.96 36.25 215.09 10 42 1
173 29.19 32.90 5.21 131.42 2 20 1
174 7.66 73.64 49.11 195.57 23 37 1
175 38.57 77.72 48.25 216.49 3 25 1
176 29.95 26.59 4.94 170.81 9 37 1
177 74.34 24.56 43.67 174.83 0 8 1
178 13.10 96.80 4.65 496.95 21 23 1
179 18.57 9.34 14.66 292.28 20 34 1
180 83.75 16.97 17.76 82.05 1 13 1
181 24.10 52.61 4.60 467.79 21 43 1
182 24.70 31.48 24.47 499.78 24 26 1
183 10.19 0.28 28.78 296.09 1 20 1
184 81.41 16.65 45.92 142.75 16 35 1
185 22.76 99.24 6.75 93.35 5 20 1
186 63.52 29.76 49.54 85.28 17 36 1
187 77.93 57.61 34.96 375.63 2 35 1
188 44.08 5.94 14.14 121.35 12 15 1
189 59.87 90.65 22.21 286.29 7 18 1
190 45.71 91.45 0.45 431.96 16 48 1
191 19.63 97.85 9.32 390.75 11 26 1
192 88.34 95.05 27.33 410.51 24 42 1
193 88.34 58.91 18.01 438.17 2 22 1
194 25.64 35.88 15.37 271.03 2 21 1
195 94.45 62.22 46.57 105.19 18 23 1
196 52.94 62.60 12.72 430.77 23 32 1
197 95.51 48.13 2.84 72.26 20 31 1
198 28.19 48.69 48.74 211.37 0 28 1
199 16.87 79.20 46.63 113.65 24 30 1
200 44.24 0.05 26.33 384.06 13 46 1
1 116.47 2966.66 1
2 119.16 4641.14 1
3 116.51 3777.50 1
4 135.85 4561.77 1
5 147.44 4570.19 1
1 1.42 39.13 1
2 1.08 35.14 2
3 1.91 34.33 2
4 1.86 45.65 3
5 1.77 48.95 2
6 1.53 28.12 4
7 1.53 44.86 5
8 1.69 40.78 5
9 1.46 29.96 1
10 1.74 26.57 2
11 1.33 32.98 4
12 1.22 29.12 5
13 1.10 44.57 1
14 1.59 43.73 3
15 1.18 44.94 3
