Data for Vehicle routing problem with drones - Author: Huyen Do Thi Ngoc
Number of depots: 3
Number of cities: 400
Number of trucks: 3
Number of drones: 12
Area: 100 100 50
Customer maximum demand: 500
Max capacity of truck: 200
Max energy of truck: 5000
Max capacity of drone: 2
Max energy of drone: 50
1 7.46 31.88 22.82
2 51.84 66.38 2.38
3 17.52 90.19 2.70
1 35.88 76.10 21.68 64.25 18 48 1
2 50.46 21.51 48.92 359.26 3 46 2
3 34.28 75.05 37.91 432.31 3 17 2
4 63.45 24.81 33.40 373.89 16 26 2
5 19.31 29.15 29.11 217.91 17 21 3
6 1.27 38.94 25.70 206.71 7 43 2
7 12.36 48.41 10.47 263.11 2 20 2
8 66.58 23.97 25.03 252.89 0 6 2
9 55.98 42.66 15.93 86.67 5 16 2
10 9.22 6.97 17.34 236.59 17 47 3
11 6.77 17.95 12.47 50.65 6 37 3
12 32.52 43.81 44.11 316.81 16 33 1
13 99.14 9.00 46.08 277.00 8 27 3
14 64.56 2.09 24.21 363.27 22 35 1
15 87.02 51.36 8.74 73.05 17 22 1
16 84.73 83.65 39.89 278.68 11 12 1
17 92.69 81.09 39.80 162.18 2 21 3
18 98.92 21.66 25.72 433.65 5 47 2
19 64.06 88.69 12.81 412.82 23 37 1
20 29.48 67.33 28.56 394.64 9 22 2
21 74.57 46.80 47.91 421.91 15 35 2
22 21.93 12.42 15.98 306.33 15 19 1
23 70.97 3.50 24.61 177.72 14 32 1
24 0.81 12.33 30.39 213.08 13 21 2
25 14.97 51.19 8.87 482.72 20 29 2
26 39.37 52.07 5.80 319.40 15 34 2
27 98.98 96.71 1.74 456.71 9 33 3
28 43.52 90.16 13.03 419.92 11 31 1
29 8.56 1.55 37.07 488.06 24 35 2
30 62.38 7.12 10.90 219.78 6 36 3
31 42.02 59.58 29.64 292.35 20 34 3
32 90.03 23.40 26.03 211.92 24 35 1
33 59.18 73.90 4.64 254.78 0 48 3
34 47.50 18.03 11.80 154.66 12 17 2
35 30.59 81.39 49.39 458.95 23 38 3
36 49.90 23.10 12.04 226.32 12 14 2
37 31.24 77.47 40.87 403.13 9 46 1
38 78.51 51.57 37.26 303.27 2 12 3
39 22.78 54.87 4.13 53.15 19 46 1
40 54.58 35.50 13.65 439.72 1 5 3
41 57.19 79.03 16.37 214.34 7 47 3
42 61.54 88.18 21.54 97.49 1 28 1
43 23.20 63.73 28.47 476.84 5 15 2
44 95.12 18.15 22.26 339.84 17 19 2
45 21.92 58.71 39.35 125.51 1 2 1
46 43.88 43.65 5.28 278.74 1 38 2
47 24.98 41.97 38.81 415.61 22 27 2
48 71.25 33.36 27.71 263.68 5 36 3
49 23.78 81.22 7.05 378.72 23 29 1
50 79.63 14.86 36.25 151.34 1 35 3
51 49.44 92.00 24.01 429.58 10 26 3
52 41.37 14.45 5.67 149.83 12 43 3
53 46.21 1.14 26.37 234.75 24 47 2
54 58.66 73.12 3.39 105.12 2 7 1
55 95.51 83.52 10.29 82.71 1 36 3
56 18.32 90.09 3.61 221.82 22 45 2
57 22.27 70.49 2.25 181.11 2 4 3
58 56.52 64.29 3.20 230.58 22 46 3
59 68.79 33.28 2.83 475.91 10 47 2
60 59.16 38.76 1.96 449.78 9 31 3
61 78.81 80.44 43.59 102.16 6 38 1
62 35.71 68.36 7.98 150.77 17 39 2
63 42.84 29.15 17.32 490.20 17 21 1
64 70.26 27.77 27.21 382.67 14 30 2
65 73.07 44.88 32.77 309.42 5 9 2
66 8.47 15.29 23.74 255.09 3 43 2
67 57.27 43.52 22.13 472.23 12 38 1
68 54.00 73.08 40.01 227.58 20 22 3
69 25.49 37.24 12.68 314.33 20 29 2
70 25.64 66.47 36.06 405.08 3 22 2
71 55.12 22.75 32.16 173.19 20 45 3
72 14.11 10.28 37.51 374.67 24 35 1
73 12.21 24.38 44.28 448.48 4 30 2
74 15.21 55.87 43.84 489.57 16 19 1
75 33.98 23.95 11.94 141.24 15 34 3
76 13.40 66.71 2.56 199.90 18 23 3
77 76.61 65.50 14.35 473.27 1 44 2
78 44.25 4.05 34.56 225.60 12 18 1
79 14.06 84.29 29.86 402.64 24 47 1
80 6.70 74.57 14.16 390.08 10 18 2
81 40.94 7.89 46.02 298.46 7 23 1
82 2.96 43.98 41.56 434.06 16 17 1
83 14.70 54.49 30.52 426.81 14 38 1
84 19.44 41.97 3.73 86.60 5 11 2
85 92.16 74.72 23.29 147.59 8 18 1
86 61.04 45.85 1.61 76.74 5 32 2
87 68.57 67.48 45.59 121.54 3 31 3
88 78.34 14.91 2.22 317.29 11 46 1
89 10.12 29.84 14.13 266.89 7 29 2
90 70.08 9.06 36.16 80.11 1 29 1
91 37.49 47.28 24.23 414.93 21 36 2
92 29.49 85.96 8.88 325.86 6 32 3
93 67.62 10.35 19.40 199.98 7 19 1
94 54.75 92.98 46.44 274.25 18 18 3
95 16.83 16.57 30.07 435.30 24 28 2
96 74.83 66.33 21.21 345.66 19 45 1
97 30.85 0.68 46.61 474.24 19 26 3
98 91.46 17.91 40.28 374.02 9 16 2
99 97.35 68.95 21.86 162.26 12 39 1
100 62.61 34.45 8.44 159.84 18 21 2
101 83.93 52.17 42.05 455.84 9 43 3
102 91.83 17.56 6.40 314.92 19 27 2
103 2.05 59.73 41.73 84.23 20 22 3
104 94.27 51.21 28.33 395.97 10 34 1
105 33.83 1.37 36.52 59.37 14 46 1
106 17.85 2.33 39.99 284.80 15 27 2
107 25.69 11.37 2.81 79.21 3 17 2
108 86.28 86.70 9.91 292.30 14 28 3
109 95.31 36.66 16.14 219.03 24 33 1
110 78.05 62.06 25.82 158.75 7 18 2
111 19.92 55.77 8.89 180.15 8 9 2
112 14.62 15.11 10.94 160.34 6 36 1
113 1.95 24.41 49.16 440.37 21 26 2
114 87.48 41.02 1.96 414.73 16 41 2
115 39.28 11.37 49.64 252.83 16 46 1
116 81.86 94.47 43.11 375.54 0 14 1
117 33.00 90.52 8.80 109.75 24 45 3
118 79.19 28.66 31.00 132.49 9 13 3
119 79.24 5.84 48.29 492.06 4 8 3
120 27.09 75.07 36.37 353.56 21 47 1
121 89.69 80.04 35.85 450.89 11 27 3
122 48.13 29.60 35.61 264.34 2 8 1
123 30.66 68.73 18.00 497.03 24 36 3
124 9.76 9.33 38.67 460.64 11 23 3
125 57.60 45.22 14.56 114.76 14 20 1
126 22.97 10.58 13.12 59.05 4 18 2
127 63.83 47.28 16.47 165.42 2 24 3
128 41.87 46.73 26.99 327.50 15 23 1
129 43.96 69.02 29.08 73.98 18 41 2
130 29.06 66.99 3.79 181.81 19 28 1
131 17.20 56.90 45.63 224.20 8 30 3
132 90.13 72.73 12.85 348.36 12 25 2
133 86.52 62.52 23.00 136.39 24 47 1
134 76.48 75.69 40.06 175.58 5 38 1
135 38.83 12.55 23.05 335.83 23 48 1
136 84.37 68.49 37.73 183.31 2 5 2
137 78.48 45.66 39.68 403.02 21 24 3
138 76.88 5.96 8.63 233.34 7 48 2
139 38.99 56.03 13.60 77.80 3 23 3
140 91.96 6.48 48.49 106.17 12 41 1
141 51.89 5.00 46.21 199.45 3 45 2
142 30.81 11.98 10.80 354.13 21 25 3
143 71.38 1.13 37.64 455.38 15 34 2
144 62.36 99.25 44.04 148.94 13 17 3
145 62.66 65.26 10.08 381.21 5 12 3
146 38.90 94.81 22.77 215.77 3 36 1
147 96.83 88.16 16.70 432.83 9 14 1
148 62.42 54.17 15.87 444.91 13 42 3
149 32.92 90.18 22.37 69.71 18 42 1
150 82.07 50.64 33.50 171.19 8 32 1
151 82.74 62.19 41.83 51.95 3 30 3
152 10.17 66.08 12.28 363.95 14 43 2
153 55.84 2.75 1.31 471.60 10 31 1
154 72.19 21.61 14.71 321.12 3 19 3
155 1.58 21.91 38.33 400.06 24 29 2
156 55.45 42.83 22.17 218.15 2 44 2
157 89.15 16.31 17.81 168.86 14 34 1
158 86.38 53.92 9.60 64.33 20 32 2
159 65.23 47.91 8.16 236.39 15 31 3
160 92.97 99.68 33.79 487.15 9 23 2
161 83.58 23.95 8.12 117.17 23 25 2
162 42.62 55.60 5.14 428.38 7 19 3
163 13.87 11.70 15.48 159.26 10 33 3
164 56.51 41.98 40.30 294.32 19 41 3
165 74.73 82.89 20.58 490.76 8 8 2
166 97.42 18.83 29.88 98.55 8 47 2
167 83.57 65.88 3.46 309.12 15 33 1
168 89.12 39.18 24.65 220.41 0 2 3
169 63.30 73.19 46.97 68.54 16 19 2
170 56.59 9.55 2.17 408.48 22 33 3
171 79.17 45.65 46.52 171.23 5 39 3
172 58.45 60.04 49.70 454.73 13 25 3
173 79.44 91.99 29.67 344.54 24 34 2
174 79.60 82.59 32.33 322.17 23 23 1
175 99.92 74.92 37.51 451.07 21 44 2
176 43.23 73.91 39.38 483.50 2 6 1
177 89.89 75.27 36.21 216.25 12 28 2
178 41.97 53.51 13.92 359.00 9 41 3
179 96.00 43.01 25.54 477.37 20 22 3
180 78.12 45.33 35.82 257.21 8 18 2
181 43.43 52.54 11.46 107.12 13 47 2
182 42.70 11.61 26.76 366.01 9 23 1
183 93.68 74.23 5.16 359.10 18 20 2
184 43.63 43.13 40.73 66.77 5 24 1
185 92.42 15.96 3.66 157.27 6 12 3
186 11.76 0.20 43.28 477.72 19 26 1
187 0.78 50.03 8.28 452.27 10 28 3
188 98.49 85.00 32.68 327.92 10 39 1
189 10.08 21.26 8.65 72.25 20 39 1
190 86.61 9.99 11.09 400.68 12 47 1
191 69.10 67.21 12.57 254.25 12 22 3
192 44.41 10.36 16.84 458.90 11 28 1
193 0.85 44.38 25.14 226.30 9 34 1
194 35.58 62.35 1.89 415.03 23 27 2
195 21.73 89.42 17.16 348.20 13 18 3
196 44.24 32.27 7.41 54.38 7 34 2
197 73.40 74.64 6.77 278.32 10 19 3
198 33.92 52.48 9.11 55.04 22 28 2
199 90.01 60.95 18.85 184.39 5 36 2
200 74.08 88.51 23.34 155.91 1 1 3
201 61.70 81.18 19.94 406.05 24 42 2
202 87.20 2.63 30.74 466.22 2 38 3
203 46.98 53.56 31.30 472.35 11 16 1
204 0.88 91.26 19.15 96.82 0 33 3
205 82.04 56.47 15.06 84.88 6 42 2
206 31.94 80.68 30.38 124.24 21 27 1
207 16.33 82.39 38.10 95.93 11 25 3
208 83.49 24.54 41.26 193.57 0 23 2
209 59.91 22.94 20.96 307.01 3 26 3
210 29.83 61.20 49.44 441.10 12 17 2
211 60.32 17.81 40.15 298.84 23 29 2
212 7.72 12.39 24.13 67.77 13 47 1
213 90.90 12.51 26.57 417.57 1 3 3
214 0.37 97.76 18.38 234.31 10 29 3
215 44.75 33.01 47.79 181.07 17 19 1
216 10.24 48.99 35.21 101.20 1 7 2
217 65.20 40.61 26.68 360.65 15 43 1
218 30.91 44.90 14.18 449.12 20 43 2
219 96.14 82.69 17.70 417.51 11 24 2
220 91.56 77.13 7.00 414.72 23 30 1
221 83.49 63.92 44.90 298.82 21 43 2
222 41.18 20.04 13.63 424.22 16 25 1
223 83.62 15.60 15.41 294.28 15 17 2
224 29.45 76.07 31.45 283.55 20 22 2
225 34.69 7.85 47.26 223.52 22 43 2
226 52.22 39.98 36.90 121.15 5 10 3
227 34.43 92.78 13.26 391.06 10 14 1
228 26.62 23.71 24.01 470.52 22 40 3
229 26.91 98.05 31.98 325.98 19 29 3
230 65.89 65.09 18.60 332.43 15 47 2
231 87.56 47.47 27.73 275.06 17 38 3
232 96.04 74.70 44.90 322.04 14 22 1
233 0.90 99.34 10.67 103.26 22 25 1
234 37.51 78.61 1.25 67.00 11 34 2
235 18.58 66.19 3.17 421.05 14 39 2
236 71.20 29.18 1.74 255.81 10 43 3
237 60.68 66.21 23.71 121.85 23 37 1
238 5.76 29.88 36.79 414.22 7 16 2
239 88.83 68.13 17.99 175.11 0 4 1
240 25.18 79.28 18.16 328.90 4 36 1
241 86.83 66.53 46.51 69.82 16 27 2
242 73.27 39.42 24.43 426.38 14 32 1
243 2.87 29.15 32.56 440.41 13 20 2
244 89.37 31.25 1.60 440.23 0 42 1
245 93.87 93.50 3.77 117.94 4 37 2
246 49.98 72.29 5.21 393.77 13 15 1
247 34.19 5.67 23.84 99.69 12 15 1
248 44.38 29.74 47.24 393.05 11 30 3
249 65.36 62.71 3.11 439.57 19 43 3
250 25.52 2.51 1.95 410.45 10 22 1
251 45.69 2.60 37.21 273.89 21 47 3
252 80.16 59.02 17.82 346.73 12 34 2
253 65.38 15.37 23.20 106.80 16 35 3
254 66.37 81.20 25.61 471.48 21 40 2
255 62.84 46.33 19.20 456.77 22 22 1
256 16.64 9.51 22.57 117.07 9 19 3
257 67.12 34.91 19.53 139.92 0 46 3
258 9.25 90.29 16.02 248.68 4 42 1
259 47.65 44.59 28.87 214.57 3 39 3
260 22.93 42.05 47.40 126.56 10 37 1
261 12.92 13.44 28.06 62.92 5 12 2
262 66.17 21.76 4.73 245.57 9 20 2
263 96.15 5.55 48.30 302.45 19 27 2
264 71.61 55.98 9.96 245.92 0 4 2
265 72.22 50.02 41.03 339.79 3 46 2
266 35.76 49.99 46.48 483.53 23 30 2
267 1.04 2.53 25.96 283.46 2 47 3
268 93.58 7.44 27.70 294.61 20 44 3
269 48.34 9.82 27.25 287.01 1 17 1
270 29.10 24.10 7.29 361.56 15 48 3
271 39.68 68.99 7.01 414.95 22 35 2
272 88.01 49.00 20.39 364.89 23 43 3
273 71.49 49.83 30.56 363.09 4 39 3
274 40.50 11.43 26.21 150.37 14 26 3
275 43.92 61.44 0.49 93.17 1 1 1
276 12.46 87.38 48.21 257.12 4 47 1
277 74.11 29.67 24.26 394.89 2 46 3
278 15.89 69.60 6.60 163.83 16 32 2
279 60.38 19.91 45.75 234.09 11 39 1
280 78.24 71.69 37.46 245.76 12 16 3
281 22.37 7.51 43.24 192.80 14 24 1
282 66.48 42.01 48.08 280.15 2 2 3
283 78.55 93.03 5.50 215.66 21 31 3
284 26.17 50.33 35.66 201.23 12 45 3
285 2.66 0.16 15.52 157.12 18 24 1
286 65.73 91.97 24.02 134.32 21 21 2
287 11.58 22.56 2.33 160.08 20 39 3
288 74.37 1.01 37.74 476.87 22 41 3
289 93.11 13.42 48.65 301.72 8 44 1
290 13.70 39.98 39.54 371.06 17 36 2
291 96.49 75.44 9.74 376.06 18 34 2
292 99.41 31.10 4.70 196.30 9 40 3
293 54.03 37.34 3.35 412.43 4 34 3
294 91.10 47.30 14.29 75.76 8 25 3
295 50.46 21.85 44.89 327.00 15 20 1
296 17.19 95.56 8.67 219.16 14 45 1
297 75.31 18.37 36.89 274.55 13 32 3
298 52.56 68.23 28.83 328.13 6 26 3
299 80.78 55.68 33.50 290.26 9 16 1
300 30.58 91.26 20.11 233.09 3 11 3
301 10.94 86.29 23.67 162.09 15 20 1
302 78.70 69.70 37.98 305.31 2 41 3
303 60.67 94.53 6.62 340.93 18 24 2
304 14.07 32.17 49.39 231.71 12 46 2
305 25.35 77.24 41.74 477.84 5 48 2
306 87.12 9.23 49.35 147.91 13 27 2
307 13.01 20.89 28.68 170.23 0 3 2
308 62.63 54.08 25.88 455.75 2 17 2
309 25.69 15.03 35.51 51.18 23 27 3
310 34.08 51.91 44.57 77.73 21 28 1
311 90.63 90.67 9.00 361.74 11 48 2
312 21.18 98.57 22.68 392.65 5 28 3
313 47.92 11.89 13.98 399.64 5 7 2
314 29.75 78.83 39.79 117.48 8 46 2
315 86.17 57.76 2.79 334.46 24 25 2
316 20.88 16.60 15.51 384.11 15 35 3
317 18.92 0.21 25.48 474.43 11 46 1
318 56.14 36.35 24.05 167.23 20 31 2
319 7.61 80.22 22.50 212.46 13 15 1
320 98.11 46.68 1.56 275.82 21 22 2
321 16.15 29.71 3.30 283.45 15 46 1
322 52.29 48.93 33.50 398.17 13 17 2
323 63.39 27.01 27.52 167.41 6 11 3
324 81.48 63.05 34.36 183.70 9 11 3
325 46.64 38.81 29.56 305.05 15 26 3
326 8.80 83.47 11.96 263.10 13 47 2
327 89.27 64.47 38.11 177.89 8 21 1
328 78.42 59.96 10.12 63.08 5 43 3
329 58.16 75.87 20.89 326.97 8 35 3
330 26.70 40.12 41.77 297.03 2 27 3
331 54.70 6.79 4.32 418.13 21 21 1
332 4.14 5.22 43.68 264.54 21 29 2
333 63.35 83.11 35.07 55.79 6 22 3
334 91.95 46.31 8.46 67.28 23 39 2
335 23.24 54.39 37.10 85.08 22 45 3
336 85.41 27.26 21.36 231.60 8 40 1
337 21.99 31.45 40.27 488.29 10 37 1
338 30.73 28.60 25.10 138.29 20 28 3
339 71.25 62.91 15.11 166.12 14 22 3
340 68.32 93.59 27.15 429.27 3 34 3
341 79.71 6.82 49.08 361.32 1 34 1
342 94.40 0.78 7.63 450.55 19 38 3
343 25.08 70.00 38.57 266.85 21 45 3
344 72.68 62.30 14.20 393.73 8 25 1
345 2.69 92.78 24.92 463.04 13 32 1
346 97.50 39.52 25.63 73.77 12 37 3
347 91.30 99.48 31.40 205.07 22 35 1
348 7.69 86.83 41.37 233.69 12 21 1
349 99.78 97.89 3.40 55.61 15 21 2
350 42.65 48.93 16.60 403.61 1 37 2
351 0.65 52.31 15.99 198.49 24 34 2
352 2.70 79.65 0.71 347.02 14 35 2
353 57.63 98.81 30.01 186.16 5 10 3
354 38.83 14.28 18.58 365.15 2 2 2
355 65.76 83.24 38.14 67.14 4 16 3
356 96.57 30.37 1.08 336.78 14 45 2
357 37.75 89.36 33.49 142.35 16 27 1
358 28.74 39.95 46.58 469.52 9 27 1
359 50.15 13.32 41.22 253.39 12 39 1
360 32.34 44.63 25.91 97.52 14 20 2
361 77.96 48.04 39.34 495.42 22 35 3
362 83.89 72.55 20.75 313.42 12 30 2
363 25.59 59.73 1.69 348.30 1 40 3
364 87.48 26.62 25.95 425.96 6 9 3
365 86.42 24.76 6.83 162.28 20 33 3
366 73.44 51.76 31.54 297.89 2 11 3
367 27.22 10.55 43.59 108.72 12 36 1
368 61.15 38.96 12.39 239.79 8 27 3
369 91.66 59.13 48.04 470.83 10 44 3
370 58.49 88.07 29.33 106.29 8 16 1
371 0.86 17.56 27.07 177.09 23 47 1
372 98.66 43.50 24.72 84.42 24 25 1
373 85.79 78.31 14.65 468.25 15 19 3
374 59.00 28.63 35.77 476.35 10 27 2
375 66.27 51.09 20.57 368.00 24 42 1
376 78.38 79.09 21.36 368.57 18 45 3
377 90.15 54.54 35.03 71.74 15 47 2
378 4.82 79.24 49.36 203.24 21 27 2
379 38.16 68.29 21.20 206.74 13 19 1
380 26.82 92.66 11.51 377.00 11 45 1
381 13.37 88.69 12.70 417.37 18 47 1
382 4.59 91.28 47.85 105.94 22 40 2
383 61.93 47.62 4.38 277.24 14 48 2
384 34.41 86.04 23.56 66.10 1 11 1
385 73.99 16.97 4.21 180.55 20 27 1
386 63.44 83.24 14.48 248.18 12 40 1
387 6.12 71.23 13.70 269.84 6 25 2
388 80.32 45.70 9.04 197.77 15 48 3
389 83.26 62.84 19.14 186.18 11 13 2
390 41.90 78.84 5.08 270.70 19 40 1
391 74.00 27.96 39.47 336.46 17 41 3
392 98.74 99.73 49.84 105.84 12 31 1
393 81.63 38.40 46.13 490.38 13 26 3
394 20.60 12.72 35.12 109.85 1 10 2
395 61.41 27.07 24.61 279.82 22 36 2
396 18.00 54.43 17.22 406.68 20 28 1
397 35.11 97.30 45.35 124.44 12 15 3
398 7.71 31.08 44.43 96.45 6 42 2
399 72.35 32.20 17.05 96.18 2 32 2
400 76.74 7.90 11.99 377.27 14 14 3
1 148.64 3142.71 1
2 163.77 2684.69 2
3 135.60 4307.11 3
1 1.43 46.16 1
2 1.16 46.43 1
3 1.86 45.35 3
4 1.18 32.53 1
5 1.64 35.03 3
6 1.60 42.98 3
7 1.68 49.58 2
8 1.49 29.27 1
9 1.87 25.53 3
10 1.74 27.57 3
11 1.08 38.43 1
12 1.27 30.02 3
