Data for Vehicle routing problem with drones - Author: Huyen Do Thi Ngoc
Number of depots: 2
Number of cities: 200
Number of trucks: 3
Number of drones: 12
Area: 100 100 50
Customer maximum demand: 500
Max capacity of truck: 200
Max energy of truck: 5000
Max capacity of drone: 2
Max energy of drone: 50
1 76.06 47.62 48.26
2 44.32 59.19 5.79
1 48.29 66.07 45.74 335.74 6 42 2
2 4.45 99.89 30.45 108.20 16 46 2
3 45.90 83.17 9.38 91.88 7 24 2
4 40.79 27.97 26.45 62.18 12 14 2
5 14.99 30.22 45.38 317.43 10 29 2
6 25.72 82.26 39.17 375.48 8 15 2
7 30.08 91.21 10.50 398.79 23 43 1
8 65.25 4.03 35.56 459.90 20 36 2
9 20.69 29.51 34.68 161.54 3 4 2
10 88.07 60.16 18.46 440.08 9 25 1
11 81.82 95.60 49.91 486.14 8 18 2
12 97.93 71.16 45.77 376.83 13 24 2
13 61.37 59.27 4.82 320.76 16 24 1
14 0.28 88.02 1.90 272.59 15 30 1
15 77.85 40.79 19.34 428.66 21 40 1
16 36.02 21.95 5.62 482.10 14 14 1
17 95.10 14.44 15.44 443.26 7 33 1
18 46.52 13.10 35.69 61.47 3 24 2
19 26.82 90.17 29.71 120.69 18 31 2
20 79.58 13.59 27.81 216.54 1 25 1
21 9.44 64.48 48.49 284.62 24 26 2
22 69.70 53.21 16.74 271.93 2 9 1
23 79.42 56.73 18.33 53.82 18 31 2
24 63.78 73.09 40.97 291.18 8 42 1
25 35.16 92.48 35.59 372.70 7 37 1
26 86.28 55.55 17.56 176.35 22 35 1
27 54.32 33.47 23.96 209.35 17 37 1
28 44.89 63.31 37.47 446.69 24 40 2
29 74.57 23.56 19.73 477.39 15 29 2
30 58.80 1.18 6.83 481.72 13 14 1
31 89.72 20.45 47.57 144.06 8 13 1
32 86.24 43.43 13.47 479.61 10 13 2
33 1.79 56.75 6.19 382.62 15 21 2
34 39.38 31.39 23.22 162.79 22 30 2
35 84.38 51.49 10.46 368.75 8 47 2
36 53.63 83.13 38.48 460.62 4 6 2
37 89.33 50.25 15.44 283.88 12 15 1
38 76.49 30.65 19.10 68.19 20 32 1
39 17.89 67.29 14.32 188.05 0 32 1
40 93.49 60.24 7.53 449.49 22 25 2
41 96.88 74.69 36.04 481.76 4 35 2
42 71.69 51.68 40.82 466.69 1 23 2
43 26.00 21.31 29.96 66.85 15 30 1
44 65.02 62.18 37.45 345.18 12 21 1
45 31.26 83.91 12.66 347.51 5 40 2
46 13.58 83.15 10.44 225.40 24 37 2
47 71.89 61.19 14.25 340.98 18 32 1
48 39.17 73.27 27.95 159.38 1 14 2
49 67.76 63.77 40.23 482.80 16 45 2
50 9.26 65.38 44.63 165.46 15 31 1
51 53.73 15.14 2.33 193.78 4 12 1
52 22.92 31.36 37.81 293.33 23 31 1
53 17.72 1.07 42.41 234.20 5 10 1
54 1.77 16.51 28.19 200.54 11 35 2
55 40.91 79.72 39.73 309.95 8 46 1
56 51.84 30.68 25.07 392.33 3 7 1
57 64.65 93.06 26.00 51.54 14 25 2
58 32.76 58.23 4.48 321.95 3 22 2
59 49.22 82.95 48.52 477.92 20 34 1
60 31.28 6.69 11.58 415.36 1 17 1
61 19.48 12.34 6.06 56.18 3 45 1
62 88.36 83.43 5.54 247.14 9 45 2
63 49.24 74.02 6.02 135.65 4 32 1
64 47.42 86.32 31.36 208.14 0 48 2
65 7.81 10.66 44.77 250.95 4 25 1
66 82.50 86.41 21.04 344.34 3 4 2
67 28.42 29.70 8.88 129.74 15 28 2
68 16.92 69.69 1.48 107.30 11 39 2
69 59.75 27.21 39.26 450.94 16 36 1
70 40.68 41.78 12.45 159.23 8 22 1
71 9.31 25.07 20.08 248.10 15 31 2
72 17.63 22.89 17.58 492.24 1 35 1
73 22.74 77.12 36.33 200.95 22 41 2
74 79.55 84.81 7.27 466.11 4 9 1
75 22.24 65.06 16.44 170.62 21 34 2
76 23.29 72.66 39.54 405.22 10 18 1
77 42.63 31.90 44.70 410.97 5 18 2
78 25.16 1.60 30.63 260.22 24 33 1
79 28.38 50.25 6.84 168.93 8 32 1
80 98.17 80.67 44.65 66.35 1 10 1
81 56.32 45.75 20.82 299.18 7 38 1
82 1.77 62.61 19.82 168.86 7 46 1
83 32.59 77.31 8.20 331.96 1 40 2
84 51.33 61.54 49.73 263.72 21 48 1
85 48.10 13.11 28.43 164.84 14 28 2
86 95.69 1.16 37.80 343.75 14 16 2
87 9.79 32.48 35.94 148.54 16 42 1
88 26.52 32.07 20.49 366.86 10 43 1
89 83.14 73.14 2.94 137.50 21 26 1
90 33.12 38.02 42.52 187.34 6 48 1
91 75.27 67.68 29.98 359.91 12 46 1
92 44.18 84.99 45.28 421.78 6 29 1
93 11.67 79.25 8.54 187.00 10 34 2
94 23.80 34.61 4.96 59.79 10 17 1
95 61.69 31.46 34.92 415.10 17 21 2
96 30.50 85.25 32.06 194.90 19 26 1
97 63.88 16.32 10.79 196.47 14 18 1
98 53.51 89.22 33.33 181.78 0 22 2
99 57.29 10.78 30.35 166.99 22 43 1
100 14.10 89.59 11.76 456.11 5 27 1
101 52.02 62.17 15.11 355.94 8 11 1
102 70.03 39.90 35.69 394.64 16 48 1
103 80.18 65.70 39.66 199.95 18 42 2
104 93.22 83.62 34.47 483.77 23 39 2
105 42.18 96.32 48.02 90.52 21 36 2
106 44.81 41.47 45.00 366.06 13 18 2
107 31.57 57.56 8.59 387.49 20 39 1
108 48.08 46.54 20.75 382.01 1 21 2
109 61.98 77.97 19.53 443.85 12 25 2
110 75.64 7.71 2.63 159.72 22 44 1
111 57.59 24.85 34.75 141.84 22 24 1
112 34.08 43.70 4.08 80.59 16 21 2
113 16.60 11.11 14.22 224.47 22 42 2
114 56.50 4.21 14.62 457.69 16 28 1
115 66.81 94.96 34.72 143.10 19 40 1
116 76.90 54.04 16.28 319.52 11 33 2
117 2.78 70.81 33.24 443.65 6 7 2
118 78.41 38.01 17.32 236.68 16 27 1
119 97.01 75.96 35.69 106.83 10 10 2
120 99.70 56.66 26.10 175.37 4 6 1
121 7.54 7.41 44.49 333.45 6 38 1
122 19.62 45.89 5.58 466.48 15 26 2
123 17.87 71.87 32.42 55.87 15 27 1
124 35.26 93.56 37.46 156.37 17 39 1
125 26.44 78.29 37.99 346.92 8 42 2
126 24.63 80.01 14.99 249.41 16 26 2
127 10.71 75.98 29.18 173.73 3 44 2
128 44.87 59.16 25.74 410.15 10 14 2
129 49.22 9.36 21.92 374.76 21 29 2
130 93.81 4.84 12.77 61.91 17 21 1
131 70.41 28.04 45.51 120.93 1 6 1
132 40.57 4.87 36.54 238.04 10 33 2
133 89.97 90.59 5.57 183.07 4 31 2
134 37.25 99.72 42.74 224.60 17 24 1
135 33.64 46.45 15.48 416.38 24 40 2
136 50.94 28.87 16.48 311.30 24 43 1
137 7.42 67.80 11.93 372.97 14 38 1
138 85.95 96.66 32.34 136.71 10 28 2
139 64.84 82.65 18.23 362.93 21 32 2
140 2.86 40.99 25.07 343.57 13 31 2
141 36.59 68.48 35.83 478.75 14 44 1
142 28.97 31.76 1.03 71.48 19 41 2
143 28.70 61.46 24.67 207.82 14 28 1
144 16.25 88.49 13.31 394.00 1 46 1
145 20.42 65.03 11.56 234.74 5 16 2
146 35.41 57.69 40.35 227.44 16 20 1
147 92.22 77.70 34.72 360.37 0 32 2
148 61.13 3.92 18.47 209.92 7 21 2
149 72.86 8.94 14.01 257.29 7 40 1
150 63.04 86.89 0.39 262.15 1 14 2
151 48.19 64.99 17.24 169.71 3 4 1
152 76.60 36.75 27.21 241.84 6 21 1
153 86.58 15.06 10.98 114.74 6 47 1
154 8.37 61.84 2.02 326.31 20 43 2
155 45.07 87.24 3.40 95.37 15 38 1
156 37.41 95.87 2.94 176.41 23 25 2
157 99.14 20.50 47.19 381.10 15 36 2
158 80.67 61.83 33.42 272.83 7 21 2
159 71.88 77.26 42.83 159.47 23 44 2
160 28.79 64.23 33.43 344.33 23 43 1
161 60.78 11.05 15.77 283.77 21 48 2
162 25.07 11.67 28.71 81.59 19 29 1
163 62.52 89.37 25.81 370.99 3 35 1
164 15.14 49.52 24.94 208.55 18 32 2
165 87.57 61.97 28.43 423.79 1 13 1
166 47.23 2.58 28.13 374.06 16 44 1
167 27.34 12.42 44.14 284.29 24 44 2
168 85.22 42.67 2.11 226.95 13 16 2
169 6.99 27.48 22.96 368.26 3 26 1
170 41.44 97.30 39.70 291.17 0 5 1
171 36.19 98.38 26.07 123.57 18 21 1
172 92.72 20.70 25.30 218.62 22 37 1
173 13.92 57.12 6.62 196.95 1 30 2
174 27.70 78.36 28.63 306.03 0 7 2
175 89.77 73.55 17.81 398.31 19 41 1
176 93.19 4.80 1.98 116.68 22 33 2
177 39.97 21.10 1.77 196.28 9 22 2
178 4.34 36.38 9.35 146.46 23 41 2
179 38.09 68.72 49.97 143.15 9 21 1
180 51.85 46.47 37.33 281.56 19 27 2
181 11.50 26.02 4.12 308.32 23 34 1
182 79.15 86.33 49.23 51.06 5 26 2
183 59.23 71.85 43.74 135.42 22 39 1
184 98.83 11.49 13.78 252.45 15 19 1
185 40.99 72.00 37.66 248.69 5 41 2
186 42.22 96.56 32.15 215.59 17 47 1
187 39.80 62.60 13.38 416.17 6 36 1
188 48.41 46.84 0.47 309.78 14 22 1
189 64.77 74.75 10.14 230.90 24 44 1
190 25.59 16.42 41.82 499.34 2 46 1
191 79.28 24.88 3.09 269.06 16 37 1
192 23.44 18.99 2.57 269.58 3 24 1
193 8.31 4.95 42.40 399.43 9 23 1
194 78.09 9.99 42.18 366.58 15 17 2
195 2.00 89.46 25.63 490.45 16 28 1
196 83.85 11.83 36.49 430.37 11 31 2
197 78.30 38.01 2.50 173.67 21 23 2
198 98.70 2.08 22.43 307.10 23 34 1
199 71.72 52.53 49.02 150.59 17 37 1
200 9.32 31.94 36.56 386.46 4 26 2
1 175.64 3014.88 1
2 147.39 4144.61 2
3 103.16 2514.94 1
1 1.13 37.17 2
2 1.87 26.81 3
3 1.07 41.63 2
4 1.29 35.92 2
5 1.89 37.38 1
6 1.08 26.29 2
7 1.48 32.09 3
8 1.76 30.42 2
9 1.47 47.56 3
10 1.51 34.88 1
11 1.97 36.58 2
12 1.09 33.60 2
