Data for Vehicle routing problem with drones - Author: Huyen Do Thi Ngoc
Number of depots: 4
Number of cities: 400
Number of trucks: 8
Number of drones: 11
Area: 100 100 50
Customer maximum demand: 500
Max capacity of truck: 200
Max energy of truck: 5000
Max capacity of drone: 2
Max energy of drone: 50
1 24.84 23.78 41.39
2 48.92 35.86 14.89
3 75.87 75.18 17.23
4 55.35 3.87 30.04
1 93.58 23.17 15.48 168.00 7 46 3
2 63.33 93.93 48.71 401.11 4 43 3
3 2.09 28.05 0.69 320.45 6 35 4
4 79.50 28.15 42.11 391.36 18 32 3
5 78.77 12.39 28.02 155.62 8 13 3
6 60.07 18.39 23.72 317.27 5 17 4
7 28.99 14.77 45.32 423.25 10 11 3
8 95.16 11.02 4.23 353.54 6 9 1
9 25.18 6.72 35.79 307.19 13 22 4
10 42.51 90.83 7.14 132.60 15 22 1
11 45.94 18.81 20.42 318.21 18 43 4
12 99.04 20.61 2.72 393.48 5 13 2
13 98.91 85.17 28.09 497.24 19 43 1
14 17.93 75.83 35.66 422.68 22 37 4
15 46.58 92.60 11.81 94.96 22 39 2
16 76.00 49.19 36.91 479.40 16 18 2
17 82.35 56.95 2.54 216.79 5 28 4
18 90.31 12.87 13.59 408.81 10 29 4
19 35.16 61.37 2.73 312.36 8 29 3
20 85.76 19.07 20.22 352.17 13 47 2
21 99.37 12.20 27.79 216.83 10 11 4
22 81.25 56.05 6.95 279.95 9 24 1
23 54.02 93.26 2.39 65.03 9 21 3
24 5.00 93.18 2.68 285.64 15 33 3
25 70.96 82.90 10.25 442.18 4 29 3
26 34.01 88.78 2.66 461.86 8 10 3
27 53.99 27.35 45.20 168.84 24 42 4
28 58.52 20.60 16.94 114.76 0 15 1
29 63.20 72.29 2.35 498.32 1 8 4
30 28.04 83.84 37.52 375.02 3 3 3
31 18.89 18.57 1.47 438.93 5 27 2
32 97.53 25.48 7.72 64.68 14 32 3
33 87.04 9.57 24.62 360.03 12 46 1
34 0.48 25.43 4.85 61.19 11 47 1
35 52.85 18.94 15.56 438.56 14 44 3
36 11.50 66.61 33.52 395.50 21 42 4
37 19.95 44.49 0.22 199.86 16 23 2
38 69.08 42.73 48.84 449.85 12 26 3
39 24.85 76.28 8.38 237.36 15 42 1
40 36.14 12.90 49.06 71.16 0 26 2
41 6.18 78.19 36.98 262.14 3 23 3
42 95.89 28.56 28.60 368.64 13 37 1
43 51.94 31.72 30.23 57.50 20 41 3
44 37.23 31.88 37.83 470.46 4 13 1
45 58.34 85.46 9.88 107.17 20 44 4
46 54.47 23.47 41.99 370.57 7 29 1
47 73.35 74.64 16.20 246.68 23 29 1
48 98.40 62.81 27.34 469.83 18 21 1
49 73.63 76.54 17.78 291.45 4 13 2
50 60.58 45.68 26.13 192.87 6 33 1
51 15.16 9.87 2.77 91.78 20 47 2
52 11.56 87.73 24.48 184.67 19 37 1
53 61.14 53.10 42.26 393.60 16 28 3
54 87.03 9.32 39.05 420.39 4 37 4
55 39.01 58.56 3.56 359.73 22 36 2
56 4.48 68.31 7.35 343.76 2 26 4
57 97.07 18.91 44.80 326.99 16 32 1
58 10.43 48.06 16.35 337.53 10 29 1
59 13.37 32.91 11.08 283.14 24 26 3
60 85.15 70.66 24.00 474.64 11 28 4
61 77.26 88.44 22.83 298.10 20 39 3
62 4.50 48.91 49.02 461.83 6 20 2
63 73.09 59.40 13.60 73.90 0 41 3
64 13.51 24.72 47.63 496.47 2 6 4
65 18.82 95.52 20.92 474.87 11 40 3
66 66.33 24.56 47.38 255.75 19 23 3
67 15.09 24.69 40.44 487.77 24 38 3
68 58.15 39.94 27.01 164.54 2 44 1
69 10.47 62.93 15.33 372.64 18 43 3
70 74.05 28.44 19.78 414.35 15 30 2
71 2.12 63.28 45.56 282.84 12 45 4
72 92.89 71.19 11.76 331.86 19 46 1
73 46.91 52.63 2.34 369.38 19 21 3
74 72.32 77.18 13.11 281.56 12 43 1
75 79.75 62.56 36.96 145.33 13 26 3
76 96.28 41.28 3.81 276.26 0 44 3
77 79.00 46.28 14.70 232.97 14 43 3
78 23.95 81.93 19.06 253.11 5 12 4
79 85.50 33.50 26.42 422.35 11 28 3
80 41.49 92.81 30.32 112.69 19 28 3
81 34.72 45.35 30.61 216.71 24 29 3
82 64.74 28.51 6.68 337.19 10 28 4
83 29.59 56.59 10.43 401.02 7 37 1
84 71.52 52.18 10.67 388.18 15 36 2
85 82.69 39.78 30.54 186.22 9 22 4
86 24.13 40.88 47.96 110.68 10 19 4
87 52.86 64.03 47.58 432.81 20 44 4
88 43.34 2.32 40.38 170.17 7 46 3
89 42.49 2.05 42.13 177.37 23 26 2
90 30.54 87.28 20.84 370.07 21 25 1
91 92.35 2.13 17.17 125.08 2 19 3
92 32.37 67.57 30.36 413.84 24 31 4
93 37.73 68.80 10.47 83.12 15 46 3
94 63.21 84.63 12.81 122.98 4 39 1
95 13.05 94.02 22.24 198.42 5 41 2
96 49.07 91.07 2.22 265.56 20 30 3
97 50.56 51.90 15.35 282.46 24 26 4
98 32.24 77.65 33.43 179.41 4 13 3
99 66.47 39.78 19.76 434.31 8 40 1
100 46.49 79.65 27.26 495.81 3 25 3
101 75.07 22.54 33.95 338.62 9 31 4
102 48.10 33.41 22.26 252.64 23 29 4
103 39.37 88.93 24.16 344.00 7 16 2
104 70.23 93.99 40.61 236.60 5 33 4
105 93.83 38.00 13.99 277.06 17 17 3
106 53.84 30.55 26.09 74.15 6 10 4
107 89.99 36.22 44.14 255.98 10 48 1
108 41.97 63.56 7.65 266.49 10 17 4
109 32.64 8.76 15.25 492.78 0 34 2
110 23.89 55.04 12.14 388.25 11 25 1
111 15.20 58.82 38.37 91.79 23 33 2
112 21.96 4.65 17.41 95.13 23 34 4
113 27.08 69.85 13.90 376.30 1 3 4
114 50.94 43.18 19.20 279.13 13 24 1
115 82.70 58.54 22.97 343.35 3 33 1
116 56.61 87.53 7.74 488.08 6 34 4
117 2.81 54.12 42.56 412.25 23 36 1
118 97.56 82.38 21.12 410.47 0 22 4
119 40.54 13.26 4.56 308.16 24 47 4
120 36.03 26.72 43.99 440.38 7 18 4
121 0.95 79.88 48.85 467.87 23 43 2
122 54.50 62.57 9.08 389.43 15 24 4
123 12.84 78.55 15.49 153.31 18 29 4
124 51.29 54.67 46.68 322.45 4 14 3
125 76.29 35.98 30.59 439.37 20 33 3
126 41.94 11.78 37.58 97.56 14 24 4
127 23.49 29.04 39.13 447.01 12 48 3
128 12.90 27.90 47.62 367.69 5 35 1
129 73.64 6.85 36.73 262.59 6 23 1
130 62.96 70.71 2.64 148.13 21 32 4
131 54.54 54.21 5.28 375.71 4 18 1
132 68.35 59.07 30.07 416.98 23 26 3
133 71.48 37.21 16.03 106.78 9 27 3
134 95.02 78.21 14.46 325.40 1 16 1
135 26.68 21.78 1.65 89.22 3 44 2
136 44.12 85.76 41.17 475.74 12 21 1
137 36.46 19.39 5.34 363.75 10 29 4
138 33.01 94.81 46.12 200.78 8 37 3
139 65.25 73.49 43.15 70.75 9 29 4
140 96.34 94.28 18.90 314.44 6 43 2
141 56.21 3.25 49.02 177.51 12 20 1
142 26.66 69.83 20.30 375.65 10 44 3
143 50.12 8.57 42.46 277.95 14 26 2
144 87.11 88.25 13.93 496.16 4 8 3
145 49.58 4.12 4.62 274.00 10 28 2
146 85.36 79.95 43.00 278.60 22 24 3
147 76.09 57.28 3.84 424.78 3 34 1
148 47.45 10.35 15.53 138.49 2 36 4
149 46.59 70.53 17.96 101.02 23 37 4
150 7.00 57.42 48.55 408.78 10 42 4
151 54.54 64.14 20.52 175.47 11 48 2
152 36.58 89.58 2.17 411.27 13 13 4
153 81.90 85.79 30.19 387.55 3 13 2
154 65.47 43.84 10.84 243.78 19 20 4
155 95.93 66.22 20.01 273.28 2 44 4
156 97.95 45.60 17.67 429.66 5 38 4
157 78.82 5.12 37.01 444.80 20 46 4
158 86.36 45.36 23.24 292.51 3 31 1
159 11.66 64.66 39.23 294.20 23 39 3
160 21.54 6.14 18.50 162.57 16 33 2
161 37.93 59.91 20.62 344.25 5 20 4
162 71.30 62.54 22.52 138.41 16 47 2
163 15.97 35.10 24.40 67.91 7 48 4
164 24.42 34.92 43.95 181.91 7 33 4
165 37.85 46.91 45.36 84.37 22 43 2
166 39.83 74.14 18.82 440.94 6 16 1
167 52.02 60.51 2.89 221.13 9 11 2
168 4.25 94.79 30.44 316.65 18 46 2
169 14.55 70.14 34.80 182.13 1 24 4
170 97.73 17.76 17.88 296.10 11 16 3
171 48.77 76.67 41.69 186.21 9 25 3
172 80.48 73.64 31.37 318.50 17 45 2
173 60.80 71.73 47.67 220.54 13 24 2
174 70.87 73.77 17.38 435.66 2 25 2
175 26.10 99.40 12.36 215.19 1 26 4
176 0.19 95.05 12.35 295.94 5 22 1
177 50.68 21.86 36.24 63.46 12 17 1
178 41.09 87.73 3.60 394.86 18 36 2
179 28.44 72.23 41.60 272.05 7 48 1
180 95.10 71.04 32.09 182.98 12 25 3
181 55.66 62.88 11.67 371.37 20 29 3
182 19.15 9.11 5.38 217.12 5 47 3
183 17.15 13.57 16.48 399.66 0 3 3
184 11.54 26.73 27.89 375.17 7 47 1
185 20.62 51.24 49.74 305.89 22 38 3
186 57.89 58.36 22.24 288.65 18 26 2
187 75.95 78.12 14.40 233.51 21 34 1
188 18.90 49.76 5.49 92.48 24 25 2
189 27.68 17.03 6.60 262.38 24 28 2
190 21.57 18.54 0.78 386.82 6 17 3
191 3.48 24.71 28.71 110.77 13 35 1
192 22.48 72.27 9.57 164.94 2 22 3
193 5.66 0.89 25.57 272.18 6 33 4
194 22.52 55.13 43.56 285.43 9 11 3
195 86.95 72.47 19.72 456.46 12 25 2
196 50.28 93.08 9.67 240.21 8 27 3
197 13.90 50.54 46.39 319.00 19 23 4
198 43.72 24.76 23.49 265.99 3 45 3
199 57.53 66.25 23.45 495.55 13 18 3
200 1.78 77.84 7.25 429.43 2 17 3
201 90.46 20.06 25.16 105.75 5 24 1
202 37.51 96.48 28.13 276.22 21 45 4
203 71.59 92.72 48.06 301.45 13 25 2
204 22.70 16.32 32.05 177.90 14 44 3
205 47.06 20.20 30.69 451.70 3 14 4
206 32.73 48.84 42.27 215.50 6 38 2
207 69.81 27.81 22.99 155.33 3 14 3
208 25.95 52.99 25.26 196.84 10 48 4
209 39.40 68.30 40.28 273.46 5 12 4
210 96.29 13.28 15.43 284.33 7 34 2
211 52.26 44.23 14.03 300.41 0 15 3
212 85.27 11.87 23.05 127.43 9 27 3
213 21.35 0.74 10.41 471.69 11 35 1
214 94.17 10.41 43.60 180.91 22 32 2
215 85.53 70.36 45.11 405.63 17 45 3
216 51.75 67.33 21.61 386.14 19 25 1
217 82.92 22.07 15.42 59.79 24 43 3
218 1.57 31.37 48.68 288.22 3 48 1
219 96.00 7.56 5.31 382.95 12 35 2
220 49.55 54.99 32.47 339.64 3 45 3
221 86.89 34.80 45.05 84.66 18 38 1
222 1.48 16.73 11.91 314.62 1 24 1
223 49.85 76.48 47.16 267.83 18 35 1
224 85.56 81.44 34.08 230.91 15 33 3
225 93.23 58.94 17.10 404.35 6 48 4
226 49.75 62.83 34.78 104.24 17 28 4
227 95.12 77.31 36.21 239.69 20 25 3
228 58.79 25.98 33.44 283.37 11 40 3
229 67.76 64.36 9.68 62.75 17 36 3
230 21.94 63.18 19.76 323.94 19 26 3
231 27.76 41.85 47.89 62.32 1 35 1
232 69.18 95.67 39.32 140.63 6 40 4
233 19.02 75.39 8.06 79.38 18 41 2
234 33.19 60.13 19.02 484.86 0 15 4
235 97.22 71.96 37.56 211.96 23 27 2
236 27.01 85.29 36.39 265.91 22 25 2
237 67.92 16.45 43.33 306.19 3 17 4
238 55.89 2.29 45.85 84.96 19 30 2
239 33.42 31.30 13.77 103.31 14 32 4
240 27.54 77.66 15.36 217.08 3 34 4
241 90.35 84.20 21.73 171.98 8 41 3
242 13.21 14.31 48.47 271.22 4 11 2
243 41.46 97.21 22.40 180.62 11 28 4
244 78.43 28.10 13.77 254.86 5 34 2
245 33.79 97.60 25.53 86.93 0 7 2
246 14.43 86.93 19.44 254.23 12 12 4
247 0.17 72.63 6.58 408.38 1 12 2
248 27.16 80.17 35.54 333.92 12 39 2
249 82.88 88.22 10.90 206.64 6 37 4
250 11.96 67.92 5.20 220.85 18 46 4
251 26.74 88.57 11.08 114.42 6 15 2
252 76.04 22.44 44.88 499.05 1 28 1
253 49.07 11.77 2.51 422.60 10 40 1
254 97.84 60.77 2.87 118.51 21 27 4
255 37.66 11.06 28.97 121.36 4 28 4
256 37.20 38.18 14.04 200.47 21 34 2
257 85.76 65.77 42.84 367.26 22 46 2
258 43.57 3.57 7.18 76.89 2 26 2
259 2.53 32.39 5.42 404.53 24 42 4
260 13.38 13.40 39.76 131.23 8 21 1
261 37.44 8.67 39.58 280.14 14 20 2
262 30.65 79.27 10.32 253.08 9 17 4
263 64.49 95.29 25.02 432.80 20 29 3
264 67.80 24.52 30.71 498.96 0 44 1
265 83.57 50.83 20.81 300.82 12 24 4
266 96.37 70.78 47.65 224.68 15 41 3
267 36.05 72.07 1.70 273.16 9 22 4
268 45.38 80.39 9.94 423.00 11 30 4
269 88.81 39.49 37.29 245.20 21 31 3
270 69.04 21.57 23.16 202.54 2 30 3
271 34.98 65.12 0.32 370.15 22 29 2
272 19.93 73.10 23.48 111.71 2 21 3
273 58.98 1.95 32.41 383.30 5 13 2
274 39.35 30.58 2.95 492.57 17 48 4
275 97.63 37.28 10.22 375.18 1 28 3
276 38.74 1.12 33.73 363.79 19 38 2
277 41.71 89.88 47.04 457.78 11 46 2
278 82.15 31.78 22.67 392.49 19 41 3
279 10.91 66.68 23.86 278.60 7 31 3
280 48.33 25.38 18.08 348.00 5 13 1
281 65.04 91.85 26.66 204.89 17 37 2
282 97.16 15.73 37.80 293.80 8 35 4
283 40.04 49.47 33.62 161.54 3 14 4
284 89.10 68.12 32.09 423.33 2 14 3
285 59.80 4.14 33.68 91.35 22 22 3
286 17.19 83.81 25.64 369.01 10 31 1
287 45.54 46.23 48.48 449.52 16 37 2
288 63.18 73.11 15.29 123.15 5 19 3
289 91.26 37.20 30.71 66.39 18 26 1
290 95.73 43.16 22.34 183.80 14 34 2
291 89.93 62.91 28.95 235.19 9 11 4
292 35.48 31.16 9.05 308.95 14 41 4
293 49.09 89.04 26.88 359.17 16 26 1
294 65.62 47.83 33.54 468.08 23 44 2
295 86.95 71.19 45.66 467.69 19 22 3
296 38.16 32.11 35.48 385.59 24 30 2
297 19.44 27.33 15.36 389.07 5 39 2
298 12.01 38.44 24.88 496.98 10 17 1
299 39.10 19.09 11.53 63.13 17 45 2
300 51.30 51.20 1.68 428.92 24 24 3
301 63.71 55.17 3.91 295.49 6 6 2
302 72.17 23.44 23.49 332.82 19 27 1
303 22.92 35.85 40.66 74.03 16 47 2
304 5.37 81.85 37.19 271.10 18 45 3
305 41.71 49.87 5.47 321.00 10 30 2
306 3.21 24.97 13.73 98.37 14 43 1
307 39.65 79.13 26.05 249.71 13 23 1
308 34.38 33.04 33.68 349.77 9 33 4
309 73.32 83.45 5.44 435.14 10 21 1
310 40.49 37.61 39.62 132.79 20 27 3
311 29.10 92.34 29.79 375.80 16 37 4
312 64.79 78.38 43.27 376.67 21 46 2
313 0.06 54.16 5.23 254.76 16 47 3
314 24.32 92.97 6.43 121.92 5 13 3
315 90.17 91.94 21.22 259.27 13 18 2
316 26.89 98.89 8.75 403.90 14 24 4
317 67.48 32.76 5.50 135.62 16 44 4
318 73.26 66.87 40.07 473.95 19 30 2
319 27.54 78.43 11.67 129.82 4 40 3
320 39.96 53.56 34.82 470.56 5 46 1
321 33.83 93.80 40.77 183.46 20 22 1
322 29.22 32.18 48.32 64.16 14 46 1
323 71.82 10.90 39.43 355.92 20 44 4
324 88.36 48.37 2.93 125.63 22 43 3
325 93.38 15.37 28.31 141.04 3 43 3
326 36.53 36.74 22.03 488.30 2 40 2
327 10.58 1.19 37.39 144.95 21 22 4
328 87.92 72.87 22.47 327.61 0 46 1
329 0.50 11.01 31.00 337.81 20 22 1
330 31.81 78.19 37.42 422.10 21 48 1
331 96.23 97.04 46.67 448.47 20 40 2
332 91.16 3.71 15.32 296.18 24 24 4
333 74.61 57.29 7.52 136.69 10 48 3
334 74.72 45.04 48.27 127.18 6 30 3
335 75.62 29.52 15.36 425.47 11 13 4
336 46.04 22.10 28.24 204.22 2 32 3
337 82.08 67.87 44.43 335.30 16 17 1
338 54.87 76.90 0.93 52.68 2 17 1
339 68.05 92.57 40.59 469.81 14 37 3
340 9.30 41.38 44.42 126.56 23 45 4
341 78.61 1.08 27.68 205.08 4 38 1
342 79.25 3.72 7.94 368.39 10 13 1
343 60.80 73.66 4.58 327.44 20 44 2
344 55.38 44.15 26.32 497.08 21 43 1
345 69.65 91.09 27.85 223.33 24 46 3
346 12.03 1.79 30.52 123.15 1 44 2
347 78.91 23.69 13.01 357.41 3 47 1
348 76.43 43.19 37.77 300.24 16 36 1
349 46.91 62.49 8.03 125.79 13 44 3
350 44.68 26.10 46.22 357.94 2 30 4
351 54.25 86.66 24.09 335.71 9 26 2
352 95.00 76.53 36.42 261.26 4 22 4
353 23.32 52.95 7.78 282.79 4 30 3
354 60.33 92.61 11.93 493.02 11 38 3
355 53.50 32.67 13.30 259.04 12 38 1
356 2.69 40.85 41.85 344.85 4 33 2
357 4.31 23.77 16.54 476.39 6 15 3
358 50.77 75.19 0.35 337.16 7 33 1
359 94.79 11.03 6.72 60.63 2 40 4
360 65.41 12.65 30.14 290.02 9 14 3
361 39.40 65.01 9.12 242.58 19 37 1
362 91.14 5.41 42.58 294.42 16 23 3
363 30.00 79.73 17.29 198.38 5 40 3
364 10.75 36.70 32.22 457.44 15 32 4
365 30.33 11.68 44.05 263.37 1 10 3
366 33.15 33.02 22.50 440.40 0 0 1
367 9.95 85.44 44.08 237.91 11 27 3
368 69.39 30.83 43.62 240.18 8 39 1
369 50.69 40.30 26.48 281.46 9 40 2
370 0.59 84.29 5.24 421.14 3 46 3
371 38.74 62.69 9.90 237.62 16 21 4
372 61.83 20.15 2.93 268.17 19 23 3
373 76.95 19.30 15.11 328.63 1 15 2
374 96.83 83.99 21.71 411.28 21 32 2
375 22.74 4.02 48.31 173.21 20 33 2
376 24.52 2.68 6.08 154.65 13 35 2
377 0.07 95.80 45.35 185.98 21 29 4
378 65.31 86.33 10.60 476.41 20 43 3
379 95.75 31.94 19.17 368.11 5 45 4
380 82.91 62.33 4.80 264.20 9 41 1
381 27.89 23.53 12.06 172.33 21 41 3
382 97.06 11.62 34.19 384.13 10 46 4
383 0.02 85.05 12.26 424.78 4 9 3
384 79.07 6.30 44.31 175.86 22 32 3
385 8.57 53.65 41.00 329.81 8 9 2
386 54.42 60.14 18.60 217.20 13 25 2
387 59.74 75.43 22.90 336.43 6 15 4
388 83.36 95.23 28.00 488.96 17 36 1
389 56.51 77.07 37.42 355.10 10 46 3
390 16.31 46.19 8.38 328.02 19 24 4
391 33.46 77.83 32.83 150.54 17 30 4
392 35.50 98.14 24.38 84.11 13 45 2
393 3.05 95.77 38.48 366.29 18 27 4
394 42.26 57.67 17.09 247.07 0 8 2
395 71.46 29.83 0.97 390.91 15 36 2
396 22.67 67.41 43.11 470.59 2 31 4
397 62.26 54.84 10.13 207.67 7 12 4
398 80.62 45.25 1.39 342.34 6 23 2
399 63.25 58.43 29.29 75.10 16 21 4
400 79.84 55.50 34.16 298.73 16 24 1
1 193.10 3718.77 1
2 183.92 4230.40 2
3 115.91 4079.05 3
4 164.40 3451.38 4
5 159.88 4489.59 1
6 173.55 3069.80 2
7 112.14 3238.57 3
8 142.81 3545.58 2
1 1.94 44.32 8
2 1.08 45.65 6
3 1.17 32.54 2
4 1.45 44.12 2
5 1.30 31.83 1
6 1.75 36.92 8
7 1.16 43.44 1
8 1.50 47.65 1
9 1.97 47.28 7
10 1.33 41.46 3
11 1.61 25.93 2
