Data for Vehicle routing problem with drones - Author: Huyen Do Thi Ngoc
Number of depots: 4
Number of cities: 200
Number of trucks: 9
Number of drones: 18
Area: 100 100 50
Customer maximum demand: 500
Max capacity of truck: 200
Max energy of truck: 5000
Max capacity of drone: 2
Max energy of drone: 50
1 59.28 56.18 37.37
2 69.03 50.37 13.10
3 43.08 9.69 38.94
4 23.05 86.52 25.25
1 55.73 21.63 18.74 295.66 12 14 3
2 22.28 53.41 19.28 265.62 16 22 2
3 12.64 36.43 16.61 402.26 9 27 3
4 1.58 6.64 31.93 319.46 22 25 2
5 63.61 15.66 11.70 202.52 4 5 4
6 2.13 46.81 27.87 163.26 17 46 1
7 3.74 79.89 42.05 299.37 21 36 2
8 56.75 35.87 27.59 165.60 18 20 2
9 1.20 71.07 2.29 415.81 3 26 4
10 74.58 1.67 0.04 304.79 18 47 1
11 85.88 58.57 46.07 211.22 7 21 3
12 8.14 51.72 5.07 232.43 5 12 4
13 42.00 20.06 45.68 371.08 20 32 4
14 18.66 89.57 37.66 87.62 13 31 2
15 94.28 72.38 40.01 460.56 3 34 1
16 28.38 85.40 37.74 199.89 22 47 4
17 91.64 88.44 26.55 182.88 21 46 4
18 88.00 23.71 14.84 214.47 2 5 3
19 50.50 24.12 3.06 279.08 3 20 1
20 51.57 61.32 44.09 84.12 8 42 2
21 94.12 45.38 44.31 308.86 6 29 2
22 38.78 83.49 19.22 422.29 16 24 1
23 56.96 29.17 47.19 135.43 19 32 3
24 26.61 18.32 25.49 336.42 4 31 4
25 58.02 85.26 12.94 210.97 5 36 3
26 31.40 55.15 40.38 153.95 0 46 3
27 90.09 9.03 13.34 93.19 22 30 1
28 83.94 75.40 32.85 220.93 7 33 2
29 71.43 76.35 2.90 338.26 22 30 2
30 74.62 2.45 22.13 103.59 16 37 1
31 71.82 87.59 40.85 355.50 10 16 4
32 38.03 26.35 13.01 286.89 8 29 1
33 60.51 9.70 48.99 267.71 5 16 1
34 59.54 42.87 43.86 172.64 13 14 4
35 59.90 43.73 21.06 245.69 22 40 1
36 71.15 98.06 49.63 107.45 11 20 1
37 34.57 16.35 33.20 77.74 10 28 2
38 62.03 27.81 39.19 218.00 20 28 1
39 25.58 7.42 19.20 435.22 2 38 3
40 85.87 36.80 25.80 337.52 12 37 3
41 80.44 55.80 34.32 304.23 14 21 4
42 82.27 70.33 32.73 390.27 8 10 3
43 95.09 88.38 1.21 464.95 19 22 1
44 0.92 5.40 18.48 117.00 21 39 2
45 83.92 36.99 47.65 198.77 13 33 2
46 92.97 44.67 0.97 244.34 19 29 4
47 47.44 55.64 9.71 395.32 2 17 3
48 25.30 21.89 33.87 215.26 17 42 2
49 18.38 91.49 4.24 323.69 23 36 2
50 56.85 49.10 23.95 248.32 3 44 3
51 35.65 68.66 26.16 336.49 5 39 3
52 77.19 96.54 46.66 373.16 0 26 1
53 46.45 94.47 49.65 182.42 21 33 3
54 44.65 80.74 15.72 285.96 24 29 2
55 74.66 4.61 7.84 99.74 14 47 3
56 35.89 63.69 42.29 259.38 23 36 4
57 28.43 53.35 38.78 476.17 10 17 3
58 59.92 30.70 26.42 370.04 18 39 2
59 30.70 74.06 14.55 85.51 22 43 1
60 17.93 39.88 1.97 279.03 12 14 2
61 43.08 56.15 39.73 180.90 7 17 1
62 96.60 26.17 20.65 266.38 13 32 3
63 6.20 83.05 27.07 463.26 6 32 1
64 47.17 57.14 36.16 264.49 20 43 2
65 45.44 54.69 36.61 329.75 16 35 4
66 9.92 7.02 8.43 263.97 3 15 4
67 24.19 62.48 30.74 176.61 17 39 4
68 11.84 18.30 4.41 417.55 15 34 4
69 9.71 45.10 42.23 314.67 21 43 4
70 63.05 46.47 45.57 397.59 11 48 3
71 48.58 65.88 18.23 448.94 20 22 4
72 83.04 33.24 39.37 480.66 18 47 1
73 80.86 35.95 17.17 148.91 5 36 3
74 91.92 79.74 35.23 437.55 22 36 4
75 45.86 47.40 33.91 227.30 9 36 3
76 19.38 38.91 1.28 99.55 12 32 2
77 47.21 5.00 31.26 270.79 15 44 3
78 29.08 34.94 12.77 206.20 11 22 4
79 49.90 36.36 40.02 248.34 2 11 4
80 48.87 77.15 17.27 55.23 12 32 3
81 41.48 82.77 17.70 179.04 0 15 4
82 47.35 45.22 30.39 107.49 1 1 3
83 14.66 88.75 12.70 448.55 11 42 2
84 57.37 87.17 15.95 428.07 11 40 2
85 60.31 78.00 0.88 409.04 16 32 3
86 54.12 61.66 36.43 282.59 4 31 1
87 72.75 34.17 45.92 361.09 0 24 4
88 47.45 71.85 36.00 473.95 20 30 4
89 34.38 88.20 14.26 127.44 8 48 3
90 90.09 4.78 36.88 438.43 24 32 3
91 76.74 91.79 31.52 79.41 19 29 3
92 32.69 85.12 19.71 302.93 3 18 2
93 88.64 14.68 40.80 56.86 5 15 2
94 39.13 53.68 4.27 357.79 15 43 4
95 25.48 65.89 5.93 183.43 21 24 4
96 43.41 96.05 45.29 283.23 24 25 3
97 22.49 37.44 3.00 499.57 14 31 4
98 5.85 90.40 29.93 335.82 23 46 2
99 52.60 98.16 40.96 455.22 21 42 2
100 67.38 11.94 21.49 487.87 13 33 4
101 53.95 40.59 24.97 182.58 22 38 3
102 92.67 84.93 19.47 248.72 21 39 4
103 33.52 66.16 37.28 416.58 16 22 2
104 49.26 97.91 20.66 319.19 14 24 1
105 54.73 1.66 33.28 120.58 4 20 1
106 98.66 87.19 6.06 496.40 14 29 2
107 99.93 74.55 12.80 123.68 20 25 4
108 17.62 78.19 46.97 263.91 12 33 4
109 50.66 15.34 34.72 291.70 18 18 3
110 86.97 99.23 1.77 209.26 10 35 1
111 9.35 41.29 48.70 373.65 8 18 3
112 61.13 33.32 23.34 53.96 21 45 3
113 85.98 13.72 25.99 173.75 24 26 2
114 8.45 79.28 44.49 207.64 2 23 1
115 92.54 30.80 23.83 106.34 6 41 4
116 24.58 28.29 38.85 58.68 20 41 2
117 32.75 33.42 33.82 164.94 19 28 2
118 48.03 42.62 28.53 251.87 3 4 2
119 32.17 37.57 47.00 465.50 13 43 3
120 93.92 76.36 8.64 387.69 8 34 1
121 8.23 67.75 4.54 149.18 8 29 2
122 14.32 68.78 7.33 249.06 20 30 2
123 10.02 66.67 26.63 489.38 17 33 4
124 40.53 4.91 48.01 474.15 23 43 1
125 58.71 65.59 43.09 297.42 23 29 1
126 33.27 60.98 13.97 497.80 18 18 3
127 54.27 0.77 1.24 379.57 1 1 3
128 85.18 72.84 31.57 91.06 11 28 2
129 19.60 9.20 18.63 90.02 0 48 2
130 98.37 18.98 22.60 480.65 18 41 4
131 12.18 67.63 13.02 175.26 16 18 4
132 36.03 28.80 15.48 282.36 11 12 3
133 18.59 3.78 43.83 210.25 24 46 3
134 35.13 44.06 41.50 263.77 14 19 4
135 13.93 70.66 46.38 367.56 3 44 3
136 64.14 10.89 7.84 105.98 0 20 3
137 71.02 71.62 11.84 443.83 8 31 2
138 60.76 61.09 14.83 365.40 24 37 3
139 67.94 48.85 44.11 133.62 5 43 3
140 10.55 49.10 10.70 153.35 6 14 3
141 72.73 76.03 33.03 363.29 0 47 1
142 3.48 71.10 23.44 107.44 13 21 2
143 81.52 78.71 48.73 496.56 22 25 2
144 49.29 39.81 11.40 284.64 23 35 2
145 3.24 8.96 26.16 393.03 23 41 3
146 55.48 89.96 3.87 400.51 5 46 1
147 37.80 41.30 45.35 130.01 10 45 3
148 46.22 71.99 29.26 232.34 15 32 4
149 53.70 53.24 35.64 74.11 22 37 2
150 64.68 36.83 45.68 469.56 16 41 2
151 26.70 19.56 11.47 407.27 12 30 4
152 56.87 7.61 13.32 375.50 22 43 2
153 80.59 87.14 19.15 280.06 11 31 1
154 53.78 62.90 15.75 285.10 0 8 3
155 62.35 85.85 21.75 229.84 17 41 2
156 7.50 40.86 35.23 276.50 20 30 1
157 2.27 63.48 34.59 199.85 17 48 3
158 66.30 94.97 0.71 158.74 0 6 4
159 80.86 53.73 8.03 408.71 3 35 4
160 28.87 93.18 23.62 99.58 4 11 3
161 18.02 36.29 2.64 110.75 21 22 2
162 16.46 69.25 25.14 457.00 6 44 4
163 47.11 67.17 44.47 142.11 22 22 1
164 21.43 79.05 48.83 167.37 24 48 2
165 43.39 80.95 35.28 102.36 13 44 2
166 82.15 29.80 39.10 202.03 14 20 4
167 59.12 0.08 29.38 64.52 23 48 4
168 18.25 22.59 36.61 154.52 14 14 3
169 33.27 61.68 34.69 211.57 11 13 4
170 63.40 49.23 37.62 477.14 14 31 1
171 69.12 52.93 20.29 318.00 22 32 3
172 57.38 31.67 26.69 462.52 19 19 3
173 72.74 12.18 34.55 95.70 6 13 1
174 18.08 76.75 46.79 251.10 1 21 4
175 5.23 49.06 44.36 208.35 5 17 1
176 9.84 10.33 35.42 406.23 0 4 3
177 62.19 73.37 0.50 267.23 19 48 1
178 31.79 62.03 26.20 112.78 12 25 3
179 27.24 18.90 46.12 379.90 2 25 2
180 11.89 15.01 44.17 312.04 22 39 3
181 65.49 70.63 46.95 257.30 21 22 1
182 81.34 92.29 2.80 84.11 0 16 4
183 80.01 43.06 7.58 226.65 12 31 1
184 90.87 81.84 32.91 377.69 13 26 2
185 47.29 71.74 21.11 379.08 13 36 1
186 59.61 37.61 31.34 214.47 19 21 4
187 94.83 82.91 41.98 294.43 13 38 2
188 77.97 63.11 7.37 168.01 23 46 2
189 25.79 82.56 11.16 303.27 13 29 4
190 4.88 83.00 0.31 302.81 14 32 1
191 92.46 26.46 14.03 498.73 7 37 3
192 68.60 45.26 5.09 443.53 12 26 4
193 62.13 27.14 38.17 55.81 18 19 3
194 17.30 15.88 43.34 470.43 17 40 2
195 99.75 89.41 32.32 404.16 2 2 3
196 97.81 7.84 48.79 153.85 20 43 3
197 57.31 40.65 22.76 73.24 17 39 1
198 59.92 21.19 8.66 288.38 9 33 1
199 99.54 33.95 0.82 317.24 24 30 3
200 86.71 78.14 26.72 343.23 0 2 3
1 131.66 4017.48 1
2 128.43 4650.59 2
3 168.57 4270.55 3
4 112.41 4138.58 4
5 138.20 2832.16 4
6 112.27 3936.26 1
7 198.11 4411.83 1
8 112.61 4790.04 3
9 184.46 4832.16 2
1 1.08 27.24 3
2 1.34 27.90 2
3 1.82 29.59 9
4 1.07 42.83 3
5 1.45 47.26 5
6 1.65 30.93 6
7 1.70 49.33 3
8 1.77 31.53 9
9 1.72 39.43 1
10 1.62 33.67 7
11 1.01 33.74 5
12 1.08 45.25 6
13 1.61 32.30 7
14 1.01 40.54 5
15 1.43 28.30 8
16 1.40 47.59 9
17 1.03 35.78 1
18 1.14 42.57 3
