Data for Vehicle routing problem with drones - Author: Huyen Do Thi Ngoc
Number of depots: 4
Number of cities: 100
Number of trucks: 8
Number of drones: 17
Area: 100 100 50
Customer maximum demand: 500
Max capacity of truck: 200
Max energy of truck: 5000
Max capacity of drone: 2
Max energy of drone: 50
1 46.48 15.25 43.93
2 71.25 50.47 40.47
3 16.24 66.14 44.58
4 51.37 95.12 11.25
1 42.13 23.88 12.77 74.23 0 14 3
2 84.40 1.73 27.52 325.10 21 35 1
3 14.38 61.36 38.42 138.56 23 35 3
4 44.47 81.25 9.83 350.71 1 45 4
5 30.89 26.97 48.39 346.92 24 32 2
6 82.94 18.74 2.12 78.01 12 40 3
7 3.86 28.39 43.96 479.98 15 48 4
8 19.03 40.54 11.83 305.50 14 20 2
9 25.68 2.07 35.57 328.66 3 28 2
10 36.12 66.53 34.82 220.59 22 24 4
11 63.94 15.68 18.75 353.30 10 41 2
12 77.37 62.11 20.96 452.47 7 35 1
13 93.09 74.25 39.12 238.41 18 21 4
14 85.41 12.43 38.57 337.85 22 45 1
15 99.07 78.47 10.25 179.22 19 36 1
16 54.68 1.14 29.68 223.86 10 48 4
17 65.12 85.00 49.34 207.23 2 31 3
18 91.30 62.35 46.29 269.15 16 34 2
19 83.96 17.85 5.60 292.87 14 42 4
20 87.63 80.55 8.77 441.37 10 12 3
21 37.75 12.10 31.69 206.00 4 30 3
22 76.08 91.80 12.09 270.93 20 30 4
23 83.89 5.76 0.24 405.98 3 18 2
24 85.10 82.24 29.52 91.10 7 41 2
25 22.26 2.60 23.64 446.41 0 35 3
26 31.60 99.33 8.61 201.57 13 22 4
27 7.13 20.64 17.66 185.94 4 4 3
28 63.69 12.06 16.40 192.45 4 19 4
29 8.92 2.24 25.38 349.46 14 48 2
30 89.46 68.60 8.33 414.21 13 28 1
31 28.53 95.71 18.71 298.97 17 23 2
32 13.84 18.99 17.66 173.86 20 39 1
33 58.91 62.63 23.53 165.23 15 44 1
34 45.62 28.66 42.09 297.05 14 30 2
35 97.51 46.00 33.05 213.47 4 12 4
36 3.32 85.31 44.13 434.14 16 21 2
37 85.42 85.18 24.19 107.12 19 30 4
38 75.88 27.82 37.75 438.92 8 21 1
39 4.17 42.03 1.14 390.85 8 36 2
40 19.16 37.68 28.98 228.58 0 47 1
41 74.62 74.62 27.08 154.50 24 35 4
42 99.19 45.99 29.61 149.57 15 44 2
43 91.32 97.15 30.22 453.32 23 36 4
44 28.30 72.27 45.24 95.55 8 10 3
45 64.60 93.30 0.46 228.06 19 36 3
46 68.50 63.21 42.68 351.40 3 40 1
47 30.94 43.25 43.70 387.72 8 22 1
48 63.04 35.82 45.34 299.23 14 43 1
49 52.72 46.56 32.46 78.73 8 48 2
50 54.63 68.76 4.36 497.02 7 44 1
51 30.61 15.72 9.91 312.63 4 48 2
52 69.17 56.81 37.88 215.87 8 25 1
53 17.81 37.64 15.07 96.19 3 10 3
54 0.13 56.40 48.06 223.97 18 40 1
55 7.39 49.32 19.48 341.64 8 10 4
56 74.31 71.87 3.36 348.66 18 44 1
57 32.92 55.25 41.83 248.23 16 44 4
58 8.99 6.90 13.84 152.86 4 36 3
59 57.67 93.97 9.29 238.88 16 35 1
60 44.43 53.27 28.50 334.96 3 30 3
61 50.92 18.90 21.80 172.65 4 16 3
62 5.64 8.48 48.08 487.65 18 48 1
63 12.97 10.48 19.22 370.00 7 20 3
64 7.07 4.46 24.05 134.70 17 39 2
65 9.68 0.44 14.20 102.12 8 15 3
66 34.45 43.28 1.37 347.81 17 44 1
67 88.32 12.35 21.69 361.53 9 28 2
68 11.37 6.87 48.29 152.79 14 45 3
69 58.34 81.34 30.04 300.62 23 25 1
70 0.49 42.26 33.51 84.21 6 19 3
71 92.09 82.78 1.70 483.09 6 31 4
72 59.59 16.19 35.46 225.97 17 34 4
73 20.88 39.51 9.54 232.04 8 26 2
74 47.15 96.59 6.27 324.88 11 20 3
75 34.18 91.50 7.12 154.05 19 46 3
76 33.33 41.49 36.31 466.82 9 39 1
77 78.56 67.76 43.19 200.40 0 7 4
78 33.82 46.59 35.89 393.81 13 41 4
79 85.46 87.13 17.42 314.31 17 44 2
80 38.44 66.64 29.32 261.95 6 37 3
81 36.36 63.27 16.66 183.71 13 33 2
82 6.86 98.00 49.90 458.27 4 40 3
83 92.66 58.24 45.79 324.00 14 28 3
84 42.47 32.68 0.64 146.33 24 36 1
85 91.19 71.45 45.30 256.07 17 33 4
86 99.82 47.76 49.02 469.95 0 8 4
87 3.23 94.47 8.49 461.81 15 22 1
88 1.04 14.86 38.58 285.76 22 40 4
89 74.31 29.72 3.92 99.90 8 47 1
90 2.01 72.14 14.91 313.21 5 19 1
91 97.37 37.87 34.53 491.53 20 39 3
92 26.10 20.86 37.10 223.77 19 35 1
93 3.42 18.73 3.92 183.89 7 30 1
94 61.16 91.26 7.45 188.64 24 27 2
95 85.33 99.85 43.51 489.24 9 43 1
96 46.52 2.48 32.97 235.24 6 33 3
97 69.41 90.17 11.67 369.88 23 47 2
98 17.65 32.40 4.66 486.70 9 35 2
99 27.77 46.25 13.84 79.32 14 46 1
100 59.49 71.95 37.18 307.34 5 38 4
1 166.90 4296.41 1
2 173.71 3983.17 2
3 131.02 4597.32 3
4 132.55 2544.44 4
5 159.98 4793.60 3
6 185.70 4296.92 1
7 161.61 2797.37 3
8 144.47 2944.72 3
1 1.50 26.08 1
2 1.70 48.00 3
3 1.69 44.28 2
4 1.88 27.81 2
5 1.51 34.60 2
6 1.32 46.61 8
7 1.86 44.06 3
8 1.56 41.30 4
9 1.48 30.33 2
10 1.25 26.05 7
11 1.73 42.06 5
12 1.96 50.00 8
13 1.77 45.07 3
14 1.41 45.61 4
15 1.40 32.84 7
16 1.97 37.15 7
17 1.44 41.24 5
