Data for Vehicle routing problem with drones - Author: Huyen Do Thi Ngoc
Number of depots: 2
Number of cities: 500
Number of trucks: 7
Number of drones: 9
Area: 100 100 50
Customer maximum demand: 500
Max capacity of truck: 200
Max energy of truck: 5000
Max capacity of drone: 2
Max energy of drone: 50
1 73.88 57.78 10.52
2 84.31 30.34 7.04
1 85.70 57.59 15.08 441.39 17 29 2
2 61.67 23.49 27.85 187.28 13 42 2
3 37.31 65.45 20.19 260.21 16 28 1
4 26.20 27.71 32.93 143.85 7 19 1
5 55.61 84.25 16.76 271.70 20 32 2
6 89.02 79.20 38.49 344.33 12 20 2
7 9.11 41.99 33.65 367.31 24 29 2
8 39.59 55.75 12.03 480.17 18 29 1
9 67.45 93.21 48.85 292.19 0 7 1
10 44.68 9.90 7.37 444.50 10 11 1
11 44.50 0.56 8.73 305.97 20 31 2
12 52.58 61.14 40.69 225.40 0 0 2
13 14.34 79.89 0.66 120.52 19 30 1
14 11.35 29.60 30.83 360.07 17 48 2
15 19.28 79.33 22.10 95.19 10 38 2
16 25.10 17.38 28.39 282.20 14 43 1
17 70.41 10.48 4.19 407.11 22 48 2
18 22.88 23.19 40.60 111.28 24 26 1
19 82.62 40.56 3.99 446.07 5 10 2
20 7.06 69.03 43.63 421.30 16 45 2
21 2.05 70.79 45.05 193.78 13 23 1
22 37.50 30.28 21.82 425.32 7 8 2
23 61.60 96.67 34.57 269.70 0 1 2
24 60.40 70.24 5.49 289.21 17 41 1
25 75.61 32.78 28.41 346.62 21 25 2
26 12.29 21.21 17.81 448.24 10 36 1
27 94.30 0.82 37.51 360.20 23 32 1
28 81.50 68.11 32.62 340.28 23 30 2
29 25.03 87.13 6.03 248.56 7 22 2
30 78.66 28.13 8.80 143.68 18 37 1
31 7.40 29.89 49.84 432.14 22 29 2
32 57.66 84.25 11.37 482.69 15 32 1
33 10.62 94.74 22.26 250.28 5 21 1
34 32.72 18.98 12.52 414.42 1 17 1
35 5.32 67.19 44.02 381.40 17 23 2
36 73.33 96.20 19.52 116.06 2 47 1
37 54.45 68.78 23.38 350.69 7 48 2
38 90.99 18.04 5.93 259.57 7 29 2
39 78.91 66.36 20.25 113.40 22 34 1
40 85.37 67.71 12.01 114.89 5 14 2
41 46.39 18.90 37.57 389.13 12 13 1
42 98.39 60.92 8.71 359.37 7 48 1
43 19.99 40.97 49.51 440.72 24 26 2
44 6.46 59.22 20.59 443.78 0 48 1
45 53.76 80.11 23.47 184.46 19 31 2
46 70.35 65.64 43.36 186.49 22 30 1
47 37.62 85.77 28.60 348.66 9 42 2
48 65.97 65.31 29.15 378.02 3 30 1
49 32.14 41.99 49.36 348.49 17 29 2
50 41.69 5.91 41.78 190.27 3 26 1
51 86.44 59.58 30.24 346.49 23 32 1
52 20.87 91.81 19.54 209.75 17 25 2
53 12.49 36.43 4.10 220.71 10 11 2
54 75.28 32.22 18.70 279.26 3 24 1
55 38.89 81.81 48.50 199.41 23 44 1
56 26.09 68.19 43.74 294.87 15 16 1
57 64.99 98.92 3.74 253.52 1 23 1
58 38.01 57.28 13.71 83.57 12 32 2
59 92.95 37.67 31.07 110.17 22 26 2
60 70.31 59.82 23.43 383.97 5 9 1
61 36.31 10.79 44.15 61.95 7 22 1
62 17.13 13.23 35.41 475.75 20 44 1
63 37.72 17.71 36.03 341.47 15 41 2
64 83.33 79.99 17.78 471.70 9 10 1
65 90.57 5.72 6.76 457.23 5 30 2
66 57.04 42.48 28.94 442.11 17 30 1
67 54.68 48.15 9.81 235.07 0 40 1
68 13.10 55.04 45.37 391.79 13 43 1
69 82.55 52.53 5.81 435.85 12 46 1
70 97.12 46.46 48.65 68.85 10 40 1
71 22.84 53.25 49.73 137.76 5 17 2
72 66.81 95.61 32.33 165.73 4 36 2
73 17.24 71.09 46.62 389.23 23 42 1
74 89.23 2.07 27.16 99.56 14 23 2
75 82.94 0.15 24.01 486.48 7 10 2
76 52.12 63.66 13.50 130.93 11 25 1
77 39.77 49.67 2.38 432.59 18 31 1
78 64.01 11.99 41.21 417.91 7 48 1
79 77.98 55.99 40.98 87.49 12 30 1
80 57.51 37.87 10.58 358.18 20 33 2
81 65.84 17.87 27.72 391.05 22 43 1
82 45.80 52.92 24.40 230.37 23 26 1
83 68.14 74.43 43.13 108.99 20 48 2
84 68.44 74.78 10.26 141.18 15 21 1
85 31.72 72.33 34.47 281.47 21 33 2
86 32.18 1.48 39.41 318.12 2 8 1
87 74.25 2.22 24.74 421.88 16 25 1
88 41.83 16.94 35.37 153.99 0 24 1
89 55.97 73.47 11.76 469.74 15 39 2
90 9.17 14.45 19.41 269.66 23 27 2
91 10.06 35.29 23.89 182.37 23 30 1
92 76.61 9.57 7.21 328.46 15 37 1
93 97.69 74.83 36.78 427.76 19 41 1
94 86.35 92.64 7.70 476.83 7 33 1
95 65.48 88.34 13.63 161.84 22 45 2
96 63.58 64.62 38.68 217.40 20 43 2
97 93.09 74.43 7.30 355.47 17 34 2
98 94.79 81.53 26.49 365.92 5 12 1
99 13.09 60.80 33.87 370.39 9 41 1
100 53.34 44.33 25.89 199.45 14 33 2
101 37.60 99.30 18.78 368.52 3 45 2
102 37.59 16.28 41.85 223.00 7 10 2
103 85.21 53.91 14.37 100.92 9 9 1
104 8.46 7.51 38.66 70.48 23 33 2
105 41.10 85.18 22.13 427.81 6 47 1
106 42.52 49.94 47.34 474.96 11 44 2
107 51.61 36.93 25.45 369.72 24 43 1
108 15.53 86.84 36.66 289.89 18 37 1
109 67.93 74.51 37.71 339.05 9 19 2
110 98.28 98.71 20.76 285.45 10 30 1
111 19.25 93.52 46.15 152.32 5 23 2
112 62.00 20.68 43.84 372.04 19 21 2
113 90.64 60.39 27.15 167.46 10 12 1
114 99.51 61.87 34.22 326.80 10 36 2
115 83.50 97.66 28.44 288.69 23 48 1
116 17.42 68.88 0.86 418.16 6 22 2
117 22.58 24.63 0.15 74.30 3 44 2
118 14.58 43.53 18.17 476.79 24 36 1
119 44.82 78.35 38.37 364.19 21 24 1
120 29.69 46.40 19.16 339.85 14 39 2
121 68.59 51.83 38.24 211.27 7 44 1
122 63.95 26.71 21.54 80.19 6 8 1
123 39.95 41.09 46.47 320.16 14 47 2
124 70.51 89.43 27.08 404.41 14 42 2
125 27.65 10.47 29.47 230.55 15 22 1
126 7.60 32.51 19.26 131.47 7 35 1
127 25.37 41.08 39.56 309.78 10 23 2
128 7.94 21.20 20.23 152.76 24 27 2
129 86.99 0.16 4.89 401.42 16 37 1
130 48.34 90.57 22.99 180.45 22 27 2
131 2.63 8.36 15.27 55.93 22 22 2
132 6.78 83.74 9.85 344.99 15 35 2
133 53.02 66.05 46.43 411.95 17 48 1
134 10.44 12.05 49.01 126.26 24 39 1
135 66.51 19.48 29.65 446.85 19 30 1
136 93.35 83.84 24.11 470.41 24 42 2
137 30.93 39.64 44.15 229.13 14 39 2
138 0.95 31.92 6.41 378.44 9 30 1
139 9.19 74.23 4.02 86.94 12 34 2
140 81.25 73.15 10.23 95.53 11 44 1
141 87.51 79.39 10.67 486.41 14 26 2
142 73.19 85.04 2.73 230.34 11 23 2
143 34.97 27.13 33.91 233.09 2 47 2
144 29.08 11.01 38.95 262.70 17 39 2
145 60.50 69.39 26.56 132.65 10 48 2
146 34.66 34.45 34.68 325.24 0 41 1
147 60.24 24.19 40.95 393.24 7 30 1
148 5.87 28.07 27.78 475.84 15 34 1
149 3.28 92.49 45.49 310.57 6 46 2
150 11.37 60.50 49.53 416.66 1 29 2
151 24.67 4.83 31.72 453.07 10 36 1
152 21.79 57.39 43.60 471.54 13 44 1
153 17.32 83.32 5.12 337.92 17 43 2
154 6.89 74.70 27.41 189.31 1 35 1
155 9.12 14.89 17.79 156.83 20 36 1
156 57.46 57.03 37.17 346.99 15 42 2
157 74.00 18.43 49.79 420.39 3 15 1
158 32.21 69.07 2.32 271.55 7 13 1
159 50.33 80.05 1.77 103.17 22 26 1
160 69.61 60.20 14.76 139.69 14 44 1
161 9.46 49.93 34.46 347.18 4 27 1
162 75.39 69.34 35.46 120.83 12 40 2
163 90.28 80.82 44.21 225.98 9 22 2
164 67.49 52.69 27.20 371.48 22 40 1
165 19.03 44.77 12.12 202.83 2 40 1
166 22.75 16.40 5.35 405.81 10 23 1
167 87.00 13.83 19.87 101.16 21 42 2
168 63.87 8.66 15.63 330.47 2 32 2
169 30.37 34.76 15.95 179.32 21 44 1
170 1.24 31.99 10.66 396.57 3 43 2
171 68.93 19.69 6.97 306.92 24 35 1
172 89.54 99.41 30.24 191.30 16 46 2
173 73.09 70.54 4.48 299.59 17 38 1
174 22.87 17.30 11.36 114.59 23 38 1
175 3.78 32.07 46.63 319.69 17 44 1
176 52.17 48.53 35.27 214.06 14 21 1
177 32.46 78.67 4.49 342.64 12 41 2
178 3.08 83.44 37.69 120.28 4 34 2
179 8.17 8.52 31.16 53.01 17 27 2
180 44.74 51.96 3.64 429.32 14 38 2
181 32.01 57.66 14.57 422.34 6 12 2
182 63.17 10.64 33.49 329.49 4 9 1
183 82.20 48.78 17.57 483.80 3 25 2
184 19.14 55.59 46.20 481.25 3 7 2
185 7.60 4.97 20.13 384.27 9 26 2
186 58.64 7.76 25.00 454.33 17 22 1
187 49.72 51.12 30.38 300.76 3 8 1
188 28.54 71.53 29.85 186.01 1 21 1
189 55.72 37.86 24.95 387.94 22 39 2
190 52.13 2.65 43.50 286.32 20 23 2
191 13.22 30.84 16.64 281.17 8 27 2
192 90.85 94.37 32.81 125.43 21 40 2
193 42.00 53.73 45.37 201.64 20 23 2
194 74.68 97.11 35.56 181.29 4 27 2
195 57.54 31.63 38.13 369.49 17 47 2
196 11.10 93.86 22.14 405.03 14 40 2
197 99.53 18.18 36.67 382.98 1 30 1
198 31.45 99.77 20.79 475.44 3 16 1
199 86.87 20.53 16.42 372.95 10 15 1
200 2.18 32.83 39.69 481.70 19 28 1
201 21.43 35.28 43.55 124.63 22 27 2
202 56.88 91.38 48.41 284.09 15 31 2
203 61.91 81.06 43.72 202.68 7 45 2
204 81.28 59.18 0.19 475.93 13 25 2
205 99.89 11.81 27.73 131.78 18 23 2
206 51.18 84.68 2.22 60.85 18 37 2
207 28.83 57.08 7.30 202.96 12 24 1
208 43.95 92.76 7.73 455.89 0 32 1
209 31.13 9.68 34.74 151.25 6 27 2
210 77.79 22.89 34.30 290.08 3 7 1
211 93.79 33.33 31.19 123.32 5 29 1
212 52.99 17.03 30.89 428.53 18 29 2
213 51.99 47.67 3.10 397.59 24 38 2
214 83.58 21.99 20.68 211.74 18 35 2
215 59.50 97.86 6.83 115.63 11 35 2
216 50.07 45.59 3.06 132.47 20 30 1
217 6.66 34.58 39.51 95.83 3 25 1
218 18.97 83.08 42.72 98.56 20 40 1
219 21.55 54.33 39.65 136.56 23 47 1
220 17.75 4.21 0.09 195.38 19 20 1
221 56.74 31.93 13.33 329.85 17 21 1
222 81.09 14.71 49.94 401.28 16 40 1
223 81.42 75.09 31.60 306.08 19 48 1
224 91.03 77.04 43.12 284.02 20 35 1
225 57.29 42.39 0.49 385.54 3 18 2
226 34.54 78.29 32.26 417.89 11 43 2
227 86.25 79.00 46.91 391.92 15 24 1
228 2.76 64.63 26.50 350.55 5 21 1
229 72.54 96.28 43.13 486.30 0 9 2
230 5.35 21.70 24.72 158.72 9 10 2
231 87.52 76.17 26.26 92.49 13 32 2
232 13.29 8.13 29.65 406.38 12 38 2
233 56.23 12.67 28.60 469.94 20 48 1
234 19.49 41.19 17.52 356.58 22 42 2
235 58.24 94.99 26.99 246.48 12 36 2
236 54.12 79.99 19.26 445.49 5 20 1
237 95.11 71.95 30.81 64.00 10 20 1
238 52.58 67.96 26.01 495.82 3 18 1
239 84.66 32.50 4.14 188.99 4 4 1
240 67.15 48.49 38.49 128.65 14 39 1
241 68.85 87.33 7.70 193.60 18 21 1
242 42.86 75.78 48.34 144.35 15 22 2
243 4.33 50.92 8.99 224.88 11 12 1
244 9.60 82.55 16.84 113.12 17 47 1
245 6.38 90.64 48.80 98.89 13 22 1
246 55.46 65.44 46.75 279.39 12 31 1
247 48.90 69.01 31.03 55.75 21 37 1
248 95.36 73.71 14.61 481.70 8 19 1
249 30.12 12.94 42.32 253.21 9 32 1
250 49.46 74.24 36.66 199.40 23 46 2
251 27.32 22.94 2.92 209.69 1 38 1
252 54.42 44.78 3.57 142.44 7 38 1
253 76.42 91.53 35.43 130.50 6 8 2
254 36.72 98.89 32.97 495.84 18 46 1
255 97.70 75.96 39.37 419.34 14 34 2
256 46.75 92.82 29.58 229.16 5 8 2
257 58.93 82.40 7.10 208.95 24 35 2
258 3.95 32.97 3.32 465.28 9 43 2
259 92.99 22.32 14.23 112.51 0 4 2
260 6.63 67.36 25.49 98.16 21 24 1
261 38.76 79.62 38.58 267.28 11 11 2
262 4.08 1.82 8.33 240.85 23 28 2
263 43.19 75.99 24.45 127.23 12 23 2
264 90.02 9.50 43.63 53.74 2 20 1
265 93.58 68.50 1.63 311.74 21 25 1
266 0.56 12.56 5.12 304.39 17 35 2
267 68.19 0.50 10.11 410.20 7 21 2
268 62.31 85.26 5.45 335.31 21 38 1
269 66.29 48.83 20.99 185.20 22 35 2
270 81.88 64.87 10.60 352.90 16 38 2
271 59.98 95.95 12.46 115.19 0 37 2
272 82.51 66.87 15.23 164.34 1 14 2
273 10.98 7.66 20.08 403.57 2 31 1
274 0.13 77.84 2.48 226.54 6 6 1
275 5.67 71.39 33.56 230.13 19 27 1
276 52.76 8.76 5.88 204.36 12 45 2
277 70.37 67.93 1.40 223.22 15 34 2
278 1.32 5.13 39.81 357.30 13 20 1
279 69.58 42.36 5.36 69.44 17 34 1
280 62.89 53.67 29.99 116.62 13 45 2
281 57.43 55.61 36.14 229.98 5 29 1
282 30.94 56.66 28.20 459.69 23 30 1
283 68.79 32.64 17.95 92.90 10 44 1
284 50.59 31.44 18.44 479.47 22 25 2
285 90.26 54.77 14.32 477.51 8 29 1
286 69.77 25.25 20.37 348.23 22 28 2
287 58.32 7.09 37.18 154.36 16 18 2
288 21.38 5.63 47.77 413.14 24 28 2
289 3.82 8.39 0.04 495.94 20 36 2
290 20.38 61.51 42.80 185.06 13 19 2
291 19.56 78.50 31.41 152.92 4 33 2
292 55.20 91.75 24.51 477.27 4 24 1
293 91.86 99.94 16.43 421.48 22 22 1
294 23.31 54.50 35.49 406.89 23 43 1
295 84.49 15.90 19.60 170.56 18 28 2
296 1.81 32.55 11.34 476.68 19 22 2
297 81.51 99.33 29.84 113.83 8 47 2
298 75.77 68.93 4.34 115.98 7 15 2
299 69.69 51.23 44.23 464.23 20 41 2
300 56.60 16.63 24.80 459.49 20 34 2
301 27.30 57.35 46.39 251.61 0 5 1
302 57.96 42.55 47.45 302.86 6 26 1
303 92.32 19.05 39.56 455.31 7 24 1
304 29.71 65.61 47.33 127.07 4 31 2
305 94.50 92.75 14.69 217.80 18 26 1
306 93.56 97.19 24.22 441.07 21 25 2
307 80.09 89.19 2.05 280.31 18 36 2
308 19.42 61.14 9.34 306.62 24 29 1
309 20.44 11.32 32.94 243.32 6 21 2
310 8.75 33.53 8.69 262.41 23 36 1
311 43.77 36.81 35.43 495.98 12 29 1
312 24.29 64.62 15.94 138.67 0 38 1
313 16.88 29.03 18.27 301.20 6 45 1
314 86.99 64.41 6.16 398.48 22 27 1
315 55.03 47.73 23.51 300.48 16 28 2
316 89.38 18.64 23.98 375.77 4 39 1
317 26.26 10.34 12.98 123.21 6 48 2
318 26.42 3.34 46.72 230.19 10 12 1
319 57.61 16.77 36.37 52.18 6 8 1
320 37.02 18.03 5.41 234.59 16 29 1
321 33.57 43.09 17.24 415.08 0 24 2
322 14.72 5.76 19.43 313.76 22 39 1
323 75.21 57.84 20.19 427.78 24 46 1
324 95.31 57.70 15.24 387.37 1 45 1
325 77.16 28.06 36.94 401.54 12 19 2
326 79.32 62.50 20.22 193.64 21 38 2
327 11.40 64.12 16.22 176.56 14 37 1
328 90.22 79.47 4.89 307.22 24 39 2
329 57.78 92.07 1.17 304.67 20 29 1
330 54.34 39.54 4.13 147.53 5 32 1
331 11.92 3.62 9.48 139.11 15 24 1
332 74.86 75.45 38.01 342.16 0 35 1
333 54.91 43.77 43.05 301.96 8 39 2
334 70.02 28.19 39.96 121.81 16 37 1
335 98.55 64.93 20.44 235.48 22 44 1
336 37.55 65.65 11.84 133.65 19 40 1
337 70.20 95.44 41.39 56.11 24 39 1
338 72.62 71.88 48.38 185.12 2 41 2
339 36.60 17.21 20.99 414.81 9 16 2
340 14.62 69.51 2.35 92.68 16 43 2
341 20.98 75.44 45.86 181.44 17 24 2
342 7.01 83.30 30.83 300.23 4 21 2
343 47.43 3.57 48.56 130.48 17 32 2
344 35.18 12.43 33.09 246.78 14 29 1
345 73.63 3.87 15.12 460.09 8 22 2
346 66.22 2.96 4.43 101.92 24 38 1
347 64.55 54.74 20.24 413.57 14 18 1
348 56.51 56.06 6.55 344.90 8 25 1
349 46.52 27.73 47.12 458.11 9 24 2
350 92.81 38.69 18.89 331.45 18 24 2
351 40.43 18.27 3.89 259.27 14 36 1
352 56.23 13.75 21.59 355.99 11 32 1
353 52.20 93.26 39.35 412.74 10 44 1
354 82.70 80.99 24.20 53.41 6 33 2
355 71.16 39.86 21.10 338.10 20 31 1
356 27.20 85.91 12.76 188.84 21 31 2
357 87.69 30.53 7.36 281.41 10 34 2
358 45.27 85.85 21.95 413.27 7 26 2
359 37.18 58.97 22.02 309.14 4 17 2
360 99.21 69.95 4.69 456.24 22 27 2
361 1.72 5.21 33.90 378.49 20 42 1
362 15.54 87.17 10.79 498.71 24 31 2
363 99.49 28.46 39.95 173.47 8 22 1
364 34.87 22.47 47.19 407.60 8 47 1
365 20.72 11.34 22.94 435.59 2 7 2
366 86.36 77.41 19.12 274.70 2 14 2
367 40.29 80.52 38.27 115.70 2 24 2
368 86.24 91.66 10.20 302.50 1 1 2
369 94.18 42.23 34.76 474.34 0 22 2
370 22.47 11.86 21.91 318.88 2 36 2
371 69.40 6.72 20.84 336.31 8 36 2
372 91.04 0.56 28.12 147.12 4 24 1
373 38.37 45.19 1.68 83.84 23 42 1
374 10.32 27.86 3.46 484.62 21 24 2
375 60.36 65.13 39.60 82.58 24 48 1
376 72.93 15.39 36.17 433.78 17 48 1
377 38.65 93.15 10.13 264.06 20 47 1
378 27.97 15.92 33.09 255.68 20 36 2
379 98.92 70.67 17.88 191.89 2 16 2
380 72.93 1.29 37.35 282.01 15 30 2
381 28.21 10.24 38.95 221.46 16 30 2
382 35.76 51.96 47.41 87.50 23 34 1
383 93.28 25.30 17.56 227.95 21 41 2
384 48.56 70.22 40.71 232.97 4 46 2
385 85.28 78.61 48.21 292.56 8 48 1
386 58.11 74.37 33.89 472.36 5 33 2
387 91.66 70.93 38.84 254.95 20 32 2
388 13.96 63.58 21.71 402.23 4 27 2
389 74.68 18.63 9.99 437.11 0 14 1
390 96.88 23.09 32.02 455.39 2 47 1
391 48.04 79.26 26.69 334.09 24 43 1
392 38.60 46.73 22.48 211.33 17 38 1
393 49.86 40.50 43.63 429.66 24 43 2
394 46.88 95.20 44.71 446.12 18 21 1
395 72.05 57.40 35.89 246.46 23 44 1
396 69.26 54.80 9.36 224.54 10 16 2
397 16.86 18.38 41.00 234.41 3 3 1
398 60.93 11.33 14.82 317.29 10 34 1
399 0.46 85.72 42.97 198.07 21 38 1
400 77.28 22.93 16.37 478.74 12 27 2
401 4.00 20.27 2.44 472.78 1 15 1
402 0.96 39.98 26.62 328.81 9 24 1
403 41.14 60.95 33.88 329.44 4 24 2
404 15.63 23.38 11.12 186.53 6 10 2
405 48.17 26.25 15.72 309.91 4 32 1
406 47.13 42.95 10.36 312.95 8 31 1
407 21.07 71.93 49.44 83.86 23 30 1
408 17.90 6.48 5.98 374.33 14 24 1
409 18.17 54.11 9.06 389.78 17 37 2
410 3.92 54.94 14.30 149.19 15 25 1
411 80.43 82.81 34.37 181.89 12 27 1
412 34.73 68.84 16.39 446.70 11 43 1
413 44.61 13.29 26.92 178.53 21 24 1
414 5.75 71.81 8.97 255.73 5 31 1
415 22.99 11.72 34.40 284.52 16 17 2
416 88.68 42.47 44.06 121.73 22 36 1
417 88.50 68.62 43.98 103.93 21 29 2
418 63.96 51.79 11.39 468.33 16 29 1
419 77.03 80.53 48.74 190.31 7 13 2
420 24.07 21.67 24.66 295.93 1 18 1
421 9.24 60.50 42.24 459.37 0 7 1
422 81.63 9.34 49.34 274.22 12 36 1
423 86.42 72.53 12.16 318.98 7 46 2
424 29.81 60.28 29.24 84.43 6 19 1
425 16.07 54.13 32.31 250.50 16 20 2
426 99.52 90.19 33.02 97.99 13 18 1
427 29.07 23.94 45.72 116.89 9 19 1
428 14.88 20.57 18.12 88.47 15 29 1
429 14.82 5.25 21.83 74.28 0 46 1
430 4.95 77.60 45.59 283.86 9 31 1
431 59.04 66.03 22.44 108.28 7 43 1
432 97.37 66.77 42.27 196.17 16 44 2
433 45.75 91.80 47.55 427.09 11 26 2
434 19.81 8.33 35.93 268.49 7 17 1
435 22.28 35.54 12.77 259.72 15 41 2
436 52.94 18.99 41.83 250.91 12 21 2
437 45.29 85.29 7.53 152.57 2 37 2
438 42.97 11.87 35.94 324.73 9 39 1
439 69.59 86.40 9.62 124.93 14 15 2
440 67.31 38.37 16.84 489.10 23 32 1
441 51.23 3.70 27.32 352.89 12 40 1
442 49.32 18.12 46.28 361.53 23 36 1
443 77.63 94.59 41.92 482.09 24 35 1
444 9.98 0.18 13.98 155.36 9 9 2
445 30.73 16.64 1.77 493.43 17 29 1
446 17.93 23.94 2.43 390.16 20 31 2
447 16.51 25.60 46.75 346.55 7 10 2
448 32.65 27.68 22.76 184.93 14 22 2
449 49.12 89.86 1.22 342.59 2 23 2
450 98.07 74.74 13.31 345.11 16 42 2
451 3.56 13.09 7.64 223.89 12 25 1
452 11.71 66.34 49.44 181.81 6 33 2
453 99.15 53.12 7.62 111.78 9 48 2
454 28.97 25.54 17.61 265.24 9 46 2
455 33.40 91.74 32.28 459.81 15 30 2
456 9.17 39.42 21.19 60.90 17 37 1
457 91.62 63.14 25.27 163.49 0 36 2
458 1.11 5.20 10.07 443.68 15 37 2
459 86.22 35.15 4.55 178.39 11 42 1
460 68.15 85.91 44.76 134.59 17 44 1
461 15.50 64.19 8.32 278.82 17 31 1
462 47.25 90.13 48.12 356.25 10 16 2
463 91.73 0.92 35.67 73.59 1 33 2
464 60.61 58.16 23.57 98.10 20 42 2
465 75.20 4.91 9.40 453.74 7 25 2
466 82.63 61.97 3.09 245.60 19 24 1
467 56.48 67.22 40.70 241.91 1 10 1
468 22.88 38.76 23.04 138.14 14 47 2
469 48.97 10.12 46.49 213.75 7 42 1
470 21.60 70.23 9.74 262.89 4 13 2
471 91.30 64.64 24.10 135.07 20 39 2
472 11.18 13.83 24.29 152.99 11 15 2
473 96.25 16.85 22.68 143.75 23 24 2
474 19.42 41.91 16.58 410.51 10 35 1
475 97.71 15.59 11.37 203.16 4 31 1
476 9.13 39.17 24.36 338.32 23 37 1
477 65.53 5.17 4.51 426.89 5 45 1
478 66.59 59.95 2.30 158.90 7 44 1
479 32.63 64.19 3.47 169.22 21 23 2
480 31.62 22.60 35.35 363.44 5 48 2
481 25.11 64.05 49.93 363.74 13 43 1
482 1.29 23.19 9.65 269.17 22 48 1
483 96.46 65.29 23.53 319.23 12 20 2
484 65.68 62.85 29.22 413.35 16 30 2
485 71.77 84.23 18.12 148.30 13 45 2
486 12.12 52.71 16.52 333.12 12 43 1
487 62.67 67.82 14.65 417.69 17 47 1
488 27.27 61.48 43.76 51.90 23 42 1
489 84.30 81.65 49.61 177.78 15 24 1
490 4.04 25.34 34.68 388.57 6 15 1
491 86.83 71.34 3.94 252.15 0 23 1
492 28.29 55.29 44.95 278.82 1 21 2
493 12.17 55.78 39.24 303.72 5 30 2
494 50.89 15.30 36.69 240.80 6 14 2
495 57.46 89.38 0.82 86.71 2 7 2
496 57.01 51.43 47.71 285.55 13 31 2
497 91.85 50.02 3.04 63.18 13 30 2
498 86.26 89.53 47.07 495.64 7 21 1
499 31.26 66.09 10.73 257.66 14 25 2
500 64.92 14.12 43.15 140.06 11 41 2
1 129.59 3727.84 1
2 120.53 4678.40 2
3 130.27 3497.14 1
4 143.28 3029.28 2
5 103.39 4995.20 2
6 170.18 2967.55 2
7 198.75 2987.25 2
1 1.96 38.30 4
2 1.27 43.35 5
3 1.80 34.16 2
4 1.71 30.32 3
5 1.52 33.87 2
6 1.55 36.48 4
7 1.32 33.00 5
8 1.61 49.24 6
9 1.45 47.91 7
