Data for Vehicle routing problem with drones - Author: Huyen Do Thi Ngoc
Number of depots: 2
Number of cities: 300
Number of trucks: 6
Number of drones: 7
Area: 100 100 50
Customer maximum demand: 500
Max capacity of truck: 200
Max energy of truck: 5000
Max capacity of drone: 2
Max energy of drone: 50
1 50.29 10.24 32.03
2 24.73 75.79 8.88
1 36.66 15.26 7.26 181.54 8 9 2
2 22.19 96.53 23.20 85.23 3 5 1
3 60.69 8.64 20.09 239.57 19 21 2
4 90.68 56.99 31.68 475.88 11 35 2
5 32.34 78.01 22.30 452.85 11 30 2
6 30.94 38.50 18.33 288.86 9 28 2
7 39.01 22.34 10.40 400.65 16 26 1
8 35.65 96.61 32.28 466.48 1 23 2
9 63.08 80.96 35.60 145.53 8 27 2
10 80.47 78.94 31.31 139.34 3 10 1
11 13.54 37.53 26.67 323.67 5 15 2
12 45.36 8.83 19.89 63.40 11 45 2
13 94.35 79.71 8.99 234.54 18 46 1
14 5.53 16.60 2.30 150.91 4 32 2
15 54.91 96.33 42.61 210.36 21 46 1
16 68.05 65.79 22.16 194.62 18 35 1
17 45.42 71.34 39.24 461.05 7 46 1
18 94.40 19.22 44.58 231.08 22 44 2
19 5.16 70.04 47.11 441.68 8 28 1
20 86.92 50.79 19.18 290.89 13 19 2
21 33.61 69.66 19.19 439.32 7 28 1
22 71.55 27.56 34.83 234.84 14 16 1
23 0.65 91.29 25.86 451.25 8 9 2
24 10.59 83.69 38.24 120.48 3 5 2
25 78.16 78.33 15.38 392.05 5 26 2
26 79.14 14.89 11.55 362.01 20 34 1
27 98.76 4.68 32.54 114.62 3 9 2
28 54.32 92.21 6.29 404.96 3 23 1
29 2.70 7.18 24.88 404.68 11 18 2
30 94.79 65.47 8.47 419.74 14 19 1
31 89.00 66.80 40.23 184.06 14 44 1
32 65.88 81.51 17.74 409.24 11 42 2
33 80.19 21.44 3.06 209.17 8 28 2
34 66.79 99.64 45.25 197.69 3 34 1
35 23.08 56.46 3.82 114.60 22 34 2
36 57.27 16.40 16.22 71.74 17 37 2
37 39.93 27.06 33.94 404.74 3 28 2
38 46.65 65.44 12.34 303.09 20 39 2
39 47.78 31.13 43.56 471.14 21 43 1
40 74.93 38.46 29.20 70.52 14 34 2
41 21.42 78.02 48.03 261.26 1 24 1
42 75.14 80.32 42.64 482.98 2 11 1
43 29.14 36.20 2.80 367.28 4 12 2
44 8.31 6.18 6.27 235.89 9 21 2
45 81.59 9.03 23.86 412.45 16 48 1
46 71.35 82.26 22.30 205.56 18 45 1
47 79.14 43.45 15.30 354.49 8 48 1
48 22.19 96.49 48.53 282.89 21 21 2
49 4.63 3.91 26.67 478.11 7 22 2
50 95.06 68.38 31.13 179.09 6 28 1
51 94.73 52.84 42.10 119.21 21 42 2
52 33.27 82.63 28.71 486.47 11 30 2
53 0.77 96.38 47.28 201.03 2 44 2
54 25.95 43.73 19.76 236.46 20 41 2
55 72.97 4.21 26.71 106.53 3 42 2
56 51.30 72.89 3.04 394.42 21 38 1
57 8.53 13.81 43.76 468.81 23 27 2
58 31.77 73.74 28.10 458.20 7 41 2
59 93.65 54.80 49.92 54.79 3 20 1
60 48.03 91.34 3.34 472.50 23 25 1
61 76.60 90.88 16.60 390.20 4 5 2
62 46.35 3.05 45.13 330.35 20 40 2
63 63.04 11.03 4.18 100.02 8 48 2
64 52.50 84.00 36.55 292.26 15 25 1
65 37.60 32.74 18.83 101.59 4 5 2
66 3.94 26.11 41.70 50.31 4 33 2
67 59.28 98.93 22.41 65.13 20 40 1
68 63.75 55.33 40.09 408.48 19 47 2
69 92.59 88.95 46.21 427.22 14 22 2
70 18.61 14.07 25.04 304.19 0 35 2
71 14.71 9.81 40.13 74.20 1 44 1
72 68.09 20.51 6.44 468.90 16 46 2
73 14.63 52.03 34.63 303.78 17 29 2
74 47.15 65.73 29.64 413.29 0 9 1
75 11.64 47.25 5.47 417.62 15 15 2
76 90.71 41.98 16.23 203.82 14 48 2
77 77.29 20.30 15.82 337.65 7 34 1
78 89.21 34.80 11.99 146.33 8 37 2
79 35.09 35.04 6.38 234.90 24 34 1
80 40.80 34.34 5.34 350.17 18 42 2
81 81.12 73.08 32.84 240.55 24 28 2
82 28.42 33.10 2.79 202.64 21 45 2
83 68.30 66.75 44.88 127.01 23 44 1
84 18.08 88.27 10.32 335.40 7 42 1
85 91.75 38.43 1.82 253.24 17 37 2
86 34.22 5.90 25.85 278.71 1 27 1
87 60.87 6.64 16.51 146.57 4 42 1
88 52.22 39.51 7.32 214.87 0 10 1
89 37.97 77.10 4.80 483.63 15 48 1
90 21.96 98.25 35.80 183.55 9 25 1
91 15.11 17.85 28.39 315.43 20 22 1
92 3.58 92.83 36.47 243.67 19 35 2
93 67.07 24.23 3.73 56.41 24 24 2
94 31.43 6.32 28.18 50.84 15 42 2
95 62.60 12.10 16.53 355.72 0 27 2
96 42.37 33.72 17.17 319.93 9 41 1
97 1.62 91.95 2.43 214.72 15 16 2
98 6.25 81.34 10.13 475.12 10 26 2
99 64.74 61.07 28.93 331.24 1 45 2
100 21.07 83.48 15.62 498.09 0 5 1
101 87.17 55.07 42.64 443.76 18 31 2
102 24.23 78.11 19.53 118.04 20 47 2
103 49.39 26.37 39.56 69.75 21 32 2
104 91.07 40.24 29.28 338.49 8 26 1
105 3.15 57.23 31.69 473.35 0 0 1
106 17.19 38.11 30.67 253.57 19 48 1
107 75.84 31.43 24.07 317.23 21 24 1
108 18.29 87.58 2.86 452.73 11 19 1
109 22.45 45.54 37.71 231.26 10 35 2
110 64.96 23.53 27.96 99.90 5 43 1
111 63.00 33.54 13.72 450.46 24 30 2
112 88.27 85.19 3.26 283.84 2 37 1
113 89.15 89.00 15.58 185.74 0 27 1
114 82.74 29.84 1.63 451.94 8 16 2
115 69.74 40.83 19.25 177.45 8 36 2
116 59.87 1.09 30.40 449.06 1 46 2
117 82.27 67.43 46.75 305.85 1 28 1
118 12.69 2.94 21.32 459.04 9 25 1
119 87.95 67.76 42.97 398.27 7 8 2
120 79.21 63.87 14.04 431.41 7 35 1
121 26.60 1.79 18.47 364.45 8 45 1
122 58.96 95.13 19.43 273.93 22 44 1
123 94.08 64.72 11.78 107.01 24 41 2
124 53.98 30.43 10.14 404.66 24 36 1
125 86.93 0.27 3.97 421.15 14 25 2
126 62.99 8.31 10.93 474.83 24 44 1
127 79.15 71.68 19.42 88.44 5 6 2
128 4.79 80.31 49.62 410.74 7 16 2
129 76.59 63.26 22.71 301.51 0 45 1
130 61.25 7.68 4.07 215.54 10 39 1
131 26.51 38.97 6.31 286.15 4 4 1
132 91.67 36.85 0.05 197.70 23 30 2
133 47.04 93.86 33.50 284.71 16 48 2
134 31.64 94.66 1.77 314.93 14 17 2
135 35.98 22.24 20.06 280.79 24 32 2
136 52.04 13.72 13.71 181.89 8 14 1
137 30.32 47.59 16.46 353.59 19 25 1
138 70.68 69.24 30.33 102.46 23 26 2
139 86.85 36.84 42.61 52.17 15 36 1
140 90.95 52.63 12.65 349.61 11 15 2
141 65.97 14.60 14.22 100.15 23 39 2
142 69.39 32.20 10.93 468.27 10 19 1
143 2.36 4.32 34.09 109.09 14 33 2
144 43.99 21.80 38.47 329.89 23 46 1
145 54.10 14.46 44.88 420.67 15 36 1
146 31.78 54.54 36.11 222.53 14 40 2
147 73.40 91.50 17.05 477.35 18 38 1
148 92.35 49.81 41.46 207.44 14 22 2
149 74.62 56.59 42.84 106.92 4 16 2
150 76.13 35.69 39.73 466.41 13 25 2
151 95.44 77.16 39.90 80.55 9 35 2
152 67.52 27.30 0.49 339.67 2 29 2
153 48.85 64.81 33.14 177.46 1 37 1
154 98.53 24.70 30.97 460.41 20 39 1
155 68.47 89.04 0.92 236.54 24 43 1
156 20.45 82.27 22.55 399.15 16 16 1
157 21.66 21.23 15.20 255.57 23 26 2
158 56.18 55.31 0.73 79.39 7 17 1
159 59.68 62.57 1.12 58.94 13 24 2
160 75.67 47.53 17.77 57.24 8 44 2
161 33.41 50.11 29.76 97.27 17 29 1
162 84.20 30.31 16.77 381.61 24 26 1
163 6.26 31.95 27.52 274.32 9 36 2
164 76.29 96.14 24.55 139.59 19 22 2
165 7.40 48.77 6.08 479.39 23 25 2
166 99.23 26.40 36.40 279.76 18 30 2
167 3.11 20.76 26.66 452.47 9 38 1
168 6.81 50.19 26.45 290.24 24 35 1
169 44.01 47.03 19.54 348.58 15 45 1
170 49.06 96.95 31.50 482.66 22 29 2
171 52.60 82.31 0.22 304.71 24 31 2
172 94.27 37.70 34.47 153.90 24 46 1
173 37.20 19.87 5.47 322.25 1 47 2
174 12.75 87.66 49.01 492.00 21 39 1
175 98.66 3.37 38.28 244.21 11 43 1
176 15.02 84.14 13.00 105.14 21 32 2
177 28.69 36.35 43.33 355.34 24 44 1
178 42.52 71.19 9.92 404.61 7 22 2
179 27.99 88.84 38.60 69.14 14 29 1
180 87.22 55.93 28.83 420.61 17 31 2
181 19.92 88.33 48.72 210.90 12 25 2
182 82.83 94.17 9.86 302.54 23 26 1
183 63.68 3.38 34.30 492.42 3 10 2
184 68.44 80.26 21.18 476.99 11 43 2
185 42.82 36.42 38.10 244.86 5 35 1
186 81.97 33.24 16.82 215.97 20 33 1
187 24.49 26.86 10.60 290.83 10 19 2
188 79.55 53.85 40.16 85.00 5 48 2
189 33.18 7.52 38.62 93.81 24 30 1
190 14.20 53.76 7.72 491.27 16 45 2
191 92.45 14.75 39.80 314.87 21 46 1
192 65.05 12.85 25.48 446.12 3 19 1
193 0.18 30.04 24.97 55.06 5 21 2
194 45.49 1.23 47.25 145.42 12 21 2
195 26.63 66.06 32.15 177.25 24 37 1
196 73.15 65.41 28.00 310.64 4 10 1
197 68.80 78.33 19.73 193.13 16 31 1
198 15.81 0.41 48.57 106.35 5 48 1
199 11.13 37.30 41.45 425.16 15 46 2
200 13.33 31.69 16.36 101.37 8 23 2
201 67.40 8.84 7.98 58.32 5 12 2
202 37.20 44.64 16.31 464.23 18 24 2
203 5.15 51.60 16.89 462.22 17 41 2
204 33.60 8.01 14.09 392.39 5 45 1
205 19.68 38.83 31.10 342.67 17 46 2
206 75.85 40.94 49.28 384.11 17 33 2
207 79.73 58.69 20.24 58.27 11 28 2
208 55.70 34.59 9.21 410.07 2 41 2
209 63.48 14.64 21.59 385.37 7 11 2
210 57.06 53.64 37.24 50.64 16 17 2
211 55.82 23.56 47.57 201.90 23 40 2
212 33.59 54.00 38.23 353.90 24 28 1
213 3.81 78.54 19.67 96.28 18 39 1
214 89.01 76.54 8.58 99.99 18 29 2
215 22.77 2.70 37.51 219.51 17 33 2
216 39.10 3.05 43.07 399.81 10 23 1
217 37.17 7.68 13.04 146.13 17 18 2
218 52.51 59.06 21.36 129.29 17 26 2
219 91.45 76.53 22.13 204.06 21 33 2
220 85.98 68.76 39.80 467.99 11 40 1
221 59.87 92.05 8.57 233.08 5 25 2
222 89.03 85.48 4.57 226.62 0 32 2
223 3.94 2.81 8.41 469.27 21 44 2
224 28.87 77.72 36.02 285.97 3 17 1
225 97.27 85.22 13.39 334.65 9 47 1
226 70.12 68.19 35.30 100.46 20 33 1
227 71.34 36.21 4.58 333.13 19 39 1
228 13.59 95.69 23.75 133.63 13 23 2
229 42.55 81.35 43.99 398.41 11 19 1
230 68.30 70.88 31.41 184.53 19 37 2
231 95.42 39.59 17.14 218.45 3 12 1
232 13.17 71.53 1.31 185.85 24 37 1
233 72.16 80.17 1.73 249.55 13 34 1
234 2.20 39.38 36.04 111.44 14 28 1
235 83.16 27.75 31.30 312.85 1 8 1
236 43.87 54.86 23.94 335.03 7 28 2
237 3.62 29.81 33.84 333.31 14 23 2
238 31.29 12.59 8.84 450.89 18 45 1
239 43.56 68.64 35.28 422.88 4 24 2
240 8.90 3.38 42.71 449.12 8 31 2
241 44.87 4.85 13.13 252.59 23 35 2
242 13.72 44.28 17.98 350.81 12 14 1
243 90.94 29.15 46.29 238.68 14 18 2
244 88.66 5.16 14.69 173.82 14 37 1
245 50.41 71.09 18.94 204.65 19 33 1
246 65.79 49.61 11.57 191.23 15 40 1
247 96.64 95.94 32.76 392.86 5 46 1
248 11.20 78.32 3.11 472.80 24 25 2
249 18.06 91.73 9.81 139.33 3 20 1
250 39.42 70.42 19.95 327.10 23 25 1
251 38.58 86.92 41.94 68.31 23 43 2
252 35.51 48.78 13.60 415.63 0 5 2
253 44.77 36.33 24.02 271.18 6 46 2
254 80.48 47.22 43.79 242.30 8 14 1
255 24.07 99.32 0.11 221.18 13 36 1
256 89.31 25.03 0.09 323.36 2 25 1
257 84.71 76.57 8.04 236.01 19 43 1
258 56.63 42.73 4.46 498.41 6 40 1
259 48.80 10.29 37.84 338.13 22 40 1
260 9.36 38.61 19.25 136.94 13 46 1
261 72.58 0.10 25.71 77.15 9 31 2
262 8.83 50.12 15.53 422.43 2 36 1
263 22.70 32.69 1.09 249.68 17 48 2
264 37.14 66.56 29.72 167.57 5 29 1
265 70.73 18.15 14.29 263.93 5 24 2
266 42.65 83.32 42.26 157.38 8 10 1
267 73.94 85.52 17.39 258.24 5 22 1
268 95.04 82.86 46.52 201.75 20 25 2
269 52.68 38.08 46.17 100.05 21 46 2
270 28.10 89.46 38.81 123.68 17 41 2
271 90.35 37.73 19.87 125.30 12 31 2
272 11.81 16.20 21.61 262.63 2 41 1
273 61.76 32.29 22.73 146.67 16 43 2
274 82.78 17.77 46.35 128.32 20 25 1
275 21.85 99.57 31.75 383.84 9 40 2
276 44.64 77.34 20.61 305.62 3 23 2
277 55.98 35.09 11.82 455.35 22 31 1
278 26.07 3.93 44.18 78.68 9 11 2
279 67.06 98.56 3.58 391.55 9 25 1
280 30.52 80.60 30.13 332.19 7 22 1
281 11.93 99.84 29.52 435.83 12 36 1
282 72.17 66.31 8.34 361.56 1 19 1
283 14.44 10.72 21.47 65.15 20 21 1
284 33.11 59.19 23.21 118.53 13 24 1
285 10.52 53.75 9.65 457.33 3 24 1
286 37.90 62.87 42.70 391.61 3 23 2
287 33.99 11.42 28.46 112.97 11 34 1
288 76.81 99.90 47.80 440.78 5 12 1
289 49.85 24.59 29.72 89.81 21 35 2
290 80.74 47.48 41.02 154.55 20 41 2
291 42.74 44.61 37.69 328.64 21 39 2
292 30.18 98.39 46.44 260.50 14 21 2
293 81.12 84.10 29.57 172.47 8 32 2
294 39.99 89.14 39.99 324.10 9 24 1
295 57.12 89.07 5.50 230.80 7 40 1
296 30.32 98.24 10.89 257.56 5 19 1
297 32.82 13.35 34.34 372.80 5 48 2
298 29.30 27.59 0.13 448.17 16 30 1
299 93.60 37.71 46.59 92.66 10 33 1
300 20.40 66.03 17.40 474.88 22 31 2
1 130.37 4287.16 1
2 161.41 4698.12 2
3 135.26 4546.53 2
4 156.92 4418.35 1
5 141.84 3392.00 2
6 120.73 3680.06 1
1 1.87 40.17 4
2 1.05 44.13 2
3 1.11 32.42 6
4 1.18 40.31 1
5 1.89 34.74 1
6 1.73 41.83 4
7 1.15 28.72 5
