Data for Vehicle routing problem with drones - Author: Huyen Do Thi Ngoc
Number of depots: 3
Number of cities: 100
Number of trucks: 3
Number of drones: 5
Area: 100 100 50
Customer maximum demand: 500
Max capacity of truck: 200
Max energy of truck: 5000
Max capacity of drone: 2
Max energy of drone: 50
1 71.87 90.96 19.62
2 89.05 82.32 43.81
3 74.75 45.74 25.52
1 0.85 26.14 20.40 369.45 3 21 1
2 72.68 55.75 46.43 443.41 4 4 3
3 90.97 87.09 16.12 328.40 12 48 3
4 38.73 19.24 20.03 383.38 15 39 1
5 41.76 55.15 44.54 111.31 22 35 1
6 88.75 1.53 23.02 272.95 18 37 3
7 23.70 60.83 33.14 487.62 11 44 2
8 28.02 69.12 26.31 126.31 3 39 3
9 29.01 86.97 15.37 410.82 8 12 1
10 65.57 40.84 24.11 71.54 13 45 3
11 25.10 58.31 27.58 205.01 18 38 2
12 43.24 89.67 45.05 397.18 22 45 1
13 99.95 91.25 45.14 58.30 7 46 2
14 74.23 21.85 1.55 469.10 1 1 1
15 21.79 32.16 10.80 280.93 1 36 1
16 52.02 31.84 21.28 242.61 19 29 1
17 67.34 82.28 14.93 188.14 17 47 3
18 2.98 20.17 44.47 274.52 2 19 2
19 75.18 84.97 11.05 115.81 6 32 1
20 21.36 61.05 4.53 52.28 20 21 1
21 42.57 28.91 4.67 321.34 0 37 1
22 90.43 74.83 3.45 157.81 9 25 2
23 97.73 65.37 8.70 462.02 18 24 1
24 89.90 16.37 15.67 437.12 0 1 1
25 57.67 61.32 13.45 167.18 13 46 1
26 13.37 76.69 32.67 136.82 16 39 2
27 75.10 93.90 17.45 83.03 9 43 1
28 80.99 63.32 25.79 366.83 3 38 1
29 26.75 77.55 14.47 263.41 12 12 3
30 68.70 30.15 3.66 425.18 3 5 3
31 31.59 97.29 42.78 312.46 22 24 3
32 75.76 55.22 11.07 248.25 11 31 1
33 20.11 15.86 39.01 452.86 0 27 1
34 87.27 92.55 18.67 361.45 24 28 3
35 91.23 68.95 40.85 199.10 6 40 3
36 38.93 78.31 12.29 481.85 13 14 2
37 18.44 12.70 0.94 465.91 9 48 2
38 55.09 69.31 23.10 424.12 7 9 3
39 55.35 75.47 36.14 393.36 16 29 2
40 70.74 14.86 33.58 184.72 6 14 3
41 97.87 54.01 23.51 314.94 20 33 3
42 25.41 4.15 16.09 448.93 6 13 3
43 8.12 59.82 15.28 371.56 10 25 3
44 62.08 31.17 49.93 365.00 13 45 2
45 55.21 76.11 29.90 430.67 17 45 2
46 16.81 88.85 35.01 257.02 18 48 2
47 7.33 67.64 5.68 476.28 6 29 2
48 67.85 79.02 24.80 321.60 16 41 2
49 6.61 82.81 28.46 282.97 2 20 1
50 57.40 35.01 35.71 81.06 1 41 1
51 73.44 35.98 5.33 288.02 11 11 1
52 70.47 77.71 48.96 254.17 18 42 3
53 3.23 72.05 4.16 357.11 21 38 3
54 35.70 44.05 9.26 377.48 12 25 1
55 90.61 64.36 47.63 122.27 12 47 1
56 41.10 35.39 14.91 259.31 9 22 2
57 5.99 93.30 6.35 449.74 19 42 1
58 20.71 28.94 8.36 211.17 24 41 1
59 58.70 65.60 44.77 148.25 23 47 1
60 88.16 70.70 44.74 442.94 14 14 1
61 41.77 83.44 42.16 338.05 13 41 2
62 96.89 99.39 4.95 188.09 10 17 2
63 87.19 36.65 0.50 60.46 4 22 3
64 91.36 81.55 4.69 262.56 14 40 3
65 76.21 66.47 32.08 295.83 6 8 3
66 6.78 76.69 31.50 61.70 23 30 1
67 37.76 17.85 19.69 113.38 7 13 2
68 18.92 36.27 37.49 177.89 15 18 2
69 32.80 35.92 18.12 472.17 7 25 3
70 21.43 16.98 9.18 469.16 6 48 3
71 98.84 23.69 22.62 348.66 0 6 3
72 85.40 22.72 44.40 185.31 18 44 2
73 41.01 56.65 19.50 325.44 22 48 2
74 9.52 42.15 37.26 455.05 19 27 1
75 16.83 50.89 37.63 280.76 22 36 3
76 64.54 42.71 28.90 478.40 22 29 3
77 28.62 93.26 6.56 61.81 14 21 3
78 30.85 7.46 34.40 170.47 24 42 2
79 99.49 11.72 40.11 369.88 2 46 1
80 70.25 94.66 26.55 472.24 4 14 2
81 92.19 33.08 32.69 76.07 8 44 1
82 13.87 39.28 15.40 290.55 15 26 1
83 62.16 20.68 48.70 436.65 10 24 2
84 0.98 50.61 38.57 106.56 4 41 1
85 28.64 88.70 32.55 229.61 23 48 3
86 80.02 13.41 29.53 107.95 10 15 1
87 65.74 84.13 8.25 291.44 5 32 3
88 52.30 50.05 25.52 115.79 0 42 1
89 6.91 10.31 24.87 481.89 1 8 2
90 17.75 58.38 45.68 382.97 2 41 1
91 91.50 79.88 27.86 483.77 16 41 2
92 72.29 23.02 4.23 282.57 2 9 1
93 24.47 44.97 48.32 433.75 9 44 2
94 12.65 58.69 41.35 172.41 24 34 2
95 48.98 31.01 11.57 347.05 15 23 1
96 51.62 28.29 21.91 406.12 6 26 3
97 76.13 15.22 38.74 161.13 12 32 2
98 22.31 97.70 22.78 344.89 18 28 2
99 34.52 46.26 44.88 62.35 8 9 1
100 77.43 40.30 12.43 342.15 17 42 2
1 198.44 3371.94 1
2 183.47 2872.53 2
3 164.93 4208.79 3
1 1.55 38.45 2
2 1.33 35.10 2
3 1.13 34.25 2
4 1.94 49.68 2
5 1.56 33.82 1
