Data for Vehicle routing problem with drones - Author: Huyen Do Thi Ngoc
Number of depots: 1
Number of cities: 400
Number of trucks: 2
Number of drones: 12
Area: 100 100 50
Customer maximum demand: 500
Max capacity of truck: 200
Max energy of truck: 5000
Max capacity of drone: 2
Max energy of drone: 50
1 78.09 67.91 23.49
1 20.95 76.58 47.38 245.94 3 48 1
2 25.70 58.05 2.54 334.17 20 33 1
3 10.18 53.20 4.36 397.56 5 47 1
4 47.85 99.02 36.65 158.13 1 5 1
5 60.75 60.04 33.64 64.53 24 24 1
6 79.08 49.38 21.16 386.28 21 36 1
7 87.93 96.27 36.68 261.08 11 47 1
8 93.26 88.43 2.13 284.41 20 26 1
9 7.11 88.67 30.69 395.61 5 35 1
10 68.49 44.98 48.76 202.24 22 34 1
11 43.28 19.59 20.33 362.21 5 12 1
12 51.21 2.05 18.84 362.03 19 22 1
13 19.78 16.11 22.73 445.33 20 35 1
14 35.03 39.96 11.19 496.85 20 34 1
15 71.91 72.03 19.33 396.81 1 12 1
16 41.85 52.71 16.48 62.22 13 28 1
17 12.93 10.68 7.06 440.18 3 31 1
18 63.31 73.46 32.59 423.18 20 21 1
19 91.42 81.42 39.98 206.43 4 11 1
20 63.64 41.62 24.44 324.44 13 24 1
21 94.47 43.01 5.87 474.82 21 43 1
22 27.30 33.33 26.97 366.70 22 36 1
23 2.01 82.45 20.79 251.49 11 37 1
24 11.59 72.54 10.80 499.09 6 19 1
25 51.96 71.57 1.52 370.04 22 40 1
26 30.96 21.65 1.02 184.38 24 24 1
27 30.12 73.46 9.87 333.41 18 48 1
28 62.92 70.22 8.15 352.88 2 26 1
29 85.62 49.22 48.54 490.32 23 48 1
30 82.86 46.78 13.17 116.95 12 27 1
31 49.82 49.76 14.77 221.23 22 45 1
32 62.78 71.50 37.71 104.72 1 19 1
33 68.91 79.86 22.84 166.72 18 19 1
34 36.16 76.25 3.31 469.09 4 8 1
35 3.19 19.02 48.63 436.11 9 38 1
36 89.99 36.90 17.58 396.87 8 25 1
37 15.45 41.50 2.64 386.89 23 39 1
38 44.17 37.89 26.68 93.95 5 5 1
39 67.62 19.49 16.50 141.23 0 6 1
40 55.82 26.54 18.56 287.09 23 33 1
41 90.93 25.80 8.52 498.31 11 48 1
42 97.15 51.74 8.65 193.90 6 19 1
43 57.18 69.42 40.29 220.16 14 34 1
44 44.88 90.64 30.03 202.77 0 31 1
45 1.42 0.60 30.11 271.68 16 40 1
46 29.28 77.04 13.77 409.24 7 31 1
47 87.26 73.84 23.62 265.83 24 42 1
48 4.26 0.37 5.09 401.28 6 10 1
49 38.94 15.92 9.23 397.44 23 30 1
50 59.77 97.72 22.67 431.49 22 45 1
51 38.05 69.43 31.18 186.33 16 19 1
52 37.58 66.05 43.22 171.58 7 11 1
53 35.85 97.16 20.38 307.72 14 31 1
54 55.33 54.09 23.00 120.70 14 18 1
55 58.15 3.37 4.40 290.22 7 39 1
56 2.58 88.29 19.94 286.66 22 26 1
57 46.67 8.32 38.04 468.69 9 47 1
58 37.44 36.47 26.97 406.47 7 11 1
59 45.08 75.17 47.05 479.43 7 24 1
60 50.03 5.81 28.73 81.40 17 21 1
61 4.92 90.00 8.42 453.09 22 45 1
62 69.50 9.02 3.11 356.11 23 30 1
63 51.80 10.25 26.11 479.20 0 30 1
64 96.88 85.08 28.68 53.46 5 40 1
65 74.18 6.60 15.46 257.17 7 36 1
66 52.58 78.75 45.66 60.63 15 44 1
67 38.70 67.49 17.99 327.48 17 19 1
68 87.90 59.45 7.23 392.17 21 44 1
69 84.66 67.66 33.16 407.42 22 38 1
70 29.07 53.46 20.94 298.17 6 20 1
71 85.01 55.89 21.62 261.76 14 30 1
72 44.63 75.44 12.17 275.24 21 35 1
73 32.79 46.97 13.73 482.82 16 34 1
74 2.50 2.10 9.46 184.38 14 23 1
75 60.48 88.00 16.66 186.43 12 15 1
76 69.67 20.87 4.48 363.19 12 41 1
77 38.12 87.52 31.37 332.50 9 23 1
78 68.35 91.95 37.65 372.49 9 37 1
79 90.72 37.74 44.33 215.32 20 25 1
80 54.15 1.83 4.22 391.77 22 43 1
81 2.39 35.30 15.04 153.68 16 42 1
82 55.60 8.58 19.55 483.04 22 35 1
83 31.66 54.78 10.09 79.64 4 10 1
84 27.94 75.91 35.70 200.35 11 48 1
85 68.37 50.90 14.25 445.35 16 32 1
86 10.50 44.83 17.49 212.18 9 20 1
87 63.84 65.75 32.95 276.70 10 46 1
88 23.73 42.24 35.28 401.44 0 25 1
89 5.97 65.63 30.01 420.26 17 47 1
90 7.38 75.97 4.17 481.85 23 38 1
91 16.98 61.34 39.92 316.95 20 48 1
92 3.48 82.72 34.89 167.70 17 19 1
93 73.00 5.98 37.88 373.24 21 31 1
94 19.86 79.36 4.36 83.39 12 29 1
95 3.26 81.80 26.38 301.48 4 16 1
96 44.21 94.17 38.27 363.05 6 10 1
97 81.24 98.94 27.21 233.88 8 29 1
98 16.56 64.96 2.80 436.03 6 23 1
99 36.28 79.02 30.37 133.04 12 25 1
100 46.57 59.81 6.83 142.66 15 23 1
101 37.29 30.69 22.12 245.41 1 20 1
102 93.77 28.33 30.02 195.28 0 36 1
103 63.05 34.96 27.55 459.95 19 31 1
104 48.90 60.71 39.65 340.18 17 28 1
105 82.93 50.94 17.36 289.87 24 25 1
106 80.91 65.76 41.79 468.66 2 9 1
107 90.89 10.40 38.31 383.05 6 31 1
108 7.18 14.40 18.89 422.18 5 40 1
109 81.75 57.06 0.46 444.80 3 43 1
110 77.88 98.22 47.50 423.28 7 42 1
111 55.42 62.95 15.80 140.47 12 19 1
112 27.80 20.91 1.24 422.56 18 38 1
113 78.47 1.21 19.82 289.90 7 15 1
114 85.75 83.70 44.76 454.78 11 27 1
115 47.94 20.68 1.66 195.02 18 18 1
116 92.47 22.24 40.51 384.26 2 21 1
117 75.56 14.80 7.03 182.20 20 45 1
118 56.01 88.35 39.52 50.19 24 29 1
119 23.73 88.48 5.01 320.29 19 27 1
120 17.63 30.68 10.11 448.28 15 18 1
121 37.98 1.84 32.40 154.69 10 40 1
122 69.88 70.59 31.08 455.10 6 44 1
123 55.28 66.23 29.76 462.74 20 37 1
124 81.22 83.26 43.32 450.34 5 34 1
125 76.25 21.96 41.67 56.27 3 21 1
126 47.37 6.21 30.55 269.42 6 31 1
127 73.94 1.25 49.12 266.28 7 8 1
128 66.92 53.96 9.84 432.34 23 32 1
129 68.89 74.76 23.47 97.25 21 43 1
130 84.49 22.46 18.19 409.07 7 36 1
131 51.38 43.05 2.89 401.51 0 0 1
132 60.11 97.18 18.22 187.42 19 38 1
133 53.79 0.48 44.33 218.61 8 19 1
134 23.03 80.80 21.15 399.06 12 12 1
135 42.04 47.54 32.01 325.45 0 42 1
136 36.66 73.66 17.54 327.77 21 32 1
137 91.15 35.16 28.39 462.18 5 12 1
138 47.35 11.61 33.62 291.01 11 21 1
139 51.72 28.71 45.63 268.22 3 43 1
140 74.55 9.57 6.49 393.35 18 25 1
141 32.51 53.81 43.54 426.38 9 30 1
142 94.04 82.09 45.61 210.50 24 35 1
143 77.39 90.10 34.23 363.45 15 34 1
144 20.84 70.62 14.57 310.81 17 33 1
145 29.34 36.17 27.59 332.20 9 14 1
146 39.14 19.06 33.71 200.94 21 22 1
147 40.93 13.42 1.93 484.12 24 33 1
148 54.82 51.11 22.96 318.58 6 31 1
149 78.56 49.64 39.16 132.80 7 45 1
150 92.47 89.83 32.14 209.35 13 36 1
151 8.15 24.35 29.41 156.46 21 39 1
152 27.88 83.30 49.71 421.74 5 36 1
153 1.97 99.86 8.36 289.01 11 17 1
154 81.87 5.61 24.44 269.24 24 41 1
155 55.32 73.20 18.13 281.35 15 39 1
156 87.74 66.79 17.38 419.81 23 23 1
157 8.99 40.22 30.41 64.49 18 19 1
158 26.12 53.50 25.50 213.58 19 25 1
159 5.32 67.42 10.62 438.89 0 5 1
160 91.69 66.45 49.78 465.81 15 27 1
161 90.75 77.85 12.76 96.51 11 17 1
162 60.78 35.21 32.23 214.04 14 19 1
163 97.78 23.99 14.97 112.00 22 30 1
164 52.71 50.59 45.95 245.31 0 39 1
165 67.19 96.32 19.30 222.43 23 37 1
166 96.34 96.92 28.93 254.05 20 28 1
167 10.25 55.84 19.33 203.28 3 20 1
168 32.19 98.07 26.32 278.58 2 41 1
169 74.56 8.11 29.03 180.15 3 26 1
170 59.97 25.63 37.22 493.69 6 41 1
171 1.85 5.43 26.04 225.89 9 28 1
172 69.41 54.02 15.20 115.81 6 33 1
173 43.52 36.89 19.45 460.25 11 36 1
174 58.72 57.03 41.94 202.21 12 23 1
175 10.97 65.93 37.48 165.53 20 29 1
176 80.15 84.89 7.34 363.13 5 42 1
177 74.01 55.14 39.40 374.13 11 27 1
178 4.29 42.96 27.26 105.02 17 24 1
179 93.77 0.69 46.80 61.90 13 24 1
180 51.32 5.32 7.71 368.76 9 15 1
181 34.02 1.51 19.88 333.13 2 2 1
182 99.46 26.28 22.51 441.63 13 48 1
183 5.91 74.62 44.46 278.47 12 20 1
184 56.29 30.63 14.90 73.24 14 47 1
185 5.44 97.73 16.90 97.71 15 19 1
186 86.44 70.14 3.25 281.00 1 41 1
187 32.53 71.21 8.51 266.10 6 37 1
188 20.62 20.46 24.77 133.24 16 39 1
189 96.90 92.72 13.26 485.74 3 33 1
190 10.28 78.88 22.83 488.60 14 17 1
191 61.64 34.25 19.87 162.22 8 37 1
192 29.01 28.55 21.43 267.96 16 21 1
193 56.96 65.99 40.87 449.42 13 47 1
194 22.24 46.58 21.04 98.44 13 17 1
195 8.45 64.93 2.79 493.69 21 34 1
196 96.06 98.65 5.58 461.36 24 27 1
197 97.06 67.19 12.94 229.16 11 48 1
198 17.58 74.27 47.87 403.59 9 40 1
199 99.31 18.23 2.36 217.86 19 27 1
200 6.93 61.29 44.45 419.69 16 38 1
201 90.27 11.80 22.87 267.23 13 22 1
202 31.81 72.95 3.47 378.78 17 18 1
203 42.56 97.51 42.52 174.88 2 33 1
204 7.30 73.32 19.73 274.85 17 25 1
205 65.40 85.30 22.95 155.40 7 15 1
206 21.42 60.24 45.36 407.25 2 10 1
207 85.43 9.58 8.15 283.39 10 39 1
208 17.79 45.29 42.94 283.94 4 12 1
209 12.13 58.34 24.67 110.34 2 47 1
210 67.75 43.97 43.53 218.40 5 46 1
211 87.72 57.42 32.55 447.94 16 46 1
212 15.00 78.24 21.03 289.68 5 45 1
213 52.24 97.60 36.33 474.50 23 35 1
214 49.69 18.46 42.90 436.24 21 48 1
215 14.32 27.84 13.67 59.24 6 30 1
216 98.17 47.84 2.23 477.43 16 33 1
217 68.75 5.13 24.68 432.03 15 35 1
218 18.46 93.47 45.55 326.62 18 33 1
219 76.36 15.23 31.75 465.22 8 47 1
220 14.31 97.43 41.39 411.79 24 29 1
221 66.56 22.18 30.56 173.72 3 17 1
222 2.86 72.08 45.87 90.28 13 29 1
223 89.79 98.21 19.50 441.17 17 35 1
224 19.20 69.31 9.83 278.56 5 41 1
225 7.90 70.55 36.98 142.27 23 47 1
226 87.66 37.22 20.29 110.06 24 31 1
227 2.25 77.88 3.75 189.97 22 40 1
228 72.88 88.33 44.85 243.43 3 3 1
229 98.36 15.06 6.70 157.42 8 23 1
230 67.90 47.82 16.85 283.37 0 13 1
231 83.30 13.66 38.13 82.57 3 11 1
232 31.79 65.97 19.85 419.82 20 43 1
233 38.90 26.70 32.04 465.52 6 16 1
234 33.48 18.75 35.15 87.78 1 24 1
235 97.29 56.36 47.42 426.04 14 26 1
236 80.50 79.30 36.30 296.06 13 38 1
237 51.68 83.88 39.02 109.05 3 20 1
238 55.02 21.42 8.21 79.47 14 18 1
239 62.66 30.36 0.22 278.76 14 41 1
240 39.04 42.89 21.29 144.35 14 20 1
241 56.77 73.30 24.61 233.77 0 35 1
242 22.94 13.53 7.06 417.01 19 45 1
243 13.93 43.33 37.49 318.29 14 26 1
244 52.31 24.08 36.36 359.26 16 43 1
245 57.79 93.31 11.39 424.90 8 29 1
246 7.97 74.56 20.16 65.80 22 39 1
247 41.60 49.94 11.08 191.24 13 47 1
248 54.06 79.32 32.41 380.18 8 11 1
249 51.32 30.05 28.19 75.21 7 21 1
250 21.29 17.27 3.10 465.53 1 11 1
251 46.16 66.28 6.09 146.37 6 40 1
252 36.23 61.22 7.93 188.73 18 31 1
253 14.10 12.98 1.62 332.28 23 34 1
254 82.75 61.18 6.23 285.27 17 31 1
255 78.02 60.09 23.34 240.45 11 29 1
256 93.02 18.64 28.85 121.73 0 16 1
257 47.69 35.15 0.11 354.93 6 45 1
258 82.19 66.14 4.49 267.93 14 21 1
259 3.16 68.36 42.02 495.77 6 20 1
260 39.58 57.98 47.85 436.92 24 31 1
261 44.43 46.01 13.69 158.48 9 46 1
262 69.24 32.48 10.57 456.80 0 48 1
263 18.37 80.54 46.78 102.79 8 8 1
264 0.17 62.75 3.21 495.54 8 12 1
265 92.14 20.80 3.73 373.46 1 18 1
266 3.89 34.46 32.24 306.85 13 41 1
267 65.29 16.46 45.06 414.89 18 45 1
268 99.27 91.66 0.23 433.38 18 42 1
269 39.17 39.48 41.15 193.97 1 29 1
270 59.92 33.57 40.25 87.35 14 23 1
271 99.22 95.79 6.69 334.14 1 41 1
272 20.28 23.77 25.19 296.86 10 15 1
273 95.59 37.19 22.05 369.14 19 39 1
274 41.48 89.15 28.32 186.09 20 41 1
275 31.57 74.27 5.60 175.87 2 31 1
276 44.46 22.14 4.30 322.64 15 30 1
277 60.48 97.64 3.58 373.94 14 14 1
278 81.36 80.36 13.44 321.58 8 17 1
279 66.65 84.48 4.04 305.22 22 23 1
280 6.48 52.74 44.38 492.50 18 43 1
281 9.20 93.16 36.70 369.07 20 27 1
282 50.17 14.37 12.45 189.90 0 18 1
283 12.10 98.88 14.65 351.95 21 47 1
284 1.06 75.50 3.64 109.77 10 28 1
285 45.51 9.59 12.45 90.00 2 13 1
286 33.05 63.64 11.81 236.18 24 30 1
287 97.98 83.90 4.66 175.56 23 37 1
288 40.15 65.60 27.60 322.43 24 45 1
289 29.98 95.87 11.13 493.04 15 47 1
290 46.64 88.75 3.92 84.89 4 8 1
291 60.72 0.66 10.54 454.48 4 14 1
292 25.44 89.59 15.62 94.19 17 35 1
293 16.59 85.15 47.30 329.49 6 41 1
294 72.78 44.85 15.71 354.64 2 36 1
295 77.13 24.30 10.69 420.34 2 35 1
296 84.87 64.94 30.34 166.51 2 15 1
297 44.79 29.47 25.00 491.97 24 38 1
298 10.68 99.24 1.14 472.90 10 17 1
299 0.68 90.72 4.90 345.79 23 39 1
300 60.52 71.34 12.76 478.36 11 48 1
301 11.79 85.02 31.32 221.32 4 38 1
302 69.95 73.81 17.28 167.74 23 26 1
303 33.55 60.60 25.27 264.77 12 37 1
304 31.67 81.76 11.58 78.89 6 45 1
305 62.14 55.83 29.15 336.16 10 30 1
306 79.23 50.35 49.39 447.41 11 13 1
307 78.09 57.64 19.61 185.89 18 42 1
308 49.02 62.51 32.13 97.85 9 25 1
309 3.50 24.53 21.40 358.76 16 45 1
310 43.39 80.02 44.10 389.99 5 25 1
311 7.11 36.99 49.80 321.67 0 13 1
312 79.66 4.19 48.39 259.31 7 32 1
313 55.96 19.57 29.85 207.42 20 26 1
314 94.02 42.65 0.09 423.28 10 12 1
315 22.15 62.98 28.37 361.52 22 26 1
316 47.59 77.84 11.96 366.18 24 32 1
317 19.41 68.55 30.11 121.76 16 36 1
318 47.84 72.05 40.23 88.50 8 16 1
319 34.57 33.61 30.82 455.19 4 16 1
320 36.97 21.25 41.84 419.57 7 37 1
321 26.57 55.16 32.52 282.53 17 42 1
322 10.07 70.66 6.54 338.33 19 22 1
323 60.74 65.58 25.26 309.44 16 32 1
324 21.03 95.41 49.34 451.40 21 25 1
325 99.77 25.15 42.92 161.87 6 22 1
326 74.10 30.23 2.58 149.21 16 36 1
327 81.18 96.93 3.19 337.90 19 29 1
328 95.24 67.98 35.49 101.24 1 6 1
329 96.44 37.30 10.59 427.26 11 26 1
330 32.10 7.25 36.77 401.09 13 34 1
331 75.66 86.83 32.04 310.55 0 26 1
332 11.97 16.66 41.91 202.07 16 17 1
333 65.65 98.08 21.52 179.03 20 25 1
334 10.94 14.81 6.84 254.83 8 26 1
335 67.94 39.23 39.46 445.29 3 44 1
336 94.20 45.57 34.26 445.92 0 38 1
337 40.79 35.49 24.93 63.33 15 36 1
338 20.54 19.02 18.60 271.39 0 22 1
339 35.16 69.50 5.75 245.75 5 28 1
340 95.45 83.33 21.83 444.22 21 35 1
341 30.54 94.42 4.76 68.52 11 41 1
342 73.73 70.15 49.60 225.74 8 34 1
343 96.29 81.15 32.62 192.19 9 26 1
344 50.06 84.19 16.99 246.40 24 47 1
345 35.59 39.85 23.22 487.41 16 27 1
346 92.92 36.21 9.72 239.08 14 41 1
347 73.19 27.15 47.20 353.16 4 35 1
348 67.90 50.02 40.76 359.43 9 27 1
349 40.25 90.74 36.26 213.30 4 5 1
350 11.54 26.09 28.63 84.46 18 37 1
351 58.36 35.90 3.88 106.04 2 36 1
352 30.80 29.63 25.56 459.14 13 24 1
353 72.86 39.48 47.68 211.49 5 44 1
354 77.25 23.82 25.51 308.04 16 24 1
355 92.02 76.40 17.73 54.59 23 48 1
356 65.74 97.25 1.05 143.82 15 41 1
357 13.54 90.51 32.54 473.73 12 48 1
358 36.29 40.26 7.13 94.35 19 40 1
359 60.55 60.31 2.77 487.34 15 29 1
360 9.68 89.21 23.54 458.55 13 41 1
361 71.10 18.85 46.45 203.95 18 41 1
362 83.22 73.09 36.74 234.34 12 15 1
363 15.53 3.60 22.96 285.63 8 39 1
364 72.75 58.69 14.50 339.32 8 32 1
365 44.88 63.50 16.91 131.77 16 32 1
366 24.02 31.78 29.95 435.84 4 32 1
367 32.36 17.72 15.42 63.97 8 39 1
368 82.72 94.45 2.74 405.78 9 21 1
369 15.55 30.21 19.72 58.68 9 47 1
370 27.98 87.25 22.93 240.88 3 15 1
371 74.14 49.20 6.04 76.28 15 38 1
372 19.99 94.73 42.61 238.44 13 28 1
373 25.90 2.02 0.83 347.54 22 48 1
374 76.53 82.09 33.61 277.65 22 48 1
375 44.74 49.06 36.75 277.27 14 25 1
376 86.20 3.92 17.01 125.12 8 34 1
377 55.38 80.80 8.20 469.23 19 27 1
378 42.94 88.59 28.97 100.17 3 19 1
379 40.08 20.34 29.16 266.78 12 41 1
380 53.74 66.51 49.00 344.80 7 37 1
381 5.53 44.91 30.34 70.63 14 26 1
382 7.17 28.69 6.07 413.43 5 43 1
383 7.62 64.73 16.19 108.38 9 44 1
384 11.89 29.67 30.55 88.57 17 38 1
385 83.20 39.84 47.18 236.21 12 33 1
386 39.97 81.96 25.04 240.63 6 15 1
387 35.13 84.12 28.80 285.14 3 30 1
388 93.54 94.04 1.78 356.08 12 37 1
389 80.11 20.26 10.27 130.46 8 26 1
390 41.69 44.68 19.07 269.79 0 5 1
391 23.62 56.99 19.14 304.77 15 16 1
392 22.87 39.57 49.93 430.14 8 21 1
393 1.40 24.45 37.54 329.60 18 33 1
394 55.39 44.42 8.85 202.41 2 7 1
395 61.97 69.97 10.77 200.14 0 6 1
396 92.95 29.80 6.99 211.48 16 46 1
397 79.53 5.35 39.71 339.95 18 38 1
398 77.80 44.85 14.19 322.85 21 37 1
399 63.10 75.94 35.44 365.10 22 32 1
400 45.93 91.39 12.25 267.53 17 18 1
1 109.33 4206.43 1
2 199.20 4562.53 1
1 1.84 41.24 1
2 1.54 41.68 1
3 1.44 45.57 2
4 1.91 35.24 2
5 1.42 37.99 2
6 1.57 47.44 1
7 1.19 45.76 2
8 1.93 35.92 2
9 1.06 35.97 2
10 1.70 28.35 1
11 1.57 33.98 2
12 1.26 41.92 2
