Data for Vehicle routing problem with drones - Author: Huyen Do Thi Ngoc
Number of depots: 1
Number of cities: 500
Number of trucks: 1
Number of drones: 7
Area: 100 100 50
Customer maximum demand: 500
Max capacity of truck: 200
Max energy of truck: 5000
Max capacity of drone: 2
Max energy of drone: 50
1 13.85 90.34 47.36
1 8.73 0.17 30.11 408.25 24 34 1
2 33.70 85.46 4.05 82.74 23 44 1
3 46.26 89.27 20.81 292.54 19 45 1
4 17.09 10.78 4.66 382.27 14 43 1
5 6.38 38.85 49.25 481.33 20 23 1
6 54.75 59.01 42.84 291.83 19 31 1
7 90.63 51.47 25.37 416.94 7 45 1
8 55.90 21.51 7.13 449.18 8 12 1
9 30.72 13.84 2.89 175.65 6 46 1
10 65.98 62.46 19.44 208.41 10 30 1
11 98.49 26.19 17.00 91.96 13 46 1
12 72.84 48.37 42.83 306.09 16 48 1
13 5.37 55.50 9.73 127.14 17 46 1
14 40.61 46.95 35.23 88.89 18 41 1
15 15.78 74.66 19.35 343.35 10 37 1
16 0.20 0.60 8.78 305.82 24 24 1
17 65.86 34.18 27.80 171.35 15 22 1
18 29.38 74.53 49.85 59.18 3 43 1
19 29.35 95.13 2.17 233.05 22 26 1
20 7.97 62.31 11.72 489.28 8 16 1
21 77.19 32.48 34.26 300.39 24 37 1
22 31.77 76.53 4.57 155.47 15 39 1
23 69.27 27.79 22.25 55.65 13 48 1
24 71.00 34.68 18.89 246.73 11 30 1
25 42.37 35.00 46.10 69.18 14 36 1
26 29.82 57.40 6.84 354.65 23 37 1
27 17.73 76.13 29.39 157.97 6 37 1
28 86.01 20.79 18.84 68.58 2 14 1
29 20.89 81.58 7.11 483.58 18 35 1
30 86.23 89.88 0.45 135.63 24 30 1
31 6.65 16.18 6.56 140.62 11 32 1
32 71.66 34.71 23.06 83.06 1 33 1
33 59.19 79.20 42.02 203.39 5 8 1
34 22.04 7.92 17.30 361.77 20 25 1
35 71.37 70.43 15.36 367.83 2 44 1
36 93.11 94.53 17.43 454.13 5 34 1
37 56.55 19.12 27.72 300.39 16 37 1
38 80.13 73.66 22.48 109.83 13 30 1
39 83.99 80.86 21.98 338.56 7 17 1
40 51.41 74.35 27.48 451.82 9 32 1
41 10.21 67.26 3.04 495.17 0 13 1
42 17.27 20.74 19.82 311.94 14 47 1
43 8.00 18.73 20.38 66.12 7 25 1
44 3.79 73.55 22.31 283.93 11 35 1
45 22.43 92.76 21.52 69.55 11 42 1
46 94.60 83.73 17.98 445.05 15 40 1
47 80.44 47.38 41.63 375.37 2 45 1
48 14.20 32.96 7.51 325.15 12 46 1
49 67.47 35.64 14.61 410.49 11 46 1
50 95.40 3.04 4.43 224.37 7 18 1
51 29.34 24.79 3.18 330.60 7 31 1
52 61.06 86.25 28.33 296.65 10 10 1
53 45.15 90.07 5.64 466.11 23 35 1
54 67.09 89.93 17.27 71.20 18 23 1
55 83.19 82.20 21.08 227.01 11 31 1
56 94.74 24.48 18.29 178.43 3 40 1
57 14.03 83.99 18.90 333.67 0 15 1
58 82.64 73.94 1.12 353.68 13 30 1
59 62.71 80.39 4.08 389.55 18 34 1
60 27.52 44.59 1.48 94.45 7 48 1
61 78.12 92.38 5.22 173.54 8 12 1
62 74.80 68.32 47.17 419.54 3 14 1
63 89.61 66.71 24.98 244.58 14 19 1
64 93.93 26.55 2.12 476.37 20 21 1
65 15.72 87.40 10.73 183.92 19 23 1
66 97.41 10.42 22.01 229.29 24 46 1
67 8.38 20.49 44.28 259.91 21 24 1
68 55.69 11.17 45.15 200.25 20 20 1
69 5.38 73.57 25.28 248.84 0 15 1
70 60.55 56.45 44.63 90.55 6 31 1
71 23.77 89.85 47.01 180.29 20 36 1
72 4.00 50.00 44.83 467.41 22 29 1
73 26.13 21.64 7.94 385.85 21 29 1
74 79.66 37.92 24.79 482.66 1 13 1
75 31.73 59.86 1.77 212.51 12 14 1
76 80.04 29.06 29.20 202.56 19 22 1
77 97.70 87.37 20.12 188.33 18 45 1
78 46.26 48.95 11.85 358.39 17 39 1
79 78.18 16.24 27.91 270.07 13 30 1
80 36.90 9.99 29.40 101.52 24 46 1
81 17.42 84.94 2.15 475.66 13 26 1
82 32.30 72.88 49.47 297.73 18 43 1
83 22.55 46.80 8.97 135.51 23 24 1
84 61.72 39.79 33.86 102.65 16 38 1
85 82.47 66.95 12.70 422.00 10 17 1
86 81.18 19.98 19.25 69.92 14 36 1
87 88.33 4.59 16.46 317.59 18 47 1
88 88.97 59.18 28.25 314.61 15 32 1
89 63.40 62.94 43.38 69.06 10 42 1
90 69.62 72.91 18.40 223.53 8 37 1
91 20.77 25.54 38.24 221.38 2 6 1
92 25.93 66.15 35.47 181.68 5 18 1
93 9.53 71.73 37.02 130.46 17 39 1
94 34.47 14.45 30.24 72.28 9 33 1
95 30.96 4.11 12.63 323.68 10 20 1
96 9.86 97.33 11.41 157.17 3 3 1
97 33.09 22.36 38.04 227.68 2 23 1
98 54.35 36.71 0.08 347.75 13 19 1
99 92.44 22.95 46.69 216.95 0 43 1
100 99.88 25.37 14.94 63.30 17 21 1
101 70.54 24.30 34.38 146.24 4 16 1
102 10.97 42.33 19.12 126.54 17 23 1
103 87.39 31.11 33.44 118.29 4 31 1
104 5.45 17.93 38.20 336.47 22 45 1
105 48.68 79.85 29.66 180.22 22 22 1
106 40.29 45.09 48.01 334.21 13 46 1
107 50.80 89.33 15.65 275.70 0 16 1
108 23.67 94.99 29.00 194.36 7 40 1
109 15.62 39.62 32.88 184.94 5 8 1
110 87.72 16.71 7.62 58.76 17 25 1
111 58.77 5.94 47.91 401.54 23 33 1
112 95.86 29.85 11.53 203.90 6 12 1
113 93.52 41.00 2.59 136.04 23 48 1
114 33.15 63.13 17.88 409.57 20 21 1
115 27.87 37.81 23.04 189.83 5 29 1
116 45.02 35.80 47.22 329.64 15 45 1
117 89.74 92.59 33.35 496.82 19 39 1
118 10.37 1.22 33.26 189.56 7 31 1
119 91.70 66.06 16.13 242.99 7 32 1
120 36.45 86.31 34.40 51.08 3 37 1
121 5.36 78.19 35.34 337.58 14 35 1
122 39.03 14.80 23.63 183.21 14 30 1
123 36.87 30.95 34.13 157.55 12 32 1
124 0.76 23.07 4.67 124.62 14 33 1
125 95.75 26.10 28.63 338.58 14 18 1
126 27.79 29.81 30.23 52.27 4 41 1
127 25.83 33.78 47.85 286.87 14 15 1
128 86.83 80.03 39.53 412.63 1 47 1
129 42.69 2.42 35.37 281.55 7 42 1
130 18.22 52.82 36.14 291.89 17 34 1
131 50.15 88.65 17.90 406.08 3 11 1
132 55.02 56.14 3.44 481.01 20 42 1
133 7.43 0.90 21.68 173.03 9 40 1
134 74.24 73.04 49.28 255.87 8 31 1
135 36.32 23.53 38.03 372.15 21 25 1
136 5.83 52.15 34.22 434.60 19 24 1
137 16.46 5.31 28.63 275.35 13 38 1
138 10.43 40.27 30.41 69.02 15 26 1
139 84.75 48.89 13.59 141.61 1 37 1
140 95.91 60.36 40.54 332.03 7 33 1
141 72.80 16.35 46.31 270.97 15 17 1
142 86.70 91.29 31.30 333.55 9 48 1
143 46.11 94.69 12.04 497.41 5 14 1
144 83.89 10.41 48.77 81.35 8 40 1
145 8.44 7.75 13.63 499.97 23 33 1
146 46.20 84.31 11.03 271.80 23 46 1
147 7.53 68.54 4.70 126.26 21 21 1
148 33.75 92.32 32.62 131.79 23 24 1
149 93.47 51.53 46.70 403.12 14 43 1
150 19.39 41.67 18.00 316.64 5 15 1
151 96.79 0.06 14.80 346.31 10 20 1
152 6.45 57.89 36.28 494.93 19 20 1
153 38.04 42.27 26.96 219.21 15 16 1
154 18.25 4.78 24.54 407.14 7 18 1
155 42.60 26.07 44.30 88.47 12 24 1
156 54.83 44.39 16.71 215.28 21 40 1
157 7.35 83.01 40.03 403.21 23 45 1
158 47.26 46.74 44.25 446.04 6 8 1
159 59.43 78.34 46.18 76.40 1 13 1
160 48.53 53.19 37.53 285.50 10 30 1
161 14.03 72.07 1.11 258.18 10 22 1
162 68.86 22.53 20.55 335.48 22 29 1
163 79.77 7.68 13.90 219.42 14 45 1
164 5.83 88.26 9.49 156.37 11 12 1
165 92.15 55.64 48.98 212.38 4 5 1
166 60.11 88.45 26.23 222.89 21 37 1
167 2.32 39.70 13.66 494.24 20 41 1
168 61.73 52.61 45.01 214.01 12 27 1
169 76.98 42.62 4.95 317.97 14 16 1
170 97.81 2.54 25.56 171.43 13 41 1
171 97.64 75.62 30.32 239.27 2 39 1
172 45.08 40.05 22.22 408.87 15 46 1
173 91.26 36.90 40.90 159.43 12 27 1
174 36.54 28.79 8.92 474.83 21 27 1
175 41.46 71.59 21.74 325.52 14 20 1
176 82.61 48.80 42.47 305.98 18 46 1
177 75.79 39.73 17.44 106.49 24 39 1
178 21.13 15.17 25.10 190.17 5 39 1
179 69.32 35.37 43.60 220.08 22 24 1
180 15.10 13.62 18.57 320.20 23 47 1
181 76.71 48.88 48.71 374.85 3 42 1
182 78.12 47.30 17.77 446.97 12 15 1
183 91.42 20.07 37.73 467.31 16 31 1
184 4.09 64.48 32.06 497.40 21 24 1
185 81.25 63.00 46.56 359.98 18 31 1
186 42.44 62.95 3.79 357.57 22 29 1
187 93.77 71.57 32.11 470.77 8 27 1
188 65.73 26.85 28.60 355.63 12 41 1
189 57.19 3.68 9.14 112.25 4 32 1
190 93.99 33.11 29.42 491.74 24 48 1
191 81.78 17.85 10.19 397.35 3 48 1
192 60.78 4.21 34.66 224.35 15 17 1
193 75.90 14.82 34.36 305.20 0 26 1
194 66.50 53.33 44.99 315.38 7 36 1
195 93.30 29.01 5.31 66.49 3 12 1
196 62.93 33.39 49.24 247.66 18 25 1
197 25.78 13.64 17.29 436.02 0 19 1
198 57.62 94.93 31.45 204.58 24 44 1
199 39.24 42.36 12.35 453.14 20 47 1
200 10.44 23.68 2.33 92.28 14 26 1
201 33.24 26.55 20.42 148.62 3 29 1
202 3.45 62.15 36.10 445.50 15 29 1
203 33.73 70.92 12.77 329.55 21 26 1
204 4.63 65.31 31.79 396.09 12 30 1
205 8.75 45.05 48.96 297.37 17 37 1
206 19.67 0.03 24.45 80.53 19 29 1
207 85.03 1.53 32.32 470.89 16 23 1
208 59.43 20.56 43.94 428.19 1 13 1
209 67.81 53.81 33.71 283.81 8 22 1
210 28.04 10.48 24.42 278.49 9 26 1
211 73.75 34.19 23.59 375.85 12 41 1
212 78.14 8.43 26.21 97.55 11 17 1
213 4.68 88.91 1.65 149.37 22 30 1
214 37.50 56.10 24.95 77.50 16 21 1
215 54.72 86.50 45.09 159.22 15 15 1
216 72.02 18.74 13.78 131.25 12 40 1
217 64.56 55.98 24.39 331.59 2 28 1
218 41.49 22.84 19.66 162.74 21 27 1
219 19.17 70.38 39.67 447.74 18 45 1
220 59.54 17.68 38.46 366.38 11 47 1
221 29.43 88.19 23.18 496.28 21 31 1
222 90.85 39.54 13.08 111.93 11 40 1
223 64.64 73.39 32.43 66.81 1 7 1
224 26.79 84.70 25.27 402.37 13 17 1
225 27.97 8.56 30.30 73.51 24 38 1
226 53.41 84.26 42.61 302.94 23 29 1
227 9.56 51.26 40.82 202.09 2 48 1
228 86.23 56.10 41.65 431.42 2 38 1
229 6.34 55.11 0.23 111.16 23 39 1
230 43.89 12.84 28.35 99.43 6 42 1
231 31.63 23.20 18.84 253.73 10 32 1
232 93.31 9.89 30.52 306.77 4 45 1
233 0.97 24.37 28.67 392.84 24 33 1
234 12.60 3.81 6.40 140.92 2 18 1
235 13.05 8.66 41.22 69.72 19 41 1
236 40.97 2.50 1.48 419.79 3 21 1
237 31.88 94.01 38.08 259.86 0 23 1
238 98.45 34.07 45.12 288.60 13 45 1
239 17.41 26.85 22.74 77.79 4 13 1
240 45.31 44.01 30.92 317.60 22 25 1
241 74.54 99.28 5.44 486.24 13 29 1
242 26.08 92.23 26.25 261.35 7 30 1
243 35.61 38.87 43.45 205.34 16 43 1
244 25.73 80.39 22.79 199.03 8 12 1
245 70.26 29.77 16.58 198.52 5 7 1
246 79.52 76.29 13.20 68.06 15 18 1
247 40.31 29.64 24.05 427.50 17 24 1
248 74.65 84.90 31.37 362.54 19 35 1
249 84.83 12.88 11.95 377.67 6 10 1
250 52.20 79.86 16.34 232.40 13 46 1
251 48.92 92.30 32.09 241.96 7 17 1
252 66.88 44.77 40.49 277.41 19 31 1
253 69.05 23.95 0.80 347.81 22 48 1
254 79.03 72.87 45.38 287.97 14 43 1
255 41.42 84.93 8.22 155.36 4 5 1
256 24.64 45.16 22.58 194.59 21 43 1
257 35.48 24.98 48.07 332.55 23 41 1
258 98.00 93.52 49.02 471.37 0 28 1
259 75.99 42.64 14.40 250.69 9 45 1
260 37.78 16.02 3.70 307.18 13 25 1
261 47.07 45.86 6.09 385.37 15 18 1
262 58.45 8.48 4.52 378.11 21 34 1
263 89.11 83.11 28.85 480.04 18 28 1
264 96.05 43.32 40.83 391.63 9 41 1
265 82.30 16.67 16.03 97.45 14 32 1
266 42.28 96.03 33.19 466.16 6 41 1
267 48.24 0.31 38.72 472.56 18 41 1
268 72.50 55.18 17.64 377.79 16 33 1
269 37.37 31.14 46.88 470.19 18 37 1
270 88.21 77.75 32.70 304.81 10 34 1
271 42.06 90.06 28.03 237.43 4 38 1
272 35.78 50.36 39.42 105.13 5 25 1
273 42.43 55.11 27.84 52.34 11 13 1
274 44.30 66.76 48.85 489.85 23 33 1
275 27.67 34.16 10.40 406.29 2 9 1
276 25.91 10.12 20.16 470.73 3 37 1
277 75.39 33.80 33.09 174.49 14 41 1
278 49.81 63.47 13.89 231.56 3 47 1
279 25.64 69.51 45.42 427.07 6 21 1
280 8.74 49.92 5.70 322.23 21 21 1
281 79.59 27.78 1.77 381.61 7 30 1
282 90.66 54.28 47.29 478.49 12 34 1
283 84.77 98.88 48.57 94.24 19 33 1
284 80.73 55.89 4.58 278.65 6 31 1
285 40.72 63.79 40.68 256.44 19 21 1
286 62.95 72.45 25.50 279.51 13 21 1
287 61.18 76.88 17.38 213.02 20 28 1
288 91.84 76.54 5.17 153.73 14 27 1
289 64.43 59.18 23.83 353.03 11 18 1
290 0.45 46.58 28.63 470.00 10 16 1
291 77.67 68.04 31.93 171.75 4 37 1
292 91.50 78.32 38.98 284.56 18 25 1
293 6.34 97.39 4.34 428.17 18 48 1
294 56.45 82.10 31.84 225.71 15 27 1
295 39.96 0.56 49.99 279.31 2 6 1
296 62.85 25.37 36.46 229.10 21 30 1
297 56.50 50.71 22.90 441.90 15 41 1
298 96.92 56.23 47.72 191.71 8 30 1
299 45.35 3.88 0.34 426.58 16 18 1
300 64.15 50.21 9.24 120.11 10 47 1
301 79.04 46.46 32.10 104.44 8 28 1
302 89.46 95.62 10.97 304.63 9 44 1
303 46.55 18.52 34.68 291.27 19 33 1
304 97.95 62.16 5.76 100.73 3 35 1
305 92.33 80.54 4.15 319.79 12 38 1
306 68.86 95.19 23.85 147.54 22 33 1
307 75.33 98.06 6.07 265.17 7 46 1
308 36.26 66.81 5.73 211.69 9 28 1
309 90.89 58.50 5.65 376.93 12 30 1
310 60.63 63.49 23.06 222.55 15 45 1
311 85.34 59.20 32.03 243.41 7 31 1
312 23.30 86.81 25.70 442.29 19 45 1
313 17.82 28.89 8.70 178.94 5 31 1
314 39.71 70.74 28.85 284.54 20 42 1
315 27.83 55.25 4.83 83.39 8 14 1
316 29.28 42.94 19.44 396.84 7 15 1
317 84.66 19.70 29.16 443.86 19 34 1
318 50.52 23.99 26.19 206.78 22 39 1
319 60.84 70.18 4.97 264.13 23 34 1
320 88.68 40.90 26.56 488.73 24 28 1
321 41.84 16.27 21.89 441.49 10 41 1
322 63.68 99.24 40.23 184.36 4 24 1
323 62.38 24.93 41.21 374.03 6 18 1
324 67.96 17.57 38.19 359.15 23 28 1
325 78.33 24.77 27.42 495.01 14 34 1
326 64.73 23.50 20.43 88.28 0 38 1
327 86.94 77.00 9.00 367.67 10 15 1
328 72.87 91.81 8.75 317.80 13 17 1
329 26.09 47.84 22.47 256.84 18 26 1
330 93.77 79.21 49.49 490.99 4 7 1
331 62.22 35.73 37.63 407.55 22 43 1
332 50.02 46.56 32.37 362.21 14 33 1
333 69.39 13.24 35.69 458.43 5 6 1
334 34.80 47.06 14.36 316.24 4 31 1
335 55.84 33.19 27.85 261.02 3 42 1
336 20.87 52.66 46.56 130.22 4 20 1
337 62.68 20.14 12.59 302.51 23 23 1
338 30.84 57.81 30.86 218.67 22 25 1
339 14.57 47.56 21.24 489.43 17 30 1
340 61.14 17.49 37.24 88.34 4 41 1
341 4.95 13.68 46.53 352.99 3 40 1
342 45.83 16.96 6.31 370.64 2 32 1
343 89.55 20.44 15.32 284.39 6 22 1
344 39.58 69.38 39.17 395.70 24 44 1
345 71.30 38.34 39.10 115.99 24 32 1
346 97.65 25.95 13.83 450.41 0 46 1
347 48.98 71.46 42.94 310.36 14 26 1
348 76.77 55.51 4.77 77.44 8 40 1
349 73.00 28.04 33.39 339.68 11 20 1
350 46.73 92.72 8.93 51.29 0 43 1
351 56.64 80.31 45.77 216.74 15 32 1
352 34.53 73.23 47.47 398.13 24 31 1
353 22.61 87.38 36.30 259.97 9 18 1
354 1.40 66.90 1.83 400.81 1 43 1
355 98.25 72.79 14.54 431.81 11 38 1
356 74.56 94.59 8.12 53.44 7 34 1
357 32.95 11.64 16.98 497.86 3 5 1
358 94.08 71.23 8.10 496.40 2 38 1
359 80.90 2.33 34.02 372.40 1 16 1
360 77.99 89.98 29.02 118.02 18 28 1
361 61.72 38.25 40.45 217.13 19 30 1
362 20.89 69.62 0.97 360.83 6 16 1
363 25.34 69.97 19.13 389.14 3 32 1
364 46.04 71.42 20.08 93.66 21 27 1
365 47.57 17.32 35.75 383.21 11 19 1
366 23.20 5.77 23.70 165.72 5 38 1
367 74.18 79.43 24.53 197.96 20 48 1
368 40.01 96.45 46.99 112.18 1 40 1
369 5.69 14.75 41.34 445.04 11 11 1
370 25.15 67.85 36.01 173.01 23 45 1
371 3.89 13.64 46.26 211.58 23 32 1
372 69.48 6.18 3.67 254.48 11 41 1
373 18.14 97.14 1.81 50.88 12 17 1
374 45.69 11.68 6.40 94.25 18 37 1
375 75.84 86.99 21.94 86.81 19 37 1
376 98.07 75.97 13.69 166.32 0 43 1
377 24.06 69.14 17.72 347.74 24 28 1
378 25.95 28.84 44.79 395.45 15 46 1
379 85.97 81.77 32.10 245.63 23 42 1
380 13.47 11.12 16.13 85.01 17 29 1
381 11.28 61.81 49.63 438.73 4 16 1
382 98.54 10.85 41.27 75.60 14 26 1
383 5.70 23.77 33.11 371.46 8 38 1
384 45.03 15.91 21.34 113.26 24 45 1
385 93.44 18.12 46.88 484.30 18 47 1
386 24.56 29.63 8.96 410.42 7 41 1
387 57.50 86.33 30.19 488.52 19 43 1
388 98.53 89.39 1.36 401.42 9 39 1
389 14.45 67.92 43.22 314.20 24 30 1
390 54.31 32.90 2.70 215.50 18 26 1
391 66.70 8.89 46.37 296.19 21 46 1
392 54.93 42.53 19.91 251.97 4 15 1
393 76.61 38.45 28.26 449.89 23 42 1
394 62.59 26.05 10.43 215.44 17 46 1
395 30.74 91.49 28.21 60.64 22 40 1
396 21.23 91.76 48.90 474.03 12 24 1
397 40.37 37.58 12.01 466.36 21 31 1
398 84.56 59.42 14.91 472.88 1 40 1
399 14.40 26.18 36.31 277.40 13 17 1
400 39.78 53.01 3.08 307.60 4 48 1
401 94.65 38.20 15.89 213.90 15 15 1
402 52.80 92.07 0.48 56.43 17 40 1
403 96.78 29.90 15.74 215.01 14 48 1
404 97.95 70.48 36.83 414.30 16 28 1
405 24.86 2.23 45.38 429.42 10 38 1
406 47.82 16.33 34.22 440.98 21 30 1
407 50.46 23.57 45.99 477.82 19 22 1
408 83.68 92.92 23.28 84.47 1 25 1
409 27.99 25.52 3.22 150.33 10 18 1
410 38.60 20.42 0.14 280.30 14 15 1
411 75.61 47.41 34.94 342.33 1 22 1
412 94.81 1.26 4.35 384.00 12 42 1
413 94.79 18.69 37.68 77.91 24 35 1
414 77.45 27.61 5.47 91.14 17 33 1
415 11.65 48.08 25.31 308.92 7 20 1
416 45.73 53.51 44.98 243.06 17 36 1
417 34.52 76.25 28.62 304.58 1 37 1
418 6.62 59.11 0.10 447.73 10 29 1
419 44.58 80.28 27.97 201.89 3 34 1
420 62.29 46.50 49.23 386.04 2 3 1
421 57.90 80.21 35.84 356.26 7 28 1
422 41.79 49.82 10.51 474.14 4 13 1
423 73.21 8.29 10.79 317.80 16 27 1
424 47.85 28.53 16.05 287.02 13 30 1
425 29.68 55.80 33.09 481.34 6 28 1
426 88.63 49.43 23.26 97.71 15 37 1
427 95.34 16.64 45.39 324.60 22 29 1
428 56.96 55.07 8.35 291.22 7 16 1
429 4.63 27.59 5.15 86.37 8 29 1
430 92.32 30.68 14.43 92.91 13 41 1
431 99.53 0.67 41.27 460.25 18 46 1
432 81.02 32.56 12.05 290.25 6 34 1
433 24.87 55.92 10.69 484.77 15 46 1
434 77.00 7.39 5.86 440.72 22 48 1
435 22.50 11.20 34.10 253.87 24 46 1
436 27.19 40.93 21.88 103.74 9 14 1
437 56.81 54.18 18.25 239.74 10 31 1
438 39.76 58.26 30.17 163.41 24 24 1
439 72.29 58.54 47.94 180.09 23 39 1
440 19.54 8.55 12.24 52.89 15 16 1
441 18.56 34.54 15.89 297.79 7 35 1
442 33.34 18.45 13.34 116.44 7 38 1
443 82.59 81.72 31.74 347.07 17 32 1
444 97.94 3.40 4.50 234.60 9 38 1
445 30.79 52.37 33.99 191.33 5 42 1
446 54.14 41.21 13.60 318.71 8 45 1
447 97.82 16.66 46.14 179.30 0 40 1
448 70.28 26.27 6.74 336.78 4 35 1
449 69.99 10.33 20.46 427.24 5 16 1
450 90.58 83.57 0.70 293.37 1 43 1
451 8.64 25.11 9.86 328.76 6 33 1
452 42.93 62.13 4.84 113.99 17 27 1
453 29.30 89.56 8.57 128.90 6 15 1
454 34.01 48.13 48.92 93.44 23 35 1
455 31.01 24.45 39.78 204.99 20 23 1
456 40.09 54.47 30.95 399.90 4 32 1
457 57.74 74.77 10.67 361.48 8 32 1
458 40.93 68.21 27.76 342.52 1 27 1
459 81.61 28.94 6.66 191.01 1 25 1
460 59.73 68.90 38.32 220.37 6 35 1
461 70.00 54.08 16.53 133.92 9 31 1
462 46.30 41.06 48.49 95.80 16 27 1
463 39.34 91.01 11.42 279.40 24 24 1
464 20.68 22.05 33.78 421.32 8 36 1
465 93.27 37.21 47.87 69.74 16 44 1
466 57.71 19.97 8.70 185.83 10 38 1
467 99.97 92.21 43.97 402.04 12 17 1
468 20.07 16.11 5.92 51.98 15 42 1
469 90.12 6.52 47.63 179.57 0 28 1
470 7.68 20.85 7.94 265.44 21 21 1
471 83.62 36.80 9.41 288.74 21 39 1
472 38.29 70.34 28.67 259.63 6 6 1
473 23.67 15.71 3.47 354.42 18 32 1
474 71.36 88.62 17.92 478.76 20 21 1
475 74.29 61.81 45.75 234.64 24 28 1
476 16.63 12.03 4.48 391.26 21 47 1
477 95.64 5.77 5.17 483.90 0 10 1
478 14.93 5.65 16.50 402.70 3 41 1
479 77.84 56.21 26.03 167.23 3 21 1
480 40.28 18.80 28.26 223.72 10 43 1
481 64.15 92.77 23.19 202.75 0 15 1
482 60.48 61.80 44.51 64.65 14 30 1
483 57.77 99.53 37.74 423.89 6 30 1
484 73.89 9.36 44.16 279.35 21 43 1
485 46.55 50.04 43.09 150.22 10 14 1
486 35.25 61.97 44.49 474.84 15 42 1
487 63.74 58.92 30.03 407.89 24 32 1
488 59.28 23.80 7.21 229.71 1 43 1
489 55.00 18.35 27.94 394.87 12 33 1
490 96.68 93.17 35.24 172.66 17 25 1
491 53.57 16.00 46.57 126.53 23 32 1
492 51.77 44.34 34.64 344.22 18 34 1
493 81.12 7.94 33.14 153.51 4 31 1
494 12.29 39.22 46.74 454.10 9 42 1
495 79.51 80.18 29.10 125.36 15 18 1
496 50.24 75.13 49.23 471.99 12 29 1
497 33.97 74.81 44.54 233.45 9 17 1
498 78.04 27.92 30.03 323.83 22 22 1
499 0.73 65.48 17.32 437.92 5 23 1
500 1.89 68.12 40.41 334.81 0 43 1
1 190.77 2560.55 1
1 1.00 33.86 1
2 1.55 37.64 1
3 1.73 37.58 1
4 1.37 37.61 1
5 1.76 47.86 1
6 1.85 44.14 1
7 1.13 29.19 1
