Data for Vehicle routing problem with drones - Author: Huyen Do Thi Ngoc
Number of depots: 3
Number of cities: 400
Number of trucks: 4
Number of drones: 6
Area: 100 100 50
Customer maximum demand: 500
Max capacity of truck: 200
Max energy of truck: 5000
Max capacity of drone: 2
Max energy of drone: 50
1 3.49 96.30 10.00
2 70.92 2.75 3.84
3 21.38 27.02 38.52
1 79.26 9.66 13.95 430.87 22 22 2
2 79.05 86.38 26.30 428.37 17 37 3
3 34.32 70.21 40.20 121.79 2 42 3
4 72.30 30.73 33.78 169.78 15 45 2
5 95.57 55.13 7.78 94.45 10 38 3
6 47.24 6.59 41.25 458.54 9 24 2
7 26.02 34.11 38.67 475.28 1 5 1
8 21.84 30.81 34.11 162.23 1 33 2
9 38.63 80.80 8.26 475.81 14 15 2
10 72.96 22.74 1.33 431.34 10 19 1
11 60.70 50.84 0.53 417.22 22 32 1
12 75.45 94.03 9.24 250.73 23 25 2
13 20.02 5.76 0.81 449.24 14 19 1
14 72.49 51.39 48.15 103.89 14 18 1
15 90.52 55.22 12.83 362.30 21 21 2
16 70.46 8.29 29.90 88.43 20 43 3
17 30.61 63.50 47.29 168.43 17 28 1
18 24.06 55.90 8.47 424.61 15 31 1
19 13.25 18.41 39.07 147.60 20 38 3
20 81.36 29.97 17.77 210.96 17 26 2
21 67.03 13.52 17.05 373.95 23 41 1
22 21.03 76.31 2.07 183.56 4 17 1
23 59.94 96.62 29.24 66.31 4 8 3
24 81.88 18.92 9.99 218.43 19 35 3
25 45.71 46.42 33.81 84.56 3 47 1
26 61.65 3.92 1.92 426.07 6 44 2
27 30.39 99.24 22.02 329.30 14 41 3
28 69.02 58.93 32.29 54.99 5 7 3
29 99.29 71.86 19.10 265.75 22 41 3
30 65.56 49.55 29.86 257.89 14 14 3
31 14.78 33.94 19.80 284.69 3 7 3
32 73.02 61.60 41.44 180.40 3 10 1
33 83.31 28.35 8.40 272.07 4 7 1
34 48.83 71.90 23.57 260.53 6 18 2
35 29.58 73.53 9.96 87.93 19 36 1
36 70.02 2.11 23.76 237.84 14 38 2
37 9.15 84.05 19.48 370.90 19 44 1
38 59.08 61.60 23.64 125.96 19 30 1
39 93.84 80.89 39.92 151.21 11 20 2
40 68.62 72.29 17.77 398.03 5 16 2
41 69.63 97.73 37.46 98.11 2 48 1
42 11.76 51.82 45.19 464.73 1 8 3
43 72.05 71.11 45.07 262.49 3 17 2
44 50.87 41.09 30.27 382.63 21 35 3
45 45.14 68.75 24.47 415.14 0 22 2
46 93.06 59.73 15.52 477.25 21 36 1
47 26.90 88.99 26.41 193.03 6 28 2
48 9.59 45.92 48.25 289.51 23 31 1
49 21.85 69.99 11.38 66.10 1 9 2
50 49.43 35.26 13.16 276.04 1 39 1
51 82.87 15.42 28.37 172.32 6 8 3
52 3.84 78.75 6.01 470.71 20 36 3
53 72.06 47.11 20.77 431.09 3 28 1
54 75.58 43.17 26.18 341.34 18 42 2
55 79.49 62.45 48.42 65.28 21 34 2
56 37.57 70.80 11.03 61.83 7 31 1
57 34.87 74.57 13.78 408.92 0 22 3
58 45.99 69.74 3.19 440.90 10 14 2
59 6.23 17.01 17.23 392.90 15 21 2
60 11.12 57.08 44.82 306.88 24 32 1
61 69.46 15.76 32.71 98.14 22 40 2
62 10.75 66.50 11.80 399.61 7 43 1
63 58.13 78.76 29.21 415.32 12 41 1
64 7.61 45.36 30.78 265.35 7 34 1
65 11.65 27.47 29.20 83.81 13 18 3
66 43.71 90.60 22.80 369.23 8 16 3
67 95.80 82.78 27.40 92.61 22 37 2
68 92.25 78.19 41.46 485.98 7 40 2
69 25.16 3.47 39.48 171.14 10 39 1
70 13.22 16.55 20.55 392.10 16 41 2
71 24.58 66.61 29.51 490.58 18 30 3
72 96.25 66.00 36.13 127.97 22 35 3
73 69.63 0.83 29.55 98.44 15 21 1
74 23.55 75.85 20.71 107.82 18 40 1
75 37.04 58.94 45.31 421.74 1 30 3
76 42.49 58.22 15.80 472.11 0 10 1
77 36.33 91.94 10.10 157.92 22 39 3
78 15.76 27.69 49.83 274.60 9 36 3
79 65.62 52.03 28.39 189.32 16 32 1
80 37.20 28.39 1.53 214.02 20 31 2
81 13.46 37.34 3.64 52.71 6 24 3
82 33.01 82.80 13.25 281.59 12 34 1
83 45.95 56.35 23.68 190.92 13 29 3
84 17.25 90.81 4.95 358.66 10 16 3
85 91.20 94.51 8.21 440.92 7 12 2
86 72.12 30.33 21.68 72.68 7 21 1
87 44.25 68.08 10.74 261.84 4 16 2
88 35.80 13.16 15.10 406.03 7 44 2
89 49.80 2.05 23.99 344.24 4 45 3
90 39.05 2.63 26.00 66.24 7 36 2
91 99.39 93.19 43.20 100.71 22 25 1
92 99.47 58.15 26.95 199.00 19 29 2
93 91.27 76.93 7.87 324.27 17 30 2
94 24.86 37.24 12.47 428.85 12 35 2
95 48.08 86.90 29.31 191.46 11 22 2
96 73.40 19.52 38.79 347.63 3 30 3
97 41.74 39.28 22.49 391.17 7 34 3
98 60.35 37.35 15.92 449.18 4 39 1
99 90.50 73.52 10.43 138.95 3 44 2
100 6.35 20.21 17.09 466.99 11 39 2
101 33.75 67.62 21.20 293.15 24 28 1
102 29.33 76.81 47.62 205.65 6 19 3
103 2.80 85.22 20.22 378.27 20 27 2
104 6.41 99.76 6.30 220.01 1 44 3
105 13.57 25.31 26.56 224.08 12 18 3
106 55.48 51.10 5.78 406.77 2 24 2
107 77.11 51.32 35.90 332.00 20 45 2
108 8.30 28.41 7.09 99.82 7 8 1
109 20.00 76.10 41.97 458.02 11 33 1
110 39.81 39.69 6.35 496.20 18 42 2
111 79.56 26.30 21.00 149.20 0 37 3
112 40.32 37.41 46.97 106.16 4 44 3
113 13.34 31.23 33.14 490.51 7 9 3
114 13.75 17.12 49.15 250.35 24 30 2
115 28.33 81.51 47.63 441.03 7 35 3
116 23.35 70.29 26.82 202.70 9 47 1
117 61.21 19.39 10.02 349.35 12 24 1
118 41.84 24.91 12.90 467.64 8 21 2
119 54.01 90.92 1.83 106.98 0 8 1
120 47.92 2.84 18.45 336.15 3 30 3
121 63.91 91.85 26.40 309.33 5 23 3
122 12.30 10.61 36.97 368.52 24 42 1
123 74.73 99.14 37.36 461.79 9 22 1
124 19.03 22.39 6.35 352.62 14 24 1
125 63.39 80.55 43.90 391.92 3 15 1
126 11.51 23.91 27.82 158.38 7 32 2
127 78.33 40.77 42.60 472.67 0 33 2
128 36.61 4.82 35.88 377.35 7 10 3
129 37.55 18.92 48.13 231.58 15 48 1
130 16.05 2.28 2.80 92.81 14 42 3
131 44.64 80.02 27.13 251.75 8 16 3
132 76.30 76.83 31.46 183.89 17 17 1
133 76.94 41.22 17.23 255.91 3 48 1
134 16.06 78.98 39.69 64.28 3 12 2
135 99.16 66.15 45.11 418.43 11 33 1
136 30.87 98.57 38.46 443.14 21 39 2
137 20.34 17.27 49.23 114.08 16 26 1
138 21.83 9.15 7.63 104.10 17 31 3
139 92.29 59.39 36.27 398.42 24 37 2
140 94.67 62.81 2.88 401.67 0 5 2
141 35.99 83.68 17.30 253.27 13 45 2
142 93.77 9.04 49.16 113.66 3 6 3
143 54.28 1.15 0.83 150.13 15 43 3
144 91.83 50.67 40.07 346.87 24 46 1
145 82.78 50.23 47.01 205.35 14 24 1
146 79.40 43.33 14.50 137.80 8 19 3
147 54.84 21.00 14.52 427.22 9 14 1
148 41.71 13.58 23.87 99.86 12 21 2
149 48.70 52.45 40.31 385.14 2 45 1
150 44.30 91.34 14.50 415.11 23 42 3
151 22.41 85.38 40.25 300.17 9 19 3
152 24.39 12.85 14.79 474.39 17 36 3
153 84.39 17.70 12.11 187.58 23 42 3
154 13.12 42.32 37.49 102.63 6 14 3
155 44.71 98.43 9.27 105.70 18 33 3
156 73.97 44.79 17.30 141.53 14 29 2
157 72.38 0.66 47.21 475.85 4 32 3
158 8.60 21.79 34.33 53.33 24 32 1
159 35.76 4.15 2.41 343.06 15 15 1
160 98.39 46.77 13.10 444.72 24 44 3
161 80.64 45.25 41.67 248.39 18 29 2
162 70.14 52.56 42.64 112.89 9 13 1
163 37.24 22.17 8.13 255.31 6 38 1
164 30.60 89.21 43.28 459.63 3 3 3
165 19.75 89.54 24.62 428.98 13 42 2
166 90.34 70.37 0.35 188.82 12 36 3
167 73.26 21.19 43.57 399.98 17 48 1
168 71.18 77.52 23.46 52.65 10 39 1
169 53.65 36.63 49.39 314.51 10 33 3
170 81.22 59.61 3.75 261.11 19 41 2
171 28.06 26.62 1.33 259.63 5 7 2
172 58.27 52.53 39.99 467.07 0 31 2
173 32.66 9.65 17.55 261.19 5 45 2
174 3.62 78.32 29.76 167.88 22 23 1
175 47.63 44.20 8.62 326.69 12 15 1
176 57.84 0.57 9.97 62.75 24 36 3
177 63.16 50.73 25.01 410.96 22 28 1
178 66.16 95.80 26.99 329.55 14 26 1
179 36.15 6.02 39.26 465.51 7 34 1
180 21.46 42.59 26.42 308.14 18 32 1
181 91.93 53.40 44.61 253.02 0 19 3
182 12.54 11.37 20.59 195.08 16 44 1
183 16.28 11.34 15.18 385.20 18 22 3
184 51.74 16.22 7.39 248.79 14 46 3
185 4.81 17.92 35.21 490.27 10 11 3
186 81.53 59.67 27.40 177.17 18 19 3
187 9.62 97.12 29.79 374.87 14 20 2
188 34.17 87.43 2.94 309.89 0 39 2
189 41.75 1.40 20.08 107.29 0 48 2
190 56.89 7.39 47.55 207.12 14 47 1
191 93.63 37.97 22.91 344.15 13 21 2
192 43.09 35.45 18.33 86.13 8 40 1
193 90.92 57.51 6.88 329.39 20 31 3
194 18.55 35.61 9.64 470.39 14 33 3
195 76.15 97.81 17.87 355.39 8 27 3
196 10.57 18.33 41.94 333.16 17 36 1
197 4.13 20.41 22.93 225.22 14 14 1
198 91.49 97.18 28.39 291.61 14 28 3
199 6.21 29.85 23.41 65.87 12 30 1
200 7.75 23.41 1.75 152.16 3 44 1
201 77.09 44.95 41.89 412.74 21 36 2
202 65.34 57.03 42.08 384.14 17 39 1
203 45.82 39.69 43.80 405.45 14 37 2
204 57.06 19.85 31.37 57.15 12 37 3
205 83.02 40.92 35.81 133.01 21 38 3
206 50.69 32.56 5.02 360.11 17 30 2
207 15.48 93.05 0.25 68.66 12 20 2
208 4.50 65.76 18.10 189.75 3 17 3
209 80.90 23.94 43.15 328.60 6 46 2
210 64.39 7.01 1.76 76.52 7 25 3
211 72.89 5.92 42.58 468.47 10 27 2
212 81.21 10.27 24.66 443.59 10 17 3
213 15.98 88.55 32.94 447.76 21 22 3
214 85.86 40.22 22.36 388.84 17 36 1
215 58.75 96.14 21.53 257.49 12 35 1
216 64.08 7.06 34.79 186.67 1 27 3
217 54.43 57.82 11.18 304.15 9 28 1
218 83.67 42.21 24.70 265.68 14 36 1
219 44.56 10.21 5.04 467.83 18 43 2
220 68.09 36.92 6.90 406.15 7 7 1
221 84.38 11.47 21.70 65.04 24 39 2
222 54.03 12.85 20.83 384.48 23 47 2
223 63.43 85.44 23.68 379.44 2 22 1
224 79.37 35.29 23.55 164.29 18 39 2
225 16.40 78.36 16.71 105.38 23 25 1
226 20.29 16.25 39.24 352.53 17 19 2
227 79.72 69.69 48.21 351.24 21 40 1
228 45.77 56.75 35.65 132.83 12 34 3
229 77.54 38.19 43.66 445.82 20 38 1
230 50.44 11.39 35.68 362.99 20 22 3
231 84.75 10.98 0.48 423.83 4 45 2
232 45.87 32.15 16.17 228.59 5 6 2
233 7.55 72.59 27.61 440.36 22 30 2
234 52.16 14.68 6.96 397.63 20 28 2
235 99.91 64.06 11.02 444.75 2 30 3
236 31.79 95.47 18.36 317.42 10 44 1
237 89.47 0.76 7.82 106.00 1 18 2
238 46.27 68.32 39.98 297.14 1 30 2
239 82.65 54.56 46.34 251.98 14 43 3
240 45.31 33.95 34.46 425.49 19 46 1
241 61.64 55.24 41.49 294.89 4 29 3
242 11.93 42.22 39.92 376.99 13 14 2
243 5.58 28.00 42.93 409.08 17 28 1
244 75.34 9.67 48.57 393.17 18 40 3
245 52.37 50.85 1.65 398.62 6 12 2
246 95.55 51.06 37.59 73.49 0 26 1
247 63.07 74.44 49.08 194.19 7 17 3
248 13.10 33.12 0.33 372.34 2 23 2
249 65.55 54.94 17.85 247.18 16 39 1
250 51.20 62.05 31.68 193.96 2 16 1
251 81.54 44.47 16.16 331.12 12 48 2
252 55.44 92.91 1.84 121.19 22 40 3
253 81.56 66.94 38.49 210.35 2 27 2
254 84.33 71.76 38.11 420.36 6 6 1
255 83.48 55.68 5.57 281.03 13 41 1
256 95.66 38.96 4.44 215.37 21 23 2
257 24.45 63.58 18.39 491.99 18 24 2
258 53.79 62.92 21.95 375.57 20 26 2
259 99.66 43.07 3.85 59.32 8 41 3
260 0.34 90.84 18.07 248.86 8 31 2
261 34.88 11.44 4.21 366.85 7 18 1
262 40.93 35.65 25.57 136.67 12 46 2
263 90.38 71.60 40.77 305.50 11 14 1
264 52.69 80.34 42.86 267.61 2 44 3
265 6.87 13.82 13.29 152.01 22 24 2
266 82.09 40.39 19.69 391.90 3 26 1
267 62.63 23.97 28.72 100.41 12 19 2
268 39.93 33.40 47.55 86.34 14 21 3
269 13.70 75.77 1.44 495.70 20 38 3
270 15.54 61.93 23.57 228.11 19 44 2
271 44.18 56.17 29.36 255.79 0 37 3
272 27.57 76.55 0.57 278.18 10 48 2
273 46.21 12.72 7.91 497.00 21 42 2
274 61.32 94.67 32.05 458.90 5 18 3
275 73.24 21.70 4.97 307.45 0 15 3
276 74.37 83.81 23.99 390.43 0 2 3
277 12.33 10.18 21.84 178.76 8 32 2
278 83.66 1.08 12.01 78.05 16 22 2
279 31.81 64.39 19.22 444.25 21 47 1
280 9.11 33.35 31.19 174.55 9 13 1
281 75.60 76.19 45.63 182.97 13 46 3
282 78.48 49.58 23.37 54.74 12 39 3
283 46.37 91.79 28.14 373.06 20 27 3
284 32.14 38.10 19.18 53.33 1 14 1
285 7.20 31.34 36.89 144.56 12 29 3
286 15.73 21.99 14.61 236.85 8 37 3
287 25.39 78.39 12.43 80.59 22 30 3
288 4.82 33.97 22.28 379.54 22 23 2
289 35.71 34.06 49.00 203.02 13 41 1
290 45.18 87.18 47.43 100.24 17 26 3
291 24.77 93.78 3.10 255.29 23 25 3
292 37.84 74.85 39.89 435.34 11 48 2
293 22.82 65.53 42.20 196.97 14 31 2
294 42.01 11.80 43.28 254.21 0 35 3
295 47.72 11.60 35.71 57.55 21 45 2
296 33.62 7.79 45.37 266.67 16 30 2
297 73.94 36.07 12.05 74.44 6 27 3
298 8.07 29.48 10.23 395.01 17 41 1
299 17.32 59.96 22.61 434.94 16 40 3
300 22.55 24.57 11.10 80.35 14 19 2
301 35.80 78.33 14.54 135.15 8 8 1
302 89.71 1.34 6.14 123.79 22 37 1
303 3.78 75.50 41.00 59.40 14 22 1
304 67.50 35.67 38.83 128.67 23 43 1
305 69.38 97.11 4.67 293.33 8 45 1
306 52.53 86.78 39.12 150.21 23 39 2
307 49.94 50.77 9.42 134.29 8 33 1
308 70.40 54.40 27.34 139.82 14 17 2
309 63.56 20.86 19.43 393.17 2 5 2
310 84.53 73.10 27.16 490.20 10 37 3
311 73.99 8.73 46.76 431.40 4 15 1
312 26.45 36.92 16.40 287.54 6 11 3
313 84.92 0.05 4.06 395.10 6 29 2
314 82.22 65.72 22.51 113.87 0 44 3
315 81.21 81.78 25.69 189.88 0 0 3
316 7.68 48.00 19.46 69.74 15 43 1
317 9.21 67.53 8.04 376.95 9 41 2
318 38.85 54.21 44.91 303.22 21 48 1
319 26.49 87.66 27.88 363.82 15 38 1
320 7.41 14.64 41.73 340.55 2 24 1
321 67.31 98.43 49.93 441.74 21 29 3
322 1.50 29.99 40.20 108.64 22 22 2
323 54.24 80.79 0.94 83.83 9 43 1
324 51.02 81.62 19.52 469.15 13 39 1
325 45.31 97.64 40.01 104.39 5 13 1
326 80.65 47.74 4.76 440.50 15 15 3
327 50.17 86.66 14.04 259.58 23 41 3
328 13.53 52.57 39.58 168.65 3 4 1
329 31.38 83.24 42.48 365.54 6 48 1
330 65.26 18.63 41.02 232.69 6 37 2
331 95.67 64.69 11.26 242.92 7 17 1
332 24.73 42.20 28.79 481.29 11 48 1
333 48.53 0.44 9.78 495.33 14 14 3
334 92.81 68.28 13.26 405.25 15 48 1
335 23.61 8.94 46.01 437.95 4 11 1
336 68.06 26.15 26.61 272.49 1 31 3
337 16.05 9.30 11.22 383.53 4 16 2
338 11.58 40.35 13.72 259.11 3 17 3
339 98.57 72.83 28.27 196.99 10 13 1
340 82.57 30.22 14.01 383.13 12 45 2
341 18.86 61.57 45.12 394.94 22 28 3
342 43.81 38.40 10.08 123.36 7 33 1
343 61.74 74.97 6.12 342.22 17 22 3
344 68.21 83.22 26.47 358.37 12 15 3
345 73.40 74.53 13.45 160.20 11 21 2
346 43.95 42.35 0.43 232.66 1 4 3
347 6.77 99.42 11.64 366.67 2 14 1
348 80.30 54.75 49.05 449.74 2 48 3
349 88.25 11.59 9.68 316.53 14 33 3
350 63.14 89.54 48.08 372.06 8 16 1
351 35.12 90.64 24.23 266.19 24 33 1
352 93.86 95.43 18.75 76.21 0 15 2
353 17.99 24.33 25.76 164.90 10 26 1
354 58.33 73.85 37.42 365.74 4 33 2
355 75.60 77.62 48.32 193.31 5 23 3
356 55.00 38.00 18.98 438.37 23 38 3
357 92.67 97.97 16.48 73.55 20 35 2
358 89.25 6.72 35.42 86.93 22 45 1
359 40.35 60.64 41.60 443.27 3 27 2
360 58.10 66.30 24.10 200.68 8 35 2
361 89.33 66.87 10.74 237.89 17 42 1
362 69.78 75.29 47.24 57.11 14 28 1
363 19.62 67.60 14.68 475.63 13 38 1
364 11.47 79.15 4.97 476.97 14 21 2
365 69.49 45.45 7.93 109.26 6 33 3
366 84.79 10.63 6.60 90.92 6 10 3
367 76.04 27.28 47.75 320.51 5 32 3
368 59.21 72.74 5.43 445.75 21 44 2
369 2.17 28.88 16.35 333.71 22 26 3
370 68.31 80.07 34.35 371.60 16 29 1
371 51.14 79.21 17.91 337.81 22 29 3
372 9.20 70.57 34.32 61.31 0 24 1
373 49.75 17.04 49.20 165.26 18 20 3
374 81.08 39.41 41.22 403.17 24 47 2
375 61.89 86.87 5.51 133.04 5 6 3
376 53.48 22.72 42.99 355.83 15 43 3
377 66.99 95.71 13.72 399.78 6 8 1
378 19.59 95.24 25.91 371.54 21 40 3
379 49.19 84.92 29.06 295.82 13 39 2
380 34.38 11.20 35.04 287.53 3 46 2
381 71.18 11.17 46.51 435.35 19 27 2
382 70.07 86.88 9.72 444.02 6 43 1
383 7.87 72.08 10.51 108.26 21 28 1
384 96.98 59.46 10.04 193.75 11 39 1
385 43.11 89.97 42.34 348.94 2 45 3
386 77.70 68.85 45.13 387.29 13 31 2
387 32.39 94.22 6.42 286.95 18 28 3
388 70.21 30.13 5.54 248.81 9 20 2
389 48.27 82.61 16.73 368.84 20 25 2
390 33.40 99.47 29.51 443.47 22 27 2
391 18.41 89.44 33.36 234.53 21 23 1
392 13.01 94.12 34.18 136.28 11 14 3
393 85.22 71.71 23.23 454.44 24 28 1
394 51.12 14.76 44.58 343.17 1 15 2
395 37.91 96.21 48.19 236.64 14 31 1
396 25.60 98.55 48.66 396.47 11 23 3
397 70.35 86.10 18.37 297.30 5 15 2
398 43.87 95.27 24.22 463.02 0 42 2
399 93.38 97.43 24.41 364.85 7 27 3
400 99.51 91.68 22.28 401.71 8 34 2
1 179.54 3425.43 1
2 174.82 4235.74 2
3 138.53 2659.41 3
4 113.28 2726.12 3
1 1.36 37.99 4
2 1.53 30.85 3
3 1.74 33.54 4
4 1.53 31.35 1
5 1.49 46.69 3
6 1.03 43.28 2
