Data for Vehicle routing problem with drones - Author: Huyen Do Thi Ngoc
Number of depots: 3
Number of cities: 400
Number of trucks: 5
Number of drones: 8
Area: 100 100 50
Customer maximum demand: 500
Max capacity of truck: 200
Max energy of truck: 5000
Max capacity of drone: 2
Max energy of drone: 50
1 97.33 93.78 15.48
2 26.04 15.03 47.97
3 4.89 14.10 46.07
1 87.04 0.51 37.15 313.66 14 23 3
2 47.08 10.80 45.42 117.53 5 18 1
3 96.01 26.29 15.37 354.48 4 32 2
4 37.54 44.48 46.92 398.43 17 32 3
5 43.30 3.52 42.61 473.54 21 44 1
6 22.10 94.29 45.73 492.78 22 46 2
7 20.31 37.17 19.73 68.92 10 32 3
8 43.55 73.05 11.26 189.36 16 38 3
9 19.22 96.33 21.19 408.92 16 39 2
10 2.42 23.69 10.67 78.37 17 36 3
11 16.62 78.74 35.23 303.90 3 13 2
12 30.85 67.82 41.32 115.81 14 30 1
13 45.43 3.06 30.87 192.79 6 19 3
14 50.54 31.74 3.85 481.42 0 10 2
15 57.28 26.24 15.10 413.02 23 30 3
16 75.89 65.62 28.14 302.33 3 4 2
17 81.69 64.69 36.46 223.41 13 30 1
18 7.66 29.22 20.40 166.38 0 29 1
19 20.14 50.11 3.65 157.88 16 43 3
20 2.34 34.28 18.11 251.07 17 17 2
21 50.93 80.71 28.02 254.72 0 19 3
22 66.11 23.46 14.54 354.91 5 42 1
23 45.55 74.26 41.24 67.28 8 38 1
24 55.06 83.92 35.34 140.25 2 32 2
25 91.56 39.63 45.44 488.93 24 27 1
26 63.39 49.64 8.71 228.02 2 40 2
27 58.91 0.83 10.56 242.27 3 26 1
28 67.12 59.23 36.52 328.80 11 37 1
29 30.22 45.09 36.54 271.89 12 48 2
30 78.73 89.19 48.14 469.54 4 40 3
31 36.90 31.51 0.04 393.03 6 28 3
32 8.63 5.85 0.35 229.31 1 48 2
33 79.56 28.36 18.38 392.10 15 37 1
34 24.73 31.93 27.92 204.19 13 23 1
35 2.58 46.69 11.79 198.47 15 26 1
36 98.36 26.75 25.11 432.09 9 26 3
37 47.98 17.04 23.24 372.31 7 31 2
38 90.51 43.94 22.45 415.75 11 15 1
39 13.46 4.78 26.00 464.79 15 42 3
40 39.73 62.22 31.62 89.29 5 28 2
41 58.95 25.62 29.46 420.09 24 46 3
42 85.55 13.07 20.92 182.93 16 24 3
43 95.32 28.35 3.35 400.05 16 23 2
44 53.84 45.44 18.48 398.46 6 25 2
45 91.88 89.02 40.42 416.50 2 28 1
46 8.77 75.71 24.39 299.51 0 13 3
47 71.23 71.11 25.82 85.69 15 36 1
48 90.54 36.53 32.06 96.72 10 39 2
49 11.11 78.07 20.40 280.36 22 39 3
50 32.27 61.64 39.86 410.45 3 33 2
51 45.97 76.46 32.43 63.70 0 22 3
52 80.36 34.92 46.16 109.43 24 24 2
53 31.40 78.89 5.34 239.49 20 29 2
54 57.28 49.74 42.51 184.14 15 19 2
55 25.76 80.00 38.20 61.27 14 46 1
56 30.43 83.16 2.39 370.12 10 18 2
57 3.86 72.62 1.17 287.43 23 38 2
58 30.68 2.47 21.97 172.77 4 17 3
59 85.85 44.39 21.16 436.90 10 24 2
60 52.58 76.50 8.24 402.44 20 28 2
61 20.22 85.73 26.28 202.52 10 47 3
62 7.16 71.34 11.60 236.16 8 10 1
63 10.63 91.70 45.43 176.33 22 25 3
64 6.17 45.58 32.76 352.68 13 33 3
65 87.28 60.86 24.07 431.41 1 20 2
66 34.96 15.77 10.57 270.27 16 40 2
67 33.79 38.62 16.15 159.21 5 46 2
68 3.77 54.74 21.26 483.24 21 48 1
69 42.36 3.96 21.44 419.58 10 12 1
70 81.33 55.29 36.10 176.87 12 26 1
71 37.81 31.95 3.09 53.26 23 36 1
72 81.24 70.58 45.02 181.66 21 46 1
73 59.30 75.23 8.82 346.61 7 27 3
74 62.92 87.84 29.19 115.59 17 18 2
75 64.95 95.35 30.04 198.68 23 31 2
76 49.51 61.15 6.08 444.55 2 16 1
77 48.32 90.33 18.92 149.91 9 24 2
78 1.24 68.99 44.27 388.17 9 28 2
79 41.09 48.79 45.67 342.85 15 31 3
80 63.93 48.34 33.01 200.73 15 19 1
81 7.65 87.08 10.22 263.16 2 37 2
82 99.99 78.61 16.11 80.11 2 27 3
83 91.83 13.01 25.34 62.59 1 31 3
84 6.80 46.27 39.82 55.72 20 27 2
85 76.22 98.28 45.17 216.74 6 11 1
86 19.81 31.68 47.33 180.92 12 24 2
87 10.68 66.57 26.11 405.46 24 27 2
88 91.44 30.36 14.96 498.16 7 7 2
89 96.77 32.64 0.66 355.60 19 42 3
90 12.63 70.95 36.03 127.16 8 18 3
91 70.98 90.38 47.69 487.81 23 34 1
92 18.26 53.37 20.12 255.48 24 39 3
93 32.12 72.86 26.06 197.94 24 37 2
94 97.28 55.46 4.84 211.60 6 11 2
95 61.47 18.22 47.47 459.76 2 11 2
96 67.55 10.86 29.56 162.31 18 35 2
97 78.02 19.10 36.56 121.24 21 46 2
98 90.40 38.94 25.80 215.51 7 44 3
99 3.92 36.96 47.35 105.05 9 31 2
100 34.85 91.88 10.05 180.60 23 41 3
101 87.89 82.20 43.94 335.61 5 23 1
102 90.57 72.66 22.10 375.72 12 15 1
103 68.84 75.08 42.29 420.46 14 44 2
104 71.48 51.53 42.50 87.67 19 47 1
105 97.84 47.30 5.16 56.67 23 31 2
106 1.78 1.88 22.60 317.94 16 37 2
107 72.00 60.67 42.90 268.30 8 22 2
108 59.59 88.69 31.72 253.61 1 45 2
109 38.54 21.14 44.40 451.09 8 30 1
110 44.06 56.03 23.32 396.33 0 41 3
111 1.60 32.11 21.53 373.68 20 36 3
112 10.86 89.17 14.13 107.72 24 24 1
113 8.05 30.13 20.04 421.42 6 16 2
114 69.38 57.72 4.85 206.43 21 25 1
115 87.56 92.14 15.63 72.86 2 3 3
116 83.39 27.59 32.19 477.84 15 27 3
117 66.23 79.31 24.86 244.00 14 31 3
118 3.32 8.12 25.00 58.44 22 27 3
119 6.66 7.81 36.01 228.20 22 38 3
120 75.36 39.63 38.92 199.14 13 24 1
121 89.70 16.02 14.96 477.09 7 31 3
122 10.83 31.97 25.78 252.58 21 34 3
123 28.36 0.91 2.78 193.72 19 37 1
124 33.03 82.82 5.77 338.73 19 47 3
125 93.39 43.20 31.88 427.56 11 27 1
126 20.13 19.50 38.32 168.78 15 48 2
127 70.88 5.20 19.91 467.52 3 36 2
128 48.84 72.98 20.32 380.80 15 46 1
129 68.49 89.69 45.25 346.97 24 24 3
130 54.00 38.37 49.70 165.82 14 30 2
131 94.42 25.95 9.30 300.45 3 3 3
132 26.85 27.58 36.46 451.57 5 30 3
133 19.02 88.07 9.76 474.68 13 25 1
134 15.39 95.19 40.57 472.41 12 25 2
135 15.96 17.44 43.55 103.57 7 9 2
136 89.21 46.04 38.89 320.44 17 27 3
137 3.92 17.92 28.30 254.94 16 44 3
138 69.33 56.56 4.18 293.20 20 48 3
139 19.60 74.71 22.58 81.76 1 43 2
140 83.63 84.76 22.92 233.05 1 35 2
141 79.25 90.66 33.37 461.92 0 39 2
142 81.12 91.87 15.29 158.59 19 36 3
143 9.70 22.22 17.61 122.02 3 7 3
144 10.01 52.24 26.99 219.69 1 41 2
145 78.61 7.41 32.95 377.22 21 43 2
146 1.51 42.33 48.81 386.14 23 26 1
147 43.38 3.77 23.26 421.36 15 23 2
148 7.91 25.41 48.34 355.54 20 21 3
149 26.70 83.85 0.56 200.63 15 28 2
150 17.03 84.46 2.58 454.19 4 21 3
151 66.78 37.44 1.35 310.12 11 19 3
152 97.56 90.10 14.03 182.98 22 38 2
153 28.53 64.76 46.29 406.05 7 28 2
154 68.76 15.55 32.97 285.24 0 6 2
155 2.03 74.01 4.56 417.98 24 25 1
156 72.02 13.36 18.45 187.58 15 23 2
157 57.55 14.44 18.96 309.47 2 11 1
158 33.81 3.45 13.37 143.10 8 8 1
159 27.37 97.06 15.17 459.50 22 48 1
160 58.71 66.56 14.16 387.08 21 23 3
161 86.01 58.40 38.61 470.24 3 27 1
162 71.73 19.10 37.44 115.00 3 47 1
163 33.64 75.22 41.24 319.87 10 23 2
164 6.23 44.19 47.53 386.06 0 47 3
165 91.72 25.90 49.38 388.83 0 41 1
166 13.02 50.00 22.64 203.57 22 40 2
167 50.61 72.44 2.95 347.14 4 47 2
168 20.99 10.62 1.51 56.99 1 20 1
169 44.48 46.47 29.35 495.47 23 36 2
170 92.34 1.88 20.12 212.66 7 31 1
171 84.36 33.72 39.89 269.07 23 30 2
172 95.44 74.94 29.36 94.15 2 29 1
173 92.03 14.97 41.36 52.30 15 19 3
174 23.17 81.40 35.33 407.43 8 19 3
175 0.64 47.47 37.77 61.44 6 13 2
176 29.12 78.07 46.06 396.77 16 37 3
177 95.35 11.50 13.90 416.73 24 34 3
178 69.87 48.79 1.22 479.05 24 41 2
179 45.24 91.63 12.91 265.98 10 26 2
180 51.90 36.82 32.07 462.25 24 28 3
181 23.05 62.03 47.17 450.61 18 27 3
182 53.19 95.09 39.83 419.89 10 39 2
183 32.34 53.82 31.05 223.15 8 28 2
184 82.76 1.61 2.56 300.94 2 33 1
185 45.03 18.05 32.45 396.76 6 22 1
186 49.26 65.58 46.26 116.60 3 11 2
187 95.05 49.61 0.88 473.73 11 40 1
188 92.11 83.08 38.18 458.90 11 39 2
189 57.76 2.50 30.98 338.15 9 15 2
190 31.21 77.22 27.55 295.60 24 47 1
191 73.46 77.08 44.20 367.77 11 14 1
192 55.50 35.99 26.50 398.48 9 48 1
193 3.76 56.28 9.50 253.84 11 41 3
194 33.00 29.08 28.84 197.69 2 32 2
195 37.25 73.92 9.17 244.54 21 23 1
196 90.94 79.35 48.93 194.53 9 35 1
197 98.55 49.72 0.60 449.16 8 8 3
198 60.87 93.69 14.50 425.15 1 48 2
199 16.06 56.02 32.66 121.79 18 37 1
200 77.32 3.94 0.54 284.55 12 32 1
201 43.11 24.67 16.11 392.54 6 43 3
202 84.49 89.07 10.34 230.56 13 14 1
203 15.71 55.95 30.31 491.56 19 27 2
204 14.23 29.58 27.36 270.78 18 46 2
205 92.71 61.59 41.74 490.92 2 9 3
206 54.53 36.40 32.02 79.03 21 34 2
207 87.08 66.25 26.42 287.59 20 38 1
208 37.77 27.85 36.20 374.58 20 48 1
209 78.38 9.05 28.64 75.26 16 33 2
210 20.14 90.41 20.96 405.42 3 25 2
211 29.31 13.68 10.26 378.46 6 8 3
212 6.78 18.89 44.09 334.84 7 8 1
213 8.01 28.27 24.09 133.90 11 20 1
214 28.02 11.80 21.50 495.94 17 31 1
215 21.93 22.54 27.12 400.02 24 46 3
216 52.57 73.18 14.38 330.93 7 13 2
217 89.14 89.28 41.76 230.12 0 14 1
218 73.90 74.74 5.22 249.94 14 47 2
219 26.89 50.27 36.16 239.32 21 35 3
220 96.40 30.22 49.44 51.53 10 48 3
221 33.13 1.47 14.77 417.42 22 31 1
222 88.40 13.31 20.82 306.07 4 5 3
223 10.50 28.07 27.29 86.14 21 37 1
224 31.51 4.88 34.73 173.74 18 44 3
225 23.41 1.52 25.27 356.70 15 34 2
226 51.32 62.44 31.03 313.70 0 13 3
227 91.97 30.30 2.97 249.08 24 37 2
228 68.39 84.00 15.43 147.22 11 47 1
229 31.82 16.72 25.47 424.26 1 43 2
230 45.01 12.62 34.65 165.43 14 42 2
231 68.20 14.75 19.19 310.72 21 45 2
232 76.69 31.67 22.41 275.58 9 39 3
233 76.29 32.42 8.54 274.52 20 25 2
234 77.12 68.82 11.08 250.34 9 47 1
235 87.20 71.93 20.72 240.48 7 21 3
236 1.56 38.17 49.14 261.98 19 21 3
237 18.11 50.81 41.52 280.61 14 31 1
238 9.44 33.74 1.48 103.10 8 42 1
239 2.35 12.60 34.17 229.52 15 37 2
240 48.06 83.77 30.75 497.13 17 35 3
241 69.02 54.67 13.30 477.94 17 29 3
242 66.18 52.16 15.03 362.78 18 39 2
243 90.29 52.11 13.42 194.77 22 48 3
244 78.47 3.98 13.30 431.23 9 22 2
245 14.22 89.42 26.83 301.30 21 23 2
246 19.63 24.98 16.39 167.76 8 43 3
247 83.99 35.77 6.56 112.56 19 22 3
248 3.08 6.09 49.71 284.90 19 34 1
249 48.85 46.27 15.50 412.27 13 24 1
250 66.08 90.72 48.70 253.08 8 32 2
251 9.69 72.28 30.79 193.77 13 33 3
252 28.77 19.27 7.30 392.01 20 45 1
253 2.32 52.75 1.07 298.11 1 1 1
254 33.84 47.02 38.01 52.40 15 34 1
255 8.97 31.68 18.02 332.88 15 16 3
256 86.79 91.42 42.74 394.84 22 23 2
257 80.88 69.22 46.57 490.12 3 46 2
258 6.52 64.34 15.10 193.06 23 39 2
259 97.54 69.83 12.84 104.52 2 17 2
260 70.53 29.34 31.02 108.86 20 26 1
261 62.01 15.04 26.90 397.35 11 35 1
262 54.78 2.61 2.76 136.56 0 39 3
263 85.13 47.73 4.08 279.75 11 40 2
264 17.89 53.84 40.27 156.27 14 38 3
265 99.05 32.84 25.89 158.24 14 46 3
266 24.41 43.09 24.75 424.77 19 30 2
267 45.00 79.30 7.05 490.29 9 20 1
268 16.59 73.08 18.10 118.49 20 26 2
269 36.90 71.83 49.29 291.44 4 4 2
270 92.17 86.99 15.31 457.46 13 34 3
271 12.37 86.96 16.03 96.60 14 29 1
272 80.09 60.99 4.01 337.79 1 23 1
273 32.14 28.53 0.34 433.53 4 12 1
274 50.36 64.62 8.18 414.70 7 7 1
275 56.53 90.04 19.44 494.62 16 31 2
276 29.93 14.62 21.48 429.39 4 48 3
277 40.62 39.01 36.01 291.74 6 29 3
278 42.97 85.92 4.76 215.90 2 20 2
279 55.41 78.02 14.30 95.43 19 31 2
280 96.54 52.13 42.29 491.80 1 17 3
281 83.53 2.34 40.33 182.35 23 44 3
282 29.76 5.70 37.85 59.71 1 46 2
283 52.79 67.04 45.72 180.30 7 14 2
284 63.22 74.07 19.70 317.68 18 27 3
285 54.06 45.18 32.65 329.35 15 20 1
286 23.39 92.37 25.13 308.86 7 39 2
287 65.10 4.24 14.70 261.56 8 46 1
288 31.73 24.34 32.94 427.69 14 46 1
289 42.78 0.73 6.26 104.20 24 40 1
290 93.25 98.98 17.21 282.25 2 12 3
291 32.35 32.62 34.90 322.72 16 18 2
292 9.95 51.96 41.36 75.96 20 20 2
293 33.00 61.43 39.85 280.54 17 17 3
294 2.76 54.36 33.70 294.07 24 46 2
295 38.27 53.83 35.37 172.16 5 47 1
296 18.17 58.69 30.03 118.89 23 31 3
297 66.27 3.47 3.90 73.79 10 42 2
298 99.00 47.93 24.72 379.78 15 44 1
299 95.08 67.97 15.31 374.44 4 21 1
300 42.32 80.45 39.90 285.30 8 43 3
301 85.73 20.56 49.40 123.17 4 13 3
302 51.06 9.94 33.96 340.19 10 36 2
303 87.00 92.77 13.78 438.38 9 29 3
304 3.94 16.34 19.67 354.43 11 15 1
305 97.43 53.07 26.66 374.76 21 24 2
306 39.55 57.49 8.27 245.02 7 35 1
307 57.21 51.16 32.48 339.26 19 26 1
308 91.77 48.69 19.72 455.31 10 46 1
309 31.32 94.06 36.36 245.89 0 31 3
310 8.16 2.74 38.79 341.93 24 46 3
311 15.88 84.06 34.61 115.80 7 27 1
312 36.23 15.39 6.92 302.23 16 31 2
313 3.14 88.24 24.50 379.94 5 15 2
314 36.29 67.53 23.21 84.55 4 28 1
315 29.99 64.99 38.60 331.08 7 36 2
316 66.64 94.40 45.90 206.81 0 22 2
317 34.12 24.13 31.31 255.20 19 34 1
318 10.02 29.33 15.49 254.72 12 27 3
319 66.90 92.28 43.75 335.27 1 3 2
320 99.07 93.66 29.22 87.42 1 20 3
321 78.78 55.89 43.87 212.10 15 24 1
322 55.02 31.93 14.52 134.62 2 2 2
323 5.49 2.24 16.42 156.77 14 41 1
324 94.92 84.29 10.65 291.61 19 25 1
325 33.81 68.45 26.95 51.74 3 27 2
326 6.58 97.59 45.32 473.90 24 34 2
327 79.14 48.92 27.21 60.77 1 11 3
328 70.88 8.11 29.13 300.18 21 36 2
329 32.17 15.16 39.89 327.05 11 35 1
330 56.69 60.08 0.51 79.23 6 8 2
331 51.73 74.64 30.63 310.61 24 37 1
332 29.33 98.96 3.97 420.17 2 40 1
333 36.95 44.22 42.10 461.77 23 37 1
334 93.02 93.52 15.88 472.14 9 46 1
335 30.21 18.87 27.72 227.50 17 47 1
336 49.02 23.87 48.48 368.67 17 36 1
337 85.52 73.81 1.69 427.11 14 30 2
338 48.13 85.63 36.59 345.96 6 36 2
339 39.14 41.71 11.64 377.99 8 33 3
340 76.83 38.60 22.97 318.27 13 43 2
341 56.70 80.64 36.38 373.27 9 25 3
342 70.30 58.52 19.69 95.32 8 25 2
343 83.70 52.52 46.92 163.99 4 43 1
344 11.17 14.18 23.45 292.40 16 27 3
345 39.40 84.12 32.80 116.21 22 37 2
346 45.74 72.15 34.94 435.63 12 19 3
347 96.11 57.15 23.95 422.30 22 32 2
348 20.57 13.32 23.87 223.27 23 28 1
349 27.05 87.64 13.64 245.69 3 44 1
350 28.32 96.88 22.26 421.96 18 34 3
351 8.98 38.15 17.00 257.24 12 33 3
352 43.37 56.02 1.18 371.03 19 28 2
353 65.14 74.51 16.24 382.09 23 33 1
354 25.58 62.38 23.75 125.90 8 28 2
355 15.04 12.07 25.70 310.95 15 36 3
356 55.29 2.07 23.25 444.97 24 38 2
357 16.14 23.37 24.24 484.08 7 46 2
358 31.09 33.56 9.72 165.90 22 39 1
359 59.71 35.11 15.09 430.10 0 47 2
360 93.10 3.48 43.72 318.79 20 29 1
361 90.63 64.07 16.71 483.18 14 39 3
362 6.75 97.73 36.73 364.05 7 14 2
363 42.40 53.63 7.23 208.50 1 11 1
364 28.62 56.72 34.35 477.85 20 25 2
365 46.65 20.47 31.20 476.26 13 38 3
366 13.46 27.24 49.88 473.70 19 29 2
367 7.12 49.17 22.17 419.44 17 32 3
368 13.37 16.25 12.82 75.61 11 37 1
369 70.09 91.77 45.91 332.11 17 33 2
370 68.84 59.52 31.03 329.10 19 39 3
371 30.10 34.13 48.83 493.45 21 26 3
372 2.96 65.32 37.86 170.44 1 17 3
373 53.33 20.28 25.29 286.53 4 13 2
374 39.42 52.10 17.64 363.29 4 7 1
375 75.59 11.31 21.66 366.32 8 12 3
376 53.18 57.69 13.12 466.46 3 19 1
377 37.83 17.92 22.88 302.52 9 16 1
378 51.15 21.79 18.39 306.15 19 27 1
379 41.91 0.64 11.42 244.54 11 15 1
380 22.09 96.22 38.90 198.69 24 41 2
381 4.75 71.76 15.82 76.29 18 44 1
382 29.85 90.74 3.27 487.29 18 24 3
383 67.75 59.23 44.74 184.69 18 29 3
384 95.09 81.18 21.23 109.69 22 41 1
385 16.00 6.61 47.99 209.78 5 13 3
386 79.33 32.78 25.48 181.32 10 17 2
387 82.19 12.17 10.51 81.29 17 37 2
388 15.65 69.16 33.77 438.02 21 30 1
389 41.83 56.20 44.19 142.49 23 36 3
390 28.39 61.96 34.05 203.81 20 23 2
391 84.03 28.82 40.49 161.58 1 44 3
392 95.33 73.61 13.85 415.58 5 48 2
393 1.92 70.28 16.86 359.16 12 38 3
394 14.26 30.10 42.60 444.73 18 21 1
395 62.04 34.10 33.61 176.94 13 43 3
396 60.53 93.20 5.59 114.55 19 44 3
397 93.07 70.85 7.79 485.69 9 25 2
398 27.71 86.37 46.15 282.51 24 47 2
399 56.58 38.04 31.35 357.31 7 14 1
400 83.74 63.04 45.37 114.23 12 18 3
1 137.35 4961.30 1
2 117.83 3066.19 2
3 196.63 3384.29 3
4 184.96 4834.87 1
5 157.46 3449.87 1
1 1.63 26.44 2
2 1.98 30.37 5
3 1.95 48.63 2
4 1.07 38.00 2
5 1.43 41.38 2
6 1.74 40.48 2
7 1.46 34.32 5
8 1.99 41.37 3
