Data for Vehicle routing problem with drones - Author: Huyen Do Thi Ngoc
Number of depots: 2
Number of cities: 100
Number of trucks: 5
Number of drones: 10
Area: 100 100 50
Customer maximum demand: 500
Max capacity of truck: 200
Max energy of truck: 5000
Max capacity of drone: 2
Max energy of drone: 50
1 76.80 41.67 21.72
2 8.93 29.85 31.85
1 88.38 83.67 41.71 306.92 12 48 1
2 47.53 66.05 22.81 168.48 7 41 2
3 96.63 93.66 26.03 284.27 14 28 2
4 54.23 1.85 47.23 255.48 13 13 1
5 40.90 51.84 25.08 453.93 24 27 2
6 32.14 35.38 39.02 312.74 4 42 1
7 95.23 49.44 47.84 232.28 11 31 2
8 12.88 98.00 4.46 162.15 11 18 2
9 11.77 29.23 13.16 257.54 10 32 1
10 67.90 42.57 32.20 243.43 8 10 1
11 8.57 50.31 8.34 123.33 18 48 2
12 13.10 93.05 39.28 258.38 3 45 1
13 89.28 25.69 2.55 337.87 0 1 1
14 58.66 56.72 27.41 167.31 24 48 2
15 50.70 63.50 38.05 73.08 18 22 1
16 52.31 67.03 1.54 240.49 9 18 1
17 99.92 56.31 40.08 234.10 10 14 2
18 14.34 21.36 5.13 305.43 5 41 1
19 44.89 45.13 14.31 226.32 2 7 1
20 3.89 35.69 28.83 429.63 8 22 1
21 19.65 51.43 3.56 76.96 18 37 1
22 27.87 1.54 0.26 244.42 1 29 1
23 90.24 82.63 11.34 365.93 18 34 2
24 96.73 29.45 40.75 308.46 24 33 1
25 87.94 82.10 24.17 398.45 2 23 2
26 89.06 90.85 36.63 108.31 12 20 1
27 56.18 49.47 27.68 234.26 22 46 2
28 57.15 91.76 14.28 95.39 19 26 1
29 22.32 46.54 48.62 499.08 1 2 2
30 5.14 64.44 3.71 489.79 14 44 1
31 29.64 72.74 12.86 475.77 0 23 1
32 53.21 9.99 0.81 347.25 6 20 2
33 82.36 34.23 6.14 286.09 0 23 1
34 12.67 88.61 49.38 273.63 22 41 2
35 16.17 14.19 47.84 462.20 21 47 1
36 65.66 69.36 48.80 224.87 6 35 1
37 21.10 43.52 46.77 419.30 16 17 1
38 71.87 42.35 20.31 497.50 2 12 1
39 43.81 85.20 39.80 458.20 6 41 1
40 7.01 89.76 32.73 382.39 23 35 2
41 69.76 63.13 11.79 457.67 7 40 1
42 64.55 98.44 40.33 404.26 9 39 1
43 8.24 2.51 36.43 410.73 22 45 2
44 38.96 84.10 25.07 447.34 0 14 2
45 69.14 66.12 49.48 450.90 11 18 1
46 93.29 55.56 32.29 469.10 0 25 1
47 47.02 32.03 12.77 265.81 21 45 1
48 8.08 49.73 48.31 408.86 20 26 2
49 52.54 61.94 29.86 236.03 11 20 1
50 72.75 43.85 46.71 381.14 18 20 1
51 87.98 87.30 28.96 245.71 21 22 1
52 79.43 21.57 15.27 252.79 20 32 1
53 76.93 6.10 20.52 327.30 19 25 2
54 6.23 48.70 18.86 196.52 9 15 1
55 62.42 70.87 16.06 342.61 16 46 2
56 72.83 57.10 28.86 208.44 3 16 1
57 89.10 16.55 32.14 186.39 6 39 2
58 12.98 34.12 20.76 335.74 16 18 2
59 54.59 20.97 47.29 367.83 16 48 1
60 25.93 81.69 40.69 431.01 4 33 2
61 35.05 34.17 25.71 403.53 2 36 1
62 84.95 12.11 27.88 486.26 23 36 2
63 43.41 97.83 31.03 263.44 24 27 2
64 82.12 89.90 27.86 393.14 18 47 2
65 6.55 25.82 2.75 292.32 19 34 1
66 85.27 82.76 8.90 145.05 12 16 2
67 42.61 36.08 31.31 236.85 20 37 2
68 53.66 3.69 18.92 283.10 22 48 2
69 9.90 20.41 43.26 448.46 24 31 1
70 71.16 77.44 37.55 207.70 18 48 2
71 12.23 91.29 22.56 222.43 1 29 1
72 25.64 81.62 33.19 395.19 23 23 1
73 25.71 98.48 30.46 65.89 10 12 1
74 56.09 19.27 7.00 186.94 6 21 1
75 73.88 43.58 34.09 269.23 17 36 2
76 38.25 41.82 12.57 172.72 11 29 1
77 47.78 36.08 8.12 261.49 10 38 1
78 56.12 31.47 15.26 374.98 8 10 2
79 22.81 16.27 43.66 104.16 3 28 2
80 90.97 11.56 42.67 316.99 1 10 2
81 82.84 87.02 16.11 242.10 24 41 1
82 58.88 15.62 13.53 216.13 21 35 2
83 69.79 37.78 19.03 285.45 12 17 2
84 74.55 36.30 29.24 323.33 20 44 2
85 14.18 4.28 11.51 340.66 12 38 1
86 61.60 7.76 46.45 118.73 13 47 2
87 72.36 36.15 5.40 330.45 12 37 1
88 30.51 84.79 12.94 139.06 8 43 1
89 57.95 67.45 44.00 303.73 12 36 2
90 69.88 42.54 7.57 173.63 1 44 1
91 69.32 87.11 22.25 168.77 23 30 1
92 94.62 18.89 33.75 387.29 4 30 2
93 21.88 76.93 43.80 125.92 3 3 2
94 87.51 12.17 0.16 54.70 15 41 1
95 78.74 96.78 21.72 489.27 6 46 2
96 38.67 22.28 29.64 218.78 5 24 2
97 64.83 60.04 18.93 225.59 23 44 1
98 22.98 0.90 3.82 120.51 4 24 2
99 45.27 1.01 47.42 483.10 16 21 2
100 99.14 17.25 19.38 498.71 2 24 2
1 171.44 3159.74 1
2 194.04 3065.75 2
3 106.92 3165.32 1
4 176.07 3448.65 2
5 115.24 4712.71 1
1 1.91 33.48 4
2 1.27 48.55 5
3 1.89 35.88 2
4 1.30 29.84 1
5 1.46 31.72 2
6 1.79 49.84 2
7 1.99 39.45 2
8 1.14 45.04 4
9 1.07 42.28 4
10 1.53 35.63 1
