Data for Vehicle routing problem with drones - Author: Huyen Do Thi Ngoc
Number of depots: 5
Number of cities: 100
Number of trucks: 6
Number of drones: 10
Area: 100 100 50
Customer maximum demand: 500
Max capacity of truck: 200
Max energy of truck: 5000
Max capacity of drone: 2
Max energy of drone: 50
1 22.73 62.07 21.57
2 82.89 61.43 26.26
3 26.06 44.47 24.49
4 54.57 53.87 48.84
5 57.76 18.58 30.92
1 75.54 35.99 36.16 460.79 3 37 5
2 66.42 25.25 40.66 493.92 2 6 4
3 44.85 30.51 18.67 480.35 18 43 3
4 73.54 91.56 35.76 209.87 21 43 3
5 17.62 15.17 33.76 109.15 6 39 4
6 65.23 59.38 25.29 260.52 23 36 4
7 9.50 80.11 42.12 459.71 13 19 4
8 45.47 97.04 18.83 305.12 22 29 2
9 9.29 97.60 41.48 180.37 15 18 2
10 91.84 94.39 5.97 59.47 18 20 4
11 18.49 19.64 43.88 480.05 17 43 3
12 20.18 22.06 47.82 188.82 23 44 3
13 20.38 59.36 27.20 217.66 6 35 2
14 90.64 66.70 9.19 395.65 4 34 2
15 72.30 0.50 21.75 173.30 14 36 1
16 8.84 11.89 9.87 153.42 9 22 2
17 77.79 78.60 27.71 438.45 18 24 3
18 96.00 46.01 17.36 376.08 15 18 3
19 30.36 41.30 11.44 132.20 19 31 2
20 66.41 87.86 41.09 460.74 19 38 2
21 88.88 41.24 25.45 191.31 1 9 2
22 15.71 35.34 46.82 497.36 23 44 4
23 92.35 74.98 45.59 54.25 0 14 4
24 92.16 70.21 49.73 82.02 3 18 5
25 8.12 63.37 49.32 335.32 11 48 4
26 51.58 25.70 10.27 437.09 12 16 2
27 68.02 43.18 24.00 361.16 22 47 2
28 76.52 36.08 8.66 403.59 23 26 3
29 56.49 44.98 49.53 403.64 21 46 2
30 71.24 95.19 3.47 339.92 12 15 3
31 40.53 52.28 17.56 295.79 4 25 5
32 4.29 95.46 42.70 120.80 20 24 3
33 96.70 27.89 8.76 245.49 16 34 2
34 11.37 65.15 3.06 129.87 3 16 1
35 29.81 53.86 37.59 462.88 0 6 1
36 81.15 90.72 20.40 304.42 4 41 4
37 74.90 68.35 36.41 203.88 23 44 2
38 28.89 79.35 35.30 211.04 0 5 2
39 43.22 39.77 45.85 292.58 22 39 5
40 38.26 71.68 33.66 258.73 17 39 3
41 90.36 63.63 41.39 58.58 12 13 1
42 0.49 66.04 11.98 156.38 11 21 5
43 73.97 76.59 23.71 475.04 20 21 5
44 3.19 42.91 19.65 73.01 22 41 3
45 36.38 4.31 49.24 493.08 6 7 5
46 23.92 12.50 40.85 417.31 1 42 3
47 83.33 86.50 6.86 240.50 17 30 5
48 67.69 78.39 2.40 390.08 9 17 1
49 50.53 15.20 22.73 350.15 23 27 4
50 17.37 65.70 21.27 292.70 2 35 2
51 18.14 43.82 2.46 225.19 20 31 4
52 58.26 27.84 13.25 230.85 15 43 1
53 51.67 99.56 12.16 215.71 17 46 2
54 67.88 60.66 13.00 154.73 23 32 1
55 13.21 2.97 14.52 455.94 18 45 2
56 56.88 4.53 5.32 335.24 8 22 2
57 31.68 46.41 46.09 281.81 13 32 1
58 40.35 13.40 29.72 160.63 0 38 3
59 52.36 15.23 6.87 306.38 1 21 2
60 55.48 72.48 30.26 172.40 1 25 5
61 47.73 38.48 38.90 58.41 0 1 3
62 24.55 80.93 42.02 442.79 11 31 3
63 55.80 62.93 11.20 408.57 9 29 1
64 75.30 65.08 49.65 354.73 23 35 3
65 90.87 22.05 43.90 410.02 10 24 3
66 32.46 42.38 36.63 353.88 22 27 4
67 26.84 95.93 10.70 356.70 8 34 2
68 83.72 63.31 40.47 438.89 12 28 4
69 62.53 55.93 25.36 141.08 1 38 1
70 74.11 45.47 43.13 416.56 22 42 5
71 23.02 96.32 0.43 232.53 22 26 5
72 52.64 62.02 6.34 268.20 15 36 2
73 49.24 49.53 29.63 404.87 10 14 1
74 20.20 44.15 49.45 53.73 5 21 1
75 25.86 28.47 18.47 361.68 19 30 3
76 20.10 19.02 3.50 281.26 9 12 5
77 14.65 73.65 43.44 282.37 17 31 5
78 70.97 77.06 7.83 317.55 14 47 5
79 37.35 62.60 39.73 274.40 10 23 3
80 23.85 15.14 20.07 57.60 3 14 2
81 65.36 63.74 45.30 300.07 22 48 3
82 30.64 55.03 47.29 484.67 5 6 5
83 16.32 44.30 49.96 126.93 7 11 2
84 29.64 37.74 10.29 173.60 23 24 1
85 69.10 47.95 19.34 253.23 16 39 2
86 51.15 98.90 26.97 63.73 22 23 3
87 95.37 63.21 37.64 256.00 8 23 5
88 69.36 19.93 7.62 114.09 0 11 2
89 62.82 81.77 33.20 230.24 7 7 5
90 13.22 64.67 20.59 458.80 17 35 4
91 87.21 55.01 0.39 309.50 6 46 2
92 91.67 18.78 9.19 319.46 11 23 2
93 35.40 68.43 8.14 242.55 24 24 1
94 13.43 33.40 10.50 65.06 18 31 4
95 92.73 74.71 45.23 474.78 1 11 2
96 7.48 47.09 13.59 298.07 3 9 3
97 1.39 83.27 42.61 495.88 4 8 2
98 99.22 82.01 21.28 56.28 9 24 1
99 16.49 77.49 46.53 111.54 23 36 5
100 95.90 70.13 30.66 116.43 11 41 3
1 103.38 2693.65 1
2 175.56 4392.03 2
3 159.30 3084.64 3
4 113.59 4229.03 4
5 189.17 4116.03 5
6 145.34 2534.42 3
1 1.10 38.06 2
2 1.27 35.92 2
3 1.48 48.72 2
4 1.28 32.26 1
5 1.99 31.58 2
6 1.38 43.40 2
7 1.29 30.26 1
8 1.48 42.70 3
9 1.26 40.29 5
10 1.56 28.73 5
