Data for Vehicle routing problem with drones - Author: Huyen Do Thi Ngoc
Number of depots: 4
Number of cities: 500
Number of trucks: 6
Number of drones: 15
Area: 100 100 50
Customer maximum demand: 500
Max capacity of truck: 200
Max energy of truck: 5000
Max capacity of drone: 2
Max energy of drone: 50
1 55.36 69.94 33.18
2 14.67 6.51 41.51
3 91.26 59.75 42.09
4 60.13 5.46 47.91
1 34.28 49.90 26.62 490.70 19 28 4
2 77.97 43.55 40.84 413.55 13 37 4
3 43.42 82.59 20.18 413.46 24 32 2
4 97.00 34.76 47.61 102.42 23 40 2
5 5.50 27.41 16.14 475.82 21 46 2
6 20.69 21.70 18.43 424.79 20 36 4
7 95.82 46.26 18.26 470.53 2 40 4
8 56.95 98.10 41.92 356.56 12 37 2
9 99.05 26.54 14.61 492.11 20 32 4
10 44.82 47.09 25.20 264.91 7 44 2
11 72.79 15.70 47.02 282.32 17 36 2
12 7.05 13.32 45.06 471.10 10 25 3
13 96.00 24.46 32.33 399.75 15 20 3
14 64.59 48.16 25.39 222.13 21 31 2
15 28.12 10.40 25.77 71.76 24 27 4
16 47.10 81.56 49.39 326.73 5 13 2
17 45.49 91.87 13.32 410.44 23 46 4
18 89.31 43.89 25.69 140.82 7 9 4
19 81.37 96.24 34.18 430.04 6 20 3
20 55.43 68.27 45.32 254.33 11 15 2
21 64.85 54.80 27.24 114.38 9 44 4
22 48.95 19.75 32.53 52.17 0 19 2
23 49.51 16.00 40.85 417.76 3 23 1
24 89.94 40.58 29.53 79.14 12 44 2
25 17.70 57.85 40.39 135.76 4 41 2
26 17.47 6.87 20.72 485.80 19 23 1
27 35.85 83.49 40.72 226.46 7 23 1
28 73.68 94.85 29.51 362.78 11 33 2
29 8.49 16.06 41.55 276.97 9 26 1
30 36.09 52.47 38.81 127.64 23 40 1
31 66.14 89.26 45.25 215.02 3 33 2
32 66.04 83.79 49.90 405.95 22 32 4
33 45.81 62.34 40.16 338.91 1 25 3
34 68.07 54.12 6.47 289.56 4 14 1
35 81.67 76.82 35.90 371.05 21 38 2
36 40.98 35.33 8.67 402.61 6 29 1
37 50.30 75.97 0.36 479.68 13 34 4
38 98.76 10.47 40.84 404.99 15 16 3
39 85.75 6.91 22.60 493.85 13 30 4
40 73.43 17.29 20.07 378.00 18 45 1
41 55.12 9.90 15.43 94.30 5 5 2
42 0.89 95.63 2.74 479.70 24 37 1
43 88.06 49.09 11.14 367.94 18 23 2
44 63.57 68.49 47.72 65.56 10 34 3
45 60.38 85.84 30.66 178.57 7 45 2
46 82.96 51.84 24.05 108.50 22 37 2
47 90.89 79.11 5.71 138.41 13 28 4
48 5.16 37.77 34.06 95.27 4 48 2
49 43.49 59.25 48.69 82.88 1 34 1
50 63.04 99.65 19.96 410.63 9 34 3
51 99.88 7.83 40.87 124.88 15 21 1
52 30.31 30.53 4.33 95.54 8 15 2
53 24.36 54.61 37.70 313.62 4 16 4
54 31.15 12.91 27.09 223.06 18 24 4
55 99.09 49.57 42.12 85.09 18 45 2
56 0.56 20.07 9.40 353.07 12 17 3
57 75.05 9.34 34.96 349.38 22 45 1
58 91.11 43.20 5.29 411.87 13 22 1
59 3.10 25.76 10.24 140.39 6 35 2
60 49.88 19.77 36.73 132.66 7 30 3
61 16.60 67.88 36.29 415.17 10 14 2
62 66.25 56.90 37.36 330.52 10 10 3
63 81.81 76.50 36.79 365.12 5 17 2
64 62.66 94.39 22.92 94.01 16 22 2
65 65.94 42.38 45.57 393.65 7 19 2
66 69.62 10.89 36.82 229.50 20 38 1
67 6.92 66.67 13.78 194.80 8 10 3
68 65.83 52.65 3.68 443.71 8 40 3
69 95.92 8.90 27.35 138.18 24 25 1
70 63.03 85.22 43.91 464.32 10 36 3
71 82.80 44.69 21.64 447.58 3 30 2
72 55.01 93.59 19.58 81.03 1 21 4
73 71.50 6.88 13.81 110.14 24 46 3
74 86.03 55.49 19.03 484.43 21 25 3
75 53.14 84.82 32.49 495.56 22 32 3
76 90.89 63.92 34.43 87.40 17 31 3
77 50.02 80.29 24.88 387.32 11 29 3
78 61.83 58.60 12.22 253.01 16 25 1
79 94.67 7.88 15.15 429.76 16 45 4
80 69.34 38.97 41.96 104.43 21 35 3
81 63.72 80.90 25.38 346.56 22 30 4
82 49.06 65.86 37.72 494.30 10 13 4
83 19.77 43.37 44.81 291.22 5 21 4
84 21.46 35.64 15.27 52.79 3 41 3
85 78.50 36.92 35.10 495.76 11 32 3
86 93.89 0.96 22.18 126.54 22 34 4
87 24.24 36.74 2.06 302.85 22 43 2
88 86.99 9.10 25.80 356.62 5 6 4
89 44.12 53.02 29.88 484.27 10 46 1
90 90.98 60.59 5.71 81.31 21 43 2
91 53.83 34.15 9.14 203.86 10 30 4
92 81.19 74.88 32.26 153.53 3 24 4
93 49.88 67.90 39.97 417.92 12 44 1
94 88.65 21.43 8.03 443.45 13 36 2
95 25.47 28.14 29.10 137.79 18 21 2
96 25.21 98.27 48.05 385.87 8 19 3
97 28.85 70.44 27.75 394.99 5 23 1
98 73.03 93.60 31.61 404.05 14 46 2
99 16.24 15.26 8.35 297.43 15 28 4
100 35.76 39.38 45.49 441.96 3 7 3
101 64.93 87.70 16.46 397.28 12 33 2
102 35.99 58.51 47.22 437.89 16 24 2
103 0.36 53.25 42.96 88.31 10 33 1
104 67.10 55.53 43.85 162.81 9 9 1
105 92.01 13.56 17.58 365.36 10 45 3
106 26.59 9.86 12.82 124.48 6 9 1
107 10.97 41.35 5.41 241.09 16 20 4
108 53.51 43.61 2.24 151.89 0 3 3
109 64.77 83.88 34.73 282.61 19 33 1
110 5.91 67.90 23.50 366.54 24 42 4
111 89.76 14.61 32.39 271.01 13 20 4
112 52.12 61.25 12.74 253.32 15 33 3
113 24.56 92.07 6.20 145.97 15 37 1
114 66.24 51.24 17.58 104.97 18 30 3
115 43.06 77.04 31.64 280.03 21 36 3
116 2.47 49.23 33.11 363.75 17 18 4
117 19.14 62.64 14.14 423.76 12 24 4
118 81.99 98.95 28.08 259.59 4 39 1
119 86.46 49.17 0.12 156.24 3 47 2
120 41.72 95.16 31.26 218.42 1 27 3
121 77.79 9.31 36.35 147.25 7 36 4
122 35.96 26.53 28.18 484.72 4 12 4
123 67.83 12.10 16.82 98.96 7 14 3
124 2.99 11.90 1.71 366.61 11 42 3
125 70.98 33.90 6.39 489.62 17 41 1
126 32.98 21.52 19.73 132.45 2 46 2
127 79.33 28.05 38.74 72.31 22 31 1
128 32.90 94.26 6.83 479.15 19 22 1
129 40.27 37.44 45.85 187.44 6 23 4
130 92.32 70.13 19.21 283.79 9 46 1
131 8.62 86.55 4.66 163.40 11 35 4
132 31.55 40.19 31.87 313.03 11 33 3
133 13.99 29.62 32.53 234.25 16 40 1
134 33.32 14.96 5.64 408.60 13 42 1
135 13.51 20.57 32.13 444.59 8 15 2
136 90.88 73.78 43.39 380.33 17 34 1
137 42.76 4.65 40.18 490.41 9 46 4
138 27.24 67.35 7.27 469.30 5 38 3
139 79.62 29.41 45.46 349.94 13 20 3
140 25.45 72.44 48.30 229.66 17 29 3
141 65.89 67.88 37.26 192.60 6 39 1
142 26.81 81.34 17.14 72.05 21 42 3
143 10.20 87.24 40.10 454.52 22 44 4
144 75.45 79.03 11.24 232.74 8 31 1
145 33.36 77.82 11.56 436.88 21 25 2
146 3.95 36.82 32.72 458.18 23 31 2
147 56.00 91.12 14.93 475.90 5 30 2
148 81.40 94.01 3.45 228.28 20 32 3
149 44.54 3.06 12.98 330.22 19 22 1
150 42.77 67.60 20.26 277.23 19 26 1
151 92.64 5.49 37.68 359.15 1 46 2
152 33.20 95.16 3.60 305.54 8 13 2
153 60.85 9.43 23.36 457.89 3 39 4
154 13.28 14.40 36.19 199.18 21 31 4
155 50.32 22.36 23.12 202.32 12 20 2
156 47.49 6.52 46.01 222.72 18 25 1
157 68.55 58.01 35.14 140.86 4 35 4
158 10.86 64.55 35.41 359.50 24 46 3
159 58.28 6.78 29.37 363.20 1 45 2
160 15.39 37.83 30.89 402.26 6 8 1
161 79.90 28.08 17.90 322.22 21 30 4
162 61.04 26.86 31.08 153.53 17 25 1
163 31.30 43.39 8.84 219.24 7 42 1
164 1.17 26.36 41.59 111.35 4 39 2
165 6.96 77.62 10.24 486.05 21 30 3
166 90.25 13.21 34.60 310.31 3 37 3
167 77.63 75.10 4.22 204.86 7 29 3
168 37.71 90.93 13.16 187.73 17 24 2
169 19.20 33.83 24.59 447.51 7 20 2
170 31.57 20.21 44.38 158.30 17 25 3
171 50.64 25.62 3.25 131.18 1 3 2
172 77.34 8.59 14.74 490.32 9 17 2
173 8.24 14.93 17.68 348.08 22 23 3
174 86.91 62.49 49.05 339.53 11 26 4
175 69.88 30.91 29.64 133.16 21 37 1
176 92.32 89.24 24.35 343.94 16 45 3
177 4.95 78.87 20.15 451.33 14 26 2
178 99.34 83.62 3.24 235.26 18 31 2
179 32.19 20.19 5.53 333.51 4 20 2
180 55.86 91.19 8.81 96.14 20 34 2
181 34.88 68.45 41.06 204.78 18 40 2
182 42.30 47.39 46.33 288.67 0 45 3
183 87.87 58.77 26.87 386.68 2 34 3
184 57.10 27.60 31.42 250.51 7 47 2
185 74.48 0.85 16.53 125.56 10 17 4
186 21.13 81.94 6.66 55.13 1 5 1
187 62.39 83.26 15.67 296.33 14 18 4
188 36.22 4.76 44.74 475.17 8 32 2
189 98.01 30.89 32.56 498.21 19 26 1
190 77.63 53.71 46.68 471.30 18 38 3
191 39.11 73.45 18.03 325.75 8 27 4
192 94.88 65.34 0.26 440.13 24 40 1
193 27.05 54.59 49.48 364.97 6 10 2
194 18.29 60.58 29.25 335.23 13 15 4
195 67.88 57.32 5.05 88.04 5 27 1
196 14.87 14.87 22.40 484.08 12 25 1
197 50.29 81.85 23.29 268.68 5 45 2
198 27.68 33.02 36.31 194.39 19 38 1
199 7.07 77.74 40.41 299.59 11 30 1
200 12.71 1.27 4.12 242.20 10 22 2
201 11.53 38.62 48.11 337.80 9 42 4
202 26.12 11.12 49.91 128.34 9 23 4
203 73.54 84.87 22.33 173.11 20 28 1
204 25.23 74.17 46.20 150.28 19 36 2
205 80.65 95.60 1.28 244.78 12 14 1
206 39.61 4.69 43.48 72.16 10 24 1
207 14.77 74.78 45.85 89.81 6 22 3
208 41.67 95.74 0.39 201.19 16 25 2
209 65.72 77.93 11.26 132.06 24 29 3
210 74.25 33.83 49.60 272.85 8 12 1
211 73.60 33.07 5.95 477.17 14 48 4
212 92.85 78.32 3.02 185.05 2 4 2
213 69.69 68.41 28.62 310.83 17 25 2
214 17.09 83.56 29.67 79.33 5 14 2
215 20.99 17.69 28.05 243.71 18 22 4
216 45.12 77.89 5.35 294.90 11 34 4
217 75.74 95.73 42.43 274.06 14 21 4
218 96.37 93.97 36.67 233.22 2 21 3
219 1.45 25.69 20.56 429.15 3 41 4
220 63.82 15.60 3.29 498.91 5 48 3
221 20.76 73.58 49.42 224.96 7 14 2
222 61.90 44.31 40.96 373.78 10 48 3
223 90.41 52.33 34.93 306.15 19 21 4
224 94.30 0.54 17.65 287.45 0 43 4
225 51.07 20.32 11.51 366.03 22 35 1
226 24.58 29.01 9.34 191.51 6 16 1
227 34.45 23.86 1.20 86.20 7 38 4
228 54.65 41.45 21.88 177.37 20 41 1
229 64.07 8.47 35.03 311.63 20 34 4
230 5.91 40.33 9.79 78.76 12 18 4
231 99.95 13.51 2.37 357.20 13 19 1
232 94.23 84.65 11.85 341.45 16 22 1
233 83.45 19.21 37.48 403.93 5 48 4
234 66.29 55.06 14.03 140.75 17 39 1
235 79.84 34.80 44.38 320.75 6 15 1
236 23.47 64.16 19.60 68.78 19 26 3
237 93.63 68.56 1.23 476.21 2 27 1
238 23.79 85.93 35.98 381.10 23 42 4
239 48.65 60.21 23.22 57.19 7 46 1
240 16.86 12.62 14.82 305.02 1 2 1
241 56.66 85.94 48.04 224.69 20 27 1
242 98.05 53.57 12.00 213.87 4 6 4
243 52.61 42.59 40.68 202.24 1 37 3
244 67.35 57.85 32.94 173.15 9 48 3
245 33.06 32.27 36.57 299.95 19 40 2
246 91.00 30.22 33.02 127.36 20 20 3
247 97.42 62.12 28.45 333.83 8 30 3
248 83.85 21.74 32.75 250.90 21 23 4
249 80.51 25.15 27.14 68.29 16 26 1
250 62.86 67.00 0.55 478.02 6 14 4
251 83.61 6.43 16.68 152.76 12 36 3
252 4.83 9.56 21.19 375.47 23 34 4
253 80.59 20.97 48.88 98.96 13 41 4
254 83.87 92.89 0.54 143.54 20 33 1
255 61.35 12.80 47.31 377.01 16 44 3
256 96.58 6.97 49.48 224.64 2 48 1
257 1.12 17.37 24.51 267.86 9 24 2
258 94.31 4.40 26.52 366.77 17 30 4
259 68.34 21.13 32.41 273.58 24 28 2
260 3.10 63.90 5.97 216.52 8 27 4
261 80.63 94.04 38.85 288.19 12 35 1
262 20.47 6.44 8.33 456.37 5 15 2
263 38.17 54.87 15.78 341.26 2 10 1
264 34.24 42.69 19.20 419.43 21 24 4
265 89.84 61.41 16.76 304.32 20 35 1
266 33.65 31.24 33.47 200.89 8 41 2
267 14.42 85.84 16.78 66.36 16 24 4
268 72.17 44.79 4.63 304.30 16 19 3
269 86.44 71.38 26.77 134.17 3 48 2
270 41.44 12.49 37.70 342.39 20 47 4
271 41.83 66.58 5.00 143.03 8 36 3
272 80.58 81.39 48.93 131.71 15 37 2
273 69.97 44.50 4.44 157.72 4 43 4
274 71.10 65.04 28.25 93.42 13 40 2
275 74.88 87.71 45.09 376.08 24 27 3
276 89.96 59.83 10.80 159.33 1 44 4
277 44.60 85.11 46.66 388.93 23 29 4
278 95.69 0.86 15.91 164.77 21 26 1
279 3.67 55.39 1.45 57.98 22 38 3
280 26.20 24.66 39.56 52.74 2 20 2
281 36.30 88.29 6.70 461.23 23 43 4
282 35.80 89.21 47.78 311.55 1 14 2
283 15.72 95.04 42.59 317.83 16 33 3
284 67.56 76.53 26.30 483.58 23 38 1
285 18.99 78.96 18.24 67.58 17 44 4
286 23.54 76.70 28.68 361.61 10 47 4
287 15.39 42.62 19.52 406.02 1 42 1
288 10.80 56.93 5.20 269.74 20 35 2
289 50.26 90.23 43.76 270.09 4 28 4
290 12.37 97.79 12.61 265.14 21 45 3
291 60.41 37.70 9.66 183.32 8 39 2
292 43.40 14.90 43.95 400.71 10 30 4
293 50.01 44.73 21.04 238.72 16 30 4
294 8.88 55.99 43.27 365.06 21 38 2
295 70.71 46.83 37.45 88.01 19 21 3
296 15.27 0.59 29.35 358.76 21 45 4
297 51.05 26.33 28.77 449.33 9 24 1
298 1.67 1.00 15.55 235.39 24 47 4
299 64.26 8.76 27.97 391.24 16 30 2
300 80.80 55.68 10.56 422.67 11 36 1
301 90.55 53.14 23.58 118.43 8 19 1
302 62.18 11.90 28.40 365.86 24 39 4
303 11.40 79.52 9.80 476.51 22 26 4
304 43.68 66.25 40.12 364.85 12 41 2
305 36.83 41.88 5.15 485.18 18 37 3
306 94.96 15.06 5.36 311.09 4 5 4
307 19.47 32.10 41.67 478.13 16 21 2
308 0.12 38.23 49.05 151.22 23 23 1
309 96.39 3.95 35.53 349.58 4 22 2
310 49.93 44.95 12.25 189.17 15 34 2
311 16.06 65.68 32.18 310.70 14 27 2
312 15.07 98.52 41.72 406.70 6 38 4
313 49.98 9.09 10.74 130.12 5 8 1
314 70.67 48.23 47.42 441.93 12 32 2
315 38.03 25.23 30.77 322.18 22 41 1
316 40.70 50.36 44.02 127.07 8 37 4
317 82.79 75.35 20.43 329.36 11 14 3
318 83.10 23.77 0.66 349.66 3 35 1
319 26.57 50.86 49.15 457.37 15 32 1
320 63.83 67.46 8.42 412.90 0 24 1
321 8.75 75.04 49.66 162.45 6 39 4
322 22.48 91.60 8.95 457.26 24 42 2
323 78.81 59.96 26.43 146.82 2 10 4
324 68.67 51.83 4.14 328.16 19 27 1
325 5.94 56.59 0.56 178.78 11 48 3
326 34.77 92.81 18.90 57.46 4 48 3
327 91.21 86.28 11.91 183.45 11 12 1
328 47.30 18.22 7.32 425.84 1 25 2
329 28.36 85.44 11.93 287.96 8 24 1
330 67.56 96.43 42.75 70.95 9 28 1
331 63.63 52.40 13.20 279.53 10 25 2
332 61.17 37.06 44.37 369.69 21 39 3
333 58.25 69.93 21.99 459.41 14 36 3
334 29.64 6.54 7.17 401.75 21 48 3
335 20.29 73.43 3.66 110.76 10 36 1
336 8.15 5.42 0.65 266.60 13 30 2
337 62.92 14.66 46.64 145.72 23 48 2
338 89.40 13.40 42.37 344.60 16 28 1
339 47.34 33.57 13.72 303.48 14 15 1
340 45.71 55.78 10.15 411.48 13 44 4
341 16.25 93.96 16.77 338.05 1 17 4
342 50.05 85.78 21.72 334.54 0 21 4
343 41.10 1.17 42.65 455.79 3 4 4
344 53.79 59.82 34.09 326.28 18 21 4
345 4.67 31.82 44.23 398.37 13 32 4
346 88.57 48.09 47.67 130.89 18 47 4
347 73.12 85.14 47.64 425.12 21 32 3
348 28.35 32.41 45.07 261.44 13 16 2
349 77.46 15.19 49.08 191.46 3 28 4
350 43.68 56.43 28.31 407.28 11 48 2
351 75.02 43.18 49.02 213.72 4 9 4
352 8.57 62.10 7.32 61.30 15 36 2
353 46.52 19.16 30.85 382.60 18 20 4
354 71.71 21.39 13.41 138.94 24 31 3
355 39.85 12.54 14.76 337.77 23 34 2
356 59.91 90.63 27.34 490.91 8 36 3
357 20.69 17.00 10.69 151.44 1 4 1
358 16.17 70.89 9.32 284.63 19 33 2
359 52.06 6.36 28.21 186.95 6 45 2
360 51.52 67.71 23.77 86.84 2 18 3
361 88.90 11.86 8.73 267.15 10 13 2
362 48.91 24.39 7.84 277.72 1 28 1
363 33.00 70.99 14.32 468.62 5 38 4
364 17.15 9.13 42.07 407.93 20 39 4
365 22.81 97.97 44.33 228.65 22 43 3
366 32.92 46.76 45.01 179.43 2 34 2
367 55.25 33.48 43.68 455.62 15 15 1
368 31.24 27.15 24.63 123.58 5 16 4
369 60.24 17.14 27.51 318.06 10 25 3
370 32.29 41.07 6.91 318.29 0 17 4
371 83.20 26.12 13.83 490.70 10 42 2
372 90.21 32.13 20.93 99.11 6 19 3
373 68.99 49.90 12.01 237.72 15 43 3
374 67.63 93.13 47.87 153.79 21 27 1
375 16.12 37.30 0.18 85.94 10 32 4
376 91.65 13.81 22.73 429.39 3 41 3
377 38.52 52.78 5.77 440.26 16 32 2
378 86.25 49.55 9.77 117.44 13 23 1
379 8.11 41.98 12.80 123.18 19 39 4
380 43.82 66.23 49.89 158.27 7 28 1
381 79.68 75.66 14.13 333.80 6 11 4
382 3.55 79.23 36.51 340.86 1 28 4
383 45.55 15.78 42.49 286.63 23 44 3
384 27.82 52.87 46.35 258.94 22 44 1
385 6.04 11.36 6.28 230.24 2 17 4
386 29.79 3.84 27.33 409.40 13 26 2
387 24.75 87.60 6.82 317.75 5 46 3
388 61.08 47.49 46.37 489.97 19 35 4
389 85.02 59.87 38.47 432.13 10 45 2
390 21.27 63.68 9.91 338.44 1 4 4
391 3.14 3.87 17.64 245.80 13 44 1
392 90.39 34.44 34.75 155.85 2 30 3
393 29.76 5.50 4.06 469.45 2 41 3
394 12.54 23.48 31.28 360.30 23 38 2
395 19.58 52.32 6.82 427.01 8 21 2
396 70.80 45.79 28.62 442.88 19 45 3
397 68.18 19.66 13.53 313.86 22 24 3
398 48.56 20.04 31.53 197.60 23 43 2
399 33.86 57.49 24.61 285.11 12 18 4
400 99.76 8.14 0.12 249.93 13 20 1
401 42.73 5.92 31.13 53.81 2 4 2
402 3.23 67.51 15.30 488.95 3 41 3
403 83.78 0.59 34.54 436.19 12 37 1
404 45.91 41.57 37.56 227.85 14 22 4
405 18.35 52.35 49.49 62.62 3 47 4
406 77.23 78.44 14.31 146.15 22 44 3
407 48.97 20.96 18.68 180.60 0 5 4
408 12.64 5.22 32.64 148.89 17 45 1
409 37.06 55.01 27.52 448.29 1 20 3
410 35.21 31.03 47.10 66.97 16 41 3
411 2.94 72.23 22.62 275.49 7 47 3
412 7.60 78.93 17.64 333.37 21 45 1
413 40.80 83.18 37.62 176.68 8 37 1
414 32.22 22.33 20.94 491.52 10 30 2
415 7.24 7.38 47.11 66.58 5 31 3
416 23.79 17.83 13.05 447.92 15 43 1
417 61.84 87.83 19.59 323.93 12 13 4
418 34.96 32.13 7.00 176.41 5 35 3
419 9.47 28.44 36.63 365.16 13 45 4
420 91.03 97.77 1.38 147.40 3 3 3
421 23.45 65.87 19.59 125.83 15 18 4
422 76.60 72.26 41.69 332.21 11 42 2
423 89.15 48.21 36.00 168.69 22 43 1
424 68.36 77.29 12.76 316.90 16 33 1
425 37.36 75.47 8.38 223.22 18 29 1
426 98.75 10.53 7.04 261.81 0 27 1
427 50.11 61.06 48.01 437.26 16 47 2
428 73.29 55.97 43.11 262.24 18 20 2
429 32.40 15.12 29.35 468.68 21 33 4
430 78.09 31.82 43.71 429.22 20 38 3
431 12.08 82.50 5.53 409.02 9 47 2
432 40.27 39.96 31.78 188.58 19 47 4
433 35.48 63.74 3.72 407.95 7 17 1
434 94.48 81.27 31.17 312.19 18 26 4
435 58.72 75.95 38.34 222.17 24 40 2
436 71.15 86.52 35.58 296.81 1 33 2
437 92.33 29.01 19.50 256.91 23 28 3
438 87.08 39.58 36.76 149.22 1 44 4
439 13.44 61.74 42.45 142.83 11 28 3
440 95.76 15.04 25.91 106.25 10 32 3
441 71.77 49.41 49.69 338.83 18 27 1
442 68.13 11.48 36.99 87.77 12 47 4
443 52.79 83.14 37.16 444.25 23 29 4
444 4.65 23.03 20.36 181.72 22 41 1
445 80.34 6.71 46.12 55.97 9 28 2
446 53.72 7.92 45.17 368.69 18 29 4
447 28.04 51.47 18.60 95.49 18 34 3
448 49.60 6.74 7.03 452.79 15 26 2
449 32.29 76.09 25.42 380.06 11 47 1
450 31.72 63.65 47.50 145.26 5 26 3
451 1.74 59.89 47.33 207.99 5 16 4
452 34.56 28.79 8.44 397.66 14 27 2
453 11.59 6.78 10.18 318.66 22 26 4
454 12.45 23.63 15.72 441.12 11 48 2
455 93.75 98.01 42.65 310.81 5 39 4
456 27.94 56.13 11.56 333.26 4 20 1
457 58.97 58.87 21.44 383.94 17 23 4
458 77.30 47.82 39.31 323.34 16 17 2
459 10.12 64.80 28.74 459.19 11 18 1
460 17.63 23.30 41.52 435.00 3 22 4
461 46.42 97.39 33.19 403.83 12 47 2
462 16.08 21.79 14.26 487.61 14 40 3
463 88.02 10.46 10.09 386.53 8 8 4
464 37.44 26.16 16.09 320.68 5 23 3
465 34.36 36.59 33.31 327.55 8 41 2
466 17.57 55.40 12.07 112.27 21 47 4
467 70.25 75.17 34.91 90.09 22 34 4
468 91.62 81.54 48.06 472.28 8 24 2
469 34.44 66.61 40.75 125.52 12 26 2
470 91.41 34.89 46.51 367.55 10 33 4
471 7.69 92.04 22.33 377.95 6 35 3
472 77.38 23.73 20.72 192.10 2 6 3
473 80.40 50.05 48.94 414.09 2 24 2
474 97.00 15.32 6.32 382.22 21 26 1
475 98.88 48.86 47.44 345.19 15 34 3
476 65.94 63.97 5.44 131.07 24 38 4
477 80.25 87.96 42.22 462.42 14 29 1
478 38.34 95.65 20.63 154.74 19 27 1
479 71.19 40.75 45.56 67.77 2 46 1
480 66.36 11.60 29.40 66.56 19 44 2
481 39.74 37.97 19.64 481.38 4 25 4
482 56.07 36.10 36.59 335.44 13 24 2
483 60.80 16.84 48.26 449.96 14 24 4
484 61.72 76.26 30.29 314.53 15 47 4
485 18.52 1.57 12.24 465.43 1 28 3
486 76.42 75.03 3.88 74.09 4 41 1
487 12.62 57.03 27.51 186.84 1 2 2
488 30.53 98.03 18.33 444.21 16 22 4
489 65.52 2.79 39.68 255.04 7 31 3
490 86.71 41.53 7.12 287.78 11 33 4
491 1.08 35.95 30.24 484.51 12 28 4
492 12.30 38.14 30.87 191.82 24 44 3
493 55.82 32.73 14.51 377.19 20 35 4
494 31.36 85.46 16.16 376.37 16 30 2
495 68.71 97.21 9.37 59.78 0 30 4
496 8.13 61.88 37.75 154.26 6 47 4
497 23.82 33.55 16.04 95.44 20 20 4
498 27.64 83.67 26.94 75.05 6 22 4
499 85.65 47.06 29.77 257.85 23 34 4
500 73.06 34.89 46.97 436.27 12 20 2
1 164.38 3658.54 1
2 140.96 4260.47 2
3 194.75 3171.58 3
4 121.28 3364.81 4
5 103.89 4540.78 1
6 120.70 3306.15 4
1 1.93 37.31 5
2 1.11 30.42 5
3 1.41 31.93 6
4 1.91 43.50 1
5 1.87 35.78 5
6 1.08 33.54 2
7 1.39 42.96 4
8 1.64 40.19 5
9 1.01 32.94 2
10 1.94 30.69 4
11 1.12 27.43 3
12 1.90 40.21 4
13 1.89 48.70 3
14 1.61 46.91 6
15 1.92 27.14 6
