Data for Vehicle routing problem with drones - Author: Huyen Do Thi Ngoc
Number of depots: 4
Number of cities: 200
Number of trucks: 6
Number of drones: 6
Area: 100 100 50
Customer maximum demand: 500
Max capacity of truck: 200
Max energy of truck: 5000
Max capacity of drone: 2
Max energy of drone: 50
1 24.75 27.18 14.16
2 95.05 3.71 24.60
3 84.41 57.45 27.29
4 48.53 83.10 20.20
1 39.99 68.68 17.53 203.61 15 34 4
2 40.54 56.42 35.39 60.04 24 40 1
3 90.20 85.40 28.83 414.94 0 2 2
4 52.43 24.48 28.80 488.05 7 43 2
5 70.49 0.70 46.89 290.49 1 32 2
6 81.92 76.26 21.10 400.85 20 36 2
7 55.62 22.01 40.03 232.22 15 30 3
8 89.48 91.62 8.66 150.30 21 46 4
9 94.92 22.15 42.77 108.54 23 28 1
10 59.13 79.14 36.89 202.84 13 32 3
11 94.11 80.65 38.12 322.66 19 47 3
12 80.16 93.05 14.12 256.23 4 6 4
13 92.26 37.28 48.72 125.95 21 36 3
14 17.64 33.36 33.38 308.17 15 40 4
15 70.54 27.12 4.19 224.63 11 46 1
16 83.86 64.74 6.51 167.27 3 13 4
17 55.07 33.45 2.81 190.35 18 18 1
18 45.64 4.42 33.50 326.18 16 30 3
19 74.15 19.07 12.94 256.69 11 37 1
20 75.98 33.04 31.89 123.45 16 17 1
21 94.73 95.43 44.02 446.22 16 30 3
22 4.49 54.18 21.39 111.63 22 48 4
23 51.32 64.50 15.62 129.45 1 36 1
24 11.00 82.02 33.30 326.67 19 24 3
25 1.17 20.61 16.85 499.64 15 29 4
26 58.33 57.19 37.11 95.78 17 42 4
27 68.24 70.00 47.38 144.06 4 35 4
28 99.43 42.50 23.03 225.97 17 39 4
29 5.71 55.23 16.62 333.78 8 18 2
30 91.72 33.59 5.86 185.88 10 24 1
31 5.45 51.18 25.94 409.80 16 25 1
32 24.99 0.77 44.46 322.00 10 48 4
33 80.19 31.02 38.68 211.71 21 43 2
34 2.11 79.54 8.66 331.65 1 40 3
35 48.21 40.31 8.42 233.79 23 42 2
36 67.39 62.11 46.42 285.57 3 35 1
37 44.81 29.36 40.51 133.91 17 41 1
38 5.68 22.16 47.08 332.44 14 38 2
39 0.23 77.89 38.10 250.86 11 11 2
40 27.67 19.32 40.44 115.83 12 27 4
41 44.83 89.60 32.79 467.95 4 22 3
42 76.61 90.88 47.73 444.88 6 31 2
43 38.26 10.51 40.76 131.46 11 45 4
44 57.32 10.86 45.19 357.62 7 43 1
45 71.34 94.66 35.45 255.83 20 41 2
46 37.49 27.50 8.20 153.49 24 26 1
47 54.86 86.75 41.17 157.47 8 34 3
48 90.77 84.16 1.87 394.35 17 28 3
49 40.70 96.66 28.46 370.58 0 16 3
50 45.13 69.28 8.03 307.44 7 8 3
51 43.95 74.95 45.88 80.13 21 40 1
52 28.78 59.63 24.05 242.40 10 37 4
53 98.08 88.10 23.01 60.76 9 24 2
54 96.55 3.89 5.96 244.09 2 5 3
55 25.76 97.36 1.74 108.58 14 34 3
56 93.67 48.04 19.38 282.75 19 21 3
57 99.87 94.22 3.15 168.38 3 39 1
58 62.18 55.55 44.99 333.90 15 24 1
59 23.81 44.48 16.07 372.21 10 27 2
60 71.22 50.78 18.47 77.59 16 21 2
61 1.10 13.66 32.01 82.95 1 1 2
62 99.91 77.41 16.42 236.07 10 34 4
63 86.65 48.51 25.41 442.81 2 44 1
64 95.56 24.57 22.22 402.99 21 21 3
65 66.65 55.29 18.68 458.06 22 35 2
66 9.75 88.46 39.02 499.28 1 40 1
67 31.74 66.29 5.88 241.62 21 29 4
68 11.63 80.87 6.19 380.89 23 30 1
69 34.46 80.86 12.78 192.01 20 44 4
70 68.82 52.72 26.01 359.03 22 45 1
71 93.98 17.44 11.10 89.61 12 27 3
72 32.48 53.02 22.62 77.73 12 12 3
73 73.05 78.96 10.75 312.53 17 43 4
74 28.28 32.78 21.08 454.29 0 2 2
75 86.09 18.34 16.66 340.75 1 29 4
76 31.56 15.51 39.57 176.31 18 32 3
77 96.55 82.20 41.49 345.96 3 13 3
78 68.40 23.36 44.72 150.11 2 30 4
79 47.25 90.18 23.33 152.03 7 41 4
80 96.66 33.99 20.68 318.57 18 39 1
81 68.88 24.72 44.07 399.31 3 33 4
82 18.08 3.69 22.72 184.29 2 6 1
83 90.43 53.25 37.31 359.44 15 27 4
84 68.16 78.53 23.68 363.91 11 44 3
85 40.29 49.27 16.53 260.14 0 33 2
86 86.37 45.92 13.49 281.55 10 14 3
87 89.04 70.80 18.19 317.17 8 12 4
88 81.76 36.51 35.43 259.47 14 34 1
89 93.16 92.10 8.26 167.50 11 16 3
90 44.83 60.98 49.77 96.02 0 33 3
91 8.09 93.07 15.06 377.45 5 38 2
92 77.34 63.78 7.91 278.53 7 19 2
93 3.51 70.12 31.70 213.68 9 29 3
94 5.45 13.55 10.43 373.73 14 23 4
95 90.89 60.74 49.12 95.48 10 12 3
96 11.58 88.12 27.06 62.69 18 25 4
97 7.00 97.03 12.76 150.92 12 22 2
98 22.21 80.41 40.93 418.11 13 13 1
99 47.73 59.50 12.37 131.14 12 47 1
100 28.82 82.65 45.51 140.57 18 23 4
101 32.80 55.67 5.97 479.26 13 45 1
102 17.07 42.09 38.26 468.93 9 15 4
103 83.10 92.43 41.43 299.08 3 7 1
104 95.52 57.51 44.24 400.40 1 27 4
105 41.50 66.92 30.94 227.59 19 36 4
106 27.21 90.43 4.81 466.35 9 42 2
107 4.75 11.50 11.38 457.91 15 16 1
108 99.05 70.38 30.86 352.04 8 32 3
109 34.99 65.61 8.36 285.79 11 22 2
110 6.52 39.95 44.66 174.31 24 30 3
111 31.96 65.47 43.61 115.73 12 40 4
112 13.71 92.09 30.26 446.01 4 5 1
113 65.94 3.37 46.76 181.85 1 36 3
114 61.56 39.74 27.75 433.96 7 47 2
115 70.27 64.09 47.40 130.41 14 21 4
116 2.48 47.26 25.42 199.80 9 39 4
117 20.87 60.47 14.73 205.04 12 33 3
118 85.18 47.29 10.89 497.85 10 47 3
119 80.38 29.91 35.68 370.51 15 45 1
120 70.02 92.86 6.19 305.43 5 39 3
121 73.82 13.80 2.42 168.03 17 48 2
122 8.21 26.39 47.75 154.52 3 24 3
123 78.15 73.63 19.64 197.70 1 22 4
124 54.90 79.49 39.55 194.42 13 41 3
125 94.93 94.94 28.51 123.98 12 31 2
126 16.81 37.93 7.64 402.08 2 28 3
127 3.44 61.33 33.38 221.13 5 22 4
128 23.87 34.49 9.99 136.08 20 42 3
129 27.85 77.36 9.89 451.58 3 24 2
130 22.10 35.62 34.79 89.45 18 22 4
131 2.89 36.16 49.19 307.66 22 39 3
132 41.69 12.52 6.12 275.85 6 21 4
133 36.87 64.82 48.93 96.56 16 22 4
134 55.47 76.57 3.51 259.59 4 38 4
135 98.61 1.96 36.03 163.41 20 30 1
136 51.42 53.26 39.95 365.03 14 45 3
137 58.25 50.48 20.73 345.03 17 39 1
138 44.54 26.10 41.54 242.71 7 44 2
139 11.57 57.96 44.16 335.71 3 16 3
140 52.07 63.15 21.97 148.64 15 17 4
141 22.90 31.33 49.35 160.70 12 42 2
142 34.28 56.73 4.82 348.83 20 22 1
143 71.57 87.40 32.54 280.40 5 43 1
144 31.10 97.73 19.35 433.09 1 26 3
145 71.44 2.50 23.60 89.35 3 46 3
146 92.12 18.83 38.77 224.05 4 41 3
147 3.39 46.79 25.33 355.12 0 13 4
148 92.35 22.01 14.48 473.44 21 27 2
149 8.81 22.69 21.65 248.30 17 48 3
150 97.34 92.59 49.58 251.74 16 18 2
151 32.19 88.15 38.51 248.03 7 24 3
152 83.29 26.02 1.74 52.17 18 30 1
153 14.22 32.83 29.16 194.99 10 15 3
154 21.77 86.45 45.83 236.32 19 47 4
155 1.09 90.33 2.40 482.68 9 43 4
156 14.48 70.73 19.41 117.05 13 41 2
157 39.73 23.98 38.51 271.32 17 45 2
158 47.72 26.34 19.71 67.47 12 28 4
159 95.92 86.00 27.73 245.65 6 46 1
160 75.51 87.58 45.72 478.61 5 48 4
161 90.36 0.09 19.58 94.51 24 24 3
162 48.57 40.56 1.72 348.48 18 46 4
163 40.14 74.53 20.10 126.39 8 20 2
164 19.91 65.06 37.08 356.51 11 20 4
165 28.17 45.18 31.92 165.88 8 36 4
166 51.90 47.60 10.56 238.45 23 26 3
167 34.18 3.76 17.23 196.92 18 35 1
168 87.71 17.94 15.34 194.24 12 43 4
169 17.47 21.96 26.93 66.18 4 22 2
170 21.47 2.13 1.12 318.94 5 17 2
171 34.35 43.31 20.47 372.18 19 33 2
172 2.07 93.61 24.52 328.83 2 9 4
173 50.74 76.09 8.28 486.90 1 15 2
174 93.75 5.05 10.55 257.73 16 35 3
175 42.43 65.84 24.47 321.53 13 30 4
176 15.12 86.54 2.51 464.93 6 44 3
177 83.09 2.11 46.24 495.91 6 8 2
178 44.40 96.18 12.51 68.42 11 26 1
179 35.73 41.67 41.52 417.09 2 35 3
180 34.79 45.98 40.61 313.68 4 8 3
181 48.74 79.68 16.48 193.37 16 20 2
182 9.93 50.40 10.18 201.36 24 36 3
183 11.87 34.17 1.37 264.97 9 32 4
184 56.06 5.25 39.02 262.88 15 26 4
185 60.43 30.96 31.03 362.78 11 19 3
186 66.04 38.48 26.90 174.45 24 32 4
187 30.28 24.26 13.06 471.07 3 31 2
188 49.93 99.03 23.64 256.75 18 28 3
189 37.01 34.58 15.44 316.91 6 42 2
190 60.10 1.73 24.29 315.41 13 28 3
191 29.37 98.19 5.78 270.75 12 47 4
192 93.31 82.35 39.23 476.20 3 21 1
193 94.90 91.27 33.09 343.42 3 40 4
194 15.53 27.05 14.92 438.82 20 25 1
195 19.62 93.92 24.15 357.37 22 46 4
196 80.41 17.76 1.10 430.46 24 43 4
197 54.45 62.99 41.48 233.79 23 28 3
198 59.25 14.25 25.87 92.37 11 33 4
199 4.01 65.81 41.71 91.46 15 37 4
200 31.47 36.04 17.64 370.01 4 9 4
1 174.03 2696.36 1
2 177.96 3193.89 2
3 131.26 3993.44 3
4 198.88 3211.27 4
5 121.64 4144.97 2
6 120.17 4660.64 1
1 1.92 31.24 3
2 1.93 27.83 6
3 1.25 31.58 1
4 1.54 29.24 1
5 1.44 37.09 6
6 1.62 34.13 2
