Data for Vehicle routing problem with drones - Author: Huyen Do Thi Ngoc
Number of depots: 3
Number of cities: 400
Number of trucks: 7
Number of drones: 10
Area: 100 100 50
Customer maximum demand: 500
Max capacity of truck: 200
Max energy of truck: 5000
Max capacity of drone: 2
Max energy of drone: 50
1 47.16 41.40 12.49
2 59.71 35.72 14.45
3 7.04 83.45 30.38
1 16.85 21.81 23.31 376.74 22 41 1
2 87.09 1.61 42.58 260.35 0 34 2
3 1.38 5.11 31.26 153.45 24 29 2
4 66.89 90.17 0.75 365.59 22 37 3
5 13.02 41.98 19.00 321.16 5 16 3
6 31.72 35.10 20.61 187.95 4 19 2
7 92.53 11.04 20.41 442.54 0 20 1
8 66.88 78.26 3.22 384.20 12 39 2
9 89.15 54.40 46.22 187.59 0 33 1
10 57.63 15.85 4.03 309.63 15 18 2
11 4.74 47.93 45.34 424.77 6 12 2
12 67.25 13.99 44.82 147.42 3 31 1
13 41.69 22.66 7.28 344.77 24 27 1
14 43.76 57.97 18.77 259.41 14 46 1
15 51.35 22.95 46.67 165.67 18 29 2
16 26.56 51.33 0.57 218.60 16 45 1
17 76.34 25.04 40.90 427.28 6 19 3
18 4.19 36.01 45.17 480.76 3 10 3
19 95.53 19.31 46.21 185.00 10 30 1
20 20.35 27.03 46.01 254.98 3 19 2
21 19.17 14.26 27.37 429.27 22 34 3
22 84.89 97.20 29.62 119.21 8 43 3
23 14.42 60.59 23.97 66.47 12 13 1
24 59.88 84.28 10.29 491.34 15 22 1
25 63.44 33.90 39.04 214.05 21 44 1
26 43.09 17.49 18.95 316.89 17 40 1
27 96.87 18.36 49.55 436.85 14 26 2
28 6.16 98.83 2.19 82.83 1 1 2
29 64.95 80.58 11.68 399.75 21 32 1
30 16.15 1.80 27.62 373.69 23 46 2
31 6.77 7.79 4.33 340.94 3 8 2
32 13.82 42.74 43.48 128.20 12 33 3
33 96.85 53.64 16.88 382.27 4 37 2
34 89.87 43.39 41.66 484.00 23 42 1
35 70.38 76.95 42.12 312.38 19 48 1
36 98.45 81.63 38.96 490.22 0 4 2
37 7.19 80.66 48.64 143.99 3 36 1
38 38.81 23.31 8.02 328.63 22 28 3
39 47.17 62.44 0.54 277.57 19 31 2
40 95.72 20.15 31.03 217.34 18 36 1
41 92.18 98.46 24.85 487.75 13 22 1
42 47.75 78.39 16.15 316.89 20 22 1
43 30.66 54.92 24.60 213.87 7 17 3
44 20.82 28.60 14.25 446.89 0 20 1
45 54.91 67.92 39.22 428.48 19 38 2
46 8.30 72.24 1.77 219.70 4 15 1
47 52.17 75.27 13.30 264.41 23 32 2
48 96.49 11.76 25.06 411.60 0 19 3
49 18.82 46.33 2.75 77.31 6 35 2
50 97.86 30.63 29.05 429.21 4 27 3
51 91.70 90.74 23.94 142.58 5 5 3
52 19.25 30.11 9.80 358.70 0 3 3
53 9.88 23.70 8.93 385.59 6 38 3
54 38.85 78.80 45.29 410.67 3 45 1
55 0.13 36.80 35.16 491.05 1 21 2
56 52.12 74.28 21.74 402.84 9 36 1
57 1.15 69.30 6.90 329.01 10 16 1
58 10.24 79.35 13.17 451.48 24 38 1
59 78.50 73.66 49.22 442.28 4 26 2
60 2.94 73.88 5.64 326.99 11 20 2
61 8.79 1.56 41.31 344.50 18 44 3
62 29.21 83.75 38.16 385.59 19 20 2
63 51.34 64.67 23.34 152.54 0 25 1
64 43.37 33.16 4.92 124.96 10 43 2
65 75.55 88.80 38.79 230.60 3 37 1
66 91.35 14.60 1.07 464.01 20 24 3
67 88.58 6.39 32.29 304.29 3 38 3
68 65.32 72.57 2.53 190.24 8 35 1
69 38.67 95.16 48.15 109.71 13 38 3
70 74.92 7.53 31.73 163.88 21 45 2
71 44.26 93.92 2.00 431.88 6 9 3
72 50.88 42.86 40.94 479.98 0 40 1
73 7.94 51.08 30.02 272.87 9 18 1
74 60.44 37.77 45.32 174.08 7 7 1
75 66.96 94.01 18.05 285.31 8 41 2
76 59.00 76.34 11.42 213.12 21 30 3
77 85.23 88.28 7.67 300.48 0 39 3
78 74.92 48.28 7.98 123.93 10 14 1
79 49.14 15.03 22.51 472.50 1 42 3
80 54.42 78.25 32.20 88.24 3 12 1
81 4.10 23.02 23.53 400.62 10 35 1
82 7.05 5.68 48.64 450.60 4 15 1
83 91.93 2.78 8.38 469.10 9 14 3
84 88.62 26.12 2.41 487.09 1 1 2
85 23.14 21.20 21.41 111.81 18 32 3
86 43.10 18.01 13.89 472.66 15 44 2
87 69.92 65.16 31.69 421.41 13 13 3
88 53.25 67.07 20.08 157.36 4 24 1
89 31.16 37.29 23.50 204.69 12 39 1
90 6.57 42.05 35.20 123.59 9 34 1
91 54.35 89.10 2.02 72.62 11 27 2
92 19.44 76.21 1.65 120.07 5 24 3
93 40.36 74.39 15.44 97.53 11 23 3
94 48.07 83.26 7.67 220.49 1 9 1
95 93.64 78.18 10.76 172.86 20 34 2
96 53.87 68.63 37.27 353.81 19 38 2
97 99.63 99.95 4.34 282.66 7 17 1
98 17.52 55.65 30.30 396.31 18 38 3
99 65.14 18.26 44.16 394.90 1 14 1
100 5.16 42.41 13.36 347.40 11 23 1
101 52.64 49.46 49.89 362.83 2 30 2
102 20.46 43.14 2.52 125.17 0 25 2
103 23.94 77.69 42.85 447.89 11 39 3
104 2.16 23.45 34.32 288.40 4 38 2
105 49.88 40.57 9.76 470.61 24 42 1
106 79.10 92.05 45.67 387.87 20 22 1
107 82.62 56.81 10.12 50.64 11 41 3
108 22.05 58.00 47.52 98.41 3 31 2
109 11.23 82.45 4.96 159.62 12 27 2
110 99.65 38.77 10.30 453.31 3 30 2
111 11.93 22.88 42.58 379.79 16 29 3
112 41.88 27.90 16.33 63.96 20 27 1
113 51.07 60.63 19.81 402.63 8 16 2
114 91.71 7.44 11.30 444.60 24 29 3
115 94.49 74.38 12.35 441.91 3 23 3
116 63.90 45.61 43.72 199.54 7 46 1
117 21.33 43.04 7.63 337.89 1 30 2
118 36.89 39.17 25.93 478.76 21 38 2
119 8.88 89.32 48.74 355.16 18 43 3
120 16.53 83.86 3.41 409.83 23 32 1
121 99.36 3.67 24.95 226.80 23 41 3
122 43.81 92.57 27.37 65.05 21 24 3
123 86.59 18.91 15.42 99.18 0 9 1
124 91.71 0.54 27.12 190.27 22 44 3
125 37.17 76.82 30.51 325.06 2 44 3
126 3.76 20.42 10.57 261.82 4 38 3
127 65.53 63.24 31.08 133.91 22 35 1
128 10.68 58.99 26.33 421.67 6 23 3
129 79.85 49.08 35.73 136.97 20 46 1
130 66.93 15.30 0.65 248.54 22 35 2
131 96.53 13.24 44.51 69.56 5 48 1
132 3.22 46.73 0.95 291.47 11 33 2
133 63.09 54.41 39.64 391.55 4 5 3
134 28.53 24.65 23.96 200.74 10 26 3
135 89.45 5.53 43.86 457.07 21 35 1
136 24.88 4.78 35.81 316.70 13 41 1
137 94.03 50.05 13.33 400.75 14 28 3
138 64.52 65.87 17.16 106.44 20 43 3
139 3.55 52.47 18.48 223.77 11 47 1
140 61.47 96.12 14.24 478.36 13 23 3
141 7.49 32.99 0.30 203.11 0 41 2
142 34.43 18.08 13.58 388.18 24 32 1
143 92.87 93.81 47.99 64.49 3 47 2
144 88.01 2.76 4.10 418.81 11 14 2
145 31.63 3.10 10.44 50.00 3 16 1
146 66.84 77.73 38.19 281.29 1 25 1
147 26.67 93.91 21.55 462.46 10 11 3
148 23.78 85.38 15.10 300.46 23 40 2
149 24.20 36.87 0.34 380.74 2 5 3
150 80.56 17.05 9.78 425.29 22 30 1
151 98.56 60.77 13.62 330.06 3 9 2
152 6.65 3.47 9.79 278.57 19 38 1
153 75.45 11.38 22.82 344.43 6 48 1
154 23.08 11.35 48.65 270.01 5 30 3
155 12.86 87.42 9.80 429.68 15 17 3
156 38.00 72.88 13.34 450.91 7 13 3
157 34.00 95.87 10.51 411.02 7 48 3
158 42.07 15.22 48.32 136.47 19 32 3
159 78.92 2.59 6.32 247.34 17 38 1
160 5.10 15.15 13.63 335.75 21 28 3
161 79.19 23.74 12.09 443.08 12 12 2
162 93.26 49.18 47.52 290.45 13 30 3
163 22.28 66.20 8.06 165.46 21 37 2
164 34.52 19.53 26.43 255.82 19 20 2
165 41.66 37.28 32.33 347.43 18 43 2
166 35.00 86.35 40.50 460.39 0 43 3
167 3.81 51.48 7.68 445.27 8 27 2
168 15.85 38.73 48.19 461.29 20 32 1
169 44.78 95.85 28.20 179.15 9 40 3
170 30.29 28.25 10.47 93.34 22 31 2
171 53.26 43.19 34.39 373.09 10 20 1
172 14.42 25.30 10.33 494.85 19 48 2
173 96.19 40.12 18.74 223.25 23 47 3
174 30.17 3.75 14.54 455.98 1 27 2
175 86.61 94.73 29.48 488.38 0 15 2
176 28.46 25.52 14.29 441.21 4 19 3
177 50.15 24.04 45.01 329.30 17 23 3
178 34.88 39.79 49.31 340.84 13 36 2
179 91.58 61.49 2.70 118.09 15 47 1
180 58.29 20.55 49.24 77.31 9 34 1
181 45.10 30.85 16.60 379.18 19 43 3
182 27.25 68.07 32.20 213.24 3 18 3
183 18.14 5.46 38.74 329.48 9 37 2
184 63.50 46.95 31.51 494.10 7 29 1
185 38.86 91.26 1.46 493.38 14 31 2
186 53.33 48.87 45.31 58.47 19 24 3
187 79.10 25.94 49.55 453.58 4 12 3
188 79.83 9.08 20.63 466.59 10 26 2
189 9.95 48.71 34.86 276.62 16 28 1
190 49.78 77.61 9.15 205.87 14 44 1
191 69.67 36.84 43.28 300.60 12 14 1
192 50.11 98.51 17.96 70.20 3 13 2
193 39.25 90.91 5.80 382.15 11 24 1
194 27.96 64.69 33.88 279.09 9 28 3
195 82.43 52.16 49.17 69.99 18 30 2
196 16.73 21.99 1.92 309.40 5 14 2
197 37.36 51.43 15.16 456.33 20 28 3
198 48.17 78.07 45.51 298.29 18 30 2
199 30.18 5.17 25.78 252.28 20 39 2
200 7.77 10.92 12.47 259.28 5 30 2
201 85.07 12.49 10.43 57.34 14 15 1
202 69.63 21.05 21.39 491.90 0 14 3
203 36.52 45.49 9.96 460.02 22 26 3
204 11.56 77.01 29.60 430.11 18 23 1
205 88.05 53.75 36.35 355.05 8 40 2
206 72.75 61.28 10.15 491.51 16 44 2
207 90.97 48.26 38.07 350.91 2 4 1
208 38.35 40.34 42.59 283.25 3 19 2
209 11.57 64.47 40.06 315.11 19 41 3
210 36.78 61.00 21.00 132.14 15 46 3
211 22.30 16.12 34.06 433.62 1 17 2
212 97.64 32.82 33.50 499.65 3 25 1
213 89.89 39.97 38.58 251.94 21 44 2
214 61.42 37.20 6.15 430.02 12 27 1
215 86.15 20.58 25.62 283.99 20 31 2
216 14.24 62.20 3.47 372.18 2 33 2
217 24.54 22.14 5.27 472.55 8 10 2
218 86.92 33.39 11.57 317.90 24 29 1
219 41.00 40.15 43.34 226.76 6 13 2
220 41.70 64.49 40.38 162.01 0 22 2
221 55.93 28.77 31.75 116.33 22 42 3
222 29.92 97.45 45.84 206.12 9 22 1
223 26.29 76.45 21.12 454.40 5 7 3
224 62.96 16.79 20.10 205.63 13 33 1
225 15.82 92.70 31.41 75.72 21 22 2
226 6.23 19.57 20.16 101.66 7 23 1
227 40.00 79.53 33.44 208.26 17 44 1
228 81.91 24.25 26.92 403.98 2 18 2
229 40.22 7.61 39.04 134.03 3 36 1
230 22.81 46.44 26.72 138.48 16 48 3
231 89.20 50.73 8.70 152.80 1 12 1
232 73.07 50.48 24.29 349.43 13 16 1
233 53.99 57.92 47.56 206.32 2 3 3
234 32.57 80.23 37.31 436.59 23 40 3
235 86.31 42.05 6.27 291.70 19 32 2
236 69.70 8.80 9.94 458.07 13 42 1
237 10.58 32.53 32.08 217.10 12 19 3
238 77.85 97.57 16.69 86.26 20 31 1
239 92.74 43.86 23.82 73.07 17 29 2
240 31.13 91.02 27.51 470.05 24 31 1
241 13.40 13.80 22.39 85.79 7 37 1
242 4.62 67.99 14.47 57.13 0 24 3
243 55.21 14.84 49.16 333.81 22 36 2
244 1.21 90.29 44.23 316.51 3 15 2
245 35.98 24.94 34.30 400.33 0 0 1
246 63.08 86.94 34.11 376.47 23 33 3
247 12.60 51.96 33.89 308.03 16 29 1
248 3.39 1.53 29.25 381.48 5 42 2
249 8.77 24.23 13.35 392.90 8 41 3
250 46.53 7.58 30.74 286.96 14 22 1
251 29.00 35.34 46.27 181.62 23 37 1
252 43.06 27.63 5.55 137.57 19 34 3
253 91.77 43.54 6.34 186.71 1 6 2
254 68.08 47.29 22.07 383.32 9 11 2
255 37.70 4.70 6.01 336.00 14 16 2
256 12.38 15.97 8.36 157.45 17 39 3
257 11.20 11.88 12.83 126.96 10 46 2
258 64.92 22.95 33.14 368.25 6 33 1
259 98.87 36.97 49.63 331.15 12 14 2
260 68.40 31.82 7.10 194.26 3 6 3
261 85.27 72.98 37.43 229.53 22 42 1
262 84.53 19.44 40.87 361.86 16 42 3
263 44.14 79.79 7.96 334.79 21 33 3
264 39.89 53.08 32.56 427.32 12 44 2
265 16.78 31.44 26.90 133.50 24 47 3
266 71.36 67.18 34.61 392.35 22 36 3
267 77.53 49.26 11.56 108.96 12 44 3
268 54.45 70.70 8.64 209.88 15 32 1
269 67.03 81.44 14.91 150.34 3 47 2
270 52.37 53.00 34.25 187.01 24 40 1
271 90.13 15.75 35.99 463.27 13 38 1
272 37.01 78.03 0.12 445.86 1 39 1
273 45.59 50.64 26.89 273.86 4 4 3
274 9.90 34.88 40.96 466.66 23 44 3
275 12.37 94.36 44.98 418.22 0 32 3
276 89.86 18.66 36.53 60.88 12 41 2
277 69.81 90.82 20.14 443.02 19 25 1
278 47.67 85.03 12.11 327.22 3 20 1
279 83.33 99.30 10.16 98.53 16 29 3
280 54.40 56.35 28.78 480.61 10 46 2
281 5.76 68.52 47.72 57.52 7 45 1
282 64.05 66.44 18.82 63.75 15 20 1
283 90.61 85.85 8.21 474.49 19 47 3
284 52.75 91.18 5.96 339.18 22 22 3
285 60.65 36.84 8.85 261.79 24 34 2
286 52.23 79.25 13.01 367.66 13 29 3
287 53.74 8.76 36.51 271.26 1 14 3
288 40.97 57.83 2.93 135.25 11 18 3
289 84.42 76.17 5.40 87.90 15 24 1
290 97.49 62.21 19.43 473.41 17 36 1
291 39.08 80.06 16.89 232.74 17 34 2
292 66.98 54.93 19.50 445.05 23 30 2
293 86.29 40.74 42.47 332.46 7 41 3
294 4.39 14.14 8.50 53.99 18 45 2
295 19.14 75.22 43.34 491.69 24 36 3
296 27.83 16.94 19.37 194.92 13 18 1
297 13.18 64.64 12.57 477.69 13 47 3
298 12.11 48.39 33.29 218.36 21 44 3
299 35.01 20.54 39.85 483.70 10 40 1
300 25.01 65.60 27.70 302.73 19 48 1
301 49.14 61.07 45.82 229.40 24 27 3
302 39.73 69.70 29.85 418.63 16 19 2
303 60.99 25.83 38.22 452.96 17 32 3
304 22.49 42.00 5.44 120.59 21 30 3
305 77.65 27.74 9.54 109.96 10 14 1
306 29.35 77.18 30.28 218.24 23 30 3
307 3.95 96.04 2.22 52.18 5 23 2
308 61.51 56.91 15.05 379.70 18 37 3
309 19.45 63.72 12.84 287.05 2 35 1
310 52.27 31.64 1.32 93.65 21 32 1
311 8.66 1.98 22.84 116.33 19 38 2
312 17.34 97.56 34.06 116.59 8 45 1
313 35.15 39.86 13.19 271.82 24 48 2
314 35.78 67.25 33.04 328.21 12 19 2
315 61.34 26.52 23.14 380.82 18 40 2
316 80.87 77.36 8.08 155.42 12 23 1
317 86.91 11.05 4.06 290.05 3 37 1
318 26.91 50.36 31.74 439.17 22 47 1
319 64.78 35.43 32.24 277.00 17 29 3
320 32.11 73.15 22.25 57.38 20 32 1
321 57.59 15.33 43.41 147.93 15 39 3
322 67.62 67.73 49.14 187.00 13 15 1
323 39.55 67.70 1.54 229.38 13 41 1
324 46.45 46.47 38.33 97.75 15 22 3
325 87.45 90.26 34.34 170.89 11 48 3
326 26.12 20.86 7.87 72.64 19 25 3
327 89.62 25.90 27.34 116.75 12 39 1
328 20.94 59.37 20.41 452.78 0 45 2
329 66.42 80.24 14.25 121.08 1 23 2
330 16.25 67.33 16.17 141.45 4 24 3
331 85.16 15.45 0.54 482.44 7 48 1
332 65.24 93.04 19.42 308.14 1 15 3
333 59.64 86.34 48.26 303.98 11 14 3
334 95.43 2.27 5.38 316.79 19 20 1
335 70.23 21.17 33.13 185.27 1 44 1
336 42.23 2.87 38.76 303.64 21 42 2
337 19.79 24.22 23.69 191.09 14 37 1
338 78.01 64.10 16.41 416.77 2 8 2
339 86.17 35.89 0.39 251.07 19 25 1
340 72.63 84.59 31.93 426.51 22 30 1
341 77.59 37.61 9.68 280.93 10 19 3
342 95.21 17.60 20.38 321.53 5 45 1
343 2.67 27.10 27.87 417.05 5 20 1
344 39.68 54.81 19.03 409.28 0 46 1
345 72.64 60.97 4.61 162.78 0 40 3
346 33.15 37.90 47.33 287.49 17 40 3
347 79.42 53.45 41.52 476.66 0 37 3
348 21.73 63.63 38.16 76.70 17 40 3
349 52.57 43.95 20.08 163.39 10 28 1
350 40.71 69.42 48.71 219.45 6 37 3
351 39.45 29.73 34.77 178.84 10 18 3
352 29.98 44.97 44.67 310.12 23 46 1
353 8.95 29.38 10.44 354.74 21 35 1
354 9.03 40.33 18.04 425.74 16 36 2
355 96.91 5.59 8.00 480.10 23 43 3
356 95.60 36.00 44.22 370.29 6 11 3
357 82.07 59.28 40.89 281.30 9 10 3
358 71.71 24.90 13.22 215.25 11 35 2
359 50.30 81.42 32.77 400.87 0 28 2
360 30.75 20.38 14.03 134.94 2 21 2
361 15.48 43.55 35.18 268.16 15 45 2
362 29.20 9.76 13.39 220.48 12 38 3
363 60.74 88.28 48.74 493.84 12 15 3
364 7.61 56.20 14.05 161.42 14 15 2
365 96.77 99.68 37.09 473.30 8 33 2
366 23.85 45.61 10.44 272.33 12 19 3
367 26.58 3.80 30.47 102.03 5 43 3
368 82.99 71.46 28.46 148.18 24 28 2
369 8.45 9.78 30.69 375.30 7 42 2
370 0.27 33.72 18.71 103.85 11 43 3
371 73.85 63.02 32.06 335.66 13 38 2
372 33.23 42.88 2.61 346.17 17 33 1
373 66.08 3.38 16.05 108.14 20 32 3
374 92.23 60.47 43.63 287.21 7 18 1
375 53.11 86.24 28.97 210.59 6 47 2
376 95.94 64.89 47.18 416.63 22 35 3
377 76.56 84.14 45.36 294.61 21 47 3
378 24.41 52.56 33.39 371.69 23 24 2
379 57.14 58.47 6.25 289.64 20 29 3
380 98.34 80.36 38.95 205.41 5 7 3
381 54.27 45.10 15.93 127.55 23 28 3
382 59.85 71.08 31.25 190.76 3 23 2
383 93.44 84.15 25.16 483.24 0 6 2
384 9.29 63.96 10.18 187.21 7 24 1
385 82.19 10.44 42.67 274.06 11 16 3
386 88.34 79.73 14.16 467.69 5 36 1
387 29.72 98.20 22.68 436.68 22 44 1
388 72.12 99.57 25.97 492.31 5 28 2
389 79.50 17.56 3.28 122.80 16 29 2
390 40.52 70.31 3.63 186.06 17 18 1
391 77.61 54.73 3.77 251.50 19 40 1
392 19.59 58.62 22.40 493.13 21 47 1
393 52.63 53.49 23.05 470.66 16 31 1
394 66.63 70.98 34.51 301.02 13 21 1
395 68.30 58.72 42.13 300.89 10 35 1
396 85.19 29.13 19.92 59.06 2 34 3
397 4.25 86.84 1.09 421.55 19 34 1
398 71.89 54.48 12.22 100.28 0 9 3
399 69.72 65.78 38.98 270.85 1 24 2
400 16.66 35.84 12.10 328.36 4 23 1
1 108.61 4056.08 1
2 139.66 4467.27 2
3 162.40 4064.51 3
4 146.83 2745.13 2
5 176.35 3899.72 1
6 181.69 4539.65 2
7 105.94 3081.53 3
1 1.71 26.51 1
2 1.59 41.36 5
3 1.06 32.10 4
4 1.90 35.97 1
5 1.07 48.28 7
6 1.52 31.98 7
7 1.89 26.10 1
8 1.31 48.41 4
9 1.45 25.80 3
10 1.15 31.65 2
