Data for Vehicle routing problem with drones - Author: Huyen Do Thi Ngoc
Number of depots: 5
Number of cities: 300
Number of trucks: 8
Number of drones: 18
Area: 100 100 50
Customer maximum demand: 500
Max capacity of truck: 200
Max energy of truck: 5000
Max capacity of drone: 2
Max energy of drone: 50
1 1.80 66.98 32.86
2 99.61 0.68 21.17
3 22.34 70.57 43.57
4 85.61 89.28 14.16
5 67.35 4.23 14.18
1 17.27 30.97 6.71 431.09 8 19 4
2 79.15 5.73 8.49 160.92 5 44 4
3 50.89 2.76 28.50 90.57 21 24 1
4 93.97 38.43 42.26 376.38 11 12 1
5 50.71 91.48 5.74 455.82 16 38 1
6 63.24 8.73 6.56 421.54 23 32 5
7 90.19 64.68 11.60 250.75 18 33 5
8 44.91 33.99 9.09 74.58 14 36 2
9 97.81 71.46 32.19 319.14 15 48 5
10 25.85 18.85 12.89 345.48 9 17 2
11 6.32 21.84 29.63 437.24 2 14 2
12 91.51 10.22 35.41 212.08 2 46 5
13 39.68 50.78 48.36 349.59 11 15 1
14 93.93 2.32 8.73 169.29 24 39 4
15 1.29 78.62 19.33 205.91 5 28 5
16 28.54 80.37 39.25 465.88 13 48 5
17 34.67 61.80 4.87 112.32 23 30 5
18 80.20 2.64 19.64 126.76 10 12 5
19 39.84 52.93 22.82 345.25 22 22 1
20 71.87 20.40 8.67 239.22 6 44 5
21 58.91 57.48 38.01 229.23 17 46 2
22 93.28 26.15 44.97 86.85 19 21 4
23 2.60 49.32 31.63 497.65 8 37 3
24 91.58 80.61 29.17 318.94 8 47 4
25 32.08 13.73 27.68 187.52 9 44 2
26 49.56 24.04 48.88 318.44 19 20 5
27 15.68 90.40 27.85 359.03 16 40 3
28 52.65 80.18 8.27 102.46 14 28 4
29 25.45 14.67 8.48 167.23 12 45 5
30 56.33 48.26 29.69 343.33 7 45 1
31 32.36 32.66 47.41 467.89 22 31 3
32 57.99 72.84 17.97 98.73 24 45 5
33 70.90 30.83 26.76 293.14 8 23 2
34 92.69 97.88 12.50 369.09 11 24 4
35 74.90 24.84 19.26 178.20 21 37 2
36 21.16 46.41 7.65 67.04 11 36 5
37 38.74 21.10 11.32 125.09 6 20 5
38 4.25 28.46 17.82 148.93 24 46 5
39 56.54 87.28 34.00 111.97 4 39 2
40 75.99 76.84 11.81 369.26 2 19 4
41 44.02 82.47 46.02 296.90 13 29 4
42 29.09 6.64 9.26 310.49 13 41 1
43 91.70 15.56 33.87 233.64 1 34 3
44 75.22 23.48 31.65 259.18 6 24 3
45 6.05 35.78 49.80 213.86 18 37 2
46 33.71 96.87 16.07 59.36 24 35 5
47 8.41 48.77 14.05 241.85 10 31 5
48 58.76 87.83 9.51 429.46 3 37 2
49 73.08 8.98 20.19 348.66 4 7 4
50 65.66 99.08 33.71 388.67 23 23 2
51 95.52 21.04 19.21 468.28 24 33 3
52 55.32 12.14 2.97 112.23 0 28 5
53 72.06 52.25 9.85 422.41 10 21 2
54 28.16 56.70 43.50 334.41 14 34 3
55 30.71 30.75 0.88 434.16 4 33 3
56 87.19 60.08 31.43 495.21 24 37 1
57 80.57 45.00 7.56 226.49 17 25 1
58 84.71 16.94 15.95 154.02 20 39 3
59 79.48 13.99 22.97 165.90 14 31 5
60 12.15 46.59 8.10 79.30 4 39 5
61 5.74 90.80 47.45 69.14 7 48 3
62 44.98 0.53 20.94 99.53 9 24 2
63 62.72 46.74 34.51 267.57 23 36 1
64 40.52 4.86 24.80 369.56 12 45 1
65 1.81 43.39 26.20 320.08 17 32 2
66 41.21 14.44 29.84 199.60 12 36 5
67 24.84 55.44 19.85 264.46 16 24 5
68 41.31 49.65 6.66 458.54 24 40 3
69 56.08 61.40 31.07 244.89 19 35 2
70 98.16 32.48 24.00 456.93 11 44 3
71 33.88 29.86 16.08 420.28 15 43 1
72 36.01 79.26 13.48 63.19 18 40 4
73 59.15 47.65 23.26 116.52 12 44 3
74 7.44 10.10 29.45 224.34 6 16 2
75 34.43 38.27 16.59 223.55 4 45 5
76 99.84 62.62 27.44 455.11 0 14 1
77 90.78 47.88 13.76 480.38 10 36 1
78 32.17 20.39 14.71 127.33 13 39 5
79 21.34 72.15 34.73 241.53 15 43 3
80 53.19 98.88 39.19 313.19 7 43 5
81 36.68 6.90 47.44 147.47 8 36 3
82 46.75 41.21 47.77 298.11 15 32 3
83 0.07 24.84 1.22 61.27 14 16 2
84 73.28 48.04 24.32 260.32 14 36 4
85 82.54 15.23 18.78 207.36 7 34 3
86 94.40 72.45 17.56 304.53 15 25 3
87 92.89 17.53 15.55 304.51 18 27 1
88 13.16 46.44 30.24 303.37 4 48 4
89 37.29 53.29 17.53 378.17 3 28 3
90 91.92 99.81 14.49 426.67 23 35 4
91 41.06 75.46 44.49 213.02 9 42 1
92 65.34 53.64 37.78 458.26 10 17 3
93 83.45 56.34 46.92 361.93 15 35 2
94 24.36 4.51 17.30 466.66 11 41 3
95 42.83 72.99 14.95 473.23 12 36 1
96 13.03 92.34 2.29 295.17 11 24 2
97 30.19 38.04 19.12 134.06 10 26 2
98 82.66 89.99 2.77 494.87 1 27 1
99 30.64 70.40 44.14 246.14 11 28 4
100 87.23 8.46 3.39 222.01 3 35 4
101 13.79 22.82 6.25 208.84 20 23 5
102 64.27 66.92 10.56 90.24 12 14 5
103 53.57 28.35 12.28 356.94 3 22 5
104 95.92 24.93 27.72 383.78 3 18 2
105 78.27 69.29 30.42 255.22 24 35 1
106 35.73 64.68 14.58 86.79 21 21 3
107 36.17 84.57 18.58 178.07 7 10 4
108 9.21 37.95 9.66 84.87 23 30 5
109 76.27 73.55 21.66 448.48 19 46 2
110 27.19 41.68 35.38 308.32 20 34 4
111 24.05 97.92 33.53 298.38 23 36 1
112 20.25 16.44 30.63 225.58 0 5 2
113 38.42 8.15 49.43 206.83 18 47 4
114 99.79 93.94 20.32 263.55 4 24 3
115 35.44 91.16 39.59 243.12 1 33 1
116 17.74 25.13 7.39 102.32 24 43 5
117 59.79 73.33 48.74 117.01 10 19 5
118 86.74 69.58 45.10 276.61 5 43 1
119 35.22 43.42 29.07 334.48 4 23 2
120 58.23 63.84 46.55 220.11 11 38 4
121 12.02 98.86 4.04 281.08 11 36 2
122 79.14 20.74 42.50 119.44 9 41 3
123 27.99 7.39 3.60 305.76 3 26 5
124 60.10 61.06 30.65 330.32 4 28 1
125 64.66 4.42 44.74 178.64 1 23 4
126 66.61 78.55 49.01 417.83 21 28 1
127 38.65 16.58 26.97 381.89 21 47 1
128 84.27 29.89 46.00 174.52 13 34 2
129 99.41 2.25 2.94 453.49 15 26 3
130 11.79 62.93 18.09 270.77 5 47 5
131 81.52 19.96 43.08 70.16 9 28 1
132 66.84 75.67 26.78 249.06 0 33 3
133 60.28 40.61 39.11 61.99 8 8 1
134 20.88 62.41 48.19 351.78 3 28 2
135 48.42 23.97 40.21 75.24 23 34 2
136 18.93 94.85 43.17 443.50 9 24 1
137 62.54 52.43 3.78 64.88 0 9 2
138 41.00 38.22 0.89 385.93 2 11 2
139 20.59 27.28 34.43 333.84 13 21 2
140 31.04 70.49 39.84 51.37 17 39 1
141 6.52 65.50 38.78 491.90 8 16 1
142 73.39 21.39 33.74 238.57 21 39 3
143 57.48 20.09 11.60 363.31 24 48 3
144 32.98 63.59 35.64 337.15 23 33 2
145 4.89 58.37 9.97 316.05 11 27 1
146 93.30 45.59 10.73 298.95 1 45 3
147 26.39 47.84 12.84 148.63 17 38 1
148 36.75 13.77 4.40 134.53 17 23 1
149 81.58 10.99 34.15 298.97 7 43 2
150 5.70 80.70 38.45 278.06 8 44 5
151 12.05 40.89 29.71 424.08 8 11 5
152 70.85 55.13 32.98 334.16 8 13 3
153 17.14 17.06 16.51 324.65 13 29 1
154 23.57 1.27 36.77 291.27 18 42 1
155 71.62 43.65 42.92 60.82 23 45 4
156 78.96 50.83 34.17 82.72 20 23 3
157 18.19 98.28 44.20 378.87 7 20 2
158 52.54 45.44 28.94 423.49 20 36 2
159 70.36 62.57 48.91 350.55 24 31 2
160 95.98 18.30 24.41 292.19 22 35 5
161 5.75 75.79 30.11 251.11 15 41 1
162 9.10 42.89 40.72 118.14 8 31 5
163 78.40 92.97 23.43 250.78 19 43 4
164 40.50 24.92 24.43 122.71 5 11 4
165 55.57 12.27 2.75 377.99 4 6 5
166 24.77 89.24 23.06 61.71 7 20 2
167 46.65 30.43 7.95 122.95 9 21 5
168 73.74 67.53 36.96 481.96 22 26 5
169 74.83 21.86 40.46 299.08 11 48 2
170 2.59 67.87 13.55 360.75 23 37 5
171 16.12 32.19 17.47 106.69 2 32 5
172 72.36 13.40 35.12 269.30 24 35 1
173 85.48 64.02 49.80 493.29 10 37 1
174 56.99 9.25 13.46 241.19 16 44 3
175 79.96 99.37 2.32 312.31 21 31 2
176 70.67 45.50 35.84 178.12 21 40 5
177 41.63 14.35 18.38 299.25 13 25 1
178 25.45 59.70 37.91 468.14 1 5 1
179 32.18 64.72 1.51 324.88 18 25 3
180 93.94 1.50 6.47 373.74 5 27 2
181 25.48 52.36 10.03 287.23 15 32 2
182 57.49 5.46 15.74 90.78 4 23 5
183 12.75 49.34 7.45 361.92 11 31 5
184 16.24 20.83 27.20 360.13 4 42 4
185 41.71 53.44 14.71 157.59 21 41 3
186 53.06 58.49 35.67 273.40 15 44 1
187 91.91 17.44 24.39 311.67 18 25 2
188 25.95 37.74 44.28 476.57 17 48 4
189 97.07 21.60 21.43 169.99 18 45 1
190 93.63 25.46 27.12 58.30 5 24 4
191 22.02 19.87 6.55 162.99 12 14 2
192 87.41 27.48 19.84 90.11 24 38 2
193 55.55 14.46 49.19 60.22 5 23 5
194 3.84 54.79 44.84 302.91 23 45 2
195 40.00 71.64 20.58 466.99 1 45 2
196 62.63 7.79 43.82 118.80 14 47 2
197 18.53 59.26 10.36 103.93 8 16 1
198 3.47 29.87 37.40 234.24 3 7 3
199 62.41 64.56 40.15 141.96 10 26 3
200 84.33 14.34 15.84 281.34 19 29 5
201 85.08 82.79 45.92 155.08 21 27 1
202 24.82 57.35 4.59 477.93 12 12 1
203 65.31 62.65 17.76 313.40 20 20 3
204 7.54 7.53 10.46 470.98 10 41 2
205 52.91 73.34 32.12 407.10 11 47 4
206 57.17 14.14 41.57 332.36 5 17 1
207 79.46 67.72 41.97 329.24 19 43 2
208 35.31 47.29 39.82 369.35 20 34 5
209 77.46 47.48 8.23 285.11 7 39 2
210 38.24 79.78 35.33 488.10 1 3 4
211 76.37 66.29 8.46 176.20 22 47 1
212 95.43 46.97 1.31 355.98 21 40 4
213 22.91 52.03 23.92 448.28 13 48 2
214 34.76 69.27 29.15 291.19 2 6 2
215 99.37 75.20 12.99 190.65 8 20 5
216 55.11 24.66 7.22 485.35 20 39 4
217 19.18 88.32 17.57 480.11 8 18 2
218 32.05 77.24 4.61 373.65 14 23 1
219 62.39 27.92 29.94 474.18 10 17 1
220 89.86 43.60 47.57 301.82 2 19 4
221 59.51 69.24 15.53 299.43 20 39 3
222 93.78 63.99 36.92 256.75 12 16 5
223 28.49 34.05 49.49 434.13 2 23 1
224 61.48 16.33 44.20 480.36 12 22 3
225 1.82 88.44 0.69 482.38 9 18 4
226 49.55 71.31 26.79 330.87 5 31 3
227 80.73 42.48 36.31 423.28 22 25 1
228 20.90 13.27 26.32 97.10 9 23 5
229 44.23 54.21 7.09 310.47 14 36 1
230 84.12 45.51 18.87 124.85 9 46 5
231 65.23 17.75 19.62 284.85 23 47 4
232 43.69 92.81 31.79 79.38 18 30 3
233 68.31 99.24 0.14 377.93 16 28 1
234 23.10 90.33 4.87 78.73 10 21 3
235 30.24 85.04 17.27 475.64 11 18 4
236 9.47 66.07 11.41 219.03 8 26 4
237 79.22 50.77 30.14 122.08 5 27 4
238 16.91 40.34 43.39 280.53 19 36 4
239 11.67 68.13 36.76 198.86 10 12 1
240 92.01 52.23 45.18 381.09 0 22 5
241 8.32 15.36 10.67 340.59 5 23 3
242 18.72 63.02 26.47 431.53 22 25 5
243 23.22 18.73 44.75 101.13 23 26 4
244 33.99 60.74 29.09 258.30 2 18 4
245 91.87 73.97 45.21 419.73 10 47 2
246 38.59 23.38 23.79 349.18 6 16 3
247 2.24 58.66 22.78 487.09 2 13 5
248 90.99 70.43 5.71 150.60 6 20 3
249 5.97 27.21 49.88 326.86 23 23 4
250 67.86 18.97 10.30 253.17 20 34 1
251 46.86 68.76 44.26 183.29 23 35 4
252 0.48 19.77 26.89 316.46 19 42 1
253 45.99 84.21 30.40 181.02 9 33 1
254 28.33 68.55 46.94 158.98 12 22 3
255 74.64 57.47 16.64 310.18 5 8 2
256 84.46 36.27 31.31 154.09 14 44 3
257 31.21 54.50 49.47 237.95 8 11 3
258 19.51 45.80 25.21 433.29 2 34 3
259 68.58 2.77 36.79 97.90 3 37 2
260 70.60 34.34 42.62 142.83 8 11 4
261 4.68 75.63 34.73 212.84 7 34 1
262 75.11 18.99 3.50 76.84 23 42 5
263 96.54 40.07 12.84 140.47 7 42 2
264 93.17 62.04 35.21 144.51 14 15 1
265 82.73 45.30 34.60 248.90 14 39 3
266 24.76 16.62 41.41 422.95 16 16 2
267 4.07 10.02 19.28 66.29 14 41 5
268 2.84 27.91 25.03 443.11 15 30 1
269 82.39 14.35 43.26 146.44 22 35 2
270 14.95 96.61 5.94 95.18 4 34 4
271 82.97 60.47 27.46 159.32 12 18 3
272 1.64 86.31 12.00 378.63 15 36 4
273 0.97 22.36 43.02 238.50 21 48 5
274 21.34 80.13 41.50 320.87 20 32 2
275 24.34 24.53 16.66 201.40 0 23 1
276 75.50 88.29 31.45 62.83 7 15 3
277 90.68 9.56 22.63 205.43 13 14 3
278 41.13 59.75 22.99 357.48 16 17 1
279 58.00 56.04 48.47 326.62 0 28 1
280 93.89 78.41 13.48 374.53 11 22 3
281 33.94 40.52 34.18 457.81 11 12 1
282 33.06 22.59 8.28 412.75 4 8 2
283 44.67 41.14 17.28 209.09 10 19 4
284 17.64 72.02 40.01 225.10 1 16 2
285 30.05 82.28 27.83 111.65 8 26 5
286 48.31 73.22 10.82 442.00 9 29 5
287 7.03 22.27 14.31 218.27 18 43 4
288 51.13 47.28 39.93 152.44 12 16 1
289 14.36 24.10 9.87 402.45 10 22 2
290 81.32 48.62 14.31 139.14 9 36 4
291 91.53 2.90 36.84 379.02 5 31 1
292 63.78 14.79 14.03 149.71 17 36 4
293 99.00 16.89 18.09 348.94 11 27 1
294 4.69 79.76 37.37 279.70 21 31 5
295 2.76 55.99 21.16 221.04 22 36 4
296 22.68 9.87 9.01 58.98 13 35 1
297 60.83 13.35 45.85 238.25 15 46 1
298 82.91 61.87 41.85 226.73 17 40 4
299 21.17 53.56 25.95 72.90 6 34 3
300 24.19 76.23 29.42 356.28 1 11 4
1 151.41 3997.94 1
2 199.86 4216.40 2
3 130.38 2605.14 3
4 165.41 4046.94 4
5 174.75 4469.74 5
6 127.72 4065.19 3
7 135.11 4026.11 2
8 185.43 4248.71 4
1 1.58 26.51 7
2 1.18 36.94 1
3 1.93 43.85 3
4 1.55 30.25 7
5 1.97 37.31 4
6 1.18 36.15 7
7 1.13 46.50 8
8 1.31 36.99 7
9 1.90 29.17 5
10 1.18 47.35 5
11 1.77 36.42 4
12 1.37 36.06 8
13 1.14 48.29 2
14 1.27 26.42 3
15 1.35 27.61 5
16 1.64 37.28 3
17 1.29 34.07 4
18 1.84 42.29 5
