Data for Vehicle routing problem with drones - Author: Huyen Do Thi Ngoc
Number of depots: 4
Number of cities: 200
Number of trucks: 7
Number of drones: 8
Area: 100 100 50
Customer maximum demand: 500
Max capacity of truck: 200
Max energy of truck: 5000
Max capacity of drone: 2
Max energy of drone: 50
1 96.29 28.76 18.83
2 77.40 54.94 40.14
3 80.12 25.91 29.07
4 94.03 35.46 7.89
1 71.23 75.45 35.76 252.68 9 42 2
2 59.67 69.08 13.74 356.83 1 14 4
3 50.47 54.92 49.15 238.25 15 17 2
4 42.57 10.48 42.23 327.65 4 8 4
5 8.36 28.78 6.63 442.44 24 34 3
6 92.13 59.59 36.46 358.79 21 22 3
7 58.08 36.04 32.55 182.86 17 21 1
8 80.34 95.06 42.29 496.54 9 38 3
9 13.14 55.79 36.48 106.17 9 46 3
10 72.69 66.22 1.13 182.70 23 44 4
11 71.20 15.57 11.46 451.90 12 36 4
12 41.88 84.76 19.09 304.25 4 11 1
13 49.93 66.36 21.04 145.07 15 39 1
14 19.35 77.46 15.16 318.95 19 30 1
15 3.31 95.26 49.40 240.66 17 19 2
16 28.77 31.72 13.43 159.59 15 31 3
17 32.12 47.46 32.27 406.31 15 24 3
18 85.21 37.98 25.43 135.22 14 34 2
19 45.23 38.58 39.76 63.04 2 43 2
20 82.10 76.53 39.65 62.19 16 26 1
21 92.47 81.51 27.57 124.17 8 29 3
22 63.94 13.74 43.15 145.72 17 43 2
23 13.11 66.84 38.52 205.68 12 47 3
24 52.20 4.42 7.52 167.14 18 18 2
25 45.01 23.70 6.30 115.83 19 32 3
26 30.88 53.28 9.70 408.55 7 15 2
27 12.41 81.22 2.14 481.14 0 34 4
28 61.89 6.35 42.79 98.24 13 40 1
29 76.22 94.20 40.95 184.94 23 40 2
30 1.17 76.28 33.02 343.12 10 43 1
31 23.95 56.66 10.45 309.80 13 26 3
32 1.61 72.03 5.84 180.45 23 24 3
33 98.81 6.88 0.01 216.65 7 42 3
34 14.17 79.32 6.66 221.48 15 22 1
35 86.67 35.12 14.88 346.23 0 45 2
36 61.57 82.38 30.18 406.77 4 47 1
37 77.35 42.77 25.19 197.59 24 39 3
38 28.95 56.83 45.20 295.74 4 40 2
39 20.50 76.49 23.97 241.89 18 25 1
40 25.31 71.08 6.60 429.15 2 23 2
41 3.54 60.25 47.08 270.01 18 30 3
42 55.93 82.24 20.77 218.92 14 35 2
43 20.84 14.61 2.08 103.67 20 22 4
44 54.27 67.37 47.19 122.27 18 41 4
45 92.34 66.54 24.26 356.47 1 46 1
46 17.09 30.40 6.88 318.06 7 12 3
47 55.01 33.18 3.88 263.39 2 16 1
48 98.98 11.20 45.46 412.80 10 40 2
49 81.46 60.16 22.72 363.77 4 25 4
50 72.51 65.09 21.31 83.05 1 43 2
51 25.51 12.86 41.00 465.87 10 28 3
52 25.03 84.47 19.26 162.81 22 37 2
53 8.16 30.65 29.71 407.30 0 36 3
54 93.13 18.71 10.74 384.98 20 32 3
55 71.62 20.25 4.87 254.24 20 25 3
56 73.16 62.39 19.79 482.26 12 45 2
57 98.54 93.79 33.57 452.90 20 40 2
58 12.71 61.48 32.91 390.53 9 19 4
59 94.86 96.91 2.98 195.96 16 26 1
60 14.22 49.64 40.68 217.15 24 27 4
61 16.78 95.04 43.36 181.47 21 34 1
62 26.11 93.85 16.56 317.50 0 23 4
63 76.17 22.00 20.02 271.69 13 23 3
64 8.84 84.36 14.44 271.11 23 46 3
65 93.78 80.33 19.20 446.57 24 47 2
66 46.11 37.14 14.47 315.31 24 47 3
67 78.32 58.24 9.49 390.34 2 12 2
68 27.92 89.82 16.97 122.15 15 48 2
69 97.56 28.98 22.28 299.97 18 41 1
70 65.87 49.64 33.36 334.61 1 10 3
71 98.70 78.89 21.30 53.17 12 40 4
72 34.79 85.02 39.43 383.15 20 34 2
73 52.45 69.15 12.89 52.37 11 37 2
74 36.03 17.83 19.10 431.44 22 24 2
75 44.03 62.62 28.82 456.19 24 28 4
76 5.45 80.15 7.26 182.88 14 26 4
77 44.82 88.81 46.21 398.57 18 28 3
78 96.95 14.23 10.58 243.98 0 23 3
79 43.75 78.29 15.69 152.61 11 32 3
80 40.77 64.35 16.27 333.61 11 29 3
81 80.38 30.91 33.84 258.60 19 22 4
82 29.30 57.18 21.44 448.76 21 26 4
83 81.53 54.11 12.38 190.60 14 21 4
84 47.85 42.19 30.28 483.83 14 18 2
85 54.50 66.97 28.46 262.60 13 13 3
86 17.35 53.40 43.43 71.73 0 26 3
87 82.27 7.86 43.51 452.43 6 37 3
88 66.20 99.98 11.68 267.01 18 42 1
89 49.76 47.67 18.87 233.01 0 37 4
90 47.70 22.31 10.79 452.83 8 28 4
91 6.00 56.20 11.46 175.71 14 18 1
92 80.58 51.41 14.86 136.00 18 18 1
93 19.74 4.70 7.22 108.26 0 46 3
94 79.82 52.90 39.04 328.97 18 26 3
95 98.68 39.63 48.07 430.76 18 36 3
96 72.30 92.37 40.98 66.51 11 23 4
97 92.55 96.59 22.13 314.01 5 10 3
98 47.25 69.95 0.67 412.23 14 30 4
99 91.55 5.68 7.26 234.66 23 34 3
100 9.77 2.67 26.57 397.76 7 25 4
101 1.84 61.31 17.98 494.63 11 37 1
102 95.58 55.21 31.51 232.47 5 12 3
103 4.68 34.23 30.27 55.98 14 29 1
104 74.44 79.73 30.29 473.19 22 41 2
105 63.93 36.18 2.91 81.38 11 15 1
106 0.57 14.56 39.53 65.35 10 33 2
107 52.16 0.71 11.35 171.80 24 38 1
108 79.09 50.61 11.21 275.33 2 25 2
109 6.31 26.10 28.92 253.49 19 36 2
110 95.41 72.92 13.31 216.75 22 46 2
111 98.51 85.64 39.30 339.60 19 28 1
112 43.89 66.59 27.68 446.76 11 28 4
113 15.50 18.67 35.11 65.87 20 26 2
114 65.76 32.53 35.44 397.81 19 30 3
115 38.53 87.12 26.66 392.14 4 47 1
116 18.53 96.40 44.05 369.31 0 41 4
117 77.33 22.61 16.69 415.54 17 28 1
118 25.50 26.37 47.61 106.09 24 24 3
119 77.58 35.46 3.65 206.20 19 42 4
120 2.34 8.96 40.69 218.29 3 17 2
121 79.63 75.10 7.18 168.61 1 40 4
122 77.73 32.92 31.79 104.16 8 9 2
123 77.05 51.94 6.66 388.72 5 16 1
124 53.54 1.40 35.26 100.10 22 44 4
125 56.47 95.37 27.83 417.91 10 21 1
126 57.76 45.45 18.37 87.75 14 31 4
127 59.12 86.01 19.33 174.63 0 5 3
128 44.04 58.35 28.07 485.65 21 36 4
129 25.08 82.67 9.98 243.78 9 43 4
130 49.58 70.53 4.24 65.83 18 46 3
131 47.65 76.87 34.25 104.45 14 30 2
132 62.11 19.92 48.66 250.84 19 27 3
133 76.02 28.78 25.90 168.14 15 23 1
134 71.64 14.55 13.50 372.74 13 43 3
135 51.75 94.07 4.77 438.15 13 45 1
136 99.08 44.10 10.09 339.64 13 48 2
137 68.16 94.99 13.31 101.92 23 43 3
138 15.84 69.67 33.99 179.05 22 33 2
139 7.92 23.50 41.10 51.87 16 38 2
140 91.01 21.21 8.10 384.37 11 12 4
141 77.00 70.28 26.14 432.02 19 34 2
142 95.43 46.82 25.75 452.20 9 39 2
143 94.27 32.55 13.39 153.36 19 40 4
144 3.97 46.51 29.72 305.26 17 44 1
145 22.30 71.33 27.98 90.03 19 28 2
146 47.70 29.91 13.17 226.44 24 46 1
147 24.85 48.42 27.14 241.19 22 33 3
148 71.33 97.14 15.98 85.33 13 43 4
149 30.27 23.88 15.37 104.85 8 19 4
150 74.78 8.11 37.01 283.30 6 9 1
151 29.06 70.92 49.06 56.95 16 24 2
152 54.58 12.10 17.46 484.06 5 22 4
153 4.26 21.91 11.25 302.55 21 21 2
154 0.54 3.96 16.90 173.38 23 46 1
155 69.48 74.55 11.52 109.72 17 42 3
156 6.10 10.80 12.98 285.37 16 39 1
157 41.14 58.23 14.33 92.44 0 32 3
158 91.51 70.47 40.50 324.59 17 41 1
159 16.07 11.97 42.96 265.65 10 21 1
160 56.73 13.01 20.59 334.16 7 19 1
161 79.93 88.06 33.07 386.05 9 22 1
162 12.05 96.17 5.32 202.14 16 28 4
163 59.33 24.53 43.83 123.16 1 42 3
164 58.87 1.51 29.17 145.88 9 47 4
165 67.11 39.25 27.07 466.38 7 20 3
166 61.98 56.72 25.89 54.48 12 40 3
167 57.31 93.28 20.74 246.22 14 36 2
168 92.58 51.90 31.49 444.74 1 43 2
169 95.96 14.45 38.34 294.55 0 34 2
170 51.86 19.15 23.69 472.36 7 33 4
171 29.21 51.73 6.46 397.39 19 45 2
172 53.64 5.05 0.20 364.31 4 41 3
173 78.54 61.54 27.84 163.56 1 39 4
174 40.11 83.13 25.48 69.82 20 26 2
175 32.90 76.12 21.60 336.19 11 25 1
176 45.75 27.49 48.02 356.47 13 17 4
177 29.15 42.67 6.43 146.62 3 12 4
178 48.18 0.99 5.80 482.19 0 48 3
179 39.25 74.35 21.42 450.90 11 24 2
180 76.51 84.11 44.25 72.72 0 34 1
181 67.13 80.12 47.01 344.65 2 35 2
182 67.53 97.96 18.25 480.58 16 26 1
183 57.90 70.99 13.07 54.39 21 21 2
184 20.71 30.81 48.47 170.47 21 45 3
185 33.30 30.21 15.23 324.05 22 29 4
186 62.78 11.62 2.71 454.64 7 42 2
187 15.66 8.90 43.67 411.87 4 27 2
188 61.77 53.43 19.12 452.73 18 39 3
189 40.69 80.34 0.48 345.69 2 36 3
190 54.81 48.82 37.56 237.52 3 20 4
191 58.98 36.13 26.68 91.23 5 35 2
192 70.90 29.08 39.20 274.68 24 29 1
193 19.30 13.73 6.84 484.41 20 34 2
194 7.56 23.82 46.13 397.34 6 24 1
195 8.68 15.33 2.95 474.16 20 48 3
196 86.27 82.15 28.12 57.48 7 48 3
197 4.12 68.63 18.57 143.19 5 15 4
198 48.67 60.34 10.11 430.74 19 47 1
199 10.97 80.94 41.38 113.19 5 47 3
200 10.45 96.42 2.48 56.23 10 17 3
1 124.79 4282.39 1
2 190.40 4052.93 2
3 107.97 2856.06 3
4 177.02 3645.07 4
5 193.03 2715.69 3
6 172.21 3658.19 3
7 124.79 3723.80 4
1 1.85 32.97 2
2 1.36 30.35 6
3 1.92 44.11 7
4 1.76 47.93 4
5 1.44 37.08 2
6 1.55 25.07 5
7 1.92 49.68 5
8 1.49 25.13 5
