Data for Vehicle routing problem with drones - Author: Huyen Do Thi Ngoc
Number of depots: 4
Number of cities: 300
Number of trucks: 9
Number of drones: 10
Area: 100 100 50
Customer maximum demand: 500
Max capacity of truck: 200
Max energy of truck: 5000
Max capacity of drone: 2
Max energy of drone: 50
1 57.13 6.92 11.70
2 13.89 48.74 48.86
3 19.08 96.90 38.57
4 38.27 2.92 6.07
1 90.76 79.71 23.50 240.44 15 36 2
2 71.94 66.89 31.04 357.85 19 32 1
3 13.79 31.57 28.65 291.26 15 47 1
4 41.32 89.10 2.57 379.56 5 30 2
5 75.18 61.71 15.99 159.40 11 27 3
6 63.54 70.61 38.39 306.00 23 40 4
7 61.93 41.31 38.49 294.91 20 26 1
8 28.17 21.24 8.28 173.10 10 14 3
9 11.81 58.28 24.97 426.63 16 37 4
10 59.70 97.94 26.99 428.22 16 22 4
11 37.87 80.13 44.94 306.46 20 32 3
12 11.95 47.36 47.88 180.08 16 19 3
13 16.74 34.66 22.22 131.24 8 11 1
14 47.36 22.37 8.59 203.06 16 24 2
15 56.04 4.90 39.18 430.92 10 24 1
16 29.61 15.29 8.61 442.71 2 48 3
17 26.10 64.79 5.63 310.74 11 31 3
18 97.26 10.13 40.78 298.68 7 8 3
19 3.57 98.96 21.37 243.01 5 31 4
20 54.10 86.79 45.00 371.21 24 36 2
21 54.57 14.69 1.94 246.15 6 47 3
22 78.06 93.60 31.01 223.87 21 22 2
23 40.29 97.28 1.31 462.00 2 45 3
24 81.04 78.78 31.25 378.15 16 44 4
25 5.90 93.02 34.47 79.52 4 27 4
26 29.64 98.35 31.74 345.02 16 20 1
27 27.47 99.64 39.89 75.24 19 37 2
28 63.43 51.31 43.27 434.70 16 38 2
29 50.86 58.74 47.18 363.85 20 35 1
30 70.40 74.95 26.62 377.48 14 47 2
31 92.85 29.22 13.93 132.06 8 22 1
32 50.12 25.36 19.09 198.00 15 19 2
33 82.90 54.34 22.81 477.98 17 41 1
34 87.66 81.83 4.61 219.13 15 20 1
35 26.13 97.77 40.13 124.99 7 24 2
36 71.93 79.57 36.41 300.25 2 27 3
37 13.31 47.55 26.92 152.33 8 17 3
38 84.69 99.57 49.27 363.21 7 31 2
39 87.99 72.73 40.02 160.99 2 38 1
40 76.87 41.99 48.85 209.76 7 24 2
41 47.79 84.98 33.27 333.10 23 46 3
42 38.50 48.26 43.36 424.82 10 20 3
43 66.00 89.97 2.77 488.60 5 45 4
44 71.49 26.40 37.63 285.49 0 20 1
45 53.19 85.13 6.32 315.73 3 39 2
46 57.89 73.85 18.41 67.67 2 37 4
47 31.36 19.43 42.13 83.79 10 38 4
48 87.73 96.52 6.35 132.40 3 7 1
49 84.80 62.87 8.16 224.42 10 39 2
50 86.89 41.39 0.44 430.75 18 44 2
51 48.90 44.63 47.46 115.42 14 33 1
52 56.36 87.66 11.45 171.81 22 39 2
53 67.35 66.06 29.25 210.97 7 36 4
54 41.76 36.65 39.92 84.94 0 37 4
55 10.12 44.92 38.88 257.48 13 47 1
56 34.34 8.31 33.11 249.20 3 4 3
57 40.90 28.59 12.46 71.33 13 15 2
58 56.83 24.51 0.84 205.43 24 34 1
59 11.82 76.23 43.46 50.72 11 36 1
60 90.30 73.81 1.46 399.22 1 33 4
61 5.55 36.44 30.40 282.19 13 28 4
62 24.67 37.77 31.61 349.54 10 37 3
63 22.99 31.79 30.02 469.92 16 48 1
64 50.29 31.95 41.55 164.06 14 15 2
65 97.53 58.39 16.38 243.80 18 38 1
66 73.42 72.89 13.84 172.96 16 32 3
67 17.55 49.24 37.67 152.95 4 43 3
68 97.47 22.64 39.87 290.67 19 39 4
69 62.32 50.34 14.63 72.20 4 43 1
70 35.55 46.01 35.34 416.22 12 14 3
71 75.12 22.38 21.26 183.87 3 35 2
72 62.02 2.67 42.67 221.64 23 28 2
73 20.22 47.66 22.16 432.72 21 45 2
74 87.07 5.25 25.55 474.07 22 41 2
75 6.24 62.92 16.16 441.30 16 30 1
76 23.85 71.39 26.38 362.88 20 29 3
77 99.84 15.96 18.78 388.87 11 45 1
78 8.19 9.11 34.34 388.88 7 10 4
79 59.70 97.39 15.15 130.73 13 14 3
80 88.40 63.37 8.94 377.93 6 18 3
81 50.44 15.02 4.75 146.01 2 13 2
82 51.54 53.84 34.84 403.33 23 46 2
83 53.02 51.65 8.39 375.07 3 9 1
84 84.56 60.46 41.82 98.89 21 29 3
85 27.38 73.36 33.22 350.99 15 19 3
86 73.69 38.16 40.13 180.27 19 31 1
87 21.02 7.40 38.04 416.48 23 38 1
88 59.39 75.05 22.33 406.83 20 42 2
89 60.61 84.52 28.93 119.37 23 41 2
90 99.72 67.01 22.14 244.96 22 25 3
91 16.18 29.55 41.67 54.71 16 16 1
92 56.26 77.84 8.07 121.87 0 23 2
93 16.23 96.58 30.58 482.13 23 36 3
94 87.69 34.77 3.67 482.77 1 26 3
95 96.19 56.01 43.22 230.53 13 45 2
96 4.42 2.35 3.62 164.33 0 23 4
97 62.22 71.48 10.90 99.99 1 16 4
98 84.64 37.87 46.55 276.18 4 35 4
99 12.97 87.86 10.75 167.69 20 30 2
100 35.57 54.14 46.36 330.85 0 26 4
101 60.00 17.61 49.48 334.31 14 48 1
102 12.08 10.09 32.41 230.68 5 13 2
103 93.39 22.81 1.76 281.12 7 42 3
104 33.68 95.50 18.11 237.47 14 29 2
105 37.40 74.76 18.03 111.22 6 37 1
106 91.09 45.45 45.28 460.13 6 6 1
107 65.16 18.48 1.71 256.18 3 7 2
108 95.52 35.48 16.34 104.19 12 39 1
109 32.88 84.17 27.94 322.34 24 47 2
110 73.94 1.15 19.55 241.92 24 25 3
111 95.83 56.22 40.53 220.22 4 31 3
112 86.74 89.23 10.94 52.18 4 44 1
113 80.98 82.03 46.58 340.43 14 17 1
114 5.23 45.23 38.91 281.51 13 21 3
115 96.16 52.57 4.90 492.61 24 30 1
116 1.91 78.28 13.45 114.82 22 26 4
117 12.29 17.26 49.10 362.81 12 45 3
118 40.63 87.06 42.81 97.65 2 36 3
119 15.28 52.33 38.48 54.57 12 43 1
120 29.53 78.17 9.62 409.05 7 42 4
121 71.08 64.07 44.81 329.68 15 35 4
122 27.86 42.82 13.52 473.98 20 28 3
123 41.57 60.46 4.74 414.41 19 33 2
124 10.98 56.51 37.24 377.84 9 43 4
125 89.82 67.74 44.31 477.09 19 34 2
126 10.61 79.10 46.65 404.02 3 14 4
127 40.06 2.31 11.75 257.63 10 17 1
128 63.68 81.63 10.85 476.04 8 47 1
129 92.98 34.95 44.81 498.25 23 33 2
130 97.11 53.10 48.14 312.65 1 34 1
131 99.87 75.36 36.45 467.48 17 31 4
132 14.87 22.69 47.40 317.81 4 36 1
133 40.11 44.16 27.96 293.15 3 24 1
134 34.74 21.06 0.74 399.13 7 28 2
135 26.89 7.00 1.33 288.58 23 38 3
136 62.02 47.28 26.59 63.73 10 23 2
137 86.04 37.98 46.60 58.64 9 25 3
138 81.01 4.69 37.60 389.58 14 44 1
139 36.96 18.60 19.58 346.30 24 48 4
140 38.49 59.56 20.89 233.38 5 7 4
141 42.40 29.61 18.33 446.72 14 20 2
142 4.61 0.72 8.70 368.66 15 21 3
143 83.70 90.54 4.33 96.95 6 31 4
144 0.95 49.62 20.70 222.69 14 18 3
145 99.93 30.15 48.84 412.05 16 40 4
146 80.66 36.23 8.18 384.91 13 21 4
147 96.64 31.32 33.71 218.65 1 7 2
148 5.01 6.68 17.90 402.23 21 25 2
149 25.91 76.84 36.27 119.40 14 38 2
150 34.63 66.69 25.38 404.32 11 35 3
151 46.33 10.27 19.94 369.33 12 45 2
152 66.41 53.94 28.80 104.01 16 32 4
153 73.88 47.57 15.89 343.80 9 28 3
154 49.61 2.87 24.21 168.20 3 21 4
155 31.07 8.21 34.94 145.29 16 17 1
156 56.26 26.98 10.94 436.38 23 41 4
157 13.38 68.86 42.63 87.37 20 31 1
158 44.29 2.71 30.23 237.25 16 16 2
159 99.56 96.39 3.75 380.65 12 23 2
160 21.63 21.39 46.44 429.58 8 33 1
161 39.93 27.04 17.28 101.73 21 22 1
162 73.81 55.63 45.75 85.95 0 34 3
163 34.46 51.31 25.82 291.06 1 13 2
164 14.61 69.66 31.18 389.18 19 23 3
165 75.57 95.12 8.79 430.41 7 20 1
166 48.47 44.55 7.54 214.84 2 48 1
167 68.98 18.81 42.92 151.09 0 35 1
168 49.71 20.63 5.54 430.75 20 22 1
169 13.98 62.19 36.19 85.24 1 28 3
170 67.33 80.16 45.32 185.13 4 26 4
171 10.13 55.02 48.92 264.38 8 13 4
172 63.22 26.27 3.44 258.05 11 37 4
173 33.59 94.08 46.00 120.10 22 32 3
174 58.61 95.97 5.95 314.50 4 34 4
175 67.63 38.52 19.31 130.01 4 30 3
176 40.43 45.56 39.57 59.42 18 27 4
177 89.50 83.09 41.90 287.26 22 27 2
178 16.17 11.34 23.95 56.83 22 30 1
179 51.28 75.23 37.11 304.76 5 40 3
180 24.83 39.11 46.27 402.81 18 22 4
181 15.57 30.37 13.32 374.06 1 26 2
182 11.15 81.06 27.55 132.61 18 46 1
183 34.26 78.80 7.29 164.23 5 27 3
184 98.71 53.89 5.72 161.48 8 24 1
185 88.10 90.10 39.09 122.71 18 30 2
186 89.83 18.52 30.87 91.07 20 23 3
187 61.29 62.76 19.38 376.33 8 8 2
188 91.98 54.70 23.89 90.66 6 35 2
189 8.37 55.30 7.34 175.87 22 26 4
190 17.89 68.74 8.90 423.45 7 8 2
191 35.06 46.01 47.65 449.69 1 10 2
192 88.78 99.94 1.28 237.22 9 24 1
193 63.44 7.27 48.82 132.81 17 38 1
194 64.66 73.11 22.14 261.47 23 35 4
195 72.45 43.24 20.24 68.64 0 41 3
196 33.03 24.97 33.89 188.35 3 32 2
197 39.54 70.96 3.23 404.78 18 34 3
198 24.87 20.09 29.25 437.54 8 32 1
199 22.35 61.35 19.85 162.90 17 31 2
200 54.04 9.83 36.77 471.40 13 44 2
201 16.00 13.75 32.26 321.89 14 26 2
202 87.96 95.82 8.63 182.50 11 19 2
203 75.27 36.19 2.93 472.84 24 31 4
204 47.63 76.60 26.82 258.80 15 21 4
205 5.21 16.16 9.40 474.67 11 26 3
206 12.77 60.21 30.96 326.90 9 32 1
207 79.76 18.60 16.12 475.23 20 32 3
208 14.23 96.55 37.63 175.37 18 30 1
209 62.73 91.37 37.20 452.97 17 21 3
210 22.62 50.98 21.83 464.28 3 46 4
211 17.40 55.93 41.54 305.37 0 47 4
212 1.02 36.60 47.09 315.47 23 27 4
213 73.52 79.08 11.58 365.71 10 21 1
214 83.35 51.71 38.07 239.99 9 22 4
215 0.85 91.50 35.41 64.64 4 33 2
216 60.55 19.85 45.13 230.96 16 25 1
217 46.58 0.94 0.94 495.23 14 25 3
218 40.83 79.36 32.62 296.28 21 21 3
219 71.34 68.42 2.15 345.45 7 45 1
220 88.64 44.28 36.16 98.25 9 27 3
221 96.86 2.85 7.58 117.48 5 28 4
222 25.79 7.01 47.75 355.50 20 25 3
223 71.68 96.67 1.05 287.55 21 43 4
224 5.44 6.37 15.21 495.22 1 41 4
225 35.86 72.97 9.13 436.86 5 18 2
226 95.59 62.94 12.75 184.96 12 48 2
227 52.48 68.25 45.52 200.59 19 25 1
228 29.81 9.91 23.33 176.71 4 36 2
229 31.83 37.36 39.75 470.87 4 5 2
230 31.17 52.87 22.63 470.76 15 46 3
231 83.52 47.39 20.07 65.18 9 41 2
232 86.89 39.31 41.11 397.27 24 36 2
233 90.02 83.11 7.47 194.56 0 5 3
234 95.51 40.71 18.89 409.61 13 30 1
235 35.61 51.70 41.62 364.80 0 48 3
236 17.28 74.15 18.77 50.44 0 27 2
237 44.23 74.26 12.22 234.66 8 36 4
238 87.54 26.74 14.28 78.62 4 10 4
239 65.11 68.45 5.58 151.50 4 27 4
240 73.76 0.76 11.71 271.87 22 41 2
241 92.33 17.86 26.40 263.76 5 8 1
242 2.58 63.13 43.94 306.96 2 15 2
243 28.19 96.31 24.84 196.49 0 20 4
244 47.08 81.08 7.81 295.27 3 11 3
245 4.45 84.28 37.46 339.96 1 40 2
246 89.43 88.08 5.71 177.58 10 44 4
247 36.41 36.08 29.88 499.03 1 24 4
248 79.57 81.38 33.07 492.38 1 43 4
249 74.81 47.74 45.23 353.28 3 29 2
250 61.34 29.41 46.14 135.26 21 32 4
251 11.74 24.38 10.34 303.83 15 46 3
252 41.64 87.56 48.10 113.40 9 41 4
253 36.77 30.56 13.01 413.20 10 48 1
254 33.47 64.76 19.32 148.57 3 44 3
255 2.08 45.76 34.65 115.41 20 24 1
256 29.25 33.46 36.57 377.42 15 15 2
257 43.61 75.11 31.01 361.43 0 44 1
258 86.18 84.84 14.78 364.05 12 23 2
259 53.39 65.52 25.60 274.77 11 37 3
260 37.57 34.61 26.87 73.12 8 33 4
261 77.48 48.57 34.18 352.54 2 44 2
262 89.28 38.78 36.53 207.17 23 46 3
263 11.47 86.27 34.92 302.55 13 13 3
264 66.95 82.14 5.90 249.52 5 19 2
265 0.83 56.81 18.09 232.70 1 45 1
266 94.88 63.69 31.52 399.77 14 17 2
267 98.72 10.28 13.17 145.02 24 37 1
268 80.17 97.54 15.19 85.39 8 29 4
269 39.20 21.15 21.62 239.63 9 29 3
270 38.63 80.63 29.14 425.67 13 33 3
271 71.89 49.03 5.39 350.97 4 43 2
272 62.80 77.90 43.38 60.87 24 32 3
273 25.16 18.11 27.82 97.39 17 35 4
274 76.10 48.39 36.29 449.20 20 29 4
275 77.17 38.71 34.35 169.63 3 42 3
276 51.71 13.16 5.17 124.92 19 42 3
277 48.89 97.22 5.84 262.97 0 42 3
278 85.82 60.68 49.70 418.44 23 26 2
279 84.21 51.05 27.05 387.80 13 22 2
280 46.92 72.01 19.28 448.51 13 16 3
281 70.19 11.57 27.63 326.77 19 32 1
282 83.75 90.11 25.60 452.33 7 21 1
283 85.41 67.62 2.53 248.90 3 35 1
284 39.85 95.23 18.18 98.99 18 30 1
285 4.38 15.91 45.05 370.74 13 23 1
286 94.06 46.04 45.20 275.31 15 25 4
287 99.27 16.17 45.86 132.40 2 14 4
288 22.13 63.06 8.84 93.25 19 48 3
289 30.13 21.78 43.55 402.17 23 42 3
290 67.60 52.99 41.90 107.83 24 33 2
291 58.73 57.43 9.86 209.31 12 41 3
292 90.49 62.60 5.26 109.02 19 41 2
293 38.99 45.20 18.35 271.10 24 31 2
294 1.55 73.89 30.03 97.59 10 31 1
295 0.66 91.57 4.93 63.19 8 35 4
296 6.06 30.83 10.64 186.40 22 48 1
297 74.40 48.86 41.78 477.54 23 29 4
298 58.93 20.95 5.72 52.98 8 16 1
299 47.73 36.76 35.20 233.91 3 11 3
300 69.23 68.65 25.77 165.67 13 40 4
1 192.46 4448.98 1
2 107.18 4394.99 2
3 101.78 3414.23 3
4 120.32 4808.93 4
5 180.86 4212.02 3
6 170.83 3486.72 1
7 129.71 4342.77 4
8 153.41 3586.21 3
9 114.29 3471.12 4
1 1.04 28.34 6
2 1.28 35.50 9
3 1.68 26.93 3
4 1.27 29.03 4
5 2.00 47.36 1
6 1.93 26.04 8
7 1.05 30.17 7
8 1.71 49.79 3
9 1.32 26.28 5
10 1.44 45.27 7
