Data for Vehicle routing problem with drones - Author: Huyen Do Thi Ngoc
Number of depots: 3
Number of cities: 100
Number of trucks: 5
Number of drones: 10
Area: 100 100 50
Customer maximum demand: 500
Max capacity of truck: 200
Max energy of truck: 5000
Max capacity of drone: 2
Max energy of drone: 50
1 0.84 33.13 21.54
2 44.68 39.57 16.40
3 40.22 63.71 42.36
1 79.98 12.80 49.58 308.44 17 28 3
2 40.52 89.23 29.28 95.73 1 2 1
3 41.79 83.49 4.63 353.27 18 37 1
4 42.84 0.98 46.11 411.85 4 28 1
5 25.55 14.58 49.49 338.36 0 30 3
6 14.07 70.46 2.43 417.44 7 40 2
7 87.52 21.19 15.89 244.51 9 21 3
8 49.93 83.95 23.82 237.48 18 28 2
9 99.35 2.67 43.46 196.14 12 43 2
10 80.85 17.78 31.19 205.84 13 38 3
11 68.03 35.97 9.09 382.01 17 26 2
12 55.45 38.66 24.41 407.33 5 28 1
13 77.83 75.79 22.54 307.04 3 37 1
14 66.56 16.13 37.41 52.34 24 26 3
15 86.56 16.64 34.29 181.11 10 23 3
16 87.37 80.67 9.54 192.85 2 31 3
17 3.52 35.35 5.87 337.31 4 44 2
18 46.93 96.30 20.82 308.95 2 15 3
19 99.18 42.74 44.48 264.08 8 11 1
20 63.45 79.26 16.88 129.02 14 39 3
21 23.08 19.60 2.19 480.95 19 46 2
22 11.77 48.00 0.37 101.65 12 20 1
23 9.41 16.53 34.46 397.05 17 29 2
24 17.79 77.17 43.53 272.18 12 26 2
25 36.49 61.88 27.35 475.43 10 16 1
26 4.40 30.58 17.68 209.78 11 16 3
27 78.93 88.85 26.84 85.40 17 33 2
28 90.23 9.41 47.53 495.30 8 39 2
29 50.08 95.54 43.40 221.65 12 38 1
30 21.09 35.06 35.84 305.81 1 5 2
31 74.57 72.99 22.09 443.10 13 17 3
32 35.65 19.57 10.79 88.66 19 36 2
33 44.55 18.09 18.93 369.75 3 43 1
34 46.66 92.17 17.43 444.54 18 27 2
35 79.07 30.57 29.77 462.41 3 23 3
36 29.99 60.79 43.90 373.29 10 10 2
37 71.29 76.78 1.89 75.69 7 39 1
38 61.24 92.85 46.34 76.96 9 40 1
39 76.38 86.42 41.57 248.49 2 2 3
40 2.10 84.39 12.81 182.23 0 35 1
41 73.15 10.95 42.81 393.31 0 8 3
42 92.03 10.65 17.93 397.33 18 26 2
43 43.40 58.24 23.66 470.14 18 39 1
44 51.05 4.17 13.39 436.10 18 48 2
45 11.24 64.99 31.71 498.53 21 27 1
46 68.91 19.50 42.78 452.83 9 13 2
47 10.23 88.00 28.06 114.90 3 39 1
48 81.58 42.50 34.20 386.49 11 31 1
49 80.42 35.76 38.15 278.54 19 21 3
50 71.41 16.66 16.62 199.67 24 41 2
51 22.56 30.46 11.98 180.99 0 33 2
52 96.33 53.68 27.04 215.83 0 36 1
53 27.09 47.55 4.04 471.91 23 48 1
54 70.97 55.87 29.75 352.94 5 30 2
55 54.59 77.64 31.11 146.91 10 40 3
56 47.19 91.63 18.64 216.49 20 43 1
57 84.35 34.49 11.37 201.24 23 24 1
58 33.98 52.63 7.53 402.53 18 36 2
59 77.60 21.59 48.39 213.86 2 33 3
60 8.59 51.45 11.35 305.50 22 22 1
61 11.21 32.06 20.29 274.09 14 17 3
62 34.72 63.65 22.35 89.04 3 7 1
63 5.19 98.60 28.87 388.02 4 27 2
64 11.37 74.17 42.70 485.05 23 27 1
65 64.48 4.62 31.58 385.86 13 30 1
66 98.98 82.82 17.37 402.34 5 46 3
67 78.91 91.56 13.33 191.53 4 4 1
68 97.06 55.74 17.45 235.53 14 16 2
69 56.30 24.37 43.29 169.91 23 25 1
70 99.47 5.97 33.90 263.96 3 38 2
71 61.23 41.45 45.74 382.19 18 37 3
72 72.30 32.25 17.13 54.14 1 18 2
73 43.19 0.04 0.51 54.01 15 41 3
74 13.32 54.41 37.48 216.32 17 37 2
75 61.62 56.12 44.12 320.14 24 48 3
76 28.55 18.75 15.19 208.97 8 23 3
77 77.36 83.23 25.09 487.55 22 37 3
78 54.68 39.82 35.26 309.57 14 19 3
79 10.74 40.67 39.43 444.57 13 19 3
80 67.17 71.98 22.39 188.14 19 48 2
81 1.72 23.58 44.65 392.39 11 16 2
82 18.74 78.86 26.89 326.02 9 18 2
83 99.73 23.40 3.74 217.80 16 20 3
84 76.84 37.69 21.85 93.60 24 28 1
85 26.59 63.60 22.57 433.58 15 27 3
86 63.21 96.59 10.46 459.26 20 29 3
87 20.96 52.81 14.32 336.88 18 21 1
88 49.30 36.30 13.45 445.90 18 19 1
89 37.25 1.72 10.18 145.98 13 21 1
90 29.40 73.36 23.83 209.85 9 48 2
91 34.68 70.95 1.75 101.01 12 32 2
92 61.17 88.71 19.87 386.87 3 41 1
93 11.02 6.69 31.33 149.11 10 41 3
94 61.13 76.65 18.04 425.51 20 26 3
95 51.37 11.50 11.93 428.55 0 18 2
96 55.52 60.87 4.93 53.52 4 21 3
97 15.78 26.16 44.79 159.67 14 26 2
98 29.48 1.51 43.34 375.57 14 30 3
99 26.62 32.22 49.13 53.80 24 39 1
100 76.66 43.48 20.93 211.04 8 16 3
1 135.86 4241.52 1
2 159.62 3983.13 2
3 192.89 2598.20 3
4 149.47 4674.70 3
5 161.27 2769.32 3
1 1.62 42.77 5
2 1.81 30.68 1
3 1.95 49.42 1
4 1.95 41.56 1
5 1.65 28.32 5
6 1.64 39.26 3
7 1.03 48.50 4
8 1.55 40.71 2
9 1.11 32.66 1
10 1.99 31.20 2
