Data for Vehicle routing problem with drones - Author: Huyen Do Thi Ngoc
Number of depots: 5
Number of cities: 200
Number of trucks: 9
Number of drones: 17
Area: 100 100 50
Customer maximum demand: 500
Max capacity of truck: 200
Max energy of truck: 5000
Max capacity of drone: 2
Max energy of drone: 50
1 49.26 97.66 33.99
2 81.81 51.32 32.43
3 74.18 87.52 6.18
4 66.48 62.33 21.75
5 77.16 56.74 8.96
1 28.92 94.71 22.02 128.38 7 41 5
2 44.65 26.23 32.96 386.28 8 45 5
3 89.79 29.01 41.24 185.15 18 31 2
4 22.33 20.17 1.77 96.77 18 43 3
5 64.64 68.35 36.84 462.63 17 42 5
6 8.60 89.48 7.94 311.26 19 34 5
7 62.22 31.68 8.39 212.61 11 28 1
8 2.79 75.20 4.83 135.07 14 25 4
9 98.92 42.41 15.46 158.40 6 36 2
10 57.25 24.49 29.81 104.03 9 29 2
11 25.50 24.34 47.77 77.37 3 41 3
12 95.01 5.87 20.86 428.56 10 34 5
13 96.41 13.58 43.27 247.31 24 47 5
14 79.68 53.66 29.08 78.22 2 47 3
15 19.91 4.06 46.49 480.27 1 47 2
16 4.46 14.89 5.38 56.93 4 4 4
17 5.99 84.20 7.23 320.28 6 12 3
18 9.71 73.50 49.21 444.15 13 40 5
19 78.12 46.16 29.39 302.96 6 24 2
20 85.11 93.39 6.09 381.17 1 14 2
21 5.83 88.61 21.52 307.05 11 24 4
22 42.02 55.85 4.28 466.71 5 6 1
23 34.84 71.83 30.99 329.61 24 35 1
24 31.90 80.46 38.86 202.83 11 46 4
25 34.93 34.15 2.46 183.20 11 24 1
26 46.00 5.46 14.56 214.98 14 34 3
27 96.89 13.35 30.31 327.99 18 29 3
28 59.99 72.55 38.32 338.61 4 19 4
29 23.63 44.20 24.99 103.38 24 39 5
30 18.49 81.02 38.91 89.10 7 23 1
31 46.01 49.68 26.00 190.23 17 29 5
32 30.95 25.31 48.03 348.87 9 32 3
33 88.60 29.45 12.47 339.33 3 18 1
34 90.32 85.55 16.46 272.42 18 21 3
35 18.19 57.23 45.28 371.59 24 33 3
36 3.13 23.42 2.31 499.76 22 41 2
37 90.98 34.84 13.50 408.86 22 34 1
38 46.52 92.84 26.45 487.35 9 29 1
39 72.30 36.38 48.44 426.54 10 34 1
40 50.74 89.20 5.37 445.96 12 16 1
41 59.99 58.35 42.37 251.75 21 47 3
42 23.80 93.82 0.33 172.48 17 26 3
43 10.95 59.12 36.45 247.49 14 33 2
44 97.95 90.74 15.65 108.39 6 37 1
45 18.09 83.89 8.11 248.09 12 47 2
46 69.30 66.84 7.15 463.06 12 47 4
47 75.32 57.41 30.94 482.55 20 41 2
48 99.57 11.61 1.11 310.37 19 35 1
49 59.00 8.78 10.54 439.78 5 39 5
50 52.42 57.99 43.43 412.01 7 8 2
51 62.41 83.28 0.60 212.84 12 46 5
52 82.95 73.09 6.30 279.12 20 26 3
53 19.45 70.75 14.36 180.36 20 46 4
54 93.65 14.70 4.47 427.29 9 35 3
55 19.78 55.18 4.59 223.26 3 6 1
56 27.54 0.36 3.27 257.60 13 33 5
57 22.72 40.04 6.83 64.29 1 22 4
58 95.57 84.86 49.83 245.46 13 31 2
59 91.71 40.92 28.64 158.42 14 26 4
60 30.85 14.58 42.05 113.78 6 31 5
61 5.86 43.80 22.02 100.82 0 15 3
62 85.70 90.20 40.60 346.40 7 14 3
63 46.48 61.41 40.81 472.26 16 21 4
64 97.08 77.31 13.81 407.21 4 11 1
65 50.09 64.88 48.34 182.73 16 43 5
66 4.28 45.64 15.07 384.15 22 40 4
67 4.64 34.39 18.39 447.44 4 4 3
68 36.98 26.61 34.39 434.85 11 48 1
69 19.44 97.73 21.89 486.86 20 36 2
70 18.94 29.82 39.41 111.85 21 25 3
71 67.31 39.36 26.23 155.37 6 35 4
72 54.82 5.11 3.55 410.11 15 37 1
73 1.74 75.27 22.94 342.12 15 26 5
74 71.91 28.14 20.63 168.43 13 24 5
75 35.23 99.09 38.79 105.72 14 23 4
76 32.96 76.14 20.41 285.84 24 37 2
77 81.59 69.97 22.45 229.76 24 38 4
78 41.39 38.09 24.04 152.92 19 22 4
79 38.31 11.02 0.31 212.70 14 21 1
80 69.69 6.37 17.32 97.11 21 34 2
81 81.66 84.85 6.11 71.20 8 38 3
82 94.58 60.00 31.27 252.35 22 27 4
83 82.90 94.20 21.67 281.14 24 28 3
84 87.31 20.95 43.25 297.64 6 18 1
85 97.64 31.16 32.01 178.07 4 25 4
86 54.49 82.29 28.96 457.71 9 13 5
87 58.39 50.25 46.77 297.71 6 26 1
88 64.15 54.41 10.12 339.40 19 44 1
89 99.31 49.47 49.45 499.71 9 32 4
90 95.46 69.89 25.59 307.76 10 25 5
91 63.99 5.98 25.63 399.43 3 28 2
92 77.29 31.42 46.04 458.64 11 14 2
93 40.17 18.88 46.14 160.59 19 43 2
94 12.45 29.41 22.55 70.13 8 36 1
95 42.30 92.16 20.09 343.92 10 48 1
96 15.52 38.29 20.40 84.32 19 33 3
97 64.39 92.14 38.44 400.44 8 12 3
98 40.28 48.60 44.33 342.07 22 24 4
99 23.96 89.69 4.73 75.76 21 30 5
100 88.28 31.43 22.13 198.60 0 1 3
101 97.61 40.65 42.90 417.74 15 43 3
102 56.89 88.94 4.72 263.66 16 20 4
103 25.44 35.76 32.24 146.49 11 29 1
104 34.84 21.80 42.04 481.38 21 40 3
105 64.45 78.38 14.16 327.80 16 47 2
106 70.69 51.44 3.04 165.95 8 20 1
107 95.77 78.79 15.89 393.81 13 20 5
108 11.93 69.79 26.12 236.32 15 36 4
109 37.91 40.88 29.91 53.08 14 34 4
110 93.94 13.81 7.28 197.19 13 30 1
111 24.30 20.73 22.09 51.57 9 38 1
112 13.21 57.75 22.00 297.09 13 16 1
113 18.20 52.32 43.11 51.79 9 34 2
114 11.03 93.11 37.61 255.36 0 39 4
115 28.97 10.70 37.31 292.83 6 38 2
116 89.01 95.87 11.06 71.31 6 11 1
117 88.38 97.79 15.61 248.76 8 17 2
118 48.56 10.31 1.49 291.46 15 42 1
119 20.98 90.32 39.37 144.91 2 46 3
120 13.53 70.78 5.72 117.64 16 33 5
121 46.29 69.27 23.80 447.31 22 23 5
122 32.02 32.20 41.31 170.98 9 16 1
123 78.00 69.87 1.54 188.53 20 44 3
124 46.67 37.25 18.65 218.47 10 16 4
125 22.39 95.43 47.28 180.61 13 38 5
126 17.69 0.40 28.16 181.19 1 47 1
127 45.97 89.82 15.71 413.77 2 30 4
128 90.51 23.92 37.89 133.61 5 27 1
129 7.99 51.62 14.88 304.14 14 17 5
130 65.73 50.33 45.35 149.36 14 19 5
131 14.07 55.03 37.95 57.78 9 19 1
132 81.35 80.44 29.99 139.16 23 41 5
133 78.34 65.75 16.54 60.44 7 31 4
134 63.83 71.74 10.02 316.81 3 41 1
135 20.84 79.89 33.85 235.03 18 48 3
136 75.06 42.09 14.92 267.14 5 14 1
137 60.19 76.47 30.33 95.60 22 38 1
138 7.31 19.41 1.78 324.89 0 8 4
139 6.19 16.05 9.69 101.83 22 35 2
140 19.40 84.19 34.21 103.82 23 39 3
141 52.38 47.82 38.75 367.98 13 14 1
142 34.97 56.15 11.81 367.52 0 36 2
143 95.59 26.29 39.94 102.41 14 44 1
144 16.35 43.03 45.66 173.54 2 48 3
145 6.64 49.51 33.38 440.90 2 30 2
146 10.86 39.28 47.70 107.64 23 39 4
147 86.39 35.15 22.42 499.55 24 26 3
148 49.51 87.01 40.00 272.80 3 15 3
149 47.36 35.02 34.57 391.89 5 30 1
150 68.08 94.17 30.44 157.99 8 43 4
151 84.83 92.67 5.91 319.43 2 15 2
152 45.02 57.31 36.96 349.91 15 34 4
153 61.58 65.98 17.05 369.80 18 35 4
154 18.12 37.12 33.27 435.46 23 44 2
155 41.97 3.61 0.22 175.26 11 18 5
156 38.54 99.09 7.14 395.70 4 38 5
157 62.96 96.37 23.77 461.74 16 26 2
158 57.73 5.44 8.50 411.93 10 17 5
159 51.26 97.02 8.23 433.22 12 33 5
160 37.10 8.83 30.15 76.38 0 23 4
161 60.98 21.43 47.63 81.31 17 18 3
162 87.54 52.99 11.45 347.03 12 43 4
163 76.53 96.36 27.77 154.72 20 21 4
164 49.93 48.47 16.92 332.89 3 12 4
165 91.76 38.73 3.94 371.76 22 45 2
166 83.64 63.05 4.50 249.22 2 41 4
167 88.18 98.33 2.31 133.25 1 46 5
168 75.64 1.19 41.17 218.71 20 47 1
169 72.35 79.07 31.11 361.02 2 40 3
170 2.02 21.85 28.73 419.45 13 24 3
171 39.15 80.77 29.12 209.68 8 33 3
172 47.33 37.73 48.42 255.86 11 37 5
173 26.65 21.87 22.13 481.28 8 37 5
174 19.08 59.10 6.04 155.51 18 18 4
175 45.33 92.98 2.20 92.77 18 21 3
176 16.36 79.10 40.47 358.16 16 24 2
177 31.96 94.84 9.45 116.71 3 38 5
178 43.64 54.40 15.11 243.98 14 15 1
179 95.25 74.27 30.92 317.21 11 37 2
180 20.07 1.98 15.74 68.12 8 28 5
181 97.40 17.38 29.74 377.52 4 16 4
182 52.54 25.84 0.46 274.84 1 18 3
183 86.33 6.05 34.04 203.77 11 20 3
184 19.68 0.79 1.26 362.65 1 18 1
185 62.35 54.29 42.43 485.83 9 12 5
186 47.63 86.30 2.05 128.33 12 47 4
187 96.78 58.90 4.18 198.41 6 26 4
188 10.91 83.12 34.30 127.36 3 17 1
189 28.03 44.75 4.39 404.12 19 26 1
190 44.80 51.02 36.14 411.21 2 27 4
191 83.14 19.20 32.31 54.97 1 47 5
192 68.82 66.97 40.04 335.44 6 16 1
193 30.81 32.24 48.19 464.49 24 29 2
194 33.09 94.63 28.54 408.96 18 40 4
195 37.27 17.42 21.05 54.67 14 38 3
196 40.62 89.36 36.16 175.12 12 15 3
197 36.52 3.94 39.44 195.95 9 19 2
198 80.97 39.53 47.39 398.90 15 47 4
199 41.74 36.92 28.67 406.61 9 43 1
200 38.81 69.22 27.84 499.52 11 41 1
1 159.90 4168.67 1
2 199.22 4909.62 2
3 193.16 3087.14 3
4 122.90 4687.31 4
5 158.52 3633.08 5
6 135.13 3599.30 1
7 158.85 4180.19 5
8 129.96 3748.10 5
9 162.81 3504.07 1
1 1.50 34.82 7
2 1.86 43.25 3
3 1.73 43.12 5
4 1.93 37.23 3
5 1.99 44.65 8
6 1.50 31.62 3
7 1.51 49.34 9
8 1.24 26.27 4
9 1.45 49.58 5
10 1.58 44.03 1
11 2.00 49.20 1
12 1.82 43.28 3
13 1.79 36.92 2
14 1.41 45.92 7
15 1.77 26.96 8
16 1.35 46.99 3
17 1.97 32.83 3
