Data for Vehicle routing problem with drones - Author: Huyen Do Thi Ngoc
Number of depots: 5
Number of cities: 400
Number of trucks: 5
Number of drones: 6
Area: 100 100 50
Customer maximum demand: 500
Max capacity of truck: 200
Max energy of truck: 5000
Max capacity of drone: 2
Max energy of drone: 50
1 38.93 57.99 49.75
2 73.23 92.54 11.64
3 2.45 72.11 45.97
4 35.96 22.63 42.39
5 11.91 78.63 13.55
1 85.25 35.81 14.04 387.70 22 25 4
2 1.81 76.98 49.37 275.54 17 34 1
3 46.08 74.20 29.98 147.76 22 37 2
4 31.98 55.46 45.04 269.77 5 21 2
5 13.74 47.22 16.62 238.06 8 21 4
6 70.51 19.09 11.14 282.11 17 28 3
7 19.38 0.76 44.06 253.79 11 35 4
8 79.72 5.27 21.13 394.16 7 22 1
9 34.45 91.69 40.92 63.55 22 33 1
10 15.79 70.66 18.76 119.84 5 13 3
11 43.65 46.25 47.74 59.53 20 29 2
12 16.44 65.72 7.73 311.14 11 40 1
13 97.75 83.42 39.89 480.51 21 36 4
14 61.68 61.82 0.36 79.37 7 34 2
15 8.73 32.20 12.88 439.86 12 20 4
16 53.32 33.15 40.11 456.24 22 34 3
17 57.65 93.51 24.92 90.39 10 10 3
18 21.33 19.77 21.21 199.65 7 14 2
19 41.84 52.22 24.61 164.65 8 42 1
20 94.62 81.03 8.32 376.22 6 8 1
21 64.84 36.18 4.70 129.61 7 35 5
22 94.50 34.22 6.35 86.05 8 11 5
23 66.43 10.31 19.96 284.72 5 13 5
24 80.97 14.40 36.22 230.96 7 35 1
25 61.59 43.14 7.95 342.75 23 24 2
26 53.89 55.03 27.23 442.22 2 26 4
27 66.78 99.15 47.47 206.00 14 33 3
28 82.91 61.36 3.40 169.66 11 46 1
29 5.11 91.17 38.43 388.19 10 31 4
30 67.08 55.50 47.27 363.10 19 31 2
31 31.32 49.82 10.10 461.04 22 37 2
32 12.09 60.99 20.19 447.24 1 1 2
33 14.77 54.50 13.40 82.90 6 11 1
34 24.55 97.61 42.76 255.23 11 41 4
35 45.36 84.04 34.87 272.56 22 41 4
36 4.37 94.42 13.68 203.04 1 18 5
37 48.62 9.11 19.77 269.91 22 36 4
38 75.60 5.30 20.76 456.63 7 44 3
39 32.50 99.45 32.66 384.78 17 39 2
40 22.33 31.43 34.55 264.51 16 42 5
41 52.56 44.58 13.34 474.58 23 47 1
42 45.42 64.17 35.25 288.62 8 10 4
43 94.27 31.99 38.97 388.26 5 36 3
44 24.66 35.14 8.18 72.69 12 18 5
45 44.73 55.69 12.11 471.78 23 46 1
46 1.91 36.43 48.77 328.79 8 41 3
47 20.96 76.29 25.02 257.66 7 38 2
48 97.94 77.34 15.75 417.11 4 16 1
49 35.89 37.05 10.03 94.48 12 33 5
50 56.49 14.49 24.47 55.83 10 47 5
51 88.05 70.68 47.94 464.03 15 16 3
52 60.97 60.95 5.19 456.02 3 44 1
53 63.36 10.30 48.69 150.05 17 36 2
54 50.12 74.04 9.66 496.12 12 48 4
55 79.68 1.38 34.80 142.61 12 23 2
56 48.54 1.45 11.57 484.59 19 21 3
57 18.12 22.76 41.00 232.71 21 38 1
58 56.26 32.94 10.53 262.98 20 36 5
59 29.37 52.47 41.32 477.75 6 24 3
60 88.66 26.76 49.68 459.90 15 29 2
61 48.65 99.90 11.64 137.24 17 26 3
62 7.51 49.67 25.25 373.47 20 31 1
63 29.35 19.45 25.24 434.24 18 18 1
64 54.85 91.84 9.77 251.85 2 21 3
65 59.49 4.43 10.26 186.80 6 19 3
66 15.87 75.01 34.41 143.20 17 26 1
67 12.05 23.59 4.49 179.97 10 31 5
68 74.28 0.99 41.44 197.01 11 23 3
69 58.92 54.86 34.99 369.31 19 26 4
70 4.01 92.39 24.26 131.43 10 39 3
71 40.73 82.79 39.52 236.91 4 43 1
72 74.88 20.20 13.57 188.90 24 24 1
73 47.27 73.85 3.86 152.04 3 44 2
74 83.55 61.17 27.20 469.28 5 44 3
75 4.57 92.85 4.17 431.89 1 37 1
76 42.80 88.86 14.66 362.48 16 24 4
77 30.44 74.38 14.79 316.04 14 24 3
78 18.78 1.59 36.31 356.86 0 10 1
79 44.49 25.67 9.04 404.60 8 31 3
80 32.67 43.91 22.82 283.31 11 38 4
81 68.26 50.49 44.13 492.56 16 31 2
82 23.30 87.94 14.43 107.71 2 20 1
83 53.02 65.48 31.70 422.65 13 35 3
84 38.24 21.06 46.42 145.14 11 18 4
85 38.45 80.72 43.16 197.00 16 36 3
86 73.59 93.06 7.36 131.27 10 24 3
87 38.59 84.57 12.77 72.86 14 29 5
88 58.84 66.38 30.96 243.85 12 13 4
89 14.77 7.20 0.34 455.16 14 45 3
90 83.98 56.81 38.73 174.51 21 32 1
91 59.69 47.79 7.00 452.54 22 40 3
92 9.76 28.05 6.18 288.71 24 28 2
93 50.08 93.67 26.84 440.49 22 30 4
94 55.40 18.87 3.35 65.00 15 26 1
95 60.80 85.72 4.27 390.75 23 32 1
96 32.81 18.16 13.14 221.32 16 47 2
97 85.73 11.13 7.75 347.88 6 34 1
98 13.27 72.22 21.53 465.95 4 37 5
99 12.79 24.04 17.76 443.37 5 28 5
100 79.69 72.94 22.70 265.21 6 33 3
101 26.81 14.34 33.41 166.56 2 36 4
102 92.42 65.97 37.38 437.59 16 22 4
103 46.09 34.61 32.61 123.78 21 46 3
104 18.47 97.24 32.30 359.28 20 31 2
105 43.96 0.94 41.08 452.12 11 14 3
106 25.54 98.98 36.43 497.68 1 15 1
107 11.10 46.11 42.97 402.63 16 27 5
108 13.77 78.88 49.12 228.59 20 34 5
109 72.27 65.72 48.30 77.50 1 4 2
110 98.65 24.90 16.43 407.68 11 38 2
111 4.01 81.17 46.09 102.48 1 4 1
112 0.11 82.40 12.01 232.26 11 27 5
113 92.30 93.23 4.37 481.38 15 19 5
114 3.22 99.38 35.13 347.00 21 41 1
115 66.97 81.33 2.29 463.17 16 24 4
116 94.83 40.94 32.36 124.10 2 42 2
117 29.79 22.32 15.66 155.63 16 33 4
118 93.85 14.55 15.38 130.67 8 24 4
119 87.41 51.53 43.85 385.15 11 33 4
120 55.25 59.44 5.87 431.84 6 11 4
121 10.70 45.54 37.81 321.49 22 39 2
122 47.74 76.57 0.06 278.25 1 17 5
123 56.27 19.67 8.28 162.73 0 29 2
124 10.36 79.41 0.46 110.28 8 44 1
125 0.48 63.70 31.40 407.02 19 29 4
126 62.50 86.63 37.51 61.28 6 28 5
127 46.48 13.99 11.37 86.03 21 43 5
128 82.94 44.45 20.07 99.98 13 18 2
129 54.68 37.19 20.02 96.77 3 35 5
130 25.20 36.83 27.98 250.89 4 24 5
131 35.36 86.11 48.08 86.80 4 42 4
132 71.64 22.61 41.84 332.53 17 19 3
133 34.84 60.67 2.32 234.27 15 21 2
134 86.83 20.33 44.41 395.53 19 33 5
135 40.48 63.62 48.66 191.48 16 40 4
136 13.65 82.45 8.49 79.36 10 19 4
137 44.33 4.62 21.61 290.52 23 24 5
138 50.03 6.30 17.48 214.39 0 24 4
139 63.93 14.13 31.13 93.74 8 40 1
140 41.54 14.25 15.52 123.25 17 43 4
141 80.30 40.39 2.49 192.37 5 42 3
142 86.51 1.79 32.38 393.54 24 28 4
143 92.01 78.43 36.95 160.64 3 7 1
144 39.48 84.03 40.43 75.71 6 13 4
145 98.28 2.70 21.39 183.38 11 11 4
146 23.98 91.90 19.20 387.68 18 25 1
147 45.26 61.11 15.99 385.87 0 48 2
148 95.48 54.56 13.18 90.30 18 33 2
149 8.41 40.25 17.58 335.35 4 46 5
150 97.06 29.95 28.68 391.44 15 37 2
151 50.19 70.85 45.88 141.08 24 33 1
152 98.50 73.13 12.88 142.20 24 41 1
153 54.29 66.73 1.97 204.63 23 44 1
154 74.04 26.57 44.20 279.68 17 26 2
155 18.72 25.54 43.72 138.70 18 23 2
156 13.88 98.71 2.20 341.00 21 23 2
157 72.48 8.41 36.80 392.23 1 36 2
158 69.38 17.04 39.81 246.31 14 42 3
159 41.68 86.82 49.11 69.81 1 44 1
160 66.69 58.34 2.77 434.01 15 33 1
161 7.59 47.66 18.25 283.99 20 44 4
162 86.99 65.69 14.88 97.57 8 16 4
163 32.26 30.89 39.28 267.77 20 34 4
164 59.64 89.65 40.24 64.15 12 16 2
165 35.69 3.58 24.85 188.29 4 41 4
166 5.41 37.08 25.16 374.41 21 36 5
167 94.21 67.61 0.82 366.53 3 30 3
168 21.64 0.61 37.26 299.74 11 29 2
169 76.18 34.00 9.08 306.57 20 31 1
170 68.86 97.38 6.58 314.99 18 41 1
171 67.19 18.51 49.63 439.90 23 34 4
172 96.30 90.45 24.25 492.15 10 47 3
173 6.71 49.92 19.65 401.17 3 29 4
174 22.11 34.91 3.36 354.06 18 44 3
175 28.18 63.27 27.94 100.83 1 37 2
176 24.80 61.99 20.16 80.01 13 21 3
177 77.15 77.44 24.54 79.28 8 26 3
178 49.41 94.39 31.68 259.67 7 20 4
179 69.01 32.09 4.79 258.51 1 39 3
180 75.80 1.66 42.34 363.23 17 28 1
181 46.42 42.35 30.31 467.08 1 19 5
182 75.83 26.09 31.32 403.87 22 47 1
183 29.03 33.78 44.82 132.61 19 47 1
184 87.59 90.45 9.66 70.75 11 43 2
185 16.34 29.45 3.43 96.18 12 32 1
186 21.36 14.29 11.15 445.47 24 45 4
187 51.29 10.47 44.20 92.59 7 28 3
188 27.11 67.52 26.30 130.96 21 31 3
189 70.36 85.54 48.88 170.94 17 45 4
190 51.83 55.16 15.99 280.57 24 26 1
191 83.09 23.33 47.26 174.26 13 44 1
192 60.39 10.62 46.62 393.58 18 28 4
193 0.86 61.71 48.42 125.14 13 13 1
194 20.94 48.73 5.96 115.70 16 31 3
195 70.26 85.45 22.62 374.42 2 30 2
196 73.57 16.93 13.93 206.19 17 28 5
197 47.28 94.89 19.02 173.94 11 39 1
198 7.60 91.88 3.17 99.54 7 34 3
199 13.14 11.26 16.09 250.74 3 44 2
200 80.92 5.81 35.76 267.16 1 44 5
201 53.27 10.69 2.12 86.01 0 14 3
202 29.30 98.58 14.68 362.13 5 29 4
203 95.79 65.56 0.71 107.21 9 23 5
204 94.34 75.87 32.38 409.35 17 47 4
205 67.22 4.47 14.07 148.44 22 35 1
206 34.69 81.40 43.24 376.22 20 35 3
207 90.23 18.29 24.46 498.74 2 7 5
208 51.81 97.67 4.62 166.45 10 34 4
209 9.92 91.87 5.23 423.51 16 38 5
210 39.79 42.28 46.41 393.55 24 35 4
211 84.44 90.75 14.94 236.96 24 28 1
212 36.67 26.17 18.90 392.80 23 27 2
213 38.21 89.73 21.35 430.20 23 29 3
214 67.66 55.83 43.26 108.26 15 18 3
215 15.96 31.28 39.79 211.36 9 17 1
216 11.19 84.78 11.13 127.26 5 43 5
217 89.94 82.86 11.09 73.31 12 40 2
218 12.18 60.36 29.11 363.32 3 12 3
219 12.51 35.03 37.92 361.37 22 46 3
220 47.26 70.72 22.75 288.41 0 48 3
221 66.31 81.95 36.89 127.31 23 46 3
222 82.14 46.43 28.55 455.11 18 44 3
223 63.63 8.30 2.90 95.37 9 21 5
224 82.99 59.65 35.19 343.56 0 34 2
225 24.76 76.65 26.55 446.02 18 18 1
226 42.95 26.39 29.13 449.91 10 12 2
227 50.10 70.80 2.30 422.20 13 36 1
228 72.54 99.45 41.57 107.10 23 44 4
229 26.09 69.10 19.23 81.43 13 46 4
230 25.22 26.53 12.84 304.11 22 32 2
231 21.49 8.38 43.35 431.88 2 29 1
232 54.93 77.82 12.61 337.81 4 18 4
233 41.49 76.38 7.33 462.18 16 34 1
234 7.79 7.40 6.53 249.56 6 11 4
235 41.88 52.91 27.26 231.56 18 38 5
236 59.65 24.08 8.87 181.94 22 32 4
237 80.26 43.52 27.96 57.41 2 19 3
238 75.18 42.44 37.63 316.11 10 38 5
239 46.25 83.23 45.16 341.79 17 38 1
240 37.10 26.94 12.41 199.88 18 28 2
241 42.96 39.88 38.85 331.78 0 47 4
242 59.72 54.03 38.37 62.75 22 32 4
243 24.61 12.52 45.53 147.17 5 28 3
244 64.22 32.77 13.18 485.70 15 45 5
245 2.81 96.40 13.35 68.78 6 45 2
246 74.26 88.92 7.34 262.16 0 21 4
247 62.49 46.55 30.69 208.66 11 20 5
248 27.23 36.01 12.65 329.45 14 34 2
249 74.14 33.00 15.28 207.22 13 28 1
250 0.74 79.02 2.42 486.22 16 41 2
251 38.82 14.85 2.57 359.38 1 38 2
252 80.68 86.31 46.73 209.77 2 25 2
253 92.11 89.84 49.62 481.97 6 36 3
254 5.66 86.87 2.62 393.46 0 23 2
255 81.02 38.07 13.99 408.26 24 34 3
256 87.95 54.91 46.17 462.17 8 41 5
257 62.02 46.63 43.43 91.83 11 42 3
258 2.43 18.27 36.33 194.58 22 24 3
259 47.85 61.71 45.81 297.89 7 38 4
260 72.26 5.78 1.28 429.90 13 48 4
261 6.36 58.07 44.86 394.79 23 39 4
262 35.65 3.88 39.16 361.04 21 32 5
263 4.72 20.11 33.77 122.52 12 32 5
264 53.10 1.55 37.74 417.45 22 37 1
265 45.27 11.40 23.02 265.18 10 41 4
266 88.30 54.25 11.50 117.91 21 48 5
267 78.35 54.76 8.27 456.84 3 33 4
268 0.28 66.47 8.32 138.99 13 41 5
269 85.67 29.92 28.14 386.91 22 38 1
270 87.60 7.46 46.34 81.25 11 38 4
271 92.93 46.10 31.12 167.08 3 3 3
272 85.70 12.63 22.18 271.19 22 47 3
273 16.81 57.43 36.25 262.69 2 15 3
274 37.03 9.30 5.32 85.93 7 18 3
275 84.99 53.39 32.57 426.98 1 30 2
276 57.13 58.24 13.80 385.89 1 46 1
277 47.24 65.94 22.72 194.24 16 16 2
278 14.76 60.56 13.29 119.07 19 27 5
279 38.45 90.84 39.86 240.00 23 25 5
280 16.12 90.26 29.19 416.05 23 34 5
281 16.39 56.41 10.46 94.00 10 35 2
282 32.32 91.27 35.23 396.17 6 22 3
283 98.48 24.23 24.25 260.67 17 45 4
284 4.56 81.80 23.81 481.21 1 32 4
285 87.56 92.55 20.82 394.98 17 29 1
286 53.98 96.94 3.90 318.16 17 30 1
287 1.37 30.64 6.20 235.69 14 44 3
288 64.08 71.33 45.99 370.40 19 27 3
289 90.72 42.68 15.57 422.67 10 22 1
290 66.24 12.91 37.73 315.96 6 18 5
291 73.10 90.14 30.44 385.75 18 44 4
292 35.27 55.77 6.97 449.45 4 17 5
293 98.61 9.05 10.04 143.12 14 38 2
294 32.78 39.85 16.01 369.44 1 18 3
295 50.01 41.53 40.76 171.89 22 26 3
296 12.88 19.79 1.65 337.47 11 11 1
297 90.67 11.01 15.87 341.75 5 21 3
298 74.74 55.08 6.54 329.45 2 13 3
299 7.18 93.05 10.74 194.26 9 45 1
300 65.11 0.83 23.14 469.77 16 38 5
301 9.24 70.11 15.79 83.89 10 31 4
302 11.93 93.90 10.82 483.22 0 31 3
303 73.13 0.31 9.66 67.49 19 34 5
304 21.43 19.70 3.66 327.53 6 39 4
305 10.85 19.02 32.48 443.18 21 41 2
306 24.81 53.12 7.77 272.75 23 38 2
307 8.94 66.05 29.67 382.65 16 16 4
308 38.29 52.77 49.42 93.45 9 38 4
309 93.09 89.60 44.64 464.96 12 34 3
310 84.55 66.80 31.98 436.52 7 40 2
311 43.81 53.79 13.02 90.86 20 48 5
312 31.44 20.77 4.95 333.34 3 25 3
313 7.23 61.65 40.22 451.35 16 32 3
314 34.81 76.29 41.17 135.76 6 8 3
315 49.54 47.82 25.52 312.16 6 14 1
316 8.12 45.93 12.19 258.54 7 32 4
317 39.40 7.93 11.41 459.60 1 11 2
318 22.31 35.02 16.62 234.58 23 26 3
319 6.82 44.15 21.53 383.76 16 38 1
320 36.03 16.33 20.09 175.96 24 32 2
321 52.68 64.15 48.77 321.13 11 31 2
322 93.71 40.63 14.44 364.42 24 38 5
323 51.93 17.35 49.34 357.97 7 31 5
324 22.20 75.46 16.56 205.42 24 30 5
325 53.28 92.35 45.10 264.99 18 41 5
326 45.84 80.35 25.96 318.51 9 44 5
327 85.87 62.08 0.55 287.34 0 3 4
328 86.47 49.57 24.64 67.78 18 32 1
329 53.12 62.57 24.93 126.64 21 27 3
330 86.25 59.82 48.18 467.59 21 31 3
331 89.48 0.33 15.53 157.94 21 38 2
332 43.99 92.22 46.10 343.69 0 38 5
333 10.02 78.70 32.13 67.60 23 41 1
334 80.53 90.21 49.97 81.50 17 45 4
335 61.32 9.35 9.07 315.86 13 13 4
336 28.57 88.46 30.08 170.32 24 33 4
337 15.86 92.33 49.93 241.61 7 16 2
338 68.26 58.16 37.65 361.01 23 31 5
339 71.92 26.56 47.82 292.46 8 18 1
340 87.60 90.29 26.52 444.81 1 32 4
341 43.03 63.47 16.94 414.06 15 18 3
342 63.00 71.53 22.83 72.83 17 22 5
343 29.89 79.57 40.24 168.14 3 45 5
344 26.88 85.29 22.20 484.29 23 24 4
345 54.54 62.24 12.75 339.68 7 40 1
346 62.11 83.90 2.01 189.80 5 18 1
347 12.58 30.08 20.40 304.07 15 31 2
348 53.84 63.59 3.57 465.66 7 36 3
349 48.22 53.72 24.13 179.59 22 22 3
350 72.85 94.93 32.35 340.26 15 40 2
351 48.95 15.98 32.17 240.02 7 30 1
352 2.16 40.33 39.29 357.32 7 40 2
353 26.17 54.48 0.49 467.79 21 32 5
354 41.88 89.10 27.54 436.64 9 38 1
355 7.24 40.56 44.23 383.54 9 9 3
356 3.31 65.37 28.40 485.90 15 35 1
357 38.99 59.20 30.71 181.00 1 42 5
358 50.81 74.63 35.63 111.89 20 41 5
359 60.39 78.84 31.26 424.24 12 37 3
360 14.40 14.44 48.84 414.55 4 16 2
361 20.72 67.00 48.51 412.63 2 45 3
362 24.17 80.66 48.93 374.87 7 28 1
363 40.43 16.88 47.01 103.83 0 0 3
364 24.70 76.15 35.28 253.32 11 11 2
365 6.49 74.66 39.96 392.85 7 15 4
366 75.34 15.73 28.21 138.75 10 36 4
367 38.94 16.30 12.79 185.30 15 35 1
368 96.32 49.37 13.63 475.27 20 32 4
369 81.90 16.76 20.75 303.40 22 46 2
370 1.91 45.54 25.38 379.88 13 16 2
371 70.64 65.69 36.04 214.69 23 36 4
372 31.78 14.20 26.83 154.68 22 42 2
373 81.28 97.92 44.48 451.47 19 47 5
374 85.45 51.29 42.55 196.63 5 13 1
375 55.30 35.05 45.13 67.72 10 32 2
376 82.36 37.25 23.42 429.98 24 42 3
377 13.33 86.03 0.40 462.21 19 44 3
378 90.22 13.61 19.95 85.40 3 46 1
379 72.61 68.22 14.75 455.90 6 45 4
380 44.78 95.77 33.02 180.92 6 15 4
381 65.20 98.46 29.15 102.47 21 21 1
382 88.56 34.11 32.46 239.89 5 28 1
383 74.85 76.08 44.58 437.21 12 46 4
384 12.27 39.29 20.95 457.23 10 14 1
385 45.15 16.09 41.65 248.92 4 16 4
386 23.80 70.77 13.23 336.96 8 31 1
387 30.88 27.59 2.88 151.94 19 37 5
388 96.84 91.53 29.35 440.33 19 23 5
389 0.97 36.20 34.72 324.04 1 5 1
390 44.29 24.16 38.29 374.47 4 10 3
391 74.61 14.74 4.78 370.92 10 32 5
392 33.53 47.86 47.86 154.00 19 37 5
393 92.52 96.17 16.19 271.73 13 34 2
394 70.79 34.31 34.53 450.08 12 28 5
395 45.70 18.12 7.83 375.67 7 29 2
396 50.81 66.91 34.64 71.22 3 22 5
397 21.96 71.51 45.42 173.94 12 37 3
398 79.12 58.17 37.41 120.87 2 44 1
399 68.50 13.26 1.83 426.57 4 47 2
400 34.16 11.07 11.26 357.77 21 26 2
1 169.31 2941.64 1
2 197.77 4533.63 2
3 140.45 3814.32 3
4 188.17 3485.69 4
5 137.09 4513.09 5
1 1.93 43.02 5
2 1.24 46.05 2
3 1.31 28.08 4
4 1.92 26.12 4
5 1.16 37.73 2
6 1.88 32.51 5
