Data for Vehicle routing problem with drones - Author: Huyen Do Thi Ngoc
Number of depots: 2
Number of cities: 100
Number of trucks: 3
Number of drones: 11
Area: 100 100 50
Customer maximum demand: 500
Max capacity of truck: 200
Max energy of truck: 5000
Max capacity of drone: 2
Max energy of drone: 50
1 66.62 82.14 40.12
2 33.78 9.29 11.74
1 8.99 16.20 45.73 394.42 4 8 2
2 73.71 6.92 13.16 321.87 24 31 2
3 76.74 47.34 40.01 442.49 4 23 2
4 36.55 20.64 16.80 421.56 20 39 2
5 58.66 40.05 18.47 98.04 12 47 2
6 99.66 21.36 39.29 83.22 5 12 1
7 74.04 26.39 2.06 449.56 24 41 1
8 10.83 13.90 43.05 72.28 18 41 1
9 91.21 91.61 43.62 67.10 7 8 2
10 11.96 26.92 31.53 316.38 14 14 1
11 9.24 77.13 32.75 442.79 3 11 1
12 58.56 97.42 44.75 80.22 19 46 2
13 43.00 96.50 36.23 118.09 3 10 2
14 34.43 34.75 15.05 266.88 24 27 1
15 73.99 90.88 36.06 268.64 20 39 2
16 78.62 83.88 16.97 448.67 4 16 1
17 52.19 96.15 22.89 472.07 6 36 2
18 20.82 73.64 8.40 371.91 20 27 1
19 20.98 38.11 9.56 261.53 22 28 2
20 5.22 8.50 37.57 396.62 20 37 1
21 16.33 48.06 16.32 292.52 12 46 1
22 73.35 71.25 43.92 122.12 16 38 1
23 65.69 18.43 21.47 377.01 17 30 2
24 1.94 46.89 39.36 452.76 12 32 1
25 33.42 1.75 44.18 449.35 10 44 2
26 87.02 30.44 4.61 317.75 17 34 2
27 55.85 28.52 31.44 65.63 15 38 2
28 33.19 92.06 5.25 335.22 17 24 1
29 14.75 21.02 8.24 129.23 14 45 1
30 90.62 24.52 20.65 337.24 11 23 1
31 59.46 14.60 44.99 495.18 8 30 2
32 14.96 5.29 28.58 365.06 24 35 1
33 50.45 89.10 8.07 331.57 18 48 2
34 57.30 93.82 24.81 80.84 22 27 1
35 39.01 99.38 49.61 85.51 17 39 2
36 54.27 60.40 13.24 269.89 12 20 2
37 96.17 79.30 17.55 327.91 20 47 2
38 96.70 30.22 27.28 497.39 8 43 2
39 11.48 65.93 12.59 117.32 4 43 1
40 96.66 91.27 45.91 400.16 21 45 1
41 91.35 19.08 25.99 146.46 19 34 1
42 6.20 24.03 11.15 153.44 13 16 2
43 84.66 28.58 39.38 113.15 9 19 1
44 53.44 8.14 39.35 484.91 2 48 2
45 16.76 88.25 28.81 203.59 13 47 1
46 30.86 49.38 11.68 213.22 23 44 1
47 24.56 54.76 37.82 267.57 7 8 2
48 15.28 39.12 14.38 199.90 14 23 2
49 77.20 65.39 38.97 122.57 5 35 2
50 24.45 17.98 2.58 124.27 11 47 1
51 69.40 96.68 8.14 408.55 10 42 1
52 67.46 23.98 18.10 452.21 17 35 2
53 0.42 6.66 0.13 111.00 10 45 2
54 0.58 80.89 2.94 292.47 7 14 1
55 22.66 79.48 17.62 431.39 0 6 1
56 87.35 52.43 31.62 86.65 10 32 2
57 43.70 28.35 6.42 338.49 11 45 1
58 76.33 33.84 45.26 298.26 13 30 1
59 57.18 14.31 26.43 329.23 22 28 1
60 17.56 27.54 6.33 330.67 4 40 1
61 67.05 65.38 14.40 354.42 5 20 2
62 10.33 88.70 22.97 189.37 22 26 2
63 20.41 35.08 47.29 111.81 10 10 2
64 52.15 89.73 9.60 197.38 14 48 1
65 75.20 7.50 34.56 473.54 14 25 1
66 39.28 47.98 37.08 83.07 13 13 2
67 17.43 74.88 31.07 293.17 22 25 2
68 98.04 23.19 17.92 338.51 3 7 1
69 15.98 17.13 16.30 135.90 13 39 2
70 48.71 66.35 29.52 240.68 0 48 2
71 48.50 92.57 20.02 493.96 7 29 1
72 70.72 49.66 3.87 392.54 21 31 2
73 95.57 69.69 3.79 426.13 1 47 1
74 25.28 29.77 34.87 78.08 2 48 2
75 81.08 45.03 36.43 365.74 11 28 1
76 9.11 76.29 7.87 424.59 10 16 1
77 72.67 17.75 5.85 139.16 8 39 1
78 71.96 99.36 2.23 170.05 22 36 1
79 65.24 50.87 16.88 310.40 23 32 2
80 98.66 19.91 1.13 427.58 14 17 1
81 12.17 79.78 49.50 252.29 18 27 2
82 33.56 44.60 34.32 292.29 20 23 1
83 74.02 71.21 47.44 122.30 24 32 1
84 16.98 69.79 40.88 200.85 8 20 2
85 36.07 61.21 6.12 166.42 8 17 1
86 60.42 92.26 2.65 195.47 10 45 1
87 71.38 61.38 44.18 400.77 14 25 1
88 55.89 96.24 24.04 246.25 5 40 1
89 46.52 30.24 45.54 384.03 9 10 2
90 5.53 98.12 48.84 431.05 7 27 2
91 37.26 39.31 19.27 208.39 18 23 1
92 2.03 50.86 44.83 358.74 3 10 1
93 71.63 5.86 1.60 366.34 15 21 1
94 23.93 11.13 33.55 216.73 6 30 2
95 19.94 77.75 32.64 334.90 9 14 2
96 85.39 7.17 49.84 335.75 16 48 1
97 47.83 54.85 1.01 88.54 17 25 1
98 36.27 35.52 10.53 127.22 4 42 1
99 33.21 50.53 12.15 341.82 17 40 2
100 94.58 63.92 47.37 56.30 16 36 2
1 191.62 3092.59 1
2 105.30 2654.38 2
3 175.74 4094.20 1
1 1.38 25.24 3
2 1.36 33.56 2
3 1.28 35.01 2
4 1.21 25.59 3
5 1.82 33.09 2
6 1.22 39.17 2
7 1.95 41.82 3
8 1.13 30.35 3
9 1.30 40.88 3
10 1.19 25.30 1
11 1.15 27.27 1
