Data for Vehicle routing problem with drones - Author: Huyen Do Thi Ngoc
Number of depots: 1
Number of cities: 400
Number of trucks: 2
Number of drones: 4
Area: 100 100 50
Customer maximum demand: 500
Max capacity of truck: 200
Max energy of truck: 5000
Max capacity of drone: 2
Max energy of drone: 50
1 30.74 83.46 13.24
1 49.82 76.94 9.62 142.35 7 21 1
2 0.97 95.91 9.24 376.14 21 22 1
3 19.95 65.09 8.82 371.54 14 30 1
4 9.10 79.75 47.37 345.29 24 24 1
5 97.83 43.26 15.63 277.04 13 28 1
6 34.05 6.78 15.22 425.82 17 26 1
7 96.08 72.04 20.93 464.07 2 34 1
8 54.05 87.95 15.50 103.65 20 41 1
9 61.56 74.95 22.98 171.75 17 27 1
10 98.20 43.87 32.49 249.72 8 25 1
11 80.28 72.67 19.89 428.64 17 44 1
12 56.21 38.72 32.87 288.23 23 31 1
13 96.28 35.12 33.66 156.24 5 8 1
14 45.11 33.55 10.51 159.71 3 4 1
15 15.52 38.35 24.97 469.02 8 31 1
16 28.62 20.08 6.26 367.74 22 44 1
17 30.54 59.04 0.27 98.98 19 46 1
18 52.12 2.21 27.28 52.45 11 44 1
19 42.29 96.69 16.28 339.96 3 32 1
20 94.19 34.46 49.78 145.93 4 19 1
21 32.42 63.14 24.26 470.47 20 23 1
22 95.79 57.87 28.94 369.75 24 48 1
23 27.73 45.52 14.27 477.17 16 27 1
24 69.71 56.05 28.98 151.81 20 48 1
25 78.90 50.30 1.86 447.67 24 37 1
26 1.64 42.41 11.18 305.48 2 47 1
27 72.28 69.39 17.75 218.55 14 30 1
28 1.89 78.62 34.99 479.36 6 22 1
29 90.81 72.12 35.30 469.34 14 16 1
30 4.87 30.48 29.67 223.72 11 15 1
31 59.99 69.76 36.28 97.52 17 19 1
32 92.78 71.24 35.84 369.36 6 40 1
33 50.61 20.31 7.13 307.53 9 48 1
34 56.40 57.61 40.76 162.05 11 35 1
35 39.86 81.13 9.18 172.47 23 42 1
36 21.50 75.30 16.63 400.04 5 15 1
37 92.84 96.42 4.04 238.59 17 47 1
38 60.88 30.22 23.56 463.83 17 44 1
39 89.44 37.94 21.38 83.45 24 24 1
40 40.88 24.22 47.87 319.17 18 23 1
41 61.77 54.51 47.65 77.60 1 33 1
42 94.88 45.67 41.98 84.41 15 42 1
43 52.36 34.24 45.72 93.12 20 46 1
44 38.42 9.73 31.77 116.14 24 34 1
45 72.45 88.40 0.14 449.32 2 27 1
46 76.07 4.28 45.87 412.85 10 39 1
47 74.15 82.48 42.86 71.84 9 23 1
48 4.67 70.02 34.47 117.92 6 20 1
49 27.92 31.70 45.94 445.71 21 48 1
50 6.06 43.05 37.17 51.22 20 20 1
51 81.83 53.51 6.32 400.05 12 41 1
52 35.73 47.73 21.49 253.92 19 27 1
53 27.05 40.37 29.51 175.31 24 29 1
54 96.51 61.98 15.12 125.55 18 25 1
55 47.41 53.18 49.76 404.25 0 44 1
56 74.52 48.25 46.90 95.42 7 25 1
57 99.49 65.22 25.30 429.51 3 37 1
58 55.39 59.65 15.22 460.38 18 27 1
59 34.25 96.87 7.02 364.69 3 4 1
60 38.26 45.93 48.53 199.92 0 25 1
61 25.04 21.18 27.45 67.09 2 11 1
62 26.62 88.80 35.17 484.11 17 48 1
63 0.12 38.52 23.28 474.83 4 45 1
64 55.40 94.23 6.05 58.44 9 12 1
65 10.18 47.62 5.65 371.07 2 44 1
66 42.69 96.70 22.45 193.13 3 5 1
67 32.46 11.87 18.57 275.28 23 37 1
68 50.54 67.01 42.94 278.07 2 29 1
69 6.07 15.55 13.02 448.89 5 25 1
70 61.86 27.04 36.16 412.10 21 43 1
71 85.73 67.31 15.17 422.16 15 44 1
72 86.52 19.10 49.10 294.62 4 28 1
73 92.26 28.45 44.38 492.45 3 14 1
74 16.29 46.54 18.64 409.06 1 17 1
75 43.35 84.42 36.38 302.05 0 12 1
76 10.60 83.37 18.24 304.33 5 40 1
77 64.21 1.79 46.54 108.25 20 28 1
78 25.93 77.12 14.30 53.40 23 33 1
79 91.16 90.55 44.09 455.38 0 21 1
80 5.82 88.65 47.61 329.89 17 26 1
81 14.43 37.32 26.24 249.58 2 44 1
82 27.64 46.54 44.01 463.06 5 29 1
83 65.96 67.52 38.42 95.46 10 24 1
84 94.94 67.25 3.06 438.22 19 19 1
85 29.16 80.77 11.75 301.60 9 28 1
86 46.23 24.38 39.00 384.66 20 33 1
87 76.62 10.03 7.02 288.66 4 42 1
88 6.86 62.38 46.31 426.56 3 21 1
89 53.53 8.72 48.39 365.58 19 36 1
90 38.38 21.91 17.26 209.78 17 33 1
91 82.85 74.44 33.69 347.51 16 21 1
92 78.43 89.24 41.58 252.58 1 48 1
93 13.71 54.46 5.14 497.44 6 42 1
94 45.80 27.25 18.37 479.35 12 37 1
95 65.79 90.14 33.85 445.59 16 34 1
96 17.06 21.37 44.94 471.85 2 13 1
97 75.16 68.11 49.29 446.53 11 31 1
98 68.48 51.10 10.89 186.32 2 25 1
99 28.24 10.80 36.59 212.79 2 33 1
100 97.39 95.12 19.28 334.25 24 28 1
101 42.33 37.04 18.60 353.31 24 48 1
102 13.81 74.71 8.10 147.41 17 33 1
103 41.76 25.77 14.10 165.48 2 45 1
104 96.00 45.24 36.70 135.90 20 39 1
105 22.08 97.73 4.39 473.46 24 24 1
106 14.44 76.91 34.95 341.35 13 16 1
107 7.06 58.34 34.26 442.54 12 16 1
108 24.17 0.01 6.97 219.03 10 22 1
109 71.05 2.83 47.47 283.78 16 30 1
110 22.36 82.16 8.42 499.90 18 22 1
111 32.23 44.34 10.05 275.67 18 38 1
112 18.95 71.73 49.65 59.16 16 30 1
113 62.58 52.52 19.02 464.70 20 40 1
114 88.90 24.25 43.84 491.39 23 37 1
115 13.83 6.29 38.08 193.96 17 17 1
116 7.74 66.61 8.32 72.01 3 46 1
117 8.22 34.86 44.46 390.47 10 32 1
118 44.10 8.69 31.31 399.35 16 23 1
119 7.25 11.30 36.48 407.77 2 12 1
120 31.33 75.17 47.36 202.76 12 44 1
121 30.75 20.63 37.55 462.16 10 37 1
122 84.83 32.28 30.89 235.10 22 48 1
123 5.90 91.19 9.36 475.37 3 46 1
124 28.16 39.37 36.06 422.42 10 12 1
125 75.98 77.18 26.52 443.70 23 46 1
126 54.37 87.37 33.81 215.55 14 37 1
127 72.12 86.05 0.39 164.18 11 44 1
128 3.71 16.92 30.51 132.21 7 23 1
129 42.28 71.03 29.14 303.75 2 5 1
130 60.33 34.28 21.80 224.76 2 21 1
131 57.52 88.91 35.84 437.48 7 10 1
132 6.54 90.05 28.38 123.45 5 28 1
133 58.66 58.64 40.71 473.17 9 26 1
134 2.92 20.78 20.10 321.72 11 13 1
135 5.19 15.94 20.28 442.48 22 32 1
136 26.02 98.34 7.10 89.03 20 33 1
137 52.86 31.78 1.01 286.62 1 1 1
138 14.49 76.05 9.26 206.35 7 43 1
139 32.39 36.15 42.79 290.69 4 16 1
140 27.59 18.10 18.21 495.50 20 26 1
141 79.27 95.39 40.67 170.67 3 26 1
142 64.77 19.96 33.11 347.88 3 18 1
143 6.05 70.25 46.27 250.93 19 37 1
144 39.87 33.97 37.50 169.38 16 22 1
145 31.09 66.40 12.29 115.06 15 33 1
146 85.19 51.62 9.61 146.47 16 26 1
147 12.49 43.40 40.64 402.28 13 45 1
148 24.88 79.24 26.00 350.54 7 19 1
149 67.13 60.44 18.58 319.64 11 18 1
150 54.90 19.66 11.94 422.72 8 17 1
151 4.54 42.13 6.97 223.10 0 38 1
152 74.04 10.34 29.55 148.23 17 41 1
153 46.96 12.24 36.17 363.52 19 35 1
154 52.20 33.97 11.81 126.27 2 44 1
155 28.23 95.53 13.93 92.87 14 47 1
156 24.55 12.24 5.67 214.09 18 21 1
157 24.75 43.06 22.35 477.76 4 36 1
158 56.50 50.08 4.17 407.95 3 19 1
159 48.96 36.40 20.16 464.04 7 14 1
160 82.10 53.32 34.77 56.38 3 24 1
161 69.52 17.29 2.91 475.11 12 12 1
162 64.58 67.32 16.22 268.55 20 21 1
163 4.77 30.20 41.88 250.44 17 40 1
164 69.31 64.31 47.75 224.61 22 28 1
165 56.07 8.13 32.82 430.73 4 13 1
166 41.98 1.27 36.04 94.08 19 22 1
167 33.73 37.69 27.12 197.26 18 41 1
168 16.60 25.37 27.06 71.21 24 37 1
169 26.78 24.44 39.35 419.20 17 28 1
170 58.47 56.71 12.80 179.50 15 34 1
171 61.03 84.97 31.09 424.16 13 28 1
172 33.31 79.85 8.20 121.59 7 42 1
173 21.01 43.13 14.05 346.61 19 29 1
174 32.86 38.37 11.37 94.66 5 16 1
175 73.54 50.41 22.08 170.98 12 39 1
176 44.51 46.42 37.89 117.15 0 13 1
177 52.92 0.57 1.58 497.55 20 35 1
178 59.05 59.92 27.42 63.64 20 41 1
179 73.86 74.00 46.47 458.38 8 15 1
180 4.65 17.85 27.41 97.46 6 15 1
181 94.27 16.09 11.18 192.21 19 19 1
182 44.69 13.84 33.25 228.65 7 43 1
183 56.11 23.76 30.74 417.61 23 28 1
184 6.41 89.65 34.36 134.32 5 18 1
185 28.31 19.25 22.07 284.98 8 20 1
186 48.58 80.42 7.69 455.71 8 40 1
187 30.73 86.97 47.76 294.83 3 9 1
188 6.24 40.34 16.53 171.62 4 14 1
189 87.74 78.00 39.06 495.12 24 27 1
190 89.37 10.02 1.94 345.26 2 4 1
191 23.70 36.23 22.92 475.81 8 10 1
192 57.74 28.69 18.51 137.57 21 29 1
193 82.73 59.76 43.43 331.50 15 23 1
194 56.37 36.11 14.20 334.23 2 18 1
195 25.24 51.12 44.68 202.74 22 29 1
196 61.52 52.34 11.45 288.75 8 37 1
197 25.23 7.28 34.22 118.62 18 28 1
198 12.10 48.45 5.19 431.34 7 17 1
199 6.08 79.10 45.78 354.89 20 31 1
200 43.46 91.84 2.53 273.06 24 48 1
201 5.15 94.54 37.88 102.40 18 23 1
202 17.67 97.23 26.22 240.42 14 18 1
203 40.94 45.03 47.19 363.29 18 40 1
204 84.28 0.52 36.65 319.36 14 19 1
205 74.93 23.78 10.21 465.27 13 30 1
206 36.08 26.11 16.56 472.67 4 34 1
207 59.09 65.25 44.61 370.21 6 41 1
208 49.81 78.39 7.93 175.05 18 20 1
209 78.32 51.15 31.85 201.32 23 47 1
210 8.40 69.74 20.54 234.22 3 32 1
211 25.22 21.86 46.39 280.84 1 44 1
212 22.94 92.35 43.48 121.49 5 9 1
213 31.34 46.02 38.85 334.91 20 28 1
214 50.81 17.59 34.60 81.28 1 4 1
215 45.72 53.27 20.34 107.63 4 37 1
216 13.82 15.47 32.90 377.01 7 14 1
217 83.23 94.26 36.61 367.10 2 44 1
218 91.63 82.53 41.56 158.31 17 31 1
219 66.41 59.57 7.50 445.74 13 46 1
220 27.42 72.45 39.41 280.77 12 14 1
221 46.76 29.31 32.82 334.95 17 47 1
222 60.83 16.65 45.35 327.47 16 45 1
223 24.73 86.22 36.63 147.22 1 37 1
224 23.32 95.52 26.27 147.52 15 20 1
225 45.38 53.11 24.22 475.50 15 47 1
226 1.16 14.81 43.49 414.35 3 6 1
227 11.24 64.46 40.74 371.07 22 27 1
228 92.16 5.61 32.23 457.70 3 35 1
229 98.25 93.09 34.43 230.37 6 12 1
230 15.41 9.96 14.37 247.30 22 33 1
231 46.22 85.21 46.85 398.17 18 47 1
232 50.03 29.59 9.53 424.22 24 39 1
233 0.19 20.09 33.61 306.08 5 32 1
234 80.45 93.03 47.86 85.28 21 42 1
235 25.90 64.05 36.38 434.43 9 41 1
236 8.43 92.03 39.58 381.16 24 38 1
237 99.68 35.57 3.80 69.44 9 46 1
238 66.07 70.65 10.95 192.06 16 32 1
239 75.59 42.20 2.45 477.88 13 21 1
240 68.55 94.57 31.81 333.72 18 47 1
241 30.10 27.44 36.88 232.17 20 24 1
242 40.11 15.90 33.73 285.52 11 21 1
243 25.31 4.43 28.39 492.01 20 42 1
244 22.89 97.75 45.86 80.08 24 24 1
245 5.23 90.25 16.92 232.58 11 31 1
246 82.53 17.95 10.38 332.74 7 10 1
247 13.17 8.82 15.27 325.13 18 19 1
248 80.26 78.53 23.91 219.63 3 31 1
249 33.96 27.54 43.78 163.62 3 42 1
250 31.55 72.22 27.03 72.90 22 32 1
251 88.30 47.34 42.22 150.69 12 35 1
252 27.50 53.47 49.09 236.01 14 46 1
253 79.99 44.11 38.28 345.36 0 39 1
254 91.93 86.04 10.64 227.30 7 20 1
255 4.95 41.88 29.45 64.71 15 28 1
256 0.86 6.23 14.01 497.86 4 48 1
257 70.24 92.36 7.27 401.39 24 44 1
258 36.53 29.48 28.52 278.55 4 28 1
259 25.76 86.43 11.96 335.73 7 15 1
260 6.92 92.40 20.16 409.50 6 30 1
261 92.00 70.92 8.16 464.72 0 30 1
262 53.28 64.01 48.03 439.99 22 47 1
263 12.79 52.81 8.45 404.30 21 38 1
264 55.78 11.25 48.20 250.67 8 25 1
265 6.93 85.53 45.48 71.55 12 45 1
266 6.35 15.10 35.69 136.47 19 39 1
267 56.37 1.57 11.66 125.18 1 41 1
268 76.67 63.99 31.11 133.67 13 29 1
269 13.28 10.36 17.29 286.20 22 41 1
270 25.98 99.74 44.63 305.91 15 41 1
271 27.58 46.65 43.56 448.15 14 30 1
272 70.39 55.79 14.12 288.50 21 30 1
273 65.23 63.11 17.50 419.79 2 41 1
274 27.28 1.23 41.74 140.89 13 39 1
275 86.45 43.90 34.72 201.06 21 39 1
276 50.74 88.04 11.26 330.70 5 16 1
277 25.65 10.21 25.95 95.45 7 40 1
278 97.32 89.00 41.86 478.85 15 17 1
279 4.53 34.45 26.45 462.83 15 40 1
280 60.65 94.12 0.40 66.98 23 39 1
281 85.93 36.97 5.27 296.78 15 46 1
282 53.04 97.21 36.06 57.92 3 27 1
283 61.71 40.46 1.29 124.81 13 38 1
284 67.14 61.70 8.11 61.38 18 22 1
285 7.20 47.81 30.16 322.24 19 48 1
286 0.68 93.77 33.10 180.20 2 37 1
287 63.53 64.39 25.92 436.48 7 45 1
288 10.43 64.74 2.94 147.26 17 47 1
289 1.11 33.54 28.50 306.45 5 34 1
290 17.95 19.70 4.77 246.67 21 36 1
291 79.91 93.83 11.58 277.85 12 36 1
292 41.24 31.75 25.99 114.34 13 29 1
293 45.25 68.54 36.81 106.65 17 20 1
294 29.59 51.28 27.10 281.62 8 35 1
295 32.25 89.94 3.49 234.59 10 36 1
296 7.29 63.98 47.27 385.48 19 21 1
297 90.24 52.40 32.21 431.36 20 43 1
298 2.51 50.77 34.35 410.32 0 42 1
299 5.24 10.25 15.71 189.79 13 13 1
300 81.31 96.25 45.24 454.51 21 40 1
301 4.53 96.53 12.25 497.04 15 35 1
302 48.43 99.01 8.27 482.79 2 23 1
303 14.00 8.44 19.01 231.33 13 20 1
304 46.09 82.11 4.42 409.39 14 47 1
305 32.67 54.75 35.52 296.70 4 48 1
306 66.10 57.54 46.35 141.63 9 29 1
307 42.96 49.43 49.39 209.97 10 34 1
308 5.30 12.99 45.16 408.42 12 12 1
309 89.90 5.56 41.29 360.27 22 30 1
310 98.09 79.39 19.84 127.52 6 7 1
311 50.59 97.73 12.65 292.58 2 40 1
312 55.80 39.96 24.70 254.88 17 32 1
313 75.43 89.29 43.71 85.80 3 43 1
314 46.44 23.34 24.36 427.71 2 44 1
315 45.23 13.58 13.22 80.77 5 43 1
316 44.85 34.30 30.08 440.04 1 16 1
317 60.17 53.19 16.48 336.90 18 32 1
318 15.41 42.66 47.86 310.55 21 42 1
319 86.88 37.66 31.42 66.79 14 40 1
320 14.26 24.04 14.52 425.32 5 24 1
321 22.81 46.63 49.88 155.15 4 14 1
322 15.22 61.80 36.87 382.46 20 34 1
323 92.41 45.24 0.93 155.21 14 15 1
324 91.49 27.64 31.01 121.55 8 29 1
325 46.58 57.40 7.52 203.79 7 18 1
326 47.56 89.52 11.39 417.72 7 33 1
327 28.61 33.11 45.93 157.79 4 25 1
328 85.76 37.22 2.85 273.45 6 26 1
329 90.30 28.48 13.16 195.55 12 26 1
330 72.26 52.52 2.90 200.59 17 31 1
331 59.13 13.38 2.35 270.29 24 26 1
332 87.89 96.64 26.12 165.93 12 35 1
333 63.67 77.17 20.06 364.02 16 48 1
334 96.34 40.47 48.98 81.82 13 40 1
335 52.53 75.98 4.63 411.22 21 35 1
336 78.60 62.84 33.18 242.33 14 24 1
337 9.42 54.27 0.51 279.05 9 40 1
338 5.52 51.81 39.92 162.60 10 11 1
339 82.32 92.73 31.78 147.07 22 34 1
340 75.64 72.31 3.25 122.29 16 25 1
341 92.14 44.55 33.33 385.85 2 17 1
342 5.89 59.17 22.39 240.91 15 43 1
343 25.56 20.52 41.83 215.12 24 39 1
344 59.76 3.35 46.71 383.73 1 40 1
345 46.12 82.40 49.03 238.42 5 37 1
346 50.24 78.62 29.50 283.46 17 37 1
347 70.22 32.74 33.85 476.03 6 33 1
348 88.85 74.24 39.58 259.45 5 12 1
349 15.11 89.97 6.60 259.70 23 40 1
350 99.41 88.48 8.14 431.91 2 45 1
351 85.06 35.88 19.33 361.12 20 40 1
352 97.97 16.72 48.18 252.11 10 15 1
353 34.64 63.55 9.89 179.40 5 37 1
354 28.30 4.60 8.25 182.36 16 44 1
355 62.77 90.28 4.23 51.51 17 30 1
356 36.68 80.34 14.94 440.92 6 11 1
357 15.62 99.61 27.27 215.37 23 45 1
358 14.94 24.86 30.40 177.48 15 44 1
359 79.28 28.89 38.77 380.85 1 21 1
360 58.43 8.14 3.76 274.44 15 38 1
361 59.28 5.99 33.86 467.17 18 31 1
362 73.08 47.77 13.25 111.36 7 33 1
363 34.65 39.90 4.18 218.98 6 20 1
364 44.07 68.78 44.14 82.84 0 42 1
365 75.99 15.27 37.30 128.86 11 30 1
366 4.79 31.33 45.37 350.27 9 37 1
367 30.75 62.74 29.95 367.16 11 23 1
368 58.19 39.26 0.62 77.17 9 45 1
369 47.94 86.18 19.83 352.36 5 22 1
370 40.08 72.94 45.95 323.60 18 46 1
371 9.91 27.68 15.71 206.38 12 31 1
372 85.50 88.79 41.95 102.65 6 36 1
373 51.68 38.21 23.42 194.73 0 33 1
374 96.31 51.61 42.16 234.15 9 9 1
375 78.21 2.37 33.89 399.01 9 46 1
376 23.65 92.86 28.26 242.43 18 18 1
377 70.31 24.54 47.03 223.36 15 16 1
378 91.22 9.76 45.83 231.04 20 47 1
379 90.08 97.64 33.98 412.19 6 43 1
380 36.95 37.06 21.54 127.22 24 40 1
381 83.90 80.67 8.74 324.37 5 40 1
382 91.94 30.38 20.26 323.78 19 34 1
383 17.58 6.56 10.16 156.95 22 30 1
384 40.18 2.38 29.40 231.52 6 16 1
385 3.39 29.72 40.91 262.97 21 23 1
386 92.50 94.27 24.83 131.16 10 38 1
387 97.98 76.39 37.71 351.05 15 18 1
388 25.85 16.01 4.66 174.73 16 30 1
389 56.79 99.15 34.91 239.76 10 39 1
390 83.19 89.05 4.00 148.16 12 30 1
391 86.79 42.12 34.73 479.39 18 31 1
392 76.29 84.78 4.68 236.15 23 28 1
393 96.31 94.47 7.40 322.64 4 7 1
394 36.26 73.92 46.72 489.99 13 29 1
395 31.26 97.42 6.57 114.76 17 46 1
396 66.99 81.02 39.25 212.66 15 27 1
397 44.84 58.13 30.55 424.49 4 5 1
398 3.96 73.47 13.20 82.82 9 41 1
399 26.44 21.82 34.98 359.69 24 35 1
400 50.53 10.32 19.41 212.03 12 13 1
1 132.72 4723.85 1
2 180.76 2742.58 1
1 1.00 46.11 2
2 1.93 28.07 2
3 1.73 45.48 1
4 1.96 26.21 2
