Data for Vehicle routing problem with drones - Author: Huyen Do Thi Ngoc
Number of depots: 4
Number of cities: 500
Number of trucks: 6
Number of drones: 13
Area: 100 100 50
Customer maximum demand: 500
Max capacity of truck: 200
Max energy of truck: 5000
Max capacity of drone: 2
Max energy of drone: 50
1 53.20 67.16 32.29
2 42.54 37.64 33.22
3 22.18 25.95 14.77
4 0.23 37.17 15.86
1 85.80 26.79 49.85 166.38 1 29 1
2 61.35 18.35 2.33 105.94 5 29 3
3 69.79 24.86 5.96 179.26 15 39 3
4 60.66 36.45 7.65 78.12 5 11 4
5 90.69 82.82 36.68 103.29 23 27 2
6 62.35 41.36 48.56 117.76 4 33 2
7 46.04 78.07 32.60 375.81 9 33 2
8 14.38 3.14 34.47 480.43 15 17 3
9 63.35 43.76 1.60 352.29 23 30 2
10 89.15 77.32 14.95 123.05 20 48 1
11 43.40 29.96 40.39 294.74 1 48 4
12 0.46 29.61 27.17 480.41 21 33 2
13 33.57 9.34 31.82 200.90 18 31 1
14 20.76 58.52 24.04 58.14 8 29 1
15 97.63 21.65 30.02 112.91 0 42 1
16 68.92 3.26 19.20 484.22 8 24 4
17 23.47 47.96 34.73 421.59 5 45 4
18 62.38 72.32 29.91 275.84 6 44 1
19 10.96 82.24 24.32 154.83 0 41 3
20 17.69 35.73 12.21 162.96 24 36 2
21 0.93 29.98 36.76 129.51 9 17 3
22 15.49 29.59 49.81 70.05 8 47 3
23 97.79 36.51 24.32 396.89 22 33 3
24 2.71 13.22 0.49 340.71 5 46 1
25 41.89 53.54 47.95 220.26 22 35 1
26 80.07 7.87 38.08 128.57 14 16 4
27 48.22 94.07 23.54 387.24 19 44 1
28 4.03 24.81 20.75 103.16 19 44 2
29 80.81 20.42 44.39 446.28 14 31 2
30 98.72 65.04 0.55 290.50 3 35 1
31 70.64 94.64 26.20 442.62 4 19 4
32 47.94 84.10 23.77 301.62 14 22 3
33 55.79 81.05 37.88 481.51 1 33 4
34 70.25 86.76 16.35 105.83 19 37 3
35 87.63 49.82 33.26 62.56 9 12 1
36 38.69 33.14 25.29 469.89 24 41 4
37 52.33 16.54 17.86 205.68 10 16 1
38 94.98 83.10 23.32 451.77 9 39 1
39 43.83 11.39 49.56 51.52 21 29 2
40 78.38 57.68 12.78 474.29 15 38 2
41 2.37 61.64 44.37 214.04 24 26 4
42 75.88 89.81 24.32 274.27 16 22 3
43 72.56 87.21 3.53 401.23 4 22 1
44 22.70 64.62 15.15 348.65 15 31 3
45 86.30 62.05 34.43 91.18 2 27 2
46 67.48 98.36 48.76 315.80 11 43 2
47 44.50 22.11 23.70 87.31 8 22 4
48 8.72 17.26 39.01 348.63 9 27 2
49 30.45 7.83 47.82 145.87 14 42 1
50 53.47 81.62 26.51 410.24 0 9 4
51 28.12 2.30 26.71 283.43 21 22 2
52 91.41 21.29 42.40 401.50 16 19 1
53 4.58 0.12 35.42 326.76 16 16 2
54 77.14 9.97 27.47 480.60 10 29 1
55 89.14 98.94 22.63 438.63 13 45 2
56 61.04 55.58 25.92 489.15 9 20 4
57 56.74 72.47 17.37 197.74 20 42 3
58 89.04 46.59 32.83 211.49 12 41 1
59 54.41 27.82 11.16 96.18 3 24 1
60 45.40 27.48 42.86 424.54 12 13 3
61 63.17 78.53 10.28 239.72 23 39 3
62 37.71 28.50 22.01 473.92 17 24 3
63 39.74 37.39 34.98 473.48 18 35 2
64 37.24 35.30 16.39 276.92 17 38 3
65 13.92 4.46 20.83 380.07 0 2 3
66 20.58 96.45 34.40 492.17 9 30 3
67 10.18 99.70 4.02 236.50 20 27 4
68 60.67 41.10 40.05 165.79 10 11 2
69 28.13 35.96 35.24 499.83 4 35 1
70 69.35 40.65 24.13 335.86 20 22 4
71 43.62 52.89 45.29 303.54 3 44 1
72 56.55 75.24 22.91 465.86 5 34 4
73 21.40 33.53 30.08 287.04 0 15 1
74 50.11 76.01 15.14 231.36 11 31 3
75 87.51 39.86 17.17 172.73 7 20 3
76 4.18 50.06 6.65 412.70 20 31 4
77 38.00 48.62 8.04 431.31 6 21 2
78 21.46 74.67 39.63 488.49 23 36 4
79 7.23 43.62 7.27 163.03 21 30 4
80 14.67 99.16 2.44 360.12 2 31 1
81 59.97 46.02 6.36 240.17 4 7 4
82 83.90 93.56 30.47 377.97 7 43 4
83 61.45 60.28 14.37 370.67 23 30 2
84 82.48 85.43 19.41 417.94 14 32 2
85 74.75 73.06 29.10 65.71 3 43 4
86 66.32 18.53 34.03 89.58 7 43 2
87 15.24 22.29 9.25 146.07 15 22 2
88 40.67 77.63 8.26 265.81 2 26 4
89 99.17 32.64 39.15 301.65 16 19 1
90 88.68 31.71 30.58 362.28 19 28 3
91 92.62 58.76 29.60 456.52 16 35 1
92 7.11 14.25 21.26 405.44 14 35 2
93 87.19 42.29 19.50 349.86 9 23 2
94 96.17 99.58 35.16 219.89 20 27 4
95 31.75 2.82 31.52 123.41 5 48 1
96 29.51 81.79 49.31 408.60 24 41 3
97 66.32 22.30 29.44 453.40 11 30 2
98 58.02 69.19 18.75 127.68 18 39 3
99 77.19 23.62 3.30 60.92 18 42 1
100 25.31 71.52 29.73 437.11 2 35 4
101 93.30 13.04 9.48 376.99 7 12 2
102 50.62 29.82 7.99 379.29 0 17 2
103 97.15 54.74 6.77 355.62 1 16 1
104 89.20 91.73 28.47 346.00 19 28 2
105 84.41 95.99 12.59 144.87 6 7 4
106 56.44 31.34 24.96 244.23 23 46 4
107 60.29 59.06 44.58 195.59 8 35 1
108 8.62 18.76 26.59 98.66 3 11 3
109 86.73 64.45 42.74 454.18 4 28 3
110 39.08 22.91 22.64 190.87 0 28 1
111 51.07 2.30 17.27 77.46 10 10 3
112 58.31 13.35 17.84 248.92 22 28 3
113 10.42 61.77 6.26 57.83 11 41 4
114 74.90 92.98 1.10 346.29 4 15 4
115 67.27 43.40 2.69 434.84 16 20 3
116 12.84 84.82 24.65 454.44 2 21 4
117 7.84 11.17 9.69 175.49 10 15 1
118 70.80 71.55 13.75 483.55 22 22 4
119 22.68 65.02 48.78 404.07 5 15 4
120 39.97 3.51 37.26 103.81 24 28 3
121 86.62 23.48 3.11 400.42 18 18 1
122 45.81 69.55 7.87 429.51 14 38 3
123 11.50 18.22 40.58 238.90 13 34 1
124 58.48 41.92 33.87 179.80 5 46 3
125 28.16 43.67 36.60 383.72 18 22 3
126 19.37 90.24 27.63 127.52 19 46 3
127 84.87 3.72 10.67 107.49 13 37 2
128 77.31 76.17 22.60 415.31 18 30 4
129 30.84 11.16 13.09 132.49 12 38 4
130 65.32 95.92 38.33 423.15 10 18 3
131 41.34 74.10 34.36 162.57 19 41 2
132 4.98 48.92 5.72 156.12 4 25 1
133 29.59 21.48 8.41 245.78 13 32 3
134 65.57 70.73 21.62 325.78 9 37 1
135 46.76 5.52 8.06 325.43 7 14 4
136 25.72 58.71 14.21 123.56 12 22 4
137 82.39 96.48 33.28 409.93 9 46 3
138 32.35 94.11 17.24 356.76 23 43 1
139 26.66 14.80 29.85 217.39 11 38 1
140 76.21 91.28 36.38 107.33 18 29 2
141 42.51 81.38 9.00 303.60 18 30 2
142 51.18 62.14 36.10 470.07 8 39 1
143 56.58 80.73 6.44 252.83 5 35 1
144 30.98 43.96 16.91 208.81 17 30 2
145 25.50 65.23 35.42 127.59 22 28 3
146 13.54 84.06 14.62 469.69 6 31 3
147 5.03 67.27 8.61 116.90 5 45 1
148 25.85 11.75 21.47 100.02 13 40 2
149 5.19 65.43 24.95 480.93 13 23 1
150 25.64 72.93 20.33 469.82 22 29 2
151 19.81 54.19 48.85 296.12 14 27 4
152 79.23 89.71 14.94 114.00 17 20 2
153 42.08 0.18 9.94 471.78 2 23 4
154 74.16 98.64 36.42 212.53 13 29 3
155 67.47 16.92 34.74 181.83 10 37 2
156 94.39 32.54 47.79 193.32 7 40 2
157 70.50 94.10 2.05 310.68 15 30 3
158 42.23 78.35 34.15 477.24 11 18 4
159 30.34 72.27 1.07 435.65 9 20 2
160 18.12 65.64 7.15 111.21 3 43 3
161 48.43 4.88 30.66 492.17 13 48 3
162 14.31 45.71 32.63 303.15 7 30 1
163 57.67 37.33 46.24 148.20 17 36 4
164 49.67 64.88 45.26 235.45 17 24 2
165 93.13 9.94 25.36 398.18 10 31 2
166 76.94 15.84 30.27 70.00 0 35 3
167 17.30 13.67 13.95 64.60 4 14 4
168 24.85 48.54 20.90 304.13 8 34 3
169 44.02 67.23 38.96 123.11 10 43 4
170 46.74 15.72 47.03 128.28 13 23 1
171 21.67 31.27 46.42 122.71 12 14 3
172 93.63 74.76 38.67 427.60 4 24 1
173 63.52 1.64 35.03 124.78 23 43 4
174 12.61 65.64 44.58 301.27 1 13 4
175 13.45 98.77 17.25 443.51 10 14 2
176 74.59 84.84 43.36 356.43 5 12 4
177 23.69 3.93 35.90 53.73 3 40 3
178 73.86 97.38 4.80 109.32 24 37 3
179 86.01 58.20 24.41 332.62 19 38 2
180 5.93 15.18 31.03 383.36 20 39 4
181 63.12 34.12 21.80 257.98 13 14 2
182 92.66 15.78 23.45 465.07 8 11 1
183 49.69 66.51 12.80 319.46 20 21 2
184 69.59 1.74 36.21 56.36 2 46 2
185 35.20 29.79 9.97 472.41 24 29 3
186 33.92 91.22 42.32 306.47 20 21 1
187 28.33 17.35 23.13 424.27 0 17 3
188 78.03 64.38 15.69 282.48 16 44 1
189 31.15 2.05 9.38 213.26 15 19 3
190 44.70 64.53 20.09 252.07 16 47 4
191 89.82 38.91 8.09 301.82 3 29 3
192 13.02 66.79 8.31 375.45 18 23 1
193 75.00 58.52 4.48 52.79 18 35 1
194 0.05 48.37 27.98 65.50 16 18 1
195 11.81 42.76 42.33 494.79 13 38 1
196 62.82 22.93 38.91 334.04 5 10 2
197 62.50 79.26 33.02 362.51 7 47 2
198 32.12 41.87 10.17 96.01 3 40 1
199 22.51 76.30 4.29 318.70 13 30 1
200 88.94 40.95 10.39 57.01 18 22 4
201 32.11 71.42 39.77 411.34 7 35 3
202 69.03 14.81 1.14 287.45 14 27 3
203 21.53 72.69 29.56 406.80 17 20 1
204 81.49 36.68 27.47 384.71 4 46 1
205 20.33 73.05 23.42 464.11 6 39 3
206 57.18 42.09 11.70 68.71 7 14 1
207 81.58 87.64 34.73 318.57 4 32 1
208 36.21 81.48 0.42 442.82 4 25 4
209 67.47 45.86 7.27 198.18 4 13 1
210 18.86 86.26 13.32 168.28 20 47 4
211 54.95 20.05 17.13 153.47 19 38 3
212 74.55 62.19 45.47 361.04 0 15 1
213 23.39 35.52 20.11 247.22 18 29 2
214 19.92 47.94 27.46 344.43 12 20 1
215 24.95 3.51 31.68 325.80 3 33 2
216 11.30 69.34 36.31 76.13 5 42 2
217 41.34 89.81 12.73 125.08 5 6 1
218 79.19 28.35 20.05 260.63 13 41 4
219 60.77 38.81 46.90 385.11 19 20 4
220 90.02 13.41 31.03 488.70 20 29 3
221 3.83 22.76 36.05 64.43 21 37 2
222 48.84 62.25 36.30 380.98 1 42 1
223 49.06 90.44 10.18 338.59 23 43 4
224 70.18 55.11 25.07 58.29 7 33 4
225 55.42 12.31 33.11 398.83 18 39 3
226 62.80 72.38 28.92 301.83 8 38 1
227 2.85 31.21 4.80 360.65 16 37 4
228 47.55 46.54 47.11 370.72 7 7 4
229 18.46 57.35 14.74 177.92 19 22 2
230 81.61 4.25 46.18 178.52 17 41 4
231 44.38 64.31 29.77 434.12 2 25 3
232 87.24 79.59 17.85 401.13 24 29 2
233 53.05 7.80 13.81 96.15 2 25 2
234 37.81 98.04 33.20 185.01 5 25 1
235 91.32 32.28 47.95 195.50 13 21 4
236 6.47 95.05 45.26 109.35 22 25 1
237 61.70 36.18 34.10 262.83 22 39 2
238 93.43 58.21 6.77 304.96 4 45 1
239 4.86 65.49 33.15 78.95 18 37 3
240 66.51 19.43 31.30 288.47 17 31 4
241 78.83 33.66 17.33 191.47 2 21 4
242 92.45 86.58 41.25 271.96 14 34 1
243 44.18 98.36 24.88 270.25 11 47 1
244 8.41 35.62 3.54 364.61 7 14 4
245 16.44 31.46 36.79 276.69 18 45 2
246 70.52 68.70 8.52 138.71 18 35 2
247 1.06 99.17 44.61 422.03 23 24 3
248 74.35 57.89 18.81 122.58 4 48 2
249 49.52 73.69 8.39 427.04 24 29 3
250 93.87 11.79 30.78 222.84 19 32 1
251 14.96 69.17 30.74 319.78 14 44 4
252 21.78 57.74 27.58 121.70 24 26 3
253 11.08 46.26 35.29 445.45 7 12 4
254 81.57 11.45 9.78 179.88 7 24 2
255 98.64 0.07 46.25 141.90 0 26 3
256 47.47 98.57 3.90 291.06 24 37 4
257 23.90 9.05 16.54 132.54 7 18 3
258 18.02 37.68 36.07 454.63 19 42 2
259 94.79 26.62 15.67 144.74 0 44 4
260 67.43 51.96 49.74 248.34 9 18 4
261 10.84 49.66 36.12 373.21 12 38 2
262 92.21 94.43 46.03 120.49 10 48 3
263 67.78 40.99 7.56 166.79 24 43 1
264 54.50 32.55 12.42 51.62 12 16 2
265 76.81 61.73 44.28 321.46 24 39 2
266 69.07 68.40 43.69 494.82 7 24 4
267 85.55 88.85 30.14 352.45 0 13 4
268 31.23 2.58 1.98 474.67 3 7 1
269 1.14 17.66 36.33 328.70 21 24 4
270 7.60 8.56 21.55 65.24 2 9 2
271 43.01 94.32 3.42 249.23 4 43 4
272 2.89 39.11 18.96 470.09 17 42 4
273 1.28 16.76 28.41 66.75 23 45 1
274 79.74 31.40 0.38 469.37 19 39 1
275 84.71 66.15 44.69 322.10 22 43 1
276 19.89 36.06 15.71 374.29 4 33 1
277 57.56 86.53 6.24 202.32 1 39 1
278 61.08 49.40 22.69 151.23 2 32 2
279 95.82 99.44 7.95 497.65 10 35 3
280 99.45 6.27 24.03 384.20 9 13 4
281 91.01 52.45 14.10 180.69 16 44 4
282 67.82 13.60 5.92 69.52 7 29 4
283 31.00 53.00 25.32 80.68 12 12 2
284 0.94 10.76 21.03 262.69 16 38 3
285 72.70 36.88 19.17 455.86 8 42 2
286 91.66 60.48 35.79 304.85 13 42 2
287 40.28 61.48 44.16 96.15 19 45 2
288 20.50 35.32 9.89 279.38 23 37 4
289 41.11 2.98 13.46 207.79 8 13 1
290 62.53 15.28 48.81 399.46 15 31 2
291 53.57 82.06 29.03 452.10 5 26 1
292 44.20 18.40 36.47 141.82 18 29 4
293 18.84 69.29 11.73 472.48 12 35 4
294 66.66 21.91 49.80 330.31 21 40 4
295 43.15 43.18 11.86 272.22 14 15 1
296 93.60 93.25 17.61 114.48 23 39 1
297 67.90 63.58 27.37 360.81 0 3 1
298 7.68 76.16 27.29 415.45 6 32 4
299 22.58 23.45 30.11 231.41 11 23 3
300 96.17 17.16 31.64 244.96 9 9 4
301 46.45 68.20 25.26 323.40 16 44 3
302 99.18 24.29 23.16 219.95 23 35 1
303 99.98 11.05 2.22 229.71 4 18 1
304 64.00 48.73 8.28 55.30 7 29 4
305 44.73 56.58 6.75 469.45 22 22 3
306 21.18 92.28 0.47 280.63 11 20 2
307 44.67 52.74 28.20 490.91 15 28 4
308 53.43 81.93 16.21 151.55 3 46 1
309 66.24 47.88 15.76 249.65 22 34 2
310 25.07 57.69 2.79 330.14 1 38 4
311 73.58 56.01 22.08 495.28 13 16 1
312 42.20 54.44 6.78 268.68 10 32 1
313 51.23 72.58 29.98 209.81 9 27 3
314 25.58 62.97 34.29 142.34 17 24 4
315 87.67 39.95 30.50 227.05 4 27 3
316 4.38 82.36 7.31 360.29 20 42 2
317 40.14 75.16 0.14 210.80 7 14 2
318 95.52 29.98 47.32 307.10 0 4 4
319 38.36 52.99 44.74 335.78 21 21 2
320 29.47 37.23 0.15 256.02 22 34 4
321 90.63 68.08 3.44 493.62 20 30 1
322 24.87 71.82 4.32 280.79 12 30 2
323 12.84 81.51 32.91 265.71 18 25 2
324 51.53 60.58 37.59 276.85 14 23 2
325 18.86 26.25 45.32 186.51 9 39 2
326 16.23 27.06 39.80 401.27 6 28 2
327 29.08 56.13 34.74 399.80 2 40 4
328 25.80 84.01 38.86 291.00 19 34 3
329 62.93 16.84 7.00 268.99 23 33 3
330 75.76 25.28 4.10 161.33 13 45 4
331 14.42 83.61 34.37 214.86 14 15 2
332 38.72 49.75 3.75 421.75 12 33 2
333 13.69 79.38 47.37 357.00 8 25 4
334 3.55 9.52 9.53 203.40 7 19 3
335 7.44 11.31 3.28 437.55 9 27 2
336 52.68 0.59 5.94 190.05 21 34 2
337 7.13 6.24 7.80 462.56 20 30 2
338 15.01 66.02 14.26 313.61 12 21 1
339 53.07 65.77 12.11 475.86 6 32 2
340 92.03 30.84 19.14 433.73 15 24 4
341 11.27 4.62 24.42 130.84 3 5 1
342 44.32 26.16 4.25 89.19 23 43 3
343 20.28 22.80 9.86 78.75 11 24 3
344 38.45 88.30 2.65 205.03 2 46 2
345 57.31 78.67 29.11 314.23 5 47 4
346 85.45 98.33 23.75 455.29 0 43 4
347 78.03 90.78 9.72 163.21 2 36 2
348 26.13 81.58 19.39 102.76 21 29 3
349 43.13 77.51 20.87 361.07 20 24 3
350 98.17 64.54 23.22 445.20 17 35 2
351 99.88 31.93 28.37 461.98 0 18 4
352 17.31 68.86 17.27 138.62 4 5 2
353 10.38 43.09 21.92 152.82 10 18 1
354 30.40 10.05 39.10 495.25 14 38 2
355 58.60 60.21 46.66 470.85 0 3 1
356 1.74 79.25 28.25 307.53 3 40 4
357 31.32 47.94 27.62 203.39 2 6 1
358 83.55 85.50 11.44 218.51 14 47 4
359 27.49 72.90 27.83 399.46 18 37 4
360 49.33 45.54 15.16 434.11 15 40 2
361 29.63 16.01 9.35 110.00 15 21 1
362 24.26 61.84 16.13 367.49 3 22 2
363 1.16 85.03 3.51 198.73 20 33 3
364 72.15 75.03 14.48 50.20 10 39 3
365 86.71 35.98 11.28 167.67 15 43 3
366 3.19 7.39 25.66 419.26 2 25 1
367 94.79 19.56 45.57 464.07 11 38 2
368 49.04 82.46 18.75 72.56 24 44 4
369 10.13 63.15 2.29 312.93 6 17 3
370 74.84 27.92 17.43 271.35 1 26 3
371 36.19 74.94 28.62 467.54 1 46 1
372 33.52 16.19 2.53 363.07 0 31 1
373 11.27 66.81 41.61 274.86 24 30 4
374 88.87 52.27 11.80 404.99 2 5 1
375 36.75 80.46 42.52 490.86 21 31 2
376 31.10 34.95 14.56 75.41 14 27 4
377 93.02 32.88 16.87 71.11 0 25 1
378 37.15 59.34 3.95 255.70 23 32 3
379 98.07 79.70 27.51 136.50 2 22 4
380 57.58 43.34 15.48 437.62 15 40 3
381 25.12 19.95 23.15 423.55 23 25 1
382 38.13 9.30 36.54 285.94 9 46 2
383 70.38 40.28 10.90 61.57 10 25 2
384 87.77 55.02 23.78 433.01 24 42 1
385 32.87 86.21 14.40 334.91 15 19 2
386 9.83 60.07 12.63 173.97 1 16 1
387 60.78 79.57 36.01 279.47 23 34 2
388 11.88 62.69 26.50 113.68 18 40 3
389 85.26 85.01 4.14 415.70 6 39 1
390 38.94 37.78 29.92 315.70 1 16 4
391 85.39 98.41 21.63 347.42 10 36 4
392 15.77 20.51 47.04 366.58 12 26 3
393 78.23 62.10 1.14 445.50 22 42 4
394 75.50 80.61 14.86 54.10 16 40 3
395 94.86 96.30 38.85 328.19 19 47 3
396 6.09 43.78 3.08 496.75 16 18 3
397 0.66 37.07 9.50 204.97 8 43 4
398 1.31 98.83 5.46 446.27 6 39 3
399 89.93 81.26 31.79 212.64 16 25 1
400 62.48 0.54 22.47 340.11 4 33 1
401 8.27 92.07 29.77 311.10 3 29 3
402 61.76 8.72 28.78 280.07 13 31 1
403 88.61 82.00 13.27 210.58 24 29 3
404 30.67 53.55 23.55 317.72 17 17 3
405 64.38 25.47 17.92 219.12 18 47 4
406 43.02 61.75 11.59 459.25 11 41 4
407 55.59 42.78 3.46 493.69 0 10 3
408 89.04 84.13 45.61 408.92 13 40 2
409 16.33 1.22 12.50 54.85 7 21 3
410 69.77 17.05 47.65 449.53 21 39 3
411 12.07 82.60 24.51 424.12 22 33 4
412 41.15 49.10 49.74 75.49 4 19 4
413 14.44 92.32 29.04 160.54 18 40 1
414 96.16 35.34 4.88 317.35 9 25 3
415 53.26 14.84 39.98 281.67 2 44 1
416 89.88 30.67 30.65 309.21 15 47 2
417 15.31 24.62 0.94 327.74 7 31 3
418 42.31 80.42 24.02 496.58 6 7 3
419 84.61 22.74 36.44 187.19 1 33 3
420 6.62 8.79 14.52 192.74 13 46 3
421 54.09 96.98 25.43 443.12 15 22 4
422 73.95 86.25 15.05 264.56 21 33 4
423 62.18 28.71 34.80 192.82 17 37 4
424 97.00 7.90 14.20 129.57 0 7 4
425 17.95 53.54 11.17 429.16 10 32 1
426 61.24 8.55 10.67 374.61 20 21 1
427 16.84 66.22 11.77 249.97 0 20 1
428 41.08 83.32 40.35 373.70 21 29 4
429 72.10 33.23 31.58 453.97 10 11 1
430 13.42 7.80 5.22 64.55 8 19 1
431 5.31 18.04 47.91 434.19 1 25 2
432 14.73 90.09 14.51 108.31 24 40 3
433 6.41 25.55 38.24 391.38 21 34 2
434 27.52 58.80 8.09 64.80 22 24 3
435 26.01 99.85 43.30 393.39 13 38 4
436 8.81 91.90 46.67 195.62 21 42 3
437 80.00 61.70 30.77 351.46 14 32 3
438 66.41 33.86 12.85 155.68 21 24 1
439 11.88 4.34 1.28 132.72 22 45 1
440 24.40 77.79 10.80 115.83 16 36 3
441 31.08 63.64 42.45 319.65 19 25 2
442 46.66 63.75 13.51 411.26 3 38 4
443 83.62 64.77 10.77 236.62 21 21 1
444 86.19 1.66 43.43 214.90 11 17 2
445 81.88 97.36 15.79 453.10 3 39 4
446 48.80 24.57 6.61 136.84 2 5 4
447 98.10 77.32 28.89 153.91 13 15 2
448 84.21 50.82 13.73 118.76 22 32 1
449 67.77 22.68 33.09 220.07 15 27 3
450 16.89 67.24 44.22 194.49 17 43 1
451 5.46 40.85 22.98 258.06 10 47 4
452 49.73 98.76 23.73 335.04 18 33 3
453 86.46 53.60 28.47 288.77 5 34 4
454 81.50 38.89 27.59 278.74 0 26 4
455 64.81 31.36 32.33 303.57 6 16 1
456 85.53 19.73 42.40 325.92 17 23 3
457 75.87 78.94 3.18 226.17 19 47 3
458 71.63 24.99 20.64 317.64 20 48 4
459 30.86 10.69 6.57 383.93 4 23 3
460 65.65 53.09 5.61 445.39 24 36 1
461 65.11 16.24 11.49 478.15 1 39 2
462 91.79 65.17 43.92 152.09 8 10 1
463 75.87 94.00 12.79 454.16 15 29 3
464 89.77 68.86 14.73 335.07 12 21 4
465 71.25 97.00 30.68 439.53 17 29 2
466 80.55 6.07 44.81 127.72 3 34 1
467 84.61 71.31 22.86 207.36 10 23 1
468 47.09 28.63 27.69 435.00 9 48 1
469 49.53 11.04 40.75 373.86 5 15 3
470 52.09 62.28 43.34 281.66 19 40 4
471 27.42 26.66 1.48 387.98 7 17 4
472 86.59 35.24 42.61 165.31 11 22 2
473 58.70 76.62 45.98 54.31 1 2 4
474 62.25 67.62 25.77 211.77 20 28 2
475 86.76 95.39 40.04 491.45 18 18 2
476 90.87 22.89 2.04 367.02 2 9 1
477 0.48 76.74 2.46 82.76 7 32 2
478 68.11 27.42 12.51 180.71 17 42 1
479 17.95 42.67 29.20 299.14 0 27 4
480 48.44 60.88 33.56 134.68 24 45 2
481 41.65 72.87 12.72 121.47 17 29 1
482 50.44 23.97 45.13 78.93 9 14 4
483 17.62 13.39 20.47 458.86 13 19 2
484 76.38 78.29 28.69 108.53 15 36 4
485 2.99 34.03 11.36 215.63 9 26 3
486 14.45 35.93 25.06 499.06 23 28 4
487 1.13 85.28 29.97 316.33 24 37 1
488 6.06 95.27 3.63 65.08 1 43 1
489 86.42 63.05 43.16 282.48 12 15 2
490 87.53 35.12 38.62 405.62 12 16 3
491 85.72 65.04 7.03 466.98 1 47 4
492 54.26 19.99 41.29 158.67 23 34 3
493 95.25 8.04 45.94 395.53 1 16 4
494 26.77 96.99 29.50 418.74 19 32 2
495 55.57 58.07 0.61 133.03 7 16 1
496 69.22 21.88 45.21 269.01 19 38 3
497 84.99 53.80 42.08 244.43 12 39 3
498 89.60 24.68 16.44 87.36 12 48 4
499 1.33 67.15 29.29 261.30 24 31 1
500 18.39 82.87 8.92 57.03 1 21 1
1 191.27 3833.79 1
2 159.83 3230.54 2
3 116.69 4560.66 3
4 134.35 2728.71 4
5 168.05 4159.54 1
6 143.58 2588.12 1
1 1.90 28.10 3
2 1.09 45.68 2
3 1.27 41.41 1
4 1.67 42.84 1
5 1.18 34.48 1
6 1.05 30.09 1
7 1.27 34.90 4
8 1.83 41.86 3
9 1.47 27.40 3
10 1.74 29.10 5
11 1.88 47.94 5
12 1.08 26.24 4
13 1.96 39.91 1
