Data for Vehicle routing problem with drones - Author: Huyen Do Thi Ngoc
Number of depots: 5
Number of cities: 500
Number of trucks: 7
Number of drones: 10
Area: 100 100 50
Customer maximum demand: 500
Max capacity of truck: 200
Max energy of truck: 5000
Max capacity of drone: 2
Max energy of drone: 50
1 12.15 54.23 36.63
2 28.25 39.53 37.99
3 42.71 10.90 27.61
4 64.69 81.18 37.35
5 49.75 59.46 25.16
1 62.80 76.61 15.07 157.05 23 37 1
2 92.13 66.69 2.26 200.14 21 32 2
3 33.24 99.42 32.02 365.32 0 27 4
4 19.66 62.55 1.86 460.91 11 15 4
5 57.59 0.64 38.76 91.29 12 43 1
6 26.98 31.43 12.39 200.86 14 46 3
7 38.59 59.67 6.48 226.26 3 32 4
8 83.62 63.55 9.88 167.71 22 37 2
9 98.52 21.26 42.20 482.99 22 33 3
10 36.62 41.94 3.44 438.72 9 12 5
11 74.52 0.63 32.36 293.77 1 36 3
12 20.30 24.55 20.74 241.25 6 27 3
13 75.46 28.24 20.51 463.43 15 20 5
14 53.82 20.62 0.05 172.22 16 20 5
15 14.45 13.35 5.45 418.68 5 24 1
16 74.19 82.68 19.07 214.69 8 40 3
17 77.44 56.86 7.98 99.50 17 28 1
18 20.21 3.09 24.94 219.94 12 15 2
19 89.81 93.00 8.92 309.65 7 19 3
20 95.06 92.98 27.36 496.83 5 25 5
21 52.56 93.32 29.53 221.33 14 25 5
22 86.05 99.84 0.59 104.61 10 48 5
23 93.09 94.47 29.38 264.17 15 17 2
24 3.32 32.52 8.93 287.09 18 38 1
25 21.43 75.41 16.86 442.28 5 29 3
26 63.03 58.52 13.03 73.99 2 42 2
27 43.66 92.59 10.40 196.29 20 34 4
28 36.44 44.07 31.81 412.40 13 32 5
29 16.98 43.80 28.16 455.91 13 38 2
30 5.82 51.93 5.86 270.63 1 43 3
31 47.02 87.93 1.48 83.42 13 41 1
32 23.64 64.68 46.79 435.93 4 48 2
33 55.26 69.30 47.08 96.75 13 37 3
34 89.14 19.56 3.28 56.41 22 28 4
35 5.41 32.72 4.45 426.61 22 29 2
36 62.22 70.90 24.74 348.02 11 41 1
37 45.40 97.83 12.22 55.18 4 38 5
38 90.23 46.74 48.28 361.70 2 4 4
39 86.09 63.71 4.73 496.55 18 30 5
40 54.89 7.11 6.83 87.29 15 23 1
41 18.68 28.98 13.55 361.39 10 44 4
42 33.06 98.18 49.43 104.55 22 46 1
43 60.86 72.80 9.50 189.57 3 15 4
44 74.91 88.50 46.29 340.86 13 24 2
45 65.26 84.20 30.18 156.22 3 46 5
46 29.93 98.17 8.78 315.12 16 32 4
47 98.24 14.39 39.10 402.24 7 21 4
48 17.02 68.73 1.14 417.18 23 40 5
49 82.72 81.15 16.93 198.77 24 27 1
50 30.51 45.48 40.05 89.69 19 41 1
51 96.81 76.31 34.03 264.70 4 43 2
52 29.07 23.16 0.97 68.62 10 42 4
53 3.16 98.06 13.10 282.71 18 27 5
54 22.90 36.55 36.57 316.28 14 16 1
55 66.93 81.55 25.92 218.64 4 12 2
56 94.72 91.24 33.42 162.19 7 28 1
57 92.12 43.85 36.56 189.76 19 22 3
58 26.96 85.06 40.34 469.20 2 20 1
59 17.24 46.50 2.40 384.73 16 44 1
60 67.11 2.69 5.28 383.23 14 42 1
61 75.02 89.69 42.78 369.25 23 45 2
62 50.09 40.78 16.09 170.22 12 14 4
63 5.81 45.07 45.87 184.71 20 48 1
64 13.17 85.58 21.33 164.17 15 44 5
65 23.64 14.94 24.45 460.05 18 34 3
66 60.53 19.85 27.43 78.62 22 38 1
67 27.70 78.47 17.97 354.43 4 30 1
68 68.97 15.71 35.86 277.96 24 46 4
69 71.99 40.90 24.15 262.20 11 17 3
70 84.36 22.66 19.67 171.43 3 47 4
71 88.37 73.84 45.11 60.63 14 39 4
72 5.83 62.96 33.89 215.61 22 25 3
73 37.94 17.66 6.93 325.62 4 20 5
74 32.97 98.08 2.84 88.19 6 31 4
75 24.62 43.13 23.91 165.25 2 29 5
76 43.41 54.75 41.10 250.29 17 36 4
77 42.80 81.79 35.82 319.73 23 44 3
78 44.86 18.81 12.48 464.05 8 34 3
79 18.81 91.96 19.06 195.14 5 20 4
80 22.98 94.15 11.08 178.30 8 48 3
81 31.31 85.65 48.68 173.09 1 43 3
82 45.29 33.95 47.75 445.26 8 33 3
83 7.08 48.94 23.94 448.50 16 41 5
84 73.49 0.27 12.46 263.41 20 48 3
85 8.59 81.43 22.87 443.00 23 35 1
86 76.98 7.51 13.73 373.25 23 41 3
87 83.12 95.90 19.72 273.72 22 42 5
88 10.21 10.89 31.55 455.83 11 26 3
89 1.73 1.09 5.41 86.57 9 21 5
90 6.28 39.20 15.13 401.15 8 11 2
91 41.33 62.53 31.61 356.12 14 41 3
92 57.90 43.52 18.53 379.65 4 20 5
93 10.26 55.06 19.28 442.94 2 12 5
94 24.43 86.64 8.35 422.23 24 33 1
95 81.02 3.87 43.89 111.41 3 9 1
96 90.13 61.52 1.04 186.38 15 24 1
97 99.79 15.04 2.95 467.15 19 40 4
98 30.75 97.67 37.19 178.26 24 37 3
99 12.76 27.19 27.62 260.96 15 39 4
100 70.04 70.36 10.90 356.46 5 6 3
101 16.38 7.26 43.01 297.19 23 33 2
102 76.26 10.97 43.67 248.80 7 22 3
103 45.18 64.25 23.95 162.90 4 35 5
104 1.43 60.81 24.11 445.73 5 47 5
105 85.04 21.95 18.31 218.82 20 38 3
106 61.50 7.02 39.75 164.37 8 46 5
107 78.26 81.61 18.56 195.72 11 14 5
108 9.30 77.43 9.00 489.95 5 24 2
109 89.45 37.65 46.75 148.00 12 22 5
110 85.01 22.11 4.52 176.20 23 25 2
111 51.28 18.83 39.50 392.73 16 42 5
112 98.23 41.08 6.35 464.29 14 31 4
113 69.94 10.30 22.00 457.64 3 24 5
114 22.20 0.04 8.37 202.48 4 47 4
115 62.54 35.33 28.83 427.96 14 36 2
116 56.57 7.32 27.50 346.24 2 15 4
117 93.96 59.56 39.26 352.30 10 41 5
118 40.88 91.30 22.18 94.76 10 14 1
119 3.99 25.45 31.38 177.92 9 45 3
120 27.53 44.22 42.19 490.17 13 31 5
121 52.35 79.93 35.80 232.70 24 34 3
122 19.30 3.38 4.78 433.80 24 31 5
123 49.55 93.20 43.04 247.65 6 36 4
124 6.79 57.53 5.72 386.65 2 32 4
125 23.01 84.94 30.28 173.70 19 23 5
126 94.42 97.83 44.26 434.17 19 24 5
127 68.60 40.67 42.85 122.48 6 14 2
128 33.21 91.15 43.27 219.66 20 28 3
129 60.19 41.72 31.45 448.19 22 38 4
130 23.78 72.43 45.79 249.51 19 24 5
131 34.38 28.71 28.31 296.05 17 40 3
132 27.25 77.66 39.90 337.75 11 38 5
133 95.43 40.48 6.04 294.66 17 45 3
134 24.62 38.37 5.42 438.01 20 20 5
135 9.20 88.79 32.49 326.72 9 10 5
136 75.59 36.44 11.96 194.08 7 9 2
137 62.50 40.53 36.70 346.25 3 21 4
138 4.97 16.60 34.94 140.08 15 21 5
139 40.94 78.19 3.48 441.73 5 30 2
140 86.27 49.76 3.96 243.69 3 39 4
141 2.26 25.78 1.65 221.35 1 19 2
142 81.87 78.74 21.58 370.53 18 39 2
143 9.65 30.71 27.30 244.65 21 39 2
144 84.76 59.93 5.10 229.46 22 33 3
145 47.94 69.85 5.95 246.77 11 40 1
146 54.16 12.97 24.55 58.77 22 46 4
147 53.89 26.65 9.68 221.98 16 22 4
148 28.03 49.37 3.72 335.07 10 37 5
149 86.90 72.34 14.51 376.28 2 30 3
150 29.83 27.42 20.94 308.46 16 45 5
151 45.52 59.64 11.21 403.39 23 47 4
152 21.93 64.36 16.19 103.76 1 30 5
153 90.98 47.22 43.24 407.77 6 13 3
154 91.93 61.89 23.02 498.46 18 25 1
155 26.64 25.31 12.56 466.08 2 8 1
156 72.79 76.67 41.34 474.94 20 32 4
157 64.79 27.32 11.63 86.84 6 41 1
158 96.31 67.35 28.46 353.64 22 34 2
159 99.14 66.66 31.53 361.94 21 36 2
160 60.12 51.31 38.40 266.65 4 17 3
161 25.57 56.04 4.71 499.66 20 21 5
162 65.47 16.75 31.38 489.99 13 19 2
163 1.62 76.96 22.84 281.59 8 26 2
164 38.53 8.65 33.28 75.37 8 19 3
165 52.20 73.19 46.98 62.94 18 18 2
166 91.53 86.98 48.92 114.91 10 26 3
167 67.09 22.89 43.74 328.99 3 31 3
168 18.30 2.17 42.68 160.21 6 44 2
169 28.34 19.73 17.34 361.36 12 30 5
170 96.33 51.92 25.60 183.18 10 30 5
171 40.49 33.16 26.35 235.77 3 15 1
172 0.06 3.96 3.26 485.20 22 35 2
173 18.29 36.56 8.01 103.97 14 22 2
174 8.98 91.78 29.63 316.69 21 44 3
175 4.05 40.38 31.71 131.41 19 42 5
176 43.86 85.22 24.95 316.37 7 17 2
177 73.71 31.13 28.60 185.70 16 21 4
178 16.55 91.84 5.08 191.57 23 40 2
179 85.18 98.59 37.65 357.69 16 18 1
180 38.93 44.11 7.22 307.09 13 27 4
181 4.51 26.54 32.28 479.91 7 28 3
182 87.92 39.99 24.17 265.48 5 30 1
183 32.68 58.00 47.96 342.84 15 47 2
184 94.65 59.22 39.00 244.90 7 27 4
185 83.03 19.36 14.59 364.57 23 25 3
186 20.13 26.40 43.17 101.84 16 27 2
187 38.39 6.28 14.80 264.43 8 18 4
188 94.52 66.66 11.40 184.83 9 16 1
189 71.85 78.51 45.23 340.51 6 8 3
190 74.76 60.91 20.98 497.76 11 26 2
191 13.35 98.99 42.98 130.88 19 36 1
192 67.81 80.07 46.26 232.71 5 22 1
193 86.28 82.04 20.53 53.21 9 20 5
194 46.81 54.70 19.20 284.80 17 42 2
195 67.95 21.68 1.73 307.96 20 28 5
196 14.03 69.94 4.54 152.98 2 21 2
197 33.80 11.77 10.61 332.02 4 10 2
198 77.53 45.84 33.08 470.34 23 29 1
199 16.85 89.56 39.63 182.87 11 45 2
200 30.13 57.20 38.68 161.07 12 25 1
201 90.46 17.58 43.72 391.21 10 34 2
202 56.54 95.13 3.31 484.31 5 16 4
203 79.90 51.56 2.76 84.94 11 18 3
204 11.71 72.82 34.60 82.07 9 48 3
205 90.48 59.83 8.91 440.80 14 18 1
206 56.87 9.11 14.50 411.32 24 27 2
207 77.41 70.76 37.46 297.13 10 48 4
208 36.92 22.44 9.37 362.64 8 9 4
209 47.57 31.64 10.87 231.71 16 28 5
210 92.35 45.99 37.72 138.05 23 46 3
211 7.24 1.56 29.06 60.29 1 28 5
212 77.77 48.48 41.28 301.33 16 26 5
213 4.30 99.78 18.80 273.99 2 20 4
214 47.20 88.67 47.26 84.25 17 19 4
215 10.25 42.17 1.89 263.93 12 13 1
216 34.36 56.87 41.59 393.53 16 25 5
217 31.50 64.20 31.71 188.08 5 35 2
218 2.60 79.94 35.15 107.51 23 30 3
219 58.99 5.29 24.11 363.06 10 18 3
220 73.35 25.54 38.39 403.27 3 46 3
221 85.32 75.68 23.98 443.87 24 25 4
222 13.62 5.79 23.02 240.81 13 26 2
223 59.18 95.53 39.71 410.77 5 18 2
224 3.04 61.83 14.01 88.39 10 14 5
225 48.38 28.51 5.70 173.78 21 27 2
226 5.09 1.48 33.16 254.57 22 37 1
227 67.37 91.96 0.84 150.75 2 47 2
228 34.65 96.78 17.03 398.18 17 18 5
229 52.37 65.83 45.98 133.36 23 44 2
230 33.10 98.31 9.34 118.79 2 25 5
231 45.31 70.71 14.60 295.94 23 47 2
232 55.50 55.82 3.60 440.17 19 45 3
233 95.52 93.64 42.86 372.03 7 18 3
234 8.72 34.84 27.33 426.53 9 29 4
235 53.25 63.16 19.19 176.31 0 46 3
236 32.69 55.90 41.43 295.60 14 40 1
237 95.51 5.43 48.81 330.26 22 25 5
238 46.43 34.31 48.62 385.51 21 42 4
239 60.23 34.75 44.94 454.15 10 40 1
240 85.05 52.57 36.62 97.87 11 36 5
241 23.84 27.67 14.63 179.09 18 32 3
242 24.68 59.46 49.25 499.63 19 32 3
243 75.28 43.02 26.06 102.73 10 23 1
244 4.39 12.92 3.60 103.98 15 33 1
245 71.50 84.76 46.96 250.93 2 32 4
246 86.82 9.13 10.08 177.33 18 29 3
247 75.84 95.98 38.85 51.97 13 21 1
248 65.73 20.88 45.44 71.62 11 17 1
249 23.67 92.58 27.58 421.06 0 27 2
250 21.98 26.56 17.45 222.28 7 41 3
251 76.23 56.52 32.95 154.50 13 17 3
252 51.27 2.65 22.34 327.25 17 41 3
253 12.98 15.08 17.06 68.38 7 23 1
254 49.39 38.86 38.59 465.77 5 46 1
255 92.29 15.94 3.51 327.28 1 36 3
256 58.61 34.46 4.16 439.37 19 31 4
257 70.11 64.13 36.73 312.64 22 41 5
258 75.27 47.40 31.38 303.58 10 37 2
259 58.41 4.19 9.01 290.93 0 11 4
260 68.33 16.87 3.49 270.61 15 25 3
261 45.83 12.07 3.91 411.29 12 18 3
262 73.84 5.75 49.28 108.67 3 46 2
263 9.73 43.31 45.51 305.60 21 30 4
264 43.44 32.36 33.86 459.06 4 32 1
265 43.71 1.25 8.57 347.39 17 45 1
266 10.78 86.02 9.90 208.23 23 28 4
267 28.09 43.98 19.16 353.76 8 46 1
268 1.67 72.80 43.13 210.11 8 20 5
269 49.92 6.31 30.77 233.90 5 45 1
270 95.53 87.77 25.53 191.66 2 13 2
271 89.97 93.87 30.40 355.59 14 14 4
272 40.93 61.40 16.57 281.86 8 29 5
273 81.28 88.52 46.94 178.74 11 46 3
274 68.12 34.54 1.23 310.89 20 48 1
275 33.19 23.34 38.31 251.78 21 44 5
276 5.09 91.63 15.15 485.50 11 18 4
277 32.70 24.27 4.94 444.94 0 14 2
278 36.50 1.50 26.51 298.18 15 45 2
279 16.92 44.19 2.78 269.53 18 25 4
280 11.35 64.94 24.72 430.82 4 36 3
281 58.38 95.34 5.78 134.50 24 39 4
282 25.24 94.21 16.86 57.33 17 33 5
283 28.99 86.86 29.89 427.85 22 34 1
284 54.34 81.76 46.54 61.11 14 18 1
285 41.13 21.50 34.03 468.29 7 13 2
286 55.88 10.00 11.64 134.76 3 43 5
287 23.48 3.40 31.48 262.78 6 31 4
288 13.32 94.25 20.93 451.83 7 9 3
289 50.74 23.16 9.24 439.34 21 45 1
290 74.29 82.72 18.75 197.92 20 41 2
291 67.05 2.53 20.12 77.27 5 29 2
292 96.21 70.81 43.13 421.41 5 47 5
293 86.55 46.16 25.03 345.03 12 35 3
294 90.04 24.28 36.94 54.26 2 3 4
295 30.47 89.99 20.91 271.66 19 27 3
296 54.33 10.34 10.39 337.97 19 39 4
297 18.97 88.27 35.85 392.58 10 39 1
298 63.14 39.00 23.75 270.95 8 11 4
299 97.11 3.71 19.72 210.36 14 21 5
300 65.01 90.68 16.86 433.20 23 28 1
301 3.92 28.98 13.73 75.12 22 47 5
302 26.08 74.22 11.00 465.52 4 28 1
303 15.32 99.03 37.72 414.91 17 20 2
304 70.92 55.33 35.17 136.04 14 21 2
305 59.97 95.42 29.08 376.46 2 15 4
306 72.95 30.09 39.94 163.30 13 44 5
307 66.65 10.17 13.89 283.77 3 18 2
308 75.75 65.70 30.54 360.26 22 46 5
309 2.89 95.81 1.62 143.52 0 26 4
310 23.51 59.56 32.82 138.20 12 30 1
311 99.22 28.85 25.71 161.48 7 25 5
312 55.17 85.44 40.90 306.65 6 27 2
313 30.06 95.68 26.09 471.60 7 36 3
314 3.08 0.52 34.45 134.18 16 37 5
315 42.56 36.43 45.11 144.44 5 35 3
316 4.08 66.65 28.59 262.81 5 43 3
317 67.54 39.66 20.49 151.56 15 38 3
318 11.91 32.52 28.29 446.00 3 35 3
319 0.46 24.24 47.85 319.67 10 46 1
320 27.94 55.37 13.27 441.39 7 38 5
321 10.55 61.19 8.48 473.04 14 24 4
322 36.17 58.53 28.13 186.81 20 47 4
323 50.37 15.64 35.57 487.17 7 38 4
324 1.39 5.16 9.29 50.14 2 14 4
325 28.26 6.77 33.52 73.01 9 11 2
326 87.10 95.32 24.54 473.33 22 23 2
327 28.90 72.39 4.56 283.70 12 21 3
328 51.47 80.72 49.02 286.74 2 41 1
329 11.29 69.61 25.57 438.43 16 34 3
330 50.33 78.19 11.89 250.91 12 32 2
331 71.92 51.94 3.11 268.30 22 34 4
332 24.81 98.98 20.80 121.12 12 47 3
333 80.16 14.69 39.61 313.32 22 26 4
334 6.69 76.99 23.90 284.55 7 28 2
335 90.31 12.95 3.48 178.54 8 35 5
336 55.19 8.76 28.13 215.04 21 23 1
337 50.21 52.68 49.69 108.90 15 19 1
338 38.31 75.78 8.29 362.00 11 24 3
339 60.40 3.37 31.83 183.87 22 46 4
340 42.15 96.57 15.73 162.80 10 28 4
341 44.31 23.15 31.64 452.74 23 34 4
342 24.89 42.30 37.35 413.34 22 37 5
343 41.05 91.32 41.36 62.79 8 23 3
344 9.28 37.32 19.67 198.39 19 29 1
345 74.61 21.86 42.16 404.91 4 41 3
346 95.58 81.56 6.27 149.58 2 13 5
347 98.62 12.75 30.85 318.03 13 43 4
348 2.75 11.52 40.22 226.40 16 24 5
349 50.42 93.85 48.34 137.14 2 26 5
350 56.21 35.28 17.51 401.37 10 19 1
351 90.46 65.50 24.92 392.51 3 27 2
352 10.04 7.37 4.48 217.06 6 22 3
353 41.45 81.26 0.04 163.16 3 14 3
354 75.70 39.82 16.39 395.56 2 26 2
355 28.44 39.78 47.68 148.12 1 24 2
356 7.45 91.68 15.34 211.54 0 14 4
357 33.27 32.73 10.91 105.79 19 44 1
358 48.62 9.99 24.76 159.35 1 28 5
359 20.64 0.77 6.31 182.91 13 17 5
360 0.60 84.71 32.04 156.69 12 42 1
361 23.77 85.15 42.65 154.18 4 9 1
362 87.80 50.10 48.56 283.19 24 25 2
363 31.05 98.68 28.82 257.22 17 22 1
364 75.62 58.28 3.20 58.01 5 33 4
365 80.36 39.68 14.56 157.50 15 38 5
366 40.99 70.16 15.25 425.04 13 27 1
367 74.31 21.61 4.55 66.19 9 39 4
368 27.82 81.80 15.64 452.56 0 1 1
369 70.86 10.47 30.58 395.98 3 32 2
370 70.71 95.09 14.93 465.52 2 24 2
371 4.09 19.18 19.59 376.32 0 8 4
372 49.56 26.54 31.71 448.48 24 29 1
373 37.50 47.66 30.90 262.52 20 36 5
374 93.01 44.58 4.36 67.73 10 11 1
375 6.17 9.51 45.90 303.37 7 15 2
376 5.93 32.56 1.89 184.40 9 17 2
377 48.72 26.23 4.78 51.67 24 39 1
378 4.21 31.33 45.23 403.62 23 42 2
379 83.98 61.77 21.49 256.18 2 31 3
380 0.36 56.50 33.42 387.46 24 37 5
381 66.98 3.43 2.51 481.41 10 47 1
382 90.20 68.33 12.72 239.12 2 4 4
383 68.71 56.67 38.27 117.34 20 25 5
384 12.20 63.60 39.03 252.93 8 15 2
385 26.71 24.31 5.80 299.07 24 25 5
386 38.63 90.91 42.36 291.34 21 32 4
387 11.38 89.39 4.27 386.76 8 30 4
388 20.14 69.90 46.31 120.77 23 23 2
389 80.30 28.69 44.36 187.59 17 44 4
390 9.11 56.66 12.69 436.36 12 45 3
391 21.85 80.58 21.88 213.72 1 29 4
392 51.53 17.55 4.14 332.26 24 26 1
393 56.59 10.79 32.05 112.35 0 48 1
394 11.16 12.30 37.62 259.49 8 12 4
395 13.94 38.00 35.73 200.05 17 18 2
396 71.27 75.25 10.43 310.63 21 27 5
397 61.17 47.81 23.51 262.37 4 42 3
398 40.77 56.80 6.82 270.38 4 18 1
399 32.32 25.78 17.70 80.80 8 23 2
400 45.83 66.76 37.51 283.92 4 10 2
401 80.54 95.37 37.24 379.08 1 13 5
402 7.42 90.01 15.18 333.33 5 34 2
403 1.80 93.17 4.97 166.86 13 38 1
404 38.08 58.39 11.30 248.42 22 27 5
405 16.39 49.19 33.66 441.58 18 36 4
406 28.37 76.81 17.91 296.51 17 19 3
407 71.56 31.45 5.97 92.37 8 44 3
408 55.54 83.20 7.31 252.76 6 41 1
409 96.33 53.92 8.57 66.69 11 11 4
410 57.83 70.54 35.87 105.06 20 46 4
411 65.24 75.73 12.55 433.54 8 47 5
412 55.93 63.89 3.33 186.55 19 45 3
413 91.01 74.22 22.78 272.72 10 38 2
414 47.65 77.51 19.18 156.05 11 12 3
415 4.53 66.33 39.43 100.41 17 34 4
416 96.82 89.63 22.23 387.69 21 36 5
417 74.96 47.97 36.40 452.60 13 34 4
418 46.53 66.79 21.62 257.79 11 40 3
419 53.80 5.71 15.90 206.57 3 35 5
420 27.44 63.97 13.22 92.46 12 44 5
421 8.35 48.30 6.29 490.67 16 18 1
422 52.21 45.66 5.60 398.39 18 40 2
423 98.67 39.59 47.14 396.32 6 48 4
424 98.29 35.85 12.36 290.57 20 33 5
425 73.59 66.71 8.31 92.86 18 20 2
426 61.92 1.88 1.58 460.48 20 33 5
427 60.67 10.06 37.89 157.79 2 46 3
428 71.71 74.89 18.60 390.96 10 39 4
429 58.35 3.65 25.97 256.88 2 35 4
430 10.65 12.77 45.70 399.04 2 23 3
431 72.43 80.96 9.87 188.28 10 21 4
432 9.74 92.40 19.80 398.68 9 14 4
433 77.65 91.36 21.28 211.74 20 30 5
434 38.49 37.90 29.45 315.11 2 17 5
435 87.01 78.04 9.78 144.43 10 32 2
436 71.16 53.64 29.30 380.01 23 30 5
437 2.17 43.33 29.60 77.23 17 47 3
438 60.23 59.85 36.43 313.50 17 29 1
439 82.54 12.59 46.68 396.03 22 43 5
440 74.55 89.15 8.95 120.14 12 39 4
441 2.23 93.44 29.78 264.38 17 36 4
442 86.44 48.22 11.21 67.41 14 36 2
443 74.63 51.10 49.09 162.25 11 13 1
444 18.38 68.49 0.78 137.46 15 16 1
445 22.32 48.15 35.72 291.49 18 29 3
446 21.17 5.37 13.23 443.46 20 22 3
447 0.41 19.23 49.94 248.88 6 33 3
448 49.07 29.29 26.48 366.96 5 8 1
449 57.03 87.87 26.59 115.21 3 18 2
450 45.72 7.33 47.93 350.81 8 32 5
451 92.31 99.55 41.33 119.34 19 34 5
452 20.92 10.03 25.39 441.97 1 8 2
453 82.17 86.45 38.49 223.34 24 35 1
454 66.72 75.93 34.53 494.12 7 36 3
455 21.15 39.22 34.62 462.57 17 44 4
456 59.47 75.52 42.26 62.23 1 42 5
457 5.03 94.58 6.85 84.53 7 20 2
458 68.25 13.55 12.91 434.16 15 33 3
459 22.58 4.74 13.47 300.65 22 42 5
460 71.45 1.05 7.50 322.98 5 32 2
461 7.13 61.69 36.76 483.68 6 34 4
462 92.73 99.34 4.26 233.43 21 25 2
463 63.71 7.09 7.23 434.80 17 28 3
464 42.12 98.42 44.36 65.30 13 31 4
465 9.21 24.08 9.41 480.07 18 46 3
466 74.73 36.54 49.34 447.02 24 27 3
467 54.66 68.81 32.12 473.12 9 32 3
468 88.60 17.99 25.70 104.16 24 24 3
469 89.76 15.09 27.78 394.49 2 43 3
470 32.48 40.65 11.63 333.47 21 47 5
471 34.34 92.61 2.47 61.64 5 9 3
472 2.43 69.73 18.30 457.96 13 37 5
473 37.63 15.50 20.32 458.28 21 28 4
474 39.73 6.30 9.96 90.47 1 1 1
475 60.44 29.42 17.50 439.85 22 43 1
476 36.90 52.86 40.40 64.21 9 20 3
477 23.37 65.63 23.22 90.57 7 38 1
478 96.62 23.87 40.58 485.76 24 29 1
479 55.65 17.96 24.04 300.12 6 6 2
480 18.69 64.98 10.81 473.84 8 47 1
481 7.34 68.74 41.98 494.66 13 48 4
482 46.82 15.98 7.01 134.15 18 46 4
483 45.84 52.21 6.18 276.53 24 45 5
484 52.18 63.66 32.39 422.20 1 1 4
485 69.45 75.61 23.35 301.94 4 40 1
486 89.31 4.61 3.78 70.71 15 39 3
487 65.91 34.52 42.45 136.35 3 32 2
488 63.54 47.95 15.05 278.45 11 31 1
489 86.14 78.59 8.29 472.76 0 37 3
490 28.41 43.58 7.78 437.00 20 45 1
491 59.86 20.04 39.09 239.81 19 23 3
492 77.58 68.90 23.15 329.48 12 45 2
493 43.77 80.69 29.00 202.08 15 23 4
494 8.38 90.67 17.71 121.12 3 16 4
495 49.06 69.83 22.66 208.30 17 21 1
496 22.22 23.48 6.47 161.10 17 37 4
497 72.52 81.72 8.35 229.64 23 43 1
498 72.41 70.34 4.21 411.54 17 19 5
499 26.37 82.73 6.31 413.04 11 17 3
500 61.84 70.32 41.15 491.02 18 38 2
1 133.67 2740.98 1
2 156.80 3539.19 2
3 111.64 3556.21 3
4 160.63 4703.69 4
5 114.30 2837.14 5
6 146.77 2868.03 3
7 114.15 4548.36 2
1 1.49 46.14 4
2 1.95 35.63 7
3 1.06 42.23 2
4 1.83 32.60 4
5 1.38 26.32 1
6 1.33 49.16 6
7 1.87 43.05 3
8 1.87 36.78 6
9 1.83 32.96 4
10 1.28 25.75 4
