Data for Vehicle routing problem with drones - Author: Huyen Do Thi Ngoc
Number of depots: 1
Number of cities: 100
Number of trucks: 5
Number of drones: 8
Area: 100 100 50
Customer maximum demand: 500
Max capacity of truck: 200
Max energy of truck: 5000
Max capacity of drone: 2
Max energy of drone: 50
1 68.40 80.64 28.97
1 90.81 3.64 47.96 87.44 2 45 1
2 82.92 10.94 45.99 472.01 5 42 1
3 78.60 30.34 1.00 90.82 1 37 1
4 61.33 25.55 21.40 121.36 15 48 1
5 88.91 84.24 30.01 115.06 15 24 1
6 69.46 16.07 47.76 441.68 20 47 1
7 75.74 24.59 23.43 303.84 9 14 1
8 97.27 43.60 20.89 352.26 2 42 1
9 47.93 35.73 22.83 373.37 12 14 1
10 52.86 98.08 34.28 118.74 18 25 1
11 76.57 38.79 31.92 54.81 23 35 1
12 71.67 38.73 29.09 306.12 1 36 1
13 65.10 63.23 39.28 418.59 13 13 1
14 99.37 51.32 12.11 85.69 15 46 1
15 35.06 58.07 47.91 410.96 18 27 1
16 8.67 61.70 34.80 402.19 21 47 1
17 54.61 16.07 47.51 261.78 2 19 1
18 47.85 3.42 28.37 355.13 8 25 1
19 25.11 62.87 2.80 488.69 5 36 1
20 97.54 19.19 5.96 185.31 22 25 1
21 83.01 65.03 31.85 379.06 1 10 1
22 10.69 56.47 47.32 400.03 9 25 1
23 49.77 29.13 14.06 308.51 12 36 1
24 8.63 73.96 42.06 348.45 2 31 1
25 23.89 28.89 25.87 219.61 7 19 1
26 28.70 77.92 48.36 355.93 24 39 1
27 96.92 31.79 32.90 331.41 9 40 1
28 75.12 72.38 45.85 62.43 3 3 1
29 55.87 92.99 26.89 453.50 17 29 1
30 56.04 25.64 43.29 444.71 8 48 1
31 9.87 78.58 16.39 209.75 6 21 1
32 68.08 14.24 5.43 245.20 22 44 1
33 8.60 45.53 23.94 320.95 19 24 1
34 45.71 35.17 31.32 414.59 6 31 1
35 37.24 45.20 10.42 400.21 20 48 1
36 62.79 54.85 35.64 462.50 13 38 1
37 68.04 33.19 37.29 242.05 2 20 1
38 89.48 5.93 14.62 390.98 21 39 1
39 73.89 25.00 43.05 226.54 15 18 1
40 46.55 39.29 38.37 447.42 6 46 1
41 94.31 91.66 17.90 85.35 9 44 1
42 13.68 47.49 27.20 380.28 16 21 1
43 83.23 48.50 6.06 342.20 22 27 1
44 56.71 51.25 39.53 56.99 24 41 1
45 7.92 76.52 17.67 152.14 1 17 1
46 95.41 72.92 36.84 393.34 17 39 1
47 67.62 6.70 16.97 384.38 11 24 1
48 11.71 84.65 36.71 391.56 6 26 1
49 82.48 78.93 49.43 317.62 11 44 1
50 24.73 32.13 27.04 452.45 17 26 1
51 24.77 76.44 33.26 203.60 16 23 1
52 94.70 0.21 11.00 78.24 21 37 1
53 82.92 38.12 31.26 153.60 20 21 1
54 5.84 91.02 22.88 422.95 22 28 1
55 32.26 83.37 8.21 318.76 3 23 1
56 9.90 7.72 9.28 334.36 4 46 1
57 29.58 5.34 15.05 52.92 13 23 1
58 29.01 13.44 32.54 394.08 17 41 1
59 35.19 3.16 21.15 327.48 24 32 1
60 69.22 37.29 37.38 139.35 12 16 1
61 11.44 32.26 3.20 100.79 13 48 1
62 7.72 25.47 46.45 290.38 2 11 1
63 2.80 34.92 18.28 271.33 3 5 1
64 75.35 74.70 30.92 453.28 21 41 1
65 52.17 94.80 21.09 328.15 2 15 1
66 68.32 71.21 44.35 369.21 22 46 1
67 10.11 24.24 19.36 125.50 20 46 1
68 91.74 38.73 10.94 499.75 0 24 1
69 37.92 94.38 20.13 452.99 13 28 1
70 93.29 94.63 13.52 208.42 3 15 1
71 64.12 49.25 16.15 486.47 8 26 1
72 78.45 60.76 43.27 468.72 2 21 1
73 11.81 68.11 4.33 223.76 7 13 1
74 86.57 35.25 10.12 112.46 4 42 1
75 29.90 3.92 0.48 469.85 16 40 1
76 61.01 23.32 2.99 379.75 14 22 1
77 40.53 14.84 12.57 118.18 23 33 1
78 90.05 65.65 36.85 420.06 1 11 1
79 47.92 17.48 2.47 368.38 2 47 1
80 66.45 81.00 3.90 147.06 5 10 1
81 70.46 58.60 26.98 381.88 13 42 1
82 6.93 15.47 38.29 186.90 14 19 1
83 4.40 61.49 29.34 466.61 3 16 1
84 51.75 51.16 19.31 389.72 0 27 1
85 32.39 24.52 12.82 427.97 1 47 1
86 74.75 7.10 17.06 467.19 18 29 1
87 0.75 49.68 0.19 164.93 12 38 1
88 71.68 6.68 34.81 403.28 5 18 1
89 33.63 3.96 21.79 362.10 6 36 1
90 4.02 60.41 22.49 276.38 22 28 1
91 22.46 57.90 19.98 426.61 1 2 1
92 37.16 59.72 18.34 70.33 18 28 1
93 26.98 13.38 1.08 267.67 20 27 1
94 27.76 63.72 40.41 454.72 1 33 1
95 51.21 5.00 9.12 216.88 21 37 1
96 69.21 85.98 44.74 102.18 6 24 1
97 90.46 50.85 20.62 165.13 20 38 1
98 93.41 87.20 41.63 219.43 23 26 1
99 43.55 89.05 33.99 137.71 9 24 1
100 36.45 22.32 13.37 298.56 11 45 1
1 155.85 4544.66 1
2 109.06 4802.63 1
3 142.59 3148.36 1
4 102.95 4616.28 1
5 148.31 4653.50 1
1 1.96 47.24 4
2 1.94 29.25 1
3 1.46 44.15 3
4 1.55 34.63 1
5 1.72 36.24 3
6 1.22 39.71 1
7 1.03 26.03 1
8 1.67 30.89 5
