Data for Vehicle routing problem with drones - Author: Huyen Do Thi Ngoc
Number of depots: 4
Number of cities: 300
Number of trucks: 8
Number of drones: 10
Area: 100 100 50
Customer maximum demand: 500
Max capacity of truck: 200
Max energy of truck: 5000
Max capacity of drone: 2
Max energy of drone: 50
1 62.49 7.15 29.40
2 16.26 72.05 49.65
3 74.79 29.35 44.98
4 72.60 66.40 40.06
1 67.68 53.48 2.48 469.39 8 13 2
2 21.52 40.95 4.48 128.13 16 37 4
3 32.03 70.58 11.86 484.76 21 46 2
4 28.58 37.62 48.57 253.10 4 12 4
5 69.62 0.25 25.13 186.69 0 4 1
6 10.49 46.53 45.16 258.44 8 17 2
7 36.15 43.71 1.28 94.46 18 23 3
8 22.53 70.92 41.41 103.20 8 38 1
9 5.36 76.14 14.64 448.51 10 39 3
10 57.70 60.97 49.19 385.32 16 46 1
11 85.19 55.18 8.11 297.98 20 31 2
12 12.56 59.21 2.64 252.75 16 37 2
13 24.44 92.12 24.62 332.00 3 28 2
14 71.10 83.93 39.74 190.59 0 17 4
15 18.48 81.81 11.01 411.21 3 8 4
16 38.01 8.07 19.23 400.61 22 41 3
17 75.21 52.32 2.56 146.10 22 44 1
18 0.69 92.28 3.07 139.29 11 13 2
19 64.14 89.08 21.35 426.03 12 21 3
20 86.62 21.65 9.61 367.48 15 38 3
21 10.64 37.72 17.15 496.68 10 45 2
22 42.01 67.44 49.78 90.89 1 37 3
23 4.10 20.17 18.50 420.77 8 31 2
24 44.88 11.59 6.06 281.13 13 22 1
25 8.04 11.35 21.26 288.04 19 19 3
26 69.20 19.32 46.89 309.11 3 13 1
27 78.67 90.15 33.03 245.64 6 24 4
28 64.60 68.97 12.24 468.51 7 15 4
29 64.09 53.90 27.18 408.22 13 30 4
30 56.78 18.40 4.98 179.17 9 33 4
31 98.17 89.14 33.66 65.16 3 24 4
32 12.87 52.97 26.23 224.43 24 32 3
33 80.42 36.57 44.68 356.52 13 34 4
34 84.98 68.61 29.09 147.86 17 23 2
35 83.68 69.81 3.20 212.53 24 24 1
36 47.31 31.63 44.07 186.73 4 12 4
37 27.84 6.70 7.87 447.77 24 27 4
38 63.10 74.65 44.19 430.30 14 41 1
39 70.17 45.71 26.63 88.61 1 6 2
40 62.07 15.54 21.67 237.04 0 28 3
41 71.93 68.19 20.79 433.51 16 35 4
42 12.96 75.88 16.82 482.57 15 40 4
43 8.53 73.26 49.96 275.88 2 25 1
44 83.78 43.55 4.22 378.27 7 43 1
45 22.10 61.95 31.63 444.54 23 31 2
46 20.85 89.64 29.30 195.32 22 32 4
47 35.31 85.22 46.22 139.23 9 15 2
48 67.07 27.93 14.49 201.83 16 37 1
49 21.40 66.50 48.40 223.84 24 39 2
50 95.85 93.87 46.35 242.90 3 19 1
51 78.40 47.29 20.74 138.67 18 29 1
52 22.85 33.04 24.57 81.18 2 37 3
53 55.99 34.83 21.23 120.77 6 12 4
54 7.82 77.47 3.41 403.55 18 41 4
55 23.48 52.21 45.74 261.82 11 46 1
56 57.15 14.88 49.89 338.18 24 24 1
57 44.41 17.41 20.08 471.05 5 37 2
58 56.66 94.58 1.34 75.64 22 32 1
59 57.15 65.48 44.64 397.34 5 10 4
60 29.52 8.73 7.84 333.20 16 28 4
61 89.17 35.79 37.04 228.94 2 10 3
62 71.44 90.25 35.08 360.47 3 42 4
63 19.96 3.34 3.18 415.59 20 21 2
64 57.53 27.61 41.48 71.62 2 40 4
65 78.48 51.90 15.99 174.98 17 27 2
66 37.25 63.33 30.20 322.07 13 14 4
67 32.70 17.35 25.86 437.27 15 35 1
68 31.59 97.59 21.29 135.45 12 16 2
69 26.81 46.05 47.10 406.55 16 18 2
70 0.03 65.79 47.75 340.73 14 33 4
71 55.37 72.92 41.50 374.73 10 31 1
72 10.39 14.70 10.74 163.61 8 29 2
73 71.82 55.90 42.72 471.85 20 23 2
74 6.81 26.18 33.73 81.00 18 41 4
75 16.41 64.48 23.03 477.19 18 47 2
76 34.53 89.38 32.91 471.07 12 18 3
77 26.96 91.43 38.67 325.33 1 20 1
78 51.54 84.44 44.32 160.92 20 47 3
79 67.37 13.15 42.91 429.09 17 45 3
80 59.66 39.73 3.04 343.96 24 40 3
81 82.24 57.06 24.30 246.85 19 31 1
82 65.56 54.41 18.15 189.12 3 9 4
83 85.24 16.36 31.31 398.44 19 48 3
84 5.84 56.40 30.41 270.41 2 15 2
85 22.41 56.54 36.38 372.49 15 33 3
86 36.35 5.19 42.49 366.37 14 48 3
87 0.82 36.88 5.66 427.01 13 20 3
88 8.57 59.88 21.84 197.23 16 32 2
89 79.23 46.78 27.26 110.84 19 28 2
90 28.20 71.40 7.23 51.26 24 46 2
91 85.86 11.66 1.69 440.99 5 23 1
92 19.17 31.43 2.31 192.48 10 35 2
93 61.81 76.61 39.08 404.82 17 39 4
94 21.76 3.32 45.85 417.06 15 28 4
95 34.18 55.37 48.43 370.56 1 18 1
96 36.04 84.89 19.28 457.34 2 41 2
97 90.96 62.08 25.93 315.80 0 6 2
98 27.48 17.15 48.77 496.18 15 33 3
99 55.85 30.10 14.96 476.10 9 45 4
100 21.04 57.76 11.44 164.00 3 24 2
101 38.98 34.04 25.10 489.44 21 21 1
102 25.37 80.70 42.78 202.20 12 12 4
103 37.43 33.72 28.85 106.13 10 13 1
104 31.78 78.04 6.53 66.55 12 29 1
105 62.32 89.05 19.50 298.94 18 24 3
106 12.33 37.65 35.58 480.53 1 6 2
107 52.48 6.68 4.27 268.12 14 32 3
108 1.72 37.53 24.39 456.26 24 28 2
109 2.08 9.66 39.67 476.38 14 27 4
110 82.07 51.17 28.28 136.31 18 25 3
111 17.94 18.82 6.33 179.54 7 47 2
112 85.80 50.00 41.64 196.08 0 44 4
113 76.08 50.17 15.02 498.72 3 41 3
114 69.38 1.70 39.82 355.31 10 25 4
115 1.55 11.35 41.48 51.40 5 40 4
116 5.78 92.07 26.79 382.27 17 26 4
117 25.18 34.14 14.67 165.57 9 48 1
118 81.16 49.73 9.42 224.23 15 26 2
119 11.82 64.62 42.35 422.89 21 40 3
120 38.53 24.10 6.42 306.93 20 39 1
121 90.32 88.99 31.50 278.44 1 47 2
122 46.40 80.39 40.82 379.06 18 27 4
123 68.50 67.21 31.26 384.59 2 39 4
124 39.86 71.02 27.50 61.81 21 39 2
125 50.26 63.51 43.19 282.65 0 30 1
126 17.27 73.87 6.25 327.17 1 32 3
127 71.98 57.12 39.65 321.14 21 31 2
128 44.54 9.69 41.72 388.71 9 46 4
129 88.00 20.93 6.68 369.34 10 20 4
130 90.21 83.52 33.34 264.09 8 48 1
131 27.65 35.98 6.11 493.17 18 44 4
132 39.97 55.20 35.52 76.68 7 43 4
133 64.82 21.74 4.19 298.09 2 38 1
134 11.13 93.58 14.19 329.15 12 44 4
135 5.81 80.50 6.26 124.94 2 16 4
136 71.08 13.62 35.21 499.02 4 42 4
137 15.02 93.59 2.74 195.90 14 27 4
138 41.29 49.79 0.64 483.96 24 36 1
139 32.61 73.54 45.26 341.75 15 39 1
140 86.63 73.13 2.56 188.20 10 46 4
141 68.58 68.74 10.55 182.44 10 19 1
142 23.39 9.81 23.19 198.24 6 7 4
143 60.57 20.14 32.83 221.46 10 13 3
144 2.59 91.59 3.73 121.11 5 28 1
145 12.04 66.92 26.65 119.43 17 36 1
146 93.03 66.90 24.94 349.68 21 39 1
147 62.66 69.87 44.40 238.92 23 44 1
148 18.87 55.30 44.07 253.36 18 22 1
149 75.24 8.04 48.16 441.16 16 43 4
150 85.21 86.52 3.63 306.48 10 45 3
151 28.51 92.37 27.03 421.99 19 44 2
152 6.03 21.03 27.25 223.51 19 24 3
153 40.57 23.20 20.40 279.08 15 36 1
154 53.34 63.76 3.37 399.28 0 26 3
155 95.54 84.17 48.14 167.72 10 14 3
156 14.93 94.13 32.96 397.05 24 39 1
157 3.27 45.67 6.95 58.98 13 20 4
158 92.99 52.68 46.14 373.01 18 42 4
159 34.62 96.75 20.79 136.82 14 41 2
160 82.48 6.94 26.86 303.77 12 33 1
161 61.52 26.88 12.37 149.66 23 26 2
162 20.10 32.22 21.96 466.39 9 16 3
163 27.22 40.97 28.21 337.44 17 25 4
164 53.73 64.37 10.91 417.18 14 17 1
165 4.04 82.78 8.95 194.50 16 40 2
166 11.70 64.14 6.79 103.09 24 46 1
167 51.58 11.68 17.15 296.21 5 44 3
168 59.12 17.05 16.46 409.83 16 42 1
169 52.10 58.97 16.03 234.62 3 28 3
170 64.46 9.47 13.93 315.01 23 26 4
171 1.34 91.76 4.43 423.27 23 26 1
172 96.59 21.94 42.28 499.38 18 37 4
173 36.88 49.78 35.18 227.14 11 32 3
174 17.74 62.08 7.73 468.16 7 34 1
175 87.66 25.00 46.51 298.71 9 38 2
176 35.47 36.21 47.93 201.28 23 40 3
177 76.63 0.87 25.94 60.56 19 26 3
178 46.21 4.85 26.23 426.44 10 24 3
179 75.96 41.92 24.70 480.05 9 33 1
180 25.19 82.92 25.24 150.52 13 27 4
181 41.80 5.59 29.06 456.82 10 42 3
182 64.73 58.05 47.02 100.80 15 21 4
183 62.70 86.87 9.37 400.67 8 32 1
184 1.54 12.56 37.56 292.26 3 11 3
185 51.70 35.38 18.73 174.53 19 48 2
186 98.80 87.03 30.40 250.04 6 46 4
187 71.44 8.49 28.31 179.30 23 34 2
188 72.25 38.42 14.61 487.11 7 21 4
189 13.09 45.51 18.91 125.07 19 46 1
190 87.61 4.51 25.99 492.43 18 32 4
191 0.43 27.31 19.40 198.55 4 48 4
192 97.54 9.61 9.01 369.19 5 12 4
193 19.67 82.87 32.30 194.76 24 27 2
194 69.95 27.03 18.20 322.12 14 27 2
195 81.99 18.16 46.27 133.59 9 38 3
196 3.30 55.63 17.32 461.48 6 48 1
197 21.56 91.91 23.96 374.94 18 33 2
198 81.81 66.39 18.90 318.61 17 41 4
199 50.48 68.89 23.09 291.48 7 39 2
200 75.17 16.49 1.52 480.12 4 38 2
201 81.12 85.32 0.95 63.16 14 21 4
202 81.51 77.47 37.40 476.07 11 13 4
203 69.59 59.05 20.79 417.88 11 20 3
204 54.19 68.91 18.55 143.04 13 24 4
205 55.97 33.80 24.00 200.54 20 24 3
206 22.71 28.04 43.04 421.01 11 46 3
207 50.18 79.25 36.95 442.98 20 35 3
208 76.51 99.32 44.20 307.00 22 34 3
209 32.79 74.38 42.97 397.15 13 36 4
210 64.91 93.47 49.17 294.21 5 39 1
211 39.41 35.98 29.31 95.67 1 5 2
212 66.20 81.68 13.85 99.87 3 11 3
213 65.85 24.24 26.05 395.08 3 13 1
214 36.10 92.86 33.94 252.21 21 41 1
215 51.76 96.99 30.39 286.82 0 3 4
216 16.86 12.79 30.64 121.87 16 29 3
217 28.09 17.73 43.96 160.19 11 48 1
218 77.53 76.07 42.16 328.59 13 13 3
219 14.03 25.26 17.30 483.97 16 26 3
220 29.33 80.71 6.68 260.35 3 32 4
221 19.90 18.83 19.26 65.46 3 6 1
222 13.50 0.74 7.98 53.19 1 32 3
223 87.28 9.93 36.90 495.07 13 22 1
224 67.38 64.19 41.34 483.02 8 40 1
225 57.80 65.67 23.57 458.20 1 39 4
226 92.80 47.69 42.93 342.35 10 43 3
227 58.85 28.96 37.79 318.85 2 42 2
228 63.83 29.27 12.41 376.66 16 37 4
229 12.53 35.56 40.18 255.17 6 31 3
230 49.36 77.49 39.30 498.83 20 28 4
231 12.78 6.57 38.36 312.32 18 42 1
232 99.47 41.03 40.78 151.05 0 22 4
233 84.45 5.17 29.63 197.68 18 19 2
234 21.70 92.60 20.62 407.25 8 38 1
235 92.73 93.03 25.56 402.75 5 32 2
236 70.55 16.24 1.51 258.82 8 30 3
237 25.29 60.76 13.85 170.12 8 39 3
238 95.93 83.51 47.36 409.76 0 26 2
239 94.03 0.56 8.92 308.33 23 37 3
240 27.81 11.89 0.83 382.52 17 45 2
241 39.63 85.94 11.10 109.60 4 21 4
242 78.45 82.81 4.39 124.52 20 48 3
243 80.23 97.81 3.27 326.83 16 45 4
244 6.10 99.14 14.39 215.12 2 46 4
245 73.52 72.60 16.03 167.78 23 33 2
246 71.40 97.86 25.65 359.49 5 46 2
247 54.59 9.31 23.03 345.55 23 35 4
248 93.61 92.42 9.53 403.16 0 17 3
249 27.18 9.66 28.25 84.54 20 42 3
250 18.62 72.62 4.86 417.55 6 41 2
251 37.64 57.43 44.55 77.39 12 23 1
252 56.19 41.70 8.70 274.68 12 25 4
253 63.57 66.39 6.00 366.55 8 15 4
254 90.98 18.30 48.21 419.70 11 24 3
255 77.50 71.83 1.50 254.82 9 11 2
256 12.71 51.77 27.31 443.93 13 27 2
257 41.81 51.85 13.95 447.03 23 41 2
258 0.10 26.83 47.68 286.50 11 40 2
259 56.17 81.23 21.16 352.22 24 35 4
260 0.61 54.93 34.46 481.58 10 22 3
261 31.62 1.77 18.31 111.96 3 35 1
262 60.44 13.00 1.75 493.70 5 22 1
263 63.38 3.28 0.69 51.04 19 22 4
264 18.61 52.29 10.76 214.07 18 35 3
265 6.13 96.57 18.06 260.20 18 26 2
266 41.76 36.09 15.76 167.66 8 21 3
267 46.64 98.67 15.59 296.17 22 39 1
268 70.83 80.18 28.18 418.32 22 45 4
269 89.04 68.10 21.47 151.89 6 31 2
270 57.05 0.66 26.30 354.69 24 46 4
271 83.21 44.39 18.57 330.85 8 17 2
272 78.09 86.71 28.04 89.43 9 36 4
273 17.10 99.24 49.39 172.12 10 26 1
274 24.05 40.81 1.77 285.06 11 39 3
275 57.16 5.89 22.53 401.75 7 48 4
276 97.60 13.40 41.64 80.85 16 30 1
277 30.07 31.27 42.87 344.18 7 16 3
278 19.75 95.33 49.30 300.30 11 41 2
279 96.31 14.77 8.76 74.27 24 29 2
280 54.57 39.12 24.25 390.31 18 33 2
281 9.43 56.47 23.18 495.39 19 25 4
282 33.65 56.82 17.85 487.01 17 31 1
283 10.01 67.22 6.33 150.95 8 37 3
284 66.09 84.96 23.99 106.14 5 24 4
285 45.52 64.26 30.24 378.81 22 31 3
286 49.22 96.69 20.74 480.24 15 36 4
287 90.85 29.57 17.77 70.95 1 40 1
288 8.29 76.13 19.64 307.13 8 21 4
289 73.30 58.09 5.64 232.33 12 17 4
290 12.60 71.43 30.57 117.16 20 31 1
291 52.52 94.78 39.42 344.36 15 34 4
292 8.62 52.87 11.44 414.11 19 29 4
293 17.61 64.89 27.14 175.83 19 36 3
294 76.00 82.97 45.36 406.72 9 22 3
295 37.35 34.17 10.29 386.15 2 41 3
296 39.09 53.54 41.83 205.48 12 45 3
297 32.18 23.70 35.12 373.13 6 44 3
298 2.19 64.04 6.92 179.48 10 26 3
299 70.62 63.80 20.13 490.06 19 39 1
300 71.09 85.97 48.07 117.55 5 30 1
1 122.40 4927.82 1
2 139.91 4485.69 2
3 183.01 4104.45 3
4 150.75 3033.36 4
5 199.87 4979.65 4
6 135.05 4938.98 3
7 182.47 2778.48 2
8 183.23 4748.41 3
1 1.54 44.56 5
2 1.54 37.27 7
3 1.18 32.15 8
4 1.75 29.98 2
5 1.67 44.60 1
6 1.47 40.69 5
7 1.60 41.53 2
8 1.25 37.55 5
9 1.66 45.80 4
10 1.41 43.28 2
