Data for Vehicle routing problem with drones - Author: Huyen Do Thi Ngoc
Number of depots: 5
Number of cities: 500
Number of trucks: 6
Number of drones: 6
Area: 100 100 50
Customer maximum demand: 500
Max capacity of truck: 200
Max energy of truck: 5000
Max capacity of drone: 2
Max energy of drone: 50
1 11.31 23.80 11.30
2 38.13 7.54 45.43
3 15.49 25.16 30.26
4 6.64 8.95 18.73
5 81.37 81.08 16.65
1 99.61 26.14 44.31 59.35 17 30 2
2 22.19 5.29 7.26 119.55 22 46 2
3 32.71 29.60 29.89 155.08 13 35 5
4 45.36 12.74 21.52 465.22 20 27 5
5 58.53 50.15 44.45 132.92 1 35 4
6 86.89 86.71 5.86 432.35 14 43 1
7 44.68 27.37 21.97 209.10 4 16 3
8 39.90 17.77 28.60 461.55 16 38 5
9 78.00 66.59 10.60 204.32 15 27 3
10 24.56 71.56 38.58 316.59 8 45 5
11 17.23 27.67 3.28 103.19 9 40 2
12 61.30 61.69 35.26 149.68 8 48 3
13 99.40 67.99 5.93 72.32 20 38 1
14 42.53 65.71 10.03 206.92 12 22 4
15 52.02 98.21 13.38 87.36 14 25 1
16 62.68 5.09 1.45 231.54 13 17 4
17 38.94 52.27 18.61 498.51 2 20 5
18 72.31 34.90 37.70 301.25 5 16 5
19 98.53 81.79 32.53 383.30 17 37 4
20 51.00 3.62 3.35 247.73 24 44 4
21 66.53 93.37 37.13 175.07 18 28 1
22 46.67 91.82 10.36 301.04 5 44 5
23 87.70 83.48 24.51 375.41 14 46 4
24 30.31 19.50 13.14 106.22 14 40 2
25 2.45 44.24 8.99 171.23 16 42 4
26 2.30 38.18 25.87 250.84 0 4 4
27 23.49 7.90 15.62 249.90 21 39 5
28 47.30 53.83 16.43 358.03 23 45 4
29 52.69 75.28 38.63 94.15 1 29 3
30 82.71 24.17 4.17 324.27 6 10 1
31 97.81 39.69 22.04 434.84 11 42 1
32 42.76 80.99 18.13 149.99 21 36 5
33 48.02 32.37 41.60 477.95 11 24 4
34 39.74 93.93 37.30 250.27 2 42 5
35 87.45 34.36 28.11 405.72 17 20 5
36 96.82 98.07 6.69 333.86 18 22 3
37 60.37 21.69 29.88 309.92 5 40 1
38 56.41 71.41 11.72 351.91 21 41 3
39 60.58 48.68 19.95 180.43 20 43 5
40 63.14 32.82 5.59 161.70 15 24 1
41 83.68 45.63 15.01 451.13 8 36 1
42 44.30 10.04 11.47 213.75 13 25 3
43 33.85 58.66 44.98 485.15 5 15 3
44 86.15 52.41 42.45 453.93 7 10 2
45 24.47 76.36 45.76 61.84 24 31 1
46 81.98 28.09 37.38 274.84 21 25 5
47 24.75 18.78 24.30 405.61 2 11 5
48 91.27 39.46 47.29 282.41 13 16 2
49 76.26 75.41 48.17 256.77 14 29 2
50 65.37 44.32 37.76 63.22 2 20 1
51 82.76 97.69 33.12 474.95 16 47 3
52 14.62 22.59 14.55 448.56 5 31 3
53 79.68 3.81 27.66 186.71 13 39 3
54 66.13 42.32 47.08 222.38 16 25 2
55 72.27 34.91 12.57 159.96 10 26 5
56 57.81 35.84 0.17 292.54 8 33 1
57 46.20 82.09 29.49 314.93 6 14 4
58 62.35 10.82 5.92 54.95 19 33 2
59 78.49 14.98 24.34 326.94 24 29 3
60 39.32 28.06 15.49 429.09 21 31 1
61 49.68 95.53 29.69 137.69 4 42 5
62 15.86 39.10 15.51 310.86 2 14 3
63 5.42 12.54 19.40 65.34 10 17 3
64 7.44 76.80 47.35 463.33 17 25 2
65 4.96 72.43 49.78 208.84 6 28 2
66 45.54 4.35 13.34 182.82 18 29 4
67 91.71 55.79 44.44 272.22 3 13 3
68 56.08 44.04 38.39 362.60 7 14 3
69 38.13 72.75 17.04 346.24 22 28 5
70 49.22 80.83 5.73 200.30 15 37 3
71 90.80 91.57 18.31 302.02 6 35 4
72 97.66 62.41 32.26 412.00 7 20 5
73 24.12 22.42 36.72 441.77 13 31 3
74 26.53 55.22 30.96 141.87 11 40 3
75 70.03 37.40 24.39 185.64 8 46 5
76 10.47 11.40 3.12 190.95 5 40 5
77 63.84 33.52 44.44 322.74 17 47 4
78 18.12 12.33 32.46 102.31 12 16 3
79 26.02 49.45 38.06 419.64 7 7 4
80 18.61 48.96 33.91 371.51 0 36 5
81 21.02 22.36 23.73 183.96 6 27 4
82 7.50 30.36 22.07 484.73 1 42 3
83 3.48 82.79 23.37 316.22 12 22 1
84 71.27 68.68 46.77 328.40 1 38 1
85 33.28 19.17 0.87 101.32 19 41 5
86 86.19 98.66 15.43 415.26 13 40 2
87 13.24 57.05 17.82 238.20 19 39 2
88 57.52 84.76 1.06 229.07 23 30 3
89 50.46 59.19 0.67 68.03 14 23 1
90 21.13 33.52 0.38 366.69 10 48 5
91 80.41 22.53 46.08 81.35 1 26 2
92 12.40 51.49 6.77 52.55 14 24 3
93 90.51 85.46 15.99 429.64 0 44 5
94 23.04 51.79 40.97 284.99 11 46 4
95 71.16 9.59 42.13 145.10 12 20 2
96 43.12 23.69 46.29 218.26 10 40 3
97 60.19 34.28 4.00 184.22 19 41 3
98 19.74 71.51 4.65 383.92 2 44 4
99 7.60 58.06 23.93 197.13 22 26 3
100 4.76 30.70 47.26 467.65 18 48 5
101 95.87 56.66 18.78 371.65 9 27 1
102 77.82 27.47 23.23 496.79 11 41 3
103 75.13 13.10 43.80 103.50 2 15 1
104 68.44 39.56 28.96 154.09 15 20 2
105 3.22 61.49 4.12 456.08 9 38 5
106 2.36 29.66 32.78 202.72 13 46 1
107 66.02 65.08 15.36 341.72 12 28 3
108 11.17 63.66 21.76 382.95 10 21 1
109 90.99 56.33 0.91 156.78 5 27 3
110 71.60 20.81 19.18 321.79 8 44 1
111 25.25 21.48 20.63 251.95 20 39 5
112 1.36 29.34 23.08 414.83 19 28 5
113 45.77 91.96 6.12 305.64 14 20 5
114 24.17 96.47 37.67 251.42 16 43 3
115 0.24 56.18 30.64 224.74 10 43 2
116 70.82 80.50 46.05 377.17 4 25 4
117 18.06 82.94 49.00 185.14 12 44 4
118 92.40 81.37 13.25 176.68 21 38 2
119 42.63 50.02 12.63 122.96 11 29 1
120 49.71 75.84 23.78 224.94 4 24 2
121 75.22 56.87 43.82 352.81 22 25 5
122 26.14 4.49 16.08 175.51 14 45 4
123 20.65 53.95 25.06 147.38 15 26 3
124 24.26 17.82 35.18 322.36 1 20 1
125 65.85 89.90 30.17 289.45 3 28 1
126 77.64 72.46 1.46 460.72 13 28 3
127 35.19 12.21 29.76 433.44 24 32 4
128 16.96 79.71 4.61 317.81 3 46 3
129 11.40 89.03 14.31 451.52 20 22 1
130 58.57 94.34 13.57 303.51 9 32 5
131 20.98 24.86 22.16 319.74 2 40 1
132 50.69 31.05 34.02 438.76 8 9 5
133 85.33 19.56 31.26 167.67 4 29 5
134 98.61 24.44 44.76 265.54 18 29 1
135 76.13 27.18 22.89 173.76 5 16 5
136 83.19 96.94 42.00 168.30 3 41 5
137 82.04 71.73 44.59 443.91 4 47 5
138 23.33 21.85 11.08 54.78 24 26 3
139 94.29 99.95 2.11 349.47 11 38 3
140 90.58 84.79 19.59 344.53 24 41 4
141 54.57 3.38 30.12 418.92 24 46 2
142 87.39 56.27 41.49 457.96 23 27 2
143 32.86 20.06 32.08 457.34 14 17 1
144 58.89 70.90 2.75 235.77 15 43 5
145 73.16 80.93 30.41 294.86 9 33 1
146 86.90 53.75 1.27 308.14 7 12 2
147 18.09 22.97 47.07 340.96 6 10 5
148 34.57 40.43 40.71 250.20 10 19 2
149 36.18 70.21 39.13 479.64 9 42 3
150 32.76 25.71 46.10 432.85 6 22 1
151 32.34 48.73 38.13 250.08 3 29 2
152 6.27 9.89 45.86 74.90 13 41 2
153 48.90 98.66 33.81 161.46 21 45 5
154 7.71 77.98 46.49 89.19 24 24 1
155 62.03 2.84 18.48 65.65 8 39 1
156 12.12 91.69 21.40 432.89 3 14 1
157 81.18 56.19 21.82 107.42 10 30 1
158 93.33 86.38 6.61 233.25 5 38 5
159 13.48 41.63 26.86 346.52 19 28 5
160 82.20 70.79 23.66 154.62 4 46 1
161 24.05 58.05 28.36 223.07 8 47 4
162 18.37 70.25 24.77 418.12 17 34 3
163 82.04 84.03 12.48 266.07 11 30 3
164 35.08 55.02 10.93 490.58 13 16 3
165 96.37 96.62 49.01 396.31 18 24 3
166 42.65 55.26 43.46 102.31 9 19 1
167 9.84 62.43 40.72 281.59 14 21 2
168 80.17 4.44 48.45 293.44 18 40 4
169 23.10 14.77 40.15 233.09 20 32 1
170 42.19 90.86 20.13 206.40 22 41 4
171 75.67 17.67 30.13 448.09 8 22 2
172 92.37 26.20 12.47 343.65 7 12 1
173 60.04 83.81 15.74 261.74 23 37 3
174 38.15 57.09 27.01 153.45 4 26 1
175 2.54 88.78 33.31 249.87 16 25 3
176 24.70 6.00 27.98 212.21 7 31 3
177 27.47 47.69 32.70 428.95 21 28 4
178 8.07 92.99 20.40 73.37 8 12 3
179 48.49 78.49 14.35 221.41 22 47 3
180 8.88 27.84 46.53 456.16 7 17 1
181 34.56 5.26 47.43 338.58 12 48 1
182 41.53 67.03 28.87 407.93 9 34 2
183 53.84 25.84 10.74 238.95 11 19 5
184 21.51 79.13 17.08 498.34 16 23 5
185 30.71 99.45 13.37 403.37 20 30 2
186 18.87 0.08 16.72 292.90 10 37 1
187 87.10 71.75 37.82 169.11 9 13 3
188 45.20 93.57 18.08 73.83 14 24 5
189 40.63 4.54 3.25 358.30 14 43 1
190 7.88 15.75 29.85 300.37 11 27 3
191 0.87 48.28 18.82 347.64 14 21 4
192 16.09 90.04 32.07 196.96 22 37 5
193 65.34 48.19 14.46 301.88 17 21 1
194 17.48 30.78 27.33 289.42 17 34 4
195 62.28 76.38 36.39 353.23 3 26 2
196 9.16 15.60 0.02 417.04 12 46 3
197 43.69 36.34 25.72 255.43 12 19 2
198 86.70 13.69 35.03 243.29 0 3 2
199 45.94 44.55 7.94 279.54 10 22 1
200 31.72 12.58 31.99 136.46 2 31 2
201 7.68 80.52 38.67 96.50 5 44 3
202 64.49 18.99 31.37 200.03 4 13 1
203 91.37 87.37 21.66 350.75 1 25 5
204 41.32 88.37 1.06 487.70 10 24 1
205 0.01 95.74 0.93 160.84 5 41 1
206 9.48 20.70 38.28 347.35 11 31 5
207 45.55 16.55 6.35 468.09 21 45 4
208 36.50 8.87 32.33 274.69 14 41 5
209 69.80 27.50 16.86 338.72 12 16 2
210 84.20 9.19 17.45 108.71 17 31 5
211 97.81 56.37 3.83 196.91 20 27 1
212 29.81 42.27 40.19 395.92 20 44 4
213 15.65 13.89 7.80 219.94 14 19 2
214 68.86 0.41 33.39 448.23 11 31 2
215 61.70 7.75 39.71 288.15 13 25 1
216 2.64 12.54 27.82 436.86 0 5 1
217 99.67 72.25 37.36 183.87 12 33 4
218 4.56 58.51 15.65 204.54 7 47 3
219 71.27 77.07 35.83 152.91 1 43 5
220 25.34 52.80 13.95 137.25 11 13 4
221 14.07 22.85 25.26 401.49 2 45 3
222 7.25 17.20 10.68 411.98 18 33 2
223 67.15 13.51 33.23 434.20 22 33 5
224 0.18 87.06 26.50 212.84 19 26 4
225 97.27 13.46 44.97 384.25 20 37 2
226 40.00 33.88 5.57 347.48 23 32 4
227 97.27 74.98 18.29 300.31 17 37 5
228 57.51 11.91 1.09 409.29 13 36 3
229 56.99 77.68 37.30 132.90 13 33 5
230 11.95 46.49 39.15 415.00 19 25 3
231 33.15 22.69 39.89 433.70 20 29 3
232 1.35 20.87 44.13 247.30 17 47 5
233 8.28 61.09 30.45 365.74 19 32 5
234 58.53 89.27 17.69 421.83 20 20 2
235 37.56 92.06 6.88 209.41 23 46 2
236 72.06 20.83 24.60 284.70 23 43 1
237 75.94 45.39 1.43 434.83 19 43 1
238 97.32 74.96 19.89 142.06 21 38 3
239 76.60 36.51 1.79 405.41 1 34 1
240 78.46 90.13 13.34 366.11 14 28 3
241 33.86 50.88 14.34 258.28 19 47 1
242 38.46 33.61 3.46 174.26 13 23 2
243 83.36 84.39 29.40 298.73 5 47 1
244 35.23 45.60 1.95 257.86 22 31 4
245 100.00 94.33 9.42 82.73 9 19 1
246 13.99 64.07 39.55 359.16 2 22 4
247 46.34 33.05 8.73 195.60 2 8 4
248 37.39 16.32 33.29 214.34 13 34 5
249 24.91 83.32 0.17 191.21 20 37 5
250 38.62 24.82 13.37 460.32 14 22 2
251 0.48 64.78 33.79 148.41 5 26 4
252 96.37 64.58 9.96 460.64 10 13 3
253 91.39 55.16 44.53 275.81 1 32 1
254 86.51 87.52 12.87 267.74 18 34 1
255 71.68 82.30 23.39 181.84 2 32 4
256 76.74 7.15 3.82 433.63 12 39 1
257 43.65 30.65 42.55 131.81 0 12 1
258 74.79 34.86 47.22 202.76 1 2 5
259 66.46 56.56 23.43 116.69 0 32 1
260 20.17 79.10 36.52 97.56 9 42 3
261 43.33 28.98 2.54 274.10 15 46 5
262 16.53 87.18 9.03 252.35 22 34 2
263 19.77 65.40 14.55 126.39 17 20 3
264 47.83 9.63 23.69 350.74 9 46 4
265 67.29 53.47 46.76 76.59 14 45 1
266 71.14 6.74 39.16 340.09 24 41 5
267 99.20 76.02 42.20 310.11 2 4 5
268 9.24 28.99 39.40 94.13 10 36 4
269 36.74 78.21 5.85 103.77 2 17 4
270 11.44 99.37 49.49 438.53 18 41 3
271 58.78 32.93 44.40 273.12 14 19 3
272 64.48 0.16 29.06 437.60 11 37 1
273 12.43 55.37 33.37 67.54 20 45 5
274 42.29 46.68 31.21 176.83 6 17 3
275 72.18 54.29 48.90 54.52 17 42 1
276 39.48 85.86 38.06 459.31 10 33 4
277 56.45 44.82 10.84 90.95 3 26 5
278 27.87 14.70 34.25 336.15 13 13 1
279 25.93 71.37 33.89 367.38 24 25 1
280 40.48 26.70 24.60 435.14 20 46 5
281 48.37 47.53 37.46 264.43 14 35 5
282 59.49 85.94 15.66 294.61 7 26 5
283 31.67 54.00 35.06 219.05 12 34 4
284 41.74 95.53 29.74 128.53 8 35 1
285 17.02 71.57 21.38 254.96 11 18 5
286 11.24 65.43 30.92 271.76 10 26 4
287 76.02 51.76 2.44 436.39 2 15 2
288 11.98 39.64 29.96 110.82 9 44 2
289 97.52 42.60 29.56 222.54 14 32 1
290 27.17 1.94 45.29 418.68 11 26 5
291 32.11 50.72 9.25 176.86 10 36 5
292 0.27 73.81 24.31 300.55 2 29 2
293 67.68 50.66 2.50 479.45 1 42 4
294 47.67 90.42 6.52 472.10 16 23 3
295 21.17 0.59 48.89 215.17 3 25 4
296 40.97 62.40 5.14 335.13 7 36 5
297 33.30 57.11 28.14 458.20 3 33 3
298 52.65 93.37 7.28 471.60 22 32 4
299 94.02 30.22 26.13 52.50 20 46 4
300 22.64 69.29 8.29 127.44 4 35 5
301 17.01 70.72 39.97 205.00 11 14 1
302 32.74 38.80 29.05 330.91 7 29 1
303 11.51 74.78 15.18 103.82 0 36 5
304 73.73 36.34 23.64 259.51 21 22 5
305 89.62 83.86 18.53 372.99 18 19 1
306 28.10 37.90 44.76 203.32 8 21 4
307 97.22 87.46 46.51 204.59 13 44 2
308 33.88 52.93 26.85 85.80 9 33 3
309 67.45 74.57 40.93 322.63 10 46 2
310 16.99 88.40 25.03 480.69 19 28 5
311 41.47 93.83 26.43 431.51 14 34 2
312 42.63 4.09 44.63 425.10 14 42 1
313 92.67 10.35 26.57 249.50 19 19 4
314 68.92 19.24 17.66 191.93 1 20 5
315 21.19 49.62 27.13 226.51 11 26 4
316 12.65 43.98 21.61 242.58 9 39 1
317 64.10 24.84 34.91 173.97 3 42 3
318 47.05 67.25 47.98 87.75 22 42 4
319 38.45 19.15 13.36 229.40 5 6 5
320 86.26 9.47 15.03 192.03 5 23 2
321 69.23 33.22 44.57 134.81 20 25 5
322 52.77 62.17 36.14 62.93 24 44 4
323 35.07 65.86 19.11 84.64 0 16 1
324 74.42 38.48 45.63 458.02 13 39 2
325 29.56 75.42 3.96 244.97 21 45 4
326 10.69 51.73 34.02 324.60 4 8 5
327 23.12 42.66 20.06 123.90 14 29 2
328 37.63 85.73 21.05 416.32 13 13 5
329 27.42 70.95 35.83 106.91 5 44 3
330 61.81 12.79 35.77 400.18 7 8 1
331 88.52 13.78 35.03 258.65 1 34 3
332 5.84 56.32 47.85 449.10 2 21 3
333 96.69 21.78 36.23 276.29 15 21 5
334 67.68 79.85 9.81 288.24 8 22 5
335 9.78 43.84 36.20 332.53 4 35 2
336 68.42 56.31 20.52 179.73 7 28 3
337 94.65 43.59 38.88 492.68 22 27 2
338 93.91 10.76 20.23 240.05 10 30 1
339 71.74 29.29 21.48 421.36 17 40 1
340 46.82 75.46 24.35 438.79 18 32 1
341 44.53 21.39 8.51 238.52 18 19 3
342 96.22 84.89 28.05 131.22 10 28 4
343 48.45 57.33 30.67 106.29 6 28 3
344 80.08 28.44 5.99 324.47 14 37 2
345 59.54 56.28 2.70 128.08 1 20 1
346 48.83 16.40 41.51 83.51 17 30 3
347 63.39 85.94 35.57 82.68 3 18 2
348 16.12 53.20 40.60 196.76 19 42 1
349 62.63 36.39 43.40 273.61 20 40 2
350 41.42 52.11 8.23 443.69 6 15 3
351 44.01 77.46 12.48 450.33 22 23 4
352 23.97 28.54 8.27 213.28 1 13 4
353 69.28 10.30 14.11 60.19 24 48 2
354 11.52 62.15 19.70 477.88 11 11 2
355 23.75 64.60 27.91 156.11 23 44 3
356 10.18 55.79 19.55 399.39 23 30 3
357 64.23 39.56 10.20 94.07 19 29 5
358 52.36 94.61 18.62 116.18 5 14 3
359 90.75 78.12 27.36 424.35 19 21 4
360 5.95 1.25 25.02 155.27 22 44 3
361 19.36 65.38 11.31 202.28 17 37 4
362 21.68 91.29 24.87 300.93 1 7 1
363 74.74 21.49 19.70 270.85 12 37 4
364 52.43 34.97 18.88 65.26 1 28 2
365 67.66 73.07 19.14 72.46 0 15 1
366 5.50 14.70 29.45 480.99 1 12 1
367 37.10 12.44 45.18 408.06 5 12 4
368 30.94 49.05 5.39 443.47 23 26 2
369 65.92 49.03 44.87 193.86 12 29 5
370 89.92 11.83 45.60 70.59 17 26 3
371 67.34 73.68 38.03 474.14 2 4 2
372 42.07 93.24 8.50 325.37 15 15 1
373 74.17 7.58 36.47 221.80 20 39 4
374 85.39 72.65 43.44 139.96 2 27 4
375 62.22 52.40 12.13 371.69 21 33 2
376 25.55 35.71 31.63 286.53 10 30 4
377 36.31 50.83 14.00 139.52 4 48 1
378 90.93 77.94 37.11 262.96 20 38 5
379 98.76 55.58 44.95 369.64 10 36 3
380 40.67 17.02 49.02 239.00 21 33 1
381 53.19 2.56 7.19 248.33 16 31 2
382 65.31 18.07 45.03 112.65 21 39 1
383 91.23 7.00 30.78 426.10 9 36 3
384 62.74 40.26 7.09 245.29 2 36 3
385 99.77 35.22 46.30 424.44 24 42 4
386 33.25 20.56 31.84 71.82 2 30 1
387 77.61 92.41 48.00 189.56 15 45 4
388 9.59 72.63 21.87 89.02 24 44 3
389 56.78 84.58 45.26 254.87 9 21 5
390 84.01 44.64 0.27 431.51 6 7 3
391 95.37 49.97 49.70 451.69 10 28 4
392 23.17 92.15 33.51 467.06 12 33 4
393 74.45 68.07 46.72 66.02 0 14 2
394 98.74 54.52 22.50 92.92 4 16 1
395 63.56 32.98 42.93 475.48 14 32 2
396 58.36 5.59 44.51 51.58 21 30 5
397 81.31 37.93 30.76 492.44 15 35 1
398 75.34 59.63 38.91 276.71 6 39 1
399 88.43 84.81 14.49 330.67 2 16 3
400 56.09 9.44 44.62 63.14 9 17 5
401 62.53 14.37 7.94 473.09 21 41 4
402 17.67 89.78 7.44 294.82 23 41 4
403 86.19 96.84 11.46 85.41 1 30 1
404 1.74 41.74 32.86 334.57 21 22 3
405 26.77 5.00 9.37 234.17 17 36 3
406 89.03 31.44 49.37 355.04 11 38 5
407 77.47 19.25 33.14 207.97 3 46 3
408 73.30 60.68 11.58 366.27 11 27 2
409 26.90 34.08 34.48 209.34 18 30 5
410 27.16 24.68 31.67 231.20 8 45 2
411 77.08 62.98 32.90 74.23 8 40 1
412 63.14 31.05 28.24 214.69 18 29 5
413 51.69 81.83 35.70 348.77 16 34 1
414 96.35 65.87 9.18 340.22 8 46 2
415 42.25 64.87 47.17 73.52 15 37 2
416 62.65 64.74 39.47 179.57 0 20 3
417 0.17 3.15 0.48 165.39 11 19 5
418 26.71 99.65 44.24 194.68 14 16 2
419 83.36 1.39 10.88 156.97 9 19 4
420 98.40 57.08 46.35 356.74 6 31 1
421 94.04 17.29 34.90 178.51 24 26 5
422 70.03 55.22 19.22 199.52 17 22 5
423 16.55 13.62 30.35 69.92 19 23 1
424 25.37 54.26 12.51 310.52 19 45 1
425 99.37 33.50 17.45 150.69 9 12 3
426 59.70 40.69 12.00 396.69 9 11 1
427 2.91 7.15 27.45 148.10 8 46 5
428 42.74 28.26 14.41 463.78 7 33 1
429 32.10 17.89 21.27 240.40 10 35 3
430 54.50 94.22 19.48 441.04 0 46 3
431 18.20 90.33 23.15 208.30 10 35 2
432 61.13 12.83 27.34 71.61 24 44 5
433 72.87 72.74 18.17 179.63 15 44 2
434 13.84 49.56 45.43 386.44 24 33 1
435 43.97 43.99 38.06 203.27 13 35 2
436 28.54 63.42 14.25 84.95 20 23 2
437 29.82 56.19 12.59 299.99 14 24 3
438 30.16 24.06 45.28 328.70 22 35 4
439 60.74 84.10 45.66 195.45 20 43 2
440 18.77 10.28 39.95 124.40 0 40 5
441 97.80 18.72 14.12 141.27 5 46 4
442 52.08 35.49 19.02 403.22 8 48 4
443 76.76 44.30 26.34 172.54 6 23 5
444 74.08 67.68 38.48 427.55 2 25 1
445 33.32 62.24 44.87 458.83 14 19 2
446 17.38 25.97 49.78 76.84 22 22 4
447 43.25 65.32 23.65 72.61 17 36 2
448 56.38 27.27 9.29 72.86 16 46 5
449 22.13 70.59 40.43 240.53 22 23 5
450 69.09 42.51 40.84 148.89 1 31 2
451 41.23 28.93 18.12 349.68 24 30 4
452 1.77 76.23 31.42 249.05 2 32 1
453 61.03 94.89 12.45 64.60 20 41 5
454 0.74 88.40 15.28 399.63 6 21 1
455 95.38 47.77 1.16 63.50 14 41 4
456 86.63 76.92 29.68 144.25 23 30 1
457 61.26 34.71 40.98 414.63 24 48 1
458 27.02 10.01 40.31 311.04 0 29 4
459 8.87 74.13 29.05 77.92 20 44 1
460 3.03 23.35 39.11 112.41 11 31 2
461 36.53 45.38 38.78 375.17 16 19 1
462 38.69 51.58 14.16 216.82 24 40 2
463 59.76 10.25 25.46 413.44 9 42 1
464 97.45 42.86 13.84 294.31 22 28 1
465 42.60 67.94 9.61 423.76 20 29 3
466 41.54 49.95 9.43 402.84 9 12 5
467 51.25 8.25 6.49 280.39 19 32 1
468 22.95 81.03 17.84 262.79 2 29 3
469 80.04 54.71 42.19 483.46 10 44 3
470 45.76 17.46 5.53 137.70 12 27 4
471 76.89 90.57 35.87 269.65 12 27 5
472 7.24 17.86 28.34 374.15 8 14 1
473 12.83 99.20 30.64 74.02 6 19 2
474 47.75 23.09 0.41 181.59 1 7 1
475 33.34 45.25 24.01 499.34 18 38 5
476 63.70 45.62 49.68 222.41 5 22 1
477 33.78 15.04 15.87 396.65 22 46 4
478 58.32 40.44 29.42 137.35 13 15 4
479 71.04 63.69 15.17 283.44 16 18 5
480 56.50 61.04 22.01 350.03 16 29 3
481 61.51 44.30 45.58 491.26 19 32 3
482 70.66 82.18 18.77 103.04 1 44 4
483 79.08 1.24 25.86 113.71 1 7 4
484 25.34 6.14 46.86 490.34 13 24 1
485 48.50 66.86 21.64 219.95 20 42 1
486 88.43 14.70 6.75 188.66 7 36 1
487 70.07 96.23 6.02 374.73 17 37 3
488 25.33 1.48 36.10 69.53 18 35 1
489 24.31 12.18 19.72 310.24 8 46 4
490 96.59 78.94 48.23 324.10 0 29 1
491 60.82 44.29 23.91 175.06 8 10 5
492 36.60 98.37 3.13 378.97 3 42 4
493 94.11 17.41 48.63 283.17 1 8 5
494 91.93 57.46 0.09 170.13 1 27 2
495 95.68 93.63 19.77 309.72 11 36 3
496 22.85 3.15 16.30 401.15 21 40 5
497 20.05 85.63 20.81 305.34 7 43 3
498 10.02 71.39 39.88 102.88 20 46 4
499 68.83 76.32 4.97 82.93 7 45 3
500 23.64 4.31 34.63 67.06 9 44 1
1 167.42 4094.33 1
2 133.97 4370.90 2
3 167.52 4187.89 3
4 152.80 4214.11 4
5 196.86 2845.11 5
6 161.05 4302.64 2
1 1.46 45.17 5
2 1.16 29.57 4
3 1.25 25.44 1
4 1.72 42.73 5
5 1.24 26.12 6
6 1.39 45.68 6
