Data for Vehicle routing problem with drones - Author: Huyen Do Thi Ngoc
Number of depots: 3
Number of cities: 500
Number of trucks: 4
Number of drones: 7
Area: 100 100 50
Customer maximum demand: 500
Max capacity of truck: 200
Max energy of truck: 5000
Max capacity of drone: 2
Max energy of drone: 50
1 0.82 35.28 25.47
2 66.70 35.43 23.76
3 58.63 55.30 41.37
1 95.18 98.38 22.38 344.58 24 42 1
2 84.93 46.11 35.70 302.76 18 47 3
3 35.55 55.60 26.69 108.22 0 10 1
4 64.44 90.65 42.89 332.89 9 39 2
5 1.69 16.08 26.04 368.32 20 24 3
6 90.22 8.97 16.58 127.78 13 14 2
7 56.04 59.95 44.87 116.98 8 32 2
8 73.46 68.54 7.36 425.56 22 23 2
9 60.93 55.57 1.53 180.16 20 21 3
10 44.13 81.02 27.88 100.20 4 10 3
11 7.37 40.09 12.59 334.76 10 16 1
12 31.02 52.54 30.36 251.14 15 34 3
13 50.18 55.29 17.32 481.44 7 42 2
14 70.03 76.25 49.81 157.54 5 9 2
15 53.18 39.14 0.11 424.50 15 32 1
16 92.95 5.94 44.09 56.63 21 32 1
17 3.98 62.36 43.13 334.20 14 41 3
18 83.39 14.06 17.59 96.20 14 15 1
19 49.81 63.93 37.54 123.58 24 38 3
20 16.45 60.79 13.52 385.60 3 3 3
21 3.20 32.35 16.10 399.48 12 14 1
22 58.81 60.22 25.16 197.22 17 25 2
23 33.66 35.63 4.48 420.35 9 12 1
24 82.29 0.28 21.62 464.25 20 46 3
25 8.99 5.36 7.76 441.82 3 13 1
26 83.42 36.92 30.77 333.34 0 37 1
27 98.01 29.81 25.04 219.75 22 47 1
28 47.83 97.19 1.09 211.22 9 38 3
29 50.20 43.71 11.67 126.72 4 42 2
30 82.22 62.32 13.57 257.85 14 31 1
31 78.87 18.25 49.92 439.37 16 47 2
32 37.11 88.25 42.77 59.82 12 34 3
33 97.78 98.28 10.21 92.46 4 37 3
34 86.96 28.33 5.52 403.85 18 20 2
35 75.31 77.68 22.64 251.39 14 18 3
36 58.63 36.07 9.89 91.24 20 27 3
37 43.74 27.23 41.25 389.79 17 24 3
38 21.29 69.04 38.30 430.60 15 22 1
39 80.10 34.90 41.85 87.49 15 25 2
40 52.17 67.52 17.44 139.48 23 31 1
41 88.56 52.70 6.62 82.27 1 15 2
42 17.25 81.52 38.12 148.00 1 8 2
43 18.58 67.25 35.51 200.58 0 6 3
44 57.35 25.28 15.96 244.15 10 22 1
45 28.09 37.47 0.30 124.98 7 38 3
46 94.58 85.29 12.95 480.57 14 33 1
47 51.42 9.68 12.79 77.60 21 26 1
48 34.44 79.22 47.75 264.71 1 18 3
49 88.36 17.36 9.31 369.00 20 31 3
50 38.37 77.35 36.14 285.00 14 23 1
51 39.90 84.53 26.48 479.10 3 42 1
52 59.15 19.13 47.49 191.27 21 38 2
53 56.15 70.46 41.06 152.61 18 37 1
54 1.83 61.00 16.56 281.45 10 25 3
55 71.96 69.35 17.83 434.65 13 31 2
56 53.15 89.31 45.69 458.92 6 35 1
57 10.63 43.02 18.50 471.10 22 44 1
58 92.32 12.20 43.33 278.34 1 33 2
59 76.48 54.43 29.52 119.03 1 42 1
60 69.91 15.07 44.60 314.21 16 41 3
61 59.50 73.02 44.17 459.19 24 30 3
62 87.68 36.44 30.84 294.99 14 41 3
63 41.13 68.47 30.74 365.44 12 27 1
64 79.28 79.38 12.97 232.57 24 45 1
65 56.92 27.98 7.16 415.88 20 31 1
66 12.93 89.75 16.76 131.92 12 30 3
67 93.06 41.93 22.97 431.82 17 38 3
68 96.85 71.25 27.53 178.13 22 33 3
69 96.00 74.72 15.05 164.65 5 48 2
70 91.84 72.88 48.94 88.43 1 31 2
71 90.42 94.25 21.36 410.82 21 21 1
72 87.48 60.37 13.72 350.85 17 45 2
73 60.82 66.92 26.71 151.77 19 24 2
74 96.02 44.75 16.07 138.41 12 36 2
75 19.23 26.51 14.00 214.72 19 29 1
76 85.43 32.89 30.48 327.36 6 31 2
77 76.85 80.68 39.83 388.12 11 39 1
78 36.68 72.75 22.65 292.19 7 15 3
79 33.90 28.99 32.66 184.98 12 40 1
80 71.94 1.32 1.11 166.63 1 13 2
81 81.69 84.51 28.12 170.74 15 19 1
82 58.35 20.93 5.93 452.00 13 27 1
83 50.95 51.04 36.01 91.03 0 27 1
84 89.31 44.28 36.77 66.88 2 24 3
85 44.73 4.25 12.68 183.58 9 19 3
86 78.78 5.12 44.53 185.46 8 35 3
87 76.58 28.99 2.86 164.00 0 47 2
88 40.27 22.78 44.37 266.34 23 32 1
89 66.13 71.41 7.74 125.29 3 32 2
90 36.34 20.30 18.25 170.78 1 41 3
91 48.44 47.07 20.88 117.10 8 26 3
92 55.71 27.17 17.52 434.24 4 44 1
93 79.02 36.27 29.76 247.29 17 21 3
94 19.35 21.49 10.72 305.89 19 19 3
95 46.05 3.10 3.13 388.24 10 34 2
96 19.18 90.87 45.55 253.72 4 4 1
97 39.09 11.32 0.30 390.63 18 26 2
98 17.83 86.94 34.13 421.10 9 13 2
99 63.39 55.45 48.83 236.00 21 42 2
100 9.33 99.91 25.10 156.09 0 42 1
101 85.57 3.59 3.81 306.73 0 41 1
102 61.22 46.86 32.39 240.55 8 25 3
103 27.12 15.02 13.01 354.58 2 38 2
104 47.72 1.72 14.78 390.91 12 46 1
105 99.16 60.61 39.12 81.66 18 24 1
106 32.87 25.21 9.06 314.58 14 33 1
107 69.57 43.49 23.54 227.10 7 46 2
108 72.65 47.83 16.23 176.19 8 15 1
109 35.57 37.72 17.59 414.60 7 12 1
110 86.54 81.25 7.09 220.30 20 21 1
111 67.84 13.58 39.41 119.47 2 20 3
112 3.96 53.44 23.75 296.85 1 45 1
113 46.39 71.39 15.03 108.25 9 29 2
114 62.09 63.69 18.41 231.86 23 46 2
115 23.66 52.38 41.04 195.50 18 40 1
116 20.39 60.09 12.46 463.92 14 19 3
117 55.25 52.99 19.66 165.61 14 18 1
118 62.25 84.08 29.45 217.02 1 42 1
119 5.45 15.97 14.56 77.44 11 37 1
120 11.25 22.62 26.78 334.60 16 21 1
121 48.54 47.70 1.45 404.14 10 16 2
122 93.42 12.50 39.22 383.45 19 37 2
123 26.33 99.52 8.75 254.36 7 32 2
124 20.44 91.24 25.58 454.93 10 47 3
125 91.53 84.38 22.63 138.79 17 21 2
126 76.07 54.19 35.17 81.29 3 8 1
127 74.09 43.31 46.01 182.26 15 29 2
128 41.30 41.10 12.70 63.79 2 31 3
129 31.60 87.03 3.43 80.18 10 27 2
130 94.57 36.48 4.03 340.10 19 35 3
131 18.20 91.72 37.34 206.74 6 47 2
132 20.45 93.23 39.15 314.64 24 29 2
133 88.88 85.68 37.22 364.34 10 20 2
134 50.77 66.73 9.69 323.56 16 27 2
135 13.14 96.97 6.13 333.32 4 38 3
136 26.78 51.84 22.77 304.55 20 33 1
137 0.49 44.79 1.40 206.69 21 35 2
138 94.33 2.89 48.05 464.79 13 15 1
139 80.19 93.58 24.28 399.42 15 38 2
140 39.73 48.53 38.20 347.51 3 8 3
141 38.46 74.27 10.71 483.30 12 46 3
142 65.24 9.39 25.41 253.58 18 46 1
143 43.41 22.20 39.57 292.87 8 32 1
144 20.35 90.11 49.59 123.12 19 37 1
145 78.28 97.37 33.21 94.23 7 17 2
146 57.01 56.07 46.80 460.83 10 18 2
147 10.89 6.77 27.66 158.41 6 10 2
148 44.57 39.19 43.11 416.30 2 10 1
149 86.69 46.57 8.40 424.60 19 21 2
150 46.93 64.31 9.05 102.02 10 12 2
151 94.42 48.71 12.02 251.40 23 48 2
152 58.09 88.49 16.08 160.46 19 48 3
153 17.20 66.86 29.26 422.93 15 34 2
154 68.46 22.05 10.69 464.06 15 40 1
155 56.39 52.09 10.89 97.65 22 47 3
156 18.91 43.48 30.07 147.01 14 21 1
157 3.87 60.81 2.00 347.03 4 30 1
158 39.26 22.85 36.27 490.82 16 21 1
159 62.25 1.33 39.33 177.84 23 47 3
160 10.74 92.45 45.34 274.31 21 34 1
161 26.19 59.41 22.20 121.00 14 40 3
162 64.23 37.93 27.50 326.30 14 38 1
163 28.46 57.23 8.19 136.62 17 20 1
164 41.37 25.19 13.56 85.53 20 33 3
165 98.62 4.39 13.69 356.21 2 13 2
166 11.06 39.14 41.42 201.38 18 33 1
167 10.78 23.96 40.66 221.26 16 29 2
168 56.40 43.70 31.59 418.43 14 15 3
169 68.03 87.70 39.76 311.45 15 21 3
170 39.59 35.29 49.63 224.40 16 23 1
171 50.58 52.65 32.54 235.43 11 33 2
172 65.40 60.97 17.00 140.14 3 6 1
173 81.53 37.40 8.87 211.90 9 19 3
174 78.09 50.80 20.80 303.69 0 9 2
175 84.28 8.54 38.93 215.85 11 48 3
176 55.02 72.25 24.00 289.46 20 26 1
177 47.28 55.86 18.25 385.07 14 40 3
178 85.70 64.99 9.57 178.42 6 16 1
179 89.26 67.88 9.34 382.71 7 47 2
180 54.14 28.23 6.54 350.29 1 16 3
181 20.04 52.20 41.01 421.53 16 43 1
182 72.49 28.77 46.99 273.33 23 23 1
183 87.87 85.64 10.92 163.54 16 26 3
184 73.98 54.37 46.25 191.43 21 40 1
185 76.95 68.40 46.11 489.34 16 41 2
186 24.92 71.84 32.84 315.20 14 15 3
187 6.47 95.53 10.04 320.46 16 30 1
188 67.39 76.32 32.25 459.76 4 18 3
189 27.16 18.73 44.56 107.06 18 24 1
190 63.23 46.14 35.54 83.18 12 35 2
191 29.32 66.45 12.25 486.22 10 20 2
192 75.38 24.19 21.67 218.73 7 47 2
193 12.18 85.09 27.02 338.05 17 17 3
194 91.05 7.11 11.21 271.64 14 28 1
195 38.58 16.58 42.36 96.70 17 42 2
196 30.87 24.74 41.35 396.66 0 30 1
197 91.56 20.29 45.14 86.38 17 17 1
198 35.11 92.33 33.64 138.16 20 37 3
199 11.36 86.09 13.63 184.03 11 36 2
200 72.77 85.57 39.14 286.48 5 5 3
201 16.26 71.88 42.33 151.34 7 43 3
202 73.10 3.95 19.25 273.10 16 25 3
203 17.78 34.27 6.86 128.86 11 41 2
204 71.35 89.76 29.03 234.78 12 36 2
205 11.89 66.08 10.47 258.36 3 48 1
206 12.32 46.70 42.24 441.20 6 17 3
207 6.50 65.37 6.38 365.98 2 43 1
208 95.96 93.86 14.78 263.75 11 28 3
209 61.13 4.70 37.83 268.37 2 24 1
210 18.58 88.40 6.21 197.30 17 27 1
211 59.49 44.21 15.25 378.24 11 12 1
212 99.70 0.64 12.08 112.39 8 40 3
213 78.40 42.41 10.37 466.77 15 27 2
214 62.40 74.02 48.81 90.23 7 41 1
215 7.53 72.66 5.49 381.42 10 21 2
216 21.66 25.18 40.65 403.32 2 7 1
217 39.91 29.10 10.97 74.71 13 26 3
218 58.65 39.09 17.70 199.40 3 21 1
219 82.60 71.36 9.64 428.06 16 46 1
220 5.76 60.98 49.51 489.03 18 36 3
221 14.73 65.36 22.91 58.09 19 47 3
222 30.82 63.49 47.25 249.79 18 36 2
223 80.48 64.63 41.63 290.26 1 7 1
224 5.76 52.47 23.55 74.38 13 44 3
225 14.87 59.64 14.68 333.49 21 22 2
226 59.96 64.61 18.66 380.26 16 25 1
227 42.30 18.17 49.99 406.47 11 11 3
228 50.20 56.45 12.17 487.03 11 31 2
229 59.25 68.12 23.81 58.54 21 31 1
230 68.28 44.85 8.14 100.41 4 25 2
231 18.96 75.14 11.52 247.96 20 32 1
232 55.62 95.12 18.42 264.27 10 46 3
233 24.25 36.00 48.49 240.40 19 48 1
234 65.99 55.08 36.67 81.16 16 18 2
235 86.15 56.74 38.07 421.79 23 28 1
236 80.92 26.91 30.54 288.05 6 27 2
237 80.60 51.99 13.82 358.49 18 29 2
238 56.68 6.62 20.20 473.02 10 13 3
239 7.38 84.19 30.24 339.68 1 2 1
240 4.54 82.62 12.28 101.83 15 35 1
241 19.66 17.12 15.87 285.26 7 21 1
242 70.56 17.50 40.07 357.61 15 31 1
243 19.19 98.60 7.19 395.16 2 18 1
244 33.87 7.75 8.07 215.79 1 33 3
245 61.29 54.17 41.99 173.56 12 39 1
246 22.41 90.94 39.75 335.35 6 45 2
247 90.81 50.10 8.24 382.35 2 25 1
248 98.17 92.40 2.94 283.48 14 38 2
249 71.44 91.50 37.03 430.33 12 29 3
250 40.60 3.08 17.90 305.82 14 26 1
251 56.75 26.55 15.51 102.28 16 21 1
252 1.33 91.61 10.85 267.73 22 45 1
253 41.07 32.51 28.95 170.42 4 15 2
254 19.08 78.59 41.12 457.29 0 25 1
255 20.33 35.36 2.35 300.40 14 35 2
256 90.57 89.56 43.52 99.33 0 40 1
257 6.98 81.46 34.09 181.89 2 38 2
258 46.30 20.75 33.28 354.82 18 35 3
259 24.35 90.57 12.71 143.87 22 47 1
260 4.21 67.02 3.56 122.19 16 16 3
261 7.89 31.39 27.24 271.49 6 9 1
262 97.44 88.28 46.80 66.77 6 45 3
263 45.52 56.70 28.19 82.49 11 44 3
264 19.66 36.05 38.40 334.05 3 26 3
265 2.13 1.27 25.25 432.02 20 31 2
266 8.94 41.03 3.65 190.79 4 21 1
267 50.38 88.15 42.13 258.29 11 40 3
268 55.80 43.35 31.13 222.61 5 44 2
269 43.06 57.85 29.05 189.67 11 26 1
270 32.05 54.20 21.82 58.32 0 5 1
271 93.60 9.18 26.78 75.58 1 16 1
272 30.40 14.79 10.30 388.78 11 37 3
273 62.86 8.05 23.24 328.68 9 20 2
274 66.53 65.72 14.46 110.66 17 36 2
275 66.86 76.25 35.13 193.73 22 30 1
276 90.33 4.18 4.88 146.05 9 48 3
277 52.95 40.72 29.21 378.05 11 31 2
278 34.33 80.96 6.86 402.84 22 45 2
279 40.75 1.00 16.56 368.91 21 30 3
280 97.66 80.99 42.36 446.57 2 20 1
281 46.01 39.04 45.04 433.15 24 37 3
282 84.18 60.67 36.57 106.33 4 12 1
283 28.40 39.74 45.00 395.08 12 35 1
284 78.77 50.29 26.48 449.25 11 23 2
285 30.86 9.42 30.88 429.81 8 45 2
286 74.64 23.11 49.60 85.61 3 26 1
287 17.18 25.58 46.07 498.03 1 22 3
288 27.62 62.11 40.73 195.08 12 34 2
289 35.14 38.85 20.56 81.88 17 44 3
290 0.91 22.83 37.41 392.38 7 30 2
291 6.04 96.57 45.61 364.18 3 11 2
292 6.17 80.60 46.94 177.32 5 39 1
293 38.11 9.80 14.47 149.98 10 39 3
294 49.59 52.16 9.17 195.42 18 19 2
295 1.64 26.02 39.77 374.92 9 28 2
296 2.27 52.75 16.62 98.58 8 46 2
297 85.83 72.05 16.91 408.01 6 29 3
298 16.15 42.25 18.06 322.83 22 26 2
299 33.93 66.15 44.20 250.11 19 31 1
300 52.82 77.97 8.75 379.08 19 29 3
301 64.57 53.01 40.19 123.05 24 46 3
302 87.90 16.75 3.25 225.85 1 25 1
303 39.11 47.71 17.74 148.55 20 44 1
304 48.36 55.80 44.02 178.67 6 39 3
305 54.11 97.96 38.19 237.28 9 38 2
306 75.31 76.73 24.72 345.98 21 24 2
307 56.67 20.01 0.72 269.96 18 40 1
308 62.14 52.10 16.05 397.70 21 30 2
309 14.75 60.43 42.02 296.91 9 15 2
310 93.65 93.30 29.82 170.68 24 27 3
311 95.54 81.90 14.95 368.16 5 16 2
312 4.54 77.71 28.68 206.23 2 15 3
313 75.28 7.58 14.14 162.86 1 17 2
314 13.92 10.96 32.91 297.27 21 32 2
315 91.41 92.22 38.47 416.51 16 35 1
316 53.53 46.13 36.34 211.53 23 46 2
317 13.16 66.25 17.06 373.84 24 39 3
318 89.37 7.52 37.87 166.79 8 39 3
319 75.11 77.03 17.68 292.77 3 41 3
320 23.73 36.89 39.30 81.94 12 39 3
321 46.42 85.02 26.81 336.83 13 48 1
322 34.68 50.65 10.48 144.79 2 37 2
323 65.59 77.96 38.13 131.43 23 45 3
324 9.69 66.85 20.70 494.75 1 3 3
325 68.48 68.15 25.27 235.37 5 13 1
326 93.48 63.39 46.70 379.88 18 31 2
327 87.58 0.97 27.94 444.72 9 35 3
328 30.44 75.34 8.54 243.10 22 29 1
329 65.13 83.39 39.39 175.80 13 40 2
330 91.54 10.66 4.97 401.60 0 17 3
331 4.26 74.31 12.21 489.28 18 37 2
332 81.02 40.19 26.05 339.08 4 19 1
333 40.39 67.82 38.92 272.48 8 47 2
334 46.52 29.43 33.80 61.01 23 34 1
335 21.03 11.00 7.54 157.60 24 25 1
336 32.60 90.12 29.30 408.53 3 36 3
337 83.72 4.11 25.26 476.08 13 34 1
338 48.92 82.20 31.78 246.51 22 25 3
339 90.22 92.08 48.72 390.66 15 48 3
340 98.99 0.75 48.89 346.63 3 48 3
341 51.98 23.05 39.19 396.66 24 26 1
342 77.45 74.14 26.58 441.65 8 46 3
343 32.04 45.51 27.64 448.68 15 30 1
344 1.51 1.34 18.84 175.50 17 45 3
345 47.24 33.42 38.44 124.07 20 44 1
346 52.07 91.33 1.08 185.36 15 38 2
347 67.90 53.81 16.65 461.61 3 44 3
348 56.58 53.22 29.19 132.57 18 37 2
349 74.64 70.42 12.09 305.44 10 43 1
350 87.85 46.73 19.30 145.26 6 40 1
351 18.86 83.32 2.42 143.74 12 44 3
352 92.25 53.02 40.31 465.82 3 23 2
353 4.01 11.13 29.42 154.91 10 38 1
354 88.82 11.52 32.40 75.43 24 41 3
355 18.30 34.06 25.53 344.93 23 31 3
356 72.53 6.29 13.15 227.39 24 38 1
357 2.45 34.58 39.73 249.31 0 24 2
358 73.62 37.05 22.75 339.22 8 24 3
359 7.18 55.65 40.12 50.20 19 29 3
360 86.06 6.09 30.96 319.68 7 10 1
361 11.25 95.33 32.33 93.25 18 26 1
362 59.19 94.93 10.26 403.66 2 20 2
363 68.38 70.19 22.84 269.50 15 43 2
364 77.59 60.34 47.88 252.31 5 48 1
365 25.78 9.86 14.17 225.47 5 28 2
366 90.24 8.55 27.81 441.48 23 39 1
367 73.78 87.43 2.30 444.74 5 18 1
368 3.59 56.14 43.48 225.28 20 48 3
369 38.52 12.71 46.91 244.46 14 20 3
370 24.97 69.65 28.70 484.21 1 11 2
371 21.73 45.00 48.05 319.34 6 14 3
372 10.61 8.22 33.29 50.42 10 40 2
373 40.60 85.85 3.19 499.27 9 14 3
374 89.55 82.08 12.27 275.04 24 27 1
375 96.83 16.15 13.20 463.57 15 36 2
376 42.32 33.45 36.20 436.32 20 20 1
377 73.87 76.85 31.28 132.59 21 25 1
378 55.21 51.21 19.10 400.72 11 29 2
379 77.43 57.97 31.67 163.18 2 15 1
380 49.98 86.03 17.50 405.94 2 23 1
381 40.18 12.94 36.04 481.74 2 42 2
382 43.85 31.08 10.93 435.08 0 12 1
383 41.57 53.84 13.62 431.57 21 44 3
384 26.24 92.63 32.07 266.99 4 5 3
385 94.52 9.26 47.18 61.73 21 37 1
386 48.89 8.47 20.61 211.25 16 21 1
387 71.37 10.64 3.29 488.79 22 44 2
388 5.30 23.73 12.10 60.99 9 42 2
389 44.78 41.77 22.42 221.90 0 46 2
390 35.35 70.85 43.20 135.75 4 5 3
391 27.19 47.65 33.19 382.22 2 46 3
392 79.66 41.60 22.71 99.36 5 9 1
393 80.59 56.99 27.34 307.91 20 35 2
394 86.63 64.75 26.64 96.63 16 45 2
395 0.24 50.91 27.65 290.31 19 26 1
396 21.33 35.02 49.23 411.46 3 3 1
397 26.00 78.83 44.95 321.42 11 17 3
398 9.25 64.97 15.45 386.40 6 38 2
399 10.18 77.62 48.83 421.41 3 45 1
400 88.07 86.45 14.02 444.89 21 26 3
401 75.64 69.42 10.31 156.69 13 32 3
402 11.22 14.23 9.32 435.86 19 24 1
403 42.37 57.92 37.07 492.89 21 28 2
404 56.73 38.87 9.80 393.02 16 42 3
405 58.56 8.09 3.30 385.06 12 16 3
406 10.74 93.21 6.75 300.88 24 29 2
407 78.17 53.08 39.48 281.11 1 27 2
408 43.72 45.72 2.68 356.30 1 15 3
409 19.62 70.11 8.44 379.64 10 38 3
410 34.77 1.95 36.55 431.80 10 44 1
411 89.09 23.19 11.07 172.69 20 43 1
412 46.35 28.54 46.43 233.57 12 29 3
413 43.64 64.19 43.13 159.28 24 34 1
414 36.92 32.41 36.55 398.99 10 27 2
415 17.23 14.87 42.26 207.54 12 29 1
416 28.45 46.02 8.05 477.82 4 25 1
417 64.42 8.64 37.03 404.47 13 45 2
418 51.28 99.36 31.12 81.06 11 37 3
419 49.35 82.50 15.05 444.86 5 32 2
420 66.56 71.27 20.25 314.77 15 27 3
421 51.40 88.11 37.53 197.72 10 35 3
422 43.51 53.88 37.90 336.57 14 30 2
423 94.87 85.88 15.67 194.53 7 11 1
424 11.95 81.52 6.96 219.79 11 29 1
425 84.52 36.70 45.17 317.75 22 45 2
426 42.40 61.05 34.09 306.42 13 43 2
427 53.82 46.02 32.96 207.88 13 16 2
428 94.83 56.99 16.94 280.17 24 24 3
429 33.66 5.72 30.20 498.68 0 2 2
430 81.07 66.66 48.40 496.95 17 35 2
431 90.87 35.95 35.36 123.90 0 25 2
432 12.23 95.91 43.02 71.25 2 32 1
433 34.46 56.07 3.29 123.92 4 33 3
434 15.69 35.37 4.13 66.20 2 17 2
435 41.71 78.71 26.82 113.19 11 27 1
436 47.32 53.66 44.53 474.08 5 27 2
437 42.41 41.32 34.47 455.24 17 38 1
438 57.29 52.90 21.70 344.49 23 40 3
439 76.68 83.66 12.92 243.73 1 6 3
440 4.24 21.35 33.09 154.10 12 46 2
441 92.22 38.92 7.79 136.58 17 29 3
442 23.82 89.34 31.56 472.78 22 22 3
443 65.01 35.49 9.18 140.99 17 33 1
444 96.53 13.56 0.46 221.77 9 21 3
445 98.54 26.13 7.44 447.16 16 31 1
446 94.62 65.70 29.80 80.08 1 12 1
447 53.56 26.70 15.54 399.78 5 48 1
448 50.12 63.13 31.88 62.54 0 30 2
449 45.79 88.70 38.54 324.87 16 48 1
450 14.34 42.78 34.11 352.85 5 6 1
451 62.12 61.35 7.79 281.28 15 26 2
452 47.00 69.30 31.56 337.45 7 35 3
453 65.09 88.32 38.67 221.40 11 38 3
454 5.08 7.91 31.84 453.23 23 28 2
455 67.61 38.22 36.05 197.81 22 38 3
456 11.79 27.11 27.29 288.41 5 45 3
457 40.47 23.90 16.36 62.35 7 10 2
458 30.17 97.99 5.18 243.72 2 25 2
459 99.06 25.46 11.20 203.63 18 26 3
460 41.48 29.67 47.12 499.23 17 26 2
461 8.81 47.82 30.15 405.76 12 20 2
462 30.20 68.86 22.28 332.16 5 40 3
463 91.99 51.81 21.67 499.86 21 37 1
464 64.49 77.89 6.79 122.60 9 37 2
465 74.56 42.97 10.19 443.95 10 43 1
466 83.51 63.33 8.80 392.26 2 23 1
467 24.79 95.23 25.13 243.79 12 43 1
468 20.57 68.48 41.46 382.34 13 37 1
469 0.98 39.15 44.55 470.85 9 21 2
470 78.95 44.58 9.73 70.61 10 42 2
471 25.11 98.76 27.21 359.91 14 46 1
472 44.49 27.06 47.63 211.45 16 28 1
473 0.15 34.68 18.11 208.96 5 27 3
474 48.12 65.58 23.14 236.96 6 22 2
475 15.53 60.43 41.25 236.90 9 42 1
476 23.58 50.23 8.19 168.26 20 22 3
477 61.69 62.09 24.98 305.49 0 11 1
478 23.36 52.43 19.38 373.73 20 39 1
479 70.56 74.34 37.02 277.70 16 22 3
480 26.71 27.14 42.37 78.40 12 32 3
481 75.28 69.48 12.36 386.11 11 34 2
482 13.65 26.30 20.78 419.95 10 47 2
483 43.07 21.05 18.22 315.24 8 8 1
484 3.70 23.43 40.32 96.33 11 23 1
485 35.57 24.39 12.55 300.88 3 22 3
486 79.47 51.07 30.31 108.09 11 34 3
487 5.09 91.48 31.98 114.21 5 41 1
488 22.57 27.96 18.45 236.84 22 40 1
489 4.51 1.43 47.47 178.01 3 45 1
490 33.36 48.31 14.06 339.17 5 17 3
491 1.61 22.00 26.59 449.91 2 2 2
492 75.49 40.31 33.14 164.74 12 46 2
493 81.00 60.20 37.21 470.28 24 24 1
494 21.91 6.90 12.91 462.18 20 26 1
495 29.66 50.25 47.37 304.53 10 24 1
496 94.38 94.58 46.21 285.90 0 43 1
497 34.00 31.58 41.86 445.89 12 21 3
498 70.14 35.42 17.64 491.83 12 45 1
499 96.72 40.23 4.68 158.81 12 15 3
500 70.77 30.06 34.20 398.20 24 35 1
1 179.56 3666.01 1
2 180.17 4731.05 2
3 149.50 3895.25 3
4 162.36 3220.84 2
1 1.88 31.24 1
2 1.34 42.32 3
3 1.03 34.27 1
4 1.22 38.68 2
5 1.28 36.01 1
6 1.76 42.19 1
7 1.96 36.50 2
