Data for Vehicle routing problem with drones - Author: Huyen Do Thi Ngoc
Number of depots: 2
Number of cities: 400
Number of trucks: 2
Number of drones: 7
Area: 100 100 50
Customer maximum demand: 500
Max capacity of truck: 200
Max energy of truck: 5000
Max capacity of drone: 2
Max energy of drone: 50
1 3.16 80.23 37.20
2 82.51 86.94 27.33
1 56.43 61.97 10.27 159.18 15 20 1
2 52.37 4.43 37.81 250.60 21 32 1
3 45.14 8.25 6.86 370.20 1 13 1
4 87.86 56.47 34.49 200.80 23 34 1
5 87.43 25.95 40.96 55.07 16 48 1
6 40.85 81.89 32.72 248.95 2 15 2
7 24.25 60.11 39.61 361.18 1 24 1
8 34.41 73.48 27.95 216.56 0 32 2
9 51.22 12.61 34.81 399.80 23 47 1
10 12.80 83.61 17.41 204.47 3 22 2
11 99.36 32.08 10.61 82.63 6 41 1
12 50.48 61.89 11.03 327.19 5 13 2
13 46.03 71.82 27.17 301.19 1 35 2
14 65.84 91.05 4.90 115.43 17 17 1
15 77.50 50.16 44.24 106.36 23 46 1
16 93.19 86.13 46.34 434.30 18 42 1
17 6.05 0.74 1.33 82.23 1 17 1
18 58.25 68.79 31.80 234.05 12 28 1
19 68.42 93.27 8.26 370.46 21 37 1
20 4.51 39.49 30.80 397.51 4 29 1
21 63.11 42.80 34.60 307.03 19 33 2
22 60.80 97.94 33.63 309.50 5 9 1
23 52.79 34.83 46.13 233.96 1 31 1
24 44.11 70.28 42.30 83.03 17 44 2
25 56.21 55.99 5.90 81.29 9 31 1
26 83.83 45.06 43.91 420.31 13 22 2
27 37.59 99.03 26.51 350.33 1 44 2
28 41.77 64.29 2.96 133.39 3 46 2
29 62.45 26.34 42.17 305.94 5 47 1
30 78.94 93.10 37.68 431.80 23 36 2
31 42.09 57.25 25.33 340.61 12 17 2
32 86.51 57.94 3.86 387.18 6 13 2
33 89.58 46.67 40.22 387.75 21 42 1
34 69.53 24.83 1.43 328.22 9 32 1
35 22.37 60.34 33.13 341.47 18 25 2
36 85.50 86.08 17.90 442.16 2 14 1
37 22.27 0.94 30.26 373.63 19 43 2
38 10.31 47.68 6.89 235.77 18 22 2
39 36.48 10.72 30.90 353.78 6 23 2
40 52.80 24.48 18.13 256.06 2 3 1
41 89.72 7.30 11.69 156.15 7 29 1
42 11.21 75.34 49.58 491.58 14 40 2
43 0.86 78.57 39.13 185.56 6 21 2
44 36.96 58.42 14.27 198.34 22 35 1
45 33.83 47.16 27.07 413.22 1 9 1
46 39.67 99.35 26.67 88.08 0 29 2
47 32.20 64.46 39.22 93.02 6 45 1
48 1.91 12.87 38.57 161.62 17 18 2
49 7.12 80.88 15.85 289.94 13 16 1
50 2.48 78.93 1.57 256.13 4 7 2
51 7.09 18.57 27.54 78.77 6 30 2
52 39.68 84.18 26.90 206.79 12 33 1
53 32.60 50.85 17.01 342.35 16 36 1
54 26.34 74.62 41.08 498.17 24 25 2
55 88.45 55.70 41.84 273.35 17 20 1
56 22.77 71.46 17.44 86.22 0 6 2
57 26.36 95.83 21.27 265.74 22 38 2
58 75.85 80.20 37.30 364.26 13 35 1
59 77.75 65.57 49.26 437.08 17 41 1
60 90.31 48.40 24.21 466.80 23 28 1
61 14.75 6.84 11.05 124.52 0 42 2
62 75.27 71.49 11.75 482.90 15 41 1
63 57.57 55.51 21.10 468.22 14 33 2
64 13.93 56.46 45.19 442.41 21 45 1
65 97.02 49.51 6.84 298.66 15 26 1
66 63.54 36.01 42.52 421.74 17 43 2
67 13.51 89.02 21.57 92.65 11 28 2
68 97.26 99.46 38.63 123.18 4 30 2
69 59.64 9.90 19.69 314.09 0 28 2
70 29.90 32.13 34.77 156.90 12 18 2
71 78.62 41.24 44.75 284.74 11 20 2
72 43.59 94.08 40.16 357.70 16 27 2
73 18.28 8.60 27.78 283.64 0 9 1
74 55.05 39.49 0.87 183.83 5 46 2
75 7.79 17.64 29.22 314.37 5 19 1
76 70.98 58.54 16.98 167.23 18 25 2
77 7.42 39.07 42.63 477.17 16 31 2
78 85.36 21.68 13.74 215.17 0 4 2
79 79.80 39.80 49.11 90.63 23 27 1
80 56.75 59.02 3.63 268.82 8 33 1
81 67.15 2.29 22.67 460.73 14 45 1
82 53.82 83.37 21.96 62.82 1 32 1
83 75.48 37.28 39.98 177.58 16 45 2
84 71.37 60.71 48.35 79.90 6 34 1
85 38.78 35.17 2.64 150.80 0 34 1
86 57.47 40.69 29.48 93.58 11 34 2
87 41.43 38.50 12.17 406.55 8 13 1
88 0.07 39.10 38.73 499.71 19 45 2
89 45.83 46.98 40.25 449.55 16 43 2
90 14.58 31.66 33.58 442.29 19 24 1
91 68.74 2.34 41.99 110.50 14 28 2
92 53.40 95.77 36.73 228.86 13 17 1
93 47.21 26.99 15.03 291.47 9 31 2
94 26.28 4.22 43.85 289.46 2 12 2
95 30.68 15.95 6.75 290.75 18 27 2
96 75.64 57.01 32.93 214.73 5 6 1
97 2.55 67.61 37.34 483.37 18 22 1
98 95.30 56.52 15.02 288.29 19 47 2
99 65.49 30.38 46.07 95.19 6 25 1
100 34.90 7.02 43.58 70.25 18 27 1
101 15.34 59.18 44.69 273.79 19 37 2
102 9.57 83.38 38.85 137.47 5 9 2
103 11.32 32.23 9.56 188.55 1 28 2
104 90.91 55.90 16.77 163.56 13 32 2
105 81.16 14.52 24.15 182.16 6 32 2
106 78.25 98.66 20.77 51.98 14 17 1
107 91.57 43.26 3.81 192.03 24 47 2
108 69.52 76.36 11.05 414.62 13 45 2
109 1.12 66.29 47.95 201.37 17 29 1
110 80.13 20.78 18.71 112.81 14 40 1
111 28.88 86.74 6.20 80.87 6 18 1
112 8.44 80.49 41.49 346.39 10 20 2
113 71.83 39.47 5.97 96.61 4 35 2
114 59.38 50.95 46.36 55.73 14 22 1
115 77.97 75.17 39.60 74.13 14 28 1
116 15.66 71.29 46.82 367.06 23 46 1
117 54.56 18.80 14.46 488.84 11 16 1
118 66.26 10.61 15.22 200.46 17 22 2
119 31.41 45.91 18.33 235.06 23 32 2
120 35.30 51.34 40.88 93.73 21 24 2
121 25.08 75.36 20.41 472.49 8 30 2
122 83.44 94.49 10.70 300.09 14 33 2
123 93.81 46.82 12.75 308.78 5 47 1
124 69.29 58.81 15.06 103.26 11 30 2
125 84.59 67.17 24.18 161.25 9 22 2
126 10.95 6.24 10.05 333.39 0 15 1
127 73.42 11.79 39.04 175.56 13 24 1
128 4.95 46.88 9.34 243.72 9 42 2
129 19.09 76.01 44.86 491.93 11 20 1
130 86.51 35.60 5.48 172.93 20 40 1
131 86.07 89.35 1.35 492.83 1 22 1
132 98.16 4.39 26.08 316.20 24 33 1
133 13.05 45.16 35.02 476.72 24 28 2
134 88.33 20.69 42.92 481.40 2 6 1
135 33.12 81.73 30.33 378.47 17 37 2
136 81.96 46.53 19.45 418.00 8 35 1
137 60.39 71.38 2.05 437.84 12 30 2
138 35.34 36.79 18.56 228.46 24 32 2
139 41.60 11.56 32.68 309.28 14 25 2
140 30.75 23.74 14.52 492.69 10 38 2
141 0.96 92.81 30.14 366.94 16 48 1
142 15.22 11.44 23.95 464.30 15 43 2
143 32.64 16.74 4.62 401.04 23 43 1
144 51.52 59.65 40.41 192.91 11 40 2
145 90.18 51.57 18.06 162.96 7 36 1
146 92.84 10.98 30.58 180.96 10 37 1
147 81.51 60.05 23.71 438.15 5 21 1
148 5.48 68.66 34.75 431.62 1 11 2
149 38.68 45.98 6.15 296.87 18 47 2
150 30.50 32.78 42.90 345.08 4 15 1
151 24.29 11.41 47.32 244.16 10 48 1
152 45.83 82.12 8.05 223.16 6 28 1
153 39.50 46.41 28.20 89.84 3 7 2
154 8.32 81.19 8.89 328.88 16 43 2
155 35.81 73.13 41.65 339.12 11 41 2
156 86.78 56.40 29.55 267.44 8 27 1
157 49.12 51.28 5.86 191.09 16 46 2
158 21.94 47.08 11.58 275.68 11 45 2
159 93.33 83.90 28.58 223.89 12 45 2
160 19.53 39.50 16.75 416.32 2 13 2
161 75.90 9.13 4.78 345.67 15 16 2
162 0.53 12.88 26.22 442.83 11 34 1
163 22.63 75.59 9.01 492.16 8 45 2
164 58.62 22.94 42.41 371.95 17 43 1
165 63.75 81.37 18.21 67.96 18 21 1
166 12.99 61.72 23.42 357.48 7 45 1
167 0.71 58.68 33.29 52.06 21 29 2
168 53.27 47.16 22.64 221.14 20 33 1
169 20.14 9.54 22.26 179.29 18 42 2
170 5.03 23.63 13.87 485.38 17 48 2
171 45.86 94.85 31.40 275.34 0 45 1
172 95.84 47.00 24.52 53.68 19 27 1
173 72.35 58.69 45.98 99.69 22 23 1
174 75.77 11.63 36.33 380.07 13 33 1
175 76.05 21.13 30.08 488.26 24 36 1
176 58.79 13.12 43.55 376.00 0 31 1
177 17.72 15.93 15.49 134.35 17 31 2
178 97.22 71.57 8.12 363.41 5 23 2
179 82.26 56.38 15.63 382.13 16 38 2
180 30.38 99.66 23.22 163.41 1 30 1
181 45.95 0.14 8.82 116.21 8 27 2
182 76.31 11.79 24.25 104.18 18 26 1
183 72.17 64.63 9.29 234.31 17 42 1
184 6.43 85.41 46.63 345.67 8 15 2
185 98.46 99.02 30.19 260.51 13 28 2
186 19.25 5.44 32.16 460.11 4 14 2
187 67.10 93.33 3.80 242.09 20 27 1
188 98.47 51.78 36.46 60.30 20 41 1
189 69.81 60.71 30.77 330.28 14 16 2
190 60.71 59.04 43.69 429.81 15 34 1
191 96.43 51.96 1.48 333.33 7 39 1
192 2.71 60.01 11.86 91.46 18 20 1
193 80.30 12.37 42.61 450.44 12 38 2
194 31.02 91.77 0.68 297.54 6 28 2
195 68.92 87.83 20.12 452.11 24 41 1
196 59.72 2.66 44.32 195.24 12 14 1
197 67.68 20.30 41.09 234.27 18 23 1
198 89.73 64.43 49.77 157.85 0 48 1
199 4.50 71.04 3.11 374.80 9 44 1
200 35.75 88.50 25.78 476.09 11 18 2
201 26.88 10.95 10.18 300.09 10 22 1
202 93.13 73.71 46.25 308.73 15 24 2
203 71.93 60.21 26.64 257.98 10 41 2
204 8.80 96.11 28.87 163.27 10 18 2
205 16.39 16.54 22.75 342.71 22 30 1
206 75.45 20.67 7.69 143.94 20 37 2
207 79.12 63.79 2.45 304.56 0 5 1
208 89.70 31.35 9.68 390.51 1 36 1
209 53.80 15.90 9.40 356.61 21 25 1
210 46.79 88.64 45.60 247.17 3 21 2
211 17.92 98.23 34.47 336.66 12 28 2
212 53.02 31.99 31.75 365.12 23 43 2
213 96.51 21.74 28.50 185.09 8 12 1
214 55.82 25.23 37.56 290.31 14 45 1
215 60.39 17.14 33.30 183.06 9 47 2
216 93.78 11.67 14.38 239.46 9 31 1
217 19.23 80.71 38.94 206.29 1 5 1
218 64.19 58.39 48.37 286.86 13 44 2
219 95.24 7.53 31.96 231.83 0 23 1
220 20.07 41.75 43.15 405.17 9 34 2
221 98.01 50.69 27.31 149.57 0 20 1
222 10.25 24.91 38.51 367.76 22 32 2
223 36.05 1.88 12.08 207.88 19 47 2
224 75.77 88.71 7.83 232.12 4 29 2
225 62.84 0.21 11.40 427.70 9 45 2
226 2.81 35.77 25.34 383.82 5 7 1
227 9.22 36.25 28.25 215.73 4 41 2
228 90.61 99.14 48.46 311.43 15 25 2
229 75.12 89.37 42.08 392.39 22 30 1
230 86.42 97.73 23.14 405.34 13 25 2
231 45.65 53.10 43.71 76.52 10 30 2
232 32.59 87.64 30.78 360.61 12 38 1
233 84.47 15.92 17.71 217.44 9 14 1
234 58.98 4.87 27.13 265.07 12 17 1
235 14.23 6.35 11.47 78.72 8 29 1
236 12.32 23.17 14.50 490.65 1 15 1
237 12.24 22.72 33.57 370.18 20 40 1
238 67.53 64.23 13.26 282.99 9 24 2
239 98.85 36.38 31.69 480.18 3 36 2
240 29.71 42.69 24.03 373.42 4 46 1
241 17.70 10.98 14.41 197.19 14 48 2
242 4.82 99.59 18.02 231.68 13 28 2
243 1.79 72.48 7.77 119.42 3 20 1
244 67.63 49.00 28.72 321.78 21 44 2
245 66.09 92.81 32.83 64.60 1 21 1
246 66.21 26.91 26.16 128.47 13 16 1
247 68.82 50.36 19.57 347.77 8 31 1
248 13.85 62.98 31.71 171.44 23 43 2
249 92.51 10.30 30.41 250.89 24 34 1
250 98.09 49.26 37.75 170.93 12 17 2
251 87.47 47.77 41.43 361.84 16 19 1
252 66.12 84.64 41.10 302.04 6 38 1
253 94.30 47.46 19.94 341.98 21 24 1
254 34.45 8.77 24.74 134.42 9 20 1
255 65.56 74.40 7.44 187.84 11 34 2
256 43.41 21.58 48.67 63.21 22 31 1
257 23.96 91.87 19.28 175.04 18 18 2
258 48.49 84.79 0.66 368.67 2 21 1
259 12.08 24.70 5.61 101.08 10 33 2
260 16.07 21.44 35.93 52.31 16 48 1
261 31.70 97.99 4.10 409.47 23 44 2
262 29.93 14.18 47.77 336.82 9 37 1
263 23.84 97.30 37.83 130.26 14 37 2
264 48.22 94.99 20.36 495.45 2 12 1
265 87.01 25.76 45.48 246.17 7 20 2
266 44.86 40.82 5.06 286.84 1 35 1
267 8.43 43.88 47.64 214.86 19 38 1
268 73.24 28.45 18.78 402.58 8 39 2
269 34.11 72.96 37.68 81.99 0 10 1
270 92.29 52.38 41.26 212.28 16 35 2
271 54.82 86.05 21.94 224.61 16 38 2
272 57.06 67.75 6.73 298.98 2 19 2
273 96.95 70.60 20.43 393.93 6 48 2
274 99.07 10.87 15.44 326.38 2 19 1
275 92.70 47.18 26.06 150.59 9 31 1
276 5.21 79.13 11.58 337.34 7 45 1
277 15.74 20.09 2.09 136.83 15 18 2
278 25.84 46.93 42.38 367.88 3 40 2
279 9.24 86.23 49.90 306.93 5 8 1
280 32.70 84.51 30.54 109.65 6 45 1
281 41.09 18.89 2.30 76.20 2 36 2
282 78.27 1.73 6.76 300.65 8 44 2
283 68.69 19.08 48.59 72.61 21 31 2
284 85.56 22.91 39.12 301.04 8 11 1
285 23.02 86.16 28.03 296.37 9 38 2
286 75.55 26.58 40.21 301.66 16 29 1
287 97.65 99.73 5.72 494.90 16 31 2
288 52.40 37.06 41.47 462.99 17 29 1
289 82.49 56.65 15.50 296.75 3 5 2
290 8.09 53.72 29.88 328.88 10 16 2
291 35.65 59.31 11.64 61.47 7 25 2
292 52.22 1.48 0.92 286.78 24 27 1
293 57.48 35.45 44.47 177.47 5 45 2
294 64.75 52.91 14.85 262.75 10 38 1
295 1.25 3.41 39.34 393.49 0 25 1
296 33.48 2.22 31.40 361.95 18 30 2
297 38.27 72.07 32.47 220.11 8 25 1
298 10.27 87.66 0.68 197.08 6 22 2
299 79.68 67.31 21.52 339.67 11 33 1
300 6.66 6.48 26.16 204.01 18 19 2
301 50.52 5.79 31.30 396.69 13 30 2
302 13.47 53.55 7.77 378.52 18 41 2
303 74.51 55.98 35.84 107.63 22 29 1
304 73.04 81.06 10.37 495.89 13 46 1
305 84.09 80.22 35.83 353.17 10 43 1
306 89.55 90.62 43.18 445.03 5 43 1
307 23.02 93.82 9.19 164.63 11 43 1
308 9.45 8.71 13.28 206.71 23 24 2
309 59.43 7.82 27.26 442.91 2 41 1
310 8.31 76.37 9.41 102.41 10 22 1
311 95.63 66.73 0.93 352.28 4 17 1
312 81.60 46.56 8.46 87.59 24 33 1
313 55.13 78.06 9.54 86.91 18 26 2
314 21.29 75.43 25.08 79.39 24 40 1
315 18.83 18.05 43.69 345.22 17 46 1
316 26.49 11.83 25.49 359.83 12 43 2
317 15.30 10.04 29.14 494.63 12 43 1
318 44.45 73.03 46.48 411.49 9 38 1
319 12.77 80.83 41.30 58.29 3 34 1
320 35.11 82.22 11.27 390.32 4 41 2
321 82.65 94.37 15.69 273.67 19 26 2
322 73.09 95.29 27.45 106.06 24 47 2
323 90.30 21.11 0.93 190.52 1 23 2
324 61.94 86.76 13.14 283.63 8 40 2
325 31.62 87.73 2.29 334.85 22 35 2
326 69.32 85.14 36.22 376.50 10 19 1
327 9.73 36.29 8.77 416.27 22 24 2
328 66.28 34.42 45.77 98.62 19 43 1
329 43.77 95.90 42.00 243.52 3 35 2
330 23.34 38.55 46.82 160.54 2 3 1
331 95.90 69.52 47.21 254.30 16 34 1
332 1.95 88.33 39.80 469.28 6 24 1
333 50.40 15.25 9.62 389.09 18 23 1
334 72.38 37.71 0.59 299.79 10 10 2
335 41.34 32.13 34.53 321.93 10 30 1
336 93.57 9.11 34.34 435.71 21 33 2
337 60.28 25.27 24.78 404.35 0 20 1
338 27.17 68.27 7.92 229.25 0 1 1
339 26.07 41.29 36.57 406.20 4 38 1
340 70.37 8.42 20.66 447.79 3 31 2
341 13.75 11.34 49.60 60.58 11 28 2
342 4.75 27.57 20.65 328.67 0 24 2
343 53.47 14.88 37.35 347.78 12 13 1
344 32.02 10.19 17.26 67.84 15 30 2
345 47.56 71.66 32.52 400.06 1 39 1
346 4.98 25.02 23.55 55.00 11 42 2
347 18.54 96.81 49.89 390.49 1 33 1
348 66.01 27.68 22.77 373.46 18 36 2
349 95.32 87.92 25.69 116.11 9 17 1
350 85.53 81.05 29.11 205.07 23 31 1
351 48.97 98.83 2.41 110.35 8 32 1
352 89.68 32.00 3.89 175.30 19 38 2
353 24.26 49.66 31.98 364.34 19 26 1
354 29.47 29.92 33.81 357.04 23 42 1
355 68.66 20.02 6.58 178.34 19 22 2
356 63.66 76.53 48.88 178.20 0 5 2
357 68.58 60.10 40.23 185.98 17 23 2
358 89.89 96.24 6.07 184.71 2 29 2
359 54.29 90.07 34.74 157.97 20 42 1
360 7.00 38.05 26.12 349.80 0 5 2
361 63.21 45.74 26.02 132.17 23 28 1
362 32.36 17.24 42.17 155.84 16 23 2
363 94.96 48.87 1.74 260.42 4 41 2
364 30.39 49.00 32.84 352.44 1 3 2
365 20.59 34.51 6.49 185.87 12 17 1
366 4.84 37.05 36.77 325.43 21 47 2
367 91.17 60.22 9.78 68.20 12 40 2
368 21.53 77.79 3.86 436.95 10 46 2
369 85.81 26.45 16.45 300.20 20 38 2
370 50.78 22.61 19.41 367.42 15 37 2
371 16.79 48.99 7.36 373.37 11 42 2
372 92.91 95.18 37.03 344.80 16 31 2
373 4.95 75.25 42.87 316.42 10 48 2
374 75.51 28.01 9.54 246.72 11 34 1
375 41.32 51.99 3.42 383.53 17 46 2
376 42.50 27.54 6.64 122.04 5 34 2
377 93.31 97.14 23.48 312.08 23 37 2
378 88.12 61.76 30.35 158.21 24 27 1
379 96.06 10.89 27.10 72.11 21 40 1
380 7.35 10.39 38.29 215.94 5 28 2
381 93.95 68.43 12.71 129.39 22 24 2
382 38.68 11.32 35.59 189.19 14 45 2
383 22.02 29.35 6.75 347.29 20 42 2
384 83.11 32.91 41.89 204.29 21 39 2
385 73.63 83.58 12.75 327.89 23 36 1
386 93.95 41.60 38.60 343.31 0 14 1
387 73.28 41.81 21.01 67.78 2 7 1
388 54.74 17.32 28.85 258.11 11 38 1
389 43.00 98.34 20.85 441.95 4 19 1
390 87.74 33.91 9.97 135.59 20 39 1
391 17.44 47.19 32.85 381.50 23 39 2
392 76.54 89.97 5.87 238.77 3 39 2
393 21.33 43.10 43.15 258.88 1 21 1
394 67.29 99.25 11.00 407.27 17 37 2
395 49.75 12.46 43.13 425.23 5 27 1
396 48.43 79.17 14.88 163.57 22 33 1
397 9.82 38.67 34.27 333.66 8 25 2
398 2.66 74.09 26.86 128.29 21 45 2
399 91.72 53.43 11.35 293.39 12 27 2
400 82.85 80.65 49.44 339.34 14 40 1
1 177.69 4680.45 1
2 118.00 3194.92 2
1 1.02 33.24 2
2 1.63 29.59 2
3 1.57 36.36 1
4 1.76 47.06 1
5 1.14 35.04 2
6 1.45 36.24 1
7 1.37 39.91 1
