Data for Vehicle routing problem with drones - Author: Huyen Do Thi Ngoc
Number of depots: 1
Number of cities: 300
Number of trucks: 1
Number of drones: 4
Area: 100 100 50
Customer maximum demand: 500
Max capacity of truck: 200
Max energy of truck: 5000
Max capacity of drone: 2
Max energy of drone: 50
1 87.65 28.88 42.48
1 78.36 39.22 34.43 402.63 12 45 1
2 86.04 41.81 18.08 117.84 17 25 1
3 93.91 85.12 8.84 208.39 8 12 1
4 96.27 55.81 13.91 312.25 4 24 1
5 27.15 80.28 15.54 487.40 18 45 1
6 7.25 39.07 14.84 273.44 1 43 1
7 61.41 54.66 3.75 275.61 7 39 1
8 13.09 63.70 28.52 393.37 1 4 1
9 85.28 57.74 20.12 179.04 5 6 1
10 91.48 41.68 10.85 255.58 5 31 1
11 94.78 69.14 12.58 380.96 21 27 1
12 33.88 93.34 21.54 160.20 23 26 1
13 21.77 13.67 42.30 124.73 10 16 1
14 6.52 17.57 35.39 464.42 12 37 1
15 0.45 72.41 32.38 223.62 19 22 1
16 72.23 58.83 28.29 201.36 5 48 1
17 81.76 36.45 11.04 342.63 12 28 1
18 51.55 84.99 22.60 409.99 7 7 1
19 36.24 96.46 20.40 388.91 5 24 1
20 35.88 64.18 25.47 177.77 16 25 1
21 98.36 43.67 42.44 379.63 3 32 1
22 68.37 16.64 17.15 263.47 0 3 1
23 9.05 85.98 20.83 408.31 20 35 1
24 41.52 43.27 12.60 344.51 4 32 1
25 50.14 83.90 14.55 220.76 20 26 1
26 47.58 76.76 37.99 115.72 1 16 1
27 39.12 29.91 31.28 282.55 8 38 1
28 46.69 85.79 20.28 182.35 10 13 1
29 66.25 88.83 20.52 449.99 16 36 1
30 55.42 37.55 34.01 339.97 13 26 1
31 18.12 28.88 40.65 245.27 11 24 1
32 9.68 33.66 35.09 396.45 14 44 1
33 32.57 70.85 23.79 58.14 23 24 1
34 93.93 74.74 3.87 423.59 17 26 1
35 98.78 53.40 47.26 358.94 16 24 1
36 78.43 94.52 18.16 94.32 3 10 1
37 66.78 47.86 44.73 242.77 11 14 1
38 67.62 41.63 16.23 410.29 5 6 1
39 58.60 12.88 14.52 97.98 7 32 1
40 29.83 14.79 14.73 317.28 24 35 1
41 90.78 90.87 38.36 253.98 18 46 1
42 79.31 8.10 44.92 59.20 18 42 1
43 72.06 74.63 25.41 423.42 2 21 1
44 22.00 37.08 15.72 53.46 10 32 1
45 50.56 99.65 27.08 181.83 8 29 1
46 25.48 35.25 29.47 300.72 18 45 1
47 0.41 42.69 32.53 131.36 23 40 1
48 8.26 45.86 25.39 422.98 21 44 1
49 0.31 32.24 28.39 129.11 9 24 1
50 83.72 59.17 21.44 362.34 3 29 1
51 9.37 74.35 30.42 481.95 20 21 1
52 59.64 87.53 15.77 311.43 20 41 1
53 55.16 74.05 49.53 196.56 20 46 1
54 52.93 80.04 20.46 483.95 5 37 1
55 0.11 60.39 25.13 325.17 24 37 1
56 14.90 50.49 15.28 97.53 20 28 1
57 91.49 26.61 36.54 95.50 14 41 1
58 56.53 43.70 49.38 494.48 8 38 1
59 5.06 43.73 20.13 486.04 19 24 1
60 49.97 65.55 0.16 266.55 2 17 1
61 57.14 58.84 13.57 195.24 0 10 1
62 59.86 52.65 48.11 343.91 6 17 1
63 63.72 12.63 25.28 435.43 4 8 1
64 13.22 32.55 34.20 380.11 10 27 1
65 20.91 69.10 25.16 375.76 23 34 1
66 3.69 88.24 36.31 243.72 10 41 1
67 37.22 83.86 49.81 268.46 16 19 1
68 67.43 71.64 9.49 313.30 4 39 1
69 3.93 46.16 20.72 321.88 10 24 1
70 71.20 67.35 36.68 314.29 22 48 1
71 84.54 2.64 18.75 145.31 3 11 1
72 79.46 17.52 8.30 492.21 2 21 1
73 49.97 60.14 1.18 312.03 24 26 1
74 23.87 5.86 48.78 368.83 17 28 1
75 91.75 7.74 10.43 413.00 16 48 1
76 87.88 66.72 6.88 355.03 11 18 1
77 0.87 3.55 32.84 426.03 8 48 1
78 43.00 24.15 9.30 494.53 0 0 1
79 93.54 52.06 8.13 190.49 10 42 1
80 70.38 48.30 44.93 108.52 21 28 1
81 19.78 50.08 36.21 473.24 21 25 1
82 89.70 27.76 48.54 99.25 2 30 1
83 7.07 37.61 22.16 148.00 6 21 1
84 81.31 39.86 22.06 188.96 22 30 1
85 91.37 45.45 3.81 56.07 6 18 1
86 4.69 54.86 48.05 213.47 7 34 1
87 96.60 56.03 18.14 339.21 8 8 1
88 54.59 18.64 20.46 427.00 18 26 1
89 42.62 93.34 36.54 136.43 20 23 1
90 80.33 66.53 21.70 316.23 3 31 1
91 49.17 40.60 33.12 113.05 8 9 1
92 16.92 97.27 40.86 329.08 19 20 1
93 28.36 61.96 6.91 104.32 7 10 1
94 52.86 84.35 41.32 161.73 14 16 1
95 20.55 97.36 13.63 150.15 23 43 1
96 25.46 47.56 11.89 178.74 21 28 1
97 1.23 33.25 49.50 132.20 16 42 1
98 30.84 16.41 46.13 192.69 4 27 1
99 88.86 89.45 37.72 344.89 0 1 1
100 30.40 52.52 10.02 424.85 16 45 1
101 59.60 73.93 2.40 178.66 15 41 1
102 9.72 80.71 6.20 438.82 4 48 1
103 18.31 38.56 31.82 159.29 7 37 1
104 17.70 17.36 25.13 326.65 12 13 1
105 34.81 9.72 25.82 182.57 13 39 1
106 53.49 72.04 32.28 354.47 21 38 1
107 3.57 39.57 28.31 59.06 11 14 1
108 62.35 38.49 32.11 57.40 8 13 1
109 27.26 79.17 15.19 93.21 20 45 1
110 8.77 25.84 46.90 318.93 15 18 1
111 3.54 25.44 35.37 325.49 19 45 1
112 14.91 53.14 14.37 87.41 11 42 1
113 6.92 25.20 43.72 186.51 20 44 1
114 9.85 83.31 37.48 348.34 24 38 1
115 81.29 18.87 36.82 387.75 5 29 1
116 25.51 40.68 2.11 313.85 4 33 1
117 86.59 64.72 37.13 277.56 9 31 1
118 92.42 8.62 35.95 496.83 15 37 1
119 40.31 42.87 22.46 110.27 7 27 1
120 29.88 39.47 13.76 216.25 20 21 1
121 8.16 18.59 28.79 193.12 0 28 1
122 86.16 74.38 30.10 336.92 15 23 1
123 7.32 76.15 17.97 271.38 8 9 1
124 77.46 56.74 23.49 483.94 13 48 1
125 41.32 68.54 17.29 415.71 3 43 1
126 17.84 9.64 36.02 221.92 21 39 1
127 50.72 52.02 1.10 293.26 20 24 1
128 34.48 61.39 0.95 485.38 3 13 1
129 3.73 33.86 14.80 252.43 15 27 1
130 20.19 45.57 10.41 407.81 23 23 1
131 12.84 40.39 26.78 366.50 1 10 1
132 56.57 39.41 14.45 473.41 11 12 1
133 61.29 81.88 28.68 338.26 20 40 1
134 1.99 1.77 42.43 465.84 2 2 1
135 1.81 96.14 5.87 250.76 5 13 1
136 86.94 8.58 48.96 357.64 20 26 1
137 24.29 72.63 47.85 455.35 9 43 1
138 67.68 45.49 33.27 449.65 6 42 1
139 81.75 24.82 36.35 125.29 23 28 1
140 38.88 56.53 39.85 89.08 11 42 1
141 83.49 15.54 14.66 486.53 18 38 1
142 24.85 2.71 39.54 499.46 22 26 1
143 78.47 82.42 12.49 174.52 4 14 1
144 40.23 15.50 46.11 136.86 19 45 1
145 0.89 47.55 26.88 447.30 22 40 1
146 10.17 47.84 49.31 429.13 23 42 1
147 91.86 80.83 10.92 128.30 6 22 1
148 31.07 52.26 30.43 440.91 6 46 1
149 40.79 44.28 37.89 222.03 0 26 1
150 80.94 38.32 27.18 91.77 8 22 1
151 21.11 76.28 4.40 141.34 18 45 1
152 40.90 68.87 10.79 85.64 24 28 1
153 27.60 9.90 29.15 56.72 23 48 1
154 91.78 57.29 32.64 370.26 4 31 1
155 71.60 27.42 24.23 354.73 2 15 1
156 99.23 75.86 47.13 187.35 10 43 1
157 71.23 94.51 5.24 456.16 11 21 1
158 81.76 47.64 39.92 107.60 14 28 1
159 91.20 94.86 5.93 379.80 0 32 1
160 3.44 83.83 17.57 146.46 6 22 1
161 97.81 68.25 1.29 390.17 1 9 1
162 14.32 88.73 4.65 241.59 17 21 1
163 42.75 2.90 23.74 249.91 11 46 1
164 78.48 91.40 31.56 234.80 16 45 1
165 85.65 33.89 25.57 459.89 16 18 1
166 12.89 8.40 14.05 163.77 0 41 1
167 64.81 78.52 35.90 326.15 20 22 1
168 16.15 77.77 27.77 412.11 9 19 1
169 32.18 70.29 42.90 414.99 21 37 1
170 53.62 2.64 28.90 343.21 21 42 1
171 96.88 31.78 4.32 242.50 17 25 1
172 30.22 53.03 19.82 256.22 6 16 1
173 17.17 98.57 11.67 223.36 24 47 1
174 95.72 26.57 15.76 362.14 13 14 1
175 19.74 13.42 3.76 336.17 1 37 1
176 94.37 96.16 5.76 285.27 2 6 1
177 65.25 94.56 2.79 409.40 15 40 1
178 44.13 60.02 7.73 307.93 23 42 1
179 53.32 28.50 22.38 153.57 15 48 1
180 71.98 46.04 46.94 362.31 10 34 1
181 59.59 86.77 18.19 450.20 4 31 1
182 69.03 67.76 24.53 76.55 18 31 1
183 83.48 55.31 24.99 192.67 16 37 1
184 97.46 3.96 41.22 207.16 13 22 1
185 65.00 16.66 30.25 301.28 19 23 1
186 45.53 76.95 16.24 234.97 13 35 1
187 61.16 14.36 11.13 491.48 0 42 1
188 24.46 9.39 21.42 444.27 10 29 1
189 46.65 21.37 36.22 158.44 15 45 1
190 36.91 58.48 1.04 365.80 21 32 1
191 83.84 65.87 31.55 195.84 24 44 1
192 11.62 79.51 0.09 115.61 6 35 1
193 13.26 50.50 21.92 191.32 13 32 1
194 30.16 30.22 21.80 455.13 8 43 1
195 92.29 18.72 49.36 352.99 24 38 1
196 1.48 65.85 10.36 130.98 15 39 1
197 65.77 77.77 34.26 289.45 11 48 1
198 76.19 10.96 42.88 61.48 21 25 1
199 34.12 45.57 20.21 259.92 9 23 1
200 62.25 11.48 6.83 152.32 23 32 1
201 61.81 87.94 11.56 494.38 5 27 1
202 83.15 17.10 36.63 430.55 0 18 1
203 45.33 61.86 35.00 494.89 0 43 1
204 50.42 51.37 40.72 62.00 5 46 1
205 88.80 41.59 44.58 60.30 13 33 1
206 31.17 84.16 11.89 144.87 0 27 1
207 75.89 92.07 45.75 147.63 13 22 1
208 47.73 87.59 32.25 364.60 5 13 1
209 24.98 36.93 40.16 58.85 19 29 1
210 49.49 62.79 35.23 283.70 14 41 1
211 38.20 29.56 16.75 334.06 12 28 1
212 34.35 23.86 41.88 99.84 16 30 1
213 35.13 2.02 34.22 365.33 13 41 1
214 4.40 90.84 0.99 327.88 0 22 1
215 19.84 74.38 36.55 494.69 19 20 1
216 31.20 70.60 2.74 50.78 8 11 1
217 64.89 62.57 22.54 308.56 13 30 1
218 66.42 20.50 2.73 485.89 22 48 1
219 38.24 10.34 43.66 459.12 11 23 1
220 1.00 81.53 6.87 338.87 24 26 1
221 76.02 25.09 24.78 387.74 23 46 1
222 47.58 44.79 28.08 439.05 8 27 1
223 94.79 30.80 8.78 119.11 11 29 1
224 35.25 0.71 46.81 366.41 10 38 1
225 61.32 30.31 32.10 226.26 15 40 1
226 58.55 62.56 3.30 109.49 20 28 1
227 13.44 64.86 25.12 117.43 23 34 1
228 60.86 3.27 40.86 266.40 4 34 1
229 28.71 60.16 47.54 235.93 14 39 1
230 88.62 39.43 45.24 232.81 19 32 1
231 6.93 53.55 26.85 112.80 5 35 1
232 61.74 81.70 35.90 185.19 11 43 1
233 54.81 4.56 45.64 62.14 21 46 1
234 59.29 8.05 23.76 193.72 11 32 1
235 27.85 42.60 22.22 67.56 3 16 1
236 63.69 64.47 22.92 91.78 12 35 1
237 71.07 51.25 15.90 366.87 24 37 1
238 98.60 84.27 29.24 292.27 11 18 1
239 84.29 46.60 8.62 109.02 3 4 1
240 65.01 38.70 35.25 344.92 10 15 1
241 29.82 6.99 6.45 144.71 1 26 1
242 75.17 17.76 13.64 165.27 5 6 1
243 64.04 71.27 19.71 251.06 19 35 1
244 95.59 93.26 27.75 436.95 9 25 1
245 73.26 84.68 13.24 184.64 23 29 1
246 98.10 44.06 1.63 292.72 11 21 1
247 61.99 44.72 23.60 112.42 16 20 1
248 6.69 84.69 31.17 416.57 14 27 1
249 82.41 58.02 10.21 237.55 13 26 1
250 78.69 73.62 28.07 426.93 7 36 1
251 3.60 64.77 18.00 427.17 4 21 1
252 37.15 3.68 14.55 123.79 20 21 1
253 87.76 56.74 27.64 436.81 16 34 1
254 67.30 4.33 10.56 484.77 15 25 1
255 99.37 53.84 47.71 316.03 7 24 1
256 33.28 20.95 11.23 414.31 17 17 1
257 54.99 13.74 40.02 421.32 18 43 1
258 84.60 19.70 1.66 273.20 17 26 1
259 25.79 67.44 14.69 332.97 7 14 1
260 59.48 35.12 8.76 84.29 9 46 1
261 33.27 53.15 6.96 293.35 21 26 1
262 89.93 36.85 17.44 277.19 1 15 1
263 81.16 70.19 33.94 59.96 18 40 1
264 90.77 10.30 40.58 307.66 17 37 1
265 12.16 3.70 31.56 243.52 24 26 1
266 60.02 73.11 11.07 392.21 20 40 1
267 23.19 1.48 25.05 58.91 1 18 1
268 98.37 64.90 48.41 343.26 3 44 1
269 46.34 35.93 24.23 118.19 12 48 1
270 68.80 84.77 10.22 68.85 2 42 1
271 52.44 38.62 14.04 60.37 16 44 1
272 8.14 10.18 34.60 214.99 4 36 1
273 21.73 38.80 34.77 445.99 14 34 1
274 46.08 37.86 40.87 95.41 5 40 1
275 74.50 1.18 34.81 412.23 2 15 1
276 31.29 0.96 49.35 342.78 10 37 1
277 30.37 91.74 12.65 235.63 0 26 1
278 73.95 85.49 22.47 358.84 1 11 1
279 41.66 15.47 35.45 76.44 10 33 1
280 16.05 10.07 27.80 192.06 21 36 1
281 85.02 1.30 41.01 335.59 15 31 1
282 90.18 84.20 6.30 109.59 2 8 1
283 41.40 40.66 34.12 405.15 1 39 1
284 25.98 77.06 6.27 241.19 8 38 1
285 88.06 13.81 40.89 228.22 15 22 1
286 47.61 46.05 13.32 140.27 8 23 1
287 67.92 90.16 6.90 285.74 7 9 1
288 8.21 55.75 15.60 65.29 10 30 1
289 82.52 66.86 39.18 286.00 6 38 1
290 18.18 90.56 23.83 71.29 21 43 1
291 9.14 33.59 22.59 245.12 3 10 1
292 15.43 29.03 9.07 247.76 23 30 1
293 79.46 81.29 13.98 321.46 14 21 1
294 12.11 17.54 41.99 365.47 18 42 1
295 58.77 87.94 30.83 340.17 12 32 1
296 22.41 38.14 27.33 457.45 11 15 1
297 2.28 41.80 27.37 82.98 18 41 1
298 29.87 91.71 28.71 163.72 10 46 1
299 73.02 75.43 37.66 300.03 17 31 1
300 73.66 69.91 45.00 242.49 20 26 1
1 104.19 3531.25 1
1 1.09 35.67 1
2 1.36 25.45 1
3 1.14 36.89 1
4 1.51 45.52 1
