Data for Vehicle routing problem with drones - Author: Huyen Do Thi Ngoc
Number of depots: 3
Number of cities: 500
Number of trucks: 5
Number of drones: 13
Area: 100 100 50
Customer maximum demand: 500
Max capacity of truck: 200
Max energy of truck: 5000
Max capacity of drone: 2
Max energy of drone: 50
1 7.82 1.17 9.53
2 37.37 7.07 28.52
3 86.54 13.40 48.09
1 67.17 90.81 37.27 88.92 5 17 2
2 41.16 67.51 10.77 403.18 24 47 2
3 61.38 93.93 3.47 121.64 17 48 1
4 36.26 17.39 30.15 259.82 24 32 1
5 70.26 87.39 14.20 348.75 0 19 2
6 37.70 39.99 35.39 397.50 21 22 2
7 7.59 42.55 27.13 91.18 1 24 3
8 51.75 14.82 25.20 392.59 11 24 2
9 67.95 85.43 22.65 73.34 21 26 3
10 34.18 55.57 41.07 251.91 4 39 3
11 43.63 45.96 39.12 114.39 20 30 3
12 5.06 77.23 44.53 178.71 15 28 2
13 4.16 13.48 17.62 143.12 20 26 3
14 27.23 69.15 24.99 233.00 14 36 1
15 65.68 53.37 39.80 285.42 11 18 1
16 51.50 68.16 3.05 116.52 15 15 3
17 73.83 22.63 36.85 460.99 7 36 2
18 67.07 84.76 9.97 322.55 1 6 3
19 39.29 57.92 39.89 245.55 12 41 1
20 18.89 13.57 41.46 389.36 5 5 2
21 55.38 21.28 41.32 71.04 23 39 2
22 71.52 22.62 33.46 140.01 13 20 3
23 67.68 89.87 27.23 468.51 15 45 1
24 85.17 81.76 38.08 51.71 21 21 3
25 89.98 44.13 12.83 72.27 1 18 2
26 2.87 1.18 17.96 86.40 1 26 1
27 45.60 83.59 32.43 242.64 16 16 3
28 24.46 37.18 19.28 449.70 12 27 1
29 95.26 49.61 22.33 475.37 24 25 3
30 97.03 73.97 4.36 459.55 17 44 3
31 56.67 1.95 1.11 364.80 4 42 3
32 65.47 48.82 29.52 201.79 2 5 1
33 39.87 3.71 47.73 54.93 10 47 1
34 60.26 38.71 46.09 498.76 2 47 3
35 7.65 46.16 38.00 423.06 7 42 1
36 50.49 74.28 36.66 180.14 6 16 3
37 93.66 59.54 19.22 311.14 16 43 2
38 86.44 96.91 4.13 302.52 4 23 2
39 83.76 6.81 18.50 155.76 13 25 1
40 30.89 58.83 49.00 310.32 2 14 3
41 23.96 85.40 12.81 224.39 5 14 3
42 8.45 59.36 5.22 249.34 21 47 3
43 3.07 68.65 25.87 419.51 12 13 2
44 16.73 11.54 30.59 486.05 4 12 2
45 31.65 77.23 12.97 216.58 5 24 2
46 24.87 71.71 9.96 218.31 7 35 3
47 29.20 52.42 33.40 464.07 7 28 1
48 11.17 61.11 13.21 171.01 23 35 1
49 70.68 64.35 35.43 385.89 9 46 2
50 18.21 55.30 8.60 467.90 24 43 1
51 48.09 8.49 21.92 476.92 0 31 3
52 54.15 66.27 30.69 69.55 0 44 2
53 22.97 38.16 39.54 176.82 9 14 3
54 78.97 69.62 32.78 350.99 16 45 2
55 31.83 16.79 27.80 119.70 15 23 1
56 73.83 17.75 6.40 75.61 4 48 2
57 9.16 75.31 32.57 56.46 11 30 2
58 29.91 78.78 9.67 61.13 18 41 1
59 30.23 14.19 32.10 421.22 3 13 3
60 19.83 61.57 26.58 343.97 10 20 3
61 29.89 82.23 35.54 59.81 6 13 2
62 21.88 21.26 2.61 105.41 23 33 3
63 18.79 65.85 11.25 234.36 19 39 2
64 30.85 29.75 31.91 465.22 24 38 2
65 72.95 47.30 16.71 297.23 0 22 2
66 20.61 18.58 13.14 284.06 3 39 1
67 42.62 15.24 29.93 202.36 11 11 1
68 41.58 14.49 3.44 485.88 20 42 2
69 48.36 66.20 20.39 428.32 14 21 2
70 65.17 46.33 41.67 416.27 21 46 3
71 68.58 60.44 12.52 453.73 6 44 1
72 45.26 76.73 32.87 184.76 17 30 1
73 69.83 19.43 42.54 258.67 15 48 3
74 95.48 39.16 15.05 215.98 23 36 2
75 6.66 29.25 19.18 328.29 24 32 3
76 26.07 98.59 19.00 479.34 14 27 2
77 73.04 14.31 36.44 145.28 16 27 2
78 17.34 71.46 21.94 89.14 6 10 3
79 67.70 26.14 26.92 322.75 3 3 1
80 81.04 32.32 8.34 244.73 3 26 2
81 89.60 29.86 34.36 84.51 6 22 3
82 20.10 36.26 20.36 438.93 6 37 3
83 33.43 9.44 10.14 127.93 23 39 3
84 96.51 67.60 43.17 256.77 22 28 3
85 56.87 78.47 12.37 260.53 9 9 1
86 32.44 37.99 16.52 83.47 7 16 2
87 46.85 56.74 11.21 63.37 7 14 2
88 37.53 12.16 48.16 109.75 23 33 1
89 71.15 20.64 0.52 305.66 5 30 1
90 62.41 7.49 47.21 248.46 8 13 3
91 57.92 68.51 45.57 435.13 19 19 2
92 42.46 9.08 10.16 149.54 8 17 3
93 51.10 63.28 10.57 490.00 20 34 2
94 48.63 26.77 13.92 153.96 6 17 3
95 35.07 10.11 25.83 63.46 3 15 3
96 35.97 47.04 14.10 486.86 13 17 2
97 9.90 25.42 6.19 228.27 5 19 1
98 80.27 6.82 31.05 276.93 14 30 2
99 58.21 76.02 25.21 139.26 2 17 1
100 13.33 50.02 44.54 183.05 8 18 1
101 68.50 60.29 20.71 164.57 11 40 3
102 20.94 97.23 6.86 454.71 18 42 3
103 93.29 88.72 19.53 111.16 9 13 3
104 13.23 92.46 16.76 479.60 23 24 1
105 36.19 69.71 31.70 133.07 7 11 3
106 33.75 15.96 18.95 334.67 3 21 2
107 42.92 12.09 4.08 153.93 13 32 3
108 88.98 5.02 35.90 59.41 3 28 2
109 52.65 33.58 35.67 155.68 0 24 2
110 99.71 42.57 45.84 182.56 21 32 2
111 6.53 21.45 45.14 119.20 22 35 1
112 20.58 46.61 35.48 265.40 21 44 2
113 8.07 3.17 44.07 427.37 22 48 2
114 19.16 75.48 46.35 73.03 11 44 1
115 16.43 98.46 20.35 125.45 7 22 2
116 67.47 20.71 17.64 163.80 24 30 2
117 66.56 40.49 11.46 142.06 4 40 3
118 95.71 42.17 48.93 470.37 18 21 2
119 13.45 83.84 41.19 499.43 2 5 1
120 68.64 54.65 0.69 81.99 8 44 3
121 69.24 68.27 42.11 220.51 0 24 3
122 68.89 76.28 9.43 483.96 17 41 3
123 44.25 75.01 19.19 225.05 8 29 3
124 43.45 78.18 15.83 155.89 2 30 3
125 77.95 72.05 38.21 145.26 15 24 1
126 81.15 85.74 8.46 147.51 20 43 3
127 90.14 9.36 43.44 142.80 21 27 3
128 18.32 48.99 27.43 295.13 13 26 3
129 35.65 46.37 30.80 467.12 15 41 2
130 33.23 32.10 33.73 88.86 15 38 1
131 69.62 67.86 18.73 370.68 20 21 2
132 67.14 84.97 44.66 276.82 18 22 3
133 84.16 62.13 14.50 106.83 20 40 1
134 92.24 32.37 34.63 51.79 13 35 2
135 70.56 74.21 7.41 280.11 24 40 3
136 76.85 90.90 40.27 170.26 9 32 2
137 98.47 82.16 0.70 132.33 3 11 1
138 28.04 67.12 42.89 481.99 9 29 2
139 9.11 40.61 40.98 475.02 2 26 3
140 66.59 90.59 48.17 232.07 2 37 2
141 26.08 73.20 27.83 206.89 0 34 3
142 57.91 23.57 5.87 56.72 4 6 1
143 26.15 31.01 40.00 61.90 6 40 3
144 60.73 66.17 22.62 391.24 9 11 1
145 78.91 58.14 36.12 108.63 10 44 2
146 89.70 63.40 16.65 199.58 17 41 1
147 77.85 88.83 16.84 376.89 3 5 1
148 82.52 85.56 1.19 481.33 14 15 1
149 80.89 37.91 38.45 418.22 11 27 2
150 74.32 86.44 24.53 282.47 1 31 1
151 18.50 62.04 49.27 79.72 19 48 2
152 3.84 45.46 43.61 397.46 14 45 2
153 57.85 75.26 3.24 234.12 7 39 3
154 36.02 43.59 15.16 124.31 21 25 3
155 59.71 61.47 7.88 332.35 3 47 3
156 54.84 52.89 19.76 333.69 11 45 3
157 17.08 9.95 49.85 166.18 13 35 2
158 40.33 3.84 12.40 187.17 17 24 3
159 25.93 75.80 46.43 405.19 21 39 3
160 14.45 37.51 49.38 442.69 12 29 3
161 96.66 48.81 4.11 145.06 15 40 3
162 62.99 53.45 11.55 273.71 1 35 2
163 3.83 68.39 42.16 414.12 12 26 1
164 50.62 92.32 11.28 336.54 2 2 1
165 4.82 53.61 18.30 455.62 3 29 1
166 53.59 72.64 6.06 297.11 22 23 3
167 13.54 56.49 8.04 385.05 17 45 2
168 23.47 72.99 18.83 122.14 21 37 1
169 16.45 17.23 8.24 311.37 17 24 2
170 63.52 11.61 26.43 246.70 7 33 2
171 64.28 74.58 18.38 290.93 8 45 3
172 57.06 57.13 16.08 181.42 6 41 1
173 4.39 55.10 26.65 153.31 11 40 2
174 29.85 23.34 26.28 276.22 22 32 1
175 15.39 89.11 47.62 334.08 5 17 2
176 23.91 45.42 35.12 100.28 12 17 1
177 24.50 19.88 20.81 292.88 5 17 2
178 65.80 81.78 23.07 398.18 3 16 1
179 7.38 87.48 48.74 59.67 19 40 1
180 26.07 49.96 8.18 234.63 9 11 1
181 81.89 25.41 26.01 329.66 18 27 1
182 67.88 98.29 22.46 498.63 16 36 2
183 22.63 59.98 11.60 450.29 7 11 1
184 3.97 19.01 44.67 300.30 17 33 3
185 85.67 68.50 3.72 200.75 8 18 1
186 65.60 18.58 46.21 496.49 21 38 2
187 82.51 54.28 1.49 305.23 24 36 1
188 26.94 95.62 32.36 151.71 4 47 3
189 57.05 82.63 26.62 66.50 0 40 2
190 12.40 58.12 45.39 282.20 14 15 2
191 39.16 92.59 44.34 419.96 5 48 2
192 88.81 72.23 7.64 178.67 10 10 1
193 87.76 4.77 42.21 380.75 4 28 1
194 88.17 56.19 9.57 193.39 24 48 3
195 26.72 57.72 12.24 275.08 5 18 1
196 3.38 32.56 46.41 477.83 3 13 2
197 78.31 65.27 33.42 320.54 6 22 1
198 77.77 99.39 29.84 379.34 24 24 1
199 91.57 34.78 34.71 201.40 18 42 3
200 23.95 95.57 17.89 449.74 8 38 2
201 46.71 16.84 35.02 233.75 13 21 2
202 20.39 74.95 29.48 486.53 23 43 3
203 74.27 17.28 40.71 207.65 1 15 3
204 82.81 32.82 0.58 103.17 4 39 1
205 25.52 52.97 4.07 375.04 0 45 3
206 28.55 22.23 37.66 392.46 19 37 2
207 7.43 62.27 10.55 216.76 8 8 3
208 68.95 80.04 47.78 286.66 2 43 2
209 46.40 83.08 39.06 495.44 9 9 2
210 71.78 83.36 5.01 100.40 21 22 1
211 51.28 85.69 49.30 368.88 3 29 2
212 95.00 24.37 10.49 351.76 0 41 1
213 93.39 33.52 34.79 433.92 17 35 3
214 10.51 87.77 25.33 197.07 5 26 3
215 65.45 35.36 35.72 388.28 24 27 3
216 86.49 64.66 24.99 102.40 22 38 3
217 77.78 66.91 33.64 357.02 12 45 2
218 69.73 20.98 6.56 78.72 24 34 3
219 17.20 68.20 40.12 175.63 6 34 2
220 2.31 32.54 48.19 409.36 3 31 3
221 30.33 77.45 12.05 486.39 4 37 2
222 41.19 0.55 36.93 418.91 23 26 2
223 2.06 50.41 42.90 187.49 13 40 2
224 43.04 40.83 48.59 314.03 8 43 3
225 38.81 6.39 18.90 131.98 16 20 2
226 82.03 22.79 22.29 163.30 22 48 3
227 28.10 57.61 37.10 396.15 9 27 1
228 13.68 40.28 34.36 350.47 1 18 2
229 87.90 27.42 49.85 330.19 3 26 3
230 3.49 17.58 33.43 338.26 17 22 1
231 32.36 95.95 2.69 82.75 19 26 3
232 98.76 40.64 38.42 316.11 18 34 2
233 96.06 3.20 35.89 401.03 11 16 2
234 16.57 23.43 45.52 370.13 14 21 1
235 87.56 46.96 16.07 244.05 7 38 3
236 99.11 64.45 29.43 163.51 19 28 1
237 57.96 95.34 42.82 442.42 2 20 2
238 39.00 21.00 20.86 376.79 5 38 3
239 37.96 55.23 3.57 285.37 0 11 2
240 46.34 5.60 30.17 168.17 2 28 2
241 21.26 78.13 49.53 81.38 19 35 2
242 88.71 66.62 40.02 101.33 20 23 3
243 47.72 32.05 0.15 357.39 11 37 2
244 15.33 74.60 28.72 494.40 9 26 1
245 74.36 31.02 40.18 288.22 18 25 2
246 45.18 3.12 34.76 378.19 19 20 3
247 86.49 30.83 25.98 467.94 18 27 2
248 22.91 75.87 20.22 85.91 16 27 3
249 79.30 35.74 21.54 310.00 18 40 2
250 23.70 33.13 36.43 55.02 10 22 2
251 63.26 69.16 28.36 257.67 12 13 2
252 76.10 62.82 4.13 430.13 2 13 2
253 96.07 96.57 24.36 476.29 15 28 3
254 53.60 88.92 2.53 378.33 6 28 3
255 66.19 29.65 28.74 199.71 0 19 1
256 12.99 87.78 15.53 385.80 15 16 1
257 26.78 82.58 40.11 101.85 2 18 2
258 30.43 79.68 33.65 139.28 23 48 3
259 89.44 6.82 3.97 172.95 10 19 1
260 27.90 82.14 13.41 355.08 8 20 3
261 65.35 2.78 31.91 394.84 3 32 1
262 71.69 18.77 43.59 316.27 6 19 2
263 13.59 86.22 10.01 94.92 17 34 2
264 25.23 73.58 14.17 116.72 12 35 1
265 0.03 79.32 26.91 382.42 7 22 1
266 15.11 90.27 3.70 174.89 19 31 1
267 68.68 80.19 31.77 180.85 24 39 1
268 53.81 28.27 27.74 176.77 9 29 1
269 61.71 22.17 39.95 430.79 22 42 1
270 67.80 51.35 18.72 110.33 19 24 2
271 45.62 12.50 17.57 214.51 13 23 3
272 52.06 5.01 28.12 424.54 24 28 3
273 85.51 83.98 7.67 300.95 11 39 2
274 83.49 1.15 48.75 497.17 7 24 1
275 39.63 75.24 44.33 437.18 18 20 1
276 79.16 66.68 9.40 95.52 22 45 3
277 8.31 35.18 6.82 298.13 16 46 1
278 58.63 2.13 25.08 221.43 6 27 3
279 6.95 8.82 35.98 284.88 3 30 1
280 30.85 27.47 4.84 352.42 5 13 3
281 56.20 50.28 43.55 165.14 11 45 3
282 78.73 24.68 6.73 66.95 18 47 3
283 25.97 35.05 33.94 318.42 20 44 1
284 24.79 79.49 32.95 66.95 9 27 3
285 54.01 75.04 1.52 370.59 21 23 3
286 52.93 65.74 41.76 151.75 14 17 2
287 97.90 95.92 49.04 186.92 13 30 2
288 27.55 67.28 25.46 336.94 24 37 1
289 0.69 64.91 14.35 387.30 15 40 3
290 2.46 29.97 40.46 297.19 24 38 1
291 85.03 13.09 6.98 465.40 15 28 3
292 33.64 55.12 4.41 113.49 2 24 3
293 27.67 65.68 22.37 471.49 13 41 2
294 1.19 84.18 30.88 240.75 18 32 2
295 43.01 99.74 37.31 70.69 13 23 2
296 27.04 54.51 45.31 198.73 5 16 3
297 6.80 42.09 30.08 424.75 3 13 1
298 83.75 29.94 13.10 288.17 22 43 1
299 55.13 74.99 22.19 404.41 0 47 1
300 90.13 13.22 22.58 140.75 20 37 1
301 41.42 97.53 27.15 179.84 9 10 2
302 48.79 11.43 7.10 414.03 18 43 2
303 91.45 77.01 33.79 402.90 4 38 1
304 22.88 23.69 37.20 322.36 24 36 1
305 21.54 75.58 7.75 480.16 16 35 2
306 84.82 58.05 21.02 148.28 10 40 1
307 42.39 37.19 6.85 72.12 21 47 2
308 20.64 23.66 1.57 298.61 20 39 1
309 10.73 81.82 2.52 128.70 3 15 2
310 56.61 25.33 14.17 127.92 18 33 2
311 97.50 85.77 6.48 311.86 1 28 2
312 85.93 12.99 32.91 311.07 1 19 1
313 97.89 86.16 23.42 62.77 1 43 2
314 32.32 38.02 35.35 338.26 14 22 2
315 27.55 71.13 41.72 104.01 2 20 3
316 68.74 67.85 33.46 462.90 14 41 2
317 49.24 29.86 29.35 237.01 14 22 1
318 44.05 89.01 26.89 322.12 14 31 2
319 93.65 94.59 7.83 57.43 2 32 1
320 17.38 46.88 49.49 470.32 7 48 1
321 8.17 71.71 5.93 128.50 22 39 3
322 17.69 36.43 13.14 156.97 13 48 2
323 91.49 3.39 42.49 216.68 8 27 1
324 83.12 97.51 29.56 320.78 5 21 3
325 25.91 53.14 14.91 226.79 18 37 3
326 44.01 79.89 26.06 183.93 20 29 1
327 17.85 58.41 6.64 332.85 21 36 1
328 28.39 35.34 38.69 244.05 15 18 2
329 67.47 60.72 39.41 363.64 18 31 3
330 51.58 83.05 12.21 73.09 16 41 3
331 86.69 44.49 31.89 342.55 6 14 2
332 68.96 64.38 21.53 146.81 20 21 1
333 16.12 0.63 34.98 301.82 17 28 2
334 46.17 86.84 31.78 192.33 3 22 2
335 18.73 52.15 15.26 256.70 9 41 3
336 85.76 41.55 36.32 209.18 1 29 3
337 29.75 11.91 3.91 209.14 15 28 3
338 24.75 2.07 39.49 252.99 13 15 3
339 77.16 15.30 39.48 315.46 11 18 1
340 90.39 9.99 9.59 72.57 13 26 3
341 38.15 46.16 4.53 413.95 17 25 3
342 97.17 47.14 32.46 347.25 16 35 1
343 40.37 73.16 37.92 115.15 0 20 1
344 23.58 46.48 48.05 347.97 17 29 2
345 44.10 45.35 48.72 118.44 7 38 3
346 23.65 57.80 9.24 344.71 8 40 1
347 77.61 96.31 9.73 177.06 17 39 2
348 82.03 75.58 3.32 489.50 16 44 2
349 60.07 66.39 39.84 168.84 20 32 1
350 60.19 49.98 15.20 77.45 11 43 1
351 58.82 24.87 9.64 288.43 19 46 1
352 22.24 72.16 48.77 396.72 3 24 3
353 51.36 3.72 35.89 349.33 2 25 1
354 73.94 90.60 2.92 268.29 5 32 2
355 50.97 13.82 13.91 53.89 13 48 1
356 73.98 29.94 42.14 158.51 9 47 2
357 94.78 46.61 5.87 223.47 2 4 2
358 20.08 81.73 25.55 227.56 2 11 2
359 75.08 26.33 0.88 241.08 5 15 3
360 97.35 12.47 15.17 122.17 17 48 1
361 61.93 32.28 41.32 407.32 11 44 1
362 10.65 3.41 47.98 310.24 12 22 1
363 6.56 97.60 13.12 331.11 9 41 3
364 21.75 78.13 23.96 61.65 5 47 3
365 90.14 22.08 7.35 157.81 12 28 3
366 28.42 58.76 49.43 132.09 1 17 2
367 20.16 29.32 46.23 380.95 20 41 3
368 82.49 83.92 34.89 305.81 5 8 2
369 64.76 70.36 20.17 115.44 14 17 1
370 3.17 18.46 42.65 360.47 5 11 1
371 78.06 47.78 16.03 248.21 10 18 3
372 52.81 22.52 45.23 379.04 12 43 1
373 41.27 69.79 2.54 419.54 22 33 2
374 18.70 24.46 2.21 64.17 0 41 3
375 38.98 50.45 39.43 366.93 7 23 1
376 34.63 89.95 3.19 389.60 6 17 1
377 46.31 73.58 15.53 177.93 5 30 3
378 52.29 4.73 45.88 154.08 17 44 2
379 95.19 75.62 29.69 200.49 24 38 1
380 6.57 50.83 43.66 204.96 13 37 3
381 65.56 31.49 36.54 52.41 4 28 2
382 81.71 1.43 14.92 250.48 10 35 3
383 82.82 79.41 32.86 83.48 14 47 1
384 6.99 95.20 36.64 158.40 23 34 2
385 94.85 33.82 43.83 166.07 10 44 2
386 98.49 11.48 27.07 435.15 4 25 1
387 3.31 68.48 19.61 289.34 23 30 2
388 16.26 23.31 20.72 329.43 5 32 3
389 58.03 97.14 27.35 458.63 17 27 3
390 34.19 39.14 47.88 309.95 5 33 1
391 61.38 70.00 10.49 410.15 21 25 3
392 84.84 67.72 8.08 306.61 11 34 3
393 59.43 99.83 34.22 222.10 8 36 1
394 78.49 29.15 10.59 65.56 15 39 3
395 52.17 14.60 22.31 469.93 21 40 1
396 3.86 81.76 30.09 318.94 23 36 1
397 34.62 65.27 14.94 496.44 21 35 3
398 83.51 57.96 14.38 152.59 12 29 2
399 16.17 14.83 7.68 333.81 3 15 2
400 58.42 23.42 27.54 177.83 11 47 2
401 36.19 73.25 11.08 85.13 20 25 1
402 62.84 59.03 11.01 167.44 22 23 1
403 13.86 95.18 9.12 486.42 9 39 3
404 74.60 6.68 4.62 117.67 18 29 1
405 61.59 41.56 0.96 90.64 3 10 1
406 61.85 36.21 36.24 56.40 22 42 1
407 40.75 96.87 0.74 327.17 6 29 2
408 83.41 95.41 13.40 169.89 16 44 1
409 28.24 39.44 0.13 206.83 16 27 1
410 4.46 70.29 39.73 160.85 15 36 2
411 32.36 83.51 25.83 435.69 17 17 2
412 65.33 87.92 26.39 292.89 7 44 2
413 46.22 2.92 27.65 199.22 23 29 2
414 69.68 80.45 39.23 397.98 23 46 3
415 67.83 0.36 36.73 303.44 10 48 2
416 61.13 50.95 48.81 214.05 12 33 1
417 83.75 58.56 26.48 285.99 4 18 3
418 52.82 67.07 9.38 405.93 13 19 3
419 65.10 25.69 49.04 285.56 0 1 3
420 73.54 8.53 11.03 204.59 13 32 3
421 8.99 2.43 11.32 290.03 16 16 3
422 20.97 71.85 30.62 306.14 23 40 2
423 5.68 2.42 39.22 463.24 17 36 2
424 67.46 21.61 4.65 330.44 7 32 2
425 62.50 52.78 32.65 268.86 21 30 2
426 79.03 30.77 1.34 153.06 3 42 2
427 11.06 89.37 6.03 391.95 23 38 1
428 31.79 51.35 5.93 444.33 18 38 3
429 35.18 45.64 6.49 329.11 18 33 1
430 64.69 47.68 20.77 278.78 22 25 3
431 67.84 50.67 34.77 468.67 10 19 2
432 85.45 2.96 3.59 326.22 18 24 3
433 85.56 79.93 40.44 317.86 8 18 2
434 50.94 14.94 20.77 306.90 3 25 1
435 20.35 80.76 44.47 432.35 14 15 2
436 86.83 29.64 35.86 485.57 9 37 3
437 94.97 66.12 45.50 267.12 1 19 2
438 9.71 13.21 26.17 132.98 15 29 1
439 51.31 60.29 8.30 175.41 14 22 1
440 63.26 47.55 4.62 194.90 4 5 1
441 64.22 36.98 40.33 332.74 14 29 1
442 27.70 66.75 23.15 303.00 13 26 1
443 29.63 86.21 9.07 243.43 11 43 3
444 74.23 59.93 19.89 163.26 17 48 3
445 63.99 32.16 18.72 315.13 18 38 3
446 98.59 46.90 38.03 99.03 2 43 3
447 80.94 3.17 38.60 235.63 16 23 2
448 70.16 6.00 22.45 125.78 18 20 3
449 35.44 17.99 49.60 444.56 3 3 2
450 14.39 49.19 40.48 485.63 19 42 2
451 70.69 33.13 22.86 450.41 20 24 3
452 33.42 73.86 37.22 466.03 7 11 2
453 19.07 96.98 7.19 139.80 20 23 2
454 73.30 7.73 14.95 159.83 18 46 3
455 27.05 93.28 39.39 171.19 20 22 3
456 60.40 84.99 48.68 51.37 16 16 2
457 60.45 57.93 12.64 206.64 18 26 1
458 8.47 52.05 28.70 124.89 12 39 1
459 33.17 15.00 1.37 207.24 16 21 2
460 27.18 68.62 34.73 360.67 16 44 3
461 38.75 62.43 5.92 290.16 23 29 1
462 81.84 48.79 38.82 268.27 8 38 3
463 72.78 27.27 39.13 345.83 17 31 1
464 3.54 53.45 8.40 126.38 5 21 1
465 44.09 26.85 43.71 293.24 15 44 1
466 56.19 8.11 31.91 60.05 24 24 1
467 35.40 96.11 17.82 449.71 18 41 3
468 88.50 23.40 10.43 266.61 9 23 2
469 94.41 43.77 44.58 81.88 14 43 2
470 28.09 88.15 34.91 293.65 12 47 1
471 4.11 44.32 11.78 482.59 18 33 3
472 59.05 87.07 6.81 190.96 5 37 1
473 88.72 5.01 47.36 472.62 24 26 3
474 2.80 47.40 45.15 459.68 21 47 2
475 11.42 45.67 47.23 146.35 1 45 2
476 15.84 73.07 4.03 101.07 8 12 3
477 31.51 73.42 46.90 195.79 6 7 2
478 34.34 65.89 31.51 197.69 19 26 1
479 40.34 80.72 2.67 386.01 1 7 2
480 95.01 2.99 5.95 120.41 14 46 3
481 74.77 37.20 1.04 195.00 0 0 2
482 98.52 63.90 45.93 58.64 9 25 3
483 41.85 51.97 49.54 321.19 9 17 2
484 27.19 64.27 8.23 384.90 6 46 2
485 33.50 36.35 21.04 110.59 6 33 3
486 92.20 23.06 37.45 264.00 23 46 1
487 47.71 15.82 46.01 306.90 15 36 1
488 9.05 69.48 26.81 286.95 21 47 2
489 40.34 9.47 18.57 497.82 18 23 1
490 99.22 56.36 1.97 229.57 22 28 3
491 43.08 12.94 41.24 487.90 14 36 2
492 39.74 6.41 3.30 162.64 11 31 2
493 67.45 3.53 41.54 96.68 3 24 1
494 71.83 78.95 29.35 153.40 1 29 2
495 62.83 79.06 21.33 453.44 20 22 3
496 10.23 52.78 36.31 491.68 10 48 3
497 87.18 98.66 37.74 244.53 1 21 3
498 2.99 11.46 31.17 291.76 12 47 2
499 84.82 85.12 36.15 270.04 22 47 3
500 45.44 64.32 28.34 452.46 14 28 2
1 125.71 3125.73 1
2 135.99 4240.20 2
3 159.26 2737.03 3
4 196.88 4481.05 1
5 138.27 3762.66 2
1 1.97 47.19 3
2 1.54 27.31 4
3 1.12 31.37 2
4 1.38 46.97 2
5 1.81 36.19 4
6 1.84 33.12 3
7 1.52 29.94 1
8 1.24 48.33 1
9 1.97 49.83 5
10 1.83 47.85 3
11 1.53 32.04 2
12 1.89 35.71 4
13 1.31 43.65 5
