Data for Vehicle routing problem with drones - Author: Huyen Do Thi Ngoc
Number of depots: 3
Number of cities: 400
Number of trucks: 4
Number of drones: 10
Area: 100 100 50
Customer maximum demand: 500
Max capacity of truck: 200
Max energy of truck: 5000
Max capacity of drone: 2
Max energy of drone: 50
1 53.97 80.87 33.39
2 46.59 1.69 0.12
3 29.46 84.15 49.02
1 60.43 85.22 16.30 223.70 3 5 3
2 51.41 41.18 37.09 338.68 20 30 1
3 84.75 89.83 17.06 149.05 8 8 3
4 0.56 54.34 30.46 71.93 6 25 3
5 53.69 51.82 14.03 87.36 7 30 1
6 46.71 92.52 4.72 276.42 17 30 1
7 34.43 52.18 43.99 84.65 23 36 3
8 19.69 97.67 11.12 465.52 20 29 2
9 59.70 3.87 44.35 108.30 3 9 2
10 51.65 57.53 14.56 115.46 23 45 3
11 71.53 18.79 36.80 295.39 21 46 1
12 94.41 18.42 6.15 64.60 7 25 3
13 89.32 7.72 45.89 206.93 14 44 2
14 27.21 60.42 42.01 407.59 10 38 3
15 83.31 27.30 11.52 448.05 12 15 3
16 76.31 65.02 16.22 361.31 24 36 2
17 49.77 59.38 11.01 161.48 13 15 2
18 32.30 58.08 25.24 254.00 11 37 3
19 91.89 83.01 1.26 375.73 2 5 1
20 53.46 96.71 21.98 226.24 20 24 3
21 5.56 66.62 30.05 271.87 11 29 2
22 4.98 29.53 23.08 244.53 0 32 3
23 85.14 95.40 45.43 346.40 20 38 1
24 42.94 27.03 30.85 416.41 22 40 2
25 43.98 63.69 35.82 366.36 24 39 3
26 51.87 26.80 15.82 75.16 17 21 2
27 0.90 55.24 37.63 238.07 15 34 3
28 53.05 4.87 37.76 195.46 17 23 3
29 41.52 86.51 33.42 429.88 8 37 1
30 3.28 72.91 7.51 260.74 12 19 1
31 37.03 15.49 2.10 462.29 23 25 2
32 60.35 21.36 38.99 264.24 3 19 1
33 51.69 29.35 41.02 104.99 17 17 3
34 80.42 97.06 2.42 130.31 5 14 2
35 97.04 96.98 30.99 177.59 16 31 3
36 65.26 34.91 37.49 149.26 22 26 3
37 80.70 40.44 44.89 114.54 1 43 1
38 71.75 65.19 12.28 131.49 12 20 1
39 68.06 48.64 27.37 140.74 24 36 1
40 17.67 77.97 6.42 109.96 21 42 2
41 75.07 9.92 30.90 373.89 5 35 1
42 76.75 30.73 43.12 339.41 18 28 3
43 74.46 5.18 37.45 390.47 20 25 1
44 40.17 32.01 11.60 483.71 5 42 3
45 74.94 59.07 3.39 109.95 18 35 2
46 51.41 81.94 43.66 315.26 20 21 3
47 60.42 53.81 39.93 55.56 19 23 2
48 59.86 59.41 13.82 371.07 14 43 1
49 52.00 18.43 39.14 200.71 7 45 1
50 30.42 38.14 2.85 354.12 5 38 1
51 7.54 46.01 27.08 479.54 2 30 1
52 5.11 24.19 28.83 70.63 11 46 2
53 63.76 73.53 35.56 268.42 22 41 3
54 71.92 8.29 38.41 479.73 8 24 3
55 69.71 26.37 3.33 285.89 4 9 3
56 85.11 12.12 20.58 211.11 22 25 2
57 62.79 82.78 21.14 278.68 20 24 2
58 98.17 75.79 6.03 137.37 23 44 1
59 27.13 34.23 19.00 163.57 5 33 1
60 63.81 59.84 44.85 303.05 0 33 2
61 90.29 49.87 42.57 186.59 21 47 3
62 5.33 87.10 16.45 91.78 8 31 2
63 7.93 97.93 3.05 203.70 3 44 1
64 36.60 54.28 32.67 170.15 5 46 3
65 59.83 58.42 19.94 403.13 7 20 3
66 51.41 29.18 11.23 179.73 5 40 3
67 59.09 97.62 4.15 124.48 0 31 2
68 82.97 88.39 27.80 353.06 2 15 1
69 94.41 48.55 36.40 445.97 23 25 2
70 15.73 72.64 21.93 465.77 22 47 3
71 47.66 87.50 33.93 307.14 23 39 2
72 96.84 63.63 27.78 201.76 6 15 1
73 69.00 14.47 23.69 239.52 23 25 2
74 92.42 14.83 47.37 139.71 3 14 2
75 92.05 57.82 37.11 70.66 24 28 1
76 95.41 58.60 23.07 393.68 23 35 3
77 10.08 19.55 29.21 234.68 1 15 2
78 32.92 85.92 33.19 489.60 17 37 3
79 69.61 45.34 10.18 245.18 21 32 3
80 12.19 66.31 13.84 382.12 5 29 3
81 93.39 29.64 35.83 350.93 24 45 2
82 58.61 77.34 30.10 361.05 15 27 1
83 58.20 54.23 21.37 309.51 13 38 1
84 0.88 78.55 18.12 59.31 5 17 2
85 94.83 14.59 29.71 333.43 1 21 3
86 96.10 22.26 42.59 221.36 2 40 1
87 53.13 85.85 19.58 497.74 14 28 1
88 92.18 74.51 9.91 263.32 4 38 3
89 52.97 42.20 37.62 437.44 19 43 1
90 56.78 97.30 26.99 424.12 14 33 2
91 44.99 48.87 28.67 455.14 19 41 2
92 56.92 62.57 23.34 499.05 1 14 2
93 99.12 90.96 23.62 72.71 11 12 3
94 87.55 58.83 24.58 210.62 6 10 2
95 0.75 91.75 8.26 223.07 24 44 2
96 79.93 37.84 36.56 142.35 12 19 3
97 70.16 37.01 29.04 54.01 19 46 3
98 29.22 88.15 17.39 52.58 15 29 1
99 36.37 52.08 48.30 209.80 9 34 3
100 50.71 5.08 22.93 415.50 17 35 3
101 53.94 72.91 27.25 380.14 14 19 2
102 30.89 65.27 34.61 458.14 18 37 2
103 72.36 96.99 19.01 302.21 24 41 3
104 48.71 50.84 14.98 83.24 3 6 3
105 16.66 51.12 5.96 380.73 8 44 2
106 78.75 98.02 15.29 228.36 22 44 1
107 1.06 17.44 30.25 258.78 14 26 3
108 53.75 6.82 15.27 160.72 17 26 2
109 58.48 81.88 8.86 289.59 10 17 2
110 79.83 13.09 36.83 130.77 4 40 3
111 59.59 46.89 5.79 92.37 1 20 1
112 53.81 97.17 25.71 307.12 13 39 2
113 35.58 41.06 49.85 272.52 6 45 1
114 26.32 88.32 21.68 279.89 8 8 2
115 69.62 60.86 49.67 115.44 5 22 2
116 47.85 88.51 12.05 413.84 10 18 2
117 36.25 87.65 31.68 304.81 12 27 3
118 83.77 10.20 18.01 429.02 15 25 2
119 33.27 26.39 15.26 204.67 9 20 3
120 9.84 84.92 2.47 403.74 6 6 2
121 23.53 94.98 13.77 492.19 18 18 2
122 61.83 78.05 38.43 472.99 8 42 3
123 52.41 37.08 39.17 315.10 21 21 2
124 92.38 97.21 48.97 56.47 5 43 3
125 88.62 13.19 22.04 457.98 14 35 1
126 1.16 30.54 43.49 200.69 14 40 1
127 91.93 64.90 32.65 242.06 14 26 2
128 33.09 33.78 27.85 407.79 20 34 3
129 16.36 40.04 45.54 340.94 18 35 3
130 47.51 13.03 15.16 364.71 16 43 1
131 83.79 40.72 7.47 431.53 21 32 1
132 67.54 80.06 13.97 363.18 5 24 2
133 19.78 83.69 5.47 248.74 7 48 1
134 39.58 70.28 5.70 193.55 13 29 2
135 50.42 67.84 17.40 112.52 21 23 3
136 28.35 36.15 31.59 253.37 19 31 1
137 64.54 5.80 23.31 119.11 13 34 2
138 18.86 69.71 21.72 360.69 21 28 1
139 86.00 73.26 28.10 165.46 17 42 3
140 59.63 16.43 21.49 476.12 12 33 1
141 84.75 71.02 24.61 471.95 23 33 2
142 45.37 6.31 20.04 410.29 9 44 2
143 78.02 47.16 12.30 117.17 4 39 3
144 67.44 28.18 18.44 130.58 5 16 3
145 13.43 70.51 21.33 318.87 5 48 1
146 80.73 47.13 36.08 199.67 24 32 3
147 50.47 26.48 32.10 254.07 6 40 3
148 48.86 54.41 25.49 191.58 6 9 1
149 84.10 67.55 45.40 335.30 22 37 3
150 48.03 71.84 40.48 201.77 15 39 2
151 90.39 71.09 3.35 391.27 0 5 1
152 54.60 20.44 13.43 235.03 21 27 2
153 16.00 24.74 43.28 333.21 6 40 2
154 18.97 8.17 37.39 149.20 2 39 2
155 29.41 20.89 44.96 203.34 3 7 1
156 41.51 19.40 19.14 487.54 10 14 3
157 95.19 81.49 23.02 281.06 0 5 2
158 35.93 36.53 20.57 490.35 20 33 2
159 96.85 62.07 40.77 365.76 9 34 2
160 78.91 3.05 17.60 476.50 15 30 2
161 58.66 49.76 20.01 98.14 2 2 3
162 66.89 17.20 38.97 148.37 18 29 3
163 11.47 56.21 40.31 207.60 18 45 1
164 87.64 96.71 15.25 224.80 1 11 1
165 83.37 24.14 44.86 419.65 5 32 3
166 56.39 77.93 6.76 230.19 3 39 3
167 24.71 74.24 43.05 422.77 11 36 1
168 34.82 98.56 3.87 301.61 15 24 3
169 13.37 16.35 2.08 141.28 0 38 2
170 2.58 87.39 3.66 217.50 0 48 3
171 5.69 34.65 45.27 365.70 18 29 1
172 77.53 50.89 47.91 348.15 22 30 3
173 16.22 2.64 43.90 189.85 11 43 1
174 30.22 64.34 14.82 433.64 7 7 3
175 60.20 0.98 42.12 298.35 13 16 1
176 3.71 39.89 31.62 277.44 2 21 1
177 2.44 38.02 35.10 361.25 14 24 3
178 74.50 12.13 33.30 133.34 19 36 2
179 71.32 90.15 44.79 308.95 21 47 2
180 79.22 41.62 42.81 444.93 6 25 2
181 61.10 34.62 11.02 397.83 9 31 1
182 83.02 29.90 4.31 410.48 10 41 1
183 47.70 70.79 40.32 209.30 9 38 3
184 27.26 71.68 1.59 259.67 2 39 1
185 93.63 78.50 26.66 141.97 21 44 2
186 72.23 23.81 5.70 172.54 5 33 1
187 29.72 84.35 26.56 427.08 18 31 1
188 56.01 64.33 23.93 160.24 2 11 1
189 23.06 70.78 18.63 129.55 22 31 2
190 18.92 91.25 17.38 246.32 24 25 3
191 25.24 35.78 16.97 402.09 7 19 2
192 98.67 87.13 32.89 494.90 18 40 1
193 54.48 27.01 27.64 57.02 6 19 2
194 7.37 95.88 48.99 463.02 14 33 2
195 87.26 48.26 16.74 250.90 16 21 3
196 29.53 77.93 33.86 417.31 13 18 1
197 73.57 8.79 11.64 77.55 14 39 1
198 36.04 23.87 36.77 439.89 1 1 3
199 50.48 9.26 42.56 194.73 13 14 1
200 0.76 79.37 0.16 135.72 16 31 3
201 34.24 85.39 49.60 155.99 20 40 1
202 66.20 1.17 20.70 137.71 15 43 2
203 55.93 71.99 49.47 240.31 22 29 3
204 4.56 23.11 23.20 208.72 0 30 1
205 95.05 3.58 49.76 388.80 20 39 2
206 14.50 26.00 43.07 206.97 6 13 2
207 60.79 54.06 28.16 341.92 12 30 2
208 48.65 60.47 42.46 74.44 3 30 1
209 43.16 43.07 10.83 125.94 4 6 3
210 81.08 66.33 2.69 255.84 4 26 3
211 59.55 66.21 45.29 197.53 17 44 3
212 10.85 50.89 31.49 273.38 5 19 1
213 48.11 22.44 49.97 158.26 23 48 2
214 41.79 19.21 38.69 402.27 2 46 2
215 96.11 69.00 9.73 309.07 5 9 1
216 10.23 90.25 48.94 274.47 1 46 1
217 69.08 62.31 8.60 144.03 2 15 3
218 49.81 75.29 44.34 362.69 23 44 1
219 74.41 74.02 40.33 221.52 12 45 3
220 92.19 76.54 30.08 50.53 18 36 3
221 9.91 24.16 24.34 104.47 17 34 3
222 6.60 37.61 16.92 244.57 2 5 3
223 94.44 66.14 16.66 85.54 15 47 3
224 13.21 62.26 40.38 343.91 23 44 1
225 25.89 23.65 34.73 80.53 6 37 3
226 50.88 6.62 29.45 484.17 2 46 3
227 28.25 4.77 14.94 447.82 1 18 2
228 54.95 84.17 30.50 368.48 15 36 2
229 4.39 27.74 8.38 265.10 4 31 1
230 92.23 74.32 25.07 287.54 22 34 3
231 94.95 56.59 26.63 182.40 9 18 2
232 2.52 15.84 35.75 65.54 21 21 3
233 8.62 52.93 5.50 218.03 21 34 3
234 61.73 58.38 37.00 499.58 16 28 3
235 84.80 40.05 23.68 165.30 2 31 2
236 86.93 62.99 45.24 413.11 22 45 2
237 24.32 78.60 27.74 265.03 15 47 1
238 65.73 94.12 37.38 312.94 0 14 2
239 32.05 65.37 17.40 434.61 17 27 2
240 93.01 82.40 38.18 359.10 19 33 3
241 41.00 33.81 49.12 360.83 17 27 2
242 24.90 83.08 35.38 396.30 3 8 2
243 9.74 83.66 32.72 283.41 5 21 2
244 9.99 15.68 44.68 435.03 12 33 2
245 52.43 58.03 25.47 205.70 22 29 2
246 96.97 76.33 21.41 199.19 0 4 3
247 47.05 78.81 37.90 407.02 22 29 3
248 59.01 67.60 23.04 141.19 1 27 2
249 14.69 29.87 41.21 229.23 24 42 1
250 54.22 74.15 2.21 375.60 5 18 3
251 79.30 18.02 43.14 111.62 16 42 2
252 99.70 70.69 31.66 364.11 14 34 3
253 14.71 47.44 26.14 305.87 14 44 3
254 63.53 69.40 34.77 163.36 21 22 3
255 21.73 66.18 34.59 264.17 23 33 2
256 36.23 62.53 31.72 351.93 7 23 3
257 63.65 86.75 13.23 455.02 7 15 2
258 70.73 8.79 45.19 369.34 11 47 3
259 2.02 23.20 28.34 100.09 8 13 3
260 33.64 25.32 36.22 341.96 1 39 3
261 51.15 62.81 43.76 56.39 5 13 2
262 58.05 10.04 48.58 168.55 21 29 1
263 39.08 25.03 17.03 161.40 17 20 1
264 45.55 20.57 30.48 90.63 14 28 2
265 63.65 85.77 34.56 338.14 6 10 2
266 82.40 94.78 45.20 457.08 4 31 2
267 95.47 38.06 1.84 99.76 14 34 3
268 77.35 50.54 41.36 186.13 13 19 3
269 80.35 2.61 44.88 334.54 19 31 3
270 56.87 3.42 21.05 447.36 13 27 3
271 80.02 73.68 5.59 465.79 13 21 1
272 99.54 46.39 15.57 357.82 7 8 2
273 68.98 90.04 23.47 267.95 14 48 3
274 93.59 76.42 9.65 87.56 22 40 1
275 81.81 17.02 12.93 254.19 0 27 1
276 46.95 74.35 11.41 415.45 3 25 3
277 50.00 95.31 1.47 358.08 9 32 3
278 77.77 46.33 26.01 359.76 23 26 3
279 47.08 20.63 37.86 375.69 20 48 1
280 81.95 86.56 25.08 205.48 22 46 2
281 18.16 29.73 46.57 418.35 20 30 3
282 99.99 41.38 6.98 473.75 24 35 1
283 37.14 18.93 47.28 51.18 5 18 2
284 27.96 78.48 29.85 318.56 13 29 1
285 11.45 61.53 37.00 381.48 14 31 1
286 18.68 89.97 48.18 360.11 6 15 2
287 8.42 20.72 7.47 73.64 6 34 2
288 51.79 35.13 13.82 459.79 3 42 2
289 23.58 82.53 38.04 310.17 20 37 1
290 68.59 40.80 38.85 242.72 1 11 1
291 72.29 82.83 27.00 346.75 16 26 2
292 71.75 85.97 6.44 251.82 5 31 3
293 81.89 87.52 20.28 480.02 19 34 3
294 27.90 51.34 36.71 325.91 22 42 3
295 28.75 79.24 10.26 394.67 20 20 2
296 70.69 28.45 32.35 341.21 18 28 3
297 90.99 61.11 49.40 229.34 17 37 2
298 82.65 79.89 4.18 215.59 3 32 2
299 38.36 52.83 15.05 374.43 0 24 1
300 33.97 52.94 6.59 159.46 18 19 3
301 7.79 4.18 21.29 205.58 18 23 3
302 17.39 84.69 42.39 255.14 21 31 1
303 43.32 77.53 3.21 317.07 7 30 2
304 42.67 56.29 15.57 388.41 22 23 2
305 85.97 99.14 1.72 384.09 4 26 1
306 98.61 30.26 45.48 92.08 14 28 2
307 98.54 79.18 6.17 189.15 17 25 2
308 98.06 72.34 25.61 321.22 6 39 2
309 17.23 78.05 1.79 64.22 3 42 1
310 98.06 64.09 29.57 159.74 3 7 1
311 53.73 4.69 38.12 317.88 24 29 3
312 79.65 23.44 17.32 326.08 22 43 1
313 41.09 5.97 10.39 388.63 3 19 1
314 42.32 16.07 10.64 337.23 1 36 3
315 21.77 28.45 27.09 269.52 2 38 2
316 23.49 40.98 43.43 108.10 4 16 2
317 80.08 8.68 14.94 133.48 3 37 2
318 57.75 94.82 6.17 65.31 0 26 3
319 14.27 35.41 45.49 154.06 3 39 1
320 15.32 12.82 45.79 371.71 1 32 1
321 27.33 31.10 32.68 380.80 11 35 3
322 24.49 56.66 0.65 456.06 18 22 3
323 86.50 34.38 44.88 77.12 17 34 2
324 56.55 84.20 28.41 492.11 13 36 3
325 78.81 87.30 48.14 153.94 9 21 3
326 14.76 53.31 27.39 219.26 3 19 2
327 18.78 20.75 36.63 215.77 3 3 1
328 39.53 29.67 9.36 73.15 13 31 2
329 28.41 25.26 27.25 242.46 24 28 3
330 76.84 33.73 14.18 346.39 24 34 3
331 80.14 81.13 24.97 291.44 22 35 1
332 31.86 77.98 45.91 480.93 19 34 3
333 38.63 5.39 36.01 386.50 13 25 2
334 35.25 51.65 4.13 119.45 22 36 2
335 91.20 51.82 37.49 110.37 18 27 1
336 47.78 45.35 10.24 122.41 7 41 2
337 30.08 12.45 46.75 193.85 22 36 3
338 34.66 83.88 30.70 285.59 3 48 3
339 82.59 64.82 30.90 351.11 5 14 2
340 59.13 48.74 12.30 343.92 2 21 1
341 89.98 28.60 23.40 175.14 5 34 1
342 41.28 22.50 34.98 471.78 22 37 3
343 20.22 8.30 13.89 225.01 16 34 2
344 7.21 69.74 15.71 172.65 15 22 3
345 71.38 58.84 44.88 180.19 9 16 3
346 1.14 1.56 42.09 256.55 15 44 2
347 16.62 68.59 0.74 84.32 3 17 2
348 60.72 60.98 35.63 350.70 0 11 2
349 1.45 93.22 20.28 205.29 1 5 3
350 15.08 11.05 33.07 214.61 24 43 3
351 17.23 97.65 42.18 173.28 9 9 3
352 40.59 86.17 10.59 98.53 13 30 3
353 11.74 84.98 13.92 143.49 11 20 3
354 17.14 10.08 44.40 321.51 6 8 2
355 17.99 96.59 21.80 499.14 24 35 2
356 46.89 94.29 20.20 209.14 1 6 1
357 49.78 33.20 2.86 201.87 24 25 2
358 52.55 34.46 28.47 292.09 15 44 3
359 76.18 76.47 37.09 426.60 5 7 1
360 21.21 87.05 48.59 341.84 12 37 1
361 70.54 39.93 45.42 420.99 19 39 2
362 10.42 13.44 18.29 407.41 3 11 2
363 64.21 20.07 0.81 100.74 2 35 1
364 64.57 26.99 39.97 106.98 11 44 3
365 13.09 93.31 0.99 84.27 14 16 3
366 40.33 16.12 38.93 369.00 20 43 1
367 75.59 97.93 20.75 271.06 1 34 3
368 84.81 30.11 28.99 135.94 10 26 3
369 45.97 13.98 23.05 243.35 18 41 3
370 35.95 7.40 21.81 105.86 22 32 1
371 53.36 23.83 43.21 93.24 14 45 2
372 30.44 94.62 6.98 242.52 15 30 3
373 44.01 90.37 2.28 172.66 18 22 1
374 66.06 82.94 6.44 165.80 7 47 2
375 21.07 39.56 25.95 352.71 2 4 2
376 3.78 3.88 20.23 435.74 8 43 1
377 80.72 37.69 32.70 441.65 8 45 3
378 20.08 97.27 40.96 408.83 24 26 2
379 56.06 56.16 4.06 406.68 18 20 3
380 71.67 70.70 10.45 204.31 16 33 3
381 83.67 24.98 18.14 194.25 19 33 2
382 56.30 64.00 19.83 332.57 9 24 2
383 12.30 82.17 11.71 146.35 17 40 3
384 11.00 64.87 25.49 341.39 4 37 3
385 81.04 24.65 44.44 445.55 7 36 3
386 72.69 14.49 33.21 352.36 12 40 3
387 90.09 75.82 12.72 110.95 3 40 3
388 88.96 20.34 23.22 215.49 24 25 3
389 48.38 33.23 39.15 270.88 13 39 1
390 87.69 62.76 32.25 112.92 5 39 3
391 48.64 99.57 40.62 484.59 6 46 3
392 92.84 67.74 16.48 275.85 11 21 2
393 44.97 18.44 43.49 393.48 8 32 1
394 94.49 98.61 28.18 264.11 21 36 1
395 70.51 54.53 48.06 79.25 24 48 1
396 48.21 23.70 29.04 83.85 12 13 3
397 93.40 28.68 32.85 203.24 10 23 3
398 81.35 65.78 31.71 464.13 21 31 2
399 16.54 32.19 36.36 172.60 16 25 3
400 44.72 63.21 31.88 79.85 5 44 3
1 146.73 2779.00 1
2 197.69 3095.10 2
3 184.04 4294.82 3
4 182.01 4092.49 3
1 1.61 47.13 2
2 1.45 37.36 2
3 1.65 37.99 4
4 1.71 36.84 2
5 1.60 35.94 1
6 1.81 26.93 4
7 1.16 26.24 3
8 1.30 35.68 1
9 1.43 26.37 4
10 1.37 42.66 2
