Data for Vehicle routing problem with drones - Author: Huyen Do Thi Ngoc
Number of depots: 5
Number of cities: 500
Number of trucks: 10
Number of drones: 15
Area: 100 100 50
Customer maximum demand: 500
Max capacity of truck: 200
Max energy of truck: 5000
Max capacity of drone: 2
Max energy of drone: 50
1 22.46 52.07 31.44
2 29.33 17.86 17.57
3 55.41 67.83 25.38
4 94.54 95.92 8.01
5 66.08 26.89 14.71
1 35.56 17.55 38.17 282.96 3 3 5
2 99.54 26.86 22.05 395.02 16 30 1
3 42.29 14.57 3.86 334.48 21 34 2
4 50.52 1.55 16.73 382.54 14 36 5
5 4.35 30.51 6.59 470.93 3 29 4
6 59.78 65.82 26.22 155.60 17 47 5
7 85.45 61.73 10.45 220.12 19 41 3
8 89.71 38.10 7.35 156.77 3 33 5
9 39.69 9.37 10.87 177.26 22 34 3
10 85.15 10.14 28.49 450.23 18 30 1
11 26.82 29.21 44.65 456.17 13 16 3
12 22.61 76.12 32.68 228.59 12 28 3
13 15.07 85.79 27.66 498.97 7 42 2
14 48.16 60.50 43.78 115.35 3 11 1
15 28.62 56.36 16.09 86.62 4 5 2
16 90.81 44.27 10.00 469.09 8 22 1
17 70.37 51.51 39.76 59.91 14 22 3
18 20.67 40.23 30.16 439.85 2 21 1
19 29.60 85.09 6.63 56.25 21 40 2
20 60.25 48.43 29.96 234.17 7 30 5
21 61.32 5.92 36.06 497.14 21 32 3
22 41.06 80.16 28.19 433.92 24 41 3
23 13.54 83.18 37.61 277.62 17 20 5
24 46.23 47.10 1.16 341.99 11 39 4
25 84.30 1.79 25.60 106.55 4 37 3
26 75.12 6.03 26.35 125.26 7 24 5
27 10.95 28.54 28.29 171.87 0 10 1
28 36.10 55.17 38.01 50.34 14 26 4
29 43.38 8.26 46.57 273.15 23 33 3
30 82.33 67.79 2.36 78.89 21 43 1
31 8.49 53.54 11.46 283.24 0 7 4
32 27.33 39.86 32.95 464.19 9 22 1
33 81.19 17.37 48.52 159.98 2 27 4
34 2.18 82.60 12.35 115.39 10 16 4
35 84.48 42.25 1.91 496.54 7 42 2
36 63.89 76.64 41.23 106.68 20 27 4
37 48.18 57.38 3.17 215.78 19 45 5
38 36.05 72.21 14.04 447.50 6 11 4
39 22.61 98.21 40.59 472.69 8 18 5
40 47.25 23.23 33.10 300.22 19 39 3
41 69.92 80.44 49.91 116.48 21 29 2
42 50.98 38.67 24.77 423.27 6 7 3
43 83.58 34.04 16.49 59.04 19 21 1
44 39.56 98.11 12.44 251.74 22 37 2
45 85.27 84.07 0.56 72.00 5 18 5
46 59.43 49.05 16.30 64.78 19 41 3
47 26.18 70.87 6.65 441.74 10 32 5
48 26.25 33.71 40.05 292.58 17 17 1
49 61.14 14.40 12.35 378.85 14 29 1
50 93.15 80.90 30.90 207.39 15 15 2
51 5.22 53.89 45.10 317.54 16 27 3
52 72.02 93.27 34.14 426.07 8 43 4
53 24.72 92.82 18.00 461.34 17 47 5
54 58.34 90.47 7.27 373.57 21 23 5
55 16.83 46.58 49.20 172.20 22 33 1
56 84.73 78.72 21.41 357.44 22 29 2
57 55.97 85.53 34.75 405.33 1 15 4
58 99.35 54.43 28.84 463.63 11 13 2
59 18.68 85.71 2.38 120.57 13 37 2
60 83.30 62.85 46.30 168.35 16 47 4
61 19.35 10.84 4.75 243.56 21 27 1
62 55.95 25.79 43.72 120.68 17 34 4
63 20.40 46.71 37.21 182.23 23 46 5
64 56.50 43.04 23.24 176.61 1 22 1
65 4.09 99.47 23.76 436.82 24 31 3
66 77.37 64.51 38.66 134.01 18 19 4
67 51.47 78.40 41.29 252.85 6 14 2
68 68.83 53.95 1.70 248.84 7 35 3
69 96.90 77.40 3.18 297.97 17 28 2
70 56.33 3.86 39.42 415.35 9 10 3
71 91.08 63.38 39.44 267.81 10 22 2
72 25.24 59.55 44.29 352.69 19 41 2
73 34.88 11.31 42.10 248.54 7 14 2
74 81.51 16.55 18.62 481.77 9 9 3
75 58.84 29.38 42.67 320.65 5 6 3
76 55.59 90.96 15.64 142.78 7 19 5
77 26.71 69.72 38.85 384.42 20 39 1
78 21.89 7.98 2.43 470.96 22 29 5
79 33.43 80.05 42.28 171.82 0 30 4
80 42.24 61.27 14.93 386.66 3 7 1
81 73.00 35.28 4.31 384.28 13 47 4
82 97.23 64.36 0.68 91.50 16 41 2
83 80.30 15.88 18.03 54.28 9 20 2
84 84.12 6.14 35.75 323.14 6 20 5
85 31.40 46.55 43.12 209.82 0 6 2
86 74.16 40.29 44.95 67.89 2 21 2
87 0.31 70.46 0.72 420.53 8 22 5
88 39.16 17.11 10.63 429.92 9 31 3
89 35.27 67.73 36.54 333.00 6 31 4
90 11.94 86.63 34.83 400.28 17 43 2
91 44.63 59.08 6.53 197.32 24 29 3
92 48.38 67.73 47.23 301.23 18 47 3
93 59.70 53.70 47.66 228.90 3 5 1
94 60.87 57.13 32.33 81.32 16 48 4
95 61.29 64.78 36.00 54.63 13 46 1
96 9.74 72.38 24.85 481.65 15 33 5
97 3.87 4.10 26.22 250.50 10 24 4
98 69.47 81.69 0.70 174.75 12 31 3
99 87.14 34.62 27.20 390.11 20 45 3
100 89.55 2.97 40.12 224.84 11 31 5
101 65.80 84.75 37.23 165.72 4 39 1
102 8.69 54.65 39.86 456.42 14 20 2
103 41.23 75.09 6.17 369.44 11 36 1
104 41.42 52.79 32.47 459.00 7 7 4
105 70.43 19.87 7.10 338.89 23 25 3
106 61.94 93.46 31.22 310.72 0 48 1
107 44.32 37.85 5.00 351.74 7 35 3
108 90.92 38.43 13.94 174.04 4 46 5
109 47.64 94.83 11.73 156.25 20 21 5
110 48.90 91.90 19.17 103.86 24 43 3
111 5.73 40.15 2.90 62.32 13 23 4
112 83.67 15.40 10.57 260.69 1 30 1
113 55.76 7.37 42.63 134.30 21 47 1
114 92.92 11.54 30.69 294.21 0 28 3
115 57.78 13.78 5.18 281.60 9 42 2
116 12.69 68.21 0.79 196.11 17 34 5
117 3.11 85.63 9.93 80.79 15 46 1
118 92.29 96.02 7.10 371.05 22 24 3
119 56.54 59.34 17.84 488.60 4 43 1
120 65.77 32.16 18.18 74.74 2 32 3
121 19.50 86.41 24.89 229.05 20 26 2
122 74.62 49.83 3.28 292.81 13 41 5
123 1.55 97.28 40.91 315.84 18 24 2
124 64.40 92.07 21.56 224.75 21 46 3
125 23.77 36.99 37.83 314.67 17 27 3
126 8.39 22.73 39.87 378.57 3 35 2
127 33.20 33.69 2.87 150.07 14 38 2
128 97.17 97.22 10.34 63.96 11 24 1
129 37.66 4.35 6.29 87.81 10 19 1
130 72.58 26.36 9.40 290.36 9 33 3
131 35.37 62.66 14.79 344.72 6 9 4
132 47.80 65.83 30.60 143.12 13 39 1
133 84.78 10.32 47.48 90.58 11 36 1
134 97.78 64.69 36.23 129.90 3 17 3
135 34.20 48.03 6.98 156.62 21 29 3
136 38.85 72.36 21.20 359.53 13 25 5
137 60.47 79.84 2.22 340.10 21 32 1
138 77.59 39.13 47.05 358.77 23 38 5
139 63.85 58.98 22.65 494.11 24 34 1
140 18.86 28.80 8.79 470.25 21 22 4
141 71.81 40.44 27.01 319.69 8 41 2
142 79.41 83.67 47.04 181.47 2 24 5
143 33.15 27.00 12.46 70.05 12 13 4
144 60.44 0.73 18.85 399.47 14 26 4
145 53.87 60.74 3.35 104.70 22 40 1
146 77.89 39.31 23.54 368.12 10 11 3
147 44.47 46.17 2.78 144.25 9 38 1
148 10.18 4.11 16.06 266.85 21 48 2
149 81.88 98.74 44.11 89.78 5 23 4
150 81.96 1.57 49.45 364.26 13 24 4
151 41.81 75.42 40.23 107.39 2 36 5
152 66.43 86.43 31.43 157.03 8 15 5
153 33.72 96.06 12.98 78.78 19 23 3
154 45.41 65.62 40.38 305.78 9 20 3
155 37.15 60.45 2.56 333.43 11 46 2
156 8.93 45.44 41.74 227.02 19 23 4
157 74.14 1.46 44.26 158.00 18 30 1
158 45.69 1.12 28.10 65.64 11 37 1
159 79.58 65.04 14.01 254.55 1 10 2
160 87.26 13.60 41.14 445.29 9 36 1
161 74.52 29.31 27.22 462.06 2 29 2
162 57.80 32.53 48.30 288.69 17 36 5
163 99.38 18.89 44.33 231.47 10 25 3
164 78.75 36.72 8.54 206.72 3 28 1
165 98.64 80.55 8.28 195.02 5 38 3
166 5.25 81.13 5.03 401.21 20 31 1
167 33.39 13.70 41.46 316.72 3 21 4
168 11.45 42.81 17.90 116.92 22 41 3
169 62.50 78.42 2.40 474.80 7 18 3
170 46.78 81.48 48.59 271.49 13 35 5
171 84.53 6.07 26.15 466.36 17 38 4
172 81.87 34.47 32.60 232.91 4 21 5
173 35.93 79.49 12.04 118.85 3 43 2
174 19.50 92.78 23.56 281.34 10 34 5
175 15.64 88.98 32.55 358.71 7 34 3
176 67.66 69.58 24.91 107.61 15 45 1
177 30.89 82.38 41.94 226.28 21 38 3
178 22.40 83.87 0.64 343.15 6 33 1
179 32.71 96.69 42.60 196.28 1 12 5
180 57.16 0.35 30.24 352.47 22 36 1
181 78.98 13.94 42.33 372.51 15 23 4
182 7.17 11.56 18.79 371.34 3 4 4
183 67.18 59.81 4.24 85.87 21 23 4
184 15.61 59.16 10.84 224.39 22 22 5
185 22.23 34.98 35.13 438.24 17 29 4
186 59.45 75.51 17.68 440.89 5 20 4
187 81.25 25.56 25.68 470.07 0 42 1
188 53.88 27.39 2.90 440.32 24 30 1
189 26.90 33.70 42.88 495.66 17 30 2
190 17.14 17.51 27.95 127.69 13 14 1
191 96.05 99.54 42.81 143.79 8 18 3
192 90.88 27.14 8.38 114.08 9 28 1
193 50.23 46.21 48.82 88.49 14 31 5
194 71.66 73.28 32.32 142.58 2 45 3
195 14.87 37.47 8.90 381.55 10 41 1
196 19.16 14.30 21.25 213.56 7 13 5
197 14.46 50.49 23.84 134.43 13 33 5
198 76.28 26.37 18.17 218.90 7 22 5
199 4.80 40.69 46.65 184.84 15 18 5
200 63.50 85.51 7.31 198.91 11 18 3
201 3.58 20.73 16.68 150.77 24 44 2
202 36.55 69.37 40.31 387.38 11 34 1
203 96.47 69.25 10.04 122.45 4 20 2
204 78.69 77.46 14.60 423.33 15 23 4
205 50.58 51.86 24.06 384.84 21 42 5
206 16.60 0.05 21.18 344.69 3 33 3
207 6.62 4.61 38.04 64.26 8 17 1
208 48.30 38.37 24.14 390.13 19 48 5
209 76.79 76.74 6.27 249.59 3 29 5
210 84.52 10.63 13.67 85.83 3 19 5
211 90.91 76.81 24.28 247.61 4 47 3
212 9.51 70.43 4.33 245.21 8 23 5
213 61.04 55.58 17.25 185.26 6 22 3
214 23.90 39.09 4.87 178.37 6 22 4
215 69.06 6.10 46.83 266.80 20 22 3
216 66.77 66.69 4.80 453.35 16 24 1
217 98.74 43.13 25.79 80.26 5 35 5
218 56.37 64.09 12.50 291.26 12 22 5
219 11.34 76.52 15.37 60.84 16 21 2
220 89.24 25.80 23.25 390.70 10 19 5
221 58.10 82.32 28.81 167.61 3 37 3
222 71.81 3.10 18.50 72.54 9 41 1
223 4.27 48.28 34.85 321.81 3 38 1
224 37.95 66.03 8.96 53.12 4 46 1
225 45.01 63.26 25.79 337.03 0 5 4
226 76.03 61.52 48.43 320.35 12 45 5
227 31.91 63.71 2.43 300.56 1 15 3
228 22.83 57.88 3.81 252.93 18 28 5
229 98.35 99.25 25.14 314.17 7 17 5
230 3.05 0.12 1.47 75.73 20 41 4
231 76.47 93.52 41.84 106.61 7 27 4
232 86.54 16.06 7.07 67.37 6 7 2
233 79.18 8.45 38.80 368.08 6 19 1
234 12.32 88.07 30.14 151.61 11 25 5
235 62.80 52.91 34.57 357.27 24 35 2
236 57.42 43.88 27.50 151.06 21 42 1
237 34.92 38.62 42.37 159.17 9 45 1
238 82.37 49.06 34.89 170.19 0 6 1
239 56.39 5.82 35.48 367.31 12 40 4
240 31.29 26.78 34.99 109.52 12 21 3
241 97.76 64.13 19.39 291.97 12 14 2
242 24.46 52.29 22.73 233.99 3 40 1
243 79.22 21.30 16.32 363.93 16 27 3
244 61.40 63.85 12.61 312.29 1 1 2
245 39.99 59.80 41.02 457.53 24 32 1
246 49.47 6.24 20.04 206.33 21 28 1
247 32.06 8.50 18.37 280.20 1 41 2
248 68.91 72.56 0.61 83.73 11 25 5
249 85.75 88.15 7.35 63.41 5 21 1
250 38.70 19.91 0.25 479.17 8 33 2
251 47.07 53.57 10.95 205.25 6 25 4
252 71.28 10.15 24.56 433.51 20 23 3
253 4.02 12.43 31.24 244.41 20 46 2
254 77.93 38.53 10.68 263.25 21 41 4
255 88.18 15.52 22.43 152.47 9 43 1
256 57.91 50.96 23.77 337.81 4 48 5
257 91.23 68.70 30.23 440.72 6 20 3
258 99.95 92.89 23.86 416.54 22 34 3
259 35.67 74.35 16.64 431.65 8 21 3
260 24.41 32.13 29.82 194.04 22 25 3
261 21.07 14.05 11.98 153.10 0 21 4
262 57.26 7.27 48.83 280.85 19 43 2
263 53.61 34.91 27.81 138.07 11 20 1
264 96.62 7.88 44.94 84.77 24 45 3
265 33.71 97.57 19.53 395.69 19 33 4
266 61.41 33.09 14.15 116.62 5 7 2
267 23.49 14.57 43.47 126.48 11 29 3
268 66.21 74.89 2.01 102.19 17 30 4
269 4.31 91.28 7.02 249.56 9 25 1
270 3.50 11.52 14.06 156.65 8 26 2
271 32.82 34.02 5.09 488.06 23 32 2
272 51.22 94.13 13.68 226.84 13 40 3
273 33.05 35.19 34.79 409.71 15 44 3
274 91.14 24.50 28.13 292.93 23 28 1
275 81.04 17.18 28.06 130.35 13 40 1
276 79.11 91.83 43.52 236.38 1 11 3
277 64.37 86.14 38.03 418.06 13 21 4
278 77.49 54.84 39.66 359.43 3 10 3
279 31.32 30.17 22.48 176.76 1 13 2
280 74.82 58.37 33.95 442.56 3 16 4
281 86.97 64.19 20.00 152.47 8 15 4
282 17.35 59.81 49.56 109.07 7 21 3
283 20.77 75.97 24.44 181.66 11 30 1
284 65.36 95.97 24.68 261.27 14 41 2
285 18.42 1.12 18.40 96.37 23 32 5
286 15.75 10.64 12.27 327.47 3 15 4
287 50.43 76.98 22.92 488.55 19 47 3
288 32.95 95.16 26.12 207.39 1 28 5
289 43.00 63.19 22.94 72.83 24 34 3
290 89.26 96.59 39.00 464.72 3 44 2
291 4.67 64.77 38.61 76.22 9 13 5
292 51.38 45.40 25.74 431.74 23 25 2
293 44.87 62.11 45.26 343.55 19 30 5
294 8.17 37.50 28.30 248.58 0 27 1
295 59.63 37.01 12.13 116.89 10 15 4
296 40.12 70.29 23.81 149.01 8 23 4
297 36.27 9.84 22.45 116.22 15 26 5
298 69.83 28.46 48.90 147.27 14 36 4
299 42.32 28.23 36.96 71.26 23 33 1
300 40.77 36.09 35.19 165.07 6 27 5
301 45.12 77.50 8.65 155.33 12 16 3
302 84.14 15.76 15.67 392.97 14 26 3
303 79.85 9.56 22.32 219.97 8 29 2
304 0.71 95.97 12.33 214.88 21 28 5
305 9.92 87.18 35.17 133.85 17 29 3
306 95.84 33.10 44.43 206.36 8 28 4
307 87.66 59.09 22.10 466.64 24 39 4
308 62.44 70.16 11.02 448.04 8 42 2
309 79.79 24.95 8.86 408.73 8 28 5
310 5.80 37.57 34.34 186.08 17 22 2
311 0.34 21.23 37.04 417.21 15 43 4
312 27.02 35.88 43.59 209.88 20 48 5
313 67.93 79.85 27.92 57.33 1 34 1
314 65.17 21.12 12.35 304.16 17 27 3
315 49.92 18.57 40.53 246.52 17 42 2
316 9.35 8.01 17.07 216.70 1 5 4
317 68.17 21.19 35.83 413.61 2 37 1
318 90.96 33.39 44.60 104.69 12 13 3
319 23.23 10.76 37.94 143.70 19 29 3
320 90.12 53.58 14.68 468.55 9 28 3
321 53.46 8.66 49.35 55.21 19 41 1
322 34.10 45.21 46.62 448.58 10 11 5
323 34.77 4.29 23.35 249.63 2 45 2
324 58.56 71.31 7.27 93.75 23 37 1
325 37.31 76.99 17.86 66.53 0 9 1
326 41.38 12.48 38.38 199.67 11 34 1
327 48.03 4.23 1.65 231.83 12 28 2
328 81.82 12.11 14.03 54.55 21 40 2
329 55.92 63.95 6.55 184.46 13 27 4
330 96.38 55.88 10.30 167.35 4 16 4
331 58.02 69.15 19.59 266.64 21 34 4
332 13.47 38.35 42.57 454.29 10 39 4
333 92.58 52.80 26.03 138.06 19 28 2
334 3.71 63.65 29.53 197.20 15 20 3
335 88.24 99.21 18.05 380.59 6 18 3
336 8.86 1.09 22.90 414.62 18 44 1
337 32.22 46.95 15.02 201.85 2 41 3
338 74.22 42.48 48.21 260.77 9 34 1
339 71.53 80.61 32.01 447.27 12 21 5
340 86.58 76.04 23.87 499.14 13 36 5
341 38.30 87.30 19.39 78.15 7 43 4
342 41.15 93.72 8.73 382.06 16 17 4
343 21.19 6.71 9.07 235.87 3 29 4
344 92.46 81.78 0.45 62.06 6 43 5
345 39.42 25.44 32.08 126.53 0 39 4
346 52.83 92.65 11.47 416.72 0 43 5
347 92.92 5.03 40.33 272.22 13 44 4
348 61.27 9.36 30.35 225.75 7 15 4
349 59.82 63.16 24.58 204.21 19 31 4
350 23.99 22.28 16.81 406.51 21 40 5
351 93.35 71.44 18.90 181.72 7 41 2
352 87.76 4.74 23.55 171.38 20 41 1
353 28.13 20.91 41.33 104.70 20 36 1
354 63.01 45.33 10.73 451.07 23 40 2
355 61.79 92.19 23.34 216.66 23 28 5
356 20.01 56.77 34.17 472.67 4 13 3
357 91.01 81.60 8.86 117.00 24 27 4
358 72.66 43.33 48.02 434.16 12 41 1
359 24.97 48.03 35.32 418.89 24 31 1
360 85.38 17.03 27.45 125.44 24 26 4
361 29.22 53.60 33.28 467.39 16 19 1
362 25.99 33.94 19.12 183.44 8 34 4
363 52.26 5.17 30.99 432.80 17 31 3
364 39.96 91.53 0.32 102.56 3 37 5
365 49.40 43.87 25.86 55.30 17 44 2
366 84.60 60.15 48.41 219.20 6 20 1
367 72.12 59.29 41.39 50.31 14 20 2
368 53.13 95.94 44.95 90.38 17 17 3
369 60.56 45.34 48.45 343.49 8 41 2
370 79.54 29.40 26.13 185.76 15 15 1
371 75.26 37.25 26.37 480.42 22 22 3
372 29.47 80.51 34.90 101.33 3 40 1
373 54.02 22.26 21.66 496.29 5 35 2
374 45.46 25.91 48.73 313.51 4 29 5
375 97.23 28.07 14.35 257.79 3 28 2
376 70.20 99.17 41.87 367.17 16 37 3
377 26.43 73.01 17.28 130.62 2 28 1
378 38.84 3.38 30.76 198.81 9 26 4
379 78.72 22.89 32.20 79.09 7 11 1
380 21.62 95.23 18.22 340.10 12 18 5
381 51.96 21.26 2.76 357.07 24 30 4
382 32.24 0.98 49.56 200.68 14 27 1
383 17.10 18.62 2.03 130.77 16 24 5
384 36.86 96.03 34.57 226.16 14 29 4
385 12.98 21.81 0.82 499.42 12 22 3
386 75.35 2.34 49.03 197.64 2 28 3
387 4.18 54.19 1.28 105.99 7 21 5
388 79.89 71.37 11.70 57.09 1 10 2
389 99.83 40.11 2.82 421.04 6 36 1
390 68.69 96.02 24.36 313.76 2 5 2
391 59.77 23.83 27.29 497.06 19 33 4
392 0.67 3.35 41.53 415.97 19 27 4
393 59.55 19.86 37.67 75.23 21 34 5
394 3.60 43.92 0.39 257.58 5 48 5
395 78.75 97.15 3.09 361.36 18 47 5
396 10.05 45.34 10.49 340.89 22 23 1
397 0.60 6.87 13.48 382.57 16 31 2
398 98.59 65.60 49.72 389.30 11 30 2
399 55.81 69.23 16.41 313.17 10 34 3
400 99.90 4.04 11.25 113.74 18 20 2
401 87.36 95.76 27.28 195.92 21 48 5
402 64.33 49.29 46.40 67.71 2 9 5
403 77.27 73.16 43.50 250.75 0 23 3
404 9.58 27.79 34.32 356.28 6 44 1
405 35.60 9.53 36.64 235.62 5 23 4
406 28.70 36.09 41.40 499.16 6 27 1
407 78.65 55.73 5.23 156.27 7 32 4
408 16.33 91.05 14.61 319.33 21 36 3
409 59.13 65.08 6.48 357.27 12 12 1
410 22.56 35.98 22.20 81.91 9 22 3
411 17.94 68.38 43.13 202.47 12 48 5
412 46.82 82.61 9.13 467.80 19 41 4
413 29.49 40.91 13.94 216.25 5 43 2
414 30.53 99.83 19.20 440.70 17 23 2
415 92.80 6.69 16.11 353.51 22 22 2
416 58.37 13.08 22.44 437.35 12 24 4
417 77.47 80.65 13.43 132.29 17 29 1
418 48.75 55.77 9.24 478.48 20 21 3
419 9.15 97.41 26.79 52.20 16 46 5
420 18.63 93.50 49.05 299.98 9 44 1
421 7.54 13.41 21.48 476.37 15 43 3
422 14.00 97.02 2.02 397.60 1 6 3
423 61.27 68.60 22.17 336.23 6 25 2
424 70.31 44.46 25.13 407.59 4 26 5
425 68.23 85.22 33.59 324.36 20 40 3
426 52.96 30.19 33.69 293.24 21 21 2
427 11.43 61.84 37.96 229.77 18 41 2
428 30.12 80.87 34.18 227.31 23 34 2
429 44.48 63.62 35.77 309.11 3 11 5
430 41.14 3.79 29.99 372.56 14 31 3
431 39.60 14.57 22.03 432.50 22 36 4
432 65.42 4.97 21.83 189.40 14 47 4
433 0.36 13.88 31.85 236.40 7 29 2
434 81.69 34.87 15.62 286.35 21 29 2
435 42.10 92.82 19.09 254.56 1 24 3
436 71.82 5.61 32.58 131.84 6 9 1
437 25.90 41.74 14.66 239.62 3 20 5
438 65.53 89.92 9.14 496.79 18 21 1
439 91.79 51.21 19.68 91.97 14 26 2
440 2.45 77.94 18.84 202.48 10 45 3
441 64.55 43.70 25.66 245.27 3 20 2
442 51.47 85.26 48.03 173.06 12 36 2
443 76.06 65.34 14.69 91.21 0 39 2
444 82.78 98.33 5.36 80.75 0 22 3
445 34.41 28.93 11.39 267.29 22 27 3
446 29.70 62.16 1.28 53.86 19 30 5
447 53.09 34.43 14.72 485.98 19 44 3
448 78.45 28.35 45.67 271.99 16 21 2
449 84.10 8.28 2.87 189.01 11 46 5
450 64.65 88.79 24.59 307.46 24 33 3
451 35.36 27.20 48.78 479.95 4 5 5
452 4.83 98.79 12.90 80.59 16 47 4
453 97.14 82.21 11.55 283.00 18 32 1
454 14.29 57.20 45.21 221.61 17 19 5
455 21.95 91.18 1.09 370.00 11 41 4
456 55.67 51.82 11.74 490.68 0 3 2
457 98.88 59.91 11.71 425.36 7 16 3
458 38.68 9.81 41.01 452.48 6 44 3
459 91.79 30.48 48.27 206.02 17 21 2
460 7.14 78.15 23.60 452.33 0 11 1
461 40.74 91.05 15.22 94.32 13 41 4
462 7.29 72.47 11.70 172.43 11 29 2
463 50.07 86.05 26.32 88.98 8 13 5
464 96.90 18.94 26.54 122.19 5 6 3
465 51.87 73.12 39.64 106.01 14 28 5
466 51.21 39.73 21.79 206.70 22 26 1
467 86.24 62.10 39.33 393.41 22 23 4
468 48.16 57.57 21.94 286.00 19 36 1
469 72.36 73.73 33.19 444.54 14 47 4
470 28.20 55.47 34.55 390.40 12 20 5
471 63.74 19.20 45.42 427.84 7 30 4
472 5.22 86.62 47.38 122.70 2 41 2
473 73.89 74.11 30.57 418.21 5 31 2
474 23.14 10.75 29.33 109.85 16 45 1
475 55.60 86.81 44.82 330.71 6 17 4
476 13.67 67.48 44.47 177.26 16 27 1
477 21.27 75.62 46.08 433.09 11 43 2
478 74.30 27.00 13.13 353.17 24 29 3
479 28.45 60.04 10.72 493.59 5 30 3
480 5.87 29.41 33.29 400.33 5 28 5
481 55.36 3.86 37.02 88.94 13 33 1
482 93.61 34.41 5.43 477.59 8 35 5
483 66.37 66.69 17.31 125.65 13 46 4
484 97.95 17.16 37.72 58.47 0 46 3
485 84.94 24.13 22.78 374.17 6 29 3
486 19.72 39.47 49.09 136.69 20 42 3
487 54.30 44.35 28.57 236.30 2 7 3
488 43.36 76.87 13.27 441.36 10 34 3
489 64.51 70.93 1.17 123.18 9 43 4
490 77.91 17.48 28.47 441.76 11 24 4
491 16.50 86.81 5.88 180.99 21 45 4
492 30.38 17.94 11.63 281.99 10 33 4
493 18.13 13.48 11.68 146.65 7 10 1
494 85.94 13.38 30.88 82.71 3 19 3
495 87.80 57.00 17.46 99.85 21 43 1
496 55.35 39.62 41.06 474.85 14 27 5
497 4.79 6.89 13.32 88.01 16 20 2
498 30.92 98.17 39.36 106.04 7 11 2
499 39.14 22.87 14.45 447.38 1 21 2
500 19.83 56.20 43.75 118.01 20 31 4
1 114.73 3087.58 1
2 104.61 3891.96 2
3 182.87 3893.13 3
4 114.69 4037.70 4
5 120.79 2858.14 5
6 194.01 3368.20 3
7 195.95 3997.83 3
8 102.30 3126.51 5
9 150.78 4267.65 3
10 122.40 4535.50 5
1 1.41 26.38 10
2 1.57 38.84 10
3 1.51 40.78 7
4 1.93 38.02 4
5 1.87 36.89 10
6 1.91 28.15 7
7 1.53 30.88 1
8 1.71 25.53 4
9 1.19 34.88 2
10 1.92 34.71 5
11 1.35 34.47 4
12 1.80 29.31 3
13 1.32 38.29 6
14 1.16 37.44 2
15 1.87 48.63 6
