Data for Vehicle routing problem with drones - Author: Huyen Do Thi Ngoc
Number of depots: 5
Number of cities: 300
Number of trucks: 8
Number of drones: 14
Area: 100 100 50
Customer maximum demand: 500
Max capacity of truck: 200
Max energy of truck: 5000
Max capacity of drone: 2
Max energy of drone: 50
1 76.94 38.33 39.48
2 42.78 49.87 24.32
3 95.51 48.99 37.40
4 74.68 59.07 40.13
5 72.31 51.42 33.13
1 86.86 90.11 35.34 188.36 7 24 5
2 43.88 96.65 31.90 261.13 5 16 1
3 43.12 96.58 37.35 239.46 7 42 5
4 74.74 2.37 5.04 430.25 24 35 5
5 28.72 39.97 5.87 232.24 0 2 4
6 56.43 6.55 11.02 65.04 0 27 3
7 30.73 78.12 34.80 138.26 23 35 1
8 46.23 5.09 26.45 93.27 0 19 5
9 33.51 58.98 32.78 407.09 3 41 3
10 49.48 65.63 8.91 276.61 22 22 1
11 87.04 27.14 0.24 450.12 6 9 5
12 34.31 21.97 23.15 127.61 2 38 5
13 64.85 18.58 2.78 453.79 23 32 3
14 72.61 9.94 17.01 223.28 0 8 4
15 77.93 80.77 45.56 341.03 14 23 2
16 5.19 71.13 33.86 316.23 14 16 1
17 25.20 47.77 34.06 453.55 2 38 4
18 34.89 65.76 29.87 350.89 23 48 2
19 51.85 35.58 30.21 387.51 23 39 1
20 29.32 54.52 11.52 161.08 6 41 4
21 57.28 75.86 25.14 160.25 19 48 5
22 54.24 7.63 24.53 128.40 20 39 4
23 69.89 12.83 42.15 112.33 8 32 2
24 42.30 7.03 20.29 384.51 2 39 3
25 31.70 47.72 13.99 156.46 11 37 2
26 68.31 2.88 40.84 309.44 24 42 1
27 48.54 62.04 0.52 424.49 7 12 4
28 96.09 0.95 3.09 400.21 20 21 3
29 59.26 5.40 27.66 158.15 11 32 1
30 89.91 11.93 38.18 196.41 18 36 4
31 58.17 62.74 12.12 391.55 1 8 1
32 14.68 7.93 21.32 118.20 11 15 1
33 26.88 16.21 31.09 126.62 9 28 3
34 65.15 89.52 41.06 161.70 7 26 1
35 97.82 87.98 23.86 354.35 9 28 3
36 81.19 66.39 15.55 111.49 9 22 4
37 11.75 24.89 29.18 423.47 11 28 4
38 43.76 20.19 12.08 182.29 22 28 5
39 71.95 17.25 23.31 208.00 2 26 3
40 52.37 86.32 44.88 273.40 5 15 1
41 95.22 92.33 49.05 83.17 9 43 1
42 79.87 30.83 14.33 417.74 7 35 4
43 42.71 72.51 25.28 440.47 16 43 3
44 66.82 7.40 21.64 301.11 13 44 2
45 44.73 13.95 12.27 345.59 7 14 2
46 84.22 29.39 5.27 351.17 17 41 3
47 25.29 25.86 22.67 69.06 11 36 5
48 63.32 53.92 8.35 269.78 5 11 1
49 1.13 37.17 18.17 301.02 21 24 1
50 39.17 75.73 12.66 177.74 21 41 4
51 57.11 34.51 17.76 264.10 10 25 1
52 66.30 86.55 32.67 137.02 0 31 4
53 64.74 2.03 29.06 127.01 11 11 5
54 52.49 59.49 42.76 365.33 24 36 2
55 64.49 60.42 45.66 305.56 2 12 2
56 14.39 19.41 10.75 144.54 10 10 2
57 68.60 60.57 37.18 168.67 17 43 1
58 14.43 14.32 11.53 192.70 2 6 2
59 48.68 74.97 31.87 302.50 1 13 4
60 21.37 19.89 39.51 242.10 24 30 4
61 11.43 45.08 1.00 273.72 12 26 5
62 88.91 98.50 5.48 230.66 11 33 1
63 16.38 48.08 33.23 189.26 10 13 2
64 99.41 47.43 16.15 285.06 18 34 5
65 90.43 93.66 40.37 433.00 6 27 5
66 37.22 3.02 34.24 139.16 6 30 2
67 56.41 83.74 17.57 367.08 22 40 1
68 24.11 29.48 3.20 227.15 8 32 3
69 24.68 47.24 47.28 488.74 7 19 2
70 10.58 11.05 21.70 181.18 19 38 3
71 78.69 79.03 19.02 225.94 24 43 1
72 44.67 11.28 26.49 207.42 6 24 5
73 58.89 34.67 7.62 119.86 10 40 5
74 21.82 72.62 28.48 239.14 15 27 3
75 9.35 58.69 13.97 96.21 18 30 5
76 16.22 1.46 32.99 332.51 23 44 4
77 6.73 62.62 46.90 84.17 4 44 2
78 71.57 85.50 26.83 52.45 23 47 3
79 38.73 55.94 10.71 104.03 10 28 2
80 13.35 76.70 40.44 387.92 18 37 2
81 4.45 79.53 27.95 353.21 2 8 2
82 54.78 17.89 45.66 237.40 16 34 3
83 24.31 20.96 38.00 262.85 3 42 2
84 85.35 50.65 3.80 316.26 9 43 5
85 87.99 29.35 15.70 70.44 20 41 2
86 21.66 87.40 20.07 203.34 8 21 1
87 52.49 62.59 3.31 135.84 5 31 2
88 8.21 9.46 34.13 192.25 13 28 1
89 39.65 95.74 24.35 185.83 8 25 5
90 50.18 42.64 1.80 456.98 2 41 5
91 1.90 25.09 11.51 61.03 19 19 3
92 11.43 68.18 16.13 92.58 5 13 5
93 21.49 17.38 4.41 329.17 21 45 3
94 4.35 41.40 27.96 277.08 13 35 1
95 56.27 3.44 44.61 297.88 18 36 4
96 19.59 70.31 1.39 374.56 16 46 4
97 34.77 65.34 45.84 125.04 4 45 1
98 9.01 21.11 13.05 262.98 4 21 1
99 75.54 20.96 35.69 201.91 0 42 2
100 20.65 11.09 39.68 141.09 19 37 1
101 50.44 89.26 29.15 202.20 15 45 4
102 69.29 2.24 30.46 476.36 15 23 4
103 88.63 83.19 35.39 205.82 13 28 2
104 90.41 1.01 40.56 253.16 1 25 1
105 55.84 46.82 24.38 443.55 13 48 1
106 90.38 33.07 46.98 349.91 8 46 1
107 69.71 85.46 14.53 171.68 1 19 5
108 54.17 16.46 2.54 325.82 21 24 5
109 40.52 68.27 3.14 103.90 21 32 3
110 8.36 49.21 43.01 84.10 2 3 3
111 50.11 42.61 1.02 128.38 6 7 5
112 28.70 17.28 48.42 164.41 6 20 2
113 2.84 25.43 4.69 475.56 1 7 3
114 18.01 34.39 34.03 492.46 17 31 2
115 59.57 13.83 44.22 109.05 5 30 2
116 62.89 80.42 25.16 162.70 6 12 2
117 61.71 18.84 30.78 231.26 14 30 2
118 85.96 25.19 31.57 335.39 5 43 5
119 71.05 75.31 25.73 79.66 15 40 3
120 92.04 70.50 26.20 180.94 12 40 4
121 3.54 61.38 6.92 247.75 12 15 3
122 18.10 69.62 7.95 366.03 11 11 3
123 15.48 71.66 25.81 101.62 7 30 3
124 7.44 85.83 40.35 460.13 18 30 5
125 43.70 82.72 38.47 245.89 19 20 1
126 9.32 68.39 38.33 154.69 12 15 2
127 99.11 69.63 0.83 100.77 2 5 1
128 33.08 46.19 32.94 95.73 18 38 1
129 91.20 57.87 27.42 276.15 12 21 5
130 28.34 31.92 45.05 53.58 12 25 3
131 36.99 76.44 1.23 339.28 4 40 4
132 28.24 98.68 46.78 192.06 19 26 5
133 32.02 33.91 41.58 347.70 6 40 3
134 15.41 62.62 8.05 426.64 5 8 2
135 60.24 75.59 6.11 313.85 5 42 1
136 34.21 67.36 14.88 97.71 6 25 5
137 74.75 59.03 18.09 253.83 22 23 1
138 64.80 6.51 2.71 377.27 20 37 3
139 26.83 72.59 30.58 80.48 10 40 5
140 81.53 67.67 31.66 471.02 4 29 4
141 70.04 23.78 36.60 311.98 22 41 4
142 50.62 6.19 7.35 240.17 21 32 3
143 88.07 48.07 39.80 240.20 24 35 4
144 26.59 4.70 10.15 477.30 2 36 1
145 84.11 94.41 40.66 85.85 16 30 3
146 78.17 29.07 23.47 234.19 3 27 2
147 83.27 50.05 42.74 246.52 6 41 5
148 42.99 3.17 13.44 280.19 16 30 4
149 56.60 20.72 21.55 253.37 20 23 4
150 29.83 48.86 43.00 120.44 17 17 5
151 4.31 28.75 7.04 371.43 19 48 3
152 30.03 12.79 4.83 219.09 6 20 2
153 59.98 79.66 14.69 129.42 0 14 3
154 79.69 49.33 25.35 263.32 20 26 2
155 27.18 44.58 35.25 310.72 0 47 1
156 91.83 67.96 46.14 262.98 15 41 3
157 25.14 69.95 22.25 283.93 21 29 4
158 25.08 2.01 42.88 279.94 4 43 5
159 43.50 76.01 44.28 378.96 7 11 5
160 94.48 62.42 41.97 448.10 5 10 3
161 73.99 14.30 21.70 94.48 0 0 2
162 69.35 15.46 40.98 297.61 15 22 4
163 53.07 97.99 45.72 154.67 6 33 1
164 77.74 9.64 34.79 365.55 5 35 3
165 98.75 98.20 20.23 95.56 0 26 2
166 33.88 95.08 28.76 422.38 4 29 1
167 48.63 72.95 5.87 470.29 8 39 1
168 64.04 89.12 45.82 220.18 3 43 1
169 61.16 4.86 24.02 395.11 3 48 1
170 90.89 86.41 4.85 191.41 9 47 1
171 50.51 64.50 44.51 145.47 11 34 1
172 94.50 33.15 19.39 284.59 9 13 2
173 81.29 35.21 31.07 300.72 22 30 5
174 88.35 35.90 16.85 130.64 0 36 5
175 50.60 18.01 42.82 400.13 3 24 1
176 64.48 41.77 34.71 231.55 16 45 1
177 23.47 24.04 7.44 191.78 6 14 5
178 65.14 7.66 24.55 440.89 1 3 1
179 21.40 75.93 26.14 489.29 0 9 5
180 95.92 2.11 9.17 376.55 18 42 4
181 91.14 95.73 35.78 191.32 5 25 3
182 13.47 41.04 2.54 309.48 10 42 3
183 63.03 92.26 44.66 90.25 0 24 4
184 52.47 6.35 49.96 441.37 2 12 5
185 8.43 36.38 47.74 412.38 11 35 4
186 85.95 90.41 12.95 290.90 6 47 4
187 89.77 38.76 38.37 326.95 1 13 3
188 19.61 87.85 44.90 127.57 11 34 4
189 42.97 42.74 40.41 279.05 24 40 2
190 96.15 78.54 35.10 170.16 11 14 1
191 52.78 70.08 46.06 460.68 17 32 1
192 9.21 44.65 5.68 399.46 4 41 3
193 89.38 67.47 12.51 74.78 24 24 2
194 94.69 3.77 16.72 197.71 23 32 2
195 65.72 21.13 36.22 70.15 10 30 4
196 55.68 57.80 11.21 362.23 10 36 2
197 22.56 64.30 9.01 192.08 5 48 4
198 56.55 54.11 3.29 387.61 5 18 1
199 81.03 22.85 13.42 67.36 15 42 2
200 2.75 64.74 22.91 487.40 12 33 5
201 17.34 20.07 8.75 295.52 3 28 4
202 7.08 96.90 33.21 190.68 1 16 4
203 47.98 66.46 25.57 142.60 24 45 5
204 24.58 14.27 40.39 384.24 12 31 1
205 55.61 43.63 32.76 499.15 20 26 5
206 81.71 29.21 45.76 371.04 12 44 4
207 73.03 69.72 38.27 497.25 17 35 2
208 61.15 44.75 30.75 75.48 14 16 5
209 61.70 97.54 30.69 92.61 17 28 2
210 90.16 76.49 12.95 392.84 5 36 2
211 57.94 86.41 2.44 291.40 15 26 5
212 74.25 23.73 27.77 479.22 19 33 4
213 64.16 77.80 15.23 91.95 1 4 3
214 37.51 21.16 36.74 307.23 15 28 4
215 76.44 32.51 27.68 477.23 23 46 3
216 47.66 65.14 41.74 214.32 11 24 4
217 2.14 69.47 30.84 388.44 21 22 5
218 31.91 34.89 34.94 289.84 13 20 1
219 77.06 83.48 11.16 140.37 21 29 5
220 56.84 16.53 18.86 133.77 14 32 5
221 39.44 34.64 48.98 375.24 24 45 3
222 20.94 56.25 29.44 240.39 24 38 4
223 15.17 27.57 10.43 387.93 10 29 2
224 81.23 75.78 25.14 207.31 20 43 4
225 61.32 98.47 9.22 238.14 20 23 5
226 62.78 47.77 39.29 469.52 11 25 5
227 99.42 57.80 1.95 438.98 2 26 3
228 26.65 47.98 17.28 384.45 19 37 3
229 76.40 65.77 4.26 252.26 21 46 2
230 30.52 80.80 12.17 51.31 12 21 1
231 29.22 99.52 30.99 353.55 12 40 4
232 95.79 93.53 12.74 84.33 4 36 4
233 12.31 56.97 45.29 309.37 9 26 2
234 54.13 30.25 40.92 61.94 7 45 4
235 51.18 48.66 44.68 200.53 11 29 2
236 28.81 97.05 11.84 76.55 13 42 5
237 5.37 65.36 32.27 154.96 4 9 3
238 38.00 51.06 9.49 105.92 10 30 5
239 2.79 99.27 15.50 246.54 20 42 2
240 20.86 51.97 39.94 497.81 8 9 1
241 34.24 27.11 44.72 248.15 6 12 2
242 74.28 37.72 12.69 364.33 13 34 1
243 39.36 9.32 31.31 318.91 10 22 2
244 33.01 85.91 20.51 76.35 8 34 5
245 9.91 79.49 34.49 149.18 8 14 1
246 63.84 14.34 36.70 155.48 19 46 3
247 57.71 74.91 45.10 85.73 22 40 5
248 62.81 7.74 27.34 443.86 19 22 2
249 90.62 57.99 33.65 94.84 6 47 5
250 44.12 55.88 20.82 313.66 24 40 4
251 10.06 95.71 46.82 263.39 3 5 1
252 23.67 48.27 46.63 215.53 16 22 4
253 64.95 24.22 4.28 491.11 17 45 5
254 89.97 97.27 48.44 472.24 18 35 3
255 29.47 67.09 39.92 220.96 12 28 3
256 72.79 52.32 27.95 498.94 12 19 5
257 19.60 2.26 21.17 300.01 2 15 2
258 54.55 67.49 18.25 358.86 16 24 2
259 48.92 19.28 0.18 448.62 1 1 3
260 95.30 2.63 6.08 380.75 24 33 4
261 20.58 24.25 17.29 445.04 4 29 1
262 66.64 42.69 34.22 387.95 18 18 4
263 98.52 65.43 26.85 242.47 3 14 2
264 86.51 16.23 35.85 428.66 18 35 4
265 89.31 82.97 16.07 407.36 10 44 2
266 93.25 59.47 19.19 330.43 0 28 4
267 97.86 69.36 0.93 118.38 11 43 4
268 31.18 54.78 7.59 225.27 1 22 3
269 92.77 94.94 8.43 463.85 16 33 1
270 89.86 67.95 26.56 453.51 24 43 3
271 63.52 97.84 7.59 238.73 20 48 3
272 41.00 94.71 38.59 481.44 9 31 2
273 91.50 13.35 21.82 234.90 21 28 2
274 71.53 27.83 37.80 376.21 2 2 2
275 32.68 45.56 28.08 162.23 20 40 3
276 31.59 74.22 30.63 471.64 19 20 3
277 26.83 25.07 15.91 264.02 19 35 4
278 86.35 46.65 48.76 474.60 14 44 1
279 61.13 97.01 5.41 448.16 18 31 5
280 9.32 98.16 38.13 194.61 8 33 4
281 64.71 53.48 21.14 88.08 15 20 2
282 23.70 81.41 10.75 409.66 1 10 1
283 78.20 16.49 27.01 465.09 13 28 5
284 94.83 60.17 9.48 456.52 4 31 4
285 33.18 9.31 19.86 425.45 7 31 4
286 54.95 28.31 33.63 140.94 11 20 4
287 64.16 40.83 32.37 58.14 12 38 4
288 1.88 52.87 49.68 421.10 5 6 4
289 33.21 42.49 28.62 231.90 7 36 3
290 24.00 1.79 13.24 434.24 20 35 3
291 72.60 92.92 45.98 269.87 5 11 1
292 32.59 55.96 16.12 463.14 16 22 5
293 21.27 58.20 36.78 383.73 19 39 5
294 81.47 96.11 33.23 199.62 24 42 5
295 84.70 63.26 34.27 122.50 5 37 4
296 12.15 17.58 41.60 126.32 16 35 5
297 82.40 10.09 43.88 443.90 9 12 5
298 42.95 28.49 15.01 315.19 17 43 3
299 70.25 78.23 46.88 239.27 12 26 4
300 91.25 15.03 22.44 278.70 7 30 1
1 110.54 4629.24 1
2 185.06 3646.56 2
3 124.65 2717.31 3
4 140.65 4120.57 4
5 195.51 2685.92 5
6 160.22 4799.85 4
7 166.59 4188.67 2
8 103.94 2553.45 4
1 1.31 25.55 2
2 1.22 40.19 2
3 1.00 46.74 4
4 1.38 34.65 7
5 1.61 25.19 3
6 1.49 45.79 3
7 1.61 39.87 3
8 1.07 43.46 1
9 1.07 32.50 8
10 1.14 39.23 7
11 1.40 42.93 8
12 1.54 33.28 4
13 1.04 28.88 3
14 1.49 33.00 1
