Data for Vehicle routing problem with drones - Author: Huyen Do Thi Ngoc
Number of depots: 5
Number of cities: 300
Number of trucks: 7
Number of drones: 15
Area: 100 100 50
Customer maximum demand: 500
Max capacity of truck: 200
Max energy of truck: 5000
Max capacity of drone: 2
Max energy of drone: 50
1 56.90 64.24 17.69
2 14.91 48.46 49.54
3 73.27 35.77 18.86
4 13.47 11.98 11.32
5 84.96 83.74 15.15
1 12.51 90.41 15.94 321.87 9 38 2
2 6.67 10.29 20.11 282.90 11 21 3
3 45.16 79.29 32.08 406.91 16 32 4
4 70.13 75.38 9.74 200.93 8 36 3
5 21.00 57.49 5.78 462.65 9 35 5
6 69.03 38.95 38.80 144.82 10 17 3
7 16.90 0.86 49.49 469.36 10 32 4
8 42.35 56.06 42.25 212.77 22 32 3
9 58.44 87.53 17.38 381.75 4 20 3
10 88.69 21.01 3.90 117.42 10 11 3
11 81.31 67.71 14.97 311.54 5 13 4
12 50.51 41.90 27.95 461.99 20 43 5
13 17.81 22.52 25.91 320.37 8 19 4
14 14.57 98.09 14.30 104.23 22 26 5
15 99.11 68.86 0.53 415.61 16 28 2
16 14.92 23.17 47.38 336.36 11 11 2
17 32.44 72.44 1.14 297.04 22 43 5
18 14.19 28.22 16.09 111.58 22 38 5
19 30.36 57.74 4.86 224.86 23 34 5
20 14.86 78.38 43.66 342.20 0 10 5
21 93.57 27.43 6.75 368.31 21 45 1
22 48.04 15.39 4.38 132.90 24 29 5
23 85.12 11.83 47.78 134.20 4 37 5
24 79.03 4.75 8.45 275.35 1 26 2
25 41.48 45.42 12.08 474.19 22 32 5
26 35.14 50.22 15.04 88.40 7 40 3
27 5.66 18.87 26.50 286.61 7 20 2
28 20.78 10.82 3.37 432.22 6 31 5
29 38.67 52.38 32.24 77.12 23 39 4
30 15.78 60.56 28.93 354.68 19 40 5
31 97.34 60.66 48.20 239.98 2 36 4
32 18.71 43.47 48.93 436.33 13 14 1
33 38.66 81.87 33.36 151.85 16 16 5
34 82.66 78.18 18.83 176.97 12 36 5
35 58.54 40.45 18.88 365.11 13 43 5
36 81.09 62.12 48.66 286.19 14 48 4
37 18.10 13.27 43.61 174.84 23 45 4
38 68.29 93.08 6.97 484.14 0 25 3
39 1.88 22.70 8.93 408.04 16 34 5
40 51.45 1.65 11.57 299.04 23 45 3
41 13.12 8.72 9.92 381.79 3 44 5
42 40.48 23.03 40.33 80.37 20 41 3
43 61.82 60.40 49.36 82.64 10 13 2
44 60.84 55.00 35.44 194.13 18 41 4
45 28.49 45.30 22.22 122.73 14 31 3
46 41.03 89.15 22.25 205.18 15 27 4
47 99.03 67.74 47.66 312.70 23 35 1
48 74.97 26.64 11.14 225.80 6 11 3
49 9.21 34.48 18.68 369.10 13 18 1
50 0.85 13.61 46.27 285.25 22 39 4
51 16.49 67.47 36.86 273.86 2 24 2
52 43.88 91.84 33.50 307.96 11 34 5
53 80.63 40.01 13.34 204.83 12 22 4
54 26.35 52.59 3.62 126.37 7 21 2
55 56.01 66.83 47.11 477.06 21 30 2
56 2.09 27.75 16.12 181.97 14 38 2
57 9.79 99.89 9.94 79.12 1 4 4
58 90.77 81.63 13.93 299.25 7 46 5
59 67.72 83.95 12.01 360.19 19 46 4
60 9.83 97.77 0.55 56.60 17 36 3
61 27.62 80.95 30.30 158.84 15 15 2
62 11.12 61.57 35.33 241.31 22 25 4
63 99.48 16.59 14.61 231.86 11 46 3
64 75.26 27.70 48.48 369.31 17 26 2
65 19.23 44.67 34.22 220.33 11 24 2
66 48.34 78.87 18.57 281.16 17 23 1
67 34.71 29.81 8.03 58.46 11 32 4
68 84.09 74.18 24.40 76.89 22 40 2
69 1.92 18.11 3.51 261.62 3 34 4
70 87.95 85.74 39.47 202.38 17 17 1
71 98.64 57.17 10.74 232.67 1 23 4
72 75.50 52.85 14.71 152.01 21 22 4
73 33.64 24.63 1.65 415.19 19 22 3
74 8.20 17.24 2.63 374.17 5 29 2
75 98.84 65.10 6.16 220.23 0 42 4
76 18.24 43.21 36.74 124.50 1 47 5
77 17.94 83.66 14.09 266.65 0 11 3
78 66.98 41.72 21.48 335.19 9 43 1
79 48.95 0.74 48.38 70.69 4 10 5
80 2.99 10.17 48.50 111.26 5 14 1
81 23.22 29.64 33.31 393.50 21 33 3
82 92.68 49.53 36.88 273.57 1 46 2
83 28.42 95.08 2.98 437.48 3 29 5
84 70.40 66.28 17.19 337.82 22 44 1
85 12.52 37.46 2.02 177.33 22 44 3
86 73.10 87.91 33.96 426.57 9 10 2
87 29.86 98.22 21.76 211.75 16 23 4
88 20.06 39.65 36.78 495.29 4 25 3
89 45.67 57.83 34.46 419.29 11 12 5
90 58.72 4.60 3.12 116.14 13 14 5
91 39.14 48.10 37.13 260.79 3 11 5
92 22.00 28.57 7.59 85.48 7 41 4
93 52.27 15.27 47.64 388.17 22 42 5
94 84.60 62.32 42.34 278.57 22 24 1
95 48.19 96.54 34.20 320.64 2 33 3
96 76.36 73.18 47.02 331.73 1 10 5
97 56.64 8.20 41.76 338.63 12 12 4
98 72.28 86.88 28.03 298.12 4 11 2
99 30.43 99.31 20.97 498.91 20 44 3
100 52.11 80.48 3.46 226.45 17 34 4
101 19.25 13.83 12.93 487.88 15 31 1
102 50.46 7.84 46.88 443.91 7 37 1
103 94.02 10.45 46.40 196.32 7 21 1
104 31.80 26.22 39.03 177.00 1 26 1
105 23.70 29.68 11.95 292.03 9 42 1
106 51.57 87.75 48.25 191.42 18 48 4
107 37.37 26.13 21.17 390.19 3 3 3
108 20.28 46.10 2.58 96.84 20 34 1
109 98.81 55.43 42.40 232.59 23 30 2
110 8.01 71.61 42.87 302.77 9 43 3
111 50.29 48.69 27.05 421.14 9 29 1
112 0.53 96.69 40.54 349.35 24 25 3
113 11.15 12.79 11.46 73.97 2 11 2
114 61.62 73.65 20.42 144.58 3 6 4
115 55.49 54.79 5.21 471.38 18 46 1
116 98.23 54.33 40.87 367.97 13 48 4
117 92.24 23.68 42.99 314.83 10 48 4
118 34.11 28.35 21.36 284.90 2 26 1
119 1.68 20.18 12.43 285.39 5 36 5
120 77.60 38.39 9.13 293.11 14 24 5
121 56.50 28.57 36.98 452.91 10 27 5
122 41.21 29.37 19.16 300.98 2 27 1
123 4.27 75.77 43.56 227.04 18 37 5
124 69.69 78.86 8.64 60.97 14 47 4
125 81.15 44.95 15.33 75.62 2 41 2
126 33.45 81.94 10.84 365.32 3 5 2
127 34.50 89.26 49.91 258.98 0 14 2
128 16.02 43.53 7.49 321.20 2 23 5
129 82.59 86.97 19.65 387.54 18 25 4
130 88.69 54.33 34.80 157.68 15 25 4
131 82.26 30.48 23.57 357.72 0 27 3
132 25.01 46.08 43.41 149.02 0 5 5
133 34.19 56.07 5.44 412.31 6 6 2
134 8.58 69.09 49.65 272.80 3 15 1
135 78.34 76.32 45.45 68.41 22 41 4
136 19.10 74.49 37.94 104.00 19 34 1
137 85.05 36.14 1.20 169.70 17 27 4
138 86.14 5.52 5.18 104.46 12 43 2
139 43.91 63.33 14.75 59.57 15 27 3
140 55.56 42.48 23.31 290.00 9 28 1
141 27.93 73.03 22.78 288.69 20 20 4
142 12.62 36.64 14.74 300.77 4 44 4
143 55.58 18.50 46.38 282.32 7 19 3
144 99.03 72.04 41.26 407.79 22 29 3
145 34.11 81.92 12.45 67.98 15 32 4
146 31.74 14.34 24.73 185.15 21 44 4
147 91.57 46.45 47.55 311.38 1 31 4
148 7.55 33.30 39.94 126.37 14 15 5
149 38.60 68.85 2.83 322.83 1 17 5
150 31.16 49.60 45.24 85.13 3 38 2
151 50.35 2.35 22.34 73.12 12 41 1
152 76.69 37.53 2.52 176.56 7 21 1
153 98.92 3.42 32.82 166.69 4 45 5
154 19.79 11.58 15.54 339.21 18 22 2
155 93.03 7.67 3.11 378.59 5 39 3
156 85.40 41.87 37.13 474.31 0 36 4
157 11.61 58.50 30.00 272.31 8 8 3
158 73.98 44.65 20.42 284.10 2 30 2
159 46.13 81.64 45.99 493.17 10 26 4
160 80.24 75.70 44.04 414.35 11 13 1
161 63.81 83.87 36.77 127.41 15 22 2
162 87.48 93.94 0.71 458.51 16 46 2
163 69.46 7.00 48.04 62.71 12 23 1
164 53.13 66.18 8.76 335.56 6 37 4
165 55.53 18.65 31.24 475.10 13 18 3
166 46.10 30.24 7.00 96.43 15 45 2
167 58.19 62.35 2.75 421.20 19 29 2
168 54.86 40.69 39.15 244.86 15 24 5
169 0.19 59.11 7.07 483.09 6 22 5
170 59.03 27.40 33.37 335.21 1 6 3
171 55.87 69.36 40.06 497.62 22 39 1
172 51.32 68.34 31.41 92.59 11 40 1
173 76.82 57.88 10.74 401.79 15 23 3
174 3.53 2.13 43.66 224.66 23 37 1
175 39.00 52.44 42.77 168.50 9 45 4
176 93.78 19.34 34.95 83.27 24 37 4
177 32.49 18.73 43.72 347.33 14 37 2
178 97.47 57.52 36.63 264.64 11 34 5
179 77.03 94.08 49.54 226.08 24 32 4
180 95.80 75.27 2.32 245.72 16 28 2
181 0.94 68.86 40.58 442.57 5 29 3
182 94.58 53.58 15.02 110.00 24 43 4
183 88.59 19.99 35.61 348.39 12 18 2
184 62.71 42.80 37.22 396.50 7 31 3
185 39.45 62.44 23.43 213.67 17 29 3
186 78.18 94.10 33.57 458.47 9 39 4
187 2.20 75.84 47.39 88.25 8 10 3
188 54.77 16.70 28.01 130.36 11 23 4
189 66.15 10.53 8.85 111.62 18 27 5
190 28.16 98.68 28.89 478.01 6 22 5
191 8.56 42.57 28.80 80.08 16 33 2
192 23.95 21.57 17.83 403.23 2 47 2
193 27.89 5.77 47.83 89.93 7 28 4
194 71.77 7.60 20.67 175.70 17 29 4
195 6.03 75.96 14.77 106.10 4 43 4
196 92.67 34.01 35.21 132.68 23 28 2
197 24.80 33.22 33.18 352.83 24 24 5
198 79.66 9.53 22.24 309.63 7 32 3
199 64.65 82.18 12.31 328.42 11 19 3
200 81.35 88.99 43.39 107.01 19 24 5
201 28.97 76.61 6.11 209.27 5 23 4
202 40.65 31.21 3.24 196.59 17 23 2
203 72.04 2.04 27.79 361.01 9 32 4
204 73.52 74.86 30.26 498.78 10 31 5
205 17.57 8.94 16.84 102.18 23 43 4
206 2.44 35.04 23.57 327.90 19 48 5
207 76.75 52.13 32.03 284.69 9 18 5
208 76.63 74.02 31.56 359.80 5 15 5
209 83.15 1.20 46.43 450.54 24 27 1
210 10.84 24.05 35.90 79.30 15 23 4
211 10.03 9.47 27.90 405.80 4 48 2
212 92.27 98.56 22.55 465.92 23 47 3
213 67.45 55.68 7.02 370.90 18 24 1
214 39.74 68.27 24.79 463.05 3 32 5
215 92.86 15.49 20.95 62.23 19 40 1
216 96.51 32.88 14.70 151.14 0 35 4
217 97.45 13.87 47.55 119.28 13 47 3
218 10.41 59.40 28.16 375.63 10 43 2
219 55.25 43.51 24.63 173.36 7 12 3
220 82.31 91.45 13.06 250.04 1 40 5
221 89.63 61.99 12.23 414.37 23 37 2
222 40.50 22.10 15.36 280.27 3 36 2
223 6.93 79.73 4.63 390.80 7 31 2
224 75.69 93.92 27.95 102.32 4 30 3
225 66.28 82.44 36.39 471.64 18 21 1
226 51.18 33.22 40.68 205.47 3 13 2
227 53.52 60.96 24.30 118.82 21 34 4
228 22.31 78.88 32.71 458.72 1 29 2
229 69.83 0.12 38.48 65.62 8 40 2
230 68.82 3.83 15.89 489.33 12 42 1
231 98.46 3.70 19.74 213.74 11 15 5
232 46.14 7.35 9.02 188.27 17 21 3
233 68.45 68.33 14.54 170.01 1 48 1
234 80.67 50.40 41.79 66.44 10 32 5
235 47.70 54.45 5.70 462.35 15 41 2
236 48.16 99.71 43.27 216.86 6 17 5
237 81.45 71.88 22.60 251.39 21 26 4
238 12.11 8.90 11.08 254.80 16 38 1
239 94.13 52.10 6.61 244.91 11 15 4
240 6.43 47.42 8.05 314.77 20 37 1
241 94.06 62.28 33.40 436.86 15 23 2
242 79.99 49.89 36.12 108.94 17 41 2
243 56.93 53.48 15.41 113.05 20 27 1
244 61.82 65.50 48.47 273.51 16 39 1
245 97.38 82.24 11.73 463.85 12 46 2
246 0.15 65.44 8.83 389.30 14 22 2
247 20.41 38.63 7.09 68.26 1 26 3
248 18.91 10.93 22.60 206.97 17 31 3
249 77.34 4.95 36.49 361.70 9 9 4
250 93.62 1.92 6.41 76.72 1 10 1
251 72.63 1.70 27.18 349.75 18 24 1
252 2.99 45.94 16.98 313.60 23 24 1
253 10.34 80.90 1.64 141.85 2 22 3
254 42.56 53.38 43.34 132.89 13 33 4
255 96.91 9.45 0.93 118.27 12 25 3
256 32.21 65.55 26.34 210.55 8 32 3
257 97.38 29.30 45.83 206.96 21 31 3
258 98.14 40.21 14.82 474.66 18 20 3
259 59.76 21.11 35.16 110.08 16 24 3
260 65.24 50.23 29.19 145.93 20 28 3
261 73.44 52.57 17.39 472.84 4 5 4
262 11.68 42.19 28.96 248.39 2 12 3
263 12.80 18.00 42.20 237.88 19 20 4
264 99.19 7.42 18.13 150.58 0 45 4
265 16.90 39.18 32.77 295.55 16 24 4
266 10.74 15.60 32.20 282.16 15 24 4
267 65.42 40.29 9.59 194.15 24 28 3
268 99.88 60.40 24.12 220.67 9 40 1
269 62.47 7.80 4.87 64.21 12 37 1
270 77.66 10.77 37.28 353.52 13 33 2
271 22.06 81.83 47.23 103.51 6 22 2
272 45.11 75.51 18.52 297.22 2 23 4
273 50.58 97.79 6.71 161.47 23 42 4
274 82.22 80.27 26.15 51.20 0 24 4
275 14.01 70.22 23.25 423.05 1 29 1
276 17.04 31.37 28.39 418.54 14 19 1
277 59.49 49.74 35.53 309.60 8 17 3
278 96.06 91.97 6.75 238.36 16 45 4
279 79.20 69.09 26.02 306.27 1 45 3
280 95.95 91.03 41.97 411.93 7 43 2
281 79.97 89.07 0.11 180.68 13 47 3
282 55.84 5.57 31.47 425.24 14 35 4
283 78.34 68.35 27.46 372.67 12 14 1
284 80.58 19.11 8.55 61.09 16 28 1
285 33.90 16.78 26.52 408.64 4 23 2
286 10.25 66.62 46.00 114.62 18 27 1
287 42.36 43.22 39.83 238.31 14 28 4
288 89.78 17.98 14.69 371.12 18 33 1
289 16.20 87.23 19.75 336.44 13 43 4
290 58.67 36.83 5.38 134.01 0 26 5
291 49.29 13.43 18.68 261.88 15 33 4
292 75.12 47.85 21.05 492.13 5 37 2
293 93.27 77.87 12.65 116.09 11 48 4
294 64.95 88.02 3.94 312.02 8 47 4
295 42.28 1.36 15.91 161.68 10 10 1
296 18.65 72.71 6.43 283.12 4 34 5
297 29.28 21.36 41.64 225.95 5 40 3
298 71.23 88.67 36.89 130.36 19 37 4
299 70.81 43.55 32.94 418.33 12 48 3
300 9.83 7.88 31.23 151.27 15 37 3
1 135.00 3528.11 1
2 164.73 4759.86 2
3 183.29 3581.87 3
4 147.73 3711.16 4
5 171.21 4761.45 5
6 179.92 4419.21 3
7 139.69 3068.93 5
1 1.72 37.63 4
2 1.87 31.13 1
3 1.16 43.21 4
4 1.15 32.17 4
5 1.21 28.76 6
6 1.70 44.82 5
7 1.71 46.54 3
8 1.69 26.70 1
9 1.77 34.45 3
10 1.15 41.99 7
11 1.97 25.71 1
12 1.74 34.65 1
13 1.97 33.67 5
14 1.44 37.89 1
15 1.51 49.73 5
