Data for Vehicle routing problem with drones - Author: Huyen Do Thi Ngoc
Number of depots: 4
Number of cities: 200
Number of trucks: 4
Number of drones: 13
Area: 100 100 50
Customer maximum demand: 500
Max capacity of truck: 200
Max energy of truck: 5000
Max capacity of drone: 2
Max energy of drone: 50
1 72.68 19.69 45.26
2 50.07 24.22 15.55
3 2.74 66.35 39.54
4 8.01 34.33 15.80
1 66.59 44.01 14.83 134.55 17 30 3
2 20.26 44.85 7.80 284.64 22 33 2
3 77.04 40.38 40.61 238.52 5 33 1
4 78.36 13.21 41.02 164.92 5 5 1
5 73.23 48.91 45.59 448.04 4 11 4
6 29.25 98.00 6.17 335.61 4 16 1
7 34.22 90.28 20.40 461.38 20 40 4
8 83.55 6.10 22.60 153.26 1 27 1
9 18.41 68.22 24.57 305.71 9 20 4
10 81.34 41.44 2.04 177.24 15 37 3
11 64.32 62.46 1.40 264.52 20 43 1
12 9.15 87.94 8.21 184.96 4 28 3
13 54.54 90.57 49.73 374.91 8 38 2
14 20.18 67.71 29.87 96.04 18 45 1
15 44.21 90.03 38.29 152.88 8 11 3
16 16.29 19.28 39.58 260.09 14 37 2
17 69.49 1.94 18.63 456.74 10 21 1
18 52.31 53.62 46.88 440.31 7 28 3
19 97.46 4.25 41.90 64.43 24 43 3
20 23.29 46.88 30.50 205.03 16 19 3
21 64.91 57.85 7.79 222.62 4 48 3
22 73.12 2.81 47.77 271.37 9 38 2
23 31.00 6.05 22.68 183.78 20 48 3
24 46.81 7.24 3.72 429.62 1 39 1
25 71.59 91.60 6.85 289.83 17 47 3
26 96.14 68.71 23.72 238.38 8 24 4
27 34.73 91.66 14.11 206.48 24 38 1
28 88.41 81.45 13.14 284.33 11 18 2
29 66.59 33.89 37.98 243.47 20 27 4
30 57.84 78.96 16.08 156.49 16 44 4
31 89.55 55.86 33.29 415.04 1 36 1
32 43.40 78.23 21.23 68.04 22 29 4
33 45.28 99.71 35.00 97.32 5 13 3
34 43.76 83.54 34.37 271.06 13 19 4
35 67.77 52.69 17.33 311.82 1 19 3
36 20.40 26.99 25.13 181.76 12 45 1
37 54.19 46.51 3.56 285.85 20 21 4
38 27.09 25.35 29.89 156.08 18 22 1
39 22.48 61.18 23.78 287.36 21 48 1
40 43.66 75.97 27.45 178.21 19 21 1
41 38.62 10.96 39.39 331.01 7 8 1
42 31.90 70.55 42.42 437.34 1 38 3
43 40.75 82.12 46.85 270.50 7 45 4
44 83.23 23.11 21.84 255.79 16 36 2
45 68.52 96.94 18.23 461.97 7 9 2
46 45.62 96.74 42.70 202.43 15 43 2
47 62.45 15.60 10.17 366.43 24 39 1
48 68.04 83.29 19.31 370.27 17 21 4
49 45.10 54.37 35.36 493.56 2 2 1
50 0.49 60.00 33.39 434.98 6 9 3
51 96.19 96.02 25.33 469.70 5 5 1
52 34.22 49.61 45.32 280.32 16 23 4
53 47.00 65.68 23.24 81.46 8 43 4
54 77.65 7.38 45.49 280.48 14 17 2
55 54.35 17.47 33.52 300.15 24 41 4
56 40.90 56.15 31.93 312.90 14 44 3
57 59.41 84.89 7.04 112.87 2 42 3
58 65.42 38.55 43.84 429.55 4 8 3
59 93.18 51.58 2.70 207.31 4 13 3
60 28.82 47.28 21.82 164.36 2 28 1
61 92.08 65.68 23.26 351.25 11 36 2
62 75.12 24.51 21.63 491.36 13 40 2
63 37.73 38.47 47.52 483.23 5 35 2
64 26.28 22.50 24.93 164.68 23 47 4
65 90.17 53.77 15.53 321.86 18 36 4
66 25.01 58.98 18.38 179.02 15 31 3
67 20.09 92.48 34.82 261.53 1 38 4
68 68.72 69.95 24.45 165.80 11 14 4
69 96.88 77.27 43.72 454.24 6 13 1
70 23.67 81.11 10.33 309.82 21 29 2
71 32.86 95.85 34.16 263.21 2 28 4
72 15.27 59.67 16.64 78.53 21 27 3
73 74.14 6.33 5.12 252.38 19 35 2
74 17.27 11.01 38.58 94.82 2 40 4
75 18.02 57.59 14.48 349.49 13 25 2
76 71.69 52.45 24.02 275.01 0 4 1
77 83.53 1.97 42.62 210.44 19 45 3
78 76.89 1.50 24.82 135.66 11 29 1
79 11.59 5.04 36.70 326.59 21 33 4
80 63.59 19.35 10.98 75.69 13 41 4
81 0.05 9.02 48.27 128.32 11 42 1
82 37.83 64.89 1.41 136.87 0 14 1
83 86.78 55.63 18.94 315.91 23 36 3
84 86.94 9.59 13.28 297.17 24 27 3
85 69.79 2.26 14.83 292.83 8 18 2
86 78.26 70.63 14.99 230.68 17 47 3
87 1.35 62.51 30.42 222.58 12 23 3
88 55.14 0.37 14.94 358.54 13 37 2
89 89.06 98.06 32.50 257.95 21 42 2
90 20.00 94.89 41.41 54.78 5 8 1
91 55.88 7.00 9.16 323.43 22 45 2
92 46.18 56.13 23.54 402.62 0 3 3
93 29.24 5.61 34.05 136.85 21 47 2
94 47.02 74.55 10.00 402.36 6 28 1
95 45.30 29.54 23.75 418.92 24 29 1
96 68.26 19.30 22.36 418.86 12 20 3
97 83.69 94.27 24.44 421.43 6 9 2
98 71.41 14.15 2.97 451.84 19 23 1
99 95.50 21.08 31.08 154.73 23 37 2
100 84.56 79.98 32.17 164.77 0 17 4
101 49.88 56.88 20.58 71.10 24 46 3
102 43.36 66.81 38.65 126.55 7 12 1
103 79.48 36.86 35.31 438.39 22 25 1
104 13.30 28.67 49.53 422.58 3 33 4
105 85.34 87.06 11.97 57.80 7 36 3
106 51.40 57.62 45.41 194.02 9 27 3
107 40.40 12.36 43.41 161.54 12 28 3
108 60.52 47.12 37.71 381.42 4 34 4
109 0.62 5.92 48.90 205.02 6 10 1
110 34.18 15.97 0.11 54.38 14 34 2
111 30.38 45.31 25.15 268.11 17 23 4
112 8.08 4.55 22.96 251.88 23 37 3
113 13.56 76.40 23.86 260.83 5 27 4
114 58.28 71.34 14.64 199.81 6 13 1
115 97.44 86.56 42.70 326.89 24 24 4
116 16.52 34.41 36.04 340.93 22 27 2
117 63.20 45.17 22.02 115.80 17 35 3
118 34.78 69.11 6.97 234.71 24 34 1
119 71.35 93.79 3.65 434.83 22 43 1
120 47.45 23.84 26.58 321.01 20 42 4
121 23.80 73.99 36.83 435.10 3 15 4
122 78.12 90.48 15.82 136.12 22 33 2
123 85.03 75.32 34.84 140.06 9 24 2
124 32.24 55.15 5.97 269.21 2 12 1
125 53.89 54.36 23.72 113.22 18 39 3
126 87.49 27.71 6.79 472.70 7 45 1
127 74.16 70.24 35.64 350.17 20 36 2
128 91.09 66.65 22.19 417.52 7 11 3
129 18.40 74.69 22.57 306.53 21 32 2
130 37.33 70.40 13.36 350.94 19 29 1
131 94.22 14.17 16.30 404.96 16 21 2
132 46.93 79.39 14.23 230.13 23 29 2
133 92.96 63.40 1.98 334.61 6 48 4
134 26.40 28.84 32.14 60.16 0 33 1
135 24.07 52.77 12.11 280.80 2 34 3
136 82.40 69.26 14.99 50.54 8 24 2
137 63.70 3.22 40.94 171.28 19 35 2
138 54.20 8.09 12.66 312.61 5 18 3
139 96.49 73.08 35.72 452.81 20 29 2
140 7.05 2.91 10.98 361.06 10 35 4
141 16.94 38.21 26.04 253.68 13 29 2
142 27.30 44.29 25.47 417.99 2 17 3
143 94.39 26.27 20.41 281.85 16 43 2
144 4.55 53.68 10.56 377.20 6 33 1
145 31.89 16.90 16.06 267.72 8 34 2
146 52.87 1.71 15.33 163.88 14 18 1
147 17.74 66.17 1.27 217.49 2 32 4
148 10.92 66.66 37.41 274.38 21 42 3
149 14.67 45.08 45.54 118.02 2 21 1
150 6.87 57.29 27.49 383.08 0 28 4
151 10.49 28.34 44.27 331.35 10 12 1
152 87.62 65.84 32.52 486.85 22 46 3
153 3.14 57.28 9.15 468.84 9 29 4
154 0.07 54.42 32.94 340.65 7 23 2
155 85.56 77.93 12.76 493.05 6 9 2
156 5.04 52.16 16.99 116.35 19 42 3
157 14.29 51.18 46.54 430.26 4 35 1
158 37.77 43.78 10.88 316.10 11 11 3
159 82.94 36.55 42.77 392.12 22 33 2
160 40.13 20.00 35.95 135.80 24 34 3
161 86.87 17.95 25.10 419.08 12 42 3
162 74.68 49.86 1.57 463.22 5 31 2
163 26.59 37.51 43.78 110.74 3 17 2
164 87.09 45.25 34.44 161.82 6 15 4
165 72.28 41.64 27.72 287.44 19 31 1
166 15.69 42.33 37.09 317.21 1 13 4
167 94.29 29.93 44.14 481.36 20 27 4
168 99.30 85.57 2.55 388.67 20 33 1
169 72.71 46.17 13.85 484.13 17 19 4
170 27.43 44.04 22.99 164.31 12 19 3
171 11.37 8.56 41.28 150.99 20 43 2
172 67.45 48.85 31.42 84.08 17 36 1
173 84.89 53.76 41.86 326.81 10 24 2
174 63.31 73.76 30.93 272.11 0 37 3
175 47.29 42.07 3.33 427.71 15 32 2
176 33.77 43.05 18.08 456.90 21 22 1
177 13.92 22.07 27.48 123.13 2 18 1
178 1.84 38.38 17.57 301.21 1 27 4
179 29.45 4.98 45.24 235.45 2 29 2
180 23.24 22.40 33.15 273.96 15 15 1
181 85.26 25.21 15.34 393.06 1 5 2
182 87.99 39.41 37.97 479.79 21 40 4
183 61.14 60.88 49.82 272.23 6 15 4
184 55.99 16.61 12.73 135.23 12 27 2
185 27.73 41.05 39.28 323.54 14 27 3
186 88.61 55.38 4.65 208.55 6 47 3
187 18.83 84.91 4.54 267.06 22 32 3
188 63.01 73.13 35.70 282.01 14 17 3
189 39.45 32.84 44.24 266.35 16 16 1
190 44.40 26.45 23.69 235.17 2 13 1
191 20.59 60.90 33.02 229.21 23 25 3
192 67.75 71.50 47.30 282.82 16 16 2
193 92.55 54.00 9.20 417.67 5 20 3
194 80.21 24.16 48.23 138.41 24 37 1
195 76.04 45.04 42.69 483.67 22 48 1
196 91.77 62.15 15.36 178.33 6 40 3
197 93.38 32.37 32.10 75.51 20 29 3
198 95.71 46.74 49.30 283.37 18 45 2
199 41.61 26.23 45.19 171.56 12 39 3
200 68.66 9.00 36.12 153.53 23 23 3
1 181.13 4345.75 1
2 169.80 4249.64 2
3 116.52 4997.68 3
4 142.89 3764.60 4
1 1.57 31.16 4
2 1.19 25.67 2
3 1.89 35.32 4
4 1.83 46.77 2
5 1.39 38.57 4
6 1.90 33.21 1
7 1.62 45.50 2
8 1.66 47.35 4
9 1.15 30.26 4
10 1.90 34.24 4
11 1.38 48.20 4
12 1.29 39.14 3
13 1.90 43.85 2
