Data for Vehicle routing problem with drones - Author: Huyen Do Thi Ngoc
Number of depots: 5
Number of cities: 100
Number of trucks: 8
Number of drones: 16
Area: 100 100 50
Customer maximum demand: 500
Max capacity of truck: 200
Max energy of truck: 5000
Max capacity of drone: 2
Max energy of drone: 50
1 84.08 10.12 5.09
2 3.99 65.41 16.58
3 48.96 22.64 0.37
4 35.54 49.75 13.25
5 5.40 54.22 26.01
1 52.88 99.39 6.24 465.72 3 27 4
2 5.17 64.16 39.02 255.73 1 18 1
3 14.28 13.98 7.21 366.66 23 42 3
4 11.72 68.48 29.10 126.55 3 44 1
5 15.55 16.78 8.85 111.98 15 30 4
6 48.58 31.51 32.07 195.18 14 36 1
7 51.13 13.44 27.29 370.28 8 30 1
8 41.97 63.64 5.68 222.85 18 27 4
9 48.56 64.45 35.47 465.11 17 39 3
10 5.64 88.26 3.87 131.37 17 28 1
11 33.56 8.89 29.87 90.40 9 14 4
12 33.16 29.40 26.25 438.18 19 48 2
13 43.59 3.53 2.29 199.81 13 36 3
14 38.00 31.22 30.32 474.68 19 28 2
15 67.59 29.76 47.54 466.87 20 40 1
16 45.14 90.03 19.76 433.15 6 24 3
17 54.00 21.37 44.66 64.75 10 36 5
18 71.98 12.75 32.89 230.92 24 34 5
19 58.49 44.94 49.80 437.27 20 39 3
20 36.14 79.62 36.05 345.13 8 20 4
21 17.01 4.27 1.41 299.06 21 42 2
22 32.66 54.29 11.34 315.09 23 26 4
23 53.05 48.67 27.99 402.63 0 44 3
24 16.31 46.19 8.76 329.59 14 20 4
25 29.04 73.01 32.91 121.05 13 34 1
26 45.46 61.55 37.42 397.03 1 24 1
27 8.18 40.90 44.62 446.38 7 11 5
28 12.92 51.04 17.73 406.81 17 27 1
29 34.30 33.38 41.56 196.25 6 39 1
30 24.25 73.76 8.58 153.42 24 43 5
31 59.50 31.33 31.26 396.67 21 26 4
32 43.65 87.38 13.88 453.20 3 5 5
33 43.20 2.23 3.96 343.67 2 22 2
34 90.54 22.19 14.80 226.59 13 21 4
35 31.94 72.23 39.25 202.40 7 37 2
36 28.48 94.19 48.35 418.86 0 39 4
37 32.57 51.40 0.49 288.65 20 37 5
38 57.90 72.40 26.50 173.22 24 46 2
39 50.95 75.77 27.73 229.14 16 19 2
40 80.48 22.94 6.02 296.80 7 42 3
41 68.44 75.48 3.25 289.83 16 36 3
42 23.99 26.43 35.75 115.39 1 45 1
43 92.86 24.89 31.55 50.41 7 34 2
44 50.48 56.56 4.37 493.70 14 34 4
45 43.49 96.44 10.38 432.53 23 38 5
46 65.36 88.31 3.45 109.14 20 31 2
47 14.25 75.96 5.43 365.15 24 45 2
48 73.33 27.14 46.47 359.08 18 21 1
49 13.12 61.27 11.67 152.90 14 37 1
50 30.67 35.49 45.31 468.80 14 34 3
51 8.96 30.59 45.27 250.23 23 33 4
52 92.33 39.96 13.67 482.53 17 37 5
53 86.51 79.62 6.86 352.52 20 30 3
54 73.56 81.02 18.84 287.13 0 19 1
55 36.24 77.65 0.23 459.39 4 25 4
56 25.39 94.01 14.72 328.76 12 24 2
57 37.92 13.62 25.71 350.11 18 28 3
58 50.84 98.63 26.78 291.17 3 33 2
59 5.67 46.92 39.16 192.92 22 33 4
60 18.49 57.63 49.86 476.54 20 25 2
61 90.21 83.98 48.61 420.86 3 24 1
62 11.94 70.56 33.62 228.57 7 36 1
63 64.83 67.87 43.13 370.15 14 42 2
64 45.63 59.80 33.62 177.88 23 48 3
65 56.62 93.92 49.29 419.41 24 32 2
66 43.61 46.88 25.63 414.68 18 18 3
67 74.17 57.85 17.94 408.60 24 30 2
68 92.05 46.09 22.89 114.05 11 26 4
69 71.62 2.84 32.52 260.98 13 45 1
70 26.87 72.88 44.56 120.62 9 23 5
71 62.93 58.17 5.55 370.91 19 36 5
72 22.22 28.02 26.83 209.67 10 33 1
73 25.48 30.18 47.40 198.53 10 39 1
74 53.97 83.32 0.84 144.02 1 44 1
75 66.87 87.50 16.73 182.64 7 10 4
76 11.02 39.67 46.02 150.48 7 46 5
77 78.55 45.34 33.32 289.54 9 33 1
78 53.20 43.37 11.33 348.97 10 12 2
79 18.11 61.88 47.48 163.06 8 11 4
80 24.61 21.07 12.80 336.56 3 17 2
81 98.07 67.42 39.80 144.07 15 20 5
82 22.18 63.69 48.30 135.13 7 47 5
83 37.07 41.19 18.25 226.94 5 5 3
84 12.54 87.20 0.24 467.42 10 25 3
85 91.56 52.71 20.27 285.07 6 30 5
86 54.46 79.52 36.95 195.75 22 46 3
87 30.35 30.27 12.54 58.80 3 3 2
88 19.80 64.19 0.72 331.51 7 42 4
89 23.47 1.45 0.70 318.56 18 47 3
90 85.76 56.49 5.38 499.51 15 23 2
91 44.91 12.02 2.03 143.70 16 47 5
92 2.64 43.42 14.82 230.07 0 27 1
93 5.69 19.19 47.38 337.37 15 26 5
94 28.86 20.57 3.39 377.66 19 48 2
95 61.41 96.74 41.28 493.61 13 33 1
96 60.44 57.05 40.77 210.42 0 46 4
97 82.46 80.36 28.73 408.06 24 29 1
98 54.01 51.53 19.16 353.80 21 21 2
99 55.26 63.13 26.69 199.15 6 26 1
100 74.59 17.84 5.49 256.80 1 15 1
1 124.60 3829.04 1
2 116.59 3036.47 2
3 143.05 2506.00 3
4 149.19 2944.93 4
5 194.46 3826.12 5
6 153.41 3167.21 2
7 124.38 3033.40 2
8 154.96 2930.72 4
1 1.21 33.08 2
2 1.80 43.56 3
3 1.82 33.29 5
4 1.69 33.55 2
5 1.78 25.88 6
6 1.41 27.63 4
7 1.27 34.56 3
8 1.37 40.42 7
9 1.77 27.43 7
10 1.58 38.74 1
11 1.56 40.10 1
12 1.76 38.45 2
13 1.85 31.89 3
14 1.71 48.14 8
15 1.98 48.68 3
16 1.81 45.72 7
