Data for Vehicle routing problem with drones - Author: Huyen Do Thi Ngoc
Number of depots: 3
Number of cities: 300
Number of trucks: 5
Number of drones: 9
Area: 100 100 50
Customer maximum demand: 500
Max capacity of truck: 200
Max energy of truck: 5000
Max capacity of drone: 2
Max energy of drone: 50
1 3.67 16.87 8.94
2 76.38 76.97 34.01
3 33.96 78.65 17.64
1 17.61 95.64 2.11 362.50 4 19 2
2 50.29 52.62 47.91 420.67 15 44 1
3 65.97 61.41 18.81 438.02 9 47 2
4 21.62 56.32 28.67 276.71 15 33 1
5 13.22 20.66 49.49 209.47 7 18 2
6 67.20 63.98 34.72 459.97 9 26 2
7 47.76 64.62 27.40 141.38 12 17 1
8 63.92 54.27 0.31 378.33 13 33 3
9 35.34 40.33 16.80 83.57 15 44 3
10 47.18 21.55 27.43 324.45 4 48 3
11 27.65 14.81 15.97 163.52 13 25 1
12 10.52 8.56 10.25 345.94 19 23 1
13 65.18 95.34 16.32 198.89 10 12 3
14 84.18 61.40 20.35 444.16 0 28 3
15 56.30 85.54 39.41 439.32 11 22 1
16 89.87 92.72 40.27 138.45 9 12 3
17 49.61 53.50 24.57 171.80 6 28 1
18 29.92 16.28 16.67 401.97 13 39 2
19 63.12 62.86 13.96 411.83 12 27 3
20 73.97 7.20 13.70 181.86 24 35 3
21 85.24 53.61 36.47 464.37 15 45 3
22 51.14 84.16 40.93 262.32 1 34 2
23 99.92 58.90 45.86 222.47 15 39 2
24 57.72 60.85 2.30 303.84 21 36 1
25 30.16 41.83 16.91 422.32 2 11 2
26 33.32 2.59 12.80 474.95 19 24 3
27 12.66 64.48 0.31 59.38 8 18 3
28 60.79 22.31 37.20 473.90 18 34 1
29 93.04 75.13 45.38 348.09 16 21 2
30 52.14 34.26 30.91 69.81 19 44 1
31 75.64 8.66 46.32 51.38 4 16 3
32 74.02 54.93 48.17 353.83 17 41 3
33 62.93 70.77 7.03 410.66 14 47 2
34 42.73 81.81 16.83 477.92 9 26 1
35 21.48 5.54 22.04 338.19 10 29 1
36 3.10 65.83 2.51 497.10 2 34 3
37 87.46 60.21 24.96 369.71 6 8 3
38 91.61 74.95 33.54 454.92 1 15 3
39 52.95 31.10 14.59 273.02 5 47 2
40 31.91 69.22 24.54 276.98 6 17 2
41 52.42 8.09 22.16 235.19 24 27 2
42 1.10 47.81 28.20 240.71 2 38 3
43 75.59 12.23 15.55 82.99 0 16 1
44 29.20 67.41 25.58 368.44 7 36 1
45 78.00 36.21 45.49 62.58 19 36 2
46 36.31 0.88 30.25 421.89 4 20 3
47 17.93 0.76 40.10 336.14 21 44 3
48 6.53 98.63 43.20 199.66 17 30 3
49 28.70 97.90 13.41 77.11 15 27 2
50 29.40 13.09 8.01 168.04 0 4 3
51 54.71 88.03 14.52 484.36 22 35 3
52 66.67 91.62 45.48 469.71 5 21 2
53 34.81 45.19 21.91 235.85 21 27 2
54 61.97 90.95 8.55 245.43 20 43 1
55 33.19 96.59 7.39 111.07 21 28 2
56 6.10 83.53 46.71 97.08 1 14 3
57 25.88 20.46 23.20 384.13 10 21 2
58 98.03 26.34 29.45 81.62 9 38 2
59 71.06 27.50 3.20 320.14 0 4 3
60 12.27 29.22 9.78 110.32 10 33 2
61 44.44 58.83 17.17 61.08 10 43 1
62 7.80 41.04 22.49 289.84 5 43 3
63 1.74 80.57 5.94 179.94 14 26 2
64 16.77 89.62 7.00 170.00 21 44 1
65 79.90 32.34 15.61 175.89 15 31 3
66 8.70 4.03 10.38 87.10 13 33 2
67 15.83 65.25 41.72 366.38 18 24 1
68 29.51 64.94 19.77 348.29 10 21 1
69 51.83 49.55 18.03 349.77 16 36 1
70 17.58 77.38 27.44 236.86 19 45 1
71 79.26 34.88 31.27 177.34 9 41 1
72 39.40 27.65 4.94 101.25 1 14 3
73 76.25 71.30 19.08 95.78 19 25 1
74 35.78 36.56 33.62 87.57 13 38 1
75 94.85 19.20 9.03 270.49 0 31 3
76 10.30 43.33 44.16 391.92 0 1 3
77 30.35 33.56 13.02 95.67 17 22 3
78 27.28 28.32 11.84 295.82 21 41 3
79 63.51 65.90 15.67 268.46 13 15 3
80 71.52 80.40 7.25 237.37 19 30 1
81 80.30 99.98 44.38 75.54 7 26 3
82 35.46 14.23 30.35 244.27 1 3 2
83 86.55 51.80 45.62 438.89 9 20 2
84 77.90 93.77 13.74 137.72 22 23 1
85 84.85 14.39 17.16 259.28 7 19 3
86 10.03 98.28 17.64 351.47 7 11 3
87 21.39 43.75 5.36 68.26 1 22 1
88 67.05 5.63 3.78 377.14 5 44 3
89 10.77 11.96 18.30 231.26 21 25 3
90 77.52 57.85 25.35 281.45 5 27 3
91 89.15 60.27 43.01 125.18 6 42 2
92 14.97 7.84 32.08 435.98 10 38 2
93 17.13 22.56 47.86 281.69 18 30 2
94 43.74 45.73 16.58 187.02 2 3 2
95 71.47 21.92 17.93 201.61 10 15 2
96 41.14 93.20 23.49 375.06 4 47 2
97 17.90 71.56 30.76 497.96 16 42 2
98 93.65 44.79 33.63 213.93 17 37 3
99 4.11 8.68 33.45 394.51 9 13 1
100 75.21 45.73 10.46 427.74 12 21 3
101 19.51 44.15 9.76 363.73 8 16 3
102 48.11 52.62 47.54 385.91 11 39 1
103 88.25 10.69 7.12 247.28 11 35 2
104 6.84 47.66 5.70 402.28 24 38 1
105 90.41 65.62 35.01 203.75 14 37 3
106 40.45 58.46 43.36 243.96 0 1 1
107 44.34 61.53 22.13 474.85 10 21 3
108 51.28 94.47 21.55 352.08 22 38 3
109 51.63 72.00 34.76 228.99 18 33 1
110 61.64 61.36 9.38 221.53 9 17 3
111 49.09 61.25 27.53 340.54 24 47 1
112 59.86 75.32 42.50 175.52 17 17 3
113 51.70 30.01 2.03 383.69 11 24 3
114 80.81 74.24 1.67 50.96 17 22 3
115 10.95 85.45 28.56 438.46 12 14 2
116 18.44 60.20 44.72 314.56 12 25 1
117 62.44 56.23 44.23 113.53 17 20 3
118 46.03 7.74 25.63 139.41 10 45 2
119 59.15 53.23 49.06 163.10 20 34 3
120 68.65 1.12 17.89 382.15 5 18 3
121 99.00 71.95 32.39 111.95 1 48 3
122 11.26 10.45 42.64 250.46 21 45 3
123 38.39 87.56 16.99 254.23 3 40 2
124 65.25 69.52 17.40 309.65 1 34 1
125 94.83 84.49 2.60 470.90 10 36 2
126 13.13 18.61 18.21 326.28 6 30 2
127 81.86 61.21 10.33 79.79 2 39 1
128 7.28 25.61 2.53 60.53 12 26 3
129 47.08 25.96 35.32 329.11 12 31 1
130 26.53 49.21 2.09 321.99 13 21 1
131 5.05 65.16 33.23 329.66 22 45 1
132 32.54 87.92 44.18 108.19 15 24 3
133 39.97 29.62 46.90 293.51 20 44 2
134 1.51 16.25 24.55 458.98 2 29 2
135 22.11 62.63 44.18 271.15 8 23 1
136 19.82 8.58 29.24 335.98 19 47 3
137 9.12 83.25 32.03 192.69 19 20 2
138 95.02 8.24 33.83 454.49 21 22 2
139 48.99 78.15 45.92 179.98 16 21 1
140 4.82 28.49 41.30 468.52 8 36 1
141 68.79 5.08 41.42 488.62 4 37 1
142 92.34 98.21 32.01 483.03 9 18 1
143 44.85 48.80 23.53 58.59 4 25 1
144 97.24 32.83 6.59 457.50 2 20 3
145 58.47 28.97 2.38 428.54 21 44 2
146 44.71 32.25 38.64 353.45 14 30 2
147 73.35 45.53 26.17 307.24 5 34 3
148 26.18 82.55 15.81 303.00 20 26 3
149 12.46 7.06 14.47 223.31 13 26 2
150 5.30 39.69 8.15 112.32 6 10 2
151 33.86 35.84 25.99 403.79 12 48 3
152 35.78 61.79 43.91 97.00 2 17 3
153 64.72 46.94 4.67 320.54 14 24 1
154 22.53 65.88 23.11 155.14 3 16 2
155 38.65 32.79 26.79 447.60 16 20 3
156 60.48 28.94 13.28 432.78 24 41 2
157 18.81 23.11 33.49 246.91 20 20 1
158 77.74 69.83 48.10 464.44 16 17 3
159 61.01 55.55 11.12 109.09 6 46 1
160 45.46 93.80 43.27 433.39 21 36 3
161 92.16 67.68 11.87 309.56 11 19 3
162 42.74 1.45 7.08 152.12 19 41 1
163 79.80 17.47 34.47 262.47 2 2 1
164 8.09 67.31 46.54 403.75 18 36 1
165 50.46 80.67 44.59 113.83 24 28 2
166 99.28 13.89 43.31 332.98 10 27 2
167 19.41 61.08 49.66 238.63 6 25 2
168 78.22 61.19 16.68 157.67 6 45 2
169 31.78 34.49 43.83 202.26 24 36 3
170 27.78 77.14 1.25 176.47 3 30 2
171 97.49 44.97 35.03 479.93 9 16 2
172 72.14 30.72 33.85 142.82 4 20 3
173 65.23 55.43 16.79 108.70 1 32 1
174 22.32 27.17 25.11 209.89 13 13 2
175 56.93 10.01 44.38 343.06 0 19 3
176 19.02 91.90 49.41 381.88 2 30 2
177 23.53 65.13 40.64 374.31 13 19 3
178 23.01 96.19 12.72 206.80 20 29 3
179 82.98 35.22 49.03 80.25 21 28 1
180 76.90 89.36 5.42 450.17 9 9 3
181 53.51 29.17 14.99 117.28 24 41 2
182 45.65 82.88 47.33 222.56 19 42 1
183 66.77 78.66 48.06 308.24 14 21 2
184 50.11 86.28 33.72 262.31 18 33 2
185 34.52 60.88 6.55 245.65 6 11 2
186 31.29 60.48 24.33 338.88 12 13 1
187 55.57 81.51 47.41 426.07 11 34 1
188 75.03 69.28 35.49 260.00 17 44 2
189 59.73 77.41 38.66 422.32 3 12 3
190 13.71 26.62 2.72 93.43 24 44 2
191 55.78 49.81 30.50 317.34 18 27 2
192 78.47 16.74 43.62 403.78 1 8 1
193 79.49 29.73 25.23 92.33 12 43 2
194 30.39 76.12 14.97 342.85 23 26 2
195 14.17 42.01 13.41 224.63 21 38 3
196 79.11 52.12 7.75 288.99 8 16 3
197 41.12 96.24 5.21 83.58 24 33 2
198 95.33 90.76 36.09 446.35 11 47 1
199 2.25 22.88 21.75 459.11 11 14 3
200 4.25 88.85 27.07 385.43 15 31 3
201 13.31 73.45 4.03 195.98 9 39 1
202 90.41 77.07 13.34 474.69 1 30 3
203 2.28 38.56 29.90 376.70 13 41 3
204 28.01 12.18 27.81 106.70 10 29 2
205 69.70 5.23 43.29 220.02 1 18 2
206 77.21 51.49 23.80 376.03 8 35 3
207 64.35 51.41 2.75 245.80 7 45 1
208 37.47 91.02 19.05 94.84 13 21 1
209 40.78 14.65 3.39 116.45 24 26 3
210 63.08 48.21 41.65 364.82 12 46 3
211 77.55 48.19 26.20 213.77 8 42 1
212 71.06 0.96 8.40 477.08 2 25 2
213 14.65 3.93 23.83 496.09 22 23 1
214 24.68 99.58 49.12 377.17 9 19 1
215 65.63 19.75 1.00 208.42 18 18 3
216 71.84 8.39 44.44 346.70 12 32 3
217 45.67 27.13 3.91 319.98 20 31 1
218 94.07 80.37 19.37 69.14 4 39 3
219 45.02 91.38 20.52 411.79 0 2 3
220 3.36 33.68 34.19 452.37 19 29 2
221 12.28 28.13 23.03 51.16 19 32 3
222 92.50 14.01 43.92 242.43 6 33 3
223 59.28 30.11 27.69 216.09 2 6 1
224 17.18 85.82 23.55 460.57 14 46 2
225 32.69 36.26 32.94 141.35 24 40 1
226 35.78 27.95 8.03 370.13 11 46 2
227 35.80 53.32 6.73 128.68 7 42 2
228 80.89 51.14 34.37 113.02 23 27 2
229 19.64 73.24 27.59 357.58 5 13 3
230 13.32 52.40 43.91 243.98 19 48 3
231 16.59 88.41 4.21 129.99 11 39 1
232 22.43 70.66 27.81 120.93 12 16 2
233 81.30 6.74 15.75 212.26 2 22 2
234 92.40 67.74 21.52 174.91 2 5 1
235 53.03 45.52 5.70 148.13 18 38 1
236 94.57 20.85 25.40 55.22 8 18 1
237 66.61 15.78 17.03 142.12 5 44 1
238 77.89 95.71 35.38 140.31 15 32 3
239 69.54 14.10 43.04 166.09 22 23 1
240 93.63 36.95 13.04 402.69 10 14 3
241 98.98 42.88 35.03 170.81 24 42 1
242 64.57 54.55 24.60 74.75 12 12 2
243 95.12 91.37 43.58 272.51 23 28 1
244 24.17 45.57 30.91 499.75 0 28 2
245 29.77 42.92 12.48 425.14 2 11 1
246 8.02 6.21 42.83 364.18 6 32 3
247 93.12 71.03 38.54 76.23 23 32 1
248 36.00 44.07 0.28 439.47 15 19 2
249 16.46 76.17 39.57 421.79 19 36 1
250 3.30 61.80 49.13 414.65 14 19 3
251 28.85 17.18 13.32 460.57 11 21 2
252 13.53 27.43 15.45 405.60 0 1 3
253 14.74 52.89 4.39 195.19 16 34 1
254 36.37 24.32 13.66 128.76 15 44 1
255 71.29 54.49 6.41 273.01 9 27 1
256 41.85 31.32 15.10 156.33 10 26 1
257 49.32 72.90 44.37 438.13 4 39 3
258 85.02 48.71 38.82 155.17 21 24 2
259 8.00 80.11 43.50 201.18 24 29 1
260 73.20 30.75 44.48 251.18 9 32 2
261 67.80 18.30 9.93 300.15 7 45 1
262 31.46 84.65 10.47 286.32 11 22 3
263 62.27 59.77 46.08 434.03 24 31 2
264 30.25 75.18 2.37 144.85 7 26 3
265 53.63 92.20 45.11 72.06 4 10 3
266 12.72 87.06 8.74 387.97 8 38 3
267 75.27 11.23 7.70 71.86 2 25 1
268 93.33 41.25 22.94 159.66 4 17 3
269 50.72 75.60 38.83 277.80 12 15 3
270 29.70 29.33 4.82 167.43 15 35 2
271 16.60 55.51 19.75 234.12 14 35 2
272 9.59 3.95 35.18 290.91 5 36 2
273 74.25 50.30 26.69 239.10 18 33 2
274 68.55 24.90 15.24 230.57 6 7 1
275 24.15 35.75 30.51 477.60 13 40 3
276 18.47 76.10 17.07 402.32 16 25 2
277 56.31 46.52 45.88 176.12 3 22 2
278 0.18 48.29 12.89 394.85 18 47 3
279 63.29 84.66 26.64 204.39 8 23 2
280 31.04 66.40 4.64 167.19 22 35 2
281 19.78 60.51 19.29 82.40 4 46 2
282 79.24 91.14 45.43 295.76 18 18 3
283 32.81 18.71 9.70 311.51 20 35 1
284 32.84 97.61 30.47 127.11 7 32 3
285 86.17 70.87 8.76 303.64 23 25 1
286 59.58 97.84 13.82 465.69 7 9 3
287 71.63 52.37 5.09 161.41 23 43 3
288 37.13 31.30 9.11 415.87 16 18 1
289 55.05 56.03 45.85 316.29 5 41 1
290 50.47 32.49 31.33 323.53 21 34 1
291 0.33 94.25 22.63 230.97 6 25 2
292 1.30 94.25 31.33 187.70 19 32 2
293 91.90 59.46 12.43 79.35 6 9 2
294 2.18 80.43 31.90 99.09 15 28 1
295 19.45 25.75 4.60 311.29 9 34 3
296 27.57 55.73 6.96 50.51 4 45 2
297 32.13 94.90 37.69 208.57 24 28 3
298 1.47 4.76 41.55 476.20 12 19 1
299 49.55 2.51 20.66 63.15 1 21 3
300 58.33 97.27 0.37 93.98 6 48 3
1 150.05 3619.54 1
2 187.59 3574.10 2
3 135.96 2506.06 3
4 170.66 3261.39 3
5 136.61 4213.92 3
1 1.32 48.87 4
2 1.26 29.01 3
3 1.31 35.36 2
4 1.67 46.15 1
5 1.64 41.45 1
6 1.65 26.86 5
7 1.54 46.55 3
8 1.57 48.13 5
9 1.53 26.36 1
