Data for Vehicle routing problem with drones - Author: Huyen Do Thi Ngoc
Number of depots: 2
Number of cities: 400
Number of trucks: 5
Number of drones: 10
Area: 100 100 50
Customer maximum demand: 500
Max capacity of truck: 200
Max energy of truck: 5000
Max capacity of drone: 2
Max energy of drone: 50
1 99.22 27.61 35.64
2 83.56 69.66 48.74
1 43.53 40.44 2.61 231.60 21 31 2
2 95.27 97.76 47.46 162.38 10 39 1
3 39.25 96.81 47.23 279.59 13 20 1
4 87.06 14.12 22.55 57.83 14 24 1
5 77.30 64.16 48.46 55.35 2 21 2
6 99.34 39.44 46.24 204.89 5 10 1
7 70.91 60.81 30.22 238.07 13 15 1
8 58.70 52.72 46.99 112.68 24 41 1
9 77.87 17.50 7.65 493.82 12 13 2
10 90.76 71.70 9.78 57.36 6 37 1
11 58.29 87.06 2.47 149.73 5 31 2
12 15.11 71.26 10.01 95.78 3 30 1
13 39.54 40.75 12.54 409.01 14 23 1
14 43.40 60.43 48.40 103.85 20 45 2
15 67.67 31.39 14.13 495.62 20 33 2
16 54.92 81.09 13.35 308.42 22 47 1
17 22.24 36.19 12.97 89.28 0 5 2
18 18.58 13.37 40.08 451.89 3 10 1
19 90.46 34.15 46.53 322.22 22 47 2
20 3.23 62.99 25.04 300.28 15 40 1
21 7.91 81.39 42.84 287.16 19 34 2
22 54.94 59.71 21.72 53.25 21 23 2
23 71.87 15.87 44.10 451.39 6 47 2
24 71.70 65.70 7.11 333.16 18 40 1
25 44.14 19.57 33.77 383.00 9 46 2
26 52.96 45.79 49.21 422.18 17 23 2
27 71.42 38.13 41.48 83.80 8 42 2
28 77.50 73.98 30.03 175.07 15 46 1
29 22.73 8.61 49.70 126.38 13 41 2
30 73.64 45.19 37.24 77.52 24 38 2
31 5.97 21.50 49.01 257.85 13 34 2
32 89.86 69.42 14.61 426.87 21 36 1
33 10.90 23.40 43.08 296.86 2 4 1
34 57.45 53.06 7.63 485.93 18 39 1
35 54.15 73.24 11.51 213.30 7 16 1
36 63.42 87.48 10.97 468.29 6 20 1
37 72.44 15.90 46.14 273.33 19 34 2
38 54.84 25.06 27.37 160.82 2 38 2
39 31.48 35.23 16.14 188.86 17 43 1
40 62.57 36.12 9.66 447.77 23 45 2
41 5.96 22.45 43.51 87.88 0 12 2
42 42.22 58.55 4.98 498.05 20 39 2
43 32.31 90.80 46.75 429.20 9 32 1
44 32.68 65.32 31.76 378.71 1 35 1
45 35.99 16.05 8.22 197.08 10 15 1
46 50.25 78.13 24.60 382.88 0 38 2
47 84.35 59.90 11.97 133.19 8 34 1
48 71.86 79.13 27.00 98.20 7 31 1
49 86.61 85.34 42.00 427.70 9 30 1
50 75.25 16.87 26.20 465.44 7 32 2
51 3.10 25.40 13.02 320.71 16 19 2
52 53.02 8.92 27.04 103.51 17 42 1
53 46.59 33.94 23.65 244.10 3 40 2
54 15.03 17.69 13.47 434.74 4 23 1
55 66.24 20.36 7.36 244.75 2 48 2
56 81.18 17.86 22.14 132.92 10 30 1
57 55.64 51.58 32.11 183.32 18 40 2
58 58.83 71.29 48.12 125.18 3 16 2
59 84.24 70.85 3.75 221.32 12 35 2
60 59.57 99.22 40.84 109.30 16 33 1
61 86.18 36.48 23.99 412.31 14 41 1
62 87.62 74.53 5.62 374.40 1 16 2
63 63.28 58.47 7.44 456.56 11 48 2
64 40.60 97.25 10.21 121.31 4 42 1
65 49.45 49.27 36.48 180.61 15 24 1
66 60.84 0.78 0.70 341.52 2 25 1
67 69.95 15.94 15.36 347.46 20 32 1
68 35.95 12.38 21.23 121.16 7 26 1
69 63.89 52.90 19.47 447.57 3 42 1
70 46.72 1.82 43.12 456.01 23 37 2
71 32.50 64.05 3.84 300.51 1 16 1
72 13.41 31.51 32.35 317.17 7 47 2
73 43.02 92.76 6.92 81.99 12 29 2
74 91.50 68.46 14.47 275.98 2 29 1
75 63.12 37.87 43.63 237.11 10 37 1
76 82.32 66.96 43.09 463.01 24 33 1
77 76.24 9.65 33.16 385.75 2 33 2
78 91.45 55.09 10.16 157.15 10 32 2
79 69.16 97.76 12.54 279.20 10 35 1
80 55.79 21.71 21.20 273.36 14 47 1
81 1.90 99.72 46.17 135.89 0 8 1
82 18.09 88.40 24.58 446.85 22 35 2
83 22.23 72.95 41.99 380.71 20 30 1
84 34.26 28.82 2.80 296.34 9 39 1
85 34.27 15.71 26.15 274.21 13 41 1
86 78.22 72.42 29.70 440.78 4 32 1
87 30.85 18.01 25.96 216.30 12 21 2
88 59.78 82.80 19.87 240.29 20 43 2
89 92.69 25.47 1.23 321.47 18 18 1
90 11.57 66.17 12.29 240.45 0 30 1
91 27.96 59.78 16.75 422.83 11 42 2
92 53.99 13.60 21.69 409.94 4 43 2
93 65.08 96.68 24.32 441.67 0 42 1
94 17.88 76.22 19.06 309.73 24 39 1
95 39.45 55.48 44.51 241.03 22 27 1
96 92.25 86.76 10.95 306.58 14 25 2
97 53.52 84.18 17.32 402.99 14 22 1
98 95.14 37.80 32.87 398.54 23 25 2
99 71.56 76.55 40.37 322.71 8 10 2
100 25.12 2.52 26.15 363.49 1 40 1
101 49.58 94.97 3.70 496.31 8 20 2
102 71.25 20.59 36.80 327.00 5 33 1
103 23.44 57.50 14.65 464.33 12 35 2
104 77.71 82.68 43.84 302.51 22 30 2
105 14.15 1.90 20.60 122.96 22 30 2
106 63.79 9.60 16.68 107.93 16 20 2
107 81.17 90.90 44.75 444.56 19 21 2
108 20.62 12.40 43.16 408.08 2 13 1
109 21.79 87.30 9.37 187.21 21 40 1
110 87.51 18.38 6.01 496.09 13 46 2
111 19.90 20.08 22.18 220.38 11 16 2
112 93.61 64.84 16.25 428.91 18 41 2
113 55.10 98.80 43.98 127.93 21 24 2
114 5.38 96.11 47.33 65.58 1 15 1
115 47.82 65.42 2.53 337.49 8 44 1
116 19.89 84.86 17.26 51.25 20 29 2
117 90.83 8.07 37.90 133.73 10 20 2
118 65.91 77.21 44.65 345.53 17 20 1
119 51.84 87.31 11.67 380.40 19 46 2
120 98.13 55.52 9.07 171.08 16 16 1
121 84.63 94.46 23.04 407.43 14 42 2
122 38.81 46.17 15.88 80.93 3 42 2
123 93.88 33.35 0.72 363.52 17 27 2
124 51.74 10.64 11.25 184.64 16 39 2
125 95.25 3.89 1.91 173.80 24 28 2
126 83.15 89.20 3.73 383.97 15 44 2
127 75.11 38.89 22.48 464.82 24 43 2
128 14.99 58.21 0.42 487.57 22 35 1
129 48.89 28.67 36.58 177.10 6 33 1
130 62.05 60.91 5.61 296.05 12 27 2
131 20.46 55.24 38.36 350.23 19 22 1
132 41.98 10.11 2.76 237.83 15 27 1
133 98.62 58.33 5.58 164.11 20 27 1
134 80.75 21.48 25.20 321.61 11 14 2
135 84.10 10.80 26.50 198.00 0 30 1
136 73.85 34.62 27.51 100.27 16 26 1
137 27.63 60.30 42.93 337.55 16 46 2
138 70.98 0.08 33.65 267.51 18 40 1
139 70.17 90.09 38.56 280.47 14 21 1
140 84.23 87.38 46.45 157.59 8 40 1
141 72.75 4.65 17.63 387.82 3 37 2
142 12.72 18.65 0.88 369.07 18 20 2
143 59.22 36.43 4.47 394.67 12 29 2
144 57.42 97.32 9.67 419.73 3 28 1
145 81.51 47.12 18.16 69.14 6 31 2
146 64.31 80.63 26.60 371.71 19 47 1
147 66.13 42.81 47.29 256.79 6 12 1
148 27.64 12.72 31.60 80.87 19 27 2
149 81.95 63.76 21.57 59.24 1 23 2
150 7.34 62.06 46.28 364.87 0 17 1
151 87.38 35.53 15.82 431.80 16 28 1
152 19.45 84.63 34.46 148.75 18 31 2
153 76.66 44.09 25.41 54.84 20 26 1
154 66.69 35.56 18.86 335.25 18 44 2
155 68.35 68.31 47.49 84.20 4 8 2
156 80.81 47.38 38.38 93.50 12 40 2
157 71.97 44.31 16.22 62.39 21 41 1
158 17.11 11.82 18.70 458.40 7 29 1
159 20.47 63.36 15.05 469.88 12 27 2
160 96.24 55.58 42.31 286.19 5 46 1
161 42.77 97.95 7.53 226.29 4 7 2
162 11.45 27.87 46.18 421.71 3 32 1
163 17.37 58.63 42.22 326.05 20 21 1
164 37.59 99.03 13.96 293.36 24 46 1
165 42.08 7.62 38.23 298.83 3 21 2
166 20.03 40.21 38.41 489.44 23 34 1
167 31.97 20.36 27.79 210.84 19 41 1
168 27.37 18.48 14.14 60.65 15 26 2
169 1.76 66.05 28.78 297.92 20 23 2
170 64.24 77.01 45.14 68.39 12 23 1
171 14.32 35.84 5.05 55.89 3 28 1
172 19.74 56.06 33.33 120.53 24 28 2
173 65.00 25.27 1.16 409.88 18 41 2
174 8.61 94.33 32.67 473.51 15 34 2
175 57.77 25.83 5.37 468.76 3 27 1
176 23.80 93.52 16.04 413.36 13 24 1
177 23.23 28.50 24.27 370.20 22 35 1
178 28.66 24.38 10.91 351.89 1 21 2
179 99.99 35.80 27.30 338.10 10 29 2
180 86.69 41.69 18.05 431.15 15 32 1
181 94.89 83.17 49.81 51.39 11 31 1
182 14.89 59.89 26.92 481.14 1 44 1
183 63.57 57.46 38.61 127.09 10 11 1
184 69.91 80.32 40.36 259.13 1 40 1
185 35.84 80.82 22.24 218.66 23 38 1
186 27.82 99.55 11.00 197.46 17 26 2
187 68.18 3.69 23.79 311.45 4 45 2
188 40.27 15.52 16.82 278.02 17 25 1
189 5.96 45.88 45.83 373.20 3 41 2
190 4.87 49.06 33.43 297.40 21 30 1
191 96.99 40.98 19.76 406.63 14 36 1
192 77.46 6.58 1.71 205.87 13 16 1
193 87.74 29.77 19.08 283.16 2 16 2
194 10.19 32.52 3.17 229.02 8 26 1
195 45.87 52.92 48.06 379.87 11 37 2
196 82.87 19.51 33.02 304.53 12 47 2
197 61.61 39.93 43.86 97.74 5 26 1
198 61.39 51.21 45.95 357.65 7 34 2
199 26.84 57.73 18.67 277.29 10 34 2
200 26.20 92.93 8.18 436.21 19 23 2
201 62.56 86.79 24.05 300.03 15 15 2
202 59.74 43.77 12.69 411.52 14 15 2
203 91.82 64.07 14.18 439.34 15 20 2
204 97.49 27.88 31.08 382.28 14 37 2
205 56.31 80.75 44.93 447.56 19 27 1
206 44.11 50.52 41.23 417.48 22 23 2
207 40.43 43.08 25.78 167.98 17 31 2
208 29.21 55.63 28.63 398.49 8 19 2
209 44.07 23.63 32.33 54.32 17 40 1
210 85.28 36.19 42.29 255.93 4 21 2
211 1.17 55.83 3.32 369.37 10 19 1
212 56.89 86.76 30.89 458.35 4 11 1
213 99.47 93.28 23.57 123.84 1 23 2
214 85.38 49.05 42.18 428.64 23 38 1
215 76.94 48.79 12.35 259.68 14 48 2
216 47.61 26.11 41.84 447.37 4 11 2
217 25.98 17.94 24.99 308.94 16 36 2
218 76.06 91.11 39.90 195.13 8 28 2
219 49.46 45.68 15.76 221.78 12 43 2
220 24.90 19.29 1.48 143.79 13 28 2
221 6.63 13.34 35.77 350.16 0 19 1
222 76.75 64.34 32.26 104.10 14 14 2
223 91.26 84.21 23.68 492.71 11 43 1
224 22.53 63.49 0.89 395.84 3 42 2
225 42.04 68.86 12.23 72.76 11 33 1
226 51.22 81.50 4.77 287.33 15 41 1
227 60.98 58.72 14.54 268.51 24 40 1
228 72.84 64.07 0.45 342.84 18 36 1
229 12.28 45.85 39.65 481.48 17 20 1
230 35.45 16.49 35.72 136.25 24 38 1
231 75.91 12.71 20.13 307.24 10 22 2
232 92.93 53.18 49.48 193.06 3 16 1
233 2.88 2.80 2.45 218.91 13 24 2
234 11.91 44.52 47.09 95.49 4 17 2
235 40.87 52.06 42.37 312.56 6 21 2
236 69.95 13.99 20.71 308.69 11 39 1
237 80.75 9.53 23.16 53.72 16 40 2
238 86.21 57.68 6.56 149.97 14 35 1
239 47.94 77.93 12.56 167.59 16 24 2
240 32.12 67.02 31.97 135.18 22 27 2
241 74.00 0.55 33.66 65.70 6 21 2
242 31.90 90.57 43.94 435.76 22 42 2
243 10.49 84.95 31.63 460.75 8 13 1
244 93.60 49.73 32.35 249.50 9 36 1
245 75.57 99.80 24.41 208.23 24 39 1
246 70.33 61.85 17.39 274.47 18 20 2
247 21.28 49.13 36.71 415.75 11 13 1
248 77.84 98.92 40.88 185.71 3 45 1
249 90.21 12.52 13.40 214.76 4 48 1
250 21.79 71.47 34.85 322.11 19 22 1
251 22.73 79.11 13.18 342.50 18 43 1
252 54.97 25.45 21.62 259.55 23 27 1
253 19.68 47.09 46.71 265.20 9 31 1
254 75.28 3.94 30.83 493.79 1 32 2
255 91.34 1.58 47.69 483.19 21 29 2
256 0.05 25.67 28.70 207.04 7 26 1
257 47.83 74.31 6.29 246.99 16 27 1
258 56.32 11.80 15.74 204.04 21 27 1
259 68.83 28.42 49.74 169.24 2 17 1
260 4.33 63.43 28.53 363.96 15 39 2
261 24.88 86.32 41.81 448.44 1 33 2
262 9.02 59.01 21.13 363.08 14 20 2
263 83.14 44.89 41.05 396.83 23 42 1
264 33.27 17.23 41.51 192.11 22 47 2
265 77.78 62.45 34.56 215.40 15 17 1
266 25.99 43.77 32.61 384.29 8 28 2
267 80.18 49.17 42.84 279.51 20 46 2
268 35.57 46.91 14.85 318.16 21 36 1
269 48.17 49.01 41.80 396.62 15 34 2
270 73.75 70.28 5.09 468.37 19 24 1
271 92.99 23.73 2.57 144.47 24 36 2
272 72.70 9.00 5.32 169.74 18 40 2
273 86.76 99.90 19.36 137.73 0 17 2
274 38.54 37.29 21.40 149.48 3 47 1
275 66.96 15.57 9.29 184.93 20 23 1
276 35.49 9.37 25.45 256.77 21 25 1
277 60.95 67.01 2.14 191.83 19 35 2
278 52.78 14.39 20.42 278.97 17 34 2
279 70.01 58.31 7.87 255.58 0 30 2
280 43.64 17.72 9.11 151.54 17 38 1
281 33.32 58.43 12.97 80.43 0 29 1
282 71.01 43.62 48.76 475.32 1 14 1
283 91.45 33.66 16.99 114.91 16 48 1
284 45.41 1.45 30.74 184.07 0 31 1
285 72.47 63.54 31.73 475.57 22 26 1
286 53.62 78.30 43.80 136.09 22 46 2
287 11.53 59.16 2.84 438.06 12 17 2
288 83.21 90.00 24.84 303.33 19 42 1
289 18.70 64.90 36.46 319.16 19 38 1
290 52.43 7.40 13.08 281.92 18 18 2
291 59.81 23.60 7.22 439.93 8 13 1
292 66.70 16.49 29.93 211.38 9 9 1
293 40.32 85.01 31.63 109.25 9 23 1
294 42.78 25.77 1.12 399.40 22 41 2
295 86.12 50.28 2.88 62.44 4 13 2
296 73.23 18.53 43.60 366.96 13 31 2
297 69.66 34.25 28.65 113.95 3 41 2
298 52.81 55.40 33.31 180.41 24 43 2
299 69.10 10.54 19.87 347.14 17 26 1
300 83.12 95.26 47.15 355.64 2 15 2
301 61.26 4.76 18.90 350.26 7 39 1
302 1.81 59.20 43.47 228.53 19 38 2
303 54.23 21.00 18.27 265.90 22 26 2
304 79.54 91.09 3.49 286.46 2 17 1
305 50.68 3.00 10.31 73.88 17 48 2
306 0.02 83.70 14.37 405.68 0 39 2
307 64.54 22.76 21.50 207.46 9 36 2
308 26.15 67.94 26.65 228.28 5 12 1
309 80.68 0.93 37.67 352.76 10 23 2
310 37.44 37.41 42.90 462.87 12 44 1
311 18.35 61.24 42.39 61.58 15 32 1
312 3.49 81.43 29.83 188.70 22 47 2
313 51.60 5.56 26.92 281.06 3 12 2
314 90.23 94.82 48.67 202.17 5 29 1
315 62.04 83.04 22.84 186.18 16 35 1
316 22.12 26.54 43.34 331.91 16 40 1
317 83.52 52.95 14.15 415.87 11 12 2
318 3.66 40.14 36.39 175.61 2 40 1
319 46.28 12.62 3.74 206.44 16 48 1
320 0.35 52.49 29.62 322.24 8 20 1
321 31.11 11.44 26.92 276.10 5 7 1
322 54.20 45.70 17.37 283.10 10 19 2
323 37.07 65.79 43.76 448.52 2 43 1
324 48.69 81.83 14.33 247.32 10 20 1
325 7.62 15.58 29.45 225.63 1 20 1
326 49.51 21.50 18.96 114.57 16 25 1
327 56.92 99.57 27.05 425.25 8 20 1
328 67.82 67.36 15.56 190.23 23 27 1
329 30.01 42.08 3.76 178.66 18 39 1
330 79.10 25.68 27.56 127.77 22 48 2
331 33.11 97.83 8.00 432.41 7 29 1
332 92.13 6.60 22.65 199.47 0 34 2
333 36.37 70.80 34.04 248.62 16 25 1
334 4.18 58.06 12.70 298.71 21 38 2
335 26.83 6.83 44.71 260.34 2 2 1
336 86.81 38.42 30.44 315.91 20 31 1
337 10.80 55.13 20.89 407.03 5 26 1
338 78.99 69.00 23.48 456.89 9 27 1
339 71.93 52.25 16.10 235.30 13 21 1
340 71.25 52.55 36.77 469.85 12 48 1
341 12.46 46.71 46.70 174.73 0 39 2
342 38.52 28.44 45.70 128.53 19 42 2
343 82.92 76.85 43.93 76.98 11 26 1
344 68.46 34.39 28.26 337.27 23 41 2
345 52.82 24.16 6.82 193.72 3 22 1
346 97.97 16.42 30.70 259.10 6 15 1
347 11.35 19.24 34.27 456.94 20 35 1
348 98.24 95.18 18.60 89.43 18 21 2
349 75.16 18.94 10.76 260.17 15 25 2
350 45.28 24.56 18.81 489.68 23 36 1
351 47.00 41.31 22.36 352.36 9 31 2
352 61.17 55.15 40.73 401.66 10 22 1
353 80.71 75.47 47.34 251.01 1 45 2
354 98.21 83.23 12.52 95.77 5 39 1
355 83.66 32.97 34.53 375.87 22 36 1
356 42.91 19.60 42.38 436.15 7 20 1
357 33.44 55.57 11.24 400.46 6 6 2
358 62.20 87.16 45.93 275.71 16 29 2
359 85.06 4.40 35.77 354.07 4 17 2
360 65.91 49.91 19.50 370.12 11 43 2
361 65.62 54.44 11.63 407.18 2 32 1
362 18.01 63.51 28.64 51.77 5 45 2
363 86.54 58.24 14.99 351.11 14 46 2
364 23.58 82.67 4.30 134.07 1 32 2
365 16.05 35.96 19.03 396.02 9 48 2
366 96.90 9.90 9.74 243.48 24 35 1
367 90.32 55.05 18.07 143.41 6 6 2
368 66.23 4.10 44.21 302.85 7 48 2
369 69.17 65.86 5.13 101.45 4 22 1
370 79.11 91.56 42.37 123.55 21 28 1
371 25.96 61.14 36.68 151.20 1 23 1
372 61.53 65.84 17.29 155.53 7 32 1
373 86.10 56.78 8.49 129.77 2 8 1
374 75.31 61.38 2.54 138.86 12 31 1
375 32.81 7.11 11.22 62.64 24 25 1
376 13.30 55.45 24.42 494.70 8 17 2
377 17.83 47.84 19.20 149.39 10 46 1
378 7.51 10.31 8.56 456.58 22 23 1
379 30.02 14.46 0.85 83.88 5 21 1
380 29.56 11.18 17.80 85.64 15 18 2
381 69.20 21.32 28.40 463.49 22 27 1
382 38.34 6.19 0.36 495.40 13 44 1
383 55.37 87.22 4.12 472.95 10 41 2
384 8.92 57.03 18.41 445.21 17 40 1
385 68.74 48.47 48.99 125.30 21 32 1
386 28.43 29.18 25.56 322.49 13 26 1
387 58.00 98.26 37.17 390.48 22 25 2
388 26.20 43.94 45.47 190.42 21 33 2
389 20.92 63.41 26.18 208.34 7 8 2
390 68.62 48.89 42.72 471.06 10 20 2
391 62.17 70.56 1.49 225.07 7 42 1
392 22.57 61.97 4.49 102.19 20 30 1
393 16.39 37.96 10.97 198.29 0 35 2
394 86.97 46.28 42.91 399.96 20 36 1
395 21.62 40.00 43.95 201.44 5 5 1
396 6.74 32.52 18.72 328.86 21 23 2
397 38.10 50.72 31.01 334.40 16 25 2
398 85.53 67.65 3.09 62.88 19 32 1
399 81.30 79.13 4.44 72.38 5 6 1
400 90.84 61.28 34.81 345.97 21 35 1
1 128.06 2770.50 1
2 105.35 4460.71 2
3 175.05 3934.63 2
4 113.70 2925.17 1
5 174.81 2562.25 2
1 1.62 40.64 5
2 1.16 44.39 1
3 1.86 36.39 4
4 1.06 32.38 2
5 1.63 33.63 5
6 1.42 39.12 3
7 1.46 39.50 3
8 1.08 46.73 5
9 1.58 49.68 4
10 1.50 39.97 3
