Data for Vehicle routing problem with drones - Author: Huyen Do Thi Ngoc
Number of depots: 5
Number of cities: 100
Number of trucks: 8
Number of drones: 9
Area: 100 100 50
Customer maximum demand: 500
Max capacity of truck: 200
Max energy of truck: 5000
Max capacity of drone: 2
Max energy of drone: 50
1 84.62 46.99 40.03
2 59.46 73.03 23.99
3 55.48 29.80 7.88
4 24.48 85.38 48.29
5 42.88 25.49 17.23
1 24.92 74.32 29.11 212.84 20 35 3
2 34.07 73.62 19.89 406.81 14 15 2
3 28.66 16.45 18.95 199.37 16 16 2
4 7.52 22.91 20.69 177.05 2 41 1
5 38.30 86.16 41.63 374.30 16 39 2
6 91.50 71.35 38.05 99.25 22 24 2
7 66.10 93.67 18.58 164.33 13 42 5
8 77.24 48.52 21.21 262.57 0 15 5
9 87.12 78.80 44.14 200.07 19 34 5
10 18.84 66.72 34.97 395.88 8 12 1
11 93.99 56.15 49.50 466.87 18 20 5
12 40.52 36.48 14.19 58.03 11 11 5
13 21.20 65.12 40.90 88.02 24 31 1
14 11.66 6.74 2.59 197.68 17 34 3
15 55.95 22.64 43.25 206.14 17 41 5
16 78.61 59.78 8.86 465.23 8 31 5
17 58.31 63.28 3.48 434.59 15 15 3
18 99.59 20.32 3.13 139.85 17 34 3
19 68.04 95.10 40.19 451.05 21 40 2
20 41.29 15.67 8.63 477.22 8 27 3
21 54.51 30.52 6.13 495.16 9 26 2
22 76.23 95.51 25.48 257.68 18 22 4
23 31.25 68.74 35.36 357.07 5 15 2
24 80.59 19.02 34.43 186.19 18 32 4
25 45.23 5.21 6.97 432.54 17 36 2
26 10.94 62.49 45.17 412.40 17 45 2
27 76.25 64.67 18.26 89.89 12 33 3
28 36.14 77.55 13.28 307.99 16 27 5
29 88.15 73.61 19.91 280.97 13 38 1
30 42.91 86.52 28.16 196.00 5 46 3
31 78.42 62.68 28.85 57.37 14 15 3
32 22.49 21.48 29.53 244.18 3 28 2
33 81.39 50.34 21.64 103.21 18 32 3
34 11.53 4.88 46.19 388.98 10 40 5
35 52.30 20.11 8.10 68.31 12 38 2
36 88.16 99.57 38.89 79.80 9 35 4
37 64.63 3.36 31.91 364.82 4 4 4
38 92.25 35.04 1.32 297.74 11 45 2
39 90.75 47.23 47.24 335.22 20 30 4
40 23.23 41.50 6.72 114.58 6 38 4
41 91.71 26.01 2.25 79.33 20 35 3
42 26.45 87.95 23.77 372.61 22 41 1
43 66.20 92.97 35.33 247.77 12 38 3
44 70.45 83.33 43.40 466.50 18 40 2
45 25.14 25.24 33.65 275.13 12 41 1
46 68.19 12.02 32.68 233.97 24 30 4
47 17.39 85.16 14.95 350.47 16 40 3
48 66.08 0.59 23.53 299.82 6 15 2
49 4.90 96.00 38.20 435.78 18 35 5
50 43.16 38.72 13.78 130.61 6 38 2
51 10.49 24.68 38.39 330.40 14 27 5
52 32.60 51.55 40.95 223.23 6 35 5
53 82.97 6.45 18.04 212.21 21 32 1
54 65.07 63.46 23.03 89.61 0 16 3
55 82.57 64.32 16.61 140.52 22 38 1
56 78.08 31.24 9.54 383.31 15 29 5
57 79.85 96.17 48.50 233.39 9 46 5
58 55.38 60.68 25.27 290.65 5 21 5
59 44.69 48.59 28.63 147.20 8 43 5
60 4.19 83.52 26.83 465.33 3 47 3
61 29.06 76.09 1.14 437.36 23 26 2
62 2.71 66.42 15.24 149.99 10 29 1
63 20.51 9.80 16.01 180.16 22 29 2
64 19.27 70.71 42.76 175.61 22 43 2
65 41.75 84.91 25.95 191.16 13 47 4
66 58.16 67.08 42.88 278.09 3 34 2
67 31.36 21.64 29.61 168.06 19 21 3
68 19.82 66.19 21.37 412.25 11 26 2
69 64.12 36.88 13.34 328.38 5 36 4
70 36.93 96.99 26.71 397.49 18 19 2
71 27.59 34.36 10.07 66.83 20 22 4
72 55.22 60.16 36.77 390.38 24 25 1
73 4.09 20.75 46.49 69.68 11 38 3
74 32.15 41.98 29.04 377.16 12 35 4
75 6.09 15.18 49.87 367.57 23 48 4
76 10.79 70.47 22.82 394.10 23 23 2
77 48.45 93.56 49.25 480.52 12 36 3
78 65.31 7.37 13.86 207.42 18 26 3
79 2.99 28.17 12.62 59.69 19 35 5
80 56.53 23.45 31.41 275.96 11 46 1
81 45.45 2.30 48.74 443.74 3 27 4
82 28.50 89.73 38.27 162.62 7 32 3
83 75.37 14.13 0.14 216.48 19 41 4
84 64.60 98.01 40.31 75.51 5 19 2
85 32.75 41.37 42.27 393.80 7 29 3
86 38.93 44.54 44.17 462.68 9 23 4
87 60.91 26.79 14.12 412.58 0 16 3
88 65.92 57.28 46.05 352.94 22 35 2
89 91.29 70.89 45.06 176.14 19 21 5
90 44.23 82.19 32.04 376.94 12 37 4
91 67.17 10.96 34.67 245.33 10 35 4
92 59.74 25.78 33.50 93.04 13 22 4
93 96.22 84.71 0.97 441.52 17 35 1
94 16.23 57.42 44.68 424.62 0 23 2
95 76.76 26.39 2.07 135.32 10 13 5
96 57.82 74.05 46.31 187.18 17 22 4
97 23.79 33.54 20.54 332.12 22 36 4
98 30.43 95.94 47.93 183.30 20 22 1
99 64.22 27.85 12.03 63.33 12 14 5
100 17.39 76.77 36.58 96.04 21 44 2
1 149.63 3169.68 1
2 191.97 2797.82 2
3 144.98 4813.30 3
4 124.90 2652.43 4
5 152.31 4725.61 5
6 169.01 4372.49 5
7 166.05 3808.14 2
8 171.38 4636.38 5
1 1.64 41.42 2
2 1.41 29.15 8
3 1.36 42.87 7
4 1.32 48.70 8
5 1.62 42.61 2
6 1.15 27.45 1
7 1.19 30.33 5
8 1.53 48.02 3
9 1.29 44.85 5
