Data for Vehicle routing problem with drones - Author: Huyen Do Thi Ngoc
Number of depots: 2
Number of cities: 400
Number of trucks: 7
Number of drones: 8
Area: 100 100 50
Customer maximum demand: 500
Max capacity of truck: 200
Max energy of truck: 5000
Max capacity of drone: 2
Max energy of drone: 50
1 41.85 97.86 10.74
2 48.13 34.22 24.48
1 14.65 70.17 28.36 404.23 7 7 1
2 30.34 75.64 45.16 191.19 20 29 2
3 50.17 25.90 15.97 404.14 6 28 1
4 47.43 51.42 47.78 460.38 11 13 1
5 28.58 57.26 2.33 138.39 11 32 2
6 30.05 26.95 34.81 147.38 0 18 2
7 49.07 80.36 36.10 298.34 5 46 2
8 40.01 23.85 49.81 405.94 21 27 1
9 44.22 71.30 15.18 455.19 6 44 1
10 63.20 12.33 19.21 60.43 21 40 1
11 33.83 97.59 33.42 286.37 7 34 1
12 33.00 96.67 17.46 372.82 4 44 2
13 76.12 88.31 43.40 359.41 3 13 1
14 23.72 83.63 16.50 400.85 18 18 1
15 11.39 62.27 22.65 282.91 10 13 1
16 0.97 67.41 4.88 217.11 9 21 2
17 68.73 76.44 31.28 391.37 21 25 2
18 2.77 55.04 7.42 383.45 10 30 2
19 36.22 25.22 14.47 103.13 1 22 1
20 98.01 22.40 15.77 52.79 24 46 1
21 66.19 27.40 21.71 313.29 5 26 2
22 35.95 4.11 44.72 480.39 18 23 2
23 59.57 19.77 16.66 316.83 6 24 1
24 6.09 46.07 44.58 186.76 21 29 2
25 31.28 74.53 3.08 158.77 0 40 2
26 89.10 14.04 3.08 370.27 15 43 1
27 13.28 90.60 43.29 260.96 18 19 2
28 6.53 81.72 47.94 51.33 20 39 1
29 92.74 41.90 10.61 464.66 12 36 1
30 93.60 93.29 32.49 333.83 23 28 1
31 38.88 86.61 2.78 287.36 4 36 2
32 18.63 72.74 34.66 74.49 14 27 2
33 63.72 55.16 46.28 360.68 9 38 2
34 4.30 4.14 34.13 131.77 8 36 2
35 28.98 19.23 25.00 489.67 0 11 2
36 93.43 28.49 27.99 334.06 1 16 1
37 81.52 14.61 28.83 358.03 19 32 1
38 57.75 69.93 23.86 490.36 16 16 2
39 68.80 91.97 22.51 87.06 7 8 2
40 90.78 83.05 36.49 342.39 13 39 2
41 54.32 75.24 45.37 200.42 12 31 1
42 30.74 81.39 22.13 481.57 2 36 2
43 21.87 70.57 46.45 309.71 15 44 2
44 50.10 83.49 9.29 296.25 22 43 2
45 14.70 32.43 49.17 212.44 21 26 1
46 97.51 70.76 40.36 103.87 1 44 1
47 75.51 85.27 6.64 132.69 16 38 2
48 30.40 3.97 33.89 157.80 15 46 1
49 58.37 63.24 46.83 129.02 12 43 2
50 78.78 39.95 36.87 151.88 24 45 2
51 39.73 53.03 20.98 306.31 2 30 2
52 55.49 70.04 10.01 336.95 8 19 2
53 61.52 6.16 39.11 298.38 11 20 2
54 86.40 41.10 16.14 50.70 16 32 2
55 89.18 91.62 49.51 291.14 17 47 1
56 53.06 40.19 29.60 187.52 9 27 2
57 98.18 75.71 23.68 255.15 23 47 1
58 17.36 37.11 35.32 449.04 2 32 2
59 30.33 36.58 20.30 450.56 14 17 1
60 90.55 65.97 49.70 174.81 3 24 1
61 77.89 5.56 1.19 421.81 13 13 1
62 6.81 74.52 9.47 136.36 19 30 2
63 67.47 23.19 41.06 52.62 5 24 1
64 78.93 92.40 47.00 382.41 18 29 2
65 15.25 7.62 16.43 336.76 5 22 2
66 28.50 0.99 37.34 207.12 20 24 1
67 82.00 51.65 36.97 423.73 23 40 1
68 45.45 88.08 39.53 490.78 24 30 1
69 96.06 0.35 2.08 480.14 14 46 2
70 75.21 47.08 43.06 442.81 23 41 1
71 2.87 32.39 34.40 315.28 3 33 2
72 47.80 67.44 19.65 396.48 9 28 1
73 94.66 18.45 12.31 497.67 19 36 2
74 83.35 41.46 35.73 124.66 9 35 1
75 59.43 21.45 49.07 461.01 14 48 2
76 37.30 81.47 31.57 68.26 15 33 1
77 74.32 77.25 30.75 443.48 1 16 2
78 83.27 65.97 27.68 423.48 12 27 2
79 45.58 51.99 28.26 325.60 14 27 2
80 14.08 6.20 15.37 175.76 0 15 1
81 17.88 43.67 32.43 146.63 7 42 2
82 14.35 38.99 23.21 120.15 8 8 1
83 63.95 69.90 14.65 186.48 15 29 1
84 86.04 76.33 27.57 77.18 24 41 2
85 93.96 95.71 42.80 272.34 5 5 2
86 82.10 53.24 25.74 102.70 13 47 2
87 18.07 31.95 43.52 276.95 6 44 2
88 51.53 65.74 18.05 304.45 0 7 1
89 43.68 70.57 48.62 293.58 7 8 1
90 92.37 98.08 22.05 164.07 19 29 1
91 38.18 7.41 40.84 258.21 9 29 2
92 0.23 12.52 42.77 283.86 9 10 2
93 39.09 71.36 2.73 172.46 6 26 2
94 82.39 24.73 45.46 337.92 24 35 1
95 6.96 72.96 40.18 364.45 21 35 2
96 10.72 8.97 36.99 62.51 15 41 2
97 96.07 99.55 30.18 111.95 23 31 1
98 74.95 14.41 29.09 464.54 4 20 1
99 73.31 44.09 48.54 435.71 14 44 1
100 31.13 3.35 39.92 238.36 19 21 1
101 15.77 4.58 34.71 175.27 19 22 1
102 40.38 36.74 37.20 484.00 10 11 1
103 65.94 98.39 43.79 371.53 9 36 1
104 68.88 52.72 46.70 484.80 12 34 2
105 82.50 59.47 46.90 352.78 1 2 1
106 33.85 85.09 11.97 334.47 1 14 1
107 6.33 93.75 20.38 133.11 21 27 2
108 64.02 44.03 16.82 239.37 4 46 2
109 6.41 19.62 38.76 456.09 2 26 1
110 47.13 62.33 31.43 177.01 11 33 2
111 83.20 52.59 1.21 376.83 1 28 1
112 19.99 18.41 21.10 244.89 20 34 2
113 12.10 0.93 4.64 413.37 12 30 2
114 14.45 75.87 14.49 439.16 1 29 1
115 46.14 50.30 39.29 155.98 12 16 1
116 25.68 52.15 43.17 314.25 11 38 1
117 57.89 40.09 10.49 273.87 7 18 1
118 25.70 7.71 14.94 481.79 18 44 1
119 92.47 4.87 1.98 71.89 20 20 2
120 32.13 85.43 23.40 169.08 5 35 1
121 35.89 88.47 46.41 221.86 8 10 2
122 78.18 18.07 22.97 464.01 1 13 1
123 39.21 34.49 7.75 316.16 13 37 2
124 39.16 20.79 17.05 351.48 1 8 1
125 53.23 21.01 13.23 216.20 14 21 1
126 87.41 19.23 9.51 274.49 5 11 1
127 23.96 13.47 4.69 479.75 7 23 1
128 96.11 17.77 42.10 341.42 13 18 2
129 83.45 60.23 45.87 260.07 20 36 1
130 28.21 50.58 24.13 114.65 8 44 2
131 25.60 36.92 49.87 78.40 15 36 2
132 27.57 18.38 26.21 384.60 5 21 2
133 98.39 41.32 11.01 134.12 19 40 2
134 19.52 47.58 36.83 405.73 14 44 1
135 54.69 10.73 30.21 86.23 23 30 2
136 87.58 26.52 10.76 230.84 14 32 2
137 96.63 91.25 36.51 462.25 15 45 2
138 49.38 34.69 29.72 150.76 22 41 2
139 2.66 84.38 46.96 222.30 13 37 2
140 78.50 32.72 12.23 103.04 11 34 1
141 13.83 38.20 26.35 431.33 17 41 1
142 26.12 81.66 9.55 247.21 3 40 1
143 40.80 51.85 38.98 162.30 8 34 2
144 79.48 48.37 31.89 205.19 17 21 1
145 50.00 96.25 2.52 193.76 12 46 1
146 97.24 66.35 1.39 428.47 18 22 2
147 63.10 74.12 48.29 420.59 3 14 1
148 15.85 26.85 42.95 375.00 14 25 1
149 58.33 78.37 32.11 293.74 1 12 2
150 65.37 58.42 25.55 157.45 21 21 1
151 47.54 76.96 10.43 387.77 4 31 1
152 15.74 73.90 48.91 475.74 6 25 2
153 30.03 32.05 2.36 400.48 15 30 1
154 20.11 92.23 37.55 483.13 11 46 1
155 17.39 95.13 43.03 103.06 22 33 1
156 22.51 38.87 2.95 148.23 17 38 2
157 64.59 0.87 26.05 409.35 23 41 1
158 43.19 12.28 41.77 168.80 18 44 1
159 16.22 23.04 32.21 287.51 4 20 1
160 0.41 42.87 26.15 116.16 10 16 1
161 13.50 20.48 30.40 323.51 6 32 1
162 29.64 61.68 6.45 164.97 10 16 2
163 29.27 93.01 19.64 211.44 7 48 2
164 82.61 22.01 35.03 327.96 4 28 2
165 51.02 71.67 39.25 366.48 17 48 1
166 18.02 86.39 21.86 454.65 22 28 1
167 65.04 44.23 40.73 300.73 12 20 2
168 31.26 8.50 1.46 154.93 20 35 1
169 72.90 71.25 25.48 312.22 18 33 1
170 89.77 55.04 41.05 307.73 1 36 2
171 3.71 45.64 35.35 317.07 14 31 2
172 45.19 45.92 10.15 156.04 20 39 1
173 14.04 48.22 24.04 452.53 17 40 2
174 80.94 29.29 41.04 346.88 13 23 1
175 40.58 12.35 4.53 311.81 22 41 2
176 75.78 70.78 38.10 200.27 14 44 1
177 95.78 52.29 15.47 252.30 4 25 1
178 23.53 57.45 35.38 478.48 1 9 1
179 1.42 13.37 5.70 447.31 23 24 2
180 48.65 98.04 35.74 396.03 5 32 1
181 61.69 61.85 23.08 315.25 13 29 2
182 58.75 81.90 0.15 132.94 17 44 1
183 76.70 89.85 15.81 372.86 1 12 2
184 46.34 84.03 24.83 315.51 14 20 1
185 79.47 89.60 47.66 427.60 13 24 2
186 48.29 37.94 7.25 459.52 10 35 1
187 42.02 37.90 25.04 207.22 14 47 1
188 63.37 44.85 10.23 194.30 24 33 2
189 52.30 8.77 18.10 157.36 7 40 1
190 89.16 80.50 17.64 246.39 20 27 2
191 90.62 67.46 37.54 472.20 20 26 1
192 16.90 43.18 7.73 118.56 17 20 1
193 42.22 17.42 28.29 151.62 22 36 2
194 39.36 9.47 0.25 84.24 5 39 2
195 82.56 42.66 30.87 83.02 11 18 1
196 77.61 2.52 35.61 318.73 24 31 1
197 79.31 83.16 4.46 317.08 11 24 1
198 64.94 4.51 33.39 101.51 22 28 2
199 96.45 12.97 20.45 251.52 11 35 2
200 81.99 32.04 18.72 302.28 16 41 1
201 78.78 30.71 9.19 175.47 15 20 2
202 23.11 68.79 22.24 64.82 15 22 1
203 91.21 88.09 10.97 325.67 3 27 1
204 17.64 32.01 27.93 431.58 2 41 1
205 31.68 80.12 39.99 422.68 6 38 2
206 34.22 77.31 32.29 294.96 19 26 2
207 81.98 99.26 16.06 323.03 3 12 2
208 39.56 39.98 27.43 78.02 2 8 2
209 63.30 87.17 9.33 213.27 21 40 1
210 68.52 88.99 10.06 240.35 3 17 2
211 66.10 22.36 4.79 63.24 4 24 2
212 79.36 31.12 29.52 298.87 14 42 2
213 61.01 66.30 45.56 330.21 16 43 2
214 95.61 14.27 10.50 175.82 24 25 1
215 62.89 3.54 13.46 213.74 9 20 1
216 26.44 61.76 34.31 75.42 4 39 2
217 96.22 69.77 41.04 67.67 8 13 2
218 10.72 53.81 44.34 240.41 18 27 2
219 60.75 50.48 12.34 75.85 6 31 1
220 70.62 94.32 13.79 337.61 10 38 1
221 95.08 16.96 4.31 104.56 22 44 2
222 68.76 83.56 21.59 427.67 9 38 2
223 79.87 27.85 17.47 430.58 18 28 2
224 59.61 42.82 1.49 92.51 0 30 2
225 57.60 31.21 40.60 78.06 12 46 2
226 76.66 35.08 0.54 87.05 14 27 2
227 78.84 73.82 12.53 339.53 13 13 2
228 47.89 27.75 0.44 423.64 21 46 2
229 44.99 72.73 20.63 216.88 7 34 1
230 13.96 89.27 19.76 413.57 9 48 1
231 86.24 74.05 45.85 325.64 7 14 1
232 58.34 73.65 16.94 439.08 17 33 1
233 47.62 55.78 35.96 201.96 20 23 1
234 30.67 70.14 2.97 57.62 20 32 1
235 71.37 29.76 44.58 208.26 21 28 1
236 37.92 10.75 34.99 102.41 11 30 1
237 45.92 51.35 8.08 122.73 12 19 1
238 38.84 83.10 5.68 77.51 3 15 2
239 33.68 73.33 35.99 490.11 8 42 1
240 81.29 93.01 22.29 457.74 1 25 2
241 3.30 16.12 14.44 185.72 5 18 2
242 3.73 23.08 18.69 205.98 1 13 1
243 42.38 44.80 40.66 76.09 7 39 2
244 50.05 3.97 45.90 258.53 13 20 1
245 59.12 50.39 44.17 340.63 18 29 2
246 96.34 99.87 29.10 324.44 24 35 1
247 40.21 96.46 4.85 170.23 11 13 1
248 94.12 95.98 30.19 173.25 16 31 1
249 70.75 80.41 7.16 297.82 24 29 2
250 18.30 84.05 2.00 423.51 2 8 2
251 87.45 66.90 1.35 426.10 7 30 1
252 12.16 12.34 19.79 228.53 13 27 2
253 38.80 66.89 28.87 369.23 13 21 1
254 20.87 57.85 31.33 192.93 18 40 1
255 32.68 91.08 46.50 263.93 9 47 1
256 9.37 85.77 34.88 483.32 5 27 1
257 12.21 76.67 22.87 204.71 5 10 2
258 24.38 3.33 17.97 332.48 23 29 2
259 77.52 93.57 6.78 272.24 17 29 2
260 62.56 13.99 19.54 301.12 20 20 2
261 41.32 85.76 16.22 264.96 17 31 2
262 56.51 66.82 9.41 216.25 13 16 2
263 72.28 97.80 34.06 254.53 23 40 1
264 98.57 79.53 7.66 313.41 24 43 2
265 44.32 46.01 13.44 349.75 15 16 2
266 78.69 91.09 46.19 134.99 6 45 1
267 88.92 30.76 21.30 197.13 0 5 2
268 56.89 36.05 29.91 461.81 0 1 1
269 3.24 9.20 6.68 123.70 10 32 2
270 14.87 31.65 28.01 69.46 8 22 2
271 1.01 0.55 6.82 214.73 11 34 2
272 19.72 90.80 11.04 468.37 9 26 1
273 94.52 45.79 0.12 251.68 8 37 1
274 33.27 73.90 34.39 326.73 14 40 2
275 13.82 12.31 43.82 439.21 2 13 1
276 38.69 35.29 49.10 497.72 2 35 1
277 95.26 13.57 26.01 63.94 0 17 2
278 14.22 60.96 7.86 343.22 24 34 1
279 27.75 58.23 41.03 83.13 11 27 1
280 99.71 49.42 33.36 231.59 21 40 2
281 49.37 66.54 2.97 485.38 16 37 1
282 84.34 94.60 30.21 305.42 22 41 1
283 47.44 8.23 32.67 80.72 15 29 2
284 66.05 84.05 5.30 196.18 2 41 1
285 25.20 26.31 46.37 428.15 8 38 1
286 83.15 89.61 32.40 351.54 0 19 2
287 73.45 27.32 17.37 297.28 13 23 2
288 4.90 99.83 17.28 88.37 22 44 2
289 78.64 22.23 38.10 394.66 7 34 1
290 79.26 1.41 13.62 333.25 1 24 1
291 0.79 16.70 28.57 236.76 9 9 1
292 80.83 85.03 22.63 440.68 7 24 1
293 46.74 99.72 4.28 97.45 23 29 1
294 77.57 5.80 47.55 58.24 16 17 2
295 79.88 86.45 49.08 470.43 0 27 2
296 25.39 25.06 35.29 125.71 5 33 1
297 60.82 35.69 36.09 204.71 14 38 2
298 99.56 33.10 49.67 460.59 19 32 2
299 14.14 5.45 18.60 416.34 22 30 1
300 75.80 59.92 47.10 313.00 16 47 1
301 91.16 10.44 20.16 64.25 4 8 2
302 87.54 81.79 18.46 97.40 12 43 2
303 42.67 20.64 28.44 264.30 2 42 2
304 59.27 76.23 49.27 243.18 0 4 2
305 9.22 29.21 12.42 382.94 12 27 1
306 28.76 31.41 40.77 184.16 7 29 2
307 7.29 22.58 26.27 397.23 2 4 2
308 44.47 24.13 23.87 366.08 3 36 2
309 57.55 15.72 47.06 415.61 9 46 2
310 49.00 62.65 21.02 409.72 22 37 2
311 51.17 7.27 11.57 124.74 7 23 2
312 44.49 87.01 8.72 315.75 2 35 1
313 92.08 42.90 4.70 73.98 18 37 2
314 20.46 62.32 24.06 316.53 14 47 2
315 3.18 81.68 35.96 91.77 11 27 1
316 19.00 77.19 26.69 322.83 6 47 2
317 96.68 96.19 27.12 209.27 24 36 2
318 30.55 90.99 24.39 221.19 18 40 1
319 93.24 58.85 29.85 277.74 24 40 2
320 27.70 59.18 35.25 134.90 11 45 1
321 47.08 24.91 0.79 499.44 24 28 1
322 58.91 80.11 28.47 434.41 6 11 1
323 29.90 39.54 37.51 89.25 3 21 2
324 97.61 24.46 40.86 220.12 9 13 2
325 3.45 81.62 9.88 264.28 17 32 1
326 19.84 55.84 7.04 178.04 15 48 1
327 68.69 44.92 40.01 191.03 0 19 2
328 12.98 62.94 18.32 404.28 4 15 2
329 9.52 65.26 47.24 95.35 24 45 2
330 88.07 42.11 11.48 342.63 21 21 2
331 6.35 67.24 11.46 255.55 16 38 2
332 77.27 44.60 46.96 394.70 23 30 2
333 74.16 23.46 30.45 322.06 16 43 2
334 20.78 19.86 33.68 377.06 11 30 1
335 33.50 38.44 4.37 323.95 0 37 1
336 92.66 74.18 49.94 391.81 9 27 2
337 71.47 42.65 28.67 407.70 16 38 2
338 80.11 68.13 30.19 450.42 6 15 2
339 42.85 17.46 27.62 55.67 23 48 1
340 35.62 83.43 46.65 418.88 9 41 1
341 47.08 64.38 49.34 240.54 21 44 1
342 59.91 4.24 27.51 295.30 11 11 2
343 55.11 69.72 38.07 317.00 16 45 2
344 3.62 0.99 32.34 473.65 13 35 2
345 67.63 82.82 34.92 358.15 12 40 2
346 29.03 88.34 8.48 63.36 3 31 1
347 34.69 4.82 11.85 239.06 10 12 2
348 35.30 0.94 44.48 52.43 1 25 1
349 17.89 23.66 3.19 105.23 5 10 2
350 17.24 20.59 6.41 498.32 7 13 1
351 63.32 97.72 43.26 414.93 11 45 2
352 72.19 79.92 23.37 319.38 16 41 1
353 77.82 71.24 37.58 135.93 14 34 1
354 8.00 21.03 22.46 78.60 8 22 1
355 2.19 85.86 18.92 50.33 21 38 1
356 39.00 65.45 1.30 70.31 8 34 1
357 75.11 91.97 11.75 284.05 1 3 2
358 68.38 42.56 46.59 172.90 5 20 1
359 17.27 8.03 7.60 252.80 1 46 2
360 76.51 87.34 16.06 141.09 9 46 1
361 18.93 28.24 9.09 180.20 2 37 1
362 50.13 35.39 46.86 50.05 10 47 1
363 5.27 9.57 19.88 428.16 7 33 1
364 38.52 34.02 9.75 59.99 20 36 2
365 92.64 50.91 23.43 174.08 6 44 1
366 62.07 77.50 1.13 67.25 22 41 2
367 8.69 72.60 19.11 262.16 24 41 2
368 6.16 40.10 49.30 281.70 15 33 2
369 28.34 96.88 24.79 59.16 5 31 1
370 63.05 16.76 9.41 324.33 20 29 2
371 77.74 39.09 30.98 252.20 2 25 1
372 65.52 3.31 0.09 395.00 14 34 1
373 99.46 44.06 6.09 431.93 16 46 2
374 2.14 3.22 16.08 259.70 3 13 1
375 48.87 86.32 41.61 305.00 18 47 2
376 46.34 10.42 24.80 425.14 18 24 1
377 81.35 30.75 11.50 377.13 12 35 2
378 84.85 73.33 25.04 427.54 6 38 1
379 38.04 94.55 49.63 116.61 24 25 2
380 21.29 19.11 26.63 405.60 24 40 1
381 51.66 53.18 12.91 373.94 2 43 2
382 20.93 90.41 9.20 222.57 3 42 1
383 3.54 0.01 14.04 51.24 7 14 1
384 12.26 53.68 42.51 125.88 8 42 2
385 59.24 56.33 19.44 225.18 12 28 2
386 29.13 94.93 16.17 230.52 22 25 2
387 3.46 6.47 31.29 404.37 12 32 2
388 36.29 19.35 42.58 84.47 2 30 1
389 27.88 47.40 25.87 380.67 19 44 1
390 8.69 18.70 19.97 201.07 21 30 1
391 68.12 24.85 6.78 429.86 0 37 2
392 54.12 32.09 24.93 302.99 1 29 2
393 82.44 57.23 34.65 302.74 21 22 1
394 5.38 64.28 19.53 307.04 23 35 1
395 92.54 16.81 19.26 385.41 1 15 2
396 87.66 46.97 22.95 252.11 14 20 2
397 42.49 74.71 41.14 134.34 4 25 1
398 57.37 83.28 26.00 367.95 15 30 2
399 46.13 89.99 19.92 228.06 15 15 1
400 77.54 86.10 27.13 361.20 18 27 1
1 191.58 4810.25 1
2 125.45 3057.55 2
3 165.73 2995.51 1
4 100.83 4914.86 1
5 109.41 3912.51 2
6 177.01 4420.63 1
7 137.50 2838.69 2
1 1.91 26.22 4
2 1.76 38.16 3
3 1.91 48.85 7
4 1.38 45.72 7
5 1.79 38.83 7
6 1.29 38.52 3
7 1.06 30.81 5
8 1.01 48.60 4
