Data for Vehicle routing problem with drones - Author: Huyen Do Thi Ngoc
Number of depots: 5
Number of cities: 300
Number of trucks: 9
Number of drones: 15
Area: 100 100 50
Customer maximum demand: 500
Max capacity of truck: 200
Max energy of truck: 5000
Max capacity of drone: 2
Max energy of drone: 50
1 42.00 16.76 1.79
2 85.18 87.79 18.19
3 54.85 42.04 5.92
4 68.24 7.58 31.70
5 78.96 24.92 28.16
1 56.53 22.34 32.46 153.80 5 6 3
2 83.28 79.37 40.18 156.61 16 38 2
3 61.85 35.59 2.76 241.34 16 48 4
4 65.14 15.42 32.71 421.50 12 17 4
5 44.64 98.03 16.45 150.25 13 20 2
6 23.47 50.76 44.69 386.26 14 33 2
7 66.69 44.28 32.27 394.46 4 28 1
8 28.96 96.83 30.48 102.79 10 43 3
9 12.19 56.17 16.38 197.44 8 39 1
10 36.44 87.32 8.01 216.15 1 18 4
11 12.55 86.62 19.90 427.20 3 30 2
12 28.89 81.25 44.10 143.36 20 41 3
13 94.43 46.55 34.11 358.66 19 38 2
14 57.22 7.72 14.00 167.35 15 18 4
15 7.20 41.96 39.67 193.01 18 30 3
16 94.27 59.96 45.81 483.81 15 17 1
17 91.98 0.69 42.78 414.87 3 3 4
18 3.90 37.21 9.03 202.85 20 37 1
19 63.84 33.92 3.92 322.63 13 28 1
20 1.80 94.67 9.63 226.21 13 13 2
21 86.96 99.37 16.87 351.36 20 25 1
22 82.45 87.50 25.83 236.52 19 36 3
23 96.37 13.53 32.80 444.22 14 24 4
24 65.24 34.63 41.12 87.06 8 45 4
25 17.77 70.89 23.17 424.47 13 45 2
26 18.20 30.75 47.30 489.47 8 46 2
27 83.57 45.94 43.33 269.89 24 46 2
28 9.41 45.03 29.05 102.17 0 0 4
29 89.17 0.76 17.33 317.13 2 9 3
30 57.59 93.29 39.90 58.49 14 46 4
31 50.19 25.18 21.66 52.95 14 36 3
32 29.87 83.28 38.18 267.03 8 16 1
33 49.73 97.84 23.73 443.36 22 42 4
34 80.18 75.29 49.80 459.73 2 41 1
35 88.30 16.36 24.82 57.77 6 14 2
36 78.35 72.60 37.24 164.13 0 27 5
37 44.28 94.36 17.58 242.06 2 15 5
38 89.26 70.83 5.13 228.00 4 5 4
39 61.66 51.33 12.33 179.53 24 48 2
40 93.33 11.56 3.52 341.45 5 43 3
41 4.40 54.64 39.29 275.41 10 34 5
42 30.82 98.69 19.22 304.62 12 13 3
43 55.62 8.11 25.09 280.12 15 33 1
44 1.73 90.15 28.63 142.44 8 24 3
45 13.65 15.69 9.51 88.74 1 11 5
46 77.74 75.97 1.03 324.83 18 19 5
47 64.29 24.41 45.31 109.59 5 32 1
48 94.93 53.21 7.72 138.26 18 26 1
49 46.66 67.85 33.10 234.36 23 46 4
50 45.65 54.86 47.98 471.38 0 18 4
51 64.11 24.22 0.19 168.66 4 15 5
52 3.99 50.74 26.93 406.53 4 8 3
53 87.80 75.08 42.63 278.76 0 8 1
54 95.02 25.99 16.54 235.62 0 41 2
55 52.87 74.71 25.34 497.83 19 46 5
56 60.24 77.46 4.83 437.31 12 22 1
57 86.95 25.26 11.79 291.24 24 47 1
58 25.25 73.15 37.47 304.49 12 13 4
59 98.72 13.60 43.72 177.16 24 41 4
60 36.19 30.21 22.88 54.57 17 29 1
61 35.65 59.04 22.20 360.56 6 38 1
62 16.46 1.84 39.97 439.30 24 46 2
63 44.93 38.99 25.58 228.89 5 32 2
64 27.60 35.87 19.25 386.68 24 31 4
65 28.65 6.56 11.99 352.59 15 40 4
66 72.14 62.82 40.99 165.43 19 43 4
67 96.14 48.82 29.01 418.86 16 46 3
68 36.02 63.48 29.45 307.00 15 46 5
69 23.12 10.60 8.47 79.93 3 18 5
70 61.68 29.53 9.50 491.35 2 35 4
71 47.37 30.20 44.94 280.49 4 6 2
72 95.24 74.60 10.82 310.08 24 35 4
73 38.99 91.04 42.44 84.74 14 33 3
74 78.20 71.72 3.94 170.11 2 30 4
75 22.91 89.63 5.89 223.71 11 45 3
76 61.08 15.36 4.52 292.47 21 30 4
77 80.74 43.95 28.23 310.08 14 47 2
78 57.16 50.63 11.99 55.17 21 37 4
79 14.92 24.24 37.74 291.73 24 48 1
80 33.13 6.29 48.05 449.16 21 35 4
81 13.29 37.61 27.87 249.93 12 32 2
82 63.87 80.71 6.15 347.77 13 38 4
83 97.84 24.32 3.87 454.59 2 24 4
84 44.25 44.68 14.66 84.46 18 26 3
85 15.88 54.68 37.23 171.79 19 21 2
86 62.83 16.92 0.93 430.22 8 38 3
87 50.28 45.02 27.80 309.63 14 31 1
88 85.46 91.61 12.20 335.91 23 40 1
89 47.10 34.95 4.07 208.72 9 37 5
90 15.99 46.79 33.89 369.34 18 39 1
91 72.66 64.40 15.96 278.55 6 26 5
92 75.68 51.47 18.66 168.66 22 42 1
93 55.61 42.94 8.69 491.48 0 14 1
94 87.93 89.53 25.33 498.41 22 35 4
95 6.47 73.47 32.96 441.09 23 36 4
96 84.72 79.70 1.60 92.86 5 19 5
97 40.22 87.01 37.16 109.05 18 34 3
98 17.22 51.02 41.64 406.75 5 14 2
99 77.74 79.60 27.16 349.57 3 29 5
100 17.74 84.10 39.60 263.57 6 34 3
101 54.62 49.91 33.88 341.79 4 15 1
102 24.37 15.37 39.83 424.65 5 35 4
103 67.22 26.11 19.18 156.87 5 45 4
104 92.34 64.28 16.63 357.51 18 32 1
105 69.65 73.28 37.93 154.64 17 32 1
106 55.12 42.95 24.07 297.70 20 47 4
107 40.08 82.14 25.50 460.10 10 33 3
108 21.12 62.53 17.40 458.76 8 48 1
109 44.83 90.02 32.55 243.50 2 29 3
110 95.41 78.37 8.14 188.40 1 20 3
111 53.30 98.56 46.52 331.96 4 11 5
112 25.93 98.86 17.54 295.47 18 19 2
113 89.47 45.69 42.01 255.66 8 37 2
114 13.49 42.19 34.05 298.35 22 28 1
115 46.79 82.12 2.26 155.24 2 34 4
116 27.66 60.55 1.69 466.79 17 43 3
117 74.24 53.08 47.38 322.27 11 33 2
118 27.71 41.10 3.03 103.79 18 28 4
119 22.97 51.46 20.48 262.03 18 29 4
120 41.24 97.11 39.47 463.72 4 24 4
121 86.33 31.04 26.92 438.82 7 37 2
122 88.14 75.54 18.62 264.47 18 20 5
123 79.58 38.09 19.49 87.67 6 18 5
124 81.86 37.27 13.76 89.41 20 42 4
125 64.30 72.55 41.44 197.78 6 9 1
126 65.72 67.41 45.50 131.08 20 30 1
127 70.89 36.58 21.94 375.23 14 25 5
128 15.96 78.56 16.65 242.40 23 32 3
129 88.65 93.45 13.13 178.97 11 11 4
130 80.55 90.59 27.26 182.91 7 41 3
131 39.29 3.96 37.62 297.17 4 10 4
132 47.27 2.49 21.14 482.17 21 31 4
133 57.51 69.66 43.36 386.82 1 26 3
134 32.87 34.01 17.52 460.43 17 42 2
135 82.44 87.69 36.51 478.56 5 7 2
136 22.32 73.89 45.66 326.42 8 35 5
137 8.18 12.82 8.57 201.69 22 32 4
138 80.15 97.52 33.63 134.40 1 45 1
139 33.41 34.13 5.40 423.51 16 21 2
140 87.01 30.80 17.80 463.70 12 39 5
141 21.54 90.34 39.10 50.63 8 12 5
142 22.51 36.11 29.70 468.33 9 27 4
143 41.94 17.72 43.01 127.54 19 39 4
144 58.36 49.01 11.76 296.37 7 18 4
145 39.11 46.36 24.80 119.99 22 32 5
146 54.39 2.84 30.76 450.01 16 47 2
147 77.10 84.66 43.83 247.41 0 29 3
148 23.23 93.85 47.11 263.39 4 18 5
149 74.91 85.48 7.43 386.64 12 25 3
150 53.20 81.19 41.65 327.89 5 43 1
151 18.75 76.79 24.58 316.91 19 20 2
152 51.99 59.97 24.39 125.17 10 36 5
153 21.28 88.81 34.17 204.49 17 17 4
154 33.48 41.88 39.96 102.97 6 24 3
155 89.67 25.39 11.75 208.00 11 21 4
156 38.26 30.34 42.22 298.31 2 32 5
157 98.35 40.12 25.11 124.44 7 35 4
158 96.72 69.15 7.80 96.64 2 47 3
159 62.45 92.35 22.11 247.52 10 47 3
160 37.86 49.74 38.20 391.72 1 3 4
161 31.27 87.03 43.68 259.35 3 31 4
162 45.93 27.97 19.59 376.58 21 43 2
163 34.19 77.68 48.11 408.79 17 29 3
164 53.75 65.43 47.71 430.68 1 41 2
165 65.38 0.32 12.11 265.24 21 25 3
166 74.65 32.32 17.37 416.67 14 48 4
167 93.11 16.50 41.11 353.35 2 39 1
168 80.39 44.50 5.42 304.07 11 41 5
169 59.74 26.35 10.19 249.27 1 8 3
170 40.66 97.13 39.08 325.93 13 42 1
171 49.76 74.25 6.79 217.80 0 36 5
172 7.50 34.98 22.73 179.13 15 35 2
173 71.45 76.39 44.58 381.82 19 45 4
174 35.93 73.84 41.09 68.63 19 19 5
175 99.83 46.51 4.62 266.79 3 33 1
176 36.86 79.66 0.52 139.92 17 38 2
177 51.22 61.48 42.97 262.37 14 45 4
178 37.35 56.83 37.99 83.46 20 24 4
179 25.34 79.36 21.28 344.35 18 29 3
180 88.51 74.46 30.08 175.75 19 26 5
181 30.20 80.86 47.55 421.77 0 33 4
182 21.24 5.92 12.69 412.76 6 33 1
183 1.14 90.26 9.66 87.56 20 23 5
184 16.43 12.62 20.96 216.32 7 36 1
185 68.24 48.69 2.49 349.34 15 29 5
186 83.92 95.32 9.56 232.93 5 38 4
187 82.55 78.98 31.54 383.92 21 36 1
188 59.20 77.69 4.25 55.47 21 33 2
189 22.52 15.18 19.50 321.12 22 26 5
190 91.64 33.72 37.94 485.18 4 5 3
191 90.67 88.48 21.32 238.38 4 33 2
192 78.08 15.35 7.89 403.88 22 24 1
193 14.33 94.71 48.27 149.42 20 30 4
194 38.59 76.84 42.95 402.43 22 48 1
195 60.56 39.92 43.23 260.55 15 34 1
196 69.65 6.00 47.48 437.61 11 19 2
197 96.43 92.21 48.75 322.12 3 28 4
198 41.38 65.28 49.63 374.26 12 15 3
199 42.90 36.63 8.50 88.62 21 48 2
200 10.73 7.54 1.53 243.62 10 20 5
201 35.35 87.87 18.03 373.51 7 30 4
202 26.48 7.61 28.43 354.31 22 39 2
203 68.96 40.88 32.11 369.68 15 35 5
204 61.38 69.30 12.03 423.68 10 24 3
205 19.25 26.71 33.07 473.10 24 37 3
206 88.00 97.88 35.16 443.20 1 28 3
207 48.33 96.93 46.12 335.76 15 31 1
208 49.46 5.60 34.41 101.58 15 47 2
209 94.56 45.74 33.53 60.93 18 47 3
210 60.16 82.65 11.14 372.97 20 45 3
211 46.62 99.12 7.67 412.56 12 39 3
212 7.65 51.90 44.58 185.56 1 18 2
213 81.87 34.44 1.16 217.45 3 7 2
214 36.96 54.67 41.79 403.02 3 14 4
215 59.41 39.95 31.76 402.56 23 28 1
216 49.03 88.55 1.78 228.29 0 22 2
217 49.69 81.27 43.47 485.57 9 34 1
218 64.57 79.50 6.29 494.81 8 14 3
219 54.00 67.45 22.26 62.97 24 26 2
220 10.61 26.15 36.31 127.96 23 37 1
221 39.28 11.27 45.74 327.61 21 23 5
222 39.79 96.01 41.93 286.14 19 36 1
223 6.06 60.29 16.48 53.01 17 36 1
224 70.13 58.54 29.30 192.99 15 21 5
225 56.93 65.46 29.75 382.04 0 16 4
226 39.37 73.85 45.37 227.15 13 32 1
227 47.67 94.69 43.35 403.77 14 42 4
228 75.17 23.40 33.58 447.09 10 32 4
229 87.08 90.22 40.11 433.36 0 21 4
230 94.05 18.89 27.61 434.72 5 37 4
231 35.18 84.60 34.97 268.83 8 42 1
232 43.93 77.25 33.10 370.66 18 38 4
233 66.74 51.31 27.23 449.15 1 34 2
234 94.55 99.47 42.94 440.77 14 21 2
235 11.12 90.56 4.30 256.33 11 30 1
236 87.63 46.05 23.57 247.50 13 32 1
237 36.49 21.74 21.82 158.76 5 24 5
238 98.17 19.20 25.11 195.07 16 21 4
239 80.60 48.95 9.57 404.95 1 45 2
240 68.42 29.76 39.64 366.33 18 43 2
241 21.68 82.03 19.98 313.21 5 20 3
242 40.69 66.54 14.16 456.60 5 7 5
243 51.53 16.72 2.64 318.42 7 22 4
244 79.91 42.95 15.78 262.68 11 26 4
245 72.88 21.43 6.71 481.66 21 44 1
246 6.23 77.18 9.25 391.46 6 31 2
247 19.05 34.26 40.94 140.80 19 28 2
248 24.82 57.35 46.40 446.22 12 26 2
249 69.65 32.23 30.15 379.37 4 43 3
250 87.30 98.81 19.20 285.06 17 28 4
251 26.69 20.19 26.55 160.26 14 19 3
252 53.04 78.60 28.61 327.36 5 32 2
253 27.09 96.60 7.27 189.01 17 46 4
254 13.49 70.29 9.81 351.42 24 37 5
255 63.37 61.20 23.12 304.94 13 27 3
256 44.65 65.71 33.42 115.75 15 27 3
257 42.21 23.24 1.21 465.37 8 11 2
258 23.05 11.00 18.33 147.10 8 14 3
259 59.19 53.73 46.02 360.83 2 11 3
260 71.02 43.11 16.11 174.80 10 12 2
261 25.95 63.14 23.43 54.76 6 31 5
262 81.91 82.12 27.81 297.07 17 39 5
263 66.63 4.86 41.85 103.13 22 38 5
264 95.98 54.00 3.94 112.26 23 35 5
265 93.63 68.00 3.85 425.70 19 26 1
266 60.68 71.50 15.68 259.29 19 36 1
267 46.35 62.59 23.82 108.06 7 45 3
268 69.79 40.91 31.85 307.25 5 31 5
269 92.66 94.15 10.58 415.19 10 13 2
270 4.18 65.93 29.49 490.04 4 6 4
271 87.68 49.90 4.33 456.16 7 48 5
272 62.69 15.79 10.29 420.92 4 42 5
273 14.98 39.66 38.45 198.19 8 22 2
274 17.02 62.65 4.17 450.67 20 41 1
275 3.14 23.37 32.63 252.81 6 42 2
276 43.23 82.30 5.20 215.00 15 45 5
277 6.40 91.40 29.39 70.75 12 42 1
278 44.75 29.76 34.17 470.72 11 30 1
279 61.42 95.91 43.51 471.36 8 21 2
280 31.52 1.62 19.24 108.18 16 34 4
281 54.80 73.44 20.07 231.48 24 25 1
282 99.90 23.83 39.29 316.20 13 30 3
283 90.59 26.45 36.27 461.26 13 18 5
284 10.47 91.20 11.83 247.77 5 7 2
285 63.55 82.81 7.80 111.39 17 31 5
286 99.91 48.77 23.75 198.13 14 17 5
287 82.98 49.19 32.25 487.13 18 34 2
288 17.69 21.18 32.40 411.27 10 10 1
289 22.10 30.54 1.14 147.10 5 40 3
290 48.43 45.08 12.41 76.04 22 32 1
291 82.30 74.38 4.88 200.22 22 42 4
292 27.01 86.11 12.42 107.11 22 35 5
293 1.84 26.08 33.82 384.43 1 20 5
294 69.27 50.61 32.78 98.79 19 30 5
295 94.00 70.21 28.59 395.05 9 25 1
296 65.25 44.72 17.74 228.94 13 48 2
297 24.39 79.80 42.00 391.38 20 38 2
298 42.48 10.36 42.35 475.41 22 46 3
299 56.55 26.65 36.39 437.87 13 40 4
300 84.45 52.69 47.65 434.45 2 29 4
1 198.75 4771.43 1
2 149.44 2697.99 2
3 177.52 3142.82 3
4 114.82 4552.58 4
5 105.38 3729.56 5
6 121.48 3824.87 3
7 134.94 2723.71 5
8 120.63 3313.54 5
9 108.31 4058.41 5
1 1.60 25.32 6
2 1.25 26.96 5
3 1.37 41.66 8
4 1.90 41.30 6
5 1.14 40.70 3
6 1.09 33.09 5
7 1.97 49.14 6
8 1.83 36.54 1
9 1.08 29.77 4
10 1.90 33.28 7
11 1.50 39.69 1
12 1.33 25.56 3
13 1.48 28.02 2
14 1.38 45.74 1
15 1.31 25.83 2
