Data for Vehicle routing problem with drones - Author: Huyen Do Thi Ngoc
Number of depots: 2
Number of cities: 400
Number of trucks: 3
Number of drones: 13
Area: 100 100 50
Customer maximum demand: 500
Max capacity of truck: 200
Max energy of truck: 5000
Max capacity of drone: 2
Max energy of drone: 50
1 52.53 9.96 41.94
2 30.28 92.60 4.15
1 36.48 89.95 13.31 238.13 10 34 1
2 87.42 48.60 7.85 282.53 10 20 1
3 5.44 59.01 34.28 72.94 11 13 2
4 9.45 24.46 37.91 289.46 0 22 2
5 64.03 33.67 41.49 166.38 18 44 1
6 56.74 7.04 48.95 210.58 4 25 2
7 44.21 39.37 49.29 50.64 22 42 2
8 18.98 70.26 6.00 380.67 23 47 1
9 69.00 13.41 40.15 205.03 23 47 2
10 50.30 8.66 39.97 122.92 19 35 1
11 28.84 75.55 40.36 412.05 13 20 2
12 70.69 22.66 26.51 487.94 18 21 2
13 26.30 35.73 45.49 92.22 9 48 1
14 39.73 46.17 3.40 303.98 17 36 2
15 20.72 47.09 13.47 252.88 6 33 2
16 6.52 5.23 33.93 120.77 14 19 1
17 81.54 43.18 22.20 158.50 0 26 2
18 53.08 0.41 7.32 149.23 6 8 1
19 17.25 10.94 4.02 358.86 18 25 2
20 71.66 81.81 18.36 91.83 16 28 1
21 86.85 85.59 44.00 125.20 8 36 2
22 48.09 43.96 21.18 127.86 9 42 1
23 38.11 87.31 44.93 167.74 4 23 2
24 96.34 26.71 6.94 440.53 23 39 1
25 83.99 11.13 6.17 87.26 22 34 1
26 11.87 40.67 17.12 62.73 6 36 2
27 61.26 39.98 3.77 340.12 13 24 1
28 91.08 62.59 33.53 188.32 4 17 1
29 16.31 59.45 0.60 210.49 7 22 2
30 76.63 49.30 41.34 287.06 7 16 1
31 30.31 46.75 25.45 75.94 19 45 2
32 84.54 75.17 10.35 366.95 22 44 1
33 62.85 97.84 29.93 331.97 22 43 1
34 24.09 44.19 42.49 246.63 7 13 2
35 69.61 50.67 10.28 80.88 17 23 1
36 55.63 4.73 31.11 51.92 11 16 2
37 14.81 76.00 32.96 374.68 5 42 1
38 74.88 98.51 3.40 485.39 17 20 2
39 40.84 93.78 41.50 431.64 9 33 1
40 8.82 76.77 3.79 470.50 19 40 2
41 62.36 52.24 23.26 429.88 14 31 1
42 54.13 9.59 41.05 157.61 16 25 1
43 19.88 35.72 43.17 233.54 18 34 2
44 64.57 94.31 9.32 385.42 16 42 2
45 84.88 59.77 18.56 139.78 15 35 1
46 84.45 1.67 16.54 173.15 8 20 2
47 92.06 13.52 47.72 94.94 20 30 2
48 28.98 88.89 11.34 53.98 12 44 1
49 10.28 27.37 47.89 493.36 17 41 1
50 85.58 90.39 1.63 63.97 8 47 1
51 77.29 56.30 9.08 303.38 20 26 2
52 48.94 44.26 35.82 112.02 17 23 1
53 11.58 61.36 8.81 92.30 16 25 2
54 26.36 22.67 35.87 457.81 12 31 2
55 53.69 66.65 16.58 180.11 21 28 1
56 51.65 44.27 6.81 496.72 13 24 2
57 3.02 80.46 45.85 377.72 6 20 2
58 18.75 82.58 2.26 404.81 10 44 2
59 36.72 36.01 17.32 460.53 22 39 2
60 53.56 53.15 19.83 263.27 1 45 1
61 40.35 53.29 24.44 412.26 10 44 1
62 40.10 29.40 26.57 454.26 17 34 1
63 40.22 74.39 41.25 66.86 9 41 2
64 7.34 89.57 33.96 225.48 10 19 2
65 43.66 17.52 6.46 231.81 11 38 1
66 43.74 39.05 1.21 147.25 9 48 2
67 34.57 94.52 24.75 103.22 10 32 1
68 78.26 68.76 28.88 424.76 7 29 2
69 19.41 54.62 38.75 269.47 15 27 2
70 47.41 42.60 14.32 56.00 5 41 2
71 63.48 78.58 2.45 292.35 18 41 2
72 12.98 99.08 49.19 92.15 14 40 2
73 45.43 98.53 22.78 263.62 24 40 2
74 1.10 44.35 25.81 72.60 11 22 2
75 43.44 0.80 27.91 171.06 7 35 2
76 95.85 31.33 47.44 110.16 22 30 2
77 10.34 97.20 6.60 178.23 8 13 1
78 20.04 65.50 4.98 98.71 15 27 1
79 39.82 61.40 3.46 389.01 22 42 2
80 92.53 13.61 18.52 328.21 24 40 2
81 77.55 41.10 10.59 377.82 11 13 1
82 89.77 71.23 49.89 134.05 12 31 1
83 86.11 68.14 29.31 490.85 14 34 2
84 98.33 40.12 12.74 302.39 11 25 1
85 33.83 55.26 20.86 427.87 23 38 1
86 78.06 99.58 37.89 55.59 21 43 1
87 59.63 23.69 27.70 366.23 0 17 2
88 26.14 40.42 25.85 268.39 22 24 2
89 0.32 84.09 8.27 328.28 18 20 1
90 18.42 76.85 27.29 499.35 7 48 1
91 62.00 10.94 28.25 335.82 20 39 2
92 43.76 63.68 31.25 269.88 23 32 2
93 11.71 89.73 33.59 242.14 16 19 2
94 16.16 82.59 46.37 408.72 12 39 1
95 71.71 91.77 19.83 497.12 0 5 1
96 11.37 48.38 20.61 106.65 10 34 2
97 21.19 12.29 8.17 173.70 17 44 1
98 91.77 33.36 7.20 95.53 18 40 2
99 70.89 84.79 24.86 466.20 12 38 1
100 74.79 51.27 9.26 112.37 12 29 1
101 61.11 77.07 39.67 323.34 4 14 1
102 26.65 55.77 11.83 420.01 23 42 2
103 52.30 84.19 6.02 50.94 19 44 1
104 44.68 36.25 35.35 313.57 9 30 2
105 26.68 83.67 12.17 409.83 11 14 2
106 12.72 33.50 49.53 184.38 19 42 2
107 5.99 86.85 8.01 316.51 21 48 2
108 48.37 26.76 36.03 313.46 11 26 1
109 25.54 47.62 5.24 159.39 10 41 2
110 12.82 98.30 27.33 229.61 2 43 1
111 57.27 79.23 49.89 426.99 16 32 1
112 22.81 85.50 32.80 209.39 3 35 1
113 85.52 97.49 41.45 391.04 23 46 1
114 40.34 39.59 10.68 385.18 21 24 2
115 51.85 43.60 2.55 152.01 19 41 2
116 4.77 63.56 18.60 490.95 13 18 1
117 12.71 49.66 44.52 246.04 0 29 2
118 15.77 59.37 14.07 419.92 10 21 2
119 6.08 33.34 8.53 359.37 6 17 2
120 92.67 10.21 49.39 258.95 24 30 2
121 33.15 2.24 35.07 66.77 8 28 2
122 28.24 86.78 4.09 221.27 13 31 2
123 1.16 31.99 19.88 126.22 13 19 2
124 8.86 82.44 37.30 196.35 7 30 2
125 25.24 43.50 10.69 350.80 21 23 1
126 44.81 81.14 41.23 96.76 14 18 2
127 89.03 44.12 27.21 57.52 9 48 1
128 14.06 23.12 9.21 439.28 18 26 2
129 86.16 64.38 17.37 310.78 0 39 2
130 62.85 23.22 30.68 429.20 16 37 1
131 40.61 19.64 49.91 218.62 12 31 1
132 6.10 22.99 39.22 495.89 17 25 1
133 53.41 86.70 24.72 479.14 16 23 2
134 3.04 95.30 13.85 462.00 22 22 1
135 31.95 22.01 1.85 260.38 0 2 1
136 63.03 92.55 34.12 263.40 9 18 2
137 92.50 98.46 28.96 89.86 9 11 2
138 62.79 61.00 47.76 202.61 10 21 2
139 29.91 39.47 45.36 274.60 16 44 2
140 8.21 75.99 49.59 326.11 14 30 1
141 10.35 49.31 24.22 356.84 6 23 2
142 41.24 62.26 36.70 350.20 7 9 1
143 77.24 84.30 26.30 312.17 5 15 2
144 88.72 59.49 3.83 481.01 2 16 1
145 42.88 14.08 23.48 296.86 6 9 1
146 91.51 83.98 15.00 246.41 8 9 2
147 83.94 72.67 34.11 214.03 10 46 1
148 67.47 29.76 35.89 65.72 7 41 1
149 47.23 67.08 47.59 251.62 3 11 2
150 62.88 9.93 46.20 425.71 9 30 2
151 71.68 38.58 39.43 141.26 19 44 1
152 10.32 85.99 29.72 409.19 13 39 2
153 41.05 92.90 20.88 276.76 23 38 2
154 11.38 64.92 42.51 409.74 20 42 1
155 39.97 44.65 36.75 441.05 0 38 2
156 94.00 33.40 5.90 489.17 12 41 1
157 49.75 33.05 21.19 109.59 3 33 2
158 25.26 46.85 27.90 52.17 0 8 1
159 29.99 66.07 28.01 189.36 0 17 2
160 42.12 2.12 12.55 466.46 15 25 1
161 34.91 38.63 42.58 226.19 20 34 1
162 54.06 52.18 24.37 426.46 18 43 2
163 95.87 54.15 20.40 51.20 4 21 1
164 55.57 39.92 8.01 95.38 14 48 2
165 50.81 67.64 34.52 222.17 24 37 1
166 39.11 70.64 36.82 374.18 12 22 2
167 77.43 0.62 20.76 421.46 17 30 1
168 76.82 23.21 26.42 430.51 15 23 2
169 17.56 63.83 48.44 468.20 11 43 1
170 9.99 95.36 38.61 240.05 17 34 1
171 86.59 91.30 43.15 256.31 8 28 1
172 4.48 40.64 18.21 170.30 13 31 2
173 35.20 14.10 45.53 379.14 17 25 2
174 81.53 56.15 36.32 147.84 8 29 1
175 50.17 18.89 17.73 395.84 12 45 2
176 73.00 12.78 32.45 217.22 7 25 1
177 70.12 66.41 20.71 108.67 10 28 1
178 39.89 50.37 39.75 250.19 16 27 2
179 99.00 43.41 2.42 316.98 8 39 1
180 81.93 1.70 26.25 212.52 12 25 2
181 35.59 89.04 39.27 191.26 11 14 1
182 28.40 83.16 1.36 460.25 17 48 1
183 54.89 86.74 2.11 159.60 5 47 1
184 28.12 32.91 33.41 332.25 12 31 2
185 89.85 68.37 29.55 413.87 17 22 2
186 5.68 92.37 25.01 106.28 4 11 1
187 92.23 90.51 0.47 345.56 19 45 2
188 23.01 95.47 41.75 399.53 10 37 1
189 18.81 85.52 20.79 190.09 0 6 2
190 39.45 27.48 3.80 280.21 19 43 1
191 90.19 5.19 10.60 193.89 23 26 2
192 9.09 16.71 49.80 94.44 2 20 1
193 3.94 19.49 27.63 276.93 19 22 1
194 0.47 39.65 24.33 444.58 9 35 1
195 45.68 68.64 11.33 436.36 6 18 2
196 67.79 97.53 30.93 381.40 8 33 2
197 34.86 77.55 43.66 161.40 7 36 1
198 66.79 70.44 22.50 144.57 17 47 1
199 26.04 70.51 13.46 347.44 24 37 1
200 4.26 53.56 18.39 74.27 8 16 2
201 79.08 42.60 41.36 226.01 22 44 2
202 83.56 61.15 17.97 471.03 14 21 1
203 39.10 27.61 17.69 453.36 9 48 2
204 32.46 51.65 4.51 310.74 12 13 1
205 41.09 91.14 3.60 305.06 14 46 2
206 93.51 84.25 25.33 418.20 19 21 1
207 65.61 85.43 37.05 239.20 8 22 1
208 65.98 2.67 47.31 255.99 5 33 1
209 42.06 20.86 43.48 77.74 17 33 2
210 88.36 57.00 18.46 107.43 24 47 1
211 56.56 38.25 19.47 224.05 15 15 1
212 64.12 52.27 41.28 142.25 1 18 1
213 59.53 88.18 41.79 88.61 7 31 1
214 92.57 32.78 11.15 382.63 17 33 2
215 34.13 20.37 16.29 104.85 9 36 2
216 70.46 92.18 24.63 390.73 21 41 1
217 64.58 12.42 44.44 438.84 14 23 1
218 87.09 22.31 11.09 194.51 4 13 2
219 66.01 54.23 19.23 336.26 24 33 2
220 98.96 73.47 40.85 221.00 24 28 2
221 65.78 11.35 34.06 306.16 19 45 2
222 7.96 11.92 47.29 458.72 4 15 1
223 39.26 55.40 20.99 313.89 8 9 1
224 74.07 53.50 48.63 304.56 22 28 2
225 14.54 60.14 22.49 497.44 12 17 2
226 76.96 73.77 27.65 383.96 7 47 2
227 21.27 11.53 38.79 106.00 7 26 1
228 49.08 39.36 5.67 71.47 24 34 2
229 52.16 21.78 2.26 208.59 18 27 2
230 11.32 14.89 5.60 158.02 8 17 2
231 54.97 12.22 9.55 199.64 1 39 1
232 11.72 93.50 41.61 294.76 5 15 2
233 16.83 47.82 46.71 274.56 14 17 1
234 84.53 35.01 18.80 238.10 13 17 1
235 81.52 37.05 45.46 254.99 22 25 1
236 37.23 15.60 16.99 331.46 20 38 2
237 76.87 29.23 7.72 426.78 0 15 2
238 82.25 0.23 44.25 416.22 22 48 1
239 36.33 69.98 9.23 230.29 7 14 1
240 72.75 93.40 3.32 307.39 21 25 1
241 73.70 26.99 41.84 129.24 13 26 1
242 91.63 21.93 22.26 318.81 21 44 1
243 16.03 44.17 19.83 92.48 10 48 2
244 58.32 0.92 22.18 404.90 0 37 1
245 86.72 13.89 21.89 429.61 12 46 1
246 61.28 53.84 0.79 203.87 2 47 1
247 33.96 93.11 30.16 89.40 21 31 1
248 52.16 30.78 17.55 225.31 5 35 1
249 25.26 12.71 36.00 263.05 12 27 1
250 20.90 41.72 34.05 304.30 7 35 1
251 60.16 69.60 49.63 255.13 23 36 1
252 30.14 83.37 17.70 184.20 10 29 1
253 13.22 31.07 46.59 332.38 3 30 2
254 10.82 91.12 24.23 270.33 9 28 2
255 10.79 13.43 9.64 105.81 12 20 1
256 45.51 29.96 4.62 79.96 6 10 2
257 88.64 92.69 8.22 114.32 1 11 1
258 34.72 59.69 12.22 196.23 17 27 1
259 36.61 37.53 4.46 165.54 18 39 2
260 54.60 48.51 37.66 308.59 8 44 2
261 77.69 74.80 18.05 186.39 18 21 2
262 90.72 35.91 29.36 148.04 5 37 2
263 12.08 49.02 42.29 312.39 20 37 1
264 94.93 78.76 12.73 409.56 8 16 1
265 48.52 8.19 17.67 481.83 1 1 1
266 65.12 1.59 25.02 110.38 3 17 2
267 56.59 22.06 1.13 400.58 16 45 1
268 31.42 1.33 15.17 226.71 23 29 2
269 48.30 48.23 8.12 263.30 17 38 2
270 97.33 1.04 16.84 340.78 16 29 1
271 36.38 97.56 43.64 485.21 3 3 1
272 57.26 18.69 15.59 394.04 19 25 1
273 69.88 21.68 15.21 273.70 9 46 2
274 83.44 65.57 35.69 258.59 24 42 1
275 91.01 53.83 28.82 410.89 16 48 2
276 43.59 11.44 18.54 242.55 0 30 2
277 12.83 81.19 7.82 423.97 3 30 2
278 56.96 19.52 31.13 188.66 14 30 2
279 37.03 54.34 31.80 325.30 15 32 2
280 4.34 24.59 27.85 484.35 19 47 1
281 1.09 30.92 47.42 291.42 24 33 2
282 39.54 94.69 2.15 131.11 13 45 2
283 7.44 79.12 6.70 416.84 16 38 2
284 1.86 36.75 37.26 143.23 15 18 1
285 5.61 27.54 20.49 343.00 13 23 1
286 33.49 14.19 37.32 235.61 10 33 1
287 29.16 65.72 1.87 322.69 9 21 1
288 17.58 19.36 13.45 192.48 23 36 2
289 74.06 22.55 42.00 469.72 15 29 2
290 34.02 31.81 1.95 401.02 13 30 1
291 2.03 17.81 28.55 426.14 2 2 2
292 45.29 78.73 44.43 437.37 4 4 1
293 96.28 41.01 42.82 496.16 3 44 1
294 78.95 71.36 35.63 435.12 21 42 2
295 37.25 43.84 34.93 457.40 23 26 2
296 34.30 29.71 15.38 60.12 12 46 2
297 61.27 60.00 35.83 60.82 5 42 2
298 15.56 27.44 15.31 416.43 20 48 2
299 73.84 76.74 26.38 285.22 15 32 2
300 13.82 11.15 30.35 385.88 16 48 1
301 46.19 69.02 36.28 309.67 9 19 2
302 90.38 22.06 44.59 308.34 21 35 1
303 63.93 88.11 8.07 378.33 3 27 1
304 81.35 46.58 38.98 373.45 10 17 1
305 54.71 44.85 14.15 299.57 1 14 1
306 80.64 99.66 2.83 50.20 3 41 1
307 93.25 81.62 1.68 344.32 24 35 2
308 57.07 4.22 21.86 315.86 9 26 2
309 76.49 84.85 26.94 379.87 13 28 2
310 53.10 54.32 0.44 496.21 13 48 1
311 51.18 92.02 1.47 413.21 16 18 2
312 96.87 20.57 19.34 110.12 15 25 1
313 39.11 79.59 9.26 157.54 16 17 2
314 64.95 13.42 36.89 250.64 10 22 2
315 70.03 74.76 45.20 344.10 15 24 1
316 63.62 58.21 17.72 250.36 11 45 2
317 31.23 8.94 39.11 259.70 3 11 1
318 47.16 38.23 23.08 469.31 0 0 1
319 17.87 25.84 36.37 285.29 21 33 1
320 59.61 39.99 7.83 397.15 1 44 2
321 46.37 55.10 24.33 459.21 18 42 2
322 13.01 49.25 26.00 336.09 3 15 1
323 39.67 50.90 33.38 169.64 14 17 1
324 81.59 68.89 22.68 499.68 19 47 2
325 11.23 52.98 7.88 456.12 19 24 1
326 93.48 79.59 12.28 276.01 23 29 1
327 36.18 49.66 5.73 195.83 3 23 1
328 22.94 33.11 29.67 84.58 11 32 1
329 10.15 55.22 24.16 70.08 16 38 1
330 39.80 77.27 47.12 217.98 8 22 1
331 78.13 51.10 13.31 393.02 9 12 1
332 55.91 48.11 43.13 374.02 12 34 2
333 21.80 17.15 1.85 354.28 2 23 2
334 26.45 49.26 20.63 323.36 5 16 2
335 24.11 56.95 26.23 348.97 4 11 1
336 47.60 47.40 12.86 331.28 16 33 1
337 5.36 6.86 36.95 154.40 0 7 2
338 85.88 86.60 47.50 360.27 16 43 2
339 73.66 54.29 40.19 288.27 13 46 2
340 31.78 5.91 23.03 75.05 16 33 2
341 42.34 12.83 9.37 208.90 19 45 2
342 15.00 83.02 40.60 274.53 19 41 2
343 63.79 18.75 12.06 256.89 12 26 2
344 61.50 64.08 40.43 205.70 12 22 1
345 47.90 11.00 7.57 245.69 20 43 2
346 93.20 35.52 27.23 301.02 10 38 2
347 30.22 34.09 18.55 359.24 18 20 1
348 6.99 39.49 11.15 432.10 14 37 1
349 59.31 27.84 7.35 304.61 0 0 1
350 12.04 76.33 9.11 71.43 15 48 1
351 27.81 54.32 23.36 111.98 19 35 1
352 91.72 55.37 13.14 299.35 16 34 1
353 47.87 86.58 26.30 183.84 22 37 2
354 79.49 23.16 28.96 447.66 19 27 2
355 17.11 48.50 6.39 292.18 9 18 2
356 13.98 22.00 16.83 375.22 18 46 1
357 7.70 69.86 23.90 424.10 24 48 2
358 97.60 91.47 45.92 473.31 5 42 2
359 84.04 31.66 30.62 113.19 8 48 1
360 87.48 96.63 18.11 437.03 18 20 1
361 67.55 16.90 3.93 455.37 16 41 2
362 8.29 97.47 19.79 370.16 5 38 1
363 26.01 17.96 18.27 371.55 8 38 1
364 40.55 84.38 31.36 364.30 20 23 2
365 32.09 21.99 46.46 255.65 4 39 1
366 86.46 98.36 22.73 494.54 18 27 1
367 36.35 92.15 7.58 169.95 4 46 1
368 7.21 18.88 17.51 52.45 20 47 1
369 25.72 49.72 11.29 252.03 2 14 2
370 8.31 56.80 43.31 440.39 12 36 1
371 52.41 86.96 43.73 56.72 7 19 2
372 40.49 31.04 1.51 258.76 3 24 2
373 3.04 33.08 48.98 364.53 21 22 1
374 47.44 84.60 42.44 229.38 8 22 2
375 58.97 81.16 6.65 269.13 4 6 2
376 81.06 20.92 28.87 156.29 10 32 2
377 30.29 5.11 15.51 313.73 10 26 2
378 96.24 67.04 3.43 464.65 7 35 2
379 18.37 72.74 19.04 132.56 16 21 1
380 60.02 11.37 28.61 486.70 22 25 1
381 80.11 15.71 5.90 207.82 6 18 1
382 34.47 40.64 8.25 137.58 6 37 1
383 3.43 49.30 35.23 113.96 15 23 1
384 12.91 29.01 48.82 390.14 8 39 1
385 77.30 80.73 10.49 389.08 1 47 1
386 66.31 65.56 45.82 147.73 20 30 1
387 59.46 52.38 49.75 236.96 15 36 2
388 25.40 85.49 14.65 90.92 13 23 2
389 23.18 68.93 15.69 84.56 11 47 1
390 36.55 25.17 40.86 71.56 10 20 2
391 72.40 47.90 46.29 397.26 8 15 1
392 87.78 29.57 43.28 92.84 9 48 2
393 67.43 35.25 1.09 207.40 10 19 1
394 60.40 15.91 11.54 190.28 11 35 2
395 23.98 62.20 0.07 223.50 12 25 1
396 94.01 53.19 39.34 358.04 24 42 1
397 59.79 76.22 21.59 235.00 17 47 2
398 4.04 45.83 13.90 78.18 10 14 2
399 62.32 28.00 15.58 358.06 10 39 1
400 33.38 56.71 24.05 337.08 16 31 1
1 140.86 2566.11 1
2 105.81 2711.19 2
3 105.37 3592.67 2
1 1.31 45.21 1
2 1.17 35.95 3
3 1.16 40.29 3
4 1.84 32.22 1
5 1.15 38.23 1
6 1.39 49.36 2
7 1.01 34.91 3
8 1.31 31.96 2
9 1.00 37.47 1
10 1.04 38.64 2
11 1.19 32.36 1
12 1.39 45.00 2
13 1.41 46.75 1
