Data for Vehicle routing problem with drones - Author: Huyen Do Thi Ngoc
Number of depots: 2
Number of cities: 300
Number of trucks: 6
Number of drones: 8
Area: 100 100 50
Customer maximum demand: 500
Max capacity of truck: 200
Max energy of truck: 5000
Max capacity of drone: 2
Max energy of drone: 50
1 26.93 94.07 7.30
2 16.60 85.41 37.90
1 95.35 41.62 38.00 164.66 5 35 1
2 65.88 57.35 1.29 134.22 4 42 2
3 2.16 83.78 27.41 442.50 15 47 2
4 1.80 97.20 16.84 184.45 19 26 2
5 43.36 54.03 24.64 414.42 5 24 1
6 95.59 86.31 0.22 158.06 1 23 1
7 65.66 17.50 22.87 202.24 21 43 1
8 65.81 27.88 5.54 170.18 21 36 2
9 57.04 19.70 45.96 499.25 18 46 1
10 72.97 59.93 48.78 71.29 4 22 1
11 80.96 47.15 18.62 384.25 1 29 1
12 28.96 61.86 2.93 333.60 7 45 1
13 98.42 95.52 44.26 358.55 13 28 2
14 36.59 43.36 45.22 429.10 2 39 2
15 56.33 60.52 2.47 103.76 23 43 1
16 11.23 84.13 33.66 350.78 15 23 1
17 36.26 9.47 16.81 290.33 10 39 1
18 54.38 75.62 16.62 276.08 17 32 1
19 85.99 9.94 15.39 484.79 21 33 1
20 66.90 66.02 33.08 414.07 5 14 2
21 0.42 90.94 41.64 448.74 23 27 1
22 55.47 48.05 10.51 173.90 13 22 1
23 62.79 95.59 35.79 221.04 1 39 2
24 84.25 43.83 4.31 290.64 5 31 1
25 20.14 50.91 7.03 163.81 4 35 1
26 4.55 89.32 38.26 104.92 12 32 1
27 78.86 94.29 47.63 328.26 14 29 2
28 32.98 0.19 27.86 395.93 11 41 2
29 9.42 0.12 10.84 307.13 14 22 2
30 4.14 20.28 18.76 286.96 5 44 1
31 82.52 78.24 32.91 225.98 12 20 1
32 56.90 84.27 0.50 400.37 23 33 1
33 61.64 56.87 34.94 366.32 4 30 1
34 78.11 92.27 7.19 96.93 22 37 1
35 20.84 80.81 45.92 130.95 16 19 1
36 68.88 64.19 1.23 337.99 10 21 1
37 4.29 57.93 45.01 404.76 20 27 2
38 16.51 43.18 39.03 124.85 6 17 2
39 14.75 25.52 42.33 55.25 15 32 2
40 90.03 65.32 41.44 302.52 5 26 2
41 68.87 46.76 39.79 391.25 15 29 1
42 14.82 64.31 40.79 73.28 24 37 2
43 23.17 80.69 17.59 412.44 9 31 1
44 15.24 12.31 26.30 54.45 1 48 2
45 3.43 89.16 39.04 160.69 23 27 1
46 0.71 99.51 38.23 208.73 6 42 1
47 36.70 28.34 20.23 412.64 10 11 1
48 5.06 26.58 28.46 364.87 20 33 1
49 58.44 61.01 9.72 390.56 8 12 1
50 14.74 51.20 10.96 299.95 24 44 2
51 6.87 36.52 38.49 235.26 4 27 1
52 18.52 76.45 11.75 249.04 19 48 2
53 32.32 54.59 27.26 344.28 19 42 2
54 79.55 69.94 39.57 409.61 14 35 1
55 51.19 88.49 18.37 197.46 5 13 2
56 10.60 68.60 20.17 240.29 1 11 1
57 90.86 48.99 1.23 313.43 13 42 1
58 34.99 3.96 3.39 388.16 8 18 2
59 25.18 41.26 14.09 101.10 10 21 1
60 25.74 93.83 48.40 319.01 2 11 2
61 30.63 42.96 24.19 487.86 22 41 1
62 49.35 94.45 6.00 68.44 14 48 2
63 59.60 87.05 6.05 258.21 0 33 1
64 80.80 51.24 7.67 180.69 3 5 1
65 90.12 15.08 35.05 317.57 23 40 2
66 57.98 75.57 18.24 214.67 10 43 2
67 97.40 73.53 46.70 131.30 14 48 2
68 73.00 73.09 12.55 173.83 23 41 1
69 25.41 2.78 7.65 184.08 6 46 1
70 81.93 93.83 33.38 301.37 2 25 1
71 87.86 35.12 48.84 429.84 10 12 2
72 95.31 48.80 31.50 121.16 3 37 2
73 29.56 3.72 22.45 72.13 2 42 1
74 1.25 23.00 6.03 450.81 2 43 1
75 67.10 81.85 8.96 140.81 1 15 1
76 6.75 20.11 45.91 363.83 7 43 2
77 99.59 35.53 39.04 394.93 5 24 1
78 23.27 71.76 46.83 374.48 14 36 1
79 84.10 7.03 17.84 84.76 12 37 1
80 63.29 75.88 38.41 372.86 8 18 2
81 34.26 88.05 42.89 434.31 0 1 1
82 85.45 84.72 21.18 313.44 6 35 2
83 39.64 74.18 24.91 163.73 13 20 2
84 82.52 10.25 23.25 499.37 21 22 1
85 35.79 40.86 5.19 109.93 9 23 2
86 65.42 46.48 35.08 338.80 5 14 2
87 9.06 22.38 20.01 86.82 22 34 1
88 0.82 72.29 3.70 212.50 15 18 2
89 58.95 37.88 23.05 410.57 15 32 2
90 89.44 60.94 16.77 378.18 15 30 2
91 95.60 89.55 42.06 474.26 10 28 2
92 18.06 45.70 23.61 183.16 12 20 1
93 90.13 78.48 47.18 400.77 15 25 2
94 20.82 57.88 18.94 194.54 20 48 2
95 7.99 29.39 8.06 445.47 5 16 2
96 48.97 99.15 49.82 110.85 15 25 1
97 86.65 96.98 23.57 391.97 11 42 1
98 66.68 2.98 49.62 498.47 2 33 2
99 98.18 66.45 37.00 444.47 14 21 2
100 5.89 36.45 15.54 203.88 16 17 1
101 21.76 76.76 38.48 416.68 3 38 2
102 27.45 64.91 42.34 473.48 18 48 2
103 70.42 2.43 8.18 341.76 4 38 2
104 83.45 81.62 46.86 434.59 8 48 2
105 62.96 77.74 35.02 415.47 9 45 2
106 44.47 37.07 2.66 314.45 11 37 1
107 24.12 1.56 47.47 295.15 3 11 1
108 15.32 4.07 5.17 206.32 17 32 1
109 82.61 43.94 6.06 443.24 5 19 1
110 17.64 72.77 13.54 137.00 1 38 1
111 33.07 31.57 24.75 169.40 8 40 2
112 68.64 59.29 42.49 180.27 5 41 1
113 95.55 76.42 29.72 323.13 11 27 2
114 56.79 28.86 20.49 333.52 18 18 2
115 29.56 30.55 29.42 466.58 15 42 2
116 94.18 73.75 0.03 121.73 24 36 2
117 49.09 94.09 21.66 388.43 21 26 1
118 4.88 77.66 6.54 433.35 10 41 1
119 72.14 11.65 23.64 448.12 22 42 2
120 57.81 79.65 35.30 136.19 17 34 2
121 82.80 88.64 41.08 83.20 21 31 2
122 60.46 95.89 43.97 77.79 24 41 2
123 67.49 87.88 38.40 241.80 14 22 2
124 23.40 6.55 1.41 173.57 21 28 1
125 46.39 19.47 27.98 255.24 3 34 1
126 56.35 77.43 27.48 214.96 6 28 2
127 91.81 34.15 25.25 439.91 21 30 1
128 57.36 43.39 12.36 82.44 14 37 2
129 64.52 93.02 19.33 351.27 5 24 2
130 84.49 50.28 6.34 228.61 4 28 1
131 57.33 39.01 32.75 202.17 7 41 1
132 70.77 20.59 5.84 240.32 7 21 2
133 30.28 72.63 30.15 400.88 18 39 1
134 84.06 6.62 23.97 379.62 4 20 1
135 26.80 49.34 44.47 217.61 3 6 1
136 45.31 91.59 23.02 151.22 17 30 2
137 35.01 76.00 27.08 86.97 5 16 2
138 53.04 67.89 33.17 132.43 0 37 1
139 34.02 51.57 34.75 257.70 24 47 2
140 42.19 29.06 34.37 157.54 12 18 1
141 20.76 77.65 38.99 325.46 18 21 2
142 75.75 94.18 12.04 395.85 19 21 1
143 15.67 97.92 3.08 406.51 3 33 2
144 16.84 29.88 18.62 133.59 5 27 1
145 3.06 35.62 26.21 383.45 20 34 1
146 47.36 92.55 9.84 375.07 17 17 2
147 85.53 52.45 25.20 301.94 16 38 2
148 56.33 45.43 0.20 478.62 19 29 2
149 71.98 96.62 39.19 146.76 1 32 2
150 10.63 23.22 37.28 490.61 4 20 2
151 44.55 88.14 44.62 205.93 16 17 2
152 20.60 98.75 0.04 248.58 0 19 2
153 98.94 40.60 39.24 119.64 9 45 1
154 78.27 99.32 16.62 467.72 14 30 2
155 70.32 1.06 31.50 269.62 7 47 2
156 45.56 27.60 16.26 224.41 16 36 1
157 55.25 96.60 41.95 379.80 21 38 2
158 91.43 77.47 33.20 126.60 0 10 2
159 79.68 33.23 46.74 290.82 7 44 2
160 55.89 25.24 28.27 217.62 4 9 2
161 74.35 95.89 3.58 168.79 21 26 1
162 22.88 42.02 34.15 491.87 24 30 2
163 50.34 90.89 21.02 202.42 11 45 1
164 35.83 60.87 6.72 473.93 23 31 1
165 33.12 11.96 44.21 281.34 9 20 2
166 37.22 82.09 3.55 141.15 7 21 1
167 90.43 72.86 33.77 367.40 4 46 1
168 35.86 69.20 7.08 405.13 12 29 1
169 68.42 5.68 43.12 119.89 24 43 1
170 36.87 32.97 15.65 52.53 23 26 1
171 15.82 54.45 9.82 426.69 5 12 1
172 96.79 85.42 13.92 226.94 11 47 2
173 28.65 45.05 34.76 267.60 15 28 2
174 48.77 40.69 18.10 104.83 18 23 1
175 42.84 50.93 20.53 402.26 24 40 2
176 96.30 9.70 28.78 415.61 19 19 1
177 60.97 43.97 33.46 430.07 10 10 1
178 86.39 59.09 1.62 80.27 19 29 2
179 5.39 24.95 8.92 282.23 22 25 1
180 28.23 86.18 10.93 334.04 16 46 2
181 54.95 87.73 35.25 387.42 18 30 1
182 94.60 75.76 11.62 56.14 4 21 1
183 96.12 82.08 33.26 321.06 0 33 1
184 74.44 97.36 37.66 438.86 10 30 1
185 25.21 89.84 9.16 360.91 0 22 1
186 22.01 85.41 14.44 442.63 8 35 1
187 77.98 60.92 15.23 178.81 3 39 2
188 39.86 40.07 11.82 150.19 8 17 2
189 8.30 38.41 37.12 323.60 15 34 1
190 60.70 45.44 42.35 461.09 6 32 2
191 21.37 96.70 13.26 96.37 5 42 1
192 82.70 48.99 29.62 169.68 15 16 2
193 22.11 87.91 41.94 200.16 15 23 1
194 49.99 38.63 37.90 126.88 24 40 2
195 99.42 36.28 38.08 266.00 12 33 2
196 36.23 80.71 47.97 245.32 3 13 2
197 72.16 53.96 38.93 74.47 8 41 2
198 39.92 11.28 30.10 139.84 9 48 1
199 3.24 49.10 36.36 401.68 16 36 1
200 93.01 56.51 26.94 284.98 3 31 1
201 79.05 75.40 16.27 349.75 24 36 1
202 13.29 91.30 35.20 440.17 23 42 2
203 82.48 13.84 47.12 413.86 10 15 1
204 69.73 83.08 24.18 152.71 15 20 1
205 83.88 56.93 27.40 461.35 0 45 2
206 31.88 56.07 47.86 459.52 21 31 2
207 29.17 81.75 27.28 87.26 15 44 1
208 66.96 26.13 44.74 216.56 18 43 1
209 75.71 92.83 6.09 276.09 16 35 2
210 89.04 30.98 0.83 494.62 6 20 2
211 41.60 87.34 24.17 285.09 20 41 2
212 45.46 9.82 38.29 84.23 20 44 1
213 95.36 96.81 31.77 321.22 13 15 1
214 81.02 51.44 33.94 214.77 15 15 2
215 48.30 26.37 39.01 496.03 13 28 2
216 84.74 42.69 35.59 101.98 2 4 1
217 89.74 18.07 16.43 371.43 20 32 2
218 41.44 20.73 16.63 167.36 8 32 1
219 46.76 22.03 1.21 363.19 15 30 1
220 86.27 54.83 46.51 348.80 19 44 1
221 21.08 30.07 6.95 471.93 15 26 1
222 51.98 77.59 31.31 355.70 8 38 1
223 97.15 84.36 44.97 296.81 16 18 2
224 64.72 15.48 16.99 288.80 18 25 1
225 76.85 99.44 17.34 373.12 5 39 2
226 79.02 3.38 37.39 488.21 22 36 1
227 80.98 94.97 33.71 384.05 21 46 1
228 99.60 52.68 18.92 478.54 6 16 2
229 78.78 82.05 22.57 193.16 1 40 1
230 68.51 73.25 9.63 178.69 19 30 1
231 97.91 27.40 41.87 123.84 11 17 2
232 81.21 84.82 16.47 251.29 8 26 2
233 35.46 33.99 45.80 167.85 8 40 1
234 51.43 51.34 48.46 271.77 16 29 2
235 98.77 15.19 25.83 168.53 24 29 2
236 20.60 0.33 30.81 465.79 22 38 1
237 88.59 81.44 1.67 437.77 9 34 2
238 5.56 79.10 19.98 129.22 1 18 2
239 26.82 74.05 37.84 185.67 14 14 2
240 50.03 85.99 1.72 383.11 4 36 1
241 67.68 26.87 32.90 330.01 3 35 2
242 78.31 19.47 25.02 369.97 11 45 1
243 54.14 56.06 40.42 460.60 3 44 2
244 71.94 23.95 23.16 227.36 6 37 2
245 90.15 77.70 17.02 306.08 16 23 2
246 55.03 77.14 49.09 258.12 18 28 1
247 15.98 62.12 2.07 472.28 23 46 2
248 63.68 65.88 46.57 190.79 13 14 1
249 8.07 2.28 37.37 440.89 21 33 1
250 80.59 64.36 5.50 427.89 18 43 2
251 81.46 74.71 4.77 257.20 11 12 2
252 66.35 18.26 36.95 281.86 8 23 1
253 74.09 91.27 23.16 222.55 6 34 2
254 28.48 93.70 7.36 476.17 24 44 2
255 72.51 13.61 41.31 179.34 2 34 2
256 36.86 96.52 28.76 402.45 16 31 2
257 62.76 44.35 17.84 367.93 3 19 1
258 98.94 83.52 29.90 59.30 12 27 1
259 99.38 42.67 35.07 260.56 5 36 2
260 96.11 19.64 32.87 444.51 0 46 1
261 51.81 46.02 3.99 220.60 18 41 2
262 18.09 59.71 32.79 443.80 21 28 2
263 29.56 23.11 44.81 89.10 7 17 2
264 70.45 86.23 46.64 495.95 7 13 2
265 33.86 8.39 23.71 61.77 16 22 1
266 40.89 41.34 4.67 406.67 9 46 2
267 32.39 24.99 41.43 272.79 21 27 2
268 97.33 68.36 34.19 376.08 9 25 1
269 4.93 79.53 10.94 470.86 2 23 2
270 67.27 8.64 24.30 57.56 0 6 1
271 82.12 11.04 46.27 439.30 21 36 2
272 3.28 43.28 9.20 69.69 19 32 2
273 1.73 99.64 24.39 68.35 4 48 2
274 95.76 6.32 38.55 234.44 21 29 1
275 35.69 9.27 21.06 252.29 18 29 1
276 5.92 60.27 7.45 470.09 24 43 1
277 98.65 74.64 5.58 269.71 19 28 2
278 47.41 72.66 20.34 189.58 9 44 2
279 79.73 58.38 39.76 358.79 23 47 1
280 50.82 27.10 45.12 410.65 5 11 2
281 96.39 54.66 24.75 389.23 5 6 2
282 86.75 87.66 2.26 330.27 7 44 2
283 82.78 34.15 19.79 238.12 9 13 1
284 8.42 26.82 26.74 358.61 1 37 2
285 15.57 75.31 0.04 326.82 20 29 2
286 64.54 30.53 38.83 130.86 14 40 2
287 45.01 66.23 46.95 122.59 11 32 2
288 83.35 42.21 29.90 479.02 17 35 1
289 75.18 4.72 0.61 401.85 18 47 2
290 9.17 37.68 13.55 234.36 17 19 1
291 88.53 41.74 34.22 80.05 22 44 1
292 99.24 90.60 10.01 78.17 6 34 1
293 81.70 54.71 36.97 144.68 13 35 1
294 95.75 38.95 31.38 379.66 21 48 2
295 89.86 73.01 8.79 454.66 20 28 1
296 38.58 4.78 25.93 224.43 21 26 2
297 58.05 58.73 25.20 145.70 23 23 2
298 42.16 72.97 28.99 239.85 24 28 1
299 39.02 1.07 47.40 204.42 16 37 1
300 66.51 84.79 16.56 246.80 17 29 2
1 131.44 3021.62 1
2 134.54 3762.65 2
3 188.06 4957.15 2
4 172.98 3472.05 2
5 100.89 3406.68 2
6 129.83 4248.44 2
1 1.34 33.35 4
2 1.82 39.02 5
3 1.10 41.49 1
4 1.05 42.85 3
5 1.19 49.29 4
6 1.63 29.31 3
7 1.46 25.40 2
8 1.49 46.37 2
