Data for Vehicle routing problem with drones - Author: Huyen Do Thi Ngoc
Number of depots: 3
Number of cities: 500
Number of trucks: 7
Number of drones: 9
Area: 100 100 50
Customer maximum demand: 500
Max capacity of truck: 200
Max energy of truck: 5000
Max capacity of drone: 2
Max energy of drone: 50
1 43.82 76.63 5.63
2 96.43 11.38 33.52
3 4.79 28.30 47.40
1 82.27 86.70 14.44 197.10 16 23 1
2 92.28 30.73 21.00 168.67 2 23 1
3 74.76 74.32 47.84 88.76 9 15 2
4 46.31 29.04 45.96 267.00 7 41 2
5 27.25 20.51 38.68 437.76 24 46 2
6 99.78 84.99 29.71 70.26 5 37 2
7 15.01 16.95 16.06 277.79 7 17 1
8 80.29 86.50 25.18 442.91 24 46 2
9 87.15 81.14 35.62 397.34 23 45 2
10 12.12 23.78 24.08 381.35 5 39 3
11 76.33 88.85 10.54 218.60 23 30 3
12 92.06 66.38 49.60 150.54 16 17 2
13 4.49 10.41 28.19 139.74 15 38 2
14 9.22 0.48 44.73 290.11 7 46 1
15 65.85 76.95 47.46 59.40 14 38 2
16 32.14 13.92 41.69 229.17 9 10 3
17 38.50 12.15 1.86 318.60 22 36 3
18 88.48 89.00 25.59 159.86 9 17 2
19 46.60 6.58 10.48 96.11 2 26 3
20 64.89 82.93 21.90 103.16 17 45 1
21 47.10 73.59 3.21 266.85 22 41 2
22 61.29 70.30 32.13 253.93 0 36 3
23 8.20 20.72 22.87 315.11 0 44 3
24 62.76 54.18 32.96 268.29 11 26 1
25 14.08 55.14 9.36 240.97 13 35 2
26 10.17 55.50 36.37 399.10 19 47 2
27 78.44 58.39 27.61 448.31 10 24 1
28 92.22 64.40 32.90 210.70 7 23 3
29 43.17 67.08 39.40 405.85 15 48 3
30 74.82 13.38 5.68 65.80 23 32 3
31 11.70 81.41 25.35 342.25 12 45 1
32 56.73 69.88 30.62 247.61 9 42 1
33 36.55 76.66 10.88 86.02 24 47 2
34 69.64 3.53 20.08 220.51 5 23 3
35 91.12 59.68 43.89 274.81 15 38 1
36 34.42 9.08 41.11 81.78 3 27 1
37 73.78 11.13 43.01 343.53 4 25 3
38 51.42 76.94 22.66 163.66 24 43 2
39 26.93 72.05 18.49 102.53 1 37 3
40 17.36 98.08 32.36 223.12 20 48 1
41 56.17 24.18 40.35 220.04 5 34 2
42 96.28 45.82 5.28 381.17 0 40 3
43 52.38 92.22 22.20 50.34 21 30 2
44 69.70 75.04 18.65 208.87 20 24 1
45 81.37 55.69 32.22 121.71 24 32 3
46 50.77 25.60 29.19 239.88 17 17 1
47 91.44 24.84 23.09 352.76 4 15 1
48 12.17 24.07 30.08 352.49 21 39 2
49 11.77 17.06 5.04 123.50 6 27 3
50 51.97 62.06 8.88 431.78 3 23 1
51 1.98 53.60 13.93 161.28 10 26 1
52 73.95 71.67 13.71 433.32 2 17 1
53 50.47 15.36 7.74 427.50 23 26 3
54 63.38 12.41 7.52 314.69 23 32 2
55 43.70 78.56 8.09 350.87 20 24 3
56 39.55 53.07 21.24 457.25 6 13 1
57 58.17 47.81 10.83 414.17 15 36 2
58 9.15 79.91 21.05 93.33 1 2 2
59 41.80 57.56 28.74 276.47 20 44 3
60 58.52 57.46 6.61 279.21 21 24 1
61 56.69 40.01 38.07 391.48 10 26 1
62 38.42 34.69 24.70 111.73 9 16 3
63 91.57 33.37 3.87 61.60 23 40 1
64 90.10 27.35 4.94 497.08 18 38 1
65 88.42 67.10 28.11 110.00 21 21 2
66 42.62 78.52 32.12 182.19 17 43 2
67 39.28 42.67 39.49 154.14 23 42 1
68 45.12 32.95 17.80 251.46 17 19 3
69 15.28 93.80 46.00 346.28 5 28 2
70 5.42 14.90 28.01 141.53 6 21 2
71 69.28 79.03 0.54 130.53 1 26 3
72 71.26 76.92 23.31 435.10 0 36 3
73 81.88 98.79 32.98 449.42 12 32 1
74 41.00 76.75 9.65 166.05 24 31 3
75 23.48 3.34 17.57 461.88 16 35 1
76 97.08 78.10 20.76 350.43 23 24 1
77 26.54 36.00 39.34 466.60 2 36 1
78 91.78 65.16 29.93 267.73 6 45 1
79 61.63 83.18 22.48 394.66 13 37 3
80 2.66 86.69 2.00 397.99 23 26 1
81 77.13 56.86 13.60 291.68 24 29 1
82 26.95 34.40 44.27 496.41 22 48 2
83 69.29 62.60 44.55 354.00 8 28 3
84 43.78 47.73 32.04 406.79 13 47 1
85 66.94 76.36 29.76 261.74 10 40 3
86 51.09 60.57 20.24 63.54 4 47 3
87 83.87 70.85 48.41 419.16 23 26 1
88 6.94 28.75 26.81 193.98 2 12 1
89 3.30 22.94 14.14 358.18 10 11 3
90 0.34 25.83 16.77 133.18 17 26 3
91 16.67 61.87 9.88 331.19 23 46 3
92 31.81 17.70 13.75 430.06 6 45 2
93 58.38 77.43 1.71 400.78 0 30 3
94 11.06 36.83 20.61 488.05 24 46 3
95 81.44 2.11 1.98 229.98 0 47 1
96 11.20 19.27 43.28 192.04 5 32 1
97 70.34 99.03 2.41 139.56 11 42 2
98 64.17 39.47 18.10 428.35 11 32 1
99 81.37 25.56 45.86 106.89 20 42 1
100 42.41 11.09 6.18 447.21 7 17 2
101 13.44 38.63 14.11 84.03 3 6 3
102 91.72 87.95 1.94 278.06 5 11 3
103 22.68 63.27 21.43 463.77 2 41 1
104 98.94 21.09 5.36 275.11 13 46 1
105 48.50 24.02 9.49 59.80 19 31 1
106 98.20 46.21 18.60 167.37 11 12 2
107 36.38 62.73 14.07 165.41 17 46 3
108 76.50 82.97 47.52 498.75 9 39 1
109 58.71 2.96 20.85 56.49 10 26 2
110 52.56 0.75 22.94 355.20 23 23 2
111 40.40 65.94 7.33 164.11 20 48 3
112 38.89 19.99 36.02 338.21 21 29 2
113 46.98 45.14 3.17 499.41 9 25 1
114 91.63 38.72 23.42 178.29 9 37 1
115 91.56 43.41 47.73 442.20 8 39 2
116 11.53 27.63 7.34 400.82 3 9 2
117 36.80 77.30 34.62 151.63 11 31 2
118 3.55 7.97 2.29 396.02 2 15 1
119 86.13 94.49 1.93 495.74 10 20 2
120 3.53 71.01 38.43 178.57 24 29 2
121 99.78 42.02 8.18 216.25 21 47 2
122 47.10 56.27 21.76 417.81 9 42 3
123 81.51 5.52 23.62 107.16 22 32 1
124 95.83 45.12 6.47 221.60 20 47 2
125 11.53 11.46 14.45 261.31 17 34 2
126 72.06 38.44 49.23 346.46 14 18 1
127 31.52 15.49 21.99 152.55 15 44 1
128 39.44 53.71 43.73 176.65 19 22 1
129 14.79 62.99 34.77 159.70 21 26 2
130 35.04 3.50 6.28 188.80 15 19 3
131 79.89 74.22 48.58 140.93 2 39 2
132 50.24 85.01 17.98 304.78 3 45 3
133 96.85 75.50 38.74 269.53 22 47 2
134 14.77 79.17 49.90 497.73 13 36 2
135 50.49 98.34 38.20 88.81 14 21 2
136 78.45 53.27 4.10 204.92 21 33 2
137 24.50 49.79 37.78 173.94 2 35 3
138 2.72 41.35 9.87 255.79 5 44 1
139 62.51 7.24 4.56 269.49 24 32 2
140 86.11 67.65 20.96 487.45 6 7 2
141 97.20 59.61 14.36 210.34 1 27 1
142 16.74 22.82 16.02 393.54 20 26 2
143 22.65 75.35 27.45 488.35 23 42 1
144 8.80 35.35 4.00 296.78 14 46 1
145 22.27 75.20 33.55 178.62 19 38 1
146 14.51 33.17 36.74 336.63 4 13 3
147 95.71 90.90 40.52 217.63 18 31 2
148 29.96 95.37 16.01 444.44 20 43 2
149 65.84 82.03 3.47 291.25 17 27 2
150 97.98 96.19 5.58 123.40 9 26 3
151 64.49 84.15 5.40 198.99 20 34 1
152 3.19 47.21 30.84 394.85 1 44 1
153 81.62 55.77 39.10 297.02 16 28 3
154 13.44 94.94 11.02 164.68 11 43 3
155 30.01 83.66 39.99 368.53 12 45 1
156 97.83 0.71 19.44 465.45 5 46 2
157 81.68 93.25 21.34 309.58 5 17 1
158 67.23 76.39 5.78 215.80 3 33 2
159 45.91 98.20 37.49 237.33 24 32 1
160 94.21 71.82 28.02 387.58 4 30 1
161 21.23 49.53 46.19 379.44 22 43 2
162 98.02 10.88 8.96 448.81 12 25 3
163 23.86 60.24 45.92 125.58 4 7 3
164 94.25 47.46 11.14 467.53 8 39 2
165 8.24 6.06 49.63 244.01 2 8 1
166 19.85 53.80 17.86 183.17 21 27 2
167 24.49 98.76 13.09 206.66 0 10 2
168 33.17 19.85 42.03 427.16 10 36 2
169 15.98 43.31 22.35 192.90 15 15 3
170 71.33 77.36 19.54 271.68 17 22 3
171 82.87 98.59 39.53 406.38 7 47 3
172 74.67 63.36 12.64 449.31 17 46 1
173 80.62 18.67 47.09 112.98 20 29 1
174 16.60 11.76 9.63 317.70 9 29 2
175 30.56 34.71 14.56 360.41 3 16 3
176 39.34 39.47 28.92 147.55 17 30 1
177 51.89 28.71 3.61 439.41 14 15 2
178 51.83 12.05 3.08 242.98 7 22 2
179 28.52 45.94 5.20 166.05 7 42 1
180 57.47 92.05 47.01 330.93 0 29 1
181 87.09 75.96 43.20 449.26 5 8 2
182 27.11 16.93 0.37 137.04 24 26 2
183 87.95 98.16 31.40 326.81 8 27 1
184 32.13 21.43 17.85 399.80 3 27 1
185 75.57 53.21 40.15 275.20 9 23 2
186 98.22 11.00 40.65 185.73 7 34 3
187 65.17 87.50 15.36 103.07 11 17 2
188 96.80 73.06 14.19 356.83 20 25 2
189 87.02 31.20 35.84 290.04 21 37 1
190 69.32 57.34 12.05 462.86 1 40 2
191 34.47 59.14 47.05 256.16 22 38 1
192 42.41 70.74 27.43 145.60 9 23 3
193 39.00 8.79 1.07 74.94 3 4 3
194 10.51 96.53 5.95 263.59 19 28 2
195 57.09 39.37 31.15 235.95 21 34 3
196 63.58 20.80 13.88 137.81 0 43 2
197 40.66 61.44 27.37 256.00 19 23 2
198 60.13 21.02 33.64 355.26 17 19 1
199 1.57 29.87 29.28 141.49 3 10 3
200 74.39 45.30 8.77 181.95 17 25 1
201 7.15 85.34 32.36 225.39 3 7 2
202 67.20 42.84 38.09 96.17 1 7 1
203 65.56 39.61 9.24 486.25 2 20 2
204 46.33 64.80 32.15 409.38 21 26 3
205 33.65 10.32 33.65 494.69 13 40 3
206 80.17 48.74 13.61 342.87 4 45 3
207 31.80 83.08 48.08 342.01 24 30 1
208 3.29 39.81 24.84 355.87 23 38 1
209 55.64 8.56 24.40 379.07 12 36 3
210 68.42 12.48 18.80 206.26 19 34 1
211 65.93 4.20 30.70 493.06 17 23 1
212 58.69 63.62 10.93 481.65 10 18 2
213 31.25 39.13 1.19 398.63 24 46 2
214 22.02 95.71 33.81 471.26 1 21 1
215 4.13 84.57 12.40 182.94 18 43 1
216 54.35 52.68 43.16 448.45 19 35 1
217 70.80 88.88 29.69 287.06 4 31 1
218 84.12 63.46 44.36 394.86 8 15 1
219 38.86 26.37 37.34 209.79 18 42 2
220 71.01 0.16 30.37 482.45 8 33 2
221 93.71 69.55 30.50 453.79 17 43 2
222 76.02 57.37 27.28 334.97 15 33 2
223 16.73 16.54 20.73 223.14 15 35 2
224 14.11 9.34 40.24 212.34 5 28 3
225 20.01 85.66 13.50 73.85 7 42 2
226 98.26 81.05 16.89 283.14 7 38 3
227 67.39 4.43 31.97 395.65 1 4 1
228 30.55 12.40 18.96 96.31 4 19 1
229 22.10 53.96 19.72 251.89 7 27 1
230 67.86 13.12 38.22 375.54 19 46 1
231 94.93 99.90 8.39 288.32 8 44 2
232 81.43 74.11 16.54 467.75 0 24 3
233 61.42 31.08 26.07 206.77 4 45 2
234 99.48 26.73 1.64 345.10 7 30 3
235 17.87 52.85 48.25 434.34 1 35 3
236 5.44 0.27 46.63 368.77 1 15 2
237 22.26 26.13 46.92 50.91 23 33 2
238 63.68 55.83 38.64 215.77 21 26 2
239 94.44 78.52 4.88 132.20 17 35 1
240 11.72 91.03 48.72 401.65 20 33 3
241 40.13 94.25 33.54 467.53 16 20 2
242 65.19 59.83 20.31 492.16 6 21 3
243 30.85 85.91 43.81 466.92 0 38 1
244 33.89 0.73 16.17 429.52 11 27 2
245 57.37 28.66 0.02 490.33 20 26 3
246 59.89 33.79 25.77 238.70 9 12 2
247 62.43 65.82 6.20 147.71 21 36 2
248 81.09 72.91 7.95 416.88 3 47 2
249 59.20 23.18 47.54 190.26 0 23 2
250 22.73 11.12 35.53 377.75 10 33 1
251 41.99 25.58 1.42 142.28 13 36 2
252 84.13 81.28 29.33 337.07 9 23 3
253 66.57 30.23 1.92 284.36 3 19 1
254 39.88 80.84 45.71 448.68 21 22 1
255 58.65 11.04 6.07 372.99 1 25 3
256 26.43 33.78 28.62 369.37 3 14 2
257 32.22 25.11 9.23 288.76 16 34 1
258 18.61 1.62 38.22 76.95 15 37 3
259 32.98 39.53 5.70 203.03 6 9 2
260 68.47 8.44 21.96 280.49 3 6 3
261 57.30 63.05 19.62 345.98 6 14 2
262 28.54 69.43 27.21 118.71 17 35 1
263 49.52 60.35 43.92 79.42 19 47 2
264 71.28 16.05 39.83 454.10 12 40 2
265 59.49 90.94 45.60 491.12 2 37 2
266 91.81 44.89 36.73 115.53 7 42 3
267 91.77 66.75 18.57 431.09 4 11 1
268 25.73 3.64 4.31 328.66 13 42 3
269 47.15 85.99 9.91 467.76 9 13 2
270 16.39 58.64 28.02 57.71 18 20 1
271 5.85 17.82 37.28 96.38 23 29 1
272 60.93 1.00 49.77 124.99 11 27 1
273 94.96 71.49 31.00 142.18 5 8 1
274 23.40 68.42 24.29 300.06 19 42 1
275 76.39 17.32 20.53 248.08 20 40 1
276 22.02 76.53 12.16 320.90 4 36 2
277 33.04 47.88 21.01 325.29 22 43 2
278 39.36 43.49 22.02 293.79 12 42 1
279 42.56 3.57 10.92 188.44 19 31 1
280 85.12 99.98 43.09 240.45 3 22 1
281 7.74 22.30 15.24 226.37 16 18 1
282 54.85 31.59 48.99 69.33 21 39 2
283 84.94 52.04 21.78 339.51 2 9 2
284 33.67 8.03 36.07 262.00 4 10 2
285 99.52 26.64 43.47 327.46 21 25 3
286 35.73 85.21 43.81 216.77 24 26 2
287 80.89 67.80 42.97 435.04 13 44 3
288 91.47 58.70 14.99 423.73 15 26 2
289 58.21 93.86 31.00 372.66 14 40 2
290 5.85 34.04 41.28 119.29 22 48 2
291 59.96 6.59 18.93 179.82 4 21 1
292 99.65 31.16 29.06 99.66 22 35 3
293 82.55 82.14 5.60 343.35 17 44 1
294 39.36 18.61 37.11 476.98 20 32 3
295 58.53 82.15 32.43 493.30 13 40 3
296 42.11 9.12 14.36 57.37 23 23 2
297 2.54 16.03 9.35 253.59 15 32 3
298 76.52 84.91 15.09 188.45 22 22 2
299 77.58 48.70 44.03 257.27 19 25 2
300 55.98 10.19 41.14 282.99 23 36 3
301 22.44 51.41 33.47 154.58 18 46 3
302 84.07 46.31 18.06 334.14 17 17 2
303 17.36 1.99 21.77 222.20 20 35 1
304 88.41 40.45 21.17 250.54 3 33 1
305 96.30 20.53 32.15 487.77 4 7 1
306 40.23 12.14 10.98 137.61 12 21 1
307 8.38 52.00 23.88 266.54 17 23 3
308 81.43 90.47 0.97 417.34 18 32 1
309 54.62 1.05 14.10 429.43 7 8 2
310 59.68 0.42 33.75 179.97 21 21 1
311 94.94 7.68 26.85 463.91 3 47 2
312 45.18 90.72 13.08 251.48 4 36 2
313 69.54 17.94 48.36 251.91 15 31 2
314 78.98 2.55 33.24 96.71 3 24 1
315 92.07 59.76 13.21 179.90 22 37 1
316 40.24 7.11 21.76 271.48 0 16 2
317 42.83 17.98 41.61 357.58 20 28 2
318 10.27 87.19 3.99 60.81 4 23 2
319 51.31 95.54 13.39 358.89 4 40 1
320 8.91 43.11 24.00 204.02 17 41 3
321 40.91 32.39 13.09 174.87 16 32 1
322 3.92 52.44 29.79 58.39 7 18 1
323 11.07 1.87 26.93 97.04 15 40 3
324 94.88 23.81 8.72 231.03 12 23 2
325 80.83 31.76 47.19 432.08 17 20 1
326 34.45 24.33 4.93 92.63 20 25 2
327 5.05 2.42 23.98 148.78 9 27 1
328 10.63 81.10 0.72 341.46 3 14 2
329 21.19 86.80 35.16 256.02 5 18 1
330 27.47 98.99 32.58 455.69 19 39 2
331 63.28 30.26 9.64 459.79 24 33 3
332 19.26 55.99 32.29 197.99 7 31 3
333 19.12 54.30 22.71 59.11 11 46 2
334 31.41 60.05 48.39 130.92 4 13 3
335 25.64 20.57 30.04 383.93 6 34 2
336 80.12 6.10 25.62 362.31 1 47 3
337 34.52 33.19 13.43 429.48 17 27 2
338 62.40 43.45 19.17 284.67 5 39 1
339 12.71 7.24 3.27 327.07 2 11 3
340 85.61 27.63 21.80 227.74 17 39 1
341 66.18 48.68 18.44 265.06 7 47 2
342 15.42 65.72 16.29 116.72 17 21 2
343 88.94 80.08 21.88 389.46 7 11 1
344 40.58 6.25 17.59 132.22 7 48 3
345 72.80 30.08 9.02 402.48 2 38 3
346 58.43 83.01 27.02 399.01 16 34 3
347 0.38 44.13 23.12 496.39 23 25 2
348 27.88 30.62 23.77 425.84 14 34 3
349 95.94 82.72 22.21 207.81 14 17 3
350 22.74 6.45 26.96 402.36 14 24 3
351 0.82 16.54 19.64 456.04 9 15 2
352 47.61 77.45 40.62 425.05 21 48 1
353 99.02 63.46 44.67 441.41 17 33 3
354 48.79 43.91 9.78 201.13 0 1 1
355 85.36 3.49 40.25 275.61 0 40 2
356 30.59 20.84 13.40 453.55 21 32 1
357 18.98 51.38 25.71 270.65 2 16 2
358 40.57 9.75 41.81 56.81 22 44 2
359 61.14 71.47 19.32 263.97 1 25 2
360 43.11 98.85 16.03 360.77 15 20 3
361 93.64 10.02 33.71 200.59 4 15 2
362 25.08 32.07 10.56 402.62 7 18 3
363 6.50 79.84 0.38 426.62 17 47 2
364 95.76 76.40 21.41 324.60 23 29 2
365 23.65 76.79 13.46 415.61 23 43 2
366 86.47 62.45 36.13 138.21 14 17 1
367 48.97 97.88 29.23 70.53 14 29 2
368 11.25 6.84 26.70 497.87 9 17 2
369 67.21 86.69 4.06 184.05 23 47 1
370 37.43 65.69 48.35 254.32 16 39 1
371 33.55 0.15 31.80 376.94 10 36 1
372 15.92 6.24 11.77 446.98 7 12 2
373 72.56 71.40 40.85 337.70 17 20 3
374 29.93 18.28 1.29 257.66 3 11 2
375 14.00 30.18 9.39 429.00 15 29 3
376 71.69 76.28 35.16 391.04 3 5 3
377 99.97 81.88 0.86 223.22 11 46 2
378 20.02 46.76 48.69 226.32 16 43 3
379 50.37 64.14 11.62 390.35 11 28 3
380 20.21 14.95 29.72 282.83 4 42 2
381 74.01 27.82 5.29 476.11 2 38 2
382 35.96 9.14 28.68 487.32 19 46 2
383 32.69 42.96 21.80 284.63 4 46 2
384 68.57 14.44 3.41 156.44 3 33 3
385 75.21 15.56 3.35 421.44 4 13 1
386 42.56 6.47 1.07 227.38 7 37 2
387 74.01 2.61 24.19 353.98 0 8 3
388 17.17 12.23 38.25 193.91 4 26 3
389 96.52 62.32 32.84 343.88 6 22 3
390 84.71 95.38 6.76 96.73 19 27 1
391 67.61 27.13 2.35 356.53 20 28 1
392 23.88 73.27 10.48 388.78 13 27 2
393 3.82 45.88 23.27 422.93 14 38 2
394 1.96 92.87 49.11 480.53 20 27 2
395 9.96 59.75 5.37 221.88 15 16 1
396 42.09 53.24 17.08 431.29 5 21 2
397 16.76 8.59 9.38 212.35 14 26 2
398 26.99 42.77 24.94 295.66 17 44 3
399 9.73 48.87 12.23 481.03 17 26 1
400 61.84 26.98 15.80 287.18 17 30 1
401 66.05 66.46 18.53 233.50 13 48 2
402 3.92 6.35 20.34 420.92 13 38 2
403 96.32 15.17 6.72 190.69 14 42 2
404 13.80 51.31 40.56 323.78 12 28 1
405 11.86 6.83 0.61 227.82 13 20 3
406 18.94 35.69 23.43 90.21 13 40 3
407 57.36 22.53 48.40 402.32 15 16 3
408 25.99 86.77 44.41 159.67 7 12 2
409 93.36 99.66 41.73 374.55 24 40 3
410 90.27 38.25 13.77 455.23 15 21 3
411 10.80 50.60 6.04 370.57 19 47 2
412 16.57 56.09 20.92 287.38 8 16 2
413 93.89 3.60 40.85 176.73 6 14 2
414 40.21 33.70 2.78 320.26 14 28 2
415 83.19 27.07 14.96 417.27 5 10 1
416 38.25 50.47 48.70 441.30 17 41 3
417 57.33 98.25 29.19 251.45 7 17 2
418 81.82 82.43 16.28 159.48 7 11 2
419 16.89 59.78 27.50 303.98 24 31 1
420 27.95 54.06 34.92 373.33 2 13 3
421 2.87 72.44 41.09 138.69 0 44 2
422 37.97 49.63 31.59 333.17 16 35 2
423 38.71 73.98 22.24 387.22 22 31 3
424 10.88 54.29 23.32 477.13 11 35 2
425 92.82 55.65 39.36 310.85 7 24 2
426 44.33 27.74 42.28 377.05 23 47 3
427 71.77 32.44 49.44 362.30 10 24 1
428 7.64 70.17 27.26 367.07 13 32 2
429 69.05 82.63 19.41 198.44 10 34 1
430 37.47 81.82 19.43 376.80 23 42 3
431 91.25 57.61 18.53 467.65 12 27 2
432 63.85 53.35 5.58 467.59 8 19 1
433 56.17 10.40 1.61 204.01 9 39 1
434 10.92 37.38 27.82 65.06 8 25 1
435 10.69 7.07 49.57 355.01 16 26 3
436 73.42 79.04 19.67 66.94 7 15 2
437 72.69 14.41 40.04 235.17 3 31 3
438 47.86 55.88 24.13 392.35 7 25 2
439 5.95 92.05 15.91 132.92 17 32 2
440 92.87 99.90 37.04 317.65 12 41 1
441 32.71 65.63 29.77 305.74 10 35 2
442 62.59 27.88 43.31 86.61 10 45 1
443 45.10 79.33 26.22 60.12 21 33 3
444 40.03 0.15 42.01 485.95 2 38 1
445 37.11 15.28 0.53 189.45 22 27 1
446 33.60 23.64 27.93 318.84 16 48 3
447 47.79 32.15 21.45 267.80 11 39 2
448 59.23 53.03 13.68 329.94 11 41 3
449 43.78 47.00 39.91 273.30 1 39 2
450 8.61 28.15 27.41 59.17 2 29 1
451 67.70 69.31 39.76 237.14 17 24 3
452 59.80 87.94 37.68 73.73 22 48 1
453 23.22 49.77 7.57 143.48 8 35 2
454 76.53 14.21 35.63 482.60 14 34 2
455 46.47 28.72 35.05 136.20 23 47 1
456 65.21 1.41 27.33 60.24 16 16 1
457 99.96 37.69 16.10 427.10 7 36 2
458 74.78 24.45 2.28 453.90 23 31 2
459 77.52 96.17 47.25 475.43 14 26 2
460 25.85 65.64 34.74 251.71 6 11 2
461 32.88 52.54 2.76 419.42 5 21 3
462 25.89 73.96 4.33 350.50 0 28 3
463 80.22 17.56 38.45 272.12 20 34 2
464 48.87 6.19 11.68 172.15 9 29 2
465 59.81 3.04 18.26 65.92 1 2 1
466 24.67 57.93 16.21 352.77 20 39 2
467 93.71 20.11 42.33 105.66 24 27 1
468 93.61 67.69 1.50 437.22 12 14 3
469 60.41 68.57 1.29 270.02 22 41 2
470 30.40 71.29 34.16 328.01 1 20 1
471 89.69 18.01 11.29 283.69 18 22 3
472 37.87 76.09 10.47 131.88 24 46 2
473 74.49 69.34 45.40 249.24 8 20 1
474 60.21 27.07 9.97 489.57 3 16 3
475 88.68 31.55 18.93 232.21 9 14 3
476 52.93 40.44 41.33 260.03 21 47 2
477 1.65 16.83 7.05 387.80 7 19 1
478 72.76 50.60 22.54 317.22 22 39 3
479 77.65 94.74 18.60 213.21 24 34 1
480 77.36 77.23 0.37 433.10 7 28 3
481 18.88 99.44 4.73 329.65 24 32 2
482 42.70 85.51 1.56 351.52 17 35 1
483 90.31 86.91 36.36 493.85 16 40 1
484 74.42 75.00 16.49 134.00 16 17 1
485 1.96 95.52 4.70 376.42 20 46 3
486 35.17 73.68 13.56 270.80 2 31 2
487 38.47 58.09 2.88 269.59 1 30 1
488 1.45 34.87 31.77 268.00 8 26 3
489 11.72 13.05 10.85 310.72 10 33 2
490 39.09 64.19 17.97 319.44 23 23 1
491 37.82 35.33 13.85 272.98 13 24 2
492 54.27 55.12 43.49 105.73 22 33 1
493 62.10 7.23 32.79 494.74 17 34 3
494 19.69 55.24 19.62 168.59 12 32 1
495 45.41 58.48 19.76 112.53 16 31 2
496 29.05 58.83 45.02 75.41 23 47 1
497 69.79 32.11 0.04 154.83 15 42 2
498 63.26 85.91 30.36 444.88 15 21 2
499 21.94 32.92 15.50 462.05 6 17 3
500 12.06 0.61 19.76 176.57 3 8 2
1 126.82 3891.56 1
2 110.49 3283.22 2
3 176.40 3247.45 3
4 170.06 3445.33 2
5 101.67 3679.70 3
6 127.81 3758.91 1
7 198.75 3973.30 3
1 1.31 36.24 1
2 1.66 38.12 6
3 1.44 45.10 3
4 1.60 25.53 1
5 1.42 31.01 4
6 1.60 33.39 6
7 1.42 37.86 3
8 1.80 42.90 6
9 1.54 44.07 7
