Data for Vehicle routing problem with drones - Author: Huyen Do Thi Ngoc
Number of depots: 2
Number of cities: 100
Number of trucks: 5
Number of drones: 6
Area: 100 100 50
Customer maximum demand: 500
Max capacity of truck: 200
Max energy of truck: 5000
Max capacity of drone: 2
Max energy of drone: 50
1 44.24 56.04 20.02
2 36.85 61.74 8.52
1 98.85 85.23 15.16 435.83 14 18 2
2 98.59 17.49 30.74 386.47 16 40 1
3 98.11 98.12 14.54 399.01 3 26 1
4 8.74 69.01 3.22 236.43 6 23 2
5 90.92 42.13 1.85 357.27 17 18 2
6 73.89 80.75 26.76 76.67 3 6 1
7 6.89 74.38 43.64 249.74 15 27 1
8 9.57 76.03 33.26 82.56 13 26 2
9 58.78 19.45 18.49 312.01 15 39 1
10 83.45 38.30 7.39 179.92 21 47 2
11 59.25 55.71 35.21 288.50 15 32 1
12 17.97 68.25 11.87 474.63 7 39 2
13 0.39 6.53 2.77 196.50 11 26 1
14 20.08 77.80 38.09 445.75 20 48 2
15 80.14 44.54 17.53 227.75 0 29 1
16 47.81 60.01 4.83 467.09 3 9 2
17 25.22 37.50 49.77 406.01 14 21 1
18 13.90 69.05 32.72 356.54 10 25 1
19 72.44 15.90 47.11 396.33 15 26 1
20 66.78 84.44 26.39 363.50 1 7 2
21 51.65 52.69 27.19 59.08 9 47 2
22 95.28 93.92 31.39 201.81 2 33 1
23 2.91 6.61 45.08 61.89 17 33 2
24 47.02 85.69 1.20 459.29 15 27 1
25 79.22 5.09 34.68 216.82 22 25 2
26 27.25 78.66 6.80 421.68 13 26 2
27 89.30 2.11 38.49 499.90 22 42 2
28 35.84 79.12 11.46 467.53 7 10 1
29 53.81 95.63 19.47 58.56 22 29 1
30 67.72 38.03 3.61 394.13 4 17 1
31 66.77 15.90 48.80 291.09 7 13 1
32 2.16 9.27 6.35 120.09 17 17 2
33 42.41 99.13 47.12 411.52 18 39 1
34 48.83 14.38 45.61 319.68 10 46 2
35 58.27 0.70 41.21 86.19 13 31 1
36 80.25 93.90 39.36 174.01 17 42 2
37 73.18 99.14 34.93 91.54 9 30 1
38 46.96 33.84 17.13 331.54 13 17 1
39 57.61 40.40 18.71 94.19 1 22 2
40 85.12 20.32 19.76 335.70 18 48 2
41 1.82 95.59 37.46 85.86 19 34 1
42 61.80 60.75 45.21 283.77 2 2 1
43 76.69 67.46 41.97 467.78 21 44 1
44 52.92 31.96 20.19 105.90 14 14 2
45 51.87 97.18 15.03 481.81 20 29 1
46 93.49 79.72 36.09 278.17 3 20 1
47 30.58 49.59 45.20 100.81 19 46 1
48 12.46 72.02 37.44 124.87 2 43 1
49 40.05 99.23 13.68 309.80 11 38 1
50 89.96 83.97 15.74 206.21 2 3 2
51 99.90 71.07 40.56 390.27 2 21 2
52 74.41 18.90 40.85 410.70 17 22 1
53 60.05 26.04 8.86 133.10 23 38 1
54 70.43 25.17 18.85 198.84 23 24 1
55 77.84 79.16 39.81 349.68 23 45 1
56 69.47 31.58 49.11 270.07 13 18 1
57 76.99 17.16 1.80 115.27 13 18 1
58 64.39 48.25 6.23 375.44 13 21 1
59 75.82 36.96 40.77 132.94 13 16 1
60 29.74 65.51 45.02 406.14 0 13 1
61 78.46 10.75 19.27 233.33 22 30 2
62 53.50 14.83 2.23 237.44 1 10 1
63 98.61 80.40 46.78 432.60 22 42 2
64 15.87 4.97 1.12 81.28 4 43 1
65 61.85 14.49 16.52 191.95 18 34 1
66 51.66 10.40 7.33 203.80 22 33 1
67 1.02 82.22 27.52 424.89 8 44 1
68 23.05 71.45 6.16 365.03 3 25 2
69 18.05 21.50 6.31 381.46 5 32 1
70 67.68 65.60 29.17 213.34 2 40 1
71 79.56 10.22 49.02 234.13 6 47 2
72 62.60 71.04 17.19 489.47 17 21 2
73 8.81 12.08 19.80 396.48 3 10 2
74 38.43 5.25 0.42 231.82 15 19 2
75 62.97 17.89 10.84 177.58 2 42 2
76 63.65 15.25 10.00 372.27 8 44 2
77 15.88 56.36 45.79 295.07 1 21 1
78 40.84 52.02 14.77 52.49 7 40 1
79 93.83 74.71 38.33 226.78 24 35 2
80 38.35 2.57 22.07 380.36 15 20 2
81 22.86 71.45 32.42 448.77 21 32 1
82 25.76 9.54 24.38 121.95 20 21 1
83 36.84 67.48 36.05 195.05 5 5 1
84 14.07 52.64 26.16 449.53 21 38 1
85 99.15 36.36 42.84 493.60 0 28 2
86 91.39 18.72 29.91 397.88 22 28 1
87 68.34 65.89 6.92 352.24 13 48 1
88 72.43 0.73 0.78 468.87 18 30 1
89 59.39 87.97 29.47 241.94 2 15 1
90 90.47 93.09 15.22 75.80 11 17 1
91 8.73 15.89 8.14 428.05 1 9 2
92 64.84 9.10 29.56 289.19 21 31 2
93 15.78 27.29 22.19 378.05 21 48 1
94 20.53 9.38 14.27 263.56 22 36 1
95 49.39 53.90 48.63 428.57 0 44 1
96 46.99 0.17 45.93 290.32 6 6 2
97 51.40 73.16 25.73 412.95 15 21 1
98 92.52 92.71 41.21 107.07 24 32 1
99 20.70 70.41 22.25 322.84 1 13 1
100 49.57 8.71 26.89 475.21 14 38 2
1 106.99 2766.29 1
2 152.00 3788.65 2
3 158.26 4840.98 1
4 136.94 2959.10 2
5 104.10 4136.04 2
1 1.44 47.64 2
2 1.22 47.13 4
3 1.30 32.91 4
4 1.62 37.88 3
5 1.30 34.99 3
6 1.07 40.18 2
