Data for Vehicle routing problem with drones - Author: Huyen Do Thi Ngoc
Number of depots: 1
Number of cities: 200
Number of trucks: 5
Number of drones: 12
Area: 100 100 50
Customer maximum demand: 500
Max capacity of truck: 200
Max energy of truck: 5000
Max capacity of drone: 2
Max energy of drone: 50
1 33.42 0.52 37.06
1 76.51 39.90 39.03 359.00 19 43 1
2 50.61 74.89 39.66 71.01 13 47 1
3 67.75 61.56 10.39 193.58 11 45 1
4 59.12 32.97 16.78 440.44 0 14 1
5 93.82 31.81 32.91 117.86 10 16 1
6 83.78 99.23 6.02 273.19 15 46 1
7 29.05 10.46 49.31 443.56 5 12 1
8 25.43 19.10 34.42 201.17 7 47 1
9 58.16 27.55 5.16 304.87 6 31 1
10 46.03 53.81 28.22 181.05 21 36 1
11 20.30 77.00 40.49 284.34 21 46 1
12 70.90 64.37 8.33 122.94 18 24 1
13 13.34 33.58 23.11 430.83 9 11 1
14 20.17 58.02 22.59 390.48 16 42 1
15 62.57 10.91 12.70 155.03 7 18 1
16 88.27 78.01 18.64 250.32 17 46 1
17 94.24 84.07 14.40 482.41 24 26 1
18 60.61 58.21 10.43 493.06 4 29 1
19 97.72 81.59 23.74 76.53 10 21 1
20 25.27 96.76 16.80 163.11 7 37 1
21 15.89 30.77 29.84 463.86 8 22 1
22 93.70 64.92 44.02 201.58 13 46 1
23 68.46 84.96 0.75 244.01 2 9 1
24 51.82 86.47 1.55 145.43 22 28 1
25 55.12 89.99 30.42 187.62 15 39 1
26 44.08 13.11 46.62 330.44 8 24 1
27 77.99 96.80 35.38 307.26 24 48 1
28 69.88 47.11 37.86 498.15 2 10 1
29 55.19 57.59 30.24 426.55 3 21 1
30 78.94 35.04 35.77 480.97 12 30 1
31 23.01 97.52 40.71 84.62 20 20 1
32 69.93 72.21 30.86 162.46 2 12 1
33 22.00 43.65 12.97 141.95 2 39 1
34 54.51 83.87 40.30 114.64 9 16 1
35 88.10 73.69 18.34 311.67 20 23 1
36 0.40 69.14 41.76 299.58 17 48 1
37 40.44 62.87 0.71 210.08 9 19 1
38 92.64 89.87 5.26 383.67 4 33 1
39 90.48 29.06 45.82 392.71 21 44 1
40 65.58 70.57 0.38 438.04 14 25 1
41 14.15 36.70 31.10 92.90 7 12 1
42 78.99 76.26 28.16 132.73 6 6 1
43 35.70 84.52 7.23 494.62 2 22 1
44 6.10 43.06 13.87 279.51 19 48 1
45 32.12 63.61 5.68 327.93 16 23 1
46 23.75 87.97 31.36 441.50 8 13 1
47 24.88 29.51 21.24 96.56 24 39 1
48 19.30 37.19 3.55 318.89 2 7 1
49 99.98 0.78 11.45 261.04 20 31 1
50 52.03 22.90 16.58 355.97 16 46 1
51 42.84 8.72 48.02 377.43 7 29 1
52 76.72 7.14 5.61 425.94 18 21 1
53 43.62 31.28 4.46 477.75 10 24 1
54 18.14 75.67 42.51 306.61 11 15 1
55 76.02 4.00 9.16 388.29 2 11 1
56 7.63 92.57 19.18 204.01 24 45 1
57 44.47 78.15 23.56 455.25 1 7 1
58 98.66 5.55 24.94 197.23 12 44 1
59 62.82 71.80 41.32 387.25 23 33 1
60 64.44 51.26 1.51 417.00 12 21 1
61 20.78 5.26 32.54 101.33 16 16 1
62 58.53 34.86 27.26 247.08 17 42 1
63 20.20 26.25 46.65 402.16 8 26 1
64 22.02 5.96 3.63 336.79 9 27 1
65 45.03 20.45 12.96 407.75 12 13 1
66 1.68 29.78 21.05 305.11 15 29 1
67 54.19 75.56 15.22 81.39 23 23 1
68 33.98 69.01 22.87 423.66 17 28 1
69 44.62 61.35 36.66 358.35 9 12 1
70 40.21 4.87 8.36 183.35 20 26 1
71 97.86 85.08 19.30 272.45 11 20 1
72 44.82 74.85 47.00 108.20 4 5 1
73 8.38 69.29 38.73 133.39 1 15 1
74 66.60 97.13 30.58 186.98 21 26 1
75 24.81 65.03 47.34 412.44 2 16 1
76 31.85 3.57 4.60 220.78 21 31 1
77 63.76 80.85 13.82 268.03 8 26 1
78 30.59 50.91 27.67 369.73 11 44 1
79 58.71 76.65 42.89 125.08 3 11 1
80 0.84 27.25 34.26 139.23 7 32 1
81 13.65 16.73 23.65 256.64 3 43 1
82 12.39 12.99 29.79 337.50 20 46 1
83 19.67 58.50 5.06 375.87 4 44 1
84 3.77 2.73 29.40 375.62 20 42 1
85 4.47 17.32 43.87 402.83 4 17 1
86 19.53 92.12 23.02 361.66 24 24 1
87 79.20 73.15 25.68 360.85 9 43 1
88 36.04 44.96 27.79 211.79 21 43 1
89 66.09 90.73 18.87 213.92 23 33 1
90 14.08 60.15 2.17 491.79 16 29 1
91 71.52 52.32 20.15 147.20 20 39 1
92 90.44 41.01 7.49 329.24 1 3 1
93 72.81 50.61 47.76 470.58 3 32 1
94 39.52 38.36 41.86 221.68 4 44 1
95 63.41 92.81 2.08 406.40 13 14 1
96 32.21 23.45 43.04 249.11 4 21 1
97 50.19 44.99 20.60 499.26 16 31 1
98 88.60 40.72 25.07 202.18 1 43 1
99 41.78 93.86 3.84 62.50 19 35 1
100 82.34 35.11 34.20 278.55 6 28 1
101 29.37 27.28 0.61 486.22 5 24 1
102 51.52 43.35 26.64 391.10 0 5 1
103 87.55 48.47 10.14 176.23 6 31 1
104 86.93 20.77 3.94 308.07 21 47 1
105 58.59 9.38 4.31 126.25 11 48 1
106 10.75 52.70 49.30 403.95 20 41 1
107 40.70 95.44 3.36 314.80 14 24 1
108 17.12 9.50 5.39 101.14 22 44 1
109 75.65 76.44 27.82 194.55 13 35 1
110 27.44 17.17 7.93 496.92 14 14 1
111 75.97 70.37 23.63 392.66 20 35 1
112 27.02 18.90 24.03 89.70 6 6 1
113 37.90 53.62 0.17 61.52 4 23 1
114 53.53 97.55 12.43 231.48 21 48 1
115 19.27 57.11 37.02 327.85 23 39 1
116 82.29 61.72 5.10 480.65 22 32 1
117 14.70 49.65 46.82 429.29 10 30 1
118 14.85 86.75 1.68 217.84 5 41 1
119 38.96 50.29 36.90 407.57 3 43 1
120 78.75 26.08 48.01 414.14 23 29 1
121 8.13 57.74 48.35 163.23 17 48 1
122 70.86 10.51 42.28 475.73 10 37 1
123 16.50 75.43 28.27 142.73 4 10 1
124 72.36 79.47 46.04 399.21 7 16 1
125 54.23 14.79 44.94 383.41 9 21 1
126 43.42 49.76 26.10 106.35 15 41 1
127 16.90 60.92 29.04 63.61 23 43 1
128 91.32 10.11 17.34 384.96 8 12 1
129 84.53 40.60 39.00 425.39 4 42 1
130 30.07 45.67 42.13 428.43 5 33 1
131 12.82 95.15 7.94 335.99 17 35 1
132 44.67 54.12 3.37 474.72 20 27 1
133 99.83 16.62 13.38 380.28 17 43 1
134 27.28 84.81 49.60 180.83 1 21 1
135 57.91 92.46 22.84 436.94 1 19 1
136 94.64 74.75 6.39 211.10 12 15 1
137 97.29 11.51 38.60 365.79 1 46 1
138 89.51 79.33 48.24 299.62 3 29 1
139 78.31 7.59 33.25 296.06 20 26 1
140 56.85 26.66 10.02 214.55 18 30 1
141 50.15 78.46 24.79 498.69 21 29 1
142 67.59 2.65 34.29 294.54 21 32 1
143 81.71 40.19 18.26 82.73 24 34 1
144 2.32 8.90 12.98 333.19 15 21 1
145 51.14 24.80 5.88 307.56 22 38 1
146 39.76 21.29 49.37 337.72 14 32 1
147 20.46 44.27 47.56 442.34 3 4 1
148 90.22 74.79 19.25 148.53 2 33 1
149 98.62 77.75 39.41 454.92 6 37 1
150 41.55 13.80 4.46 442.13 15 35 1
151 80.03 99.59 14.98 231.74 7 22 1
152 56.50 5.54 20.63 482.71 20 29 1
153 59.69 78.13 41.37 348.55 19 20 1
154 36.84 51.44 18.46 447.35 12 39 1
155 94.61 68.03 27.37 147.36 11 21 1
156 63.69 52.32 16.84 399.13 0 4 1
157 16.89 35.17 44.05 304.94 20 34 1
158 40.15 29.22 45.93 71.17 12 24 1
159 76.65 64.49 5.67 83.71 9 42 1
160 3.78 22.69 12.95 254.40 3 39 1
161 11.25 50.36 4.74 348.96 10 40 1
162 86.09 75.36 19.05 399.18 5 29 1
163 47.65 36.23 12.63 178.12 0 16 1
164 98.51 50.51 0.17 240.96 15 17 1
165 31.21 10.30 9.96 257.00 4 48 1
166 15.92 30.23 25.64 199.50 22 24 1
167 50.18 44.64 23.25 79.25 16 47 1
168 40.08 38.04 40.63 399.58 4 26 1
169 69.74 79.89 29.04 210.31 19 48 1
170 80.47 96.88 39.29 323.33 13 38 1
171 0.74 49.91 43.72 223.99 20 37 1
172 16.25 77.42 24.29 447.15 9 40 1
173 22.63 79.12 16.17 171.36 7 32 1
174 65.22 22.51 16.02 82.38 21 26 1
175 34.93 45.49 11.04 173.02 0 27 1
176 69.78 15.95 39.58 293.16 15 27 1
177 33.31 74.04 23.16 471.19 7 21 1
178 32.80 88.20 32.86 132.31 22 42 1
179 95.01 92.24 26.43 418.43 15 17 1
180 70.68 45.48 4.31 483.93 7 16 1
181 75.45 68.95 16.29 436.75 4 43 1
182 67.84 74.38 10.46 359.42 11 34 1
183 58.98 48.33 0.28 374.29 20 36 1
184 45.95 58.28 48.02 439.80 3 20 1
185 47.89 1.53 39.45 442.38 0 20 1
186 24.12 20.75 27.80 472.26 12 17 1
187 77.84 16.18 34.01 294.85 12 40 1
188 98.06 33.65 49.78 481.38 16 34 1
189 24.78 74.40 29.48 367.08 20 42 1
190 47.52 55.11 37.93 315.32 23 32 1
191 25.73 59.57 11.00 327.27 12 29 1
192 22.87 86.21 39.40 89.71 1 5 1
193 49.96 41.09 19.54 204.31 19 40 1
194 95.87 73.98 7.89 383.00 6 42 1
195 62.67 85.14 45.62 93.19 13 42 1
196 84.54 4.57 30.24 74.58 7 46 1
197 50.17 11.08 1.93 106.39 2 47 1
198 87.70 1.59 45.75 222.18 6 9 1
199 65.84 55.45 32.26 223.11 4 13 1
200 96.37 31.57 36.66 459.00 9 24 1
1 182.93 3230.43 1
2 140.63 3339.49 1
3 180.59 2767.06 1
4 108.78 4356.85 1
5 140.43 4034.33 1
1 1.69 35.86 5
2 1.64 30.52 5
3 1.01 28.20 4
4 1.13 47.34 2
5 1.97 45.00 1
6 1.77 44.31 4
7 1.54 26.66 1
8 1.33 49.97 5
9 1.02 34.00 1
10 1.97 49.06 4
11 1.02 38.35 2
12 1.06 26.18 3
