Data for Vehicle routing problem with drones - Author: Huyen Do Thi Ngoc
Number of depots: 2
Number of cities: 400
Number of trucks: 6
Number of drones: 9
Area: 100 100 50
Customer maximum demand: 500
Max capacity of truck: 200
Max energy of truck: 5000
Max capacity of drone: 2
Max energy of drone: 50
1 6.49 4.67 13.82
2 24.38 90.06 14.47
1 52.23 25.09 34.19 358.20 10 17 1
2 99.77 40.94 37.28 283.74 19 42 1
3 38.71 78.57 1.38 73.46 7 26 2
4 54.23 83.84 4.45 379.32 11 37 2
5 38.34 6.18 43.22 143.34 17 19 2
6 12.09 81.51 23.37 413.82 0 8 1
7 39.91 67.62 13.67 356.22 8 28 2
8 94.44 2.21 8.94 419.96 9 48 2
9 28.89 14.59 34.13 241.69 2 16 2
10 55.06 80.40 24.27 140.53 15 40 1
11 2.26 18.21 42.33 487.21 6 36 2
12 41.17 0.20 8.18 90.63 1 11 1
13 0.43 68.87 45.74 217.96 24 43 1
14 48.90 91.39 16.75 377.50 16 46 2
15 99.04 31.04 3.99 296.44 16 25 2
16 79.83 24.10 22.03 490.90 7 7 1
17 61.57 68.84 18.35 177.52 16 29 1
18 37.30 77.99 20.31 212.13 6 47 1
19 91.18 92.82 38.79 145.71 11 30 1
20 76.77 76.82 32.54 389.79 16 48 2
21 69.57 5.20 9.43 64.78 5 43 1
22 39.34 3.30 47.63 270.14 24 42 2
23 62.25 6.67 14.56 268.37 10 46 2
24 56.11 1.71 11.32 259.01 16 21 2
25 16.42 58.05 11.17 335.05 16 18 2
26 98.83 5.37 46.05 491.87 21 33 2
27 5.33 24.10 16.08 131.29 11 20 2
28 88.95 95.71 35.67 385.58 21 32 1
29 89.43 91.84 30.30 423.18 18 29 2
30 91.04 57.57 45.18 196.32 17 30 1
31 58.13 24.00 40.33 457.47 6 27 2
32 12.17 89.58 36.77 375.38 0 22 1
33 94.37 23.96 48.83 248.61 10 17 2
34 41.80 16.73 8.63 269.72 12 29 1
35 17.86 92.76 39.44 314.44 9 19 2
36 39.78 6.71 12.68 62.60 18 43 2
37 16.76 29.07 45.30 164.59 8 44 1
38 38.73 53.06 9.49 175.65 8 18 2
39 29.34 10.77 37.13 196.55 3 42 1
40 4.03 21.53 8.43 358.58 22 31 2
41 13.42 33.35 19.18 439.20 0 18 2
42 65.05 25.27 29.03 87.64 24 34 1
43 55.23 33.01 4.47 306.91 12 38 1
44 67.29 6.13 37.16 442.74 15 17 1
45 2.10 85.24 39.94 390.66 8 16 1
46 65.23 53.03 26.90 116.66 3 33 2
47 23.96 83.23 4.18 159.92 8 28 2
48 82.48 27.09 13.73 228.29 13 42 2
49 21.87 22.24 35.07 82.74 2 29 1
50 52.05 81.88 34.41 201.52 14 25 1
51 58.44 55.57 1.47 356.55 18 24 2
52 90.39 74.13 0.91 215.05 9 20 2
53 4.39 86.22 43.22 258.20 20 29 1
54 46.37 41.28 18.01 492.14 13 43 2
55 21.62 22.29 43.77 257.66 2 8 2
56 46.76 36.34 20.89 284.20 20 36 1
57 35.57 6.57 38.18 228.99 22 23 2
58 95.03 62.44 48.00 397.80 13 48 2
59 23.01 95.75 13.43 289.55 7 17 1
60 83.35 90.80 32.33 216.39 24 41 1
61 4.61 44.92 24.60 464.79 8 39 2
62 84.14 69.54 16.37 117.72 6 28 1
63 55.22 16.25 41.26 324.96 5 39 2
64 33.57 29.95 1.49 141.31 1 3 1
65 3.11 14.42 38.70 481.38 1 24 2
66 76.08 86.84 34.95 332.76 14 26 2
67 43.62 79.50 33.30 381.56 1 42 2
68 98.40 89.17 20.66 429.90 19 40 1
69 53.55 76.68 25.58 158.62 1 47 1
70 46.23 27.72 14.99 261.60 19 48 1
71 56.16 43.42 48.12 66.07 10 29 2
72 36.54 65.16 0.69 55.82 9 20 2
73 5.93 43.47 8.84 405.13 18 21 1
74 21.63 73.26 42.55 148.90 10 30 1
75 59.63 18.58 1.98 469.27 9 19 2
76 8.44 87.72 1.64 145.51 7 13 1
77 87.04 76.96 44.59 413.37 17 43 1
78 84.94 73.23 43.33 152.72 13 25 2
79 41.97 7.72 15.48 394.58 9 34 2
80 37.56 71.08 3.01 107.89 13 30 2
81 85.47 10.26 31.79 489.33 2 25 2
82 57.26 92.95 15.93 373.92 0 28 2
83 33.76 39.00 16.56 403.62 4 22 1
84 40.02 96.49 34.10 86.44 7 9 2
85 35.72 42.60 45.41 366.18 18 35 2
86 7.92 25.98 21.31 498.89 13 37 2
87 63.62 25.12 33.70 345.45 6 12 1
88 49.78 6.04 20.32 459.78 19 47 2
89 17.89 21.42 13.09 260.07 6 12 2
90 81.47 19.47 48.85 306.72 4 16 2
91 40.77 46.61 20.03 341.59 15 23 1
92 46.45 29.23 32.09 425.18 0 48 2
93 94.32 21.23 30.63 99.47 15 37 1
94 31.96 60.69 23.37 281.38 14 28 2
95 34.78 36.14 3.21 190.51 15 37 2
96 42.08 70.39 26.43 221.77 5 7 1
97 17.71 58.25 12.68 188.21 12 48 2
98 57.28 36.86 48.21 200.97 1 22 2
99 37.78 48.42 22.62 340.66 3 29 2
100 69.62 95.71 10.08 208.09 5 30 1
101 12.97 39.36 33.00 219.04 0 38 2
102 44.70 21.19 45.61 288.94 10 36 2
103 2.42 24.07 19.84 261.13 24 37 1
104 57.06 28.17 4.44 88.43 3 37 1
105 79.48 87.72 47.34 240.22 15 23 2
106 39.80 75.32 49.05 350.99 0 30 2
107 69.77 79.75 15.31 445.73 0 6 2
108 91.13 20.46 34.49 443.87 9 16 1
109 9.79 57.54 19.69 234.47 11 42 2
110 63.08 42.23 23.70 298.06 20 35 2
111 16.37 88.16 8.56 323.32 19 47 2
112 81.40 12.26 0.77 242.41 20 37 2
113 46.80 10.01 29.00 468.47 13 43 1
114 36.51 26.74 44.77 157.73 1 35 2
115 67.79 47.01 34.64 278.51 19 47 2
116 77.41 99.15 38.03 370.44 10 31 1
117 89.09 35.54 23.41 180.94 6 26 2
118 41.87 43.28 24.99 117.22 16 34 2
119 87.98 19.00 21.77 80.00 9 10 2
120 74.48 69.88 31.80 238.98 9 38 2
121 23.46 2.93 47.48 375.80 23 41 1
122 66.22 24.02 17.13 303.30 10 32 1
123 5.74 30.78 0.53 147.66 16 47 2
124 60.84 87.10 22.22 479.26 8 11 2
125 65.43 24.82 21.36 340.37 20 35 1
126 55.37 84.36 47.56 490.81 21 23 1
127 99.36 71.93 23.50 430.53 23 41 1
128 97.30 52.82 3.15 208.83 0 28 2
129 96.84 62.52 13.23 233.20 18 27 2
130 27.92 98.94 22.97 326.27 0 9 2
131 45.17 46.30 18.93 444.05 15 21 1
132 45.23 56.55 10.69 496.28 17 43 2
133 71.02 38.39 9.94 227.46 24 25 1
134 48.72 84.72 49.42 81.01 7 39 1
135 17.88 3.23 41.30 279.48 1 33 2
136 23.40 24.61 18.58 264.32 7 24 1
137 86.36 96.88 23.86 136.75 15 36 1
138 44.42 2.08 39.71 84.90 5 47 2
139 71.48 47.00 2.77 238.45 1 42 2
140 92.00 87.15 48.70 293.90 15 38 1
141 61.47 33.92 10.47 429.95 19 41 1
142 18.72 43.23 33.76 81.79 6 27 1
143 1.90 22.92 35.53 124.01 17 25 1
144 99.32 29.62 0.50 57.26 4 41 2
145 18.66 48.09 43.41 351.73 9 33 1
146 95.89 43.78 7.80 249.79 24 28 2
147 33.62 69.27 0.44 365.52 13 46 2
148 28.20 39.17 21.59 209.52 6 41 2
149 55.80 35.36 8.94 359.18 18 43 2
150 66.57 43.15 5.01 395.54 1 7 2
151 7.71 57.17 39.79 324.12 23 25 2
152 84.97 39.07 22.27 120.77 18 31 2
153 90.81 69.84 4.63 357.89 8 27 2
154 91.65 48.75 41.25 403.90 16 47 1
155 45.05 17.35 19.64 193.71 8 8 2
156 99.87 96.21 5.17 405.72 23 32 2
157 95.92 13.45 23.30 410.11 2 33 2
158 59.83 69.80 40.37 307.30 0 16 2
159 76.69 1.44 3.88 266.39 8 11 2
160 46.17 39.91 0.75 99.70 13 37 2
161 6.28 71.42 49.65 103.18 9 12 2
162 49.00 28.97 42.16 53.06 22 48 2
163 72.81 33.54 47.59 275.45 24 39 1
164 15.40 84.13 18.54 64.76 6 18 2
165 23.31 93.80 15.96 105.95 5 26 1
166 34.50 94.87 0.52 202.51 0 3 2
167 55.40 13.22 15.45 201.13 19 42 2
168 69.72 78.62 37.25 341.11 13 37 2
169 4.63 35.19 3.89 401.23 4 16 1
170 92.26 74.50 41.57 359.27 15 18 1
171 30.11 37.94 21.74 276.22 13 40 2
172 50.84 1.72 2.48 334.32 3 6 1
173 57.02 25.45 30.19 354.24 4 43 2
174 59.91 72.44 25.30 109.28 12 28 1
175 43.39 58.02 36.36 93.97 5 19 1
176 46.90 45.94 16.09 466.18 15 19 2
177 55.66 8.33 48.42 186.09 3 4 1
178 26.27 2.03 27.00 214.53 4 12 1
179 36.93 32.70 46.18 301.36 9 27 1
180 4.62 10.92 48.03 468.13 3 3 1
181 81.69 7.76 25.93 110.78 11 37 1
182 47.29 65.48 48.64 299.09 19 26 2
183 16.93 99.13 47.81 249.43 21 35 1
184 42.43 93.70 30.00 307.37 6 38 1
185 75.67 27.26 0.07 141.39 0 37 1
186 95.92 69.32 3.58 196.25 9 21 1
187 26.74 90.82 38.65 270.46 22 35 1
188 85.00 91.84 38.32 149.08 24 41 2
189 56.22 35.56 23.23 242.57 4 47 2
190 25.44 35.10 42.86 82.13 15 26 2
191 69.42 31.05 1.30 147.79 0 40 1
192 9.60 41.88 15.81 236.78 23 28 1
193 61.38 40.89 27.79 162.98 22 22 1
194 77.00 87.13 38.77 462.80 11 20 1
195 60.31 63.26 19.72 431.99 24 32 2
196 26.44 92.05 34.76 206.87 10 27 2
197 25.68 73.64 39.25 133.46 9 27 1
198 79.31 80.70 28.12 327.17 16 43 1
199 13.16 26.88 1.16 321.66 23 41 1
200 98.23 17.48 17.22 255.89 3 41 1
201 87.45 5.38 45.29 234.90 3 15 1
202 99.02 70.68 0.44 97.12 16 36 2
203 78.13 5.67 46.40 276.13 13 44 2
204 26.41 39.81 23.20 174.98 22 22 2
205 73.28 43.62 23.91 383.29 19 40 2
206 89.22 74.63 10.91 51.28 6 31 1
207 1.43 87.39 33.25 56.00 1 25 1
208 93.69 37.45 30.98 481.35 23 42 1
209 79.90 5.79 4.40 220.16 17 43 2
210 79.15 99.44 13.37 265.96 7 8 2
211 63.71 27.01 20.37 272.24 22 45 1
212 52.75 34.33 35.08 419.15 1 17 1
213 63.62 32.91 49.83 394.73 10 32 2
214 70.60 39.61 47.24 223.76 7 40 1
215 35.82 66.20 41.79 367.32 14 22 2
216 57.77 19.89 1.57 476.18 19 33 1
217 1.20 7.15 1.38 192.12 16 33 2
218 29.84 68.25 21.05 474.71 13 45 2
219 28.65 37.24 39.88 230.40 0 48 1
220 97.30 22.22 16.98 182.73 23 38 2
221 64.68 31.36 19.72 307.96 6 22 1
222 31.13 92.53 19.58 476.33 19 24 2
223 78.07 91.67 38.22 241.15 11 31 1
224 28.10 91.81 37.37 421.88 21 22 2
225 44.15 57.12 49.92 232.42 0 44 1
226 45.93 57.87 42.40 283.56 12 28 2
227 7.39 78.63 45.20 319.08 21 33 2
228 87.74 24.36 37.46 348.32 20 47 2
229 38.88 74.04 4.75 389.98 4 29 1
230 90.87 69.01 2.75 467.94 22 29 2
231 49.34 86.11 10.14 302.46 10 38 1
232 88.70 45.07 49.02 253.89 12 27 1
233 7.99 29.29 29.53 375.63 22 48 1
234 21.96 52.37 19.26 442.49 17 35 2
235 0.81 93.10 4.02 253.84 24 48 1
236 23.36 94.35 38.42 171.87 17 38 2
237 38.55 88.36 34.89 238.13 22 29 2
238 1.82 90.00 42.79 248.28 0 46 2
239 7.94 58.32 23.04 431.55 15 33 1
240 57.47 94.95 33.27 113.12 11 30 1
241 29.68 84.66 8.41 307.88 23 37 1
242 60.95 53.06 48.82 453.24 15 45 2
243 51.27 36.10 47.79 322.16 6 30 1
244 37.35 54.94 6.93 69.37 7 27 2
245 74.78 89.42 45.50 185.77 15 29 2
246 39.91 25.87 6.87 265.62 20 20 2
247 96.62 54.18 5.92 300.34 18 48 1
248 20.05 55.85 40.42 133.42 12 19 1
249 12.09 28.17 7.93 338.17 5 41 1
250 88.35 49.48 11.01 243.46 2 19 2
251 19.63 15.27 39.06 273.24 6 8 1
252 48.15 19.17 18.46 425.28 24 33 2
253 93.24 30.89 22.92 201.89 14 39 1
254 75.86 67.56 5.09 357.81 21 29 2
255 13.46 26.74 37.90 238.87 10 12 1
256 20.67 13.53 26.57 494.79 2 10 1
257 31.57 90.81 35.32 412.97 8 43 1
258 83.41 13.79 41.53 80.69 5 32 2
259 33.35 60.51 8.63 128.44 23 39 1
260 5.82 43.03 36.87 168.27 19 21 1
261 14.76 23.19 47.27 420.45 5 13 2
262 68.23 36.66 5.20 317.51 14 39 1
263 45.08 82.42 39.77 215.75 21 37 2
264 16.61 20.89 7.86 238.04 23 27 2
265 59.86 98.37 13.14 407.78 8 30 1
266 26.17 2.21 6.34 185.57 21 26 1
267 79.71 57.17 12.43 358.11 24 33 2
268 38.08 6.70 9.78 454.43 22 32 2
269 9.62 21.57 18.68 63.73 1 47 1
270 17.20 38.68 28.71 477.54 22 41 1
271 18.61 33.94 17.99 184.60 19 44 1
272 99.14 26.38 10.75 66.59 13 23 2
273 52.77 85.18 44.10 354.96 20 24 1
274 45.61 64.58 24.50 203.30 3 20 1
275 81.14 25.46 9.06 138.57 16 33 1
276 88.25 52.96 14.02 483.01 6 46 2
277 34.43 74.67 43.45 426.29 23 33 1
278 64.55 30.28 39.86 364.01 9 11 1
279 97.84 42.60 43.05 405.20 23 33 1
280 85.62 9.46 12.23 51.20 13 17 2
281 95.91 8.99 48.38 353.91 4 13 1
282 69.08 34.00 20.41 249.28 20 47 2
283 32.18 41.06 21.27 241.67 8 34 1
284 36.12 82.42 20.41 84.27 15 39 2
285 4.47 45.12 31.99 86.10 1 32 1
286 33.86 89.33 13.98 140.12 24 27 2
287 74.01 84.50 49.03 143.55 24 41 2
288 66.59 96.76 8.57 162.77 1 32 1
289 58.07 37.07 45.63 306.78 2 36 1
290 44.02 64.14 29.14 350.58 24 37 1
291 60.79 28.84 34.86 297.97 13 48 2
292 95.93 34.44 41.19 476.43 5 7 1
293 22.06 68.83 49.31 453.20 4 40 2
294 42.23 77.46 16.23 66.48 16 43 1
295 68.34 77.85 6.84 67.52 7 30 1
296 4.95 17.13 1.92 152.42 20 26 2
297 92.95 33.46 35.29 240.93 20 40 2
298 30.87 84.76 30.46 180.47 9 45 1
299 76.19 44.27 21.25 325.67 20 22 1
300 17.01 15.67 21.22 182.55 7 22 1
301 41.11 79.66 0.91 155.77 4 34 1
302 77.17 4.52 26.01 393.60 8 22 1
303 67.26 26.73 33.27 401.99 15 32 2
304 54.64 81.41 4.60 481.49 18 31 2
305 53.48 59.38 21.99 250.12 6 34 1
306 53.32 50.47 14.17 248.19 12 21 1
307 30.54 63.35 2.41 206.52 1 12 1
308 84.09 93.20 45.73 53.22 13 16 2
309 0.90 5.29 23.47 386.51 16 32 2
310 76.95 83.96 49.36 494.69 16 22 2
311 75.30 68.34 16.90 217.87 5 29 2
312 71.73 40.44 8.97 195.34 8 9 1
313 99.87 70.52 21.54 313.20 22 26 1
314 81.97 67.76 25.20 454.14 22 29 2
315 32.79 36.71 31.52 134.28 16 33 1
316 22.88 46.14 15.96 283.81 24 32 2
317 14.75 70.55 6.59 90.07 10 44 1
318 4.30 24.57 30.54 168.11 23 40 2
319 11.81 66.50 41.43 124.21 14 47 1
320 33.52 84.53 34.63 188.20 12 36 2
321 10.29 42.38 22.46 405.64 4 12 2
322 70.25 45.24 27.17 77.00 18 47 2
323 98.37 86.38 23.23 345.85 13 25 1
324 49.60 74.96 8.43 61.73 22 30 2
325 51.20 60.18 17.20 173.07 8 30 1
326 41.86 51.45 32.11 162.31 10 26 2
327 28.25 23.32 21.46 371.80 1 47 2
328 36.67 94.88 17.84 315.83 24 28 1
329 12.39 41.25 30.06 280.43 10 28 2
330 53.53 11.94 4.03 71.15 17 44 1
331 1.44 91.94 13.58 176.87 24 33 2
332 81.33 65.79 46.34 477.64 19 26 2
333 41.07 33.70 34.01 261.45 2 37 2
334 20.81 62.73 13.72 217.47 18 23 2
335 40.42 60.63 11.65 124.54 11 20 2
336 43.24 11.42 3.87 420.53 4 18 1
337 74.99 18.88 36.44 199.16 0 29 2
338 10.54 56.17 13.83 330.88 13 38 1
339 73.79 46.99 38.58 497.65 21 34 1
340 91.89 8.74 40.46 136.94 17 48 2
341 47.68 46.52 20.55 159.44 1 6 1
342 94.03 45.48 14.06 411.70 13 29 2
343 7.42 34.26 48.51 76.40 23 40 1
344 60.42 39.85 26.09 93.21 10 23 2
345 49.96 28.58 45.51 63.55 24 26 2
346 82.31 32.63 22.42 194.73 20 42 1
347 96.08 59.23 23.37 235.38 16 18 2
348 22.50 78.47 8.05 227.91 2 24 2
349 5.76 38.49 15.57 413.34 8 25 1
350 9.66 23.93 13.72 133.04 2 41 2
351 82.01 40.11 17.82 470.87 5 30 2
352 46.19 0.36 37.31 132.32 10 42 1
353 55.64 69.72 16.55 180.42 15 16 1
354 71.76 84.90 47.87 263.78 5 45 2
355 29.39 30.78 22.69 476.13 19 32 1
356 66.71 54.37 1.72 77.90 20 39 1
357 51.24 63.73 9.27 374.89 11 47 1
358 42.89 79.44 44.04 275.71 20 41 2
359 61.61 68.35 35.54 71.21 2 3 1
360 84.11 15.67 35.28 406.78 2 23 2
361 94.88 36.54 5.51 377.40 18 30 1
362 42.61 61.40 30.82 187.10 14 46 1
363 75.43 90.49 42.97 187.88 24 44 1
364 41.48 19.21 23.00 312.91 12 26 2
365 68.39 4.66 7.92 180.12 3 35 1
366 63.42 34.84 42.23 350.03 15 21 2
367 21.54 66.69 22.14 489.20 0 40 1
368 71.91 0.28 1.27 384.25 4 39 2
369 31.47 72.17 41.48 460.51 15 40 2
370 78.06 81.57 42.79 455.02 3 33 1
371 48.04 32.87 31.47 149.47 18 18 1
372 60.94 35.64 21.98 81.29 14 44 2
373 28.54 50.80 0.88 114.29 18 24 2
374 30.30 14.24 34.81 151.37 8 21 1
375 56.37 70.69 10.46 137.13 3 22 2
376 52.46 6.51 18.63 150.01 14 46 1
377 94.80 32.90 15.58 182.73 3 17 1
378 60.44 58.34 35.24 193.78 14 41 1
379 86.47 3.54 0.08 432.91 0 29 2
380 57.87 55.03 32.98 111.70 15 19 2
381 88.79 72.15 46.98 213.84 10 48 1
382 12.85 49.69 8.71 479.76 23 40 1
383 57.23 57.31 6.53 102.66 23 24 1
384 60.95 72.66 15.82 319.07 14 42 1
385 8.88 74.02 10.22 62.44 15 21 2
386 99.88 5.61 46.43 75.04 0 37 1
387 24.46 51.03 49.92 208.17 4 26 1
388 83.93 42.01 31.40 164.80 10 42 1
389 57.61 17.41 1.12 327.01 11 34 1
390 22.61 76.36 49.17 134.50 0 47 1
391 86.95 71.02 45.18 197.03 15 37 1
392 72.08 60.39 12.08 187.98 13 16 2
393 13.72 3.44 20.14 469.25 21 44 2
394 66.60 13.52 10.63 216.59 2 39 2
395 22.99 69.70 5.94 359.35 15 23 1
396 71.10 51.73 38.91 494.01 2 30 1
397 14.18 94.34 5.03 112.67 8 30 1
398 47.87 66.52 21.47 146.13 7 18 1
399 77.99 31.81 26.93 330.81 23 42 2
400 68.18 23.33 5.07 174.63 19 26 1
1 167.57 4945.97 1
2 174.95 3310.85 2
3 136.22 3577.45 1
4 198.85 3468.66 1
5 109.66 4058.99 2
6 117.86 2685.57 2
1 1.62 43.03 3
2 1.50 42.52 2
3 1.92 39.10 1
4 1.62 27.11 3
5 1.83 42.68 6
6 1.51 41.86 3
7 1.33 43.88 3
8 1.91 49.33 6
9 1.60 44.53 2
