Data for Vehicle routing problem with drones - Author: Huyen Do Thi Ngoc
Number of depots: 2
Number of cities: 400
Number of trucks: 4
Number of drones: 14
Area: 100 100 50
Customer maximum demand: 500
Max capacity of truck: 200
Max energy of truck: 5000
Max capacity of drone: 2
Max energy of drone: 50
1 72.31 11.24 49.51
2 98.86 94.93 41.67
1 1.08 62.06 14.06 213.26 18 35 1
2 62.72 67.16 37.92 191.07 22 42 2
3 71.05 94.15 44.68 395.63 19 20 1
4 14.82 48.31 23.80 393.45 18 22 1
5 54.74 16.99 19.11 435.76 3 42 2
6 85.67 19.98 36.97 330.15 17 27 2
7 65.81 63.14 45.84 310.33 20 42 2
8 81.39 79.73 7.09 218.62 6 9 1
9 60.63 45.62 26.49 426.57 3 3 2
10 19.80 26.43 26.32 191.91 4 26 1
11 37.39 24.58 49.13 375.95 11 48 1
12 70.61 19.30 36.51 421.45 10 43 1
13 6.11 98.28 1.17 78.93 11 43 2
14 88.45 57.11 13.21 152.61 16 39 2
15 55.96 33.01 27.72 465.01 0 44 2
16 10.44 81.18 17.05 281.46 5 27 1
17 64.65 30.82 23.43 292.85 15 24 2
18 44.31 96.50 34.84 280.61 4 17 2
19 19.01 21.66 20.92 142.97 10 33 2
20 84.44 20.53 32.53 318.66 1 27 1
21 60.28 82.23 29.80 118.79 15 34 2
22 17.13 33.42 6.97 425.16 17 41 1
23 92.42 39.65 39.55 312.86 23 47 1
24 91.23 30.38 49.46 276.34 3 28 2
25 60.38 96.56 40.61 366.50 18 45 2
26 35.84 21.26 21.24 333.73 24 31 2
27 34.18 20.53 14.92 110.88 22 27 2
28 78.61 86.96 30.31 157.30 14 29 1
29 98.90 49.58 29.59 298.99 10 27 1
30 47.43 47.48 29.19 202.06 5 39 1
31 67.43 81.06 18.62 486.59 18 21 2
32 25.59 88.32 28.49 238.41 23 31 2
33 44.02 20.26 10.71 165.83 9 23 2
34 40.34 23.36 28.99 350.55 21 25 2
35 33.37 3.09 34.59 205.85 12 42 1
36 30.01 95.00 45.89 167.37 14 33 1
37 20.58 60.87 34.08 481.50 0 38 2
38 15.35 87.83 3.21 376.11 2 20 2
39 40.48 29.02 1.55 447.16 4 27 2
40 91.68 52.88 32.00 323.94 7 28 1
41 35.46 0.72 40.23 488.58 12 36 2
42 93.25 74.47 23.84 313.81 1 47 1
43 23.81 24.76 44.55 457.46 17 24 1
44 58.59 93.15 27.06 396.30 0 32 1
45 66.41 12.39 14.09 74.28 24 28 1
46 99.06 8.35 39.34 494.33 13 32 2
47 39.07 65.57 23.15 222.67 8 34 2
48 48.17 28.55 39.62 158.85 19 45 2
49 41.76 74.59 49.28 339.30 6 29 1
50 70.27 92.19 4.26 388.82 21 22 1
51 68.82 11.31 19.92 414.69 21 40 1
52 46.20 58.74 43.71 386.85 10 37 2
53 14.38 72.82 46.15 406.62 9 13 1
54 68.55 25.50 36.79 196.95 21 32 2
55 2.44 10.44 14.20 348.65 24 47 1
56 73.11 4.32 3.54 241.38 0 28 1
57 41.62 68.54 12.50 285.00 10 13 2
58 59.44 23.79 6.64 284.08 20 27 2
59 18.70 28.69 19.92 145.37 20 26 2
60 8.14 23.44 34.23 260.46 14 15 1
61 82.97 28.31 31.15 329.88 22 47 1
62 24.82 99.47 7.69 354.48 5 31 1
63 82.83 12.93 16.38 56.60 20 42 2
64 90.40 71.09 21.05 244.02 7 17 1
65 85.04 48.81 16.19 189.41 12 29 2
66 84.21 27.27 28.13 413.02 19 25 1
67 95.95 20.09 19.36 116.61 4 19 1
68 47.65 89.44 37.44 90.67 5 46 1
69 18.48 67.02 39.62 260.38 5 45 1
70 90.05 23.73 43.14 441.89 7 28 1
71 23.86 80.85 2.75 299.62 5 17 2
72 13.52 9.21 21.67 451.99 19 21 2
73 73.95 30.25 14.52 379.65 14 34 2
74 27.06 46.08 25.71 141.02 20 20 2
75 87.34 50.30 7.67 466.23 19 22 2
76 28.20 46.31 3.49 336.49 16 16 1
77 42.33 92.87 4.20 175.48 6 6 2
78 47.33 94.73 45.04 496.61 3 40 1
79 44.64 6.84 22.72 407.61 8 37 1
80 17.27 3.31 27.59 248.71 11 29 2
81 67.13 47.58 13.25 81.76 9 17 1
82 1.92 60.29 32.98 202.33 10 32 2
83 68.07 60.10 22.90 400.36 24 36 1
84 32.20 18.34 9.94 100.79 14 36 2
85 35.69 91.94 28.56 160.26 7 30 2
86 42.43 43.98 37.96 285.38 18 40 1
87 7.64 15.93 22.07 88.15 9 45 2
88 24.31 71.22 20.38 140.17 4 28 2
89 15.86 23.66 2.95 381.43 7 34 1
90 38.06 14.00 40.41 162.01 12 13 2
91 56.31 27.68 27.11 446.57 11 39 2
92 31.98 34.44 26.32 245.38 10 29 1
93 49.88 62.53 49.74 70.80 21 42 2
94 23.36 30.71 0.06 146.55 19 46 2
95 7.84 92.41 42.37 247.70 7 7 1
96 81.47 65.61 27.05 459.55 13 30 2
97 80.46 89.75 34.57 465.31 19 20 2
98 71.17 16.25 36.88 115.93 4 27 2
99 14.91 18.64 10.96 52.88 21 34 1
100 70.71 9.85 22.83 181.13 1 22 1
101 57.30 46.94 25.97 110.92 24 25 2
102 16.70 80.04 49.35 494.02 13 35 1
103 63.88 24.93 26.31 436.82 6 24 1
104 31.32 51.78 6.26 417.45 21 44 1
105 42.16 49.78 48.25 337.32 22 43 1
106 60.12 89.66 11.69 481.02 19 35 2
107 84.48 1.61 44.14 88.54 14 15 2
108 92.46 3.64 17.18 458.41 11 27 2
109 26.80 88.92 28.52 72.36 23 26 2
110 62.36 15.93 14.28 303.89 3 13 2
111 86.00 39.27 13.07 240.41 3 46 2
112 28.19 91.34 43.62 151.11 11 21 1
113 72.41 63.80 20.59 107.23 6 39 2
114 22.17 69.92 22.36 161.36 10 46 2
115 84.01 28.53 29.20 496.90 3 16 2
116 11.24 3.97 17.50 462.06 17 47 2
117 81.59 41.71 32.87 239.19 11 26 2
118 60.48 37.34 14.67 94.95 15 29 2
119 77.61 86.55 45.04 417.96 24 36 2
120 32.68 59.35 39.89 244.61 20 33 1
121 29.23 7.42 28.38 443.76 2 29 2
122 97.37 78.57 8.09 203.60 19 34 2
123 83.97 49.95 37.31 127.53 21 46 1
124 6.36 54.21 30.44 62.07 12 30 1
125 8.96 30.85 18.91 416.98 13 47 1
126 22.68 32.86 36.15 488.10 7 22 1
127 50.70 55.43 46.09 285.87 6 26 2
128 67.81 0.14 41.23 420.14 1 38 1
129 37.94 64.60 3.09 387.60 12 26 1
130 20.20 13.87 31.28 394.86 6 21 2
131 31.09 87.75 18.39 423.68 4 5 1
132 14.42 34.66 27.00 441.24 12 38 2
133 68.61 93.24 33.09 445.26 4 20 2
134 37.19 87.42 9.37 492.59 9 26 1
135 16.74 58.41 24.77 165.07 8 17 1
136 46.77 52.62 27.94 93.06 18 21 1
137 64.09 0.38 3.33 300.36 11 15 1
138 26.87 94.89 49.59 127.35 19 27 2
139 83.01 28.86 1.25 314.94 12 15 2
140 97.27 93.11 5.08 82.91 17 39 1
141 2.36 20.67 14.09 131.82 22 46 2
142 53.94 25.18 42.52 204.41 11 39 2
143 25.12 87.98 4.52 185.84 7 31 2
144 79.35 51.98 14.70 180.80 18 41 2
145 75.27 21.77 33.55 166.29 6 26 1
146 63.95 93.45 38.62 245.51 11 26 1
147 82.85 60.80 4.06 97.49 20 46 2
148 61.45 45.70 8.99 177.91 2 42 2
149 63.70 98.79 48.74 179.43 14 35 1
150 25.98 66.21 28.73 100.20 21 33 2
151 99.60 38.89 33.29 120.03 17 32 2
152 8.04 44.75 36.63 137.85 18 47 1
153 32.28 69.69 35.98 345.62 22 27 2
154 79.52 1.87 15.15 309.77 22 38 1
155 82.35 43.09 27.48 167.06 21 42 1
156 59.63 94.50 29.74 264.97 7 10 1
157 85.77 52.78 23.34 218.50 6 36 1
158 10.55 60.86 1.73 302.04 15 18 1
159 72.11 37.20 34.23 217.83 18 30 1
160 33.04 74.00 49.91 293.04 3 41 1
161 4.34 63.18 31.46 64.38 1 21 2
162 84.49 24.61 3.75 86.90 2 29 2
163 83.08 42.33 46.20 381.79 4 13 2
164 59.76 69.19 27.31 312.11 13 38 2
165 61.49 65.46 23.43 139.78 18 21 1
166 17.98 24.78 31.93 263.83 7 25 2
167 94.63 79.64 45.34 293.12 5 22 2
168 23.48 29.08 35.99 310.99 2 17 1
169 53.73 21.22 23.46 349.29 23 31 1
170 16.12 79.04 46.27 225.20 13 34 2
171 46.34 20.62 26.86 438.98 9 47 1
172 39.73 69.80 40.76 215.61 19 40 2
173 9.33 94.08 35.41 69.28 2 48 1
174 40.16 83.23 28.69 487.68 17 39 2
175 95.33 61.81 4.14 307.91 18 20 2
176 96.87 3.91 9.64 496.56 14 25 2
177 71.01 30.97 26.69 402.16 13 38 2
178 87.87 36.69 35.83 458.39 15 48 1
179 98.56 58.83 42.79 482.42 9 33 1
180 84.42 52.11 30.82 380.26 17 25 1
181 29.40 79.55 2.99 152.75 3 27 1
182 31.10 3.05 22.93 486.26 15 48 2
183 88.29 10.00 38.21 237.38 21 23 2
184 35.24 80.08 32.34 370.62 22 31 2
185 84.41 64.88 39.65 251.77 14 20 2
186 88.59 45.26 38.91 341.31 1 42 2
187 91.54 92.41 47.79 380.32 3 17 2
188 76.99 70.50 48.76 141.43 14 21 2
189 92.28 44.76 11.00 329.98 24 31 1
190 31.93 64.00 6.38 434.68 3 36 1
191 25.47 86.39 45.39 126.07 22 39 2
192 51.33 54.52 22.83 476.92 15 23 1
193 31.05 15.53 1.88 313.02 21 31 1
194 15.84 60.30 9.70 453.32 16 21 2
195 49.46 85.23 34.36 173.28 22 24 2
196 20.25 5.57 16.04 451.12 20 26 1
197 32.70 96.22 35.96 169.82 0 14 1
198 71.61 63.50 17.83 267.71 23 29 1
199 83.97 85.89 26.34 73.78 1 1 1
200 62.44 16.33 47.80 358.03 12 43 1
201 59.66 30.19 41.36 240.29 15 24 1
202 68.72 10.26 36.15 405.39 17 36 2
203 18.62 66.71 30.16 406.77 18 25 1
204 48.42 88.95 1.27 369.78 0 24 2
205 85.08 10.73 41.65 354.27 1 22 1
206 81.06 75.43 38.83 322.46 20 43 2
207 29.31 39.77 9.79 115.53 21 21 1
208 74.46 86.38 44.53 188.94 15 29 1
209 9.07 9.76 31.03 228.88 0 25 1
210 43.80 14.94 26.67 421.41 19 35 1
211 14.32 46.06 14.95 482.94 24 24 2
212 39.79 81.59 6.98 273.94 17 20 1
213 58.52 72.56 14.76 240.21 21 43 1
214 71.86 25.08 32.68 430.58 1 32 1
215 94.44 93.73 39.21 73.90 11 25 2
216 74.96 97.07 49.06 486.68 13 34 1
217 52.57 36.53 9.92 81.56 24 47 2
218 72.13 91.06 13.99 362.39 18 40 1
219 38.50 47.64 34.74 206.32 2 10 2
220 73.29 64.56 35.06 283.71 11 48 1
221 82.95 46.94 28.34 113.70 5 8 1
222 75.46 55.20 19.41 238.17 9 23 1
223 79.02 58.95 22.75 380.11 3 12 1
224 3.68 78.16 29.61 115.99 3 18 1
225 16.68 32.94 33.40 324.81 17 45 1
226 87.04 92.08 26.33 268.98 11 38 2
227 31.29 91.80 15.59 286.10 1 41 1
228 54.65 70.48 3.54 404.89 21 39 2
229 44.25 47.39 34.85 156.46 6 26 1
230 94.01 91.87 49.57 302.14 4 38 2
231 50.29 12.02 13.16 397.97 17 22 1
232 56.22 0.57 7.20 167.29 22 41 2
233 97.87 6.36 11.79 419.62 16 35 2
234 70.12 40.29 23.88 399.67 4 44 2
235 21.07 88.45 45.90 130.43 5 26 2
236 66.73 16.88 4.77 142.35 20 37 1
237 74.47 86.02 33.39 269.63 8 22 1
238 27.86 37.53 32.81 435.56 4 30 1
239 74.14 58.45 43.09 207.28 11 32 1
240 12.90 57.46 38.40 129.71 14 18 1
241 71.11 73.80 13.46 442.99 20 34 1
242 19.37 47.70 0.49 458.74 21 45 2
243 37.99 22.61 34.45 61.08 13 44 1
244 64.65 18.32 22.32 63.27 4 45 1
245 23.24 40.19 38.60 220.31 20 29 1
246 48.97 23.85 46.80 474.81 13 14 1
247 0.59 45.38 17.91 179.77 23 31 2
248 72.30 88.57 36.70 91.20 6 23 1
249 86.27 17.55 13.08 137.55 21 32 1
250 67.81 75.73 29.72 422.17 22 22 1
251 17.15 10.13 37.20 308.37 10 25 1
252 59.42 73.73 36.34 224.22 10 46 2
253 46.37 41.94 5.29 89.68 24 37 1
254 53.82 67.24 19.05 478.10 6 35 1
255 13.51 63.51 23.60 155.54 8 23 2
256 98.79 71.19 33.57 235.94 15 27 2
257 20.67 53.52 33.20 171.87 2 36 1
258 76.55 32.89 37.16 50.12 2 8 1
259 36.89 33.56 19.92 78.12 7 38 2
260 55.53 51.26 34.91 488.38 7 31 2
261 26.80 3.28 33.22 133.42 2 28 1
262 81.47 49.43 2.44 437.16 23 27 1
263 37.81 41.12 29.96 327.80 11 19 2
264 57.05 84.86 5.43 301.11 0 27 2
265 46.65 43.11 33.57 233.10 3 39 1
266 96.91 53.37 24.62 171.93 1 29 2
267 93.79 56.31 37.70 171.69 16 16 1
268 15.66 35.55 41.30 104.92 9 11 2
269 71.89 28.84 2.85 351.14 19 46 2
270 23.73 47.30 34.63 479.86 4 21 2
271 91.11 16.61 41.74 224.89 17 46 2
272 44.51 28.76 41.34 287.13 21 38 1
273 52.94 73.94 11.94 160.47 17 39 1
274 91.06 77.07 37.74 183.19 15 27 1
275 68.33 20.27 9.03 342.92 1 45 1
276 54.97 46.16 39.83 499.19 3 36 1
277 52.77 97.80 26.04 252.90 11 22 2
278 17.58 85.36 44.58 419.27 7 44 2
279 68.76 16.88 46.48 116.32 10 39 2
280 6.53 87.15 4.03 88.59 11 12 1
281 44.73 5.53 20.57 115.30 20 35 2
282 81.53 40.47 34.79 83.11 24 29 1
283 4.64 62.69 35.66 495.53 9 34 2
284 87.13 73.67 24.04 475.08 0 23 2
285 38.00 84.09 16.73 325.26 10 40 1
286 22.72 6.57 7.77 278.38 19 29 1
287 9.30 31.06 16.51 373.10 2 2 2
288 89.74 7.97 7.84 352.50 14 47 1
289 30.52 20.80 17.41 149.88 22 40 2
290 94.71 33.24 48.81 293.84 12 35 2
291 86.42 1.26 13.85 174.90 1 26 1
292 47.86 68.51 14.84 380.16 9 39 2
293 14.25 22.29 26.58 69.95 10 13 1
294 19.26 77.96 0.95 210.39 21 26 1
295 16.32 48.29 32.69 179.77 18 30 2
296 90.57 88.29 9.56 320.51 16 17 1
297 67.56 28.73 10.94 480.18 13 41 1
298 82.58 89.45 16.22 440.97 4 42 1
299 38.63 34.26 19.36 222.76 9 29 2
300 68.38 6.92 3.62 365.51 4 38 2
301 78.40 77.98 24.98 490.84 17 46 1
302 2.03 41.96 13.20 321.91 8 47 1
303 96.99 18.75 30.46 378.84 12 34 2
304 88.47 58.09 11.86 135.65 8 24 1
305 64.03 25.35 48.29 181.70 0 43 2
306 94.46 89.29 33.49 265.08 5 7 2
307 15.60 9.97 20.27 484.82 15 48 2
308 28.60 60.73 30.77 318.10 11 40 2
309 53.12 9.88 46.65 464.82 15 45 2
310 82.30 39.18 45.69 497.47 14 15 2
311 25.12 4.29 43.81 224.55 2 28 2
312 35.32 98.05 17.86 317.96 21 30 1
313 82.80 61.27 42.32 368.11 16 24 2
314 65.29 76.20 18.98 226.55 14 15 1
315 77.59 77.30 43.29 450.79 14 47 1
316 95.95 93.51 3.27 438.61 19 43 2
317 46.26 34.94 30.54 402.05 6 38 1
318 12.76 54.83 0.83 407.15 21 43 1
319 84.08 57.08 12.48 137.08 21 35 2
320 72.54 47.55 33.97 390.77 10 38 2
321 46.92 41.59 10.10 160.10 24 30 1
322 85.85 52.28 10.92 486.40 3 7 1
323 37.30 19.20 28.03 55.68 24 30 1
324 73.92 93.21 40.45 431.08 5 44 2
325 38.37 12.73 36.88 392.81 23 46 1
326 1.13 27.55 34.40 131.93 19 25 2
327 11.46 3.18 45.87 316.64 11 34 2
328 14.32 54.03 33.06 148.71 22 24 1
329 12.48 31.25 35.52 248.33 18 39 1
330 80.61 38.19 21.16 241.78 3 36 2
331 83.79 58.11 29.84 262.22 18 34 2
332 12.83 13.49 40.09 421.98 21 34 2
333 26.10 1.28 44.10 478.01 7 26 1
334 86.10 73.25 24.13 182.77 15 40 1
335 31.43 96.69 6.66 449.49 20 41 1
336 70.84 37.93 12.68 73.74 14 18 1
337 89.76 1.95 29.38 120.35 5 48 1
338 64.15 99.14 20.53 178.32 24 28 1
339 44.78 15.62 24.12 106.34 16 20 2
340 4.03 61.86 37.31 68.37 16 36 2
341 19.51 1.76 20.72 469.49 17 41 2
342 99.46 48.70 8.08 106.95 9 46 1
343 55.71 83.87 6.76 154.47 11 18 1
344 63.73 90.07 43.27 133.03 8 12 2
345 63.72 35.41 30.20 448.41 14 25 1
346 11.55 28.68 40.41 135.22 2 41 2
347 22.62 84.35 1.48 66.16 12 41 2
348 74.99 13.64 36.78 481.18 17 17 2
349 68.00 19.66 47.35 97.36 9 36 1
350 50.42 8.32 11.53 63.46 9 29 2
351 68.21 54.22 18.10 180.12 10 11 1
352 20.57 72.89 32.31 360.85 20 36 1
353 72.75 89.59 41.04 355.85 24 32 1
354 12.65 23.66 0.35 486.05 18 23 2
355 59.10 43.21 3.60 397.63 1 43 2
356 58.02 12.62 29.20 475.28 22 30 2
357 41.47 98.56 36.76 352.56 13 34 2
358 56.64 34.54 0.07 367.57 17 45 1
359 53.65 46.52 12.23 207.35 19 29 1
360 4.85 9.57 18.21 138.46 3 14 2
361 45.04 27.89 44.06 493.40 19 48 2
362 31.74 34.98 0.36 432.98 5 44 1
363 0.96 77.87 9.24 293.96 15 20 1
364 68.60 47.66 1.93 352.29 2 26 1
365 2.98 39.75 33.91 161.28 19 31 1
366 64.91 2.58 16.76 451.89 7 7 1
367 65.80 5.36 9.30 267.67 1 43 2
368 97.31 69.11 35.77 357.63 0 32 1
369 47.08 27.68 31.83 272.95 2 11 1
370 79.16 29.75 41.86 397.60 15 46 1
371 76.84 82.68 5.80 192.74 13 28 1
372 0.27 91.96 3.39 154.74 10 13 2
373 5.64 5.62 15.66 466.33 22 43 1
374 39.46 70.17 11.61 69.45 17 18 1
375 60.15 65.80 7.86 224.82 20 47 1
376 43.36 23.33 20.42 223.79 16 41 2
377 30.33 6.93 1.20 431.90 13 24 2
378 8.68 58.28 2.08 326.94 1 40 1
379 60.00 52.59 42.80 195.19 7 17 1
380 34.74 91.39 27.33 118.25 11 15 1
381 29.15 13.70 1.73 309.36 7 39 2
382 2.71 90.59 36.73 283.70 17 44 2
383 4.37 62.48 8.26 152.47 13 32 1
384 34.66 41.27 13.74 246.87 13 20 1
385 59.07 24.28 49.16 448.79 5 40 2
386 71.17 66.18 42.29 465.30 8 11 1
387 79.97 45.40 0.35 243.76 23 40 1
388 88.67 59.45 29.72 359.29 14 26 2
389 70.15 43.83 35.09 399.18 3 40 2
390 59.42 1.32 43.23 309.02 18 47 1
391 21.06 51.31 27.47 93.76 0 15 1
392 9.89 34.61 21.14 303.29 14 34 2
393 99.81 8.46 49.37 56.91 1 12 1
394 31.69 4.23 48.93 394.77 0 22 2
395 67.22 79.92 15.54 134.74 24 45 2
396 81.67 49.46 33.02 341.34 9 18 2
397 30.17 22.00 13.23 346.30 21 32 2
398 68.94 57.49 20.79 117.30 3 47 1
399 47.58 7.66 43.97 341.68 10 39 2
400 80.80 11.19 37.34 154.45 13 40 2
1 151.30 4293.97 1
2 102.64 3140.49 2
3 170.19 3084.20 1
4 179.35 4824.24 2
1 1.89 37.75 1
2 1.12 28.94 3
3 1.41 29.14 2
4 1.63 49.87 4
5 1.34 41.75 2
6 1.78 42.38 2
7 1.44 33.68 3
8 1.65 42.92 2
9 1.72 35.85 2
10 1.98 30.29 4
11 1.07 48.16 4
12 1.57 40.34 1
13 1.04 49.66 1
14 2.00 38.31 3
