Data for Vehicle routing problem with drones - Author: Huyen Do Thi Ngoc
Number of depots: 5
Number of cities: 200
Number of trucks: 10
Number of drones: 15
Area: 100 100 50
Customer maximum demand: 500
Max capacity of truck: 200
Max energy of truck: 5000
Max capacity of drone: 2
Max energy of drone: 50
1 63.34 27.26 21.17
2 45.84 92.62 45.35
3 70.55 97.12 2.65
4 30.07 79.89 14.02
5 60.07 48.09 7.02
1 57.44 22.49 38.61 412.06 22 41 2
2 51.57 40.13 11.79 221.72 18 24 5
3 48.01 26.74 32.34 258.52 19 40 2
4 79.47 93.92 4.04 292.19 16 46 4
5 33.58 28.42 2.18 248.46 17 38 1
6 48.24 66.80 13.81 427.71 23 44 5
7 36.97 79.23 24.83 329.32 22 44 2
8 37.34 8.00 40.89 295.94 6 31 4
9 16.76 58.05 14.95 367.84 5 41 1
10 57.85 11.72 40.86 325.07 8 22 1
11 79.56 5.63 36.49 446.39 23 35 3
12 75.33 75.63 7.51 164.74 10 12 2
13 81.47 77.01 42.10 270.46 7 28 1
14 64.52 90.54 3.84 239.36 23 30 3
15 70.69 40.38 13.21 364.58 7 13 1
16 42.33 89.02 6.91 114.13 19 45 5
17 49.75 21.51 19.12 184.76 14 17 4
18 27.51 12.73 41.49 446.35 2 13 4
19 35.95 1.72 11.20 386.51 12 21 4
20 94.83 56.71 9.20 239.36 21 37 4
21 7.82 82.81 1.01 110.92 18 35 2
22 92.68 84.88 7.92 403.61 13 18 1
23 64.98 0.26 42.44 130.55 2 15 4
24 68.14 68.52 11.56 171.42 17 34 5
25 27.25 4.29 13.61 453.93 23 23 1
26 78.55 77.34 5.93 363.20 15 16 2
27 21.33 34.55 9.88 330.09 6 18 5
28 82.93 18.78 48.96 284.97 2 24 5
29 51.07 39.84 32.94 231.36 17 28 5
30 30.64 53.10 23.75 91.12 4 17 1
31 10.51 74.18 10.89 374.68 22 44 1
32 79.55 20.85 4.79 263.86 8 8 3
33 28.56 11.21 3.23 320.51 16 26 2
34 9.59 1.51 23.48 471.25 13 19 4
35 72.09 71.55 28.48 127.89 19 48 1
36 6.68 38.92 45.38 231.42 6 30 3
37 15.04 78.60 35.78 358.94 13 48 2
38 71.78 87.81 13.28 176.51 10 32 4
39 37.26 76.17 46.18 316.59 4 46 2
40 67.07 70.19 9.29 358.65 11 32 2
41 33.11 30.17 6.66 434.70 13 18 2
42 50.49 58.86 34.39 453.31 12 46 1
43 82.09 51.97 1.85 154.30 23 29 5
44 36.02 18.40 9.94 215.75 13 44 1
45 5.64 69.29 17.31 401.07 5 43 4
46 6.08 14.62 42.95 230.29 20 42 1
47 42.31 43.55 14.00 74.83 14 30 2
48 41.65 69.77 10.55 413.22 1 28 5
49 26.83 94.14 40.96 477.46 6 37 4
50 17.26 12.01 43.39 96.70 15 37 3
51 51.26 91.46 1.34 92.20 4 41 5
52 14.17 36.95 34.45 418.21 18 35 2
53 32.59 62.45 19.76 460.56 19 20 4
54 94.65 33.45 33.08 320.48 23 33 3
55 85.54 74.82 26.30 302.93 21 42 3
56 74.25 60.47 45.46 344.29 4 38 5
57 10.63 97.87 14.22 373.63 21 47 3
58 11.08 3.79 5.37 377.96 15 44 3
59 17.44 38.48 45.19 104.48 11 32 1
60 52.28 91.11 1.63 272.03 19 37 5
61 50.05 58.79 0.10 123.82 13 46 4
62 83.71 64.88 42.13 443.39 6 24 4
63 1.61 26.39 28.87 345.09 24 47 5
64 75.64 53.64 4.42 425.82 6 19 1
65 86.22 80.92 41.22 121.39 9 43 3
66 16.79 40.10 12.13 54.49 15 25 2
67 88.66 62.32 31.05 418.62 4 35 5
68 28.17 63.43 5.42 449.57 15 34 1
69 15.72 68.15 23.38 187.46 6 46 3
70 17.90 62.20 49.84 331.54 10 41 3
71 98.15 6.34 37.38 495.72 20 20 5
72 26.51 65.40 19.92 387.98 16 47 4
73 54.98 88.63 20.09 181.25 8 33 5
74 48.07 10.71 28.62 366.53 8 22 3
75 10.17 58.12 22.82 388.13 8 34 1
76 66.26 0.60 8.62 310.25 21 43 1
77 40.47 34.02 5.98 486.19 4 43 1
78 78.40 30.98 29.62 233.43 19 25 1
79 15.45 20.27 30.98 239.24 21 41 3
80 34.21 39.29 9.30 422.27 14 39 2
81 36.71 80.55 47.90 95.30 0 27 3
82 60.07 83.54 24.87 479.23 14 33 3
83 88.30 59.06 27.58 449.32 20 38 5
84 98.04 75.99 39.22 200.23 12 20 5
85 4.18 96.92 4.16 314.19 7 41 1
86 70.08 62.12 42.52 371.91 18 33 3
87 90.68 60.28 22.74 57.06 15 24 4
88 8.57 31.04 9.67 124.22 8 47 4
89 51.02 93.14 10.91 460.38 17 26 1
90 86.61 99.04 31.53 314.02 24 40 2
91 42.24 42.19 44.60 199.17 3 38 5
92 0.67 74.02 26.25 415.72 9 18 4
93 38.57 36.16 22.16 208.01 9 30 2
94 72.07 56.28 8.80 445.49 1 5 1
95 72.77 32.43 1.44 109.12 6 27 2
96 15.83 1.60 9.32 89.99 8 48 1
97 41.14 52.24 17.18 467.19 15 19 5
98 78.95 2.31 35.13 428.32 15 23 3
99 53.09 57.71 49.29 187.60 8 13 5
100 65.62 10.30 16.24 381.24 0 40 1
101 58.71 25.45 16.67 88.82 23 44 4
102 69.84 84.62 21.40 304.85 7 23 3
103 28.55 88.84 44.37 279.86 0 4 5
104 6.80 35.15 15.87 375.24 8 27 5
105 73.61 57.23 39.62 354.92 19 43 3
106 48.47 78.38 21.78 165.34 21 37 2
107 78.97 41.88 10.42 209.79 14 44 3
108 98.69 65.44 42.61 347.93 1 16 2
109 41.17 61.95 40.77 53.94 18 48 4
110 14.19 48.00 10.00 195.39 5 32 5
111 12.36 42.46 31.93 191.47 20 25 1
112 50.96 32.78 25.98 328.69 11 45 1
113 98.46 41.48 42.50 198.96 8 31 2
114 90.11 88.45 46.14 272.52 14 23 1
115 19.14 66.63 39.85 258.91 9 24 5
116 62.55 26.30 49.20 159.62 5 14 4
117 82.96 43.32 0.50 336.79 4 16 5
118 80.77 37.99 8.58 295.15 22 38 2
119 8.80 72.38 7.22 261.63 3 40 5
120 5.56 95.03 3.23 332.73 11 19 5
121 3.50 67.24 33.49 235.30 23 40 5
122 30.14 8.17 17.74 463.86 4 14 4
123 26.60 17.71 28.83 138.04 12 31 5
124 24.91 14.83 39.98 408.37 18 25 2
125 7.70 18.00 22.20 449.46 13 35 4
126 39.96 65.40 10.14 194.38 19 44 3
127 2.50 44.49 43.67 444.97 21 27 3
128 45.60 37.41 38.86 336.59 20 30 4
129 58.89 91.59 45.99 272.49 19 44 5
130 82.27 56.41 21.56 437.84 15 25 5
131 26.66 2.71 41.48 315.49 0 17 4
132 70.56 38.03 48.95 179.51 9 47 5
133 68.59 94.94 35.20 133.95 15 44 5
134 31.86 23.82 6.06 424.46 5 8 2
135 92.31 82.20 35.11 365.96 24 32 1
136 12.02 95.88 14.78 133.55 6 45 3
137 24.33 24.85 36.85 200.69 17 17 1
138 68.49 22.17 44.42 151.09 3 9 5
139 97.01 52.44 10.79 132.99 10 14 3
140 80.39 75.30 30.75 199.58 2 29 5
141 62.49 33.04 26.48 446.77 3 24 4
142 59.24 99.57 10.63 476.45 22 48 1
143 70.24 18.02 7.95 403.97 19 31 1
144 67.92 30.71 29.20 330.84 22 31 5
145 52.70 43.38 23.03 489.05 12 46 2
146 77.55 10.69 46.34 469.59 23 42 5
147 86.25 80.89 32.92 319.50 8 40 1
148 64.15 54.61 35.25 71.94 11 48 4
149 29.81 64.57 29.54 160.08 12 27 4
150 72.32 44.50 36.48 52.40 1 29 1
151 74.97 7.46 6.99 383.14 1 29 3
152 39.70 16.37 37.52 318.00 4 6 4
153 47.86 41.21 21.60 190.04 10 47 1
154 39.12 99.88 39.06 223.31 21 38 1
155 56.37 84.40 37.81 88.63 20 47 3
156 84.97 82.26 9.72 64.85 22 45 2
157 38.98 28.71 42.62 339.55 11 13 1
158 51.11 98.81 31.27 428.38 20 38 5
159 26.43 29.48 39.63 323.11 4 5 1
160 54.94 89.71 22.05 492.02 2 47 4
161 4.04 21.79 26.28 68.61 17 45 1
162 28.20 45.75 0.10 66.90 1 26 5
163 16.56 8.01 15.84 268.69 17 17 5
164 28.01 97.83 6.77 123.48 11 46 4
165 3.99 86.38 5.04 462.51 21 35 4
166 61.36 82.02 10.98 140.00 4 14 5
167 17.58 14.56 42.18 246.69 19 28 4
168 6.99 72.99 2.36 397.59 16 31 2
169 39.84 78.07 46.95 105.20 13 16 5
170 49.01 60.20 30.37 309.35 18 39 3
171 47.21 92.09 19.50 473.88 4 23 4
172 45.92 73.80 4.39 352.90 0 46 2
173 15.35 17.30 30.71 294.38 8 39 4
174 5.91 56.71 1.65 172.29 0 14 1
175 12.91 0.62 12.82 105.74 20 29 2
176 73.30 90.73 22.30 316.59 3 4 5
177 16.99 19.65 23.35 435.34 0 15 3
178 25.03 19.04 34.87 81.21 0 43 4
179 24.89 22.73 16.01 281.65 22 39 4
180 13.50 21.74 32.47 67.12 23 47 4
181 27.40 19.68 33.50 229.09 19 25 2
182 19.28 32.59 29.35 446.65 20 22 4
183 60.71 94.14 30.46 270.94 6 22 4
184 12.55 59.10 38.94 437.41 23 47 2
185 94.44 85.39 37.25 377.01 20 40 1
186 62.24 92.07 17.28 145.46 16 25 1
187 3.20 33.35 30.66 98.93 14 24 1
188 14.83 43.03 31.52 317.42 13 41 5
189 95.62 30.68 48.75 185.22 9 17 5
190 3.08 84.67 23.99 161.11 22 28 5
191 58.59 12.01 19.72 160.11 14 35 2
192 93.13 80.25 7.29 378.62 9 18 5
193 99.40 16.42 48.74 120.33 12 22 4
194 32.78 62.39 30.88 147.45 6 29 4
195 48.52 85.03 22.51 445.68 22 25 2
196 95.05 7.09 22.87 155.44 21 32 3
197 15.54 10.55 44.02 80.63 2 31 4
198 37.58 49.18 32.45 393.71 9 47 2
199 12.62 29.18 11.72 247.70 0 3 5
200 6.32 9.96 6.25 163.48 15 47 5
1 113.06 2990.01 1
2 162.91 4068.92 2
3 186.88 3310.92 3
4 188.37 3449.48 4
5 176.32 4774.22 5
6 149.88 4968.52 5
7 175.53 4944.72 2
8 179.87 4200.85 4
9 110.82 4653.00 4
10 173.48 4013.94 1
1 1.27 48.76 6
2 1.74 42.42 8
3 1.98 25.85 5
4 1.55 27.19 2
5 1.87 41.26 10
6 1.75 33.97 7
7 1.64 39.32 1
8 1.47 44.29 6
9 1.36 41.21 6
10 1.09 45.83 2
11 1.62 27.28 6
12 1.36 37.03 3
13 1.35 47.19 9
14 1.24 44.77 2
15 1.49 37.92 9
