Data for Vehicle routing problem with drones - Author: Huyen Do Thi Ngoc
Number of depots: 2
Number of cities: 300
Number of trucks: 2
Number of drones: 3
Area: 100 100 50
Customer maximum demand: 500
Max capacity of truck: 200
Max energy of truck: 5000
Max capacity of drone: 2
Max energy of drone: 50
1 2.79 10.02 39.66
2 15.72 72.52 5.72
1 90.76 79.14 28.64 353.80 18 22 1
2 12.50 45.25 41.43 454.81 18 22 2
3 9.48 20.40 23.61 162.38 18 24 2
4 29.48 7.59 10.40 78.99 0 35 1
5 80.23 91.39 7.01 286.67 1 27 1
6 86.81 43.83 40.45 191.62 6 6 1
7 37.23 17.46 48.92 165.62 9 28 1
8 88.53 60.18 6.65 262.69 9 44 1
9 67.50 10.69 24.49 63.64 1 5 2
10 20.53 34.61 43.62 132.96 14 14 2
11 54.87 85.16 46.34 298.81 24 31 1
12 26.88 90.42 41.72 289.10 9 24 2
13 84.31 16.83 12.08 178.63 6 23 2
14 70.27 63.45 12.90 262.58 1 25 1
15 25.08 59.65 47.31 344.60 21 48 2
16 58.49 9.63 37.69 91.05 5 40 1
17 4.85 75.40 18.92 129.16 17 42 1
18 33.59 29.53 40.40 295.64 20 26 2
19 31.81 96.87 1.79 363.17 3 39 2
20 38.82 75.22 47.19 375.19 4 12 2
21 80.80 8.76 14.09 445.26 11 12 1
22 70.05 72.90 3.26 120.38 5 22 2
23 27.93 44.69 21.94 373.26 18 42 2
24 81.57 14.88 34.20 216.62 14 36 2
25 18.96 42.13 45.12 425.50 19 19 2
26 68.45 7.80 1.46 109.10 0 33 1
27 28.69 40.53 24.00 364.94 17 34 2
28 41.32 6.43 11.67 80.44 23 29 2
29 98.61 53.17 21.27 160.62 13 19 2
30 78.13 97.56 2.42 274.80 2 36 1
31 81.22 3.45 26.02 411.76 5 44 2
32 38.60 75.17 41.12 381.50 22 28 1
33 8.70 51.02 4.84 146.18 1 28 1
34 2.73 90.88 12.17 413.51 13 22 1
35 12.90 79.00 24.92 209.57 5 21 1
36 20.09 31.18 20.91 54.73 13 33 1
37 23.85 91.45 35.55 97.50 18 24 1
38 89.33 62.96 40.07 288.23 19 32 1
39 67.72 16.79 26.72 92.66 16 41 2
40 82.40 47.23 3.25 161.74 11 37 2
41 83.28 95.04 17.09 268.93 21 35 2
42 56.05 29.88 36.63 106.31 16 44 2
43 89.32 49.77 8.64 497.68 19 46 2
44 21.83 41.82 16.87 421.92 21 33 1
45 8.87 26.25 35.68 406.70 6 9 2
46 90.15 2.97 3.02 364.49 9 13 2
47 53.89 86.21 8.41 452.54 18 44 2
48 11.34 12.27 25.66 232.52 7 12 2
49 7.14 65.37 26.21 63.16 24 34 1
50 53.87 57.78 27.67 398.07 7 16 2
51 25.98 39.19 16.91 218.14 19 27 2
52 7.50 82.67 21.50 263.03 7 33 2
53 82.60 4.25 10.16 272.77 19 48 2
54 45.14 71.57 28.65 187.03 5 22 1
55 35.57 17.76 45.45 272.69 20 35 2
56 78.00 72.24 48.99 393.62 8 9 2
57 47.82 23.33 48.74 331.41 1 9 1
58 85.68 71.37 44.98 225.83 12 40 1
59 48.10 87.76 13.38 234.04 1 9 2
60 24.85 84.55 11.49 97.55 3 47 2
61 81.43 42.68 18.10 344.33 14 35 2
62 83.95 17.43 17.80 491.31 7 30 1
63 2.85 69.76 6.50 421.28 2 5 2
64 36.79 35.28 44.50 97.67 4 38 2
65 65.29 42.72 19.00 297.21 10 17 1
66 25.67 3.10 24.39 172.87 3 34 2
67 75.36 14.97 18.32 99.81 23 45 1
68 87.58 57.31 45.14 341.18 21 24 2
69 73.04 66.20 4.26 329.22 22 29 1
70 32.44 36.68 7.32 473.97 11 20 2
71 78.93 87.08 40.13 77.14 6 19 2
72 28.79 90.75 14.30 260.07 21 42 1
73 66.22 36.95 45.69 90.63 3 41 2
74 69.39 8.98 25.28 193.34 18 43 2
75 81.84 16.40 23.42 346.30 9 38 2
76 5.47 30.36 27.99 272.52 3 14 1
77 32.87 81.64 48.63 395.47 5 33 2
78 86.21 68.41 31.73 349.88 23 24 1
79 61.93 98.99 3.55 151.31 23 35 2
80 69.75 98.67 3.56 202.30 20 20 2
81 9.27 97.92 7.09 130.14 12 32 1
82 53.64 32.00 36.46 251.19 11 44 2
83 49.42 70.76 8.01 62.72 5 44 2
84 73.98 39.76 7.09 74.06 2 19 1
85 80.67 50.47 38.15 314.90 21 41 2
86 73.87 39.10 42.38 117.03 14 14 1
87 59.69 26.11 13.77 324.07 20 22 2
88 16.92 29.04 0.13 114.37 11 36 1
89 38.94 20.98 42.41 469.63 1 18 1
90 52.79 23.89 49.34 292.78 10 23 2
91 86.84 28.97 18.97 104.48 2 40 1
92 81.60 62.63 45.08 415.34 20 47 1
93 44.08 70.91 49.32 237.43 1 48 2
94 80.17 27.64 37.64 183.89 18 39 2
95 47.70 59.72 13.45 181.54 16 19 2
96 16.86 36.97 1.49 184.93 14 44 2
97 88.72 49.69 4.64 183.50 7 7 1
98 82.69 1.19 3.92 350.39 10 19 2
99 10.12 85.67 29.02 248.82 12 20 1
100 73.46 62.54 24.99 200.57 4 9 1
101 49.16 17.49 35.02 245.09 19 46 1
102 86.57 87.60 5.52 55.95 20 28 2
103 55.51 71.23 12.46 124.94 0 35 1
104 82.59 63.93 33.74 59.42 11 37 1
105 87.84 93.00 40.92 190.29 18 40 1
106 88.98 78.23 40.06 259.38 14 36 1
107 8.27 60.42 21.53 419.46 22 36 1
108 46.58 9.80 3.35 359.05 4 28 2
109 94.31 99.16 29.98 366.12 16 24 1
110 78.08 42.66 23.21 325.01 4 5 1
111 52.92 78.93 49.77 150.03 1 44 1
112 74.35 82.55 29.70 369.77 23 42 1
113 64.31 79.92 14.83 198.87 3 41 2
114 84.43 41.10 27.34 415.16 13 27 2
115 69.13 1.43 23.23 490.28 3 21 2
116 51.18 70.52 48.56 357.49 21 47 2
117 64.14 69.11 40.17 478.58 23 29 2
118 39.06 47.12 27.34 106.44 4 33 2
119 1.83 31.67 5.57 436.40 0 29 1
120 8.63 79.09 15.77 316.03 23 30 2
121 23.38 11.11 44.20 223.39 18 22 2
122 5.11 46.66 31.59 469.44 2 13 2
123 64.13 54.61 27.70 337.26 18 20 1
124 15.50 28.01 1.59 347.71 17 30 1
125 41.26 9.05 24.12 123.72 23 36 2
126 5.33 11.03 24.94 431.84 12 40 2
127 74.07 92.24 22.75 131.20 19 47 1
128 19.27 78.55 45.58 60.48 8 23 1
129 16.61 15.15 45.34 73.50 6 16 1
130 5.02 49.41 37.70 341.68 4 33 2
131 12.67 58.21 24.26 379.38 5 29 2
132 71.51 34.87 47.20 375.82 13 48 2
133 27.20 11.57 3.39 206.36 16 16 2
134 59.05 40.13 31.91 239.42 8 13 1
135 55.91 79.81 33.46 321.45 19 42 2
136 60.87 32.08 35.97 309.78 4 36 2
137 38.09 1.89 33.74 428.50 16 42 2
138 19.61 96.67 33.71 389.54 13 16 1
139 84.33 2.86 14.07 141.20 18 46 2
140 29.60 71.35 48.38 119.09 10 33 2
141 69.14 14.07 3.95 86.05 24 37 1
142 20.16 88.90 0.24 311.17 2 13 1
143 37.45 54.04 12.73 339.38 20 35 2
144 95.16 83.77 36.60 225.69 4 4 1
145 12.14 98.93 15.02 457.47 17 22 2
146 12.67 61.23 9.20 492.63 14 42 2
147 15.26 0.09 46.71 489.25 22 23 1
148 85.91 88.50 22.52 417.25 17 32 1
149 80.24 29.27 10.05 114.94 15 43 2
150 31.51 85.25 29.80 253.76 1 39 1
151 71.60 76.75 8.43 71.37 9 14 2
152 78.01 56.57 15.90 179.09 0 36 1
153 20.48 49.44 33.36 85.97 9 45 1
154 56.24 31.88 12.91 298.12 13 17 2
155 62.86 12.71 3.95 186.17 14 27 1
156 21.84 43.69 20.28 248.80 7 10 2
157 23.24 40.77 43.76 223.39 14 28 2
158 18.13 48.36 45.69 71.06 15 42 2
159 70.89 16.44 49.72 154.06 16 46 2
160 18.44 30.70 12.88 77.02 3 43 1
161 19.01 27.68 34.03 115.96 4 18 1
162 68.13 31.49 10.32 83.91 15 18 1
163 32.62 90.44 25.44 445.54 21 29 2
164 31.10 66.91 34.10 471.88 4 8 2
165 37.68 48.75 9.76 258.29 24 48 1
166 25.54 28.16 7.75 204.35 8 14 1
167 2.55 0.85 40.40 143.60 3 15 2
168 48.19 6.76 42.10 453.60 20 39 2
169 83.12 32.67 9.84 275.39 8 18 1
170 68.34 35.42 4.72 318.50 10 29 1
171 92.94 12.56 46.40 296.29 22 26 1
172 3.92 15.29 41.93 393.69 4 12 1
173 5.08 65.91 39.54 290.99 4 48 2
174 3.70 4.57 35.10 298.60 7 15 2
175 69.68 36.48 19.21 310.63 7 35 1
176 85.63 12.42 12.39 449.09 22 47 1
177 12.45 34.47 4.19 204.91 12 32 2
178 95.78 28.05 17.35 128.38 15 15 1
179 42.85 2.46 26.94 159.52 13 34 1
180 46.86 67.77 29.86 56.28 0 5 1
181 88.00 93.81 10.34 399.32 3 23 1
182 44.27 23.95 16.56 385.34 2 32 2
183 76.26 29.39 48.78 158.32 14 26 1
184 81.28 71.59 45.77 331.38 5 29 1
185 26.09 44.49 47.43 312.17 12 43 2
186 99.07 59.65 22.12 164.70 6 21 1
187 36.38 81.63 48.34 253.26 8 14 1
188 60.56 60.94 37.46 85.60 19 31 1
189 95.89 94.70 30.97 255.90 7 7 1
190 5.67 91.43 2.04 192.20 22 31 2
191 25.26 17.70 25.52 338.34 14 36 2
192 93.50 46.03 43.68 375.77 2 43 1
193 6.37 90.77 14.49 159.53 14 47 2
194 42.65 28.55 37.58 428.57 17 18 1
195 60.71 11.05 1.19 203.68 20 36 2
196 12.65 82.00 32.07 193.95 7 26 1
197 86.05 32.02 15.94 201.73 19 36 2
198 73.28 23.89 2.24 476.28 5 25 1
199 99.79 68.49 3.56 398.08 7 17 2
200 6.03 22.48 11.38 250.47 8 12 2
201 69.92 87.63 0.80 279.76 15 40 2
202 50.79 88.62 37.99 168.60 19 19 1
203 99.40 29.86 46.96 146.85 11 38 1
204 77.64 46.41 8.34 72.04 9 22 2
205 0.76 51.37 24.36 166.56 8 24 1
206 89.31 91.23 36.08 492.30 12 28 2
207 59.94 83.40 41.00 427.39 21 48 2
208 91.61 56.37 49.09 242.43 0 27 1
209 53.64 59.49 3.36 391.02 23 24 2
210 94.43 54.39 44.05 437.98 3 21 1
211 14.95 11.59 5.02 304.34 5 45 1
212 49.68 43.08 21.94 249.78 8 35 2
213 51.22 1.33 23.00 153.05 7 11 2
214 41.93 76.90 28.02 405.93 19 23 2
215 69.57 51.44 39.95 130.17 3 25 2
216 18.60 63.58 47.40 184.91 13 18 2
217 9.35 71.13 33.28 88.39 20 21 1
218 56.16 67.75 42.10 453.76 17 39 1
219 47.02 82.95 11.25 164.33 16 37 1
220 58.13 24.49 11.50 466.00 17 33 1
221 32.85 73.37 20.08 179.99 4 32 2
222 66.38 4.33 0.28 267.31 22 42 1
223 77.78 41.70 47.67 369.51 0 6 1
224 72.76 2.48 28.32 457.05 7 23 1
225 41.43 85.52 8.17 170.86 6 16 1
226 55.02 68.92 16.36 376.30 9 46 2
227 0.87 37.46 12.25 385.74 21 33 2
228 72.86 25.51 1.64 125.25 17 34 1
229 42.40 41.72 9.34 370.25 24 24 2
230 98.87 73.66 18.42 145.85 14 18 1
231 53.00 23.07 36.78 391.90 4 41 2
232 5.56 47.67 9.31 339.54 1 48 2
233 98.26 54.96 23.46 239.46 17 38 1
234 73.21 80.74 23.72 262.49 11 13 1
235 2.77 99.49 32.04 201.91 3 32 2
236 32.38 6.24 36.96 390.90 7 12 1
237 57.27 24.33 46.07 247.52 17 39 2
238 27.29 69.79 17.91 373.71 23 24 1
239 11.68 44.88 46.96 384.07 1 39 2
240 11.57 49.85 46.06 146.86 2 18 2
241 97.37 36.82 10.79 124.99 0 5 1
242 37.99 63.74 46.12 217.30 0 2 1
243 54.92 25.39 6.74 486.99 22 42 2
244 59.51 61.17 36.85 172.91 5 33 2
245 51.48 76.78 6.49 482.88 19 36 2
246 64.20 41.70 28.69 90.65 17 35 2
247 22.20 77.58 11.70 212.44 17 33 1
248 67.54 74.39 43.03 430.29 11 43 1
249 19.25 36.09 34.25 206.36 4 23 1
250 36.35 56.12 25.05 499.18 1 46 1
251 55.96 94.58 19.87 396.83 20 45 2
252 37.43 25.81 5.40 445.78 1 33 2
253 86.46 31.83 43.55 76.27 18 38 2
254 81.66 12.68 8.73 142.42 13 24 1
255 78.53 32.41 12.88 323.60 20 41 2
256 64.28 11.28 30.83 129.01 12 37 1
257 65.98 67.62 3.75 333.66 16 32 2
258 14.12 20.09 27.57 119.54 3 14 1
259 68.47 22.90 40.60 493.60 21 22 2
260 99.73 50.31 48.82 243.48 23 23 1
261 40.46 78.20 34.37 63.02 11 18 1
262 9.73 41.67 38.74 416.99 20 43 1
263 15.96 19.75 26.68 170.39 20 26 1
264 71.38 76.68 46.26 196.40 10 18 1
265 23.28 6.42 23.00 136.10 1 18 2
266 24.52 27.93 29.07 466.83 13 41 2
267 99.32 57.00 37.76 492.20 19 44 1
268 17.83 88.72 23.93 209.29 4 45 2
269 33.66 51.72 33.53 499.49 1 37 2
270 87.69 8.13 11.92 406.60 11 23 2
271 16.58 96.95 22.98 276.82 15 15 2
272 12.83 25.43 2.24 392.38 14 43 1
273 40.73 24.71 8.43 191.63 4 17 1
274 2.97 69.24 11.95 481.75 22 38 2
275 68.06 2.29 49.99 369.63 5 17 2
276 12.42 26.22 13.78 359.60 24 34 1
277 28.09 63.15 33.31 263.24 16 39 2
278 83.23 72.36 40.50 479.81 7 45 1
279 71.35 45.95 42.56 295.64 14 18 1
280 29.94 52.15 38.14 436.81 1 32 1
281 77.58 77.40 12.58 156.66 14 22 1
282 70.75 41.70 2.23 56.34 23 23 2
283 28.58 34.26 28.95 445.54 18 23 1
284 83.89 79.52 25.64 375.64 13 30 2
285 94.51 12.78 17.86 396.43 2 38 1
286 76.34 6.93 39.45 428.21 5 37 1
287 32.49 84.56 30.00 102.98 13 16 2
288 18.03 55.13 9.92 259.17 1 40 2
289 29.48 81.21 41.17 187.23 5 42 1
290 51.87 39.65 44.83 309.00 18 31 2
291 10.23 82.80 25.57 208.48 11 47 1
292 67.79 63.20 22.16 215.47 4 33 2
293 4.37 63.20 2.61 94.98 2 45 2
294 42.76 58.08 5.30 268.94 13 13 1
295 94.06 28.17 0.32 396.25 0 27 2
296 2.63 12.90 6.74 312.40 6 17 2
297 49.94 38.51 28.59 399.01 1 3 1
298 54.91 92.77 13.24 183.23 14 17 2
299 37.35 84.57 2.03 499.95 13 33 2
300 21.43 37.12 12.82 399.07 14 20 1
1 168.11 3249.70 1
2 165.16 4045.48 2
1 1.88 28.38 1
2 1.36 42.02 1
3 1.46 40.52 2
