Data for Vehicle routing problem with drones - Author: Huyen Do Thi Ngoc
Number of depots: 5
Number of cities: 300
Number of trucks: 10
Number of drones: 19
Area: 100 100 50
Customer maximum demand: 500
Max capacity of truck: 200
Max energy of truck: 5000
Max capacity of drone: 2
Max energy of drone: 50
1 81.57 17.93 31.34
2 9.78 65.57 43.68
3 80.09 12.03 27.30
4 12.37 36.98 10.03
5 79.07 69.42 23.17
1 74.58 70.39 17.85 238.96 23 32 4
2 61.49 29.94 40.90 336.39 21 22 3
3 90.11 71.17 45.64 118.01 3 30 3
4 77.06 64.29 21.58 392.44 4 40 4
5 43.49 44.87 8.44 471.08 0 0 1
6 92.42 42.47 42.02 191.05 16 45 1
7 11.01 47.85 28.91 207.85 24 43 5
8 79.68 19.41 47.93 228.00 5 46 4
9 23.15 11.16 25.47 432.82 2 16 3
10 61.22 27.69 37.55 173.11 13 34 1
11 34.79 42.42 40.68 232.68 7 38 4
12 70.76 43.52 11.77 479.34 0 20 5
13 58.04 14.21 35.52 408.52 10 18 5
14 3.33 99.99 37.30 454.66 19 32 4
15 97.46 47.31 44.00 306.80 17 42 1
16 33.07 10.73 19.24 284.59 0 21 5
17 39.11 30.75 47.23 476.86 21 34 3
18 47.62 3.12 39.14 306.53 4 36 3
19 14.44 2.79 2.83 121.11 20 30 5
20 7.90 36.98 15.82 366.92 13 44 5
21 48.15 82.93 35.82 219.67 12 30 4
22 75.11 18.62 5.48 144.74 9 40 4
23 89.37 70.00 15.83 434.45 13 16 1
24 60.52 84.39 46.28 142.25 1 33 3
25 13.08 76.51 47.43 196.37 4 16 5
26 32.34 90.51 18.96 498.98 6 19 3
27 13.59 58.07 36.90 207.64 11 44 1
28 9.39 76.61 24.60 120.67 5 47 5
29 17.56 6.04 40.29 437.54 21 26 1
30 98.19 61.97 46.04 309.16 21 26 1
31 62.84 34.26 20.39 291.67 18 37 5
32 60.94 20.34 28.45 447.35 2 21 1
33 90.69 55.77 5.96 427.36 5 44 2
34 2.78 35.18 21.05 245.92 24 35 2
35 9.19 24.44 16.66 456.72 8 24 4
36 80.26 6.19 41.58 175.14 1 38 3
37 72.84 96.14 28.13 136.50 5 20 5
38 69.34 37.76 8.81 465.74 14 19 3
39 60.49 40.96 40.16 322.54 7 26 2
40 75.72 54.57 45.64 229.75 2 25 1
41 8.16 62.34 22.11 443.09 21 48 5
42 74.22 40.03 40.97 286.75 14 46 5
43 96.58 11.35 14.61 345.26 3 21 5
44 95.65 43.27 5.23 296.37 12 18 2
45 85.85 54.33 43.92 252.56 18 19 4
46 9.31 83.05 22.78 415.77 19 20 5
47 3.52 5.49 18.63 304.21 3 48 3
48 73.94 14.56 44.45 496.07 7 25 4
49 30.02 87.36 31.84 119.99 1 9 2
50 0.88 75.42 42.39 347.64 4 36 3
51 13.16 12.61 3.52 258.04 5 13 3
52 64.26 58.27 28.42 367.22 21 44 2
53 66.79 71.75 19.30 466.03 12 44 1
54 62.12 99.61 38.93 294.90 15 44 4
55 88.65 59.16 14.39 352.10 1 45 2
56 57.70 58.59 3.02 273.01 1 27 2
57 57.70 50.28 34.02 76.72 13 15 2
58 57.23 77.17 22.01 298.90 11 22 1
59 35.54 38.18 18.60 80.31 21 44 5
60 64.95 69.25 14.55 448.34 22 25 5
61 1.51 12.54 33.02 387.29 10 40 2
62 55.34 25.73 17.35 85.39 23 25 1
63 50.65 39.38 44.44 378.58 11 33 1
64 93.75 56.48 23.00 420.31 7 14 4
65 99.84 53.44 19.32 272.98 20 32 5
66 90.96 52.12 6.90 479.01 20 26 3
67 45.26 62.18 33.95 391.34 4 27 4
68 36.39 46.44 32.73 189.70 18 41 2
69 74.30 14.12 33.89 105.67 23 33 2
70 56.28 29.19 38.60 462.43 11 22 2
71 66.84 35.81 13.59 335.32 3 46 2
72 13.45 74.46 36.39 440.13 7 17 3
73 68.12 0.93 31.84 134.07 0 22 2
74 42.45 43.20 0.50 220.71 18 23 5
75 80.92 58.60 27.23 400.41 12 22 1
76 95.88 80.19 49.82 177.04 3 16 4
77 51.24 86.51 5.63 278.31 19 32 1
78 61.97 61.04 16.89 418.92 1 28 2
79 52.57 43.39 15.51 256.34 14 41 2
80 18.91 25.84 13.71 348.76 17 34 4
81 26.74 96.68 6.11 217.50 10 46 2
82 37.35 55.44 6.73 285.55 4 18 4
83 66.44 36.62 29.97 301.96 10 42 5
84 95.35 19.48 41.10 242.09 9 30 5
85 6.05 5.41 8.11 84.88 6 46 3
86 70.49 88.50 10.24 103.34 7 11 4
87 91.32 1.32 48.78 372.08 6 41 5
88 14.82 34.93 29.99 63.27 12 34 4
89 4.14 85.08 7.89 106.05 19 43 2
90 99.80 82.28 2.75 381.76 9 22 4
91 71.13 41.81 40.41 113.63 20 35 1
92 54.92 22.93 46.86 130.31 11 15 2
93 54.53 68.42 32.99 405.06 8 39 5
94 59.55 10.33 13.54 148.18 10 15 5
95 2.16 4.73 45.85 464.08 5 20 3
96 90.34 22.11 38.09 425.82 15 17 1
97 37.95 87.73 34.79 474.60 14 23 2
98 35.39 44.49 26.54 403.65 16 31 1
99 20.94 69.22 32.53 161.64 1 42 4
100 19.70 58.46 9.89 445.46 7 9 3
101 12.98 88.49 9.98 398.01 18 48 3
102 83.99 85.72 25.42 165.37 10 44 3
103 94.01 24.01 23.40 254.38 20 29 4
104 2.94 83.65 43.01 310.52 21 45 1
105 23.90 37.43 45.20 453.58 7 38 1
106 4.76 67.41 40.14 491.52 20 29 4
107 77.14 64.00 33.81 287.68 1 19 1
108 0.87 57.21 26.47 199.38 24 33 5
109 79.41 0.08 37.76 299.51 10 11 2
110 59.06 25.95 3.57 366.80 11 41 5
111 67.39 21.72 12.85 497.51 20 21 2
112 45.39 48.04 18.67 495.40 5 46 5
113 31.92 67.07 28.64 413.57 15 38 4
114 81.33 31.47 43.34 216.00 3 15 1
115 21.86 42.33 20.47 396.29 17 18 5
116 78.70 70.34 43.29 415.27 14 28 1
117 42.75 73.04 19.06 267.16 23 42 4
118 21.06 97.73 19.14 438.86 19 34 4
119 89.96 90.40 14.57 199.56 16 47 5
120 24.11 37.12 42.27 74.49 13 28 2
121 64.20 28.41 31.84 435.45 9 26 3
122 83.63 86.66 0.49 394.53 6 15 5
123 80.80 11.12 47.19 274.67 3 10 5
124 3.73 49.10 28.19 118.43 19 32 4
125 7.91 20.81 4.05 205.71 16 38 4
126 85.91 98.69 35.50 463.75 21 29 4
127 71.09 32.08 41.01 411.45 4 44 5
128 66.51 81.10 22.17 350.76 15 33 5
129 95.81 21.36 3.96 137.03 10 14 4
130 83.24 92.83 49.13 210.32 20 23 4
131 45.94 39.32 20.05 277.65 20 23 3
132 57.54 24.67 18.72 249.23 11 12 1
133 30.84 38.31 48.77 131.59 18 38 3
134 81.17 84.70 11.38 232.28 6 46 4
135 47.65 37.31 46.09 443.85 1 17 1
136 97.23 71.79 18.46 244.45 3 19 3
137 0.11 72.74 3.45 79.00 9 34 1
138 51.45 86.41 27.50 438.61 24 39 4
139 83.65 71.66 23.12 312.66 23 39 4
140 18.01 70.80 25.65 237.41 23 30 2
141 76.10 36.68 49.33 393.30 9 22 1
142 68.95 96.54 11.69 493.97 2 11 5
143 33.77 79.11 19.96 245.43 23 44 1
144 45.83 76.02 45.01 231.59 0 13 2
145 87.67 53.47 7.11 364.90 10 22 2
146 56.07 34.54 42.88 354.26 18 46 4
147 63.88 28.61 8.15 320.50 2 8 3
148 34.77 84.72 45.99 496.86 18 38 5
149 53.44 16.74 31.07 456.40 8 42 5
150 95.32 76.52 9.11 403.03 11 23 4
151 56.78 2.15 34.55 98.85 22 40 3
152 79.23 34.50 18.62 357.96 17 25 4
153 97.82 43.10 5.47 138.54 20 28 4
154 48.89 93.74 4.50 498.16 23 35 2
155 7.82 80.63 14.37 227.71 22 39 1
156 87.43 7.87 4.99 478.25 2 22 5
157 21.90 90.34 49.93 82.87 2 2 5
158 8.81 2.17 1.12 220.75 4 35 1
159 38.41 89.41 17.64 246.72 4 38 4
160 17.73 31.93 15.31 163.71 22 24 5
161 87.60 81.38 18.43 414.54 9 48 3
162 60.59 47.58 3.40 449.69 22 47 1
163 59.12 77.69 42.06 242.32 20 44 4
164 90.81 40.42 36.77 72.05 9 9 5
165 54.45 36.05 24.90 306.47 11 14 4
166 17.50 82.22 33.99 88.21 0 46 3
167 80.64 12.63 40.17 180.87 10 33 3
168 51.86 30.00 4.80 406.50 19 41 1
169 99.71 44.59 1.60 455.65 11 39 4
170 99.19 88.39 35.23 265.25 21 39 1
171 1.86 3.72 18.90 166.50 19 26 2
172 58.79 57.87 41.52 59.71 9 23 5
173 47.81 48.01 13.05 418.66 13 28 4
174 17.95 96.03 31.73 280.34 10 14 3
175 67.62 12.04 25.88 363.65 6 7 1
176 21.34 89.86 48.64 307.10 8 28 1
177 90.43 32.92 24.17 366.04 18 26 1
178 31.87 78.60 35.54 209.12 5 42 2
179 39.94 26.42 36.54 173.52 8 12 5
180 40.53 92.19 2.98 422.14 24 32 1
181 7.31 30.68 11.40 447.68 12 41 3
182 12.55 64.36 33.56 200.02 19 39 2
183 16.13 48.12 36.68 230.58 17 38 4
184 28.48 26.09 41.52 199.83 5 13 5
185 9.22 21.34 21.05 287.78 21 32 5
186 43.72 12.25 38.92 439.29 5 21 3
187 80.30 86.42 15.42 394.86 16 39 1
188 9.18 88.99 30.50 354.84 7 28 4
189 71.91 14.78 12.90 146.69 11 20 3
190 39.41 91.18 18.72 485.09 14 30 2
191 38.77 70.20 7.14 300.84 23 39 2
192 35.08 71.04 10.14 74.22 21 23 2
193 84.33 76.62 14.83 240.09 6 30 3
194 11.69 46.28 30.33 424.67 9 25 2
195 86.15 66.46 40.15 290.95 1 15 3
196 21.13 2.57 14.15 127.85 20 40 4
197 55.55 60.43 23.95 399.34 22 42 2
198 51.55 70.04 0.62 106.77 21 26 5
199 73.60 39.64 11.90 438.10 6 43 2
200 71.68 57.20 36.96 53.41 15 43 4
201 50.05 85.57 35.50 83.33 15 21 3
202 82.04 63.20 7.28 248.04 11 40 2
203 44.42 13.14 39.46 120.39 4 48 5
204 95.20 54.53 12.95 404.18 20 47 1
205 75.28 85.83 35.25 297.69 4 42 2
206 90.54 94.45 9.21 343.65 10 48 2
207 42.78 6.20 44.20 58.76 23 38 3
208 82.27 4.61 41.98 383.26 4 23 3
209 82.79 80.59 27.51 293.59 17 30 1
210 29.24 31.81 44.37 434.30 14 27 4
211 63.80 99.83 12.16 365.62 4 22 4
212 27.92 60.31 39.92 347.57 24 29 5
213 86.95 23.56 43.56 203.66 8 46 1
214 57.19 87.77 43.59 391.06 3 6 2
215 9.43 61.12 41.95 150.82 4 18 5
216 27.87 93.10 46.58 290.37 18 26 3
217 83.03 47.04 3.42 333.99 3 44 3
218 77.92 5.71 37.97 464.19 11 44 3
219 88.26 45.24 27.39 349.51 12 24 2
220 24.50 75.03 4.17 415.11 4 6 1
221 79.75 19.28 28.66 224.91 10 48 5
222 88.96 0.33 40.36 480.90 18 35 3
223 68.61 92.37 21.00 75.78 18 28 2
224 21.36 5.26 28.81 354.22 23 32 3
225 54.47 97.18 18.86 465.76 21 35 3
226 66.98 14.84 36.10 261.25 20 37 1
227 77.83 81.12 18.25 357.79 9 47 5
228 50.78 23.52 36.10 143.68 1 18 5
229 44.38 2.36 40.92 77.54 18 34 4
230 95.27 42.33 28.97 471.34 12 39 1
231 48.45 85.53 44.87 473.75 10 32 1
232 85.76 20.17 33.53 101.28 9 24 5
233 28.04 15.07 45.18 79.30 21 29 3
234 55.76 3.11 20.13 140.42 20 45 5
235 35.17 72.96 22.20 91.59 10 26 4
236 67.71 31.43 1.89 192.24 17 41 2
237 83.09 76.28 11.00 207.09 4 38 3
238 54.00 59.60 1.15 483.06 13 46 3
239 53.49 68.88 19.14 222.85 17 17 1
240 83.11 73.81 11.90 69.80 10 27 5
241 55.17 49.68 20.84 214.04 23 27 2
242 91.76 57.47 42.87 114.96 6 29 4
243 80.37 87.35 47.57 360.28 14 23 2
244 11.95 33.28 17.07 307.21 1 42 5
245 3.72 40.86 24.03 162.22 19 35 4
246 29.81 43.95 45.66 131.29 23 33 1
247 84.66 77.69 38.27 396.85 11 41 5
248 51.34 28.79 12.36 333.36 15 23 1
249 69.83 63.83 32.36 185.96 21 26 5
250 67.54 74.42 37.80 94.78 5 22 3
251 43.89 80.40 30.37 335.94 23 34 2
252 49.09 16.05 15.48 262.95 8 18 5
253 52.08 63.43 28.90 394.94 10 43 5
254 53.78 58.29 5.38 304.18 21 40 2
255 41.81 31.02 47.82 419.07 15 42 5
256 11.30 92.88 20.65 69.62 10 17 4
257 65.86 88.03 10.68 280.61 8 34 4
258 52.00 66.03 25.91 233.52 24 33 4
259 88.78 11.52 34.13 320.86 3 19 1
260 33.19 24.32 9.06 400.32 8 24 4
261 96.55 28.92 17.18 208.66 7 40 5
262 51.71 51.85 16.35 223.11 20 27 3
263 5.62 96.35 24.74 175.36 4 33 3
264 35.61 78.22 44.53 210.65 7 40 1
265 67.48 1.57 13.03 391.64 1 8 1
266 52.50 82.31 1.37 149.61 15 37 4
267 44.76 79.55 12.45 85.03 6 21 5
268 58.29 15.99 25.76 192.60 3 5 2
269 22.87 76.69 32.86 99.01 8 30 5
270 83.30 9.96 13.95 472.14 22 27 5
271 2.29 44.87 31.38 165.74 22 31 5
272 92.62 59.44 8.00 434.51 1 20 2
273 62.35 48.47 11.72 337.96 9 48 3
274 66.48 16.94 23.92 190.42 0 9 2
275 71.43 16.32 5.17 350.95 20 38 3
276 19.69 5.01 45.53 134.48 2 40 4
277 50.56 9.58 1.83 235.68 13 40 2
278 48.40 14.70 40.71 312.74 1 17 2
279 16.32 87.10 12.46 440.27 1 15 5
280 57.73 20.99 41.92 448.88 0 25 5
281 39.05 71.97 30.11 223.48 20 30 1
282 4.21 84.94 30.46 418.04 1 6 4
283 58.05 9.15 7.20 271.88 16 21 4
284 55.94 84.47 49.51 113.78 16 28 2
285 9.26 73.91 34.42 138.99 19 25 2
286 98.51 41.67 26.47 252.46 24 44 3
287 24.60 61.67 5.96 401.50 0 29 4
288 88.01 90.57 0.83 274.38 10 13 2
289 47.39 55.48 1.73 128.38 13 44 3
290 93.05 74.32 33.73 244.85 7 26 4
291 90.45 56.93 18.72 311.74 20 32 4
292 37.54 58.64 41.34 459.87 5 7 4
293 24.59 87.54 2.46 170.04 12 19 4
294 19.68 18.53 5.56 323.98 1 38 1
295 3.78 6.34 11.62 215.32 15 21 5
296 66.53 35.62 4.12 248.32 17 33 2
297 63.02 30.73 6.49 247.47 9 41 5
298 60.84 58.43 16.78 415.92 15 30 2
299 31.58 65.37 33.42 453.24 14 48 2
300 51.64 74.10 3.08 258.67 22 40 4
1 175.20 3279.64 1
2 177.57 3527.36 2
3 170.55 4999.91 3
4 186.53 2573.98 4
5 152.83 2552.57 5
6 110.36 2678.53 5
7 117.37 3138.41 4
8 123.04 2964.66 2
9 161.67 2561.45 1
10 141.58 3261.45 5
1 1.14 34.77 6
2 1.57 35.23 8
3 1.65 42.92 4
4 1.89 28.10 7
5 1.41 39.44 7
6 1.23 27.62 10
7 1.69 29.65 4
8 1.74 46.53 10
9 1.17 38.16 2
10 1.66 37.27 2
11 1.55 33.80 2
12 1.45 46.67 2
13 1.73 28.83 5
14 1.15 47.23 4
15 1.21 39.72 1
16 1.05 30.92 10
17 1.37 38.86 7
18 1.81 49.60 7
19 1.24 25.44 8
