Data for Vehicle routing problem with drones - Author: Huyen Do Thi Ngoc
Number of depots: 2
Number of cities: 500
Number of trucks: 4
Number of drones: 8
Area: 100 100 50
Customer maximum demand: 500
Max capacity of truck: 200
Max energy of truck: 5000
Max capacity of drone: 2
Max energy of drone: 50
1 87.07 19.32 40.51
2 26.67 73.55 40.28
1 22.60 85.15 46.45 96.64 7 48 2
2 15.45 7.88 40.05 123.25 0 37 1
3 1.48 0.74 33.94 57.63 19 42 2
4 49.11 9.72 32.12 150.38 8 31 2
5 57.33 98.14 24.91 334.82 22 27 2
6 76.27 5.99 36.23 78.95 3 5 2
7 31.36 9.90 39.75 73.64 3 12 1
8 40.69 89.79 9.15 477.36 10 24 1
9 7.62 38.02 38.47 258.81 23 27 2
10 36.46 62.37 20.99 126.24 6 13 1
11 87.76 36.75 17.29 61.64 2 20 2
12 23.35 64.17 21.34 400.28 7 33 1
13 28.55 36.00 1.30 263.95 15 15 2
14 74.17 94.68 30.69 165.44 6 35 2
15 84.57 23.66 9.50 351.84 14 29 2
16 13.36 62.72 1.37 271.38 24 38 2
17 2.87 78.40 2.51 276.40 6 39 1
18 21.91 28.51 21.83 240.25 19 20 1
19 34.01 91.48 41.11 463.26 16 47 2
20 82.25 77.12 45.80 201.68 21 46 1
21 16.78 35.02 34.92 455.31 19 19 1
22 55.22 4.27 22.78 368.30 8 19 2
23 83.76 7.08 27.71 75.55 2 38 1
24 41.62 24.82 25.62 453.71 23 28 2
25 5.83 50.76 14.75 444.93 11 47 2
26 18.38 30.50 18.48 342.12 17 28 2
27 81.87 6.49 24.09 451.22 18 46 1
28 64.55 36.37 26.69 342.93 9 29 2
29 29.44 29.76 1.98 323.23 13 38 2
30 98.78 41.71 10.94 112.60 14 17 1
31 59.17 19.65 18.02 435.13 15 36 2
32 90.03 30.31 0.08 64.42 5 8 2
33 92.44 99.95 21.43 229.97 15 27 2
34 77.61 48.57 19.91 260.95 2 29 2
35 51.78 70.26 31.97 121.61 5 41 1
36 35.23 23.80 21.58 83.26 20 41 1
37 35.95 5.97 19.12 270.27 18 21 2
38 64.28 15.07 47.23 105.99 2 45 1
39 93.16 2.50 35.29 92.80 15 38 1
40 18.99 52.27 37.67 260.12 4 36 2
41 25.54 80.34 21.68 333.58 9 15 2
42 33.93 46.72 13.35 327.41 22 31 1
43 22.82 96.44 19.71 391.63 17 46 1
44 63.29 98.11 35.39 200.68 23 41 1
45 78.73 90.12 11.67 257.79 9 40 1
46 48.19 86.08 24.17 237.30 11 26 2
47 53.35 46.67 24.25 74.04 21 39 2
48 6.26 54.12 25.63 462.95 21 37 2
49 8.64 24.23 2.38 374.95 9 20 2
50 11.33 24.30 5.46 259.02 24 29 2
51 95.96 2.59 12.18 358.97 8 44 1
52 2.18 54.83 15.14 62.08 9 34 1
53 7.12 61.79 13.35 446.81 17 38 1
54 4.82 4.81 22.90 207.01 18 19 2
55 53.50 89.71 20.37 168.79 1 42 2
56 23.63 36.71 40.02 470.88 13 16 2
57 24.29 49.12 24.88 65.99 14 20 1
58 26.84 44.28 24.86 291.93 10 12 1
59 61.66 14.56 6.41 325.36 20 32 1
60 50.80 80.72 15.66 160.24 3 41 2
61 31.53 33.20 33.58 194.30 24 46 1
62 45.80 57.99 17.80 301.81 19 36 2
63 32.91 87.51 38.83 385.43 20 43 2
64 53.06 21.18 4.81 207.02 16 40 1
65 94.01 3.46 29.97 307.91 23 37 2
66 98.89 39.01 28.51 190.96 5 15 2
67 8.28 57.21 45.11 202.49 2 5 1
68 75.72 53.36 29.04 462.93 2 19 1
69 93.76 71.36 11.20 383.47 14 44 1
70 88.32 62.02 18.90 426.20 3 30 1
71 72.84 27.07 10.82 278.50 13 19 1
72 86.23 19.75 33.94 425.89 4 11 1
73 43.03 96.66 9.41 462.76 5 24 2
74 0.08 70.15 23.16 432.15 9 9 2
75 14.75 59.57 31.92 450.46 2 13 1
76 94.49 16.53 9.72 327.76 0 9 1
77 41.67 17.43 5.58 368.73 0 30 2
78 17.33 51.76 9.38 374.00 17 19 1
79 74.90 40.91 21.11 236.98 24 29 2
80 12.75 34.39 20.04 428.16 12 44 2
81 98.94 44.57 21.28 250.02 0 44 2
82 12.54 6.11 25.20 375.75 19 28 2
83 91.01 17.12 12.17 287.87 20 25 2
84 87.93 79.23 40.72 144.36 5 17 2
85 28.81 37.67 0.76 372.47 5 23 1
86 19.30 34.98 39.82 254.96 14 30 1
87 91.08 89.32 16.89 234.26 16 36 1
88 79.50 13.17 6.62 480.83 9 48 1
89 3.89 43.57 48.98 68.65 20 29 1
90 5.28 46.05 42.93 249.02 19 36 2
91 80.36 32.34 6.18 451.37 7 41 2
92 89.89 70.01 33.44 202.00 2 34 2
93 81.90 90.28 10.88 379.31 22 43 2
94 49.44 90.73 35.17 392.65 13 26 2
95 6.60 63.02 47.61 57.34 15 24 1
96 66.93 89.67 1.14 64.71 20 32 2
97 14.73 35.35 20.96 473.06 16 46 1
98 50.19 29.49 37.83 265.78 1 24 1
99 60.84 57.35 2.85 365.34 6 7 1
100 55.53 69.23 34.77 334.03 3 37 1
101 61.08 52.93 45.83 320.57 1 6 2
102 39.78 81.14 18.07 80.45 12 34 2
103 82.84 11.10 1.73 227.22 20 37 1
104 54.53 55.25 24.82 458.54 17 46 1
105 36.01 56.59 38.42 370.71 0 1 2
106 34.03 86.01 36.39 326.26 3 44 2
107 29.22 57.55 25.21 228.86 3 5 2
108 34.35 68.13 17.81 340.02 5 33 1
109 44.89 9.66 34.77 126.96 12 14 2
110 90.62 6.73 46.77 465.69 14 42 2
111 24.04 71.15 43.64 383.59 3 47 1
112 20.64 73.72 17.73 176.39 21 41 2
113 79.46 57.05 8.18 387.37 9 34 1
114 42.97 98.09 1.08 75.59 11 48 1
115 61.46 99.07 17.06 365.59 19 26 2
116 70.18 61.14 40.86 429.42 5 23 2
117 0.23 92.41 33.71 212.99 18 41 2
118 57.78 57.30 46.74 198.78 0 46 1
119 1.83 83.77 12.53 297.82 15 34 1
120 42.97 63.51 25.71 80.17 11 35 2
121 45.85 78.69 16.82 189.38 22 28 1
122 85.88 43.96 16.03 110.28 11 37 1
123 69.64 20.54 25.13 479.92 14 25 1
124 76.84 90.01 46.68 264.20 14 39 1
125 57.34 10.60 34.67 318.63 3 46 1
126 46.17 83.13 20.41 113.76 3 7 1
127 65.08 47.55 39.47 153.22 19 19 2
128 92.89 88.64 28.11 390.32 13 37 2
129 45.81 4.29 28.85 418.70 7 12 2
130 51.36 83.77 16.29 411.05 5 42 2
131 80.31 35.51 44.54 488.57 24 24 2
132 77.29 18.22 42.77 403.03 10 13 1
133 28.87 46.72 5.89 445.42 17 36 1
134 98.53 21.00 15.00 341.52 0 39 2
135 70.83 79.85 45.09 101.92 5 15 2
136 0.72 34.64 45.27 275.54 23 44 2
137 94.53 10.24 47.28 106.82 18 24 1
138 88.31 14.21 14.11 355.60 19 36 1
139 17.48 10.00 39.43 372.25 0 48 2
140 45.23 44.88 42.66 211.58 16 45 2
141 46.63 32.58 12.29 416.32 16 24 2
142 42.12 79.18 42.04 157.67 15 29 1
143 50.63 13.15 39.17 118.30 8 37 2
144 34.26 78.74 46.77 138.64 20 25 1
145 96.86 42.22 20.82 412.14 1 29 1
146 61.62 78.76 24.94 214.64 6 13 1
147 60.17 35.11 24.68 199.12 14 36 1
148 15.35 43.55 43.76 498.06 2 42 2
149 90.87 32.89 13.26 78.28 15 16 1
150 33.87 9.29 47.14 244.37 14 20 2
151 75.48 45.01 20.29 82.83 24 29 2
152 9.92 44.91 14.39 286.29 0 22 2
153 98.31 11.05 21.01 371.30 13 47 2
154 60.78 28.10 43.37 353.19 17 42 1
155 5.30 66.27 2.72 439.19 18 42 2
156 34.83 46.19 41.46 362.61 2 34 2
157 53.12 4.59 37.01 159.72 13 33 1
158 43.05 47.83 5.44 222.12 19 23 2
159 39.72 92.49 22.07 422.94 9 48 1
160 93.17 51.28 31.21 452.57 7 21 1
161 48.66 45.34 25.30 361.22 8 32 2
162 69.08 1.58 38.47 299.18 19 32 2
163 5.42 33.91 18.40 390.42 7 40 2
164 57.24 16.78 27.92 152.18 0 47 2
165 62.63 64.63 45.05 114.79 10 36 2
166 39.55 31.31 30.65 180.36 19 33 1
167 75.04 91.59 15.15 459.87 8 22 2
168 66.69 53.72 46.57 267.95 2 18 1
169 74.35 68.09 19.62 489.22 19 46 1
170 1.23 76.65 23.63 261.16 23 25 2
171 38.08 49.97 21.12 459.14 1 33 1
172 24.88 74.95 9.38 333.76 10 43 1
173 24.30 75.18 31.18 456.68 1 2 2
174 64.03 13.42 10.87 409.15 0 7 2
175 60.44 91.61 23.36 414.85 8 26 1
176 54.57 33.69 32.72 372.94 10 15 2
177 9.67 33.88 11.44 147.77 4 43 2
178 44.32 4.35 4.22 475.26 23 40 1
179 39.53 64.87 25.12 206.09 1 34 2
180 61.01 41.81 32.15 199.02 13 29 1
181 10.25 37.50 2.60 146.64 18 47 2
182 70.61 46.42 35.97 271.10 24 47 2
183 89.95 79.60 14.35 122.75 10 36 1
184 0.87 5.17 43.67 353.14 22 28 2
185 1.27 17.58 8.13 309.06 17 31 2
186 81.52 89.74 36.40 124.82 5 32 1
187 97.29 97.77 0.71 74.38 21 27 2
188 27.29 99.71 42.51 487.44 3 42 2
189 61.94 12.53 13.10 109.54 22 26 2
190 69.05 72.83 30.43 284.66 18 36 1
191 59.58 51.03 30.23 271.94 13 45 1
192 84.42 35.45 20.38 130.43 20 38 2
193 79.37 26.89 26.59 490.97 22 32 1
194 68.60 54.57 36.98 105.97 3 11 2
195 2.72 41.15 39.19 230.60 8 18 1
196 11.31 58.95 15.43 242.12 12 27 1
197 70.35 62.24 41.41 373.39 24 27 2
198 35.73 15.44 37.91 136.91 3 43 1
199 86.54 75.46 14.17 245.88 22 25 2
200 18.24 39.36 0.44 146.74 16 28 2
201 0.92 52.79 6.01 94.53 18 27 2
202 70.51 18.37 35.20 499.91 14 16 2
203 54.78 10.57 36.29 262.40 0 18 1
204 80.11 43.10 22.55 311.57 12 24 1
205 4.35 64.01 2.61 411.65 18 45 1
206 91.35 12.05 15.17 115.90 20 37 2
207 5.40 37.53 19.07 179.81 12 20 2
208 65.35 91.08 44.01 401.39 20 44 1
209 68.50 77.40 19.91 495.47 14 28 1
210 1.89 15.22 29.61 187.68 19 48 1
211 25.07 93.52 20.95 439.47 2 25 2
212 65.07 28.14 32.75 270.02 6 9 2
213 62.97 62.99 8.57 124.71 18 37 1
214 89.52 44.76 22.30 177.83 20 31 1
215 0.82 65.64 2.96 262.71 14 47 2
216 71.75 18.03 34.70 288.31 8 25 2
217 80.02 23.24 29.38 154.91 3 38 1
218 77.78 92.15 35.92 69.14 16 28 1
219 5.77 95.40 6.90 357.67 8 13 2
220 28.22 44.68 15.82 221.53 1 23 1
221 53.16 24.59 44.14 446.53 24 32 2
222 86.45 35.99 13.18 347.49 15 41 1
223 37.83 93.00 0.70 466.53 8 13 1
224 76.19 62.43 21.56 411.93 21 46 1
225 44.05 59.36 48.67 153.64 8 27 2
226 18.76 19.76 9.07 438.22 14 34 2
227 59.60 64.68 20.55 261.48 17 25 1
228 95.40 32.07 3.39 319.88 24 39 2
229 20.29 11.04 31.76 281.94 24 47 1
230 72.42 37.78 47.14 161.73 16 28 1
231 68.43 75.81 16.58 50.65 9 25 2
232 69.80 65.29 45.33 137.84 4 34 2
233 97.03 7.80 19.73 459.49 23 37 2
234 91.19 0.71 10.64 136.39 13 29 2
235 35.94 86.11 39.51 106.83 16 21 2
236 51.10 78.36 8.72 278.26 2 2 2
237 94.00 54.82 1.37 473.31 11 30 1
238 6.05 32.53 35.81 271.99 14 26 1
239 92.82 29.02 27.69 155.42 3 15 2
240 43.65 59.32 14.32 356.98 23 29 1
241 1.46 82.83 37.47 195.87 5 48 2
242 79.46 2.21 12.62 231.13 24 30 2
243 3.21 89.39 36.44 404.66 7 42 2
244 50.44 99.27 41.03 131.09 1 5 1
245 58.57 42.14 44.11 128.71 23 37 1
246 64.10 48.16 40.65 74.27 2 16 2
247 50.61 16.38 14.06 330.80 5 32 2
248 83.62 80.06 16.87 314.98 22 36 2
249 15.15 72.85 11.69 303.74 24 41 2
250 13.94 22.49 40.82 174.37 21 45 2
251 47.14 8.28 37.13 325.33 0 46 2
252 39.75 23.51 42.90 101.01 4 27 1
253 57.90 51.18 22.54 460.52 16 30 2
254 3.13 72.67 22.71 75.27 19 23 2
255 26.36 0.18 30.52 291.92 22 23 2
256 86.69 41.40 13.67 262.62 13 48 1
257 65.77 23.04 7.86 273.59 1 44 2
258 70.22 52.87 7.19 62.13 15 42 2
259 41.62 51.32 24.74 478.81 6 46 1
260 36.12 71.41 5.01 315.56 18 23 1
261 56.51 84.09 15.33 173.59 0 36 1
262 2.24 4.15 6.21 180.46 2 5 1
263 25.48 43.36 6.59 271.56 14 31 1
264 32.64 66.14 25.11 364.39 17 41 1
265 24.54 36.02 6.52 170.15 13 42 1
266 15.83 85.02 20.15 146.12 18 26 1
267 55.18 12.35 5.23 234.72 23 42 1
268 3.49 58.89 21.56 429.60 22 25 2
269 84.91 65.15 30.24 423.61 0 5 2
270 27.97 79.13 42.04 450.88 4 9 2
271 9.06 29.25 17.73 141.80 23 41 1
272 63.26 29.45 12.19 332.16 16 39 1
273 60.75 42.70 40.64 403.80 19 24 1
274 63.75 63.46 13.70 194.96 18 28 2
275 12.67 85.47 31.48 255.81 2 13 1
276 57.73 21.08 40.76 82.41 20 25 2
277 64.06 27.28 38.00 357.38 9 40 1
278 75.52 31.47 6.75 94.54 12 42 1
279 77.55 69.61 39.70 399.83 24 43 2
280 77.77 76.48 3.66 254.47 4 9 2
281 66.89 84.31 32.19 120.35 14 32 2
282 78.38 26.21 4.13 103.68 0 42 1
283 18.36 45.00 41.81 491.03 3 36 1
284 43.35 36.94 45.13 254.68 2 7 1
285 57.19 6.67 37.70 499.91 4 9 1
286 69.35 54.65 15.32 125.37 9 38 1
287 32.84 50.83 47.03 153.55 13 38 2
288 73.37 81.62 24.09 94.06 18 26 2
289 33.72 25.56 26.73 216.34 7 21 2
290 40.99 41.07 7.24 419.18 11 11 2
291 16.01 95.63 10.53 342.62 8 29 1
292 94.82 29.81 45.92 342.81 19 32 1
293 82.54 17.83 3.36 83.55 23 35 2
294 95.20 49.82 30.55 478.15 12 36 2
295 65.70 70.90 6.77 284.63 23 47 1
296 84.61 50.74 21.96 436.61 22 27 2
297 67.37 48.04 43.34 478.86 19 36 2
298 3.70 78.96 19.39 185.04 22 23 1
299 56.82 80.29 49.28 364.75 4 27 2
300 3.59 65.82 36.92 350.82 19 47 1
301 89.95 29.30 36.76 294.21 24 40 1
302 93.90 29.79 41.25 481.05 10 42 1
303 90.17 34.62 29.62 116.90 18 30 2
304 20.81 6.04 23.64 192.92 8 30 2
305 16.21 89.37 17.33 84.70 3 7 1
306 48.71 56.77 48.05 245.43 13 43 2
307 37.47 51.48 48.12 323.47 18 32 1
308 72.71 40.57 36.18 470.30 24 25 1
309 9.74 86.25 29.89 449.08 17 45 2
310 28.82 13.21 8.38 169.33 22 38 1
311 70.09 78.93 25.61 248.80 16 46 2
312 28.56 71.65 39.66 270.31 15 27 2
313 73.26 8.66 18.02 90.31 5 39 2
314 4.13 19.69 4.15 330.28 3 29 1
315 71.31 71.88 42.99 392.10 16 25 1
316 70.36 16.23 26.01 269.78 5 48 1
317 4.00 60.27 32.04 123.05 19 25 1
318 27.03 98.11 15.52 90.74 24 34 2
319 3.05 20.81 42.78 379.49 14 44 1
320 46.59 7.73 8.20 252.16 22 26 1
321 57.34 48.94 6.36 117.81 19 36 2
322 39.40 72.39 10.71 347.30 17 46 1
323 83.68 46.01 18.59 232.99 10 20 2
324 91.26 22.64 38.29 83.58 23 26 2
325 12.11 11.67 37.79 480.85 15 23 2
326 77.22 17.49 13.66 465.21 14 25 1
327 47.98 54.24 23.12 235.55 9 21 2
328 7.77 33.87 43.41 111.63 1 27 2
329 46.54 37.57 41.83 214.75 2 14 1
330 19.24 31.77 0.49 400.25 4 45 2
331 5.36 80.34 3.25 491.14 0 40 2
332 80.94 78.27 10.61 461.38 0 46 2
333 78.81 50.91 13.34 354.56 23 37 2
334 40.51 16.46 2.23 159.98 8 21 1
335 53.80 25.78 41.09 227.55 7 32 1
336 21.48 40.62 25.69 154.23 14 29 2
337 62.45 30.06 15.44 348.48 24 26 2
338 71.92 57.05 25.25 227.89 4 32 2
339 17.36 89.24 22.31 136.92 9 22 2
340 64.74 73.99 16.61 305.16 22 26 1
341 35.28 70.36 7.92 285.34 5 6 2
342 20.41 79.65 29.74 323.06 16 40 2
343 10.07 77.25 45.36 459.32 21 31 2
344 25.86 73.26 11.52 256.02 2 30 1
345 33.59 35.65 47.75 307.54 9 46 1
346 36.12 70.01 43.52 353.33 20 44 2
347 18.31 43.91 32.49 267.67 24 24 2
348 3.58 10.79 8.63 81.38 21 29 2
349 37.85 47.43 26.78 396.80 18 28 2
350 98.04 82.28 22.32 248.68 14 37 1
351 14.06 79.00 31.03 370.35 10 48 1
352 49.20 94.87 27.53 375.78 10 28 1
353 48.96 57.68 33.03 394.89 23 31 2
354 10.55 94.19 26.74 462.67 12 45 1
355 12.46 58.39 37.51 314.33 5 28 2
356 81.66 61.35 49.03 138.96 1 43 2
357 93.28 87.78 35.03 78.24 9 38 2
358 68.37 27.90 39.60 156.88 20 47 1
359 32.76 92.80 23.76 227.97 3 14 2
360 55.05 7.36 7.90 378.72 23 46 2
361 97.75 94.07 17.15 412.94 3 20 2
362 31.93 37.82 6.38 331.87 0 43 1
363 48.24 55.95 35.00 327.26 15 23 2
364 75.89 94.42 42.63 289.07 11 21 1
365 51.48 90.38 29.64 369.18 0 28 1
366 98.60 59.14 16.52 233.30 20 30 1
367 40.91 45.41 5.38 387.11 2 46 2
368 62.86 87.27 46.22 156.89 20 20 2
369 88.76 78.72 31.65 62.01 10 23 2
370 38.82 43.40 48.51 410.08 19 27 1
371 32.55 14.98 36.63 405.47 23 44 1
372 43.87 4.47 25.45 89.95 24 35 1
373 82.43 29.80 16.34 283.61 17 34 2
374 77.45 66.26 28.22 375.39 22 44 1
375 31.35 78.67 3.04 114.59 14 16 1
376 11.18 1.07 44.88 296.95 8 12 1
377 23.17 84.09 48.73 181.83 4 39 2
378 46.80 80.53 48.23 205.98 22 45 2
379 53.31 7.89 32.29 107.60 10 16 1
380 30.11 43.56 30.32 146.75 16 21 2
381 71.69 34.71 31.93 150.62 3 39 2
382 71.20 96.34 1.26 255.06 22 39 2
383 57.54 94.95 17.25 164.13 8 36 1
384 91.26 27.71 43.93 213.84 21 48 1
385 97.71 7.22 21.01 195.07 23 28 1
386 77.94 9.80 1.45 408.79 22 30 1
387 51.81 24.05 14.10 252.26 0 24 1
388 82.45 56.30 46.36 374.62 10 34 1
389 98.40 25.16 21.05 433.52 5 12 1
390 61.46 26.07 7.25 277.07 10 43 1
391 93.53 72.10 3.85 115.63 10 30 2
392 34.20 30.01 16.02 195.79 9 32 1
393 46.67 19.56 1.13 102.53 1 3 2
394 24.15 39.18 1.55 299.93 16 20 1
395 18.25 94.92 12.37 66.55 22 39 2
396 99.87 57.93 20.20 467.35 22 35 2
397 80.28 14.65 28.61 422.82 6 23 1
398 5.63 62.64 9.78 275.49 15 17 2
399 30.62 38.14 45.51 236.59 23 48 1
400 6.89 40.12 9.18 281.70 12 15 1
401 13.39 89.13 15.49 291.80 15 21 2
402 36.91 1.06 33.73 420.59 8 48 2
403 60.82 94.38 9.59 479.09 17 30 2
404 54.31 58.27 29.08 362.91 24 40 2
405 12.32 70.53 6.80 290.98 2 29 2
406 72.91 38.68 34.44 285.25 17 48 1
407 19.21 69.55 9.09 451.56 11 12 2
408 13.14 62.33 0.95 75.86 14 18 1
409 37.02 96.34 27.44 64.13 1 48 2
410 82.86 43.17 17.29 163.46 22 31 2
411 50.42 98.09 23.11 240.83 7 10 1
412 15.41 54.53 42.77 435.38 4 43 1
413 9.66 16.29 14.37 63.18 19 33 1
414 3.49 73.69 11.47 280.93 11 14 2
415 2.58 41.71 42.49 400.36 9 9 1
416 34.73 38.69 11.75 243.86 21 24 2
417 65.61 72.54 20.64 291.62 4 43 1
418 99.19 66.02 48.68 344.57 9 45 2
419 55.02 77.12 3.10 245.96 23 23 2
420 71.24 46.00 38.45 261.25 23 29 2
421 12.41 45.34 44.89 155.55 2 15 2
422 39.12 7.39 24.61 324.57 22 44 1
423 51.28 36.90 36.71 390.01 9 34 1
424 85.61 38.70 46.45 190.90 1 3 1
425 66.04 43.95 1.11 168.31 2 37 1
426 26.49 0.02 49.72 423.02 22 43 1
427 51.92 78.25 23.30 292.35 5 23 1
428 51.27 47.70 47.10 181.88 6 24 1
429 44.37 21.62 48.51 329.54 3 32 2
430 41.54 5.11 37.36 276.80 16 33 1
431 89.49 41.01 33.43 162.67 5 28 2
432 56.60 57.90 15.78 391.91 4 42 1
433 42.13 84.96 23.15 291.76 14 22 2
434 37.19 43.28 14.49 72.89 16 31 1
435 26.10 0.06 19.28 398.43 5 16 1
436 23.20 61.65 5.19 490.69 0 32 1
437 48.64 23.07 26.56 227.43 5 16 2
438 51.31 93.67 22.66 454.91 4 32 1
439 67.94 41.79 34.68 265.54 5 20 1
440 8.47 44.12 30.80 116.67 24 46 1
441 31.10 77.31 45.55 254.71 4 30 1
442 17.23 3.58 35.24 88.13 8 37 2
443 52.93 25.57 17.65 307.85 11 23 1
444 67.13 79.82 10.19 477.77 10 11 2
445 72.48 0.59 33.23 480.06 18 28 1
446 69.81 28.85 22.57 477.33 1 19 2
447 10.85 20.46 39.53 115.10 14 32 2
448 62.24 32.51 3.31 346.55 15 32 2
449 8.55 59.97 8.43 260.10 5 41 1
450 86.96 92.68 3.62 477.16 0 12 2
451 35.68 16.44 14.87 224.75 1 29 1
452 20.18 73.20 12.80 281.79 10 36 2
453 77.52 83.68 1.91 384.57 5 36 2
454 94.26 93.50 26.27 277.43 18 36 2
455 38.98 99.59 27.95 203.84 16 17 1
456 56.52 97.60 1.37 214.67 23 23 1
457 0.34 87.37 43.34 340.64 4 11 2
458 85.66 17.60 4.39 333.16 14 37 2
459 53.32 33.66 25.99 413.54 18 21 2
460 8.71 39.96 38.36 351.82 1 6 1
461 20.54 7.63 45.19 408.12 13 22 2
462 8.48 59.15 12.73 162.79 15 31 1
463 33.62 86.28 23.13 82.95 22 32 1
464 87.04 98.66 4.84 340.95 24 45 1
465 56.57 5.51 5.99 459.09 14 34 2
466 44.70 55.21 16.43 256.67 15 22 2
467 2.62 29.70 11.48 154.82 1 24 2
468 80.22 55.30 16.44 278.29 24 32 2
469 64.42 90.75 44.84 324.32 0 24 1
470 18.50 0.92 30.77 141.99 10 14 1
471 93.78 85.61 30.80 180.33 12 28 1
472 49.00 12.97 43.71 273.26 3 34 1
473 72.95 78.09 40.87 150.00 0 2 1
474 85.75 53.07 33.00 413.03 17 17 2
475 97.51 2.17 48.13 449.00 24 31 2
476 85.53 72.24 6.22 451.93 24 34 2
477 76.37 46.34 46.68 498.90 10 18 2
478 4.34 65.58 20.94 251.93 3 41 2
479 95.53 78.63 20.00 92.91 1 20 2
480 33.59 59.57 46.69 350.42 11 31 1
481 18.19 75.22 34.89 248.70 0 3 1
482 4.18 39.49 15.95 420.78 11 29 2
483 13.03 27.12 35.13 80.77 8 46 2
484 94.01 95.82 3.18 402.06 0 41 2
485 46.57 19.21 5.35 97.03 24 44 2
486 12.52 86.29 47.31 480.22 13 38 1
487 27.74 60.81 48.45 75.47 21 23 1
488 57.57 12.41 19.88 113.09 8 12 2
489 9.83 77.64 42.56 196.12 5 20 2
490 36.58 61.84 21.75 301.00 4 11 2
491 47.07 36.78 45.03 421.52 15 22 2
492 88.39 59.40 2.99 247.89 21 32 2
493 57.26 8.87 13.89 128.53 3 40 1
494 45.62 32.93 44.84 172.69 13 14 1
495 24.50 97.79 3.30 257.80 2 40 1
496 57.93 29.27 2.19 293.45 8 8 1
497 43.58 0.13 44.53 152.68 21 34 1
498 21.71 58.42 37.16 336.01 11 48 2
499 35.08 94.43 33.29 461.74 5 48 1
500 64.33 61.48 7.67 326.71 4 5 2
1 175.53 4151.03 1
2 108.21 4705.76 2
3 161.03 3351.92 2
4 171.95 2657.22 2
1 1.74 50.00 2
2 1.54 28.33 3
3 1.17 47.80 4
4 1.68 34.90 3
5 1.86 27.07 3
6 1.52 49.55 1
7 1.08 30.59 2
8 1.07 41.75 1
