Data for Vehicle routing problem with drones - Author: Huyen Do Thi Ngoc
Number of depots: 4
Number of cities: 500
Number of trucks: 7
Number of drones: 11
Area: 100 100 50
Customer maximum demand: 500
Max capacity of truck: 200
Max energy of truck: 5000
Max capacity of drone: 2
Max energy of drone: 50
1 25.24 12.44 26.19
2 9.40 35.55 19.99
3 55.57 25.72 34.46
4 37.17 5.20 10.66
1 16.15 5.79 47.50 485.13 7 38 2
2 82.43 85.92 5.64 144.31 19 46 2
3 96.73 28.94 48.59 168.95 3 48 1
4 52.51 4.86 12.94 207.66 22 29 2
5 51.49 78.40 26.14 389.33 13 28 4
6 87.14 7.48 3.61 466.99 8 13 1
7 36.72 6.73 13.06 260.86 11 29 1
8 16.29 30.29 31.22 309.51 0 17 3
9 35.40 71.39 3.55 399.83 14 28 3
10 55.55 40.66 48.54 472.11 18 48 1
11 46.30 44.55 40.33 136.30 1 4 4
12 49.10 1.83 3.49 139.23 18 38 3
13 56.77 17.91 43.30 301.19 1 23 3
14 5.09 53.59 28.26 240.62 19 41 3
15 26.87 25.68 38.11 88.57 15 17 2
16 62.67 95.88 22.35 329.88 20 22 2
17 2.26 34.26 37.07 247.05 3 11 1
18 46.39 64.56 26.46 287.90 22 39 1
19 93.87 33.77 17.09 258.54 18 47 4
20 47.99 47.91 19.53 237.52 11 14 1
21 83.90 37.49 27.07 291.50 4 23 4
22 55.08 32.02 5.49 275.69 11 11 3
23 68.25 11.28 19.65 195.90 11 34 3
24 69.05 68.43 23.40 70.64 20 27 3
25 45.43 34.91 43.92 114.62 17 48 4
26 8.01 40.75 8.50 188.81 0 11 1
27 62.68 50.67 22.26 52.80 16 20 2
28 31.56 49.63 31.09 82.18 0 11 4
29 97.69 57.16 34.58 354.01 15 19 2
30 0.69 2.61 4.06 184.95 24 44 1
31 10.62 20.67 38.44 55.16 0 45 1
32 32.40 81.10 47.57 430.81 13 34 2
33 12.67 71.80 4.58 434.16 0 19 1
34 31.49 86.10 14.55 144.41 24 28 1
35 70.95 1.22 12.40 123.14 7 37 2
36 71.83 90.20 26.16 364.53 13 41 1
37 59.69 93.50 17.60 356.61 24 31 3
38 25.58 73.38 36.04 92.87 11 40 2
39 12.43 56.41 15.87 54.05 5 12 4
40 47.37 12.59 31.67 457.17 22 30 3
41 72.83 60.19 30.00 89.71 21 32 2
42 97.21 28.81 9.30 259.39 18 31 2
43 28.09 43.49 23.59 297.79 21 48 1
44 96.96 60.24 23.39 154.10 19 20 2
45 69.38 18.85 5.81 67.82 3 39 3
46 85.53 38.48 0.48 345.29 20 43 1
47 41.79 77.88 3.55 172.88 13 18 2
48 74.12 59.44 2.56 429.53 2 3 4
49 33.97 1.71 4.96 116.46 12 40 1
50 9.46 93.50 19.29 202.13 3 7 4
51 68.86 98.45 15.64 166.30 19 25 3
52 88.53 38.91 13.80 162.76 3 48 2
53 95.11 59.78 26.64 229.57 23 43 4
54 49.18 55.64 20.42 313.72 1 15 1
55 41.36 68.87 22.79 131.37 18 23 2
56 94.41 64.41 38.32 404.55 5 35 4
57 75.33 56.02 26.13 483.56 17 25 2
58 6.28 0.57 23.62 389.64 21 35 3
59 28.85 88.17 48.29 374.96 18 25 2
60 3.37 24.78 32.89 174.35 22 25 4
61 77.00 9.71 33.74 307.49 23 39 2
62 40.31 90.33 42.46 169.27 4 39 2
63 19.26 73.48 28.80 454.77 6 26 4
64 79.27 36.64 0.92 394.51 15 26 1
65 38.11 26.74 36.91 76.56 7 18 4
66 62.08 12.65 44.54 242.19 22 44 4
67 80.10 75.60 15.94 222.38 21 42 4
68 23.63 77.42 1.38 77.25 10 30 4
69 94.16 80.03 25.33 168.24 22 44 4
70 16.69 57.68 33.38 159.80 22 31 2
71 2.57 89.28 23.74 158.75 18 25 2
72 54.26 33.00 41.58 413.97 3 22 4
73 64.50 17.83 2.01 449.89 17 19 3
74 16.12 47.81 33.05 162.47 16 16 4
75 58.28 28.65 9.33 464.43 18 25 4
76 78.15 68.78 23.45 485.88 10 42 1
77 84.68 46.23 44.08 260.17 8 30 3
78 76.51 84.16 14.37 233.71 1 33 3
79 16.44 41.30 8.70 78.80 15 24 4
80 83.79 15.76 24.30 471.03 5 34 1
81 42.77 51.22 10.74 431.71 10 21 3
82 84.06 62.30 26.93 378.84 9 18 3
83 28.83 41.66 39.46 318.05 19 27 2
84 1.26 89.03 45.41 214.43 24 36 4
85 71.24 96.03 25.47 163.02 1 15 2
86 0.95 13.66 32.78 223.76 22 33 3
87 59.69 69.06 7.75 398.28 6 13 4
88 96.19 13.75 18.07 348.11 3 44 3
89 48.92 5.17 34.89 252.69 12 28 4
90 42.13 14.73 30.23 491.83 5 10 1
91 73.06 93.31 36.86 264.11 14 34 2
92 16.22 52.24 45.44 441.19 7 37 1
93 46.91 98.93 1.61 322.40 19 22 4
94 5.45 8.50 13.54 495.43 22 24 1
95 33.65 87.78 16.08 87.10 11 18 1
96 27.57 46.90 13.89 373.20 1 26 2
97 70.19 34.95 37.07 351.53 6 34 2
98 57.16 82.31 41.09 351.18 0 39 4
99 73.61 97.53 8.43 108.16 12 29 2
100 76.67 63.11 44.74 368.09 5 42 4
101 76.24 6.44 29.88 349.21 17 28 1
102 5.56 44.04 11.49 84.63 10 43 4
103 40.22 95.43 17.96 144.77 4 28 2
104 80.42 71.33 7.71 180.32 9 33 3
105 85.74 33.93 40.19 160.56 24 32 3
106 59.56 70.41 30.32 179.93 8 33 4
107 30.18 22.91 8.47 310.88 11 25 4
108 25.03 79.62 28.23 67.97 7 39 3
109 29.06 56.42 24.29 229.71 3 30 3
110 92.63 2.68 33.70 63.58 17 21 1
111 27.72 50.92 8.70 468.16 8 47 3
112 31.05 45.17 34.35 498.56 22 45 2
113 87.98 13.92 5.68 154.56 1 5 4
114 49.54 81.78 38.17 231.74 2 17 2
115 98.48 31.52 14.09 75.28 17 20 3
116 74.37 44.87 40.84 195.08 16 34 1
117 78.73 93.24 44.13 202.67 1 41 1
118 64.54 63.31 6.53 121.52 18 38 3
119 40.01 7.62 37.36 383.93 2 46 4
120 19.00 70.95 3.40 408.73 10 12 4
121 15.14 50.96 44.95 186.73 8 44 3
122 23.84 52.18 18.77 347.36 18 38 2
123 52.24 83.48 26.79 465.49 8 13 2
124 40.92 56.77 6.68 439.29 24 27 1
125 34.07 44.55 29.50 346.67 4 10 4
126 55.27 28.83 16.79 85.38 14 41 3
127 42.43 34.01 3.28 273.57 8 23 1
128 25.71 61.89 36.99 236.21 17 46 2
129 5.31 72.47 13.17 454.16 1 12 3
130 61.05 77.34 13.20 119.31 18 18 4
131 47.29 18.38 10.56 338.68 4 42 2
132 20.16 97.98 2.89 116.12 3 35 3
133 48.07 25.28 46.14 414.90 6 18 2
134 45.90 22.61 36.95 397.34 19 31 2
135 98.89 93.94 43.84 81.68 0 4 4
136 15.63 63.87 6.40 268.69 2 30 1
137 20.71 73.10 11.60 437.72 9 26 4
138 89.72 68.98 3.55 411.33 1 33 2
139 56.66 94.89 39.90 354.17 8 45 3
140 40.24 51.52 32.76 179.10 14 39 4
141 84.73 21.12 0.41 351.73 7 42 1
142 99.81 78.14 20.28 105.77 20 42 3
143 7.01 60.37 26.08 260.78 20 46 2
144 31.54 51.13 40.89 54.51 1 7 2
145 58.54 69.76 45.87 431.04 2 32 3
146 7.73 11.77 39.34 420.98 2 19 3
147 73.59 86.18 23.84 460.83 4 16 3
148 10.00 19.41 34.83 430.30 21 33 2
149 42.97 79.81 20.04 201.89 2 45 2
150 30.84 94.29 15.37 471.31 9 24 3
151 48.95 21.88 47.58 222.43 11 14 1
152 37.93 85.50 32.62 55.27 9 27 2
153 31.72 50.79 41.49 339.44 6 26 1
154 39.77 80.42 0.76 96.81 20 32 3
155 65.09 69.90 13.18 262.25 2 3 2
156 19.48 37.15 37.00 444.80 19 24 4
157 69.42 29.22 33.16 487.85 11 11 2
158 62.82 44.24 9.42 415.92 19 40 3
159 25.91 54.49 20.06 424.27 6 38 1
160 27.07 69.97 19.80 359.54 16 16 4
161 24.08 93.80 17.96 394.39 8 18 3
162 90.44 82.51 19.82 394.89 12 27 2
163 25.38 3.55 13.76 388.66 20 23 2
164 4.69 58.71 13.47 403.23 1 45 1
165 19.06 70.49 44.27 119.46 0 13 3
166 80.91 1.96 15.39 52.26 21 34 1
167 83.42 97.32 16.34 271.79 18 46 4
168 85.90 35.25 23.03 442.92 18 40 3
169 28.39 48.42 37.43 354.18 10 37 4
170 91.37 66.83 27.07 276.82 11 46 3
171 19.46 85.33 6.53 280.19 15 35 4
172 63.01 20.90 30.34 340.38 0 47 4
173 69.07 59.90 17.53 476.09 22 43 1
174 8.43 42.05 22.09 341.16 0 28 3
175 7.52 16.90 27.08 71.63 20 28 1
176 47.41 8.73 26.08 476.41 18 34 3
177 61.22 16.26 31.62 204.34 13 33 1
178 42.20 51.10 42.24 222.24 16 33 3
179 7.24 46.46 27.14 332.88 19 23 1
180 30.88 15.68 7.58 442.99 21 39 2
181 76.91 35.85 11.02 92.16 11 17 4
182 84.81 38.23 46.24 254.50 13 23 2
183 64.09 90.39 7.13 71.19 15 46 1
184 92.97 79.90 15.57 425.52 20 28 3
185 80.76 2.76 49.33 386.63 21 46 2
186 0.34 15.44 35.56 456.08 8 29 2
187 55.45 2.93 0.67 210.81 17 33 3
188 61.16 96.86 36.69 102.08 22 28 2
189 77.01 4.30 1.94 492.94 1 28 4
190 3.26 48.80 9.72 268.10 18 32 1
191 82.71 69.50 22.11 301.19 7 41 2
192 71.19 28.10 11.60 65.23 20 31 1
193 84.95 93.70 26.00 99.21 4 44 3
194 81.11 52.91 13.01 461.64 21 28 1
195 49.43 74.22 21.97 173.75 5 45 4
196 65.12 80.79 32.71 345.23 21 21 2
197 1.11 34.72 24.95 259.78 6 19 4
198 0.16 4.94 14.78 308.94 2 33 1
199 8.53 63.91 49.73 151.52 5 28 2
200 66.57 48.41 2.56 426.96 3 35 2
201 51.05 46.97 27.17 275.89 8 11 1
202 54.93 41.97 49.89 416.29 23 28 3
203 32.62 71.10 8.08 290.18 5 11 1
204 10.46 12.70 15.39 319.35 19 25 2
205 53.29 72.83 26.54 331.98 24 47 2
206 15.72 55.02 34.00 107.18 18 34 4
207 85.71 87.89 24.00 319.47 7 11 1
208 69.77 89.09 6.65 280.47 24 46 2
209 54.83 35.20 33.07 348.51 4 10 1
210 30.44 38.15 42.96 68.30 15 46 4
211 65.11 50.48 37.84 53.51 1 28 2
212 27.77 35.41 41.30 99.39 6 32 3
213 17.60 51.99 13.19 146.22 24 28 3
214 19.77 45.57 4.33 66.11 15 30 3
215 12.81 89.88 26.45 145.23 24 44 4
216 46.08 80.61 36.75 407.07 18 41 2
217 53.54 65.30 44.97 254.63 22 41 2
218 80.37 83.23 14.74 187.84 3 11 2
219 91.65 59.71 42.07 192.90 19 24 1
220 68.80 77.64 9.29 139.41 24 35 3
221 3.99 70.54 34.78 341.78 22 41 4
222 12.18 28.34 49.77 478.12 13 19 2
223 81.87 41.63 44.19 338.38 16 48 1
224 68.12 17.67 16.63 414.46 11 48 1
225 6.95 25.25 17.35 245.57 10 46 1
226 54.83 52.12 46.25 132.56 17 34 2
227 82.70 29.86 7.46 327.26 19 19 3
228 36.76 43.27 33.17 70.61 8 42 1
229 16.32 70.73 9.62 166.09 3 29 3
230 78.06 26.93 22.46 265.04 14 46 2
231 10.58 79.59 7.74 461.08 12 30 1
232 35.37 28.14 35.78 159.75 23 46 3
233 95.47 45.58 7.54 387.20 17 17 3
234 91.95 97.69 49.36 170.08 18 47 4
235 85.98 3.21 33.89 461.19 9 33 2
236 95.62 40.78 30.95 361.02 0 30 1
237 14.07 90.16 30.45 320.84 20 35 1
238 58.66 61.92 33.81 401.95 22 46 4
239 53.78 50.24 28.12 295.73 17 46 2
240 7.89 61.09 49.30 114.61 21 48 3
241 0.69 13.84 23.53 138.74 18 32 4
242 58.46 28.18 14.07 204.05 21 41 3
243 8.23 75.19 45.50 438.83 11 25 2
244 16.80 48.89 29.30 148.52 12 27 1
245 94.34 42.34 29.88 131.86 12 37 2
246 15.27 92.86 11.47 119.73 10 47 1
247 81.37 70.35 47.89 165.77 2 22 1
248 58.98 67.12 28.76 205.90 4 21 4
249 83.32 43.22 18.50 154.32 20 29 3
250 48.79 62.32 34.50 491.29 13 29 2
251 0.56 29.63 9.08 348.72 19 46 3
252 99.90 96.22 8.08 142.19 17 43 1
253 14.36 94.67 4.12 246.86 13 41 3
254 5.66 81.05 5.35 369.22 15 21 1
255 66.05 19.14 42.31 245.07 10 10 2
256 56.90 10.60 37.79 448.21 4 42 2
257 15.24 50.36 18.74 269.03 13 36 4
258 10.90 57.19 24.19 377.21 2 32 3
259 17.21 30.21 25.20 264.85 18 36 1
260 41.99 42.66 37.98 103.00 11 27 1
261 6.37 13.35 25.26 233.10 16 41 2
262 46.59 13.95 14.46 439.80 3 37 3
263 41.33 7.65 25.79 205.03 6 11 1
264 61.68 41.62 13.83 313.35 7 12 1
265 33.29 41.49 36.93 299.94 12 33 1
266 82.03 70.45 42.57 156.37 7 19 1
267 29.34 38.80 11.96 218.38 1 32 3
268 44.72 50.17 20.85 287.68 3 25 3
269 68.07 55.91 13.86 137.67 9 28 1
270 6.46 67.83 16.17 451.57 16 26 4
271 70.08 0.86 20.67 399.93 6 36 1
272 60.16 78.36 24.98 333.87 10 46 1
273 85.54 75.65 17.10 414.09 15 15 2
274 99.70 40.84 14.10 385.91 4 41 4
275 4.89 51.78 38.27 426.60 19 47 1
276 49.99 47.80 27.52 243.97 6 17 1
277 15.32 89.73 35.49 399.36 0 48 1
278 30.88 2.90 40.95 188.95 23 46 3
279 61.27 63.19 0.67 345.19 6 31 3
280 14.07 33.61 3.56 222.49 3 47 4
281 0.20 6.50 24.91 210.89 13 21 2
282 42.15 72.02 14.45 471.03 9 45 4
283 43.97 11.37 41.71 327.29 7 38 4
284 84.73 42.86 42.04 344.00 10 43 2
285 39.51 5.37 7.41 388.00 23 25 2
286 33.09 0.96 32.06 442.71 24 39 3
287 52.97 91.69 6.79 107.99 16 33 2
288 89.76 15.89 39.71 266.39 8 9 2
289 17.20 33.73 31.27 200.29 12 13 3
290 95.32 97.15 30.09 495.02 18 37 4
291 59.50 53.18 2.45 343.73 9 30 2
292 31.34 63.09 14.53 234.68 7 19 1
293 54.20 1.91 30.96 430.16 21 35 1
294 44.94 8.68 7.51 290.13 20 26 3
295 42.39 58.55 25.38 366.14 10 25 2
296 83.65 21.97 18.80 353.75 11 38 4
297 38.62 43.63 30.00 246.93 19 28 3
298 45.07 67.10 39.37 221.13 15 46 2
299 32.58 40.43 45.11 422.50 12 34 1
300 57.98 13.78 15.27 210.43 10 21 2
301 86.15 51.64 43.58 369.86 20 39 4
302 74.10 50.98 1.11 114.73 19 34 2
303 2.43 4.67 12.02 53.91 23 27 4
304 95.91 38.37 32.73 127.80 20 31 2
305 37.75 27.74 7.54 109.12 12 14 2
306 68.99 83.33 28.45 207.18 7 17 2
307 50.04 55.32 15.12 86.05 17 39 4
308 37.02 86.22 14.44 328.49 8 42 3
309 64.22 87.25 26.51 355.83 4 18 3
310 64.50 85.83 46.31 75.89 14 36 3
311 76.90 43.90 45.98 249.03 22 33 1
312 89.53 99.42 31.03 288.43 18 21 4
313 20.04 3.59 44.92 428.90 6 22 3
314 67.22 14.62 18.79 259.28 15 21 1
315 52.52 3.08 4.84 391.61 8 23 1
316 57.13 76.10 36.53 111.82 9 31 4
317 67.01 17.52 29.98 268.51 1 16 1
318 18.07 99.79 20.76 191.01 17 34 3
319 65.18 70.55 26.44 287.94 3 40 1
320 8.16 78.57 32.22 459.80 3 28 3
321 31.82 85.92 33.34 392.51 8 37 4
322 56.81 99.82 26.88 256.90 3 13 1
323 29.58 21.61 10.24 367.54 5 36 1
324 37.60 56.79 29.03 245.02 8 30 1
325 55.61 69.25 33.96 295.34 1 48 2
326 17.91 96.01 2.16 310.60 23 33 1
327 99.02 51.85 12.01 463.55 20 20 4
328 27.08 60.05 16.62 196.83 4 40 2
329 78.31 69.53 29.04 411.98 4 41 4
330 2.85 9.13 35.69 371.52 16 29 2
331 9.15 8.53 11.99 59.43 1 37 1
332 62.52 77.12 4.19 342.43 1 41 1
333 24.51 93.31 28.87 288.25 8 43 4
334 78.99 76.71 25.77 423.95 0 16 2
335 5.45 52.41 28.55 147.50 15 34 3
336 74.20 93.57 35.39 233.18 17 30 3
337 59.46 99.09 45.38 73.37 18 27 1
338 57.02 81.84 28.51 473.43 7 11 1
339 51.00 38.22 3.80 473.34 16 28 2
340 46.02 46.36 41.41 139.48 3 4 3
341 70.02 95.49 24.27 144.36 16 48 3
342 92.83 53.73 25.84 463.11 10 19 2
343 88.29 72.95 5.45 341.21 20 30 1
344 99.74 57.61 0.65 349.39 1 30 4
345 22.76 46.77 42.57 89.99 18 29 4
346 25.68 70.97 35.35 300.36 19 23 4
347 78.11 1.26 37.57 168.59 24 42 2
348 82.69 27.26 10.76 159.62 12 47 4
349 1.41 94.42 48.65 146.45 14 46 3
350 35.35 81.69 43.64 138.34 1 13 3
351 17.02 32.87 43.73 235.64 2 34 4
352 1.23 77.95 18.57 177.97 17 25 2
353 40.02 95.32 16.39 169.80 15 40 3
354 26.76 58.42 28.58 260.47 4 6 3
355 6.46 7.52 37.63 420.97 13 35 2
356 4.91 22.18 34.40 296.03 10 13 3
357 38.46 10.20 49.66 167.62 7 31 4
358 53.74 58.59 19.86 192.35 7 28 2
359 13.56 62.17 27.58 394.13 24 42 2
360 54.11 97.51 7.79 287.14 11 36 1
361 85.28 15.31 26.33 409.24 20 32 2
362 24.83 46.53 3.87 313.17 2 34 3
363 34.14 72.44 16.97 89.96 10 21 4
364 63.26 10.23 6.15 388.65 10 21 1
365 70.98 52.01 29.59 56.44 24 38 4
366 70.76 97.43 40.46 257.27 15 32 4
367 79.43 97.48 17.97 64.50 2 43 4
368 2.96 90.47 25.57 204.98 1 10 2
369 16.56 8.82 42.25 293.00 12 46 3
370 42.89 35.99 29.36 110.67 3 32 2
371 93.12 12.89 12.69 128.31 11 35 4
372 74.36 14.78 25.02 264.26 16 17 2
373 39.73 67.59 14.30 142.75 17 41 1
374 21.58 28.89 36.71 477.69 0 46 1
375 3.89 96.31 27.66 108.80 0 44 1
376 65.37 78.44 33.77 386.18 9 30 3
377 70.46 68.12 30.00 339.40 12 33 1
378 7.69 86.43 47.77 352.17 21 29 3
379 95.30 20.31 18.60 488.69 5 47 1
380 70.40 38.66 44.23 67.08 16 42 1
381 74.95 66.12 33.72 68.39 13 31 3
382 65.22 89.25 46.02 203.18 17 30 1
383 73.54 72.90 18.38 407.82 2 29 2
384 2.22 38.11 14.67 291.09 15 38 3
385 71.46 17.96 11.39 270.00 21 43 4
386 57.01 67.30 30.13 266.38 8 34 4
387 56.62 52.44 18.71 363.32 19 25 4
388 45.44 47.82 45.77 483.77 0 8 4
389 49.38 23.20 47.68 376.56 5 16 3
390 90.08 93.14 21.45 67.75 4 44 4
391 65.97 31.30 48.34 423.10 5 23 1
392 35.30 50.22 36.10 296.96 14 14 4
393 72.34 59.00 30.28 290.95 9 22 1
394 61.27 21.47 11.76 318.23 18 43 3
395 54.12 9.05 49.99 99.35 21 46 1
396 75.89 57.19 11.17 220.99 21 39 3
397 56.48 49.41 33.79 431.03 18 18 1
398 68.35 37.15 5.16 256.62 16 26 2
399 13.69 16.09 2.37 157.72 7 33 3
400 31.90 81.49 8.03 176.35 22 45 2
401 92.05 30.81 8.86 361.18 22 34 3
402 6.89 40.25 9.07 113.02 16 19 4
403 25.83 45.32 35.59 326.86 4 44 1
404 86.92 88.11 21.22 270.65 19 19 1
405 27.03 67.43 1.63 413.18 17 22 4
406 97.46 5.68 3.39 225.28 18 20 4
407 5.72 24.73 4.35 138.64 15 29 3
408 81.13 17.83 47.67 53.61 8 32 4
409 17.09 31.20 0.88 62.54 10 18 4
410 9.19 85.24 3.30 354.67 5 24 1
411 83.23 62.72 11.92 167.76 14 30 1
412 48.00 30.77 13.51 147.58 23 48 2
413 47.26 26.56 3.13 422.67 3 13 4
414 24.45 1.06 24.21 139.01 1 38 2
415 93.58 44.16 46.27 373.99 12 39 3
416 53.09 71.50 38.36 58.37 15 33 3
417 37.19 13.00 37.76 444.87 0 25 3
418 91.85 75.31 12.41 359.21 22 31 3
419 24.92 21.00 37.18 100.06 18 45 1
420 26.16 76.48 12.16 324.69 22 41 2
421 93.01 60.26 19.28 173.44 8 22 3
422 75.29 86.68 20.93 299.67 3 46 1
423 90.71 7.58 46.91 262.85 12 24 3
424 3.45 53.14 4.03 354.66 14 33 2
425 16.78 89.95 22.14 292.22 8 41 2
426 75.93 20.67 48.11 344.23 12 40 3
427 91.87 78.28 24.69 363.39 12 34 3
428 49.70 16.81 9.27 87.37 16 41 2
429 7.73 52.72 14.64 217.77 17 35 1
430 64.29 45.25 21.91 164.94 23 32 3
431 21.25 11.03 27.13 466.55 6 23 2
432 42.93 95.37 17.80 387.21 2 44 4
433 84.00 94.50 2.00 260.05 5 5 4
434 41.65 66.08 14.50 445.35 5 47 1
435 7.40 58.72 21.69 296.78 12 44 3
436 76.46 92.45 12.86 456.68 7 10 3
437 40.66 8.07 13.79 294.63 16 47 2
438 93.72 47.53 25.16 299.40 11 45 2
439 76.78 88.96 22.63 379.59 8 22 4
440 20.49 81.16 23.40 434.33 1 48 3
441 51.39 68.38 30.19 280.48 18 31 1
442 71.45 94.88 13.95 205.03 9 30 1
443 10.53 21.64 35.52 460.53 5 14 2
444 46.00 84.99 7.17 220.37 4 40 1
445 25.31 48.33 22.65 326.27 19 44 2
446 59.92 97.40 45.46 58.72 21 21 4
447 96.63 56.43 30.11 71.01 15 46 4
448 16.00 63.30 12.38 268.71 12 45 1
449 19.43 5.31 15.40 148.43 21 26 1
450 37.41 59.66 43.33 184.36 16 48 1
451 46.48 64.15 33.12 170.19 7 11 3
452 1.03 83.49 21.03 241.48 22 26 2
453 81.23 6.82 12.93 273.10 24 46 1
454 5.63 77.77 46.28 325.33 7 40 3
455 50.42 55.63 2.48 135.11 21 23 1
456 63.60 11.69 31.90 224.82 3 33 4
457 3.59 12.76 7.32 50.31 20 24 4
458 19.07 16.40 31.78 191.21 14 31 2
459 60.13 2.30 31.68 325.48 20 22 4
460 7.50 22.54 40.45 76.65 20 38 3
461 1.52 29.79 33.52 177.92 0 38 1
462 88.63 42.67 26.41 399.31 5 20 2
463 42.25 56.26 26.20 345.78 15 17 3
464 84.53 91.02 48.03 260.02 22 35 2
465 40.88 27.58 0.33 120.36 16 35 4
466 48.04 46.77 40.06 234.60 9 40 3
467 29.66 21.54 34.67 93.90 4 40 1
468 37.48 28.08 5.54 181.35 18 23 4
469 98.64 62.17 12.40 454.62 21 26 4
470 65.46 91.00 35.43 90.07 1 36 4
471 25.94 55.50 8.82 125.28 2 29 1
472 88.96 27.51 8.69 82.71 8 23 4
473 48.68 79.15 11.78 214.25 22 29 3
474 20.78 40.47 13.66 400.26 19 41 2
475 95.82 93.45 23.97 189.27 7 41 2
476 93.63 41.74 19.51 361.16 12 24 2
477 8.97 53.13 33.56 311.19 22 40 4
478 52.15 65.45 32.24 167.45 3 30 2
479 64.20 69.90 16.90 289.21 22 36 4
480 9.06 74.44 9.05 266.73 17 27 3
481 6.70 6.62 39.50 263.93 16 45 4
482 27.02 38.01 17.55 465.13 17 48 4
483 72.77 30.94 35.36 244.83 21 31 4
484 3.48 66.67 18.10 422.99 10 27 3
485 60.41 56.32 3.45 137.82 5 32 1
486 86.56 18.10 29.78 116.74 8 47 3
487 46.26 6.34 16.55 423.87 22 31 2
488 22.97 36.47 24.49 482.59 12 41 2
489 86.06 82.10 32.41 154.88 21 26 1
490 20.37 98.84 48.63 94.92 22 43 1
491 9.91 36.61 3.67 485.60 21 26 4
492 56.03 58.10 9.31 290.91 8 13 3
493 90.94 11.16 34.28 481.50 14 16 2
494 89.45 13.85 34.96 229.09 17 26 4
495 81.10 4.14 44.77 150.40 24 40 4
496 70.19 33.94 29.93 125.06 13 25 3
497 17.71 43.64 24.00 179.67 7 35 2
498 48.11 50.87 24.40 455.83 15 32 2
499 70.21 43.24 11.96 284.14 15 39 3
500 22.73 2.27 23.34 278.69 17 25 2
1 103.24 3603.91 1
2 156.28 3315.22 2
3 161.58 4716.63 3
4 132.52 3983.13 4
5 144.32 2954.36 2
6 162.91 4374.00 4
7 184.48 4340.49 3
1 1.58 31.78 4
2 1.23 41.70 5
3 1.59 28.02 7
4 1.22 35.13 2
5 1.74 26.53 4
6 1.69 29.80 4
7 1.82 29.66 6
8 1.07 39.66 2
9 1.30 49.00 1
10 1.03 31.72 4
11 1.19 30.08 1
