Data for Vehicle routing problem with drones - Author: Huyen Do Thi Ngoc
Number of depots: 5
Number of cities: 200
Number of trucks: 8
Number of drones: 10
Area: 100 100 50
Customer maximum demand: 500
Max capacity of truck: 200
Max energy of truck: 5000
Max capacity of drone: 2
Max energy of drone: 50
1 74.70 63.01 36.21
2 8.09 33.71 32.33
3 89.20 64.22 25.42
4 66.22 41.68 21.81
5 14.48 97.38 48.62
1 92.45 1.74 8.40 342.00 8 27 1
2 4.48 23.61 12.26 74.56 15 33 5
3 62.15 9.23 4.19 301.49 20 36 2
4 63.48 77.78 29.89 391.63 0 25 4
5 56.64 14.84 2.27 385.32 8 40 2
6 19.79 17.03 35.85 340.79 9 43 2
7 45.81 50.99 28.54 305.99 18 22 5
8 3.28 91.55 10.21 131.64 11 18 1
9 63.09 38.98 13.73 473.65 13 24 3
10 71.56 71.81 37.69 485.44 19 36 5
11 94.58 71.42 20.71 221.26 19 47 5
12 82.07 2.27 20.72 202.66 6 20 4
13 33.61 89.14 37.13 213.97 9 37 3
14 63.85 34.87 21.41 457.14 10 18 4
15 65.94 44.93 16.05 497.33 1 14 1
16 34.05 61.66 9.80 122.64 0 45 3
17 63.46 8.00 45.46 297.58 23 24 4
18 59.45 43.58 10.71 419.38 2 38 1
19 89.68 39.46 32.67 225.53 17 25 2
20 29.22 6.09 42.01 249.54 13 42 3
21 86.95 19.09 32.35 182.64 15 34 4
22 96.95 7.03 24.20 66.01 15 31 3
23 15.53 67.24 17.96 323.45 9 38 4
24 19.16 88.48 49.96 67.35 3 46 1
25 28.66 6.64 42.80 134.30 5 22 4
26 0.74 15.45 4.08 67.83 5 9 3
27 82.49 23.45 33.07 289.59 0 33 4
28 13.81 10.57 13.76 53.28 5 25 3
29 80.49 12.79 6.10 372.46 16 39 1
30 76.87 47.09 32.84 159.05 1 4 1
31 22.27 19.49 4.35 66.31 12 12 4
32 91.99 80.10 4.18 423.83 23 40 3
33 60.63 5.09 18.33 146.58 13 33 1
34 18.09 93.37 13.35 271.69 4 29 2
35 3.43 95.02 14.36 495.18 0 28 3
36 35.12 49.54 36.22 437.71 24 48 4
37 53.82 13.18 43.77 63.14 15 36 3
38 40.73 84.21 39.25 172.18 10 14 1
39 68.11 55.95 37.07 134.54 9 22 2
40 56.24 63.83 43.05 472.62 17 18 3
41 31.37 25.29 43.80 424.92 0 16 3
42 53.51 1.45 40.23 199.39 16 31 1
43 52.06 23.15 0.28 392.34 14 39 2
44 99.84 61.84 4.50 139.85 22 26 4
45 77.68 45.23 9.69 339.91 24 41 2
46 18.98 17.58 8.53 486.81 22 46 1
47 35.37 24.95 40.31 476.11 5 37 1
48 4.73 54.60 4.04 483.94 8 25 4
49 95.56 23.14 6.23 440.43 8 46 4
50 8.66 92.22 36.17 372.06 5 16 4
51 86.66 8.07 39.69 196.91 0 33 3
52 56.54 71.12 41.02 355.92 24 26 5
53 2.43 14.62 29.41 181.22 24 40 3
54 86.28 84.88 49.28 114.23 24 40 3
55 84.68 0.74 40.44 400.36 24 39 4
56 60.40 17.09 45.52 55.90 15 18 5
57 55.22 53.55 12.32 162.61 21 40 1
58 88.86 21.94 27.49 257.21 17 19 1
59 21.79 30.09 4.26 285.55 12 38 5
60 11.24 14.60 3.52 124.66 5 38 1
61 43.16 45.95 41.87 173.07 19 25 5
62 69.35 68.36 21.01 453.98 0 7 1
63 6.95 8.40 1.00 73.41 5 16 2
64 2.69 87.04 46.87 280.17 22 48 4
65 19.73 56.64 19.63 422.62 23 41 5
66 31.87 15.63 23.09 277.85 6 19 1
67 90.89 46.56 30.08 255.76 24 40 1
68 89.42 92.40 5.33 96.43 12 22 1
69 18.29 89.68 24.48 174.79 3 47 2
70 47.32 46.27 17.56 167.21 17 41 2
71 71.57 97.77 4.49 257.94 4 36 5
72 55.11 20.38 10.08 377.99 22 39 1
73 30.90 97.31 9.27 139.18 6 28 4
74 66.55 98.46 4.72 183.06 23 42 4
75 87.84 2.59 29.39 89.12 20 48 2
76 21.83 24.82 49.58 236.21 12 12 2
77 34.19 4.07 38.07 164.24 20 25 5
78 53.90 72.69 36.35 60.85 18 33 5
79 91.19 11.41 28.81 495.42 15 43 2
80 23.24 75.79 1.79 398.62 10 37 1
81 36.23 41.65 15.83 194.73 18 22 1
82 91.32 41.62 39.76 357.16 17 25 4
83 29.60 49.71 6.91 445.65 17 20 5
84 10.09 81.76 26.37 467.17 22 35 5
85 77.32 88.67 9.90 466.87 7 12 1
86 41.12 23.40 31.68 295.30 7 25 4
87 52.54 4.91 35.70 88.23 21 22 3
88 17.36 4.67 28.81 303.01 24 45 3
89 77.75 94.75 6.60 484.51 19 39 3
90 15.20 57.09 44.22 413.13 8 35 3
91 95.95 4.25 19.68 382.78 18 46 2
92 48.49 91.60 36.86 314.37 6 16 3
93 98.18 27.26 13.55 453.98 11 40 2
94 0.08 55.77 2.91 320.02 14 32 2
95 51.27 52.73 10.64 169.22 9 34 3
96 67.01 3.11 23.43 75.65 9 38 1
97 78.01 48.19 42.14 372.47 14 21 1
98 46.98 66.38 19.74 424.88 12 18 2
99 15.35 72.93 36.42 237.49 1 44 2
100 10.69 79.82 45.49 313.21 3 46 1
101 0.14 75.22 12.89 104.37 8 22 1
102 31.23 3.60 23.89 79.55 9 27 4
103 44.12 31.67 2.72 283.06 20 29 5
104 88.72 43.52 8.64 177.66 1 38 5
105 93.26 39.51 44.54 62.10 3 24 4
106 19.26 23.44 44.86 314.53 22 48 5
107 71.78 58.60 6.44 148.81 23 47 1
108 24.91 20.06 25.47 159.19 9 48 1
109 41.18 74.47 10.79 309.20 1 10 5
110 92.09 89.44 8.15 415.18 20 42 5
111 76.15 30.34 11.31 414.95 14 46 2
112 18.63 49.19 10.83 317.18 15 30 1
113 70.50 78.72 3.23 450.76 21 25 1
114 47.48 96.48 2.61 304.32 3 25 1
115 25.20 71.02 38.30 231.96 6 28 3
116 71.64 70.50 18.48 105.39 18 38 2
117 13.67 99.72 48.61 120.86 6 19 2
118 50.02 35.40 45.33 244.80 20 22 1
119 3.79 60.42 38.22 54.35 6 39 2
120 3.56 88.70 10.09 320.50 22 43 5
121 84.76 84.15 49.30 53.70 4 31 4
122 43.52 32.46 33.68 106.15 21 29 2
123 80.26 38.67 24.10 316.90 1 27 3
124 92.98 45.17 41.02 267.63 11 43 2
125 44.11 53.55 47.16 456.15 5 47 4
126 56.29 3.75 17.55 479.00 24 32 2
127 56.75 11.11 5.40 101.32 3 26 1
128 3.43 88.52 4.69 499.96 4 23 4
129 41.18 32.57 17.55 343.07 2 46 1
130 77.76 38.73 20.16 56.40 19 39 1
131 26.43 56.01 45.29 452.67 6 45 3
132 52.00 35.99 3.43 349.08 19 43 5
133 35.39 72.29 27.26 335.97 18 46 3
134 11.99 89.48 16.88 132.13 2 8 1
135 49.27 20.95 39.39 396.04 23 29 4
136 88.22 9.28 25.24 453.65 11 31 4
137 45.43 72.61 6.87 477.70 21 44 4
138 14.81 84.02 1.46 384.40 21 42 5
139 63.62 17.54 16.50 159.74 9 43 1
140 18.70 90.82 17.62 145.85 20 26 1
141 64.14 94.25 37.84 460.18 8 25 4
142 95.50 46.58 44.60 326.75 2 8 4
143 22.33 54.40 24.55 389.76 14 25 1
144 78.20 81.39 27.77 73.82 24 34 1
145 39.95 7.92 33.25 451.56 0 13 3
146 81.76 86.15 11.29 127.36 21 45 4
147 25.76 59.22 24.97 466.41 0 47 1
148 80.82 52.51 40.44 268.35 16 42 5
149 60.07 0.57 14.95 238.75 0 10 2
150 23.45 90.02 40.94 498.95 9 45 5
151 34.27 65.99 13.91 241.76 20 27 2
152 30.98 97.43 40.12 303.15 12 29 1
153 74.74 34.71 41.17 322.74 10 45 3
154 29.32 38.94 5.54 437.76 15 46 1
155 31.74 81.44 45.02 111.90 21 36 1
156 85.72 52.24 24.45 398.63 7 8 3
157 21.77 62.86 25.11 414.64 5 33 5
158 79.92 3.67 40.67 234.15 12 20 3
159 72.41 25.83 12.88 231.91 13 22 3
160 34.27 23.43 12.68 417.53 18 26 1
161 77.63 63.37 36.81 493.17 15 15 4
162 52.27 89.23 6.88 179.22 18 36 5
163 88.80 73.70 19.58 77.19 9 12 2
164 14.68 47.69 36.42 367.66 6 14 1
165 70.79 14.48 9.03 378.13 5 41 5
166 39.56 45.94 6.79 378.70 8 15 3
167 63.08 44.41 8.73 382.01 1 27 4
168 63.21 48.36 4.11 221.31 5 30 4
169 89.86 35.03 22.75 90.69 14 26 3
170 95.53 66.81 42.32 114.22 24 41 5
171 85.77 35.34 3.12 190.56 17 42 4
172 32.56 58.45 24.12 340.92 8 25 5
173 80.62 0.13 12.11 397.87 16 35 3
174 86.79 57.07 18.59 305.28 3 30 5
175 70.40 81.41 12.34 179.85 21 32 1
176 92.06 19.24 14.26 202.56 2 45 5
177 58.76 83.74 49.73 387.26 6 33 3
178 10.27 9.51 32.02 398.57 10 26 2
179 29.11 36.98 32.39 338.36 8 48 4
180 40.59 84.63 45.77 413.99 23 42 4
181 57.64 12.38 46.76 293.61 22 47 2
182 35.07 84.28 10.94 391.09 7 37 2
183 75.29 52.89 38.43 493.37 19 47 5
184 90.51 48.01 11.21 395.88 1 42 2
185 15.89 83.75 12.60 66.89 10 20 1
186 24.27 63.70 3.82 442.32 13 30 3
187 75.23 86.05 32.38 328.04 16 47 4
188 47.97 33.64 46.62 490.51 8 17 3
189 18.70 71.41 25.00 483.21 11 32 5
190 3.79 93.28 26.44 257.87 3 44 2
191 78.02 50.41 12.58 261.88 5 46 5
192 45.61 6.78 17.43 411.62 4 30 1
193 53.32 37.29 40.48 342.24 15 28 1
194 30.14 27.97 14.90 174.15 24 36 2
195 42.99 52.83 37.00 426.08 2 3 3
196 9.32 73.68 10.32 179.90 19 33 3
197 56.82 98.23 3.08 495.29 24 33 3
198 35.49 4.13 22.04 475.93 15 23 2
199 50.97 86.91 12.54 315.47 12 48 3
200 76.66 51.37 31.11 239.49 18 25 4
1 194.33 3133.13 1
2 159.31 3330.92 2
3 155.03 4011.64 3
4 117.43 3376.64 4
5 130.09 3779.51 5
6 158.23 2775.97 1
7 138.25 2531.56 5
8 131.33 3287.27 1
1 1.48 36.99 5
2 1.05 31.96 3
3 1.46 37.33 7
4 1.58 27.84 5
5 1.80 44.27 8
6 1.87 41.39 1
7 1.90 39.59 7
8 1.49 44.99 8
9 1.52 31.69 5
10 1.25 27.45 2
