Data for Vehicle routing problem with drones - Author: Huyen Do Thi Ngoc
Number of depots: 5
Number of cities: 100
Number of trucks: 7
Number of drones: 14
Area: 100 100 50
Customer maximum demand: 500
Max capacity of truck: 200
Max energy of truck: 5000
Max capacity of drone: 2
Max energy of drone: 50
1 33.68 49.15 32.90
2 39.76 47.39 48.05
3 74.01 62.47 39.00
4 24.97 31.83 38.10
5 65.51 37.83 15.87
1 83.69 29.30 37.72 357.69 6 38 1
2 44.54 51.64 45.80 344.18 23 43 2
3 77.15 71.24 15.16 411.34 12 42 1
4 35.60 86.01 40.56 404.15 4 35 5
5 59.68 32.82 47.08 56.49 2 46 4
6 51.40 3.33 4.78 304.38 4 37 5
7 36.50 70.88 35.25 102.27 13 47 3
8 87.09 87.38 35.94 239.80 5 41 1
9 15.16 17.63 26.39 480.71 8 30 5
10 96.90 51.85 26.65 202.27 10 33 1
11 59.42 56.11 37.44 217.38 21 43 1
12 14.87 20.62 25.56 470.23 9 32 1
13 44.54 49.65 41.59 278.64 10 28 1
14 49.37 74.06 39.49 123.88 22 35 5
15 76.27 30.84 29.33 430.73 16 19 4
16 7.90 34.10 43.71 270.29 3 17 2
17 10.03 64.53 49.59 479.94 10 22 3
18 80.53 78.22 12.93 450.19 15 47 4
19 62.66 48.17 41.61 443.59 8 47 4
20 6.12 34.33 22.37 425.37 23 40 2
21 20.59 43.45 21.07 139.17 9 11 3
22 6.06 76.84 49.90 484.98 15 40 2
23 19.23 15.52 18.44 315.08 5 30 3
24 93.77 50.29 6.66 342.46 24 34 4
25 73.16 71.75 11.50 338.38 21 41 4
26 55.69 86.50 5.68 146.23 24 33 2
27 72.85 52.26 38.58 116.90 11 48 5
28 14.62 88.84 11.52 420.02 5 6 2
29 78.34 54.41 40.52 421.18 19 39 2
30 7.95 89.92 35.24 71.67 24 35 2
31 15.08 89.96 16.69 299.76 7 7 4
32 61.21 60.59 38.80 116.76 1 31 2
33 80.22 87.60 43.83 164.84 9 10 5
34 6.66 43.19 34.24 441.32 14 14 4
35 6.49 39.54 14.69 393.28 24 28 3
36 95.37 60.42 28.73 415.04 0 22 1
37 43.97 91.54 42.67 207.61 23 29 1
38 99.43 91.50 41.84 181.20 14 42 3
39 36.90 1.88 47.02 414.78 10 35 1
40 33.83 15.19 14.38 206.33 3 16 1
41 58.82 5.20 8.33 305.32 5 35 2
42 38.92 31.86 7.82 263.38 19 40 3
43 11.38 80.74 46.28 477.21 13 24 2
44 60.17 83.82 8.31 293.89 19 45 1
45 7.84 2.34 3.31 265.80 4 34 3
46 15.29 45.19 15.99 138.73 16 19 4
47 96.91 93.09 0.56 183.61 18 20 2
48 45.29 63.30 14.51 466.51 11 44 1
49 33.97 0.55 19.67 369.01 5 9 1
50 72.18 17.34 0.99 301.71 7 48 5
51 15.09 15.85 44.16 71.78 15 38 4
52 14.43 58.40 4.48 344.43 20 20 5
53 25.99 38.39 23.18 359.67 7 40 3
54 43.85 91.54 28.76 88.22 20 44 1
55 21.24 42.08 23.97 239.15 21 29 4
56 26.16 17.10 40.93 323.22 22 29 1
57 90.65 74.23 16.77 70.58 1 41 2
58 80.62 70.12 25.33 262.88 2 31 1
59 75.49 72.42 11.28 379.87 15 17 5
60 53.73 18.28 19.53 315.06 7 46 1
61 4.60 50.75 32.57 118.44 23 38 4
62 77.81 10.37 10.20 112.90 5 28 1
63 35.62 60.65 0.03 375.06 4 15 3
64 16.85 90.46 2.83 442.64 16 36 3
65 67.87 39.35 34.54 287.34 7 41 2
66 0.35 87.76 19.87 331.84 14 39 5
67 87.25 59.38 5.60 242.01 7 20 4
68 50.06 75.15 9.51 493.17 9 26 5
69 91.81 72.60 19.45 472.13 1 27 5
70 23.28 96.63 14.93 128.66 20 23 1
71 91.77 59.51 46.42 235.23 9 47 1
72 89.57 42.46 11.46 336.06 16 39 1
73 46.34 5.07 11.68 104.96 5 45 1
74 15.83 15.27 24.79 192.44 18 37 1
75 42.08 73.89 33.38 480.52 2 33 3
76 98.30 29.40 46.27 462.15 6 39 1
77 45.31 65.23 8.53 399.16 10 16 4
78 53.61 57.37 18.95 76.63 13 45 4
79 43.92 35.18 10.91 175.32 2 29 5
80 12.38 45.71 30.00 239.22 20 31 5
81 82.41 16.92 1.28 487.67 24 27 2
82 62.86 3.50 32.61 133.67 14 16 5
83 85.63 3.58 27.25 461.99 10 11 3
84 65.48 58.28 12.56 374.50 15 47 2
85 39.96 18.82 9.27 288.97 1 34 4
86 67.32 71.02 48.69 370.84 18 39 1
87 80.68 68.85 41.39 281.02 23 39 2
88 87.65 68.19 6.30 81.18 6 14 2
89 10.66 79.87 39.68 470.17 19 23 2
90 8.09 9.95 34.28 315.23 18 38 5
91 77.48 30.60 47.29 489.57 20 43 1
92 54.37 43.64 35.46 461.57 15 22 5
93 73.37 25.56 49.31 409.96 0 42 5
94 42.29 19.24 4.32 239.77 1 6 4
95 60.07 17.71 14.85 59.47 23 24 3
96 62.45 91.37 7.32 195.25 6 42 1
97 56.36 98.93 7.77 396.82 11 31 3
98 33.41 93.79 20.24 285.56 18 36 5
99 75.74 25.52 42.70 235.87 19 33 2
100 94.32 64.32 29.74 429.13 8 16 5
1 114.51 4193.42 1
2 171.74 4423.63 2
3 183.95 3925.81 3
4 159.90 4927.96 4
5 188.31 3646.00 5
6 120.41 4729.30 1
7 177.39 3879.16 1
1 1.14 36.61 4
2 1.11 48.93 3
3 1.59 31.45 1
4 1.66 32.50 7
5 1.95 45.52 4
6 1.06 29.46 3
7 1.45 29.54 1
8 1.21 36.36 4
9 2.00 32.98 4
10 1.22 25.44 1
11 1.66 42.00 2
12 1.44 44.97 5
13 1.10 32.55 3
14 1.32 35.52 3
