Data for Vehicle routing problem with drones - Author: Huyen Do Thi Ngoc
Number of depots: 2
Number of cities: 500
Number of trucks: 2
Number of drones: 7
Area: 100 100 50
Customer maximum demand: 500
Max capacity of truck: 200
Max energy of truck: 5000
Max capacity of drone: 2
Max energy of drone: 50
1 37.52 78.76 10.07
2 13.90 35.60 8.90
1 10.26 17.61 35.89 185.84 9 15 2
2 17.97 98.22 37.03 463.10 21 24 1
3 46.09 99.84 44.78 70.19 13 48 2
4 68.47 48.01 0.52 491.48 16 33 2
5 14.25 13.27 19.07 236.88 24 40 2
6 86.86 76.51 6.38 236.64 21 44 2
7 82.99 1.57 37.06 413.52 24 39 2
8 21.59 16.15 14.35 218.69 7 20 1
9 74.85 73.16 48.88 368.89 20 46 2
10 5.97 65.24 20.16 175.13 19 47 1
11 48.58 73.24 15.08 213.82 7 21 1
12 80.10 67.74 27.68 255.34 18 45 2
13 3.77 76.64 11.09 339.17 17 26 1
14 90.39 91.17 4.25 252.62 12 45 1
15 87.96 37.90 12.30 460.92 24 41 2
16 88.19 76.31 6.60 280.70 17 39 1
17 52.42 54.67 37.68 475.46 6 16 1
18 25.67 76.59 16.90 452.40 21 22 2
19 97.48 47.00 0.76 487.04 15 26 2
20 38.53 5.53 1.64 68.43 8 31 1
21 59.26 31.31 46.03 131.55 2 5 1
22 17.93 92.80 25.81 229.98 6 18 2
23 37.65 34.14 45.24 91.98 16 26 1
24 36.53 84.20 47.91 383.31 16 48 1
25 31.17 51.96 11.03 345.96 12 27 1
26 88.81 79.13 35.91 389.83 19 37 1
27 66.83 55.25 42.25 461.41 22 32 1
28 94.46 73.58 26.43 359.44 18 24 1
29 63.78 19.97 23.79 165.03 13 41 2
30 63.68 24.19 48.93 468.02 1 37 2
31 44.06 12.62 9.78 237.80 13 36 2
32 24.06 71.64 18.96 292.01 1 17 1
33 28.55 42.74 22.42 220.05 5 14 2
34 36.03 51.22 9.41 116.51 23 23 1
35 87.22 64.53 31.44 389.50 14 41 1
36 53.97 12.05 19.98 78.90 11 29 1
37 38.08 97.26 19.03 237.66 0 29 2
38 64.05 63.41 25.60 415.44 13 47 1
39 25.12 15.27 40.74 324.62 6 44 2
40 86.24 24.25 15.97 357.72 13 39 2
41 12.28 9.10 17.53 266.98 12 34 2
42 94.23 39.79 35.50 292.98 6 27 1
43 79.63 83.11 15.33 187.18 3 18 1
44 15.23 23.93 45.82 440.89 1 20 1
45 27.81 68.63 10.94 113.84 7 13 1
46 47.12 12.43 22.69 50.72 17 44 1
47 94.28 56.96 6.13 125.23 11 27 1
48 19.20 10.57 48.65 361.40 10 21 2
49 66.56 57.99 14.98 117.05 21 28 2
50 53.60 33.62 3.14 288.40 17 33 2
51 72.78 5.14 10.77 257.46 19 22 1
52 66.12 17.13 39.74 88.78 21 37 2
53 87.39 95.69 49.00 113.51 16 16 2
54 83.62 57.41 11.86 86.35 12 45 2
55 27.83 71.82 16.40 249.42 14 19 2
56 0.31 95.35 9.49 388.20 20 24 2
57 55.56 60.20 21.60 390.62 9 34 2
58 94.33 87.59 42.01 332.36 23 33 1
59 76.21 52.84 43.14 106.29 0 20 1
60 39.69 14.58 31.46 285.69 13 16 2
61 4.32 39.55 48.91 100.70 0 35 2
62 97.71 90.14 12.60 94.96 11 28 2
63 63.40 3.50 40.87 321.09 17 31 1
64 53.84 6.40 39.60 141.66 21 34 1
65 94.41 37.18 48.26 490.54 11 42 2
66 98.44 56.35 5.25 169.50 20 30 2
67 33.83 25.24 45.02 56.96 13 40 2
68 81.03 91.06 31.56 61.21 23 28 2
69 16.38 29.94 3.80 183.90 10 22 2
70 14.11 75.45 29.39 444.30 13 37 1
71 82.95 59.94 31.38 160.86 16 42 1
72 65.34 84.49 23.94 497.30 21 37 1
73 27.39 5.24 18.90 327.58 5 31 2
74 67.02 67.82 6.26 330.05 23 34 2
75 91.05 10.57 49.68 333.57 23 31 2
76 36.35 90.98 22.80 107.72 3 41 1
77 8.25 36.98 27.45 176.76 15 29 2
78 10.19 13.53 48.80 92.17 15 15 2
79 49.56 3.44 44.89 302.03 22 29 1
80 74.71 16.78 16.98 406.71 22 40 2
81 81.58 56.28 33.93 443.81 17 43 2
82 75.45 38.21 31.61 74.42 3 37 2
83 2.79 79.14 1.09 457.24 1 42 2
84 25.81 48.36 49.31 327.14 21 38 2
85 76.25 33.12 44.97 336.88 12 34 2
86 10.57 57.02 21.19 148.22 9 22 1
87 47.23 38.88 14.15 299.38 1 32 1
88 54.66 9.33 20.20 332.68 15 45 2
89 83.61 13.23 7.68 152.92 9 29 2
90 34.30 62.41 34.26 196.23 5 40 1
91 13.83 66.78 28.28 302.19 18 28 2
92 20.83 71.01 45.23 359.62 12 38 2
93 88.09 85.04 42.62 77.03 22 44 2
94 20.13 79.33 24.52 58.24 4 40 2
95 72.16 94.21 18.60 252.47 6 10 2
96 91.44 20.63 13.43 334.98 4 4 1
97 4.34 69.42 42.12 361.89 5 32 1
98 94.85 40.19 44.25 50.81 1 29 2
99 90.20 3.29 29.05 240.24 4 23 1
100 14.23 9.34 42.09 443.44 13 43 2
101 6.10 99.61 3.52 453.74 23 30 2
102 86.61 74.55 16.53 466.06 19 40 1
103 61.47 56.23 40.86 456.36 1 39 1
104 62.48 11.45 32.12 248.36 10 30 2
105 63.68 73.01 20.90 234.63 9 29 1
106 5.68 17.15 49.13 416.38 13 24 2
107 58.78 48.32 39.12 374.54 20 41 1
108 52.63 93.04 16.36 271.46 16 18 1
109 3.05 23.18 6.18 139.25 15 34 1
110 52.46 68.83 45.02 428.23 23 39 2
111 88.94 83.98 40.74 193.09 13 28 2
112 66.70 52.45 3.87 99.71 18 23 2
113 52.24 80.61 2.15 399.07 14 35 1
114 22.46 35.88 48.35 182.20 6 33 2
115 69.29 7.13 19.38 308.96 2 14 2
116 24.24 37.95 42.41 374.57 20 25 1
117 49.36 32.72 21.26 472.36 14 38 2
118 6.47 39.00 45.59 238.15 3 7 1
119 56.70 55.43 24.36 359.61 19 26 2
120 65.60 47.10 32.18 319.98 24 31 1
121 15.18 91.29 28.94 399.48 20 30 1
122 70.47 29.06 8.01 370.91 9 30 1
123 28.66 33.58 29.97 241.40 0 11 1
124 3.03 72.84 29.36 463.62 14 42 1
125 18.95 10.77 16.80 189.68 11 47 2
126 13.94 29.36 1.20 393.61 15 20 1
127 72.78 86.59 16.09 384.08 14 14 1
128 1.75 7.88 1.49 322.53 14 40 1
129 48.53 50.19 38.95 117.50 15 38 1
130 93.78 81.83 32.08 178.15 13 16 2
131 69.12 49.19 3.69 448.25 8 39 1
132 70.36 84.32 45.67 193.87 9 41 2
133 62.21 62.48 36.45 380.78 24 29 1
134 13.93 59.50 27.02 373.37 24 42 2
135 77.06 75.72 29.65 460.79 3 13 1
136 52.76 43.94 46.63 142.84 4 11 2
137 60.45 60.83 10.66 225.63 19 27 1
138 42.54 50.32 22.79 337.24 12 22 2
139 15.85 89.84 45.96 495.29 19 21 2
140 64.02 33.81 23.37 451.73 15 25 2
141 48.36 58.40 3.22 68.66 22 28 1
142 28.00 74.47 8.81 392.22 10 12 1
143 56.81 19.40 41.78 158.53 2 31 1
144 67.34 35.81 48.65 454.51 19 39 1
145 81.79 87.07 35.54 110.32 17 36 1
146 10.49 14.62 14.28 408.44 16 28 1
147 26.79 88.44 35.01 454.02 14 23 2
148 27.85 45.81 12.66 369.11 22 29 2
149 78.54 71.70 24.75 258.33 23 24 1
150 75.53 3.81 18.07 190.41 2 40 2
151 20.68 34.06 23.06 444.61 22 46 2
152 5.78 45.64 5.24 224.30 1 41 2
153 71.39 84.54 20.63 363.84 21 29 2
154 94.59 34.50 34.15 243.51 24 35 1
155 37.24 7.20 37.09 381.48 19 45 1
156 57.76 83.86 18.72 93.80 1 41 1
157 31.88 82.97 21.52 284.80 13 45 1
158 22.97 13.25 0.29 426.85 23 43 1
159 42.25 7.91 27.27 77.47 7 7 1
160 25.82 57.63 11.31 462.80 1 37 2
161 11.81 16.14 30.60 433.84 9 28 1
162 83.32 10.77 13.25 330.12 15 37 2
163 77.15 83.42 22.33 460.76 9 47 1
164 28.55 6.48 35.29 386.33 18 25 2
165 43.47 62.64 18.75 372.28 18 22 2
166 30.00 4.01 41.55 228.48 20 48 1
167 61.74 56.73 49.37 160.52 16 44 1
168 73.83 28.54 28.28 227.13 3 12 2
169 99.49 56.66 3.98 376.81 0 47 1
170 3.23 92.84 19.33 381.30 19 21 2
171 78.94 44.92 24.54 394.88 22 48 2
172 19.56 57.54 43.67 259.38 4 10 2
173 61.78 65.99 43.87 466.18 0 28 1
174 75.25 12.91 42.24 156.88 2 13 2
175 76.15 14.50 42.02 174.91 13 43 1
176 32.99 97.92 47.68 94.76 10 45 2
177 62.58 43.37 19.24 392.61 13 46 2
178 64.01 76.07 10.84 100.47 5 30 2
179 51.61 90.18 42.68 470.99 22 25 1
180 40.07 94.55 45.86 359.85 0 8 1
181 37.42 20.64 9.19 358.53 4 29 2
182 14.62 59.98 36.53 53.44 13 39 2
183 56.98 74.32 8.88 411.95 24 24 1
184 55.34 15.11 38.51 434.08 8 11 1
185 77.66 84.68 5.44 196.15 7 35 2
186 9.54 23.18 42.20 319.18 6 41 1
187 12.56 90.19 44.71 343.23 1 14 2
188 55.37 29.84 39.68 121.29 4 27 2
189 30.86 61.92 47.14 255.41 8 25 1
190 13.41 28.24 39.97 345.76 3 29 1
191 32.99 87.20 19.65 357.07 17 47 1
192 52.68 42.74 27.06 489.77 19 45 1
193 58.44 84.87 23.40 82.65 1 36 1
194 68.59 67.96 32.24 399.78 9 21 2
195 42.42 95.47 2.90 59.00 16 33 2
196 41.07 53.84 12.54 369.38 21 42 2
197 61.22 69.91 30.97 136.07 2 47 2
198 98.98 45.79 21.63 492.40 0 43 2
199 47.06 27.90 37.18 173.03 10 44 2
200 21.41 5.50 0.30 261.71 8 35 2
201 48.57 86.92 49.92 448.10 3 11 1
202 21.95 60.57 4.89 457.34 10 13 2
203 12.41 26.15 22.77 147.70 17 37 1
204 82.46 86.08 32.23 159.90 14 37 1
205 74.33 90.23 7.35 106.84 5 29 1
206 59.92 87.80 46.15 119.46 0 25 1
207 60.87 54.91 47.70 170.32 0 3 2
208 69.18 15.32 7.83 210.44 6 23 1
209 2.69 16.44 31.61 68.36 13 34 1
210 6.91 79.76 30.06 165.15 13 44 2
211 92.07 26.47 35.06 166.37 6 6 1
212 25.95 91.44 14.96 360.24 16 48 1
213 80.72 32.87 34.84 72.21 8 28 2
214 72.20 7.45 26.92 296.95 7 17 1
215 26.66 16.21 12.78 371.56 4 46 2
216 1.32 51.12 40.75 82.19 5 8 2
217 20.84 95.27 0.60 480.44 18 40 1
218 27.68 46.90 37.80 215.07 23 28 2
219 76.66 65.84 43.90 453.70 2 23 2
220 35.65 92.74 18.31 490.52 21 40 1
221 71.39 8.44 24.33 215.61 24 26 1
222 98.38 71.51 27.58 157.05 10 25 1
223 32.95 26.00 38.74 143.72 3 6 1
224 91.01 92.17 11.91 428.18 20 37 1
225 3.36 66.93 32.68 206.34 24 34 1
226 11.75 84.90 32.53 166.13 18 34 2
227 8.32 27.23 10.34 390.19 20 30 2
228 60.58 87.27 6.50 240.65 11 34 2
229 23.38 34.74 25.19 271.12 20 40 1
230 31.69 48.01 3.67 499.08 16 46 2
231 71.28 97.20 41.89 69.57 2 19 2
232 72.58 61.13 28.30 260.37 21 34 2
233 35.59 91.51 17.67 250.95 14 40 2
234 39.31 51.28 36.93 156.78 16 23 1
235 37.25 99.53 41.51 362.14 19 44 1
236 96.75 83.29 32.40 211.07 4 32 2
237 68.33 73.22 21.20 476.69 0 19 2
238 87.01 26.64 1.15 81.55 20 34 1
239 14.94 83.91 37.72 179.17 21 32 2
240 29.76 74.22 26.32 147.54 14 33 2
241 50.27 79.24 46.71 77.60 22 38 1
242 4.70 14.17 47.10 261.80 17 37 1
243 88.95 5.89 20.43 74.43 17 29 2
244 92.71 29.00 6.94 200.60 1 27 1
245 24.04 43.23 21.36 421.06 24 43 1
246 10.33 18.83 0.48 477.51 17 31 2
247 92.60 34.36 43.33 258.34 3 21 1
248 45.37 4.14 8.22 172.96 3 30 2
249 63.92 54.36 38.98 484.16 10 48 1
250 29.98 80.43 29.13 183.50 24 43 1
251 89.96 91.21 5.13 125.91 16 32 1
252 50.19 54.35 9.95 84.65 16 34 2
253 65.77 9.44 34.05 345.73 1 8 1
254 49.59 95.29 22.39 319.63 12 32 2
255 3.40 76.86 3.63 120.14 16 21 1
256 96.66 54.54 39.91 375.21 9 40 1
257 46.57 70.94 30.28 81.04 19 39 1
258 70.79 28.96 8.96 461.17 0 40 1
259 89.58 91.43 48.84 243.58 1 30 1
260 77.99 4.19 42.07 473.91 17 46 1
261 0.19 47.65 37.39 482.36 11 34 2
262 64.98 74.68 44.72 264.34 4 30 1
263 70.10 82.76 12.52 364.43 18 44 1
264 66.86 86.03 32.38 291.56 2 33 1
265 99.01 75.99 4.64 260.16 8 11 1
266 31.17 13.38 23.91 434.02 14 47 2
267 99.22 25.01 9.64 361.49 22 45 1
268 90.16 0.46 22.05 102.04 19 29 1
269 53.31 16.97 46.26 404.46 23 42 2
270 40.63 54.93 10.93 193.44 14 35 2
271 19.00 96.55 37.29 333.07 19 43 1
272 49.67 99.79 46.56 147.45 22 43 1
273 24.81 50.59 22.61 335.10 4 47 1
274 31.51 83.92 17.25 372.80 13 31 1
275 5.17 82.83 37.84 480.74 18 29 2
276 74.41 7.88 38.13 342.15 6 23 1
277 81.87 95.65 5.26 202.38 16 47 1
278 72.96 60.50 27.97 164.10 6 19 1
279 7.75 27.08 24.52 173.90 7 20 2
280 16.34 51.86 2.25 495.11 7 41 1
281 99.63 54.58 15.51 311.79 7 46 1
282 2.06 76.82 4.42 345.45 16 16 2
283 24.67 51.96 1.92 376.82 14 30 1
284 13.16 33.40 42.44 292.41 15 24 2
285 6.06 10.82 17.55 125.62 23 42 2
286 25.73 78.34 3.36 440.72 15 35 1
287 44.05 49.65 1.03 154.73 18 35 2
288 49.74 45.38 44.79 180.16 16 46 1
289 24.75 33.15 13.01 382.50 19 39 1
290 1.20 98.62 21.56 331.20 4 5 2
291 78.88 68.19 38.38 229.07 16 30 1
292 27.42 40.18 13.30 166.55 13 24 1
293 95.53 21.74 23.85 234.77 9 42 1
294 30.07 8.79 17.27 57.92 12 23 2
295 21.92 59.29 48.17 192.51 19 24 2
296 98.91 93.04 38.32 488.12 5 45 2
297 83.61 77.26 1.09 248.18 3 19 2
298 65.70 22.71 1.52 62.75 21 43 1
299 34.92 83.02 46.15 409.64 6 17 2
300 22.23 6.46 49.06 494.27 19 46 1
301 19.54 31.61 18.33 340.02 5 29 1
302 32.13 10.59 41.04 154.01 9 34 1
303 30.23 11.58 21.30 488.82 3 11 2
304 30.07 39.41 12.64 199.08 9 37 1
305 36.37 50.33 25.64 199.89 6 36 1
306 28.92 1.58 30.99 406.81 23 33 2
307 1.68 73.93 32.98 392.46 16 23 1
308 32.24 6.21 35.35 328.39 6 43 2
309 48.45 67.73 13.76 124.51 20 28 2
310 18.50 75.40 9.19 465.06 14 47 1
311 47.86 66.95 41.23 483.36 15 47 2
312 34.26 90.41 33.91 368.48 10 32 1
313 3.52 27.48 40.72 270.33 19 44 1
314 80.10 86.70 1.79 385.14 18 31 1
315 50.43 4.92 45.46 234.64 3 9 1
316 72.11 31.24 21.46 89.26 10 19 2
317 52.34 84.68 34.26 175.24 10 44 1
318 33.44 42.18 19.14 414.04 12 24 2
319 59.56 9.13 21.05 229.27 10 37 1
320 18.39 45.05 1.16 493.39 8 18 1
321 28.00 62.08 19.50 473.05 1 40 1
322 15.92 35.91 40.72 337.91 23 48 1
323 15.47 92.71 40.73 115.71 19 24 2
324 21.26 24.74 49.37 467.04 18 19 1
325 93.12 6.95 33.91 299.43 7 7 2
326 54.52 74.20 27.87 206.12 15 40 2
327 48.11 73.02 25.93 392.87 5 22 2
328 82.35 92.70 11.07 351.89 13 23 1
329 86.40 21.19 10.81 142.99 3 17 1
330 9.85 67.09 1.08 102.53 9 48 1
331 61.03 21.88 13.60 192.34 16 22 1
332 4.19 64.84 1.44 228.21 9 45 2
333 24.22 22.38 3.52 222.48 9 35 2
334 84.21 63.04 25.85 410.95 12 19 1
335 87.82 81.72 21.22 384.90 3 12 1
336 30.24 16.83 3.25 332.48 8 13 2
337 19.27 50.11 30.52 95.93 13 15 2
338 32.62 63.19 17.05 347.57 1 29 2
339 57.51 19.53 12.87 116.32 10 39 2
340 81.95 33.13 19.59 422.72 18 30 1
341 74.83 99.55 23.46 150.23 18 34 1
342 75.66 57.68 36.07 449.60 0 25 2
343 36.04 4.97 21.13 129.21 17 23 1
344 13.73 34.54 48.80 413.64 23 35 2
345 9.15 7.17 47.33 94.80 6 22 2
346 89.47 86.95 19.98 294.33 7 41 1
347 15.06 41.03 35.04 61.23 12 29 2
348 38.35 91.94 16.35 133.81 13 29 1
349 11.61 30.55 2.07 441.71 11 41 2
350 29.89 5.33 27.94 206.33 5 46 2
351 95.77 42.73 7.41 127.43 0 48 2
352 70.87 37.21 10.00 243.25 9 36 2
353 19.85 89.67 4.09 306.23 3 17 1
354 86.23 94.11 22.67 271.16 6 28 1
355 52.61 26.94 39.15 85.89 4 5 1
356 70.08 39.77 39.19 271.05 4 16 1
357 5.74 57.57 26.31 310.50 13 34 1
358 66.94 63.15 10.76 418.14 21 30 2
359 46.50 66.86 48.15 192.24 12 20 2
360 45.20 98.99 1.82 465.77 12 16 1
361 60.98 5.84 18.33 218.29 16 32 2
362 77.90 91.80 14.42 465.81 22 40 1
363 76.72 2.24 1.35 350.80 16 27 2
364 35.51 68.22 45.20 104.83 12 19 2
365 6.39 43.77 48.34 387.87 20 24 2
366 80.97 60.96 35.82 396.44 24 36 2
367 52.31 89.03 48.70 228.64 20 29 1
368 3.05 55.89 46.93 419.15 1 9 1
369 32.21 75.49 40.94 219.59 12 30 2
370 89.66 59.75 19.49 234.56 23 42 1
371 37.29 26.67 49.21 389.48 4 19 2
372 72.20 77.26 48.42 250.34 10 37 2
373 91.34 62.69 17.49 94.17 12 41 1
374 49.22 15.66 20.01 250.09 2 39 2
375 16.80 6.15 46.68 153.57 8 9 1
376 98.84 58.30 16.94 414.91 10 42 1
377 51.33 56.93 35.79 465.77 23 42 1
378 24.40 5.78 3.13 108.33 24 37 1
379 56.57 39.25 0.68 262.58 22 30 2
380 69.51 72.66 33.53 53.25 8 28 1
381 1.58 42.38 0.32 236.77 24 43 1
382 11.70 42.38 18.85 209.13 2 27 1
383 90.74 40.28 0.58 481.54 1 13 1
384 11.68 2.44 15.41 379.16 2 12 2
385 8.64 21.35 48.56 478.92 22 34 2
386 0.24 4.67 4.13 97.11 13 22 2
387 67.96 6.53 7.74 454.64 17 27 1
388 37.77 39.21 20.76 415.10 1 26 1
389 60.41 57.61 28.16 211.30 18 37 2
390 98.75 68.52 38.18 427.45 10 36 1
391 19.52 20.88 4.26 306.12 8 27 2
392 12.35 60.29 5.73 391.39 6 40 2
393 92.05 33.26 48.39 433.59 22 29 1
394 77.95 95.70 26.10 442.92 23 43 1
395 90.10 71.91 25.18 483.73 14 32 2
396 27.17 53.31 36.22 405.22 20 26 1
397 11.56 75.85 26.22 161.67 2 9 1
398 27.62 50.91 29.34 333.07 5 17 1
399 86.43 70.16 46.32 90.31 5 28 2
400 31.07 30.48 30.45 147.09 5 42 1
401 54.70 41.67 18.23 144.39 3 20 1
402 0.37 2.04 27.85 364.08 9 23 1
403 67.82 44.04 18.64 462.62 0 25 2
404 22.80 59.99 45.28 140.96 7 11 2
405 33.27 28.50 32.18 353.21 19 39 2
406 85.21 75.55 47.82 245.47 14 15 2
407 68.52 69.57 28.84 275.92 12 15 2
408 28.33 51.34 36.79 294.02 19 26 2
409 96.56 98.71 46.20 317.27 9 44 2
410 85.75 23.96 14.73 122.52 17 42 2
411 41.26 18.44 36.09 456.04 5 40 2
412 61.39 17.22 11.11 205.40 19 35 2
413 80.36 85.56 43.27 320.16 14 41 1
414 54.38 34.92 19.43 317.04 3 10 2
415 9.48 98.58 0.55 160.36 11 47 1
416 44.68 93.87 36.02 185.30 10 13 1
417 27.86 42.83 12.94 193.28 12 28 2
418 87.26 20.48 5.68 411.85 8 41 1
419 96.60 85.66 36.98 196.56 2 33 1
420 40.82 84.43 18.64 294.50 20 24 1
421 90.22 69.97 29.03 61.99 4 13 1
422 96.54 32.34 31.87 464.53 3 39 1
423 94.75 3.14 43.47 426.72 20 47 2
424 66.83 56.36 20.64 50.74 20 25 2
425 50.90 26.13 17.90 201.29 4 22 2
426 44.95 55.94 45.99 156.86 11 17 2
427 15.08 59.35 22.86 165.47 22 44 2
428 23.65 93.47 14.99 363.50 6 10 1
429 5.68 57.69 9.55 225.07 6 32 2
430 25.39 45.40 2.02 233.14 9 16 1
431 18.53 41.23 33.96 275.95 11 43 1
432 90.97 43.21 2.39 431.42 20 22 2
433 86.01 14.65 20.32 251.12 2 14 2
434 40.73 81.39 28.23 277.97 18 26 2
435 91.09 69.60 23.00 423.78 15 37 1
436 44.42 46.06 25.69 109.88 11 38 1
437 27.74 24.67 48.69 115.62 20 24 1
438 42.67 33.69 10.73 299.52 7 16 2
439 24.31 14.96 40.40 388.85 2 42 1
440 79.28 17.49 5.03 62.38 16 19 1
441 54.50 82.77 0.76 361.83 5 38 2
442 35.47 13.33 9.46 345.37 23 36 2
443 90.83 5.78 25.70 198.24 14 16 2
444 74.35 2.14 0.32 457.46 14 45 2
445 83.90 0.03 38.21 458.18 16 38 2
446 25.20 99.12 9.98 347.86 7 29 1
447 19.65 15.11 31.18 134.27 3 26 2
448 25.39 57.94 42.89 430.46 12 29 1
449 58.75 86.25 5.83 450.19 17 37 2
450 27.93 81.01 48.19 353.57 11 34 1
451 12.35 64.47 34.38 201.96 3 37 2
452 55.59 65.99 7.28 335.03 1 1 2
453 84.73 57.58 5.22 395.87 10 39 1
454 33.90 80.52 34.98 289.37 11 38 1
455 16.35 34.16 6.88 53.77 3 44 2
456 37.77 29.67 39.09 267.19 10 30 2
457 97.35 83.67 17.45 224.59 8 37 2
458 4.80 7.10 42.28 315.65 13 39 1
459 71.46 5.24 29.03 335.56 7 35 2
460 98.35 27.81 44.38 67.39 21 23 2
461 53.97 59.17 24.46 67.00 2 10 1
462 96.03 32.00 12.96 203.05 20 32 1
463 72.05 59.47 28.42 130.76 5 20 1
464 23.04 89.30 14.08 223.70 15 35 2
465 10.87 22.10 19.09 217.57 21 24 1
466 26.75 84.85 42.32 335.20 4 39 1
467 28.84 77.55 2.07 242.63 6 35 1
468 61.51 73.04 13.61 448.43 14 35 1
469 74.53 76.71 13.95 89.50 5 33 1
470 58.65 79.15 28.04 468.13 7 12 1
471 29.76 6.34 9.31 127.54 5 18 1
472 11.21 9.07 9.62 185.12 2 21 1
473 42.00 8.22 10.36 379.27 21 43 2
474 24.77 80.85 24.26 358.79 11 22 1
475 60.89 55.89 1.55 297.47 16 41 2
476 70.36 0.47 13.25 452.06 8 37 1
477 36.03 97.07 12.80 319.71 11 17 2
478 61.68 16.23 47.07 468.98 22 33 1
479 64.08 19.86 9.57 390.46 16 47 1
480 4.44 48.00 23.96 442.77 15 19 2
481 39.75 25.77 12.11 471.83 2 4 2
482 88.28 62.84 38.00 480.65 20 23 2
483 1.45 77.08 43.54 286.32 20 31 2
484 24.31 24.04 0.03 434.49 20 45 2
485 17.20 58.25 35.58 94.93 21 45 2
486 69.78 75.53 45.67 320.94 10 36 1
487 85.36 37.47 30.75 268.79 8 25 1
488 34.49 8.25 46.34 451.11 6 16 2
489 52.10 82.10 27.05 380.69 8 24 1
490 61.43 23.84 37.45 152.67 4 42 1
491 56.29 71.55 1.78 418.12 5 41 1
492 66.11 3.79 0.88 240.68 0 27 2
493 33.53 0.97 42.22 113.20 1 15 1
494 62.26 55.45 14.35 416.92 7 20 1
495 91.09 20.51 27.38 338.67 1 1 1
496 68.03 11.12 23.05 364.21 23 25 2
497 23.40 63.87 9.26 476.52 23 40 1
498 93.58 79.83 38.23 373.37 0 42 1
499 26.88 55.53 25.29 229.27 19 44 2
500 79.36 63.57 41.12 361.65 24 44 2
1 187.17 3565.58 1
2 196.73 4112.06 2
1 1.46 25.33 2
2 1.77 25.87 1
3 1.24 30.10 1
4 1.54 29.75 1
5 1.62 37.25 1
6 1.72 27.95 1
7 1.78 39.26 1
