Data for Vehicle routing problem with drones - Author: Huyen Do Thi Ngoc
Number of depots: 3
Number of cities: 300
Number of trucks: 4
Number of drones: 13
Area: 100 100 50
Customer maximum demand: 500
Max capacity of truck: 200
Max energy of truck: 5000
Max capacity of drone: 2
Max energy of drone: 50
1 75.50 78.68 11.26
2 53.15 20.47 32.36
3 67.07 76.82 7.14
1 26.78 1.29 1.68 165.36 1 16 1
2 1.55 95.98 12.84 428.61 14 26 1
3 12.06 65.53 9.56 81.55 3 30 3
4 47.65 22.44 24.37 244.99 18 45 1
5 52.33 94.88 37.17 86.01 12 13 2
6 19.47 51.44 15.09 65.95 19 23 3
7 95.53 9.22 40.37 116.03 11 28 3
8 93.52 42.28 13.25 304.90 13 31 1
9 70.39 23.98 16.58 126.87 20 23 3
10 17.83 96.44 19.57 245.85 23 26 1
11 98.39 0.29 7.30 355.01 14 17 1
12 55.27 26.15 15.73 96.60 2 21 2
13 48.90 67.90 8.92 64.57 15 41 3
14 31.54 64.14 7.78 452.73 14 20 3
15 67.52 67.47 30.70 160.58 20 46 3
16 34.11 23.88 23.75 473.09 10 40 2
17 6.42 67.31 32.39 425.80 19 39 2
18 81.82 33.25 14.47 210.91 15 31 3
19 49.88 12.84 45.70 258.73 13 48 1
20 77.12 47.80 33.91 262.97 13 22 3
21 20.40 88.79 35.84 454.45 18 37 3
22 78.09 48.88 42.56 326.05 15 40 1
23 22.58 83.82 18.86 157.55 7 15 2
24 4.27 65.37 30.88 307.22 0 46 1
25 40.72 95.07 45.35 283.12 0 1 3
26 25.87 43.40 8.02 319.60 1 29 2
27 5.78 4.18 5.05 267.36 22 24 3
28 93.92 89.02 33.38 89.77 1 1 2
29 30.82 14.48 11.45 453.60 17 44 1
30 21.16 69.66 38.02 483.08 15 21 1
31 12.17 35.61 44.78 146.24 24 47 1
32 57.90 91.20 43.55 162.13 0 34 1
33 73.67 51.76 43.46 65.11 17 22 3
34 3.44 44.01 42.19 187.25 13 28 1
35 58.58 5.95 21.30 246.74 9 28 2
36 59.41 70.67 45.67 299.18 10 13 2
37 94.47 5.03 13.86 238.34 9 16 2
38 11.10 18.47 40.72 423.85 15 43 3
39 56.59 13.11 30.37 273.88 12 13 3
40 35.97 29.74 48.89 226.13 13 20 2
41 93.75 47.94 39.34 168.89 6 12 3
42 92.63 16.02 16.94 235.24 21 36 1
43 90.17 89.59 9.40 121.87 1 32 2
44 85.75 42.01 31.02 272.29 0 44 2
45 67.15 38.66 13.85 353.13 16 26 3
46 49.74 14.70 24.27 404.96 18 23 1
47 24.89 5.85 12.98 355.73 3 47 1
48 74.90 72.83 38.69 414.33 10 39 1
49 72.22 97.18 33.69 182.83 13 14 2
50 50.77 1.27 21.29 143.69 10 22 1
51 53.09 19.36 2.52 308.76 19 47 3
52 78.02 19.02 1.16 384.08 6 15 1
53 89.10 79.90 0.03 302.18 15 27 2
54 10.43 41.23 6.47 215.09 21 46 3
55 71.28 56.17 38.12 258.27 10 43 3
56 51.07 96.51 11.93 92.59 24 46 2
57 14.62 42.23 39.91 256.95 3 39 3
58 18.98 46.84 17.04 155.28 15 16 2
59 16.81 76.82 34.95 376.76 1 38 2
60 76.65 75.24 40.59 276.64 23 25 2
61 77.57 59.72 21.12 205.75 3 19 1
62 99.83 50.46 47.28 307.58 23 24 2
63 65.55 8.48 40.33 155.94 19 22 3
64 95.13 49.36 9.61 105.40 6 48 1
65 19.27 38.90 35.98 368.13 0 2 1
66 81.28 60.64 21.59 97.79 15 15 3
67 46.41 80.98 25.64 262.31 23 25 1
68 35.12 90.48 25.90 172.47 8 32 3
69 1.58 82.93 29.04 430.59 23 35 3
70 30.50 94.57 26.13 249.84 10 15 3
71 66.32 56.01 45.08 417.16 20 28 1
72 13.29 50.28 15.38 414.14 1 32 1
73 77.39 69.87 21.79 189.29 0 46 3
74 85.57 22.66 18.79 451.58 18 45 1
75 50.38 7.37 33.88 324.25 2 9 2
76 87.77 72.30 15.55 382.65 4 40 3
77 69.58 8.32 40.99 476.48 6 29 1
78 79.87 78.40 40.93 258.00 12 19 1
79 37.78 9.24 32.64 277.37 12 43 2
80 93.17 76.06 10.37 159.70 23 44 2
81 57.84 91.67 37.82 59.54 21 29 3
82 78.07 27.88 1.80 372.26 15 37 1
83 18.32 32.67 9.28 182.52 19 48 3
84 42.37 90.85 21.47 172.69 10 40 1
85 89.01 47.41 3.13 104.64 2 16 3
86 3.17 74.23 10.83 331.15 4 46 1
87 7.23 16.37 14.94 455.66 4 45 3
88 77.93 94.98 38.12 197.62 2 48 2
89 59.66 4.18 26.69 360.43 4 15 3
90 75.82 1.01 17.34 398.54 11 21 1
91 14.72 12.88 23.03 210.07 7 9 2
92 44.32 1.26 38.69 447.85 13 39 1
93 55.85 80.53 31.72 232.26 9 47 1
94 37.13 42.61 6.23 412.56 17 22 3
95 87.90 87.39 5.96 478.03 24 48 1
96 31.51 74.84 5.67 293.23 19 38 1
97 53.50 40.58 8.10 421.09 8 12 1
98 33.29 45.86 33.70 316.87 16 44 2
99 89.43 97.57 43.79 380.32 10 38 2
100 68.83 22.12 10.18 60.59 12 12 3
101 43.64 84.11 41.73 452.30 21 34 2
102 26.52 63.97 12.19 457.55 11 32 2
103 84.09 36.14 22.85 377.18 24 39 2
104 38.27 62.75 13.14 142.04 10 18 3
105 63.41 65.72 43.65 58.93 20 35 2
106 21.61 49.99 45.61 311.64 11 31 1
107 46.73 17.30 24.75 405.62 4 17 1
108 61.49 45.63 40.63 265.34 20 33 3
109 13.42 28.28 18.96 327.04 11 12 1
110 87.46 0.47 48.14 398.66 13 47 1
111 79.80 97.51 12.69 129.63 9 39 3
112 92.14 32.59 37.15 495.43 19 44 2
113 14.19 99.86 35.86 267.18 7 30 3
114 80.96 40.34 11.09 358.67 9 47 3
115 47.98 89.73 15.87 398.07 22 23 1
116 76.58 29.38 29.11 159.35 0 48 1
117 26.87 44.44 0.60 143.66 14 32 2
118 55.03 72.90 30.73 233.63 23 33 1
119 3.07 87.79 10.78 458.71 14 17 1
120 95.97 87.47 38.25 338.61 17 35 3
121 1.63 50.63 8.13 353.43 13 16 1
122 77.07 61.15 32.87 177.15 1 37 3
123 16.96 46.81 45.85 130.34 16 20 1
124 45.49 93.10 25.95 457.40 1 32 2
125 83.15 73.11 34.65 381.94 24 45 3
126 43.90 23.56 1.90 324.01 22 25 1
127 42.10 71.46 35.77 292.73 16 30 1
128 45.89 70.47 34.35 455.32 0 28 1
129 70.61 1.89 18.56 138.11 12 37 1
130 45.97 32.10 25.56 247.72 15 39 3
131 44.30 93.65 13.97 359.58 13 42 3
132 69.78 99.79 8.27 97.39 17 39 3
133 27.37 21.00 20.17 249.19 2 12 1
134 12.88 68.59 12.95 487.81 2 21 3
135 17.31 60.09 16.86 416.50 21 47 3
136 36.22 36.72 5.10 117.73 6 42 3
137 28.23 19.10 38.52 260.45 23 29 1
138 32.12 90.44 23.59 238.58 10 19 1
139 41.81 43.78 2.02 422.37 12 17 3
140 34.44 55.75 21.84 269.20 18 31 2
141 6.87 25.79 9.59 56.35 3 30 2
142 37.91 55.98 2.30 450.76 21 47 3
143 17.96 20.64 27.12 349.51 13 42 1
144 55.00 16.11 46.63 436.00 3 22 1
145 70.75 41.77 37.17 467.42 5 5 3
146 68.50 5.81 46.91 82.82 22 29 2
147 61.64 10.35 39.66 195.33 10 30 1
148 23.60 72.22 7.25 400.93 21 36 1
149 19.11 15.64 25.50 95.75 22 28 2
150 59.84 4.02 26.46 456.61 20 22 2
151 5.14 1.73 28.49 161.29 18 39 1
152 67.32 33.99 24.32 404.22 18 46 2
153 52.69 51.97 17.22 444.98 14 31 3
154 56.55 33.98 36.09 286.05 19 41 2
155 65.37 89.75 9.65 438.36 0 24 3
156 79.22 1.90 45.93 433.44 22 45 2
157 31.54 20.43 47.83 158.07 12 28 3
158 97.62 32.67 12.83 366.34 5 43 1
159 45.14 33.14 36.13 209.62 21 30 1
160 88.10 66.39 8.86 202.64 9 45 1
161 95.92 23.67 29.38 297.44 7 27 2
162 38.12 86.48 48.47 255.53 14 34 1
163 31.17 38.48 13.87 313.08 21 46 1
164 55.39 62.68 25.57 65.30 17 27 1
165 31.32 53.63 49.80 114.52 3 39 2
166 11.86 75.60 0.95 300.10 6 44 2
167 73.13 50.31 25.71 181.19 8 41 2
168 96.90 98.17 46.74 264.42 13 24 1
169 95.02 15.63 26.49 193.48 12 30 1
170 92.18 41.85 7.93 55.13 9 44 2
171 28.74 97.98 47.80 181.81 3 19 3
172 40.36 17.64 8.60 163.62 24 39 2
173 48.14 24.31 47.46 383.88 18 46 1
174 41.64 3.54 42.20 407.24 23 32 3
175 60.63 89.77 47.41 475.07 24 25 1
176 86.10 73.06 44.04 62.34 7 19 2
177 98.34 50.41 4.98 486.84 10 19 1
178 47.17 81.06 29.48 140.43 0 14 2
179 77.21 68.02 47.61 353.36 6 41 1
180 33.27 55.44 0.80 193.70 19 42 3
181 96.14 51.92 43.56 123.93 14 25 2
182 36.74 25.29 37.12 111.35 6 24 2
183 91.55 18.11 14.48 123.76 14 34 2
184 6.57 39.49 41.85 112.73 12 21 1
185 50.47 18.35 19.64 118.03 20 41 2
186 22.54 18.47 41.90 270.34 10 20 2
187 96.05 34.72 15.71 69.26 6 29 1
188 59.29 52.54 21.10 99.68 5 20 3
189 12.28 21.61 8.50 227.21 5 9 3
190 64.07 54.01 43.24 386.78 9 33 3
191 4.86 54.46 35.70 207.73 15 30 2
192 39.43 96.88 11.55 393.16 24 46 1
193 42.15 42.12 45.37 82.88 12 30 1
194 40.18 70.06 3.73 62.47 5 40 3
195 90.57 8.66 48.31 424.44 20 26 2
196 91.66 95.98 49.90 374.18 5 33 2
197 70.09 10.63 32.70 364.83 6 16 1
198 39.88 51.90 20.34 474.94 14 26 3
199 33.56 9.94 45.03 346.14 19 25 1
200 84.11 91.97 1.46 296.68 18 32 1
201 65.42 83.84 13.27 124.38 5 33 2
202 15.37 5.64 22.14 289.25 7 39 3
203 7.31 80.79 6.23 417.61 17 18 1
204 76.81 14.78 18.60 143.11 5 26 2
205 69.52 9.92 28.08 436.23 22 38 2
206 82.00 36.77 38.39 322.95 23 25 3
207 98.87 3.08 17.51 58.31 8 8 2
208 72.29 4.62 47.16 192.67 6 23 3
209 46.79 86.62 45.21 479.23 20 42 2
210 99.78 33.41 43.08 260.59 11 12 2
211 30.09 21.96 30.23 300.12 2 22 2
212 70.38 35.11 6.25 432.20 5 19 1
213 5.91 57.82 10.51 264.08 14 22 3
214 97.04 94.09 40.16 130.10 9 24 1
215 19.29 59.45 14.21 363.66 0 41 2
216 69.08 31.09 31.65 270.40 18 40 3
217 42.92 93.25 11.48 131.57 19 29 3
218 82.98 12.09 2.37 198.17 14 21 1
219 30.32 63.07 36.62 474.86 1 27 1
220 50.23 15.38 4.85 175.17 12 32 1
221 3.52 60.87 18.96 257.84 8 34 3
222 63.81 7.27 33.78 212.03 2 35 2
223 78.49 90.24 19.97 249.50 18 28 3
224 69.57 28.61 5.40 277.92 10 36 2
225 97.78 43.36 3.98 98.14 11 29 3
226 99.09 48.57 31.72 436.54 19 43 1
227 18.68 81.07 43.16 102.45 3 47 3
228 58.75 79.00 32.32 304.73 5 26 3
229 30.13 8.27 16.72 68.46 20 28 1
230 33.80 70.10 47.17 381.48 0 16 2
231 20.84 44.40 23.79 363.38 18 31 1
232 65.74 26.61 26.28 373.21 21 48 3
233 54.49 94.27 16.73 246.88 20 30 2
234 11.00 96.25 40.68 490.82 14 27 2
235 43.56 32.32 1.80 309.07 6 14 3
236 54.01 46.57 17.14 189.51 17 28 3
237 80.79 52.29 15.44 369.60 1 27 3
238 73.97 27.65 21.57 456.81 13 22 2
239 8.70 16.71 31.12 346.99 17 18 2
240 33.58 16.43 19.25 171.69 3 29 3
241 16.99 50.30 0.93 380.41 20 32 2
242 86.85 23.78 8.11 111.63 0 15 2
243 47.62 83.54 1.18 160.29 10 20 1
244 63.16 6.76 18.17 384.24 16 35 1
245 99.29 57.89 29.14 71.90 10 42 1
246 35.68 73.80 47.30 299.05 8 26 2
247 41.14 7.03 17.53 81.10 13 46 3
248 63.54 99.43 31.35 170.63 22 24 1
249 86.09 7.37 23.23 304.24 21 24 2
250 43.74 69.74 7.72 176.83 3 22 2
251 56.12 44.75 11.98 195.98 6 29 3
252 84.62 47.39 38.06 281.08 4 4 2
253 16.96 3.70 48.35 488.32 1 42 1
254 97.04 19.86 36.52 486.42 7 10 2
255 63.63 72.42 5.51 305.41 19 38 3
256 66.36 90.10 45.33 104.33 11 42 1
257 40.27 25.23 30.09 178.10 19 22 2
258 28.38 50.36 37.46 145.62 6 22 3
259 66.48 88.78 12.90 131.50 9 22 2
260 74.64 13.04 31.17 95.01 14 27 1
261 54.21 55.24 2.62 134.22 16 46 2
262 50.93 58.66 26.49 90.67 7 30 3
263 82.48 83.34 38.07 336.07 9 27 1
264 83.40 15.29 26.83 390.24 8 34 3
265 87.23 6.75 47.16 211.76 23 27 2
266 97.42 73.12 15.36 434.78 10 15 3
267 33.85 62.89 20.32 143.45 10 17 3
268 76.53 77.94 40.09 124.73 20 24 3
269 10.53 86.06 43.07 308.71 22 31 2
270 58.45 31.82 10.12 312.49 11 27 2
271 19.01 89.77 18.90 438.40 23 39 3
272 34.82 24.80 47.57 206.86 0 46 1
273 7.15 59.66 45.19 404.39 1 38 1
274 68.46 62.14 19.90 123.19 5 40 1
275 66.54 97.51 22.33 229.54 21 21 2
276 89.17 18.47 11.66 230.12 17 25 1
277 40.66 18.15 38.99 395.35 16 21 2
278 88.83 16.31 5.66 65.44 17 21 3
279 48.70 51.39 3.88 432.54 16 45 2
280 79.10 7.90 45.93 320.24 15 27 1
281 36.85 29.73 22.38 356.69 13 13 1
282 41.70 66.05 10.15 271.81 13 44 3
283 39.65 4.84 42.79 494.71 11 38 2
284 43.18 43.17 11.14 412.20 6 40 1
285 64.65 71.99 22.03 470.99 3 39 3
286 32.59 51.89 25.88 398.55 24 48 3
287 9.98 87.65 27.57 397.15 4 47 3
288 10.02 83.21 14.78 379.00 19 45 1
289 17.26 93.93 17.96 312.47 10 29 2
290 38.38 77.77 8.39 281.99 17 23 3
291 61.67 24.11 7.97 316.98 9 31 1
292 12.38 81.26 1.90 58.81 18 28 2
293 96.13 31.71 23.96 198.53 15 21 3
294 9.96 45.95 23.98 328.10 16 48 2
295 68.44 48.26 11.35 53.41 2 24 3
296 97.50 6.92 6.78 293.97 10 13 3
297 71.22 96.87 30.51 200.08 8 18 3
298 56.40 76.15 23.23 265.47 14 36 1
299 23.94 90.09 49.00 92.00 20 33 3
300 32.84 13.20 39.83 193.66 12 40 2
1 155.16 4819.54 1
2 162.53 2705.88 2
3 100.33 3749.40 3
4 133.39 4728.13 2
1 1.15 41.37 1
2 1.51 39.73 3
3 1.07 36.03 3
4 1.89 37.41 1
5 1.96 49.35 2
6 1.36 48.61 1
7 1.03 43.59 2
8 1.83 33.10 1
9 1.74 42.80 1
10 1.33 40.29 3
11 1.63 43.59 4
12 1.36 26.35 4
13 1.11 41.29 2
