Data for Vehicle routing problem with drones - Author: Huyen Do Thi Ngoc
Number of depots: 5
Number of cities: 200
Number of trucks: 6
Number of drones: 15
Area: 100 100 50
Customer maximum demand: 500
Max capacity of truck: 200
Max energy of truck: 5000
Max capacity of drone: 2
Max energy of drone: 50
1 24.63 24.51 43.29
2 89.64 96.34 37.19
3 75.55 58.85 13.53
4 73.14 21.14 49.37
5 88.91 63.00 37.56
1 81.45 67.97 37.79 396.76 15 17 4
2 90.12 68.45 2.12 396.27 8 23 5
3 86.51 38.55 6.99 132.85 18 29 2
4 15.02 0.56 2.31 329.55 9 48 5
5 92.74 46.09 42.68 303.19 13 39 5
6 34.74 14.13 46.31 135.12 17 45 4
7 30.70 71.28 23.09 55.74 1 42 1
8 17.65 17.04 45.81 125.68 19 37 5
9 84.65 0.22 39.56 218.21 17 19 4
10 89.10 55.14 40.49 200.19 24 36 5
11 44.40 18.02 37.09 320.43 6 24 3
12 70.55 50.95 22.40 85.91 4 6 5
13 7.45 18.20 48.44 449.36 22 42 5
14 42.36 94.62 43.15 301.90 10 31 4
15 88.12 81.50 40.54 132.37 12 34 5
16 85.09 88.73 27.29 375.02 9 23 3
17 2.68 52.99 3.86 140.55 12 16 5
18 43.71 39.70 21.30 381.41 10 25 1
19 14.62 99.99 47.31 277.99 12 29 3
20 16.73 55.10 35.77 355.95 6 10 5
21 91.00 66.03 5.96 153.59 14 41 2
22 87.04 30.61 48.21 193.66 7 21 5
23 78.13 44.06 46.54 269.77 17 31 2
24 22.27 64.07 46.24 412.94 18 23 2
25 69.47 80.14 7.34 379.48 17 22 1
26 94.25 21.39 25.38 138.27 2 28 5
27 67.50 7.68 45.26 397.34 16 16 3
28 13.75 31.57 4.53 493.86 7 12 1
29 2.95 0.32 4.70 481.95 12 47 5
30 2.83 94.57 13.62 478.94 0 23 2
31 14.39 37.01 19.93 231.40 9 14 5
32 88.22 89.70 24.45 413.49 2 41 2
33 87.46 25.29 13.00 328.95 12 38 2
34 67.93 84.06 5.40 356.85 12 34 2
35 32.34 29.13 18.20 464.00 20 38 1
36 39.31 43.10 5.05 282.86 11 19 1
37 1.03 32.95 23.43 218.08 4 24 4
38 40.62 9.18 13.49 75.94 14 18 5
39 9.68 50.00 40.33 460.23 22 39 5
40 7.08 62.18 25.73 485.68 17 24 5
41 51.55 22.50 39.63 342.67 10 34 3
42 25.80 14.22 40.55 289.65 6 8 4
43 87.64 80.20 47.41 306.84 21 27 3
44 33.07 9.58 35.03 303.94 15 24 5
45 6.59 44.29 7.48 326.45 17 47 3
46 71.51 1.17 20.96 418.33 16 42 3
47 82.01 98.05 13.24 89.57 14 28 2
48 79.30 14.94 30.59 63.94 22 46 4
49 79.08 71.28 22.60 85.53 23 25 3
50 70.46 18.86 27.14 61.67 9 19 5
51 69.49 9.84 7.31 347.70 15 15 3
52 42.51 41.98 0.61 110.75 20 46 3
53 39.61 45.12 37.53 247.36 13 22 5
54 16.79 79.99 34.31 160.16 8 19 4
55 40.87 44.13 33.44 378.82 0 16 5
56 6.75 11.33 25.03 191.68 9 32 3
57 15.47 11.30 39.87 450.35 5 47 5
58 67.18 64.44 37.42 250.71 22 48 3
59 71.49 99.92 11.53 317.40 21 21 2
60 77.75 38.46 45.34 488.20 4 31 5
61 32.82 76.39 12.58 185.07 15 46 5
62 93.35 16.19 13.14 71.29 16 25 5
63 90.94 13.31 23.24 66.63 21 39 5
64 11.75 71.19 8.74 130.31 14 18 3
65 57.65 65.55 37.67 62.05 12 41 5
66 53.44 97.07 11.60 429.34 20 34 2
67 60.59 37.93 39.40 406.56 23 40 4
68 78.65 50.15 13.99 368.58 13 32 3
69 6.43 74.74 5.23 480.05 8 15 3
70 46.40 66.00 45.92 416.64 16 30 2
71 78.96 17.60 23.31 220.43 12 18 3
72 67.52 75.05 0.21 271.60 12 14 3
73 64.89 17.96 21.27 260.56 13 16 4
74 84.09 16.46 8.34 101.64 9 47 1
75 20.35 25.77 9.64 498.35 6 44 1
76 7.21 59.60 22.82 232.98 2 6 2
77 0.88 95.15 43.91 86.21 0 47 3
78 91.78 45.72 32.95 403.21 3 31 3
79 54.57 54.28 11.90 419.18 18 46 2
80 64.93 63.94 33.52 441.25 19 43 5
81 28.47 84.78 45.65 395.90 3 28 1
82 98.32 90.87 28.79 233.50 14 45 3
83 65.99 80.12 8.00 327.57 0 37 5
84 32.06 41.83 49.09 379.03 9 32 1
85 25.20 46.60 9.47 444.10 20 44 4
86 94.35 90.00 18.76 301.71 12 43 4
87 56.09 12.90 17.52 487.20 2 21 2
88 63.56 59.68 25.39 209.43 6 6 2
89 25.71 23.12 23.65 459.76 6 43 4
90 57.00 0.51 11.10 195.37 20 32 1
91 32.37 86.05 37.05 269.44 20 28 3
92 77.53 41.84 7.22 349.42 1 12 1
93 3.61 43.04 23.33 238.82 15 43 2
94 32.56 24.06 3.92 283.64 0 5 3
95 27.01 27.47 37.31 248.72 7 22 3
96 31.42 47.88 21.59 380.36 0 46 5
97 64.07 40.13 21.12 244.89 21 28 3
98 96.19 56.47 33.77 78.50 14 41 2
99 87.57 61.45 47.40 132.09 5 23 2
100 52.64 19.18 29.37 349.35 8 21 3
101 73.28 87.71 46.10 226.31 11 17 3
102 0.29 33.27 1.71 432.82 12 35 2
103 37.46 84.54 21.50 453.69 1 7 3
104 77.67 57.48 6.32 472.83 12 16 1
105 22.27 31.35 36.76 323.18 16 21 4
106 50.49 42.15 2.06 374.62 0 31 5
107 61.44 65.46 36.24 158.57 2 39 4
108 52.06 77.67 10.78 189.03 12 18 4
109 17.42 36.58 29.39 252.07 24 43 2
110 61.73 87.03 20.79 463.23 15 30 3
111 41.35 16.50 2.83 413.93 0 20 1
112 21.31 74.38 31.65 490.32 20 31 4
113 20.81 98.95 41.26 341.93 19 26 5
114 43.99 0.57 28.08 193.04 23 32 2
115 40.72 88.25 3.10 437.58 10 46 5
116 41.81 70.19 16.66 434.41 17 41 5
117 90.19 3.36 32.30 485.27 8 27 5
118 92.93 6.62 40.63 98.15 7 22 3
119 58.64 50.26 47.08 298.30 18 38 4
120 68.40 62.77 13.07 452.50 12 45 1
121 68.00 14.37 48.39 180.64 9 30 5
122 28.41 93.31 28.59 146.40 17 34 5
123 12.31 75.53 48.31 157.34 24 28 5
124 46.10 71.83 13.78 274.54 19 19 3
125 76.68 9.30 16.01 221.97 12 12 5
126 77.88 60.18 0.98 296.29 24 31 2
127 22.38 82.41 43.74 354.06 7 42 2
128 9.47 0.52 46.21 95.81 8 22 3
129 6.29 42.96 34.93 383.01 18 28 5
130 41.05 50.91 26.35 214.91 7 17 3
131 52.62 40.26 19.87 131.20 6 45 3
132 79.83 75.70 7.45 183.48 18 46 1
133 87.15 15.78 35.40 65.06 11 11 4
134 20.17 53.22 12.59 423.88 21 24 2
135 32.78 57.46 38.24 471.39 5 33 5
136 98.61 62.24 37.37 292.16 2 20 2
137 2.84 1.71 17.10 288.92 19 32 4
138 15.36 27.33 35.20 168.09 6 30 3
139 81.41 69.89 42.94 418.69 17 23 4
140 40.89 77.24 4.67 433.25 3 16 5
141 2.34 87.68 3.70 224.07 7 23 4
142 38.10 55.70 18.62 87.71 13 47 1
143 31.85 60.59 12.27 190.00 4 6 3
144 53.39 74.13 23.95 413.61 1 6 4
145 66.72 6.27 39.47 194.45 24 31 3
146 18.53 86.07 37.80 436.54 6 43 2
147 99.09 63.41 19.60 434.83 24 27 5
148 8.64 35.29 42.16 428.13 8 41 2
149 54.46 40.82 43.98 166.23 17 36 2
150 37.62 44.79 47.53 147.39 6 20 4
151 11.43 50.67 28.56 328.86 16 39 4
152 91.71 3.13 33.63 486.65 17 24 3
153 86.05 8.80 7.49 92.00 2 23 2
154 87.51 39.53 41.60 497.35 6 48 3
155 40.31 75.41 16.49 280.26 9 42 1
156 96.18 73.23 36.45 129.89 19 27 1
157 70.64 15.82 48.71 65.93 4 31 2
158 99.78 43.56 13.57 203.72 15 24 1
159 68.67 60.24 33.39 353.31 14 17 1
160 82.25 62.29 43.70 334.69 23 38 5
161 94.66 62.21 40.15 83.02 10 30 1
162 0.21 95.78 28.93 333.26 8 43 5
163 59.79 27.78 16.20 292.67 21 37 5
164 37.35 72.85 11.57 361.79 24 35 1
165 60.45 99.18 28.53 109.10 14 30 3
166 3.12 84.96 41.04 61.87 24 29 2
167 55.66 66.63 39.26 307.99 6 48 3
168 57.14 2.65 10.83 243.47 16 46 4
169 13.87 18.16 14.65 397.80 6 27 3
170 7.09 15.97 26.52 443.26 0 31 4
171 93.54 67.91 6.75 376.54 14 38 4
172 16.01 51.85 20.52 292.28 22 48 2
173 34.90 44.62 38.62 312.79 23 29 2
174 71.84 15.15 3.08 130.47 19 27 5
175 51.57 41.97 8.08 91.15 11 39 5
176 70.91 49.70 1.37 467.30 23 47 2
177 86.89 28.33 34.44 243.71 3 17 4
178 84.54 53.90 7.83 197.69 0 36 2
179 17.73 21.76 48.63 311.96 10 34 2
180 24.41 87.29 35.90 429.15 11 44 5
181 93.77 47.65 26.53 252.50 21 33 5
182 59.88 31.65 24.49 311.65 13 37 1
183 39.85 8.51 13.45 161.12 2 18 1
184 13.33 79.63 20.40 155.04 22 28 1
185 94.70 85.51 8.58 296.84 3 4 4
186 37.62 21.77 25.38 410.42 20 29 3
187 52.61 13.63 26.70 375.88 24 24 5
188 26.16 15.45 1.13 223.37 16 39 5
189 67.74 67.97 40.06 457.52 1 29 2
190 10.87 64.29 29.50 356.19 21 39 1
191 68.81 94.03 6.54 190.01 5 25 3
192 24.77 0.41 47.38 281.59 15 26 2
193 47.76 70.49 24.06 339.64 0 25 4
194 22.90 7.76 47.48 397.94 4 29 3
195 15.83 31.78 37.94 340.37 6 18 1
196 14.46 22.11 32.38 442.96 17 46 1
197 72.44 55.23 47.89 253.18 2 12 3
198 81.99 28.25 15.04 116.79 15 30 5
199 64.70 29.15 30.96 231.98 10 26 5
200 28.17 85.04 17.63 465.49 14 18 5
1 127.50 4850.14 1
2 101.82 2905.83 2
3 146.72 4047.27 3
4 170.58 4365.53 4
5 153.84 3498.86 5
6 116.89 4870.57 5
1 1.20 44.39 6
2 1.76 44.01 1
3 1.16 32.53 2
4 1.69 27.45 6
5 1.02 36.43 1
6 1.20 46.74 2
7 1.79 49.76 1
8 1.74 45.45 3
9 1.07 38.64 6
10 1.17 38.05 4
11 1.53 41.78 3
12 1.26 33.75 4
13 1.70 32.82 5
14 1.69 46.60 4
15 1.82 46.00 6
