Data for Vehicle routing problem with drones - Author: Huyen Do Thi Ngoc
Number of depots: 1
Number of cities: 200
Number of trucks: 5
Number of drones: 7
Area: 100 100 50
Customer maximum demand: 500
Max capacity of truck: 200
Max energy of truck: 5000
Max capacity of drone: 2
Max energy of drone: 50
1 73.57 75.74 45.77
1 31.86 97.30 37.54 403.99 9 10 1
2 1.49 77.79 12.83 54.28 19 28 1
3 78.49 93.80 40.81 396.69 14 45 1
4 41.25 98.58 9.55 177.70 24 41 1
5 51.27 30.89 14.29 451.21 15 28 1
6 12.86 92.66 12.77 392.18 2 38 1
7 27.99 23.35 5.32 285.86 11 19 1
8 5.73 56.76 5.70 270.05 3 14 1
9 62.77 83.69 7.86 340.88 7 27 1
10 35.81 6.94 43.66 314.34 21 43 1
11 39.96 57.86 34.46 476.55 17 29 1
12 97.60 45.16 11.62 372.29 13 23 1
13 36.84 40.71 10.75 407.89 20 42 1
14 73.16 39.69 49.49 94.76 9 24 1
15 1.18 34.62 40.93 92.47 19 47 1
16 30.66 64.46 7.55 199.39 6 15 1
17 87.19 91.07 45.42 425.52 2 24 1
18 73.78 95.67 41.27 255.50 17 20 1
19 26.13 80.63 34.57 219.44 15 31 1
20 50.27 47.65 39.15 389.25 19 31 1
21 1.73 32.71 35.12 312.50 18 20 1
22 40.07 73.23 7.04 265.28 16 24 1
23 2.50 96.84 10.78 417.46 20 33 1
24 23.63 39.92 44.09 243.60 21 31 1
25 75.15 75.36 43.25 121.86 17 26 1
26 39.30 96.25 1.71 298.76 20 31 1
27 6.72 68.97 18.20 193.71 22 28 1
28 74.59 38.88 12.82 237.20 8 23 1
29 14.84 46.69 21.42 173.88 21 23 1
30 64.71 30.55 8.98 413.10 8 23 1
31 8.92 53.55 9.63 287.33 5 16 1
32 59.48 9.14 21.72 390.24 5 22 1
33 62.42 98.25 2.20 175.51 14 37 1
34 52.93 65.27 9.09 433.48 14 19 1
35 47.76 26.45 27.77 121.83 5 29 1
36 70.76 57.74 14.70 248.77 14 32 1
37 78.75 67.36 20.79 214.82 9 39 1
38 73.10 58.73 29.61 467.27 24 28 1
39 5.91 58.04 37.09 271.20 6 48 1
40 49.69 17.37 23.75 433.14 9 46 1
41 95.18 28.94 5.27 443.52 12 26 1
42 69.40 77.94 39.95 273.77 5 28 1
43 35.64 87.11 8.42 145.05 10 23 1
44 64.62 47.50 37.99 50.20 18 40 1
45 67.55 80.43 28.82 313.01 20 30 1
46 5.88 78.96 25.34 270.89 3 46 1
47 24.23 21.43 42.90 308.33 21 29 1
48 59.67 46.16 19.77 193.38 21 21 1
49 41.18 39.51 29.22 274.09 3 11 1
50 87.85 35.85 34.69 400.74 20 46 1
51 96.79 8.84 4.66 237.06 1 36 1
52 39.31 19.41 14.92 70.50 13 38 1
53 29.26 65.55 18.37 459.58 23 38 1
54 22.33 26.49 3.39 456.50 17 43 1
55 61.16 82.43 27.28 195.96 21 37 1
56 77.07 53.58 25.53 94.89 19 48 1
57 10.82 97.31 0.84 320.20 2 24 1
58 61.09 3.59 43.20 144.57 13 47 1
59 69.19 88.62 48.97 203.20 3 31 1
60 40.79 63.89 48.94 495.54 22 22 1
61 89.82 2.46 38.92 460.24 1 25 1
62 82.47 21.50 3.77 371.12 5 39 1
63 9.39 93.02 4.93 199.37 2 37 1
64 19.88 6.28 2.18 492.39 17 20 1
65 47.69 1.92 12.01 198.12 5 26 1
66 52.04 36.25 2.32 134.96 3 43 1
67 37.38 47.60 34.28 259.80 15 16 1
68 22.53 56.35 9.83 310.45 8 23 1
69 62.88 20.50 33.55 107.66 18 26 1
70 40.08 74.85 36.43 413.27 13 22 1
71 9.51 56.74 32.26 305.31 0 25 1
72 2.38 25.53 18.98 277.45 13 19 1
73 80.72 61.36 28.31 136.77 6 20 1
74 49.25 34.63 11.47 435.04 23 37 1
75 96.96 50.30 31.55 101.46 12 44 1
76 61.44 18.12 47.86 343.47 0 4 1
77 58.20 1.43 6.43 305.57 21 45 1
78 53.05 6.00 4.69 259.48 3 43 1
79 75.66 53.28 49.47 64.55 22 29 1
80 11.39 23.31 27.80 369.25 18 42 1
81 49.64 42.18 1.18 101.22 8 11 1
82 66.25 28.99 27.98 136.26 17 37 1
83 40.94 95.43 9.01 355.28 3 13 1
84 77.12 12.21 7.33 447.04 20 48 1
85 1.82 79.42 12.10 425.88 22 42 1
86 77.21 80.83 33.23 113.91 24 47 1
87 87.13 77.79 8.28 410.74 5 26 1
88 45.57 13.37 15.24 339.99 19 48 1
89 36.63 92.07 7.56 465.47 14 41 1
90 0.72 23.64 45.86 233.01 1 8 1
91 2.97 31.93 39.62 310.97 19 24 1
92 76.52 71.98 14.49 69.99 2 29 1
93 63.16 93.24 30.79 165.07 6 25 1
94 61.05 80.47 31.80 344.37 13 44 1
95 80.31 68.78 19.88 246.12 9 30 1
96 11.70 24.69 44.96 322.15 15 41 1
97 0.96 5.06 17.44 489.91 16 32 1
98 22.41 21.16 5.51 262.37 9 10 1
99 11.27 83.11 44.51 259.62 16 31 1
100 71.94 98.72 41.32 235.51 1 4 1
101 32.20 28.55 43.13 347.92 21 39 1
102 11.92 65.88 45.06 200.31 1 15 1
103 43.77 46.80 3.66 298.50 5 33 1
104 26.30 12.13 2.67 125.80 19 41 1
105 34.78 40.78 46.75 248.68 21 44 1
106 7.63 7.16 31.34 468.97 14 18 1
107 85.02 32.82 36.61 60.41 20 30 1
108 70.35 98.99 28.72 371.48 19 22 1
109 22.22 77.08 4.33 56.63 19 42 1
110 71.30 70.23 41.94 204.21 0 36 1
111 64.43 36.92 1.48 343.33 23 42 1
112 17.33 4.95 1.96 337.83 13 15 1
113 96.29 24.83 9.81 217.50 8 25 1
114 81.84 31.64 46.01 456.45 2 10 1
115 39.63 15.47 39.22 212.92 24 46 1
116 66.20 99.51 19.77 440.62 17 23 1
117 6.17 30.30 19.82 107.80 23 33 1
118 21.60 39.38 12.64 448.42 22 44 1
119 85.36 85.16 13.33 53.84 15 21 1
120 94.09 90.59 39.95 82.36 18 21 1
121 24.80 33.18 45.07 224.13 9 15 1
122 26.47 84.27 16.37 353.05 20 34 1
123 28.37 95.63 36.18 224.72 5 34 1
124 64.44 22.19 29.98 52.95 8 10 1
125 1.14 83.70 42.50 235.97 24 46 1
126 19.59 92.52 11.06 344.08 16 41 1
127 97.80 41.06 33.68 127.20 14 48 1
128 82.73 11.23 7.81 474.63 21 38 1
129 83.07 59.96 17.84 91.08 5 26 1
130 64.82 15.46 31.50 155.98 13 14 1
131 72.24 93.39 1.70 108.62 22 32 1
132 19.21 65.30 43.21 468.32 24 37 1
133 83.83 48.90 12.15 57.79 19 28 1
134 52.11 50.28 20.52 408.97 13 37 1
135 86.50 89.71 21.41 466.82 16 37 1
136 88.73 95.74 24.86 346.95 16 39 1
137 32.28 53.14 21.63 85.72 19 31 1
138 98.75 88.81 17.03 143.55 16 44 1
139 37.79 24.75 36.28 161.07 5 22 1
140 7.53 20.42 7.65 469.20 7 23 1
141 98.47 42.09 1.39 248.33 6 12 1
142 21.89 77.74 47.25 211.83 23 26 1
143 89.86 67.31 38.70 432.90 10 18 1
144 1.17 17.51 11.71 278.52 13 24 1
145 2.29 3.24 21.50 329.49 24 27 1
146 92.43 27.42 35.79 279.92 7 20 1
147 4.07 61.35 45.94 69.68 18 20 1
148 26.71 67.54 4.85 474.89 18 47 1
149 71.02 19.94 37.54 193.43 9 11 1
150 10.69 31.93 43.24 266.39 10 35 1
151 19.03 80.02 7.65 209.21 22 46 1
152 17.07 30.72 41.81 452.67 18 27 1
153 33.67 55.19 45.45 405.37 8 19 1
154 36.05 15.25 20.49 114.30 24 28 1
155 78.49 33.72 24.52 260.71 9 15 1
156 77.71 6.73 2.86 480.35 2 2 1
157 20.07 80.94 42.83 415.52 15 30 1
158 81.14 60.62 44.69 60.07 7 48 1
159 53.72 21.98 36.25 228.14 3 28 1
160 26.64 49.58 43.99 402.34 19 26 1
161 11.52 2.02 46.05 111.32 21 27 1
162 66.20 44.11 38.40 118.83 15 33 1
163 67.38 21.52 42.51 295.09 6 15 1
164 69.81 89.37 4.09 150.13 6 37 1
165 45.38 2.75 38.43 83.31 1 14 1
166 64.21 49.12 15.89 174.88 4 10 1
167 94.21 56.61 44.66 134.16 22 22 1
168 66.29 23.19 8.59 163.49 3 10 1
169 36.24 90.34 18.08 121.75 1 43 1
170 47.70 35.43 27.39 292.49 13 45 1
171 73.18 23.01 31.80 203.75 20 29 1
172 14.49 91.22 10.75 337.43 22 34 1
173 12.31 75.18 38.37 153.18 21 23 1
174 17.93 11.92 3.64 368.91 12 19 1
175 66.57 15.54 41.84 83.64 0 28 1
176 40.71 2.70 22.61 231.01 5 7 1
177 13.82 93.66 45.81 253.24 17 33 1
178 58.29 66.53 24.34 474.11 23 47 1
179 5.90 39.20 17.04 52.17 8 12 1
180 83.30 65.18 29.86 193.28 8 39 1
181 6.46 71.78 41.40 465.23 16 40 1
182 70.75 73.53 33.02 364.11 17 42 1
183 44.71 20.44 17.07 165.16 4 46 1
184 45.90 18.27 41.04 133.43 18 39 1
185 6.39 18.18 37.91 471.69 19 29 1
186 28.01 42.50 6.69 471.36 23 37 1
187 13.99 33.03 8.55 205.38 14 35 1
188 7.45 84.54 9.18 425.25 21 34 1
189 75.09 49.21 32.18 408.49 18 33 1
190 57.23 80.55 23.51 98.29 24 36 1
191 16.03 96.50 37.93 455.01 11 17 1
192 91.94 54.13 19.70 467.11 14 43 1
193 55.47 52.16 4.64 358.52 23 42 1
194 28.75 65.15 22.56 414.25 12 19 1
195 47.64 22.90 33.19 390.91 0 26 1
196 34.33 42.34 3.13 359.44 9 22 1
197 60.31 28.88 15.66 488.99 16 36 1
198 44.98 21.09 6.41 413.20 2 28 1
199 78.28 42.04 34.31 260.20 16 34 1
200 29.11 97.26 37.09 361.46 11 23 1
1 167.03 3489.25 1
2 196.06 4247.68 1
3 104.98 3765.11 1
4 141.48 4976.32 1
5 136.52 3118.38 1
1 1.37 35.22 3
2 1.33 43.80 2
3 1.20 36.90 1
4 1.22 35.37 3
5 1.97 40.62 2
6 1.33 30.74 2
7 1.92 33.68 3
