Data for Vehicle routing problem with drones - Author: Huyen Do Thi Ngoc
Number of depots: 3
Number of cities: 200
Number of trucks: 8
Number of drones: 13
Area: 100 100 50
Customer maximum demand: 500
Max capacity of truck: 200
Max energy of truck: 5000
Max capacity of drone: 2
Max energy of drone: 50
1 52.43 35.20 7.86
2 3.07 56.73 38.90
3 74.77 58.67 11.51
1 46.47 41.85 19.24 199.40 9 22 2
2 8.60 47.56 44.89 229.99 3 36 3
3 76.16 39.68 18.57 103.81 4 46 1
4 84.94 17.56 22.37 203.15 11 48 1
5 49.23 90.70 8.18 282.91 19 34 3
6 73.17 85.38 10.37 293.53 18 39 3
7 28.98 51.26 8.92 298.69 18 33 1
8 69.59 1.36 5.26 190.10 12 13 3
9 1.51 21.74 18.97 441.47 17 24 3
10 50.77 11.47 34.60 262.12 2 39 3
11 89.18 45.72 27.32 469.36 13 40 2
12 8.59 80.95 8.38 492.87 18 30 2
13 21.76 28.48 30.62 356.56 17 39 1
14 76.90 55.93 30.01 191.31 13 40 2
15 74.25 96.01 30.74 458.05 11 13 2
16 24.45 22.62 3.44 96.86 18 38 2
17 85.00 21.22 16.35 218.86 0 29 3
18 53.14 15.83 43.19 404.58 11 17 1
19 77.84 23.19 28.33 68.79 15 27 3
20 3.96 21.72 46.93 247.85 10 39 3
21 60.72 46.54 24.19 199.37 7 42 3
22 65.46 24.76 16.96 356.53 19 35 2
23 64.06 19.53 28.37 137.02 17 42 2
24 80.62 48.02 40.25 403.15 7 27 2
25 63.41 87.34 27.60 485.17 5 21 3
26 79.29 26.95 29.78 464.65 23 27 1
27 84.94 41.22 36.24 125.22 5 43 1
28 27.49 0.68 37.79 385.58 11 44 3
29 2.97 22.46 5.88 428.70 13 39 1
30 73.78 10.96 8.00 344.58 22 23 2
31 88.38 82.52 36.18 167.75 14 45 3
32 69.21 27.73 41.48 268.38 10 38 3
33 42.78 86.52 28.08 187.77 16 28 2
34 10.70 24.34 10.96 289.97 10 28 3
35 21.55 69.55 19.33 300.34 12 29 1
36 49.26 77.27 28.31 112.59 22 27 2
37 37.49 79.74 36.17 132.03 23 33 3
38 95.08 87.81 49.20 199.43 21 35 1
39 81.99 95.30 33.15 58.19 4 7 3
40 82.28 23.85 26.67 402.83 3 40 3
41 21.64 17.01 20.11 461.23 6 43 1
42 82.01 14.91 28.29 495.68 1 42 2
43 83.64 70.14 29.70 498.43 8 31 3
44 55.95 56.17 8.96 161.54 23 25 1
45 83.58 46.21 12.12 155.21 3 28 1
46 57.03 9.59 28.60 275.47 20 33 2
47 77.41 44.80 8.80 296.49 5 7 3
48 50.44 37.63 29.07 349.33 14 24 2
49 71.74 46.69 0.52 428.66 4 10 1
50 17.35 91.09 2.18 252.38 11 23 2
51 31.30 93.10 17.19 248.20 16 38 2
52 52.20 37.33 1.34 107.89 5 24 3
53 62.28 21.25 16.17 276.17 0 44 3
54 40.09 22.26 4.44 463.53 3 42 2
55 29.30 37.05 14.94 328.70 19 45 3
56 57.65 64.70 22.03 313.94 19 29 2
57 83.58 69.51 38.82 144.90 5 6 1
58 79.97 45.98 28.75 286.94 1 30 2
59 0.96 27.80 27.54 358.15 17 45 3
60 31.39 93.24 37.80 178.70 15 17 3
61 59.09 53.81 5.73 368.91 23 47 3
62 82.09 19.06 13.91 419.15 3 26 3
63 49.60 57.55 43.15 427.19 20 33 3
64 34.34 74.31 24.17 403.23 22 42 1
65 79.93 34.97 49.06 177.66 22 35 3
66 27.28 91.55 7.76 275.29 14 33 1
67 24.67 26.92 18.65 464.17 17 41 1
68 61.46 18.33 35.47 343.41 17 17 1
69 40.81 0.52 0.21 347.58 0 22 2
70 72.40 1.41 13.66 338.19 7 43 3
71 78.86 12.42 49.71 160.53 20 34 3
72 12.55 58.77 49.59 266.74 21 36 1
73 96.02 47.03 27.48 221.95 18 20 1
74 40.39 27.31 31.11 468.71 12 45 1
75 26.86 81.14 26.58 93.18 22 26 2
76 41.40 4.72 34.22 357.70 14 20 1
77 17.55 95.43 37.61 163.99 12 22 3
78 96.67 95.00 19.26 80.96 17 25 1
79 76.16 74.37 45.59 268.40 22 38 2
80 21.46 77.96 40.45 127.49 4 41 3
81 63.31 69.78 6.44 370.49 2 36 3
82 74.94 40.87 47.58 378.99 11 24 2
83 80.22 36.73 27.78 102.56 14 21 3
84 66.40 23.85 11.53 188.81 6 32 3
85 29.47 42.18 7.38 173.59 0 36 1
86 44.10 54.74 44.46 322.93 19 44 2
87 71.65 6.38 29.60 104.47 13 21 2
88 92.26 25.34 42.54 359.81 0 42 3
89 70.29 93.93 15.07 59.78 24 26 1
90 10.01 78.87 48.75 313.55 20 34 3
91 74.60 47.53 6.53 115.13 19 47 1
92 98.84 2.51 33.24 163.54 7 25 1
93 22.16 98.13 48.53 325.26 12 31 1
94 79.51 88.97 41.43 400.90 20 46 2
95 81.08 3.25 25.64 381.10 17 34 3
96 82.41 17.02 40.29 280.65 8 45 2
97 27.30 56.39 10.23 457.20 8 11 2
98 71.68 1.01 28.94 365.43 10 19 1
99 70.48 88.75 30.16 206.81 22 28 3
100 59.16 73.72 18.05 195.79 7 34 3
101 63.98 62.81 45.21 483.07 10 34 2
102 52.87 19.72 47.99 277.78 8 24 1
103 40.44 58.85 48.33 428.09 11 11 1
104 19.38 11.72 14.09 233.86 20 23 3
105 6.45 30.88 44.49 371.79 13 30 3
106 38.06 56.06 25.56 444.16 7 26 2
107 71.94 54.33 9.32 343.86 2 29 3
108 78.93 3.67 26.82 282.69 0 34 1
109 12.42 92.03 37.70 325.63 13 21 2
110 96.25 93.43 40.68 58.33 1 26 2
111 71.34 52.01 44.68 122.09 11 21 1
112 59.40 21.55 23.69 79.01 21 30 2
113 5.57 90.11 15.35 425.52 16 46 1
114 43.24 17.32 13.92 303.34 3 14 3
115 25.10 15.08 32.94 295.33 2 21 2
116 14.44 96.75 40.70 214.41 15 42 1
117 2.26 18.06 17.06 445.86 6 11 1
118 27.38 24.70 1.16 346.15 4 11 2
119 59.44 33.27 19.03 330.81 22 42 3
120 48.73 88.05 13.64 184.65 2 45 3
121 23.38 48.85 18.43 193.07 8 43 3
122 60.41 93.93 33.62 439.07 5 25 3
123 32.92 9.82 43.60 305.78 24 43 1
124 37.03 7.71 38.11 63.84 21 25 3
125 68.91 98.59 4.51 388.66 19 43 2
126 20.35 41.00 23.00 351.15 8 11 3
127 42.39 79.97 35.84 442.24 23 45 2
128 0.20 36.15 15.37 428.47 1 35 2
129 78.51 99.38 16.01 163.92 11 11 2
130 73.88 96.28 11.67 390.86 14 43 3
131 1.36 88.95 23.37 282.01 0 39 1
132 41.56 87.68 40.81 159.00 17 45 3
133 26.01 9.57 34.00 151.80 7 8 3
134 41.58 15.91 27.48 179.57 23 48 2
135 34.68 65.57 26.13 207.31 5 45 1
136 10.55 68.43 22.31 282.55 12 24 1
137 5.68 51.91 4.37 434.91 2 46 3
138 3.38 33.75 18.27 386.60 4 38 2
139 59.51 59.48 45.98 271.96 22 33 2
140 74.76 7.42 19.87 461.60 21 24 3
141 94.03 18.75 7.61 349.30 12 17 1
142 46.27 96.14 23.87 55.71 21 32 2
143 76.32 15.91 49.21 140.78 15 33 2
144 25.61 32.82 6.70 452.41 13 19 1
145 25.49 28.68 13.30 173.69 8 12 3
146 8.60 97.79 22.22 240.73 18 20 3
147 60.37 66.54 20.01 337.64 3 17 2
148 95.43 33.19 6.75 330.57 21 26 1
149 4.73 9.19 6.32 226.23 8 19 1
150 7.77 73.62 10.55 272.45 20 28 2
151 59.04 39.82 10.03 385.41 22 33 3
152 65.75 59.73 48.13 95.53 12 25 1
153 50.33 7.78 41.96 311.32 1 38 2
154 39.96 60.24 26.48 100.97 3 29 3
155 59.90 77.59 0.91 284.42 5 41 1
156 71.82 57.57 43.54 89.88 9 44 2
157 89.67 54.40 10.61 330.44 8 20 2
158 95.42 15.27 39.16 466.04 7 16 1
159 96.03 24.36 29.08 324.25 8 14 2
160 52.47 85.60 22.30 395.72 3 29 2
161 43.99 95.38 7.84 236.30 16 36 2
162 88.21 19.97 27.39 258.42 11 19 3
163 36.79 54.19 46.01 386.82 21 28 1
164 82.06 28.01 12.54 488.72 8 41 3
165 65.87 53.47 38.34 225.90 10 28 2
166 9.94 48.28 48.79 472.55 4 33 2
167 49.30 0.90 36.15 476.42 13 37 1
168 32.41 51.03 18.60 222.86 2 46 2
169 9.54 45.94 24.58 246.98 5 45 2
170 50.50 46.66 22.27 166.12 21 25 1
171 91.70 70.15 25.35 178.02 13 35 3
172 31.47 61.47 14.96 283.74 13 43 3
173 77.55 95.02 42.39 275.87 7 17 3
174 69.97 57.32 13.69 213.11 24 46 1
175 46.50 35.28 38.84 91.87 23 30 1
176 49.22 86.98 18.84 463.85 24 43 2
177 38.64 68.98 33.50 72.87 8 13 2
178 91.68 51.87 12.84 349.86 10 24 3
179 31.68 5.53 46.17 188.38 16 21 2
180 12.79 45.22 4.81 497.39 3 31 3
181 11.14 40.40 18.86 383.19 4 5 2
182 81.56 72.88 27.23 352.81 21 38 3
183 5.78 42.18 10.09 418.06 4 33 2
184 44.89 89.68 48.96 428.76 8 48 3
185 5.08 89.05 18.53 69.57 17 28 2
186 51.79 2.38 6.87 279.19 13 37 1
187 71.07 70.26 37.37 94.10 14 45 3
188 72.98 30.84 33.36 296.10 12 36 1
189 68.59 96.67 31.83 105.26 2 24 1
190 8.62 5.36 41.07 365.94 20 29 2
191 65.93 27.84 42.73 337.44 9 30 2
192 24.91 17.91 19.95 288.75 7 12 3
193 4.14 80.42 15.01 460.12 10 11 1
194 36.37 38.27 19.07 142.84 21 21 3
195 67.98 60.64 38.48 302.10 11 32 3
196 52.11 83.16 22.65 295.19 9 37 1
197 94.40 50.51 32.20 98.53 16 19 3
198 98.48 4.04 5.92 325.75 7 23 3
199 12.05 3.84 13.67 149.22 4 35 1
200 45.45 17.67 43.92 262.30 16 47 2
1 194.08 3206.20 1
2 114.58 4907.24 2
3 144.13 3961.42 3
4 104.10 2966.53 1
5 178.22 3621.01 2
6 189.03 3386.55 3
7 189.47 4506.09 2
8 151.41 2647.29 1
1 1.65 25.32 3
2 1.65 38.22 7
3 1.85 27.90 1
4 1.85 49.87 5
5 1.61 36.40 4
6 1.19 46.35 2
7 1.77 45.34 2
8 1.73 45.13 3
9 1.83 31.86 2
10 1.36 47.27 1
11 1.22 48.74 3
12 1.32 31.96 7
13 1.20 36.80 7
