Data for Vehicle routing problem with drones - Author: Huyen Do Thi Ngoc
Number of depots: 2
Number of cities: 300
Number of trucks: 5
Number of drones: 8
Area: 100 100 50
Customer maximum demand: 500
Max capacity of truck: 200
Max energy of truck: 5000
Max capacity of drone: 2
Max energy of drone: 50
1 17.66 24.65 12.70
2 64.96 17.98 11.95
1 1.18 3.81 34.23 326.93 2 17 1
2 23.69 40.73 18.33 84.06 3 35 2
3 76.99 55.24 18.80 490.52 8 38 1
4 44.53 85.33 25.63 448.21 20 45 2
5 78.08 27.14 41.86 112.32 18 40 1
6 64.87 86.60 2.85 424.88 7 13 2
7 41.22 6.90 8.75 332.91 9 29 2
8 33.95 38.17 31.14 361.11 8 36 2
9 72.66 6.79 19.03 386.74 0 29 1
10 50.62 37.68 11.28 155.83 8 22 2
11 70.72 81.50 48.16 260.04 12 31 2
12 96.16 77.11 17.04 496.98 23 25 1
13 61.99 33.44 21.18 218.98 4 31 2
14 75.41 20.71 3.76 151.11 19 47 2
15 5.01 28.36 0.72 138.61 0 46 2
16 18.80 89.46 13.44 209.22 2 4 1
17 76.97 28.88 8.95 95.26 11 39 2
18 71.29 62.38 40.65 235.06 14 23 2
19 14.15 26.50 11.09 338.88 9 25 1
20 14.88 39.47 18.58 272.33 3 10 1
21 31.99 27.04 5.85 430.54 12 38 1
22 27.15 79.24 47.99 336.01 1 1 2
23 41.65 81.61 3.93 448.65 4 21 1
24 87.67 64.67 37.59 438.78 4 33 1
25 68.54 99.62 19.32 447.26 6 25 2
26 38.55 25.28 16.09 263.61 18 22 2
27 62.18 65.54 11.51 289.39 24 48 2
28 58.32 66.63 31.69 74.61 15 43 1
29 59.90 2.59 11.73 181.60 9 10 1
30 33.37 45.96 0.97 443.63 2 36 2
31 43.76 37.81 22.05 172.26 18 39 2
32 60.34 61.65 37.79 181.38 15 42 1
33 43.69 5.13 37.03 141.13 0 31 1
34 14.83 69.92 3.83 103.49 5 35 1
35 7.60 91.70 3.16 496.69 7 11 2
36 65.89 6.26 16.10 298.38 10 37 1
37 3.76 45.93 2.93 363.46 20 23 1
38 38.56 54.70 43.58 159.20 21 39 1
39 35.95 89.23 38.55 457.36 10 45 2
40 0.94 78.46 4.60 73.64 3 41 1
41 65.64 52.44 42.35 227.74 1 45 2
42 88.88 30.78 25.20 61.96 0 15 2
43 58.89 87.66 22.22 385.43 23 48 1
44 73.36 40.58 34.65 225.69 21 27 1
45 33.27 50.25 37.04 364.09 0 44 1
46 3.16 28.55 8.16 497.78 2 15 1
47 90.60 72.07 33.50 418.62 7 33 1
48 52.46 74.13 34.68 461.61 9 30 2
49 20.27 52.02 48.03 248.93 0 24 2
50 66.81 5.69 4.71 255.07 15 24 2
51 79.15 81.96 26.37 409.71 23 44 2
52 10.57 29.44 20.69 72.23 8 9 2
53 92.50 29.96 31.04 498.11 19 32 1
54 13.92 11.10 5.08 378.43 14 36 1
55 16.85 28.43 3.61 298.96 2 32 1
56 22.86 86.97 6.80 442.56 0 6 2
57 76.80 96.73 47.01 478.43 0 35 1
58 22.35 10.79 25.43 438.52 13 30 1
59 75.10 68.70 23.43 413.09 14 41 2
60 59.10 90.12 19.38 116.33 17 34 1
61 4.79 84.81 11.17 263.76 5 38 1
62 5.39 1.36 19.40 494.02 9 25 1
63 13.38 50.06 22.24 134.85 21 42 2
64 17.07 46.64 39.57 443.94 2 41 1
65 35.34 23.24 15.75 109.04 24 45 1
66 52.75 60.16 33.00 214.44 4 42 1
67 75.01 23.82 46.26 160.81 15 25 2
68 2.35 2.85 17.20 255.92 24 42 2
69 22.80 85.46 1.68 355.62 19 30 2
70 60.01 55.24 25.10 369.12 4 24 2
71 15.37 21.14 29.59 256.39 9 25 1
72 9.98 48.64 29.79 451.24 15 26 1
73 42.88 92.90 22.94 402.34 3 27 2
74 4.77 0.93 10.50 382.95 17 28 1
75 86.72 80.37 43.47 227.62 8 38 1
76 35.71 65.26 20.05 158.76 15 24 1
77 80.37 45.45 9.71 261.07 22 24 2
78 46.75 24.65 35.59 316.71 7 46 2
79 57.03 19.16 43.18 97.66 9 39 1
80 9.26 18.77 11.33 334.90 24 41 1
81 8.02 48.02 6.90 154.76 20 34 2
82 90.20 9.47 5.93 438.43 16 39 1
83 59.61 99.36 48.53 164.20 22 39 1
84 70.03 53.84 2.23 395.24 23 43 2
85 24.66 50.33 11.47 114.23 11 45 1
86 66.07 98.07 24.71 239.54 13 13 2
87 56.10 84.83 3.47 109.32 16 35 1
88 92.24 85.88 43.93 395.22 0 37 1
89 75.79 39.43 47.75 431.26 1 3 2
90 58.63 50.15 13.07 331.62 12 46 1
91 68.86 62.28 42.65 425.10 22 35 2
92 49.00 44.84 17.23 461.85 0 2 2
93 19.04 49.63 39.67 106.08 23 48 1
94 11.86 84.24 4.38 418.48 12 36 1
95 50.18 10.04 38.53 126.87 14 35 2
96 36.58 11.16 28.83 120.53 8 46 1
97 80.94 36.41 14.17 345.63 11 22 2
98 93.11 76.88 46.17 152.97 8 47 2
99 34.93 95.44 12.62 175.63 20 26 2
100 23.27 22.47 35.66 194.82 8 12 2
101 45.26 73.17 42.39 105.50 2 44 2
102 62.26 89.52 38.90 432.68 10 27 1
103 14.77 65.47 49.58 433.05 16 18 2
104 96.30 61.83 36.22 243.68 21 47 2
105 25.83 69.94 38.69 385.26 11 14 2
106 78.36 35.82 25.27 442.36 7 30 1
107 85.17 44.65 46.76 445.30 5 21 2
108 46.23 59.00 47.44 297.42 3 38 1
109 49.50 62.85 8.08 250.42 24 34 1
110 97.46 97.27 40.53 282.89 13 13 2
111 55.70 53.03 25.40 279.01 10 12 2
112 50.45 67.39 5.18 489.48 16 39 2
113 4.95 22.39 48.41 297.64 7 41 2
114 73.37 91.24 19.61 180.22 13 27 1
115 56.56 91.27 31.57 182.57 12 38 2
116 80.22 94.73 2.51 101.01 15 31 2
117 48.05 67.77 18.23 117.14 16 47 2
118 15.82 50.44 29.47 332.79 18 18 2
119 81.53 87.12 34.59 467.70 22 46 1
120 62.05 7.88 27.03 122.51 0 33 1
121 30.92 47.86 13.04 113.13 21 27 2
122 34.19 8.79 48.67 447.10 0 34 1
123 8.58 89.96 45.46 181.32 6 46 2
124 91.29 85.30 24.90 298.86 14 47 2
125 81.29 99.42 44.28 282.10 22 23 2
126 9.97 77.81 44.53 276.65 13 16 2
127 61.30 41.31 29.82 130.70 8 10 1
128 97.69 67.25 10.38 50.18 16 30 1
129 10.54 89.75 17.61 160.02 14 22 1
130 86.98 19.32 17.63 383.26 5 14 2
131 42.10 66.35 44.08 164.21 9 41 1
132 70.95 91.47 13.52 185.24 4 33 1
133 18.97 61.29 16.32 339.66 17 48 1
134 76.04 36.35 20.19 418.13 22 31 2
135 88.35 96.39 1.98 256.55 6 12 1
136 3.87 58.59 20.00 178.32 22 32 2
137 38.01 76.64 16.06 204.59 16 17 1
138 51.80 0.98 1.63 298.98 22 26 2
139 13.62 50.79 29.35 323.42 2 27 2
140 5.85 76.89 10.22 257.92 19 20 1
141 23.15 34.33 5.61 157.84 23 32 2
142 81.91 51.13 6.68 375.79 19 20 2
143 50.33 52.38 25.61 488.05 7 46 2
144 57.84 11.19 17.32 206.18 1 21 2
145 15.96 34.01 24.67 166.02 2 20 2
146 85.00 2.29 34.24 276.01 11 25 2
147 5.30 33.66 3.33 264.85 6 24 1
148 37.77 56.83 22.50 178.66 11 33 1
149 46.46 87.21 43.72 363.91 5 47 2
150 9.00 92.20 13.59 440.76 11 12 2
151 3.55 55.32 9.29 437.79 18 38 1
152 46.28 52.97 41.15 298.91 12 41 2
153 23.12 16.40 48.74 435.73 9 34 2
154 25.96 39.66 30.92 182.75 19 35 1
155 68.58 85.07 44.06 481.26 1 16 2
156 4.19 43.32 3.74 399.78 16 37 1
157 60.23 42.94 36.63 349.31 7 28 2
158 12.34 13.52 23.71 252.72 0 17 2
159 49.17 56.84 31.29 382.89 21 40 1
160 24.64 39.93 28.23 320.23 1 29 2
161 74.67 90.73 4.18 341.07 10 11 2
162 3.07 61.26 3.77 477.45 11 13 2
163 63.47 37.34 2.87 213.73 19 25 2
164 84.17 18.89 3.59 246.39 4 42 2
165 14.37 78.59 14.76 97.28 0 6 2
166 67.03 66.99 0.37 173.71 12 46 1
167 45.94 17.19 5.15 155.18 1 39 2
168 0.62 49.55 21.46 476.31 23 48 1
169 96.07 77.97 13.69 159.01 16 46 2
170 69.79 91.00 16.21 475.03 0 37 2
171 70.83 74.37 34.87 333.70 5 13 2
172 51.23 21.30 27.06 399.56 12 14 1
173 39.20 75.30 37.51 404.75 18 19 1
174 25.66 47.92 8.32 472.39 14 28 1
175 52.43 88.13 4.08 246.07 15 25 1
176 36.98 34.48 13.47 442.66 1 44 1
177 87.94 82.98 19.78 335.50 19 37 2
178 55.53 85.44 29.01 179.94 4 35 2
179 24.44 40.70 9.89 184.92 21 44 2
180 36.35 61.17 25.46 152.87 0 37 2
181 43.34 84.98 29.08 404.66 9 10 1
182 81.88 5.88 44.26 434.74 21 40 1
183 67.27 6.20 48.90 487.83 24 43 2
184 76.62 62.27 40.07 175.10 9 22 2
185 34.11 50.26 39.18 461.37 18 41 1
186 29.21 31.93 31.76 385.41 17 19 1
187 38.64 10.70 12.19 229.25 0 26 1
188 90.51 4.58 27.13 312.80 12 36 1
189 82.27 88.10 29.23 302.14 10 12 1
190 39.22 65.79 34.04 335.46 23 47 1
191 38.17 52.26 23.65 183.75 10 30 2
192 46.19 90.36 29.38 448.66 17 37 1
193 82.32 79.14 17.02 242.29 23 39 2
194 15.77 99.85 13.63 436.38 1 36 1
195 35.81 46.70 9.48 330.48 9 29 1
196 28.90 20.40 12.53 273.92 9 38 1
197 33.49 2.09 35.85 357.76 13 25 2
198 16.27 30.29 33.19 113.14 11 14 2
199 31.80 39.68 44.28 150.56 23 36 1
200 84.90 29.51 4.66 331.28 18 43 2
201 14.69 82.87 7.56 487.20 1 42 2
202 3.27 14.28 1.78 338.41 2 39 1
203 88.43 92.87 4.13 339.59 20 35 1
204 51.91 58.76 8.49 328.59 11 23 1
205 94.05 93.37 33.43 452.51 0 35 2
206 67.65 18.49 34.90 190.43 6 34 1
207 21.32 61.35 33.18 188.13 9 44 1
208 27.32 11.84 31.78 179.02 18 36 2
209 6.01 42.56 10.48 254.85 20 36 1
210 38.23 72.85 37.42 483.80 1 45 2
211 91.62 40.62 42.06 427.61 6 34 2
212 33.74 53.73 42.58 92.29 1 29 2
213 66.21 45.08 30.05 425.02 1 8 1
214 9.72 87.36 40.70 332.94 3 48 2
215 11.26 70.24 41.90 116.28 0 33 1
216 72.01 64.30 0.72 390.76 1 44 1
217 29.61 55.55 34.17 122.94 10 29 1
218 92.60 38.38 38.85 435.93 2 13 1
219 46.53 55.57 10.18 192.91 9 29 1
220 5.54 61.74 35.81 135.12 12 43 2
221 20.39 37.22 36.25 205.05 8 24 2
222 19.17 43.18 18.21 201.98 9 41 1
223 83.05 91.81 29.47 212.60 8 30 2
224 45.99 51.28 32.29 497.00 7 8 2
225 56.01 81.20 42.48 119.35 22 22 1
226 43.51 3.30 21.34 491.51 19 33 2
227 75.76 8.93 12.87 469.77 18 33 1
228 23.48 31.79 1.47 361.07 8 8 1
229 2.45 19.55 48.34 343.36 18 44 2
230 21.11 82.40 18.27 141.89 7 31 1
231 89.75 10.91 48.60 97.36 24 34 2
232 68.91 40.35 17.36 472.30 9 15 1
233 83.16 89.48 26.94 463.84 6 48 2
234 16.67 12.20 25.57 145.88 19 22 2
235 5.94 47.57 9.73 369.56 22 33 1
236 82.57 35.32 44.31 264.88 2 15 1
237 91.16 66.29 12.52 228.89 13 17 2
238 33.39 35.26 16.42 367.96 13 30 1
239 90.07 40.96 49.80 240.08 1 9 2
240 79.41 81.10 31.84 293.95 22 23 2
241 91.46 45.50 24.67 63.68 20 35 2
242 83.00 59.55 23.66 353.52 17 47 1
243 2.55 88.21 1.94 264.94 3 24 2
244 40.39 92.29 1.52 351.43 15 45 1
245 60.84 31.10 17.62 70.16 4 6 2
246 53.54 0.29 3.15 351.73 17 19 1
247 23.26 88.92 0.06 315.20 17 27 1
248 10.96 42.03 15.88 272.65 19 34 1
249 15.71 47.02 28.00 95.94 15 44 1
250 36.11 46.33 43.20 91.23 2 45 2
251 99.56 83.75 4.32 468.22 18 42 1
252 75.39 34.60 1.47 205.90 8 24 1
253 93.60 6.98 1.51 104.73 24 45 1
254 54.16 58.20 18.57 221.78 0 35 1
255 14.38 6.92 21.46 191.49 23 42 1
256 50.17 25.42 27.14 268.08 7 39 1
257 85.63 18.51 21.83 473.76 9 21 2
258 53.10 9.79 47.27 311.77 1 23 1
259 83.20 4.79 31.95 287.72 8 28 1
260 59.36 52.86 36.23 201.30 9 23 1
261 7.37 82.75 47.07 259.09 14 19 1
262 89.35 46.74 34.27 283.48 22 40 1
263 65.81 30.76 11.57 402.07 16 45 2
264 28.12 63.07 28.28 198.58 6 7 1
265 86.99 3.49 20.58 198.56 10 11 2
266 93.98 48.81 19.65 322.60 7 43 1
267 24.81 85.69 0.25 415.76 9 48 2
268 12.31 99.52 14.33 95.59 10 14 1
269 54.87 86.58 8.33 416.26 9 41 2
270 45.45 58.13 15.57 294.29 8 47 2
271 61.90 76.53 16.10 365.19 1 24 2
272 35.42 54.33 20.72 409.52 21 28 2
273 42.64 99.04 45.20 325.29 5 26 2
274 6.97 81.33 19.79 464.69 22 34 2
275 40.99 28.56 41.47 399.51 10 26 2
276 85.34 96.89 4.77 445.13 4 35 1
277 54.87 84.85 37.55 76.73 19 22 2
278 79.85 76.65 14.14 134.95 17 42 1
279 59.98 53.98 15.58 259.89 10 22 1
280 48.56 27.67 16.67 164.29 15 24 2
281 55.49 62.49 28.51 82.28 19 23 2
282 49.12 12.27 24.86 287.31 19 30 1
283 89.25 23.26 32.86 196.31 18 41 2
284 27.72 79.70 12.61 241.26 2 20 2
285 91.58 10.75 6.06 222.33 12 12 2
286 23.99 30.57 21.79 330.60 24 28 2
287 29.20 60.10 9.59 418.52 10 42 2
288 90.18 15.59 42.30 217.96 22 48 2
289 23.09 55.80 12.27 125.84 16 21 2
290 26.68 10.84 3.83 454.20 13 13 1
291 33.54 67.82 5.15 433.92 0 26 1
292 81.68 35.80 11.68 243.16 18 19 1
293 58.59 73.59 8.77 345.01 10 42 1
294 54.02 85.93 18.17 101.17 13 29 1
295 69.88 81.84 35.10 257.07 21 21 2
296 80.90 76.01 29.28 383.50 18 39 2
297 17.09 55.14 41.27 218.77 12 31 2
298 74.09 72.23 32.51 180.83 6 38 2
299 75.04 13.80 2.38 62.82 13 24 1
300 41.86 33.52 35.14 146.03 0 0 1
1 143.42 3983.67 1
2 180.44 3332.82 2
3 149.60 3264.50 1
4 124.88 3267.86 2
5 185.92 3894.26 1
1 1.03 42.36 1
2 1.54 27.85 4
3 1.43 46.47 2
4 1.42 30.48 5
5 1.47 49.39 5
6 1.32 47.98 2
7 1.62 33.32 2
8 1.00 30.68 5
