Data for Vehicle routing problem with drones - Author: Huyen Do Thi Ngoc
Number of depots: 5
Number of cities: 200
Number of trucks: 6
Number of drones: 6
Area: 100 100 50
Customer maximum demand: 500
Max capacity of truck: 200
Max energy of truck: 5000
Max capacity of drone: 2
Max energy of drone: 50
1 87.68 70.13 2.06
2 71.15 76.57 4.29
3 41.34 24.82 5.44
4 18.56 31.21 28.46
5 71.08 81.44 36.15
1 81.79 48.87 15.32 356.50 1 32 1
2 10.81 20.94 46.16 394.36 13 48 1
3 40.91 80.11 18.68 388.54 24 47 3
4 5.78 71.15 24.81 238.81 1 28 2
5 78.80 91.92 27.36 302.33 6 32 4
6 98.19 47.07 24.55 446.65 22 25 3
7 44.16 21.50 45.01 55.22 9 42 5
8 41.28 32.16 12.66 81.50 19 32 3
9 32.11 40.91 5.27 258.54 0 6 5
10 96.69 33.23 35.80 474.74 18 29 5
11 65.72 86.22 26.35 235.40 16 21 3
12 94.95 65.52 7.18 289.86 11 47 5
13 92.29 66.31 38.14 330.03 24 45 4
14 21.85 30.81 2.69 359.14 3 11 5
15 95.20 78.77 12.18 469.11 2 15 2
16 98.08 62.31 8.81 229.49 18 20 1
17 90.64 66.54 15.09 450.88 4 5 1
18 13.45 61.76 34.78 205.71 20 29 3
19 48.88 27.93 22.45 331.45 9 46 3
20 91.51 83.44 22.43 447.75 17 41 3
21 48.49 85.83 20.68 188.28 7 21 5
22 89.45 55.31 10.22 366.38 12 24 5
23 40.74 11.45 41.36 162.32 24 41 4
24 64.91 32.67 35.52 134.14 11 21 3
25 21.03 73.33 42.31 474.71 23 41 3
26 29.82 74.61 12.55 485.09 19 38 2
27 10.27 47.23 26.01 181.34 21 25 1
28 34.91 38.14 48.33 314.99 9 25 3
29 10.94 60.64 10.40 330.68 9 19 1
30 96.90 14.90 42.09 321.24 1 32 2
31 26.37 86.27 1.03 150.13 2 38 5
32 64.50 95.51 20.56 109.73 3 10 5
33 62.70 72.00 21.37 388.94 6 15 5
34 52.91 15.74 12.36 423.04 8 17 1
35 58.21 21.32 35.89 230.36 11 17 3
36 5.67 21.88 38.87 168.49 17 35 2
37 76.36 83.37 16.97 382.25 10 32 1
38 37.05 47.73 14.89 115.20 3 11 2
39 87.76 42.22 28.44 73.19 16 21 1
40 20.83 87.46 30.41 112.79 0 35 1
41 25.78 7.66 14.34 427.74 14 20 5
42 33.05 91.16 32.70 349.82 0 46 1
43 90.19 3.04 33.70 475.96 1 38 4
44 11.12 92.54 11.39 166.77 0 35 1
45 63.70 29.35 8.32 427.27 10 17 1
46 37.19 90.85 47.33 384.45 2 37 1
47 7.13 37.98 39.15 188.65 24 47 1
48 18.28 18.67 25.55 170.48 19 20 4
49 57.34 86.23 4.42 154.72 5 43 2
50 76.61 51.53 13.76 340.33 13 34 3
51 10.59 13.99 31.78 314.01 16 31 5
52 28.13 10.44 5.70 185.69 18 37 2
53 47.35 81.79 45.94 300.49 17 23 4
54 75.98 96.31 9.22 89.76 10 34 1
55 29.47 40.75 15.70 478.76 6 9 1
56 65.06 50.63 37.67 208.74 15 39 2
57 54.69 66.22 10.22 453.06 4 22 3
58 5.95 86.21 41.73 414.75 0 12 2
59 1.10 72.04 5.25 351.99 22 34 3
60 72.00 51.25 49.41 251.63 22 38 1
61 13.20 18.37 41.32 441.69 14 16 1
62 89.68 16.18 7.85 54.01 10 41 5
63 37.59 92.32 29.38 148.46 0 45 3
64 34.97 59.57 0.21 314.79 19 45 2
65 92.08 70.84 26.92 479.24 11 31 4
66 8.02 76.58 10.56 202.22 15 27 3
67 52.50 42.60 45.66 57.34 22 32 1
68 35.66 36.56 13.64 120.60 9 29 2
69 21.73 26.81 29.01 184.43 17 29 1
70 28.27 76.94 4.57 229.61 1 42 5
71 91.06 64.48 30.96 271.57 13 31 2
72 72.46 90.00 41.21 329.77 19 42 1
73 0.76 25.09 6.82 156.84 4 48 1
74 33.42 49.55 7.15 308.17 24 33 4
75 10.42 70.43 7.58 335.50 2 41 1
76 82.99 42.04 9.64 322.08 23 37 3
77 97.86 18.66 48.55 62.02 12 12 2
78 89.49 22.09 28.20 338.13 5 31 1
79 48.47 40.19 13.34 436.57 15 44 4
80 85.84 21.48 6.62 174.00 17 25 4
81 34.38 13.59 32.74 140.01 7 44 3
82 49.03 49.12 43.52 158.39 1 47 1
83 89.46 84.93 5.64 346.46 11 37 1
84 35.09 88.84 18.03 363.30 6 40 2
85 56.71 7.19 6.95 448.88 2 9 1
86 65.84 31.74 46.52 59.21 15 18 4
87 51.70 50.94 25.30 356.31 0 32 2
88 54.13 51.33 31.58 396.44 3 43 1
89 94.87 56.92 46.30 392.66 3 28 5
90 44.29 37.08 34.48 482.59 15 31 3
91 70.48 33.49 45.50 62.76 9 31 4
92 93.88 34.06 47.86 347.84 2 30 3
93 73.23 17.59 48.12 232.21 15 24 4
94 18.80 66.23 19.06 248.92 12 23 3
95 46.85 44.20 48.99 80.92 1 32 3
96 22.12 44.87 28.85 404.72 1 7 5
97 71.90 44.55 9.01 154.67 22 45 2
98 7.51 78.17 14.64 297.22 5 19 4
99 67.72 21.48 16.39 333.07 8 10 3
100 76.66 27.09 9.40 495.85 13 29 5
101 78.85 52.41 33.57 340.52 10 32 1
102 58.83 85.92 37.38 330.71 11 44 2
103 90.61 22.85 0.23 427.64 13 27 5
104 58.06 54.25 11.39 364.82 9 47 5
105 69.56 83.32 28.22 258.21 11 11 4
106 56.51 44.66 36.61 477.90 15 29 2
107 21.78 52.46 12.03 398.68 13 20 3
108 14.19 35.06 33.56 364.08 19 31 1
109 34.67 80.09 2.93 464.08 9 19 3
110 67.75 10.97 14.19 115.32 1 25 5
111 20.55 65.01 24.06 181.53 8 39 1
112 47.43 23.88 8.04 266.18 13 25 1
113 42.06 83.47 23.87 290.22 14 41 3
114 35.43 9.56 29.67 213.90 5 31 4
115 74.01 5.65 49.75 395.15 11 33 2
116 95.33 74.72 11.52 411.99 9 15 3
117 75.09 26.26 28.63 262.44 19 47 5
118 11.62 63.20 6.85 285.00 9 9 3
119 92.68 26.74 30.67 486.66 1 17 1
120 51.58 81.86 15.77 194.78 4 24 2
121 12.13 9.85 22.17 188.98 10 23 3
122 63.86 34.27 35.42 182.39 18 37 2
123 92.77 28.15 25.57 400.47 24 48 4
124 93.43 8.30 46.50 123.94 21 40 4
125 95.05 77.04 10.49 59.12 17 31 2
126 63.70 70.96 13.32 76.73 6 29 5
127 36.77 9.44 48.02 227.52 7 15 3
128 69.88 57.77 13.64 120.02 3 25 4
129 26.17 36.45 48.23 206.31 14 43 4
130 49.16 94.36 18.79 95.12 12 15 3
131 26.78 36.66 41.57 72.11 24 46 3
132 63.76 44.03 36.74 437.11 1 32 3
133 22.16 8.87 10.08 137.36 23 46 4
134 6.03 98.00 18.51 162.45 4 5 2
135 95.98 19.48 35.78 299.23 7 42 3
136 13.47 13.06 34.24 216.74 18 43 2
137 2.65 65.69 1.42 73.73 7 16 3
138 13.58 32.45 29.06 362.16 10 29 3
139 97.32 86.56 32.23 136.97 21 45 2
140 61.07 63.75 48.05 312.70 9 47 3
141 79.19 22.50 44.71 196.75 4 47 2
142 58.73 5.25 15.16 56.50 17 24 5
143 31.29 67.87 10.53 144.22 11 32 5
144 19.61 59.12 19.28 434.69 12 39 3
145 94.85 18.17 49.78 389.68 2 12 5
146 68.14 51.25 12.40 498.54 24 29 4
147 56.16 74.16 36.82 182.77 21 25 3
148 19.46 35.25 32.60 65.63 5 18 2
149 35.58 74.94 0.92 208.13 22 29 2
150 63.79 36.63 44.62 446.03 9 27 3
151 92.17 56.94 36.95 287.73 19 30 2
152 72.39 67.41 6.63 202.35 9 33 4
153 75.60 62.38 8.00 100.14 16 34 4
154 41.33 23.84 5.23 270.65 15 16 4
155 12.34 45.12 36.04 469.80 21 47 2
156 61.74 20.41 22.51 229.88 20 20 4
157 76.71 39.04 30.19 287.45 10 46 5
158 70.50 52.09 34.48 76.69 8 11 2
159 55.01 37.22 47.05 164.35 17 20 2
160 12.26 77.73 27.43 240.91 16 29 4
161 42.51 1.02 43.50 494.63 21 47 4
162 37.16 78.77 5.15 86.43 18 38 2
163 79.57 26.78 48.42 296.69 7 16 1
164 69.57 58.11 47.59 65.29 6 29 4
165 27.93 45.35 22.94 345.45 0 7 5
166 45.03 29.25 11.09 230.63 21 24 5
167 1.29 41.96 19.41 191.60 16 38 2
168 93.15 15.43 19.56 90.89 3 6 5
169 41.48 91.05 36.53 110.97 2 6 3
170 29.19 44.22 16.47 373.80 17 45 1
171 78.15 69.95 17.77 223.02 14 38 1
172 40.51 30.63 38.17 217.62 11 32 3
173 83.49 56.09 13.21 271.32 22 30 1
174 81.01 40.53 1.58 231.24 18 22 4
175 21.53 14.21 34.91 218.42 19 22 3
176 59.72 95.61 0.10 364.67 13 45 1
177 57.72 28.04 41.42 61.54 13 13 3
178 61.75 82.41 46.69 386.94 7 37 3
179 57.84 23.00 31.86 310.20 22 26 2
180 73.04 13.61 39.99 190.05 16 30 3
181 23.70 85.67 25.17 456.19 8 12 3
182 97.78 63.97 45.62 372.65 4 10 3
183 69.37 19.63 25.09 470.31 5 46 3
184 38.79 72.44 39.09 181.67 7 23 1
185 65.45 66.63 42.41 356.44 15 46 5
186 23.69 16.37 31.92 348.91 20 34 4
187 91.11 79.43 19.03 353.46 7 25 1
188 21.78 59.66 33.39 128.45 23 29 3
189 85.67 55.94 29.54 215.11 24 45 1
190 78.38 7.36 40.70 300.23 14 42 3
191 36.47 72.35 10.39 62.53 17 21 4
192 22.48 40.99 10.32 336.20 19 23 5
193 43.27 22.21 1.57 293.03 20 34 3
194 61.76 37.04 16.61 168.40 22 43 1
195 30.06 12.45 2.32 182.20 17 17 4
196 21.29 28.89 39.16 127.73 18 18 2
197 30.22 88.51 18.39 373.03 10 34 3
198 49.96 91.86 34.37 160.59 6 17 5
199 85.71 5.70 21.02 120.27 23 31 4
200 50.98 97.02 43.75 453.70 9 27 5
1 100.20 4559.88 1
2 123.68 3654.25 2
3 136.51 2663.76 3
4 158.22 3147.65 4
5 156.32 4734.89 5
6 174.17 3760.84 3
1 1.62 49.79 5
2 1.41 42.08 4
3 1.43 39.54 5
4 1.59 37.75 4
5 1.42 41.42 3
6 1.62 39.21 6
