Data for Vehicle routing problem with drones - Author: Huyen Do Thi Ngoc
Number of depots: 2
Number of cities: 500
Number of trucks: 5
Number of drones: 5
Area: 100 100 50
Customer maximum demand: 500
Max capacity of truck: 200
Max energy of truck: 5000
Max capacity of drone: 2
Max energy of drone: 50
1 17.25 75.32 31.72
2 23.76 24.78 48.04
1 73.85 15.90 46.62 357.31 19 34 1
2 52.69 68.61 10.68 228.30 24 45 2
3 32.57 37.05 34.65 255.31 23 29 1
4 99.38 86.59 48.25 432.65 0 45 2
5 71.23 74.00 16.70 126.82 13 44 2
6 74.03 58.97 42.50 92.20 4 45 1
7 29.27 69.54 22.56 105.97 1 31 1
8 63.05 85.21 14.27 381.28 11 26 1
9 66.78 68.44 34.92 316.94 6 11 2
10 73.83 85.84 3.97 255.36 3 48 2
11 50.29 42.04 20.29 71.85 7 24 1
12 69.28 85.06 46.13 217.16 9 40 2
13 3.76 93.88 48.53 291.35 23 46 2
14 52.55 61.93 42.93 112.79 9 11 2
15 32.82 20.02 38.71 415.79 10 30 2
16 39.96 72.86 0.99 463.85 3 10 2
17 95.57 65.75 44.72 334.17 15 23 1
18 10.15 87.44 22.37 369.76 7 36 1
19 40.52 36.47 40.06 333.90 10 28 1
20 74.60 93.59 45.01 362.67 11 18 1
21 68.85 80.16 8.34 379.42 24 45 2
22 12.66 33.68 18.05 183.71 22 41 1
23 49.31 58.21 13.71 239.77 20 40 2
24 43.57 90.94 31.72 437.15 16 28 1
25 82.40 42.78 6.29 189.66 21 39 1
26 79.80 72.02 34.20 433.99 21 29 1
27 75.15 82.04 19.46 231.50 20 47 1
28 36.50 94.68 14.74 461.78 9 12 1
29 73.26 58.57 20.10 372.37 20 40 1
30 32.88 22.46 38.24 324.52 7 8 2
31 11.46 11.56 10.44 346.08 14 48 1
32 66.56 12.01 12.36 147.22 15 47 2
33 62.08 16.03 34.42 337.45 17 29 2
34 21.84 52.54 18.91 273.84 20 37 2
35 19.44 73.96 19.32 68.37 12 12 1
36 12.60 92.53 44.33 313.67 2 21 2
37 23.16 61.17 39.98 424.28 10 37 1
38 98.07 87.65 6.58 419.85 2 40 1
39 36.05 2.84 40.81 412.24 0 11 2
40 13.08 28.44 12.39 169.45 17 35 2
41 42.31 29.42 8.52 341.93 3 39 1
42 93.90 1.02 39.74 206.92 21 28 2
43 58.23 74.40 37.47 489.35 7 28 2
44 12.19 24.24 31.72 463.73 7 12 1
45 60.72 63.59 41.54 80.23 24 33 1
46 84.51 99.45 29.86 204.09 6 46 2
47 10.66 7.76 16.71 203.28 13 39 2
48 95.18 75.44 48.34 472.74 0 0 1
49 4.92 45.11 26.94 129.19 21 31 1
50 96.73 98.17 9.92 425.22 17 30 2
51 23.19 12.44 2.99 373.06 23 42 2
52 56.04 96.76 1.08 443.73 2 29 2
53 63.05 35.50 26.95 221.86 9 12 1
54 65.27 44.88 41.88 298.19 3 45 2
55 17.66 86.75 26.03 85.85 1 3 1
56 2.59 82.42 47.45 448.18 19 44 2
57 67.83 54.58 37.49 310.66 13 21 1
58 96.41 37.62 47.31 276.74 7 29 2
59 94.45 6.16 12.59 382.86 15 31 2
60 62.54 17.48 24.32 190.19 4 29 1
61 19.11 14.34 9.53 76.03 1 14 2
62 5.02 17.90 40.64 451.11 11 40 1
63 66.98 1.37 28.68 194.37 15 19 1
64 79.23 69.85 24.84 220.17 24 42 2
65 55.45 35.72 0.81 217.67 6 7 1
66 35.02 53.09 42.92 439.24 7 23 1
67 74.97 12.32 21.15 189.59 10 24 1
68 52.17 95.32 22.27 486.18 19 46 2
69 44.57 88.65 48.15 376.03 23 43 1
70 17.72 90.38 28.63 324.69 11 46 2
71 23.08 76.68 29.86 78.48 11 24 1
72 78.69 90.76 14.93 171.97 1 17 1
73 10.76 71.99 29.05 195.67 18 48 2
74 60.66 49.81 48.87 349.97 0 10 1
75 8.64 22.94 23.89 248.99 19 44 1
76 71.19 57.14 8.99 169.54 10 39 2
77 2.57 1.82 7.51 192.72 17 18 1
78 42.60 8.71 43.43 91.80 16 23 2
79 84.17 96.94 4.45 229.22 9 46 1
80 71.64 78.48 43.57 99.95 17 28 2
81 61.90 49.37 27.69 412.00 23 42 2
82 3.91 85.76 29.08 231.82 24 39 2
83 53.54 34.52 19.86 74.79 24 31 1
84 91.49 85.04 43.22 470.02 15 31 1
85 89.84 36.59 49.69 110.07 21 43 2
86 15.93 95.55 48.62 394.02 0 42 1
87 36.00 14.33 10.35 276.44 0 5 1
88 25.41 73.46 3.99 156.25 21 42 1
89 35.13 65.52 28.14 346.96 22 31 1
90 70.64 40.57 3.88 250.98 5 33 1
91 84.72 60.22 10.67 413.37 8 47 1
92 33.36 18.61 15.07 167.94 10 30 1
93 27.88 1.72 36.59 287.47 17 27 2
94 86.97 22.37 25.57 85.68 23 40 1
95 26.74 4.68 27.74 491.49 1 34 1
96 10.42 1.37 31.74 352.12 7 18 2
97 5.17 2.73 32.58 361.76 9 44 2
98 38.34 82.69 0.88 124.37 21 45 2
99 52.83 68.25 22.10 219.23 16 45 2
100 13.11 9.75 11.42 321.53 15 21 2
101 4.46 35.89 9.58 381.20 2 23 2
102 3.68 53.69 14.72 125.73 22 47 1
103 20.16 40.11 23.56 76.92 7 36 2
104 1.30 78.08 21.10 477.10 5 27 1
105 60.23 87.38 42.07 345.55 1 10 1
106 88.10 25.78 8.83 191.23 6 46 1
107 15.42 89.57 36.01 68.93 1 3 1
108 42.65 73.73 39.86 414.51 17 32 1
109 28.07 97.19 40.20 123.99 8 14 1
110 1.96 63.87 11.74 86.48 19 33 2
111 27.90 14.51 14.81 127.55 23 33 2
112 3.07 39.85 14.68 124.45 21 22 2
113 44.45 37.16 18.81 413.17 0 40 2
114 84.68 69.11 35.15 391.16 3 9 2
115 92.25 96.49 41.12 148.50 12 43 2
116 86.40 73.82 24.92 158.44 14 19 1
117 79.59 68.77 43.08 108.70 12 13 2
118 57.58 17.32 45.61 401.72 6 37 1
119 50.70 52.68 21.32 368.68 23 30 1
120 77.51 29.30 26.06 122.44 10 39 2
121 56.71 87.88 14.94 115.15 5 5 1
122 59.26 46.01 14.54 454.53 1 18 2
123 19.32 53.73 39.45 242.54 19 30 1
124 48.84 14.71 27.66 489.58 15 19 1
125 84.42 63.33 44.90 446.34 3 3 1
126 34.68 58.91 19.77 240.57 11 42 1
127 48.42 55.61 43.87 234.22 6 46 1
128 82.13 40.27 36.84 380.94 3 22 2
129 95.26 27.79 3.17 175.67 1 30 1
130 25.64 33.82 2.41 252.99 15 28 2
131 75.40 36.50 3.12 400.32 20 24 2
132 72.12 16.94 23.52 361.19 2 13 2
133 46.32 75.20 21.95 390.34 21 42 2
134 38.44 98.16 16.02 176.35 22 43 1
135 75.60 34.24 43.77 73.07 2 34 2
136 78.22 60.86 34.45 434.68 10 23 2
137 33.40 98.85 27.86 442.97 1 4 1
138 85.57 66.56 15.89 432.10 20 46 2
139 40.10 8.02 23.28 222.23 2 35 2
140 9.26 30.33 13.83 227.13 11 39 1
141 0.62 51.54 36.78 443.33 11 29 2
142 75.66 52.98 12.10 200.54 0 22 2
143 19.55 5.41 16.34 405.60 20 40 2
144 40.76 36.78 47.77 158.48 8 37 2
145 36.01 77.60 13.18 352.10 12 48 2
146 74.61 57.54 9.85 454.27 10 36 1
147 43.66 27.67 4.79 325.50 6 40 2
148 1.01 99.23 25.12 142.46 2 30 2
149 88.14 31.48 43.40 385.70 12 26 2
150 6.21 76.52 20.77 321.01 17 26 1
151 87.71 87.36 5.85 329.47 3 44 1
152 91.34 3.45 27.68 478.07 12 23 1
153 21.29 5.46 3.69 115.91 18 27 2
154 51.78 55.57 23.31 75.06 0 43 2
155 33.79 77.46 38.34 154.56 15 26 2
156 66.53 69.69 24.28 60.89 10 47 1
157 1.00 97.95 28.00 494.19 4 38 1
158 17.25 35.07 38.20 220.30 0 17 1
159 42.63 88.13 1.70 66.43 1 40 1
160 60.17 70.88 13.23 331.69 20 32 2
161 18.48 36.19 38.90 93.11 15 47 2
162 84.00 79.73 28.00 195.50 14 26 1
163 97.06 61.75 13.37 447.63 7 38 2
164 35.21 62.27 32.15 355.61 15 26 2
165 41.65 88.28 14.63 299.39 7 28 1
166 19.79 54.92 37.53 312.58 2 40 1
167 30.11 92.90 42.47 146.57 3 10 2
168 36.01 77.97 42.26 289.85 20 41 1
169 76.87 52.98 12.13 311.00 15 34 1
170 73.83 89.04 13.73 407.28 0 26 2
171 76.14 99.93 30.38 327.09 16 34 1
172 65.58 32.46 5.14 168.98 11 28 2
173 62.54 99.93 17.27 277.13 14 45 2
174 99.54 0.91 17.76 210.43 23 47 2
175 86.20 19.26 13.71 93.18 3 43 2
176 2.82 96.96 36.68 61.49 11 31 2
177 79.81 81.62 34.77 385.56 16 26 2
178 37.52 64.19 15.44 68.23 12 32 2
179 12.26 57.48 10.13 193.30 22 41 1
180 32.60 61.00 25.95 165.46 6 18 2
181 79.03 43.66 36.78 305.67 16 37 1
182 12.97 76.00 4.20 88.00 13 24 2
183 22.68 57.65 40.25 138.01 13 33 1
184 74.61 49.06 49.11 198.94 0 34 2
185 63.10 56.78 37.67 321.19 8 38 1
186 42.71 96.69 10.08 87.75 12 16 1
187 19.12 39.90 5.31 410.72 5 16 2
188 70.16 39.47 48.41 155.78 18 33 2
189 25.16 87.03 46.64 160.94 1 21 2
190 72.28 19.70 11.69 135.63 20 39 1
191 19.58 30.67 40.00 432.92 7 7 1
192 93.64 4.89 22.02 53.04 5 21 2
193 55.22 13.16 28.59 154.34 22 31 1
194 13.88 85.66 3.76 316.46 9 21 1
195 2.70 18.93 19.79 426.02 17 36 2
196 84.00 90.60 20.08 99.58 22 28 1
197 14.18 65.65 8.49 436.46 16 16 1
198 5.28 67.27 42.01 305.11 15 42 2
199 48.17 39.35 48.79 222.20 23 40 1
200 94.45 70.44 30.70 87.18 21 36 1
201 91.19 14.75 25.43 469.34 23 45 1
202 22.66 16.95 22.29 438.12 9 30 1
203 0.72 84.82 1.52 138.99 11 36 2
204 32.68 85.88 48.44 303.49 2 48 1
205 16.31 18.06 11.97 247.46 19 46 2
206 16.77 8.09 38.48 339.11 24 30 1
207 75.30 69.34 4.09 423.85 3 8 1
208 94.35 86.49 29.67 353.15 15 28 2
209 26.60 13.58 21.10 204.08 8 22 1
210 85.57 46.41 3.76 495.90 10 41 1
211 1.58 77.65 5.83 475.02 21 48 2
212 55.31 66.76 22.41 173.89 18 36 1
213 84.38 12.85 11.92 395.83 24 34 2
214 97.12 90.88 0.21 475.12 6 19 2
215 59.76 2.65 39.83 122.78 8 10 1
216 4.57 61.82 38.78 260.80 14 37 1
217 42.08 58.20 7.93 171.62 3 20 1
218 69.28 75.35 7.04 253.64 6 32 2
219 61.89 64.08 28.49 174.86 13 28 1
220 25.64 83.65 47.47 364.35 4 47 2
221 4.37 24.54 2.04 294.58 10 32 1
222 74.19 47.29 37.05 291.55 13 13 2
223 41.73 91.48 22.11 70.93 12 31 1
224 85.64 84.45 28.42 184.84 18 40 2
225 83.88 65.03 35.70 240.50 16 32 1
226 17.18 70.47 30.25 89.75 16 36 1
227 16.65 79.38 0.85 435.74 20 36 1
228 94.30 98.13 6.58 212.44 24 34 2
229 45.24 31.63 23.67 338.76 4 7 2
230 78.39 60.51 24.69 140.17 14 18 2
231 40.06 5.20 12.03 202.40 15 38 1
232 1.38 58.27 8.40 224.85 19 20 2
233 55.85 20.97 40.06 64.62 9 42 1
234 88.02 32.68 41.65 112.72 2 30 2
235 95.14 92.42 20.86 172.30 0 38 1
236 20.36 0.28 3.90 331.91 9 19 1
237 97.60 78.94 43.46 492.94 22 29 1
238 39.84 87.59 38.37 305.13 3 7 1
239 88.70 67.25 49.67 240.81 5 40 1
240 94.97 61.96 12.65 310.46 8 22 2
241 96.72 88.42 14.92 233.72 10 25 2
242 53.22 25.22 32.34 427.60 18 25 1
243 71.73 63.05 24.64 384.29 4 15 2
244 75.99 38.45 12.95 85.60 23 33 1
245 37.51 94.80 27.71 216.26 23 25 1
246 54.28 94.00 24.83 340.73 6 35 1
247 39.00 85.31 21.03 168.87 1 42 1
248 19.62 36.33 19.31 383.08 8 14 2
249 84.37 62.98 48.17 144.71 22 32 1
250 59.43 36.31 9.48 152.38 24 37 1
251 24.19 58.59 5.09 413.15 8 19 2
252 64.53 13.26 39.86 135.15 6 16 2
253 68.67 56.63 30.18 108.93 9 35 1
254 15.46 19.90 26.15 297.06 18 31 1
255 34.96 84.09 39.72 341.10 9 33 2
256 12.87 78.30 0.53 272.87 9 18 2
257 0.30 20.55 31.03 205.88 22 23 2
258 43.62 87.62 23.05 62.57 7 11 1
259 82.60 10.49 35.40 308.50 24 44 2
260 41.91 50.37 9.79 197.46 11 37 2
261 42.04 87.15 21.17 417.51 15 36 2
262 40.44 65.28 28.46 225.12 9 19 1
263 20.00 11.08 11.67 369.25 20 23 1
264 59.48 2.16 2.11 410.13 7 46 2
265 46.94 45.84 46.67 266.99 18 25 1
266 87.99 39.61 2.08 140.41 14 18 1
267 99.08 4.10 6.50 199.91 23 28 1
268 80.40 16.22 43.55 136.85 24 37 1
269 29.50 0.76 17.16 465.24 21 36 2
270 58.47 20.38 13.23 91.45 4 29 1
271 91.08 56.70 25.22 279.52 8 44 1
272 92.35 10.97 30.49 112.61 14 32 1
273 62.94 50.70 11.69 397.56 2 28 2
274 18.42 25.96 25.12 249.50 12 21 2
275 86.29 70.73 11.50 459.04 19 33 2
276 17.35 6.49 15.44 327.42 3 13 2
277 59.36 48.68 39.01 179.15 2 11 1
278 90.04 19.80 22.81 499.93 2 15 1
279 10.61 86.19 41.25 165.31 14 44 1
280 47.85 62.44 48.33 88.87 12 33 1
281 15.94 77.57 15.71 251.64 7 39 2
282 85.31 7.09 39.86 498.85 8 43 1
283 86.03 46.82 48.67 458.44 4 27 1
284 81.99 48.04 24.32 104.00 2 33 1
285 1.50 67.49 14.93 356.87 6 15 2
286 28.72 58.46 15.37 348.41 22 40 2
287 10.92 36.60 40.77 359.29 7 19 2
288 55.94 93.68 16.42 446.83 13 38 2
289 43.07 12.92 42.56 337.93 12 32 1
290 63.77 54.85 44.13 246.98 11 46 1
291 8.73 69.64 16.28 252.46 1 26 1
292 49.99 30.32 38.97 279.37 9 25 1
293 23.16 79.25 15.13 451.65 15 25 1
294 33.64 98.85 37.53 228.25 22 34 1
295 12.72 32.61 2.63 303.81 11 48 2
296 28.47 13.21 49.09 418.56 23 27 2
297 31.37 57.08 34.87 286.60 12 25 2
298 33.49 45.06 24.11 86.51 2 19 2
299 97.20 54.74 42.99 403.44 9 20 2
300 70.51 22.94 39.86 423.69 3 39 1
301 94.02 20.85 48.00 271.81 5 14 1
302 41.89 7.96 5.90 160.38 4 39 2
303 68.90 75.11 9.89 401.28 17 38 2
304 36.00 62.40 42.73 293.54 0 1 1
305 72.35 0.35 32.26 176.86 6 11 2
306 31.53 17.69 30.05 291.64 15 48 2
307 31.83 97.70 4.60 289.44 20 41 2
308 76.78 98.10 40.49 215.08 22 28 2
309 66.32 69.93 24.89 213.20 12 43 2
310 61.94 99.57 43.03 485.73 14 14 1
311 76.87 66.57 21.72 267.47 16 24 2
312 89.05 91.99 18.44 190.77 11 21 2
313 39.75 72.87 37.79 283.70 20 37 2
314 16.17 24.18 7.55 76.08 14 43 2
315 46.18 35.42 1.25 154.13 15 38 1
316 38.26 21.10 20.88 254.54 8 32 1
317 32.17 9.44 40.51 416.96 7 13 1
318 66.24 43.19 28.36 408.99 4 9 1
319 88.34 13.90 9.00 164.10 20 47 1
320 53.23 3.71 15.72 283.36 17 40 2
321 99.93 34.11 13.44 274.75 11 32 2
322 24.11 67.35 19.75 403.02 1 5 1
323 37.97 77.14 16.34 89.68 18 36 1
324 11.40 66.63 21.54 86.90 12 15 1
325 11.79 40.46 1.37 232.37 11 47 2
326 70.56 47.68 15.13 168.75 17 36 1
327 36.09 90.61 25.45 126.18 11 23 1
328 21.77 71.29 48.92 370.85 12 20 2
329 51.49 8.78 20.21 197.59 17 40 1
330 66.44 69.78 23.86 272.06 16 22 2
331 30.12 73.47 40.48 283.44 1 7 1
332 10.69 61.64 8.76 478.04 5 27 1
333 24.70 70.72 11.41 366.15 17 32 1
334 89.48 36.82 32.20 203.08 13 44 2
335 97.54 53.86 28.42 230.69 17 31 1
336 30.50 57.35 16.32 276.13 16 22 1
337 94.31 21.48 35.93 372.81 19 27 1
338 77.62 11.18 8.99 149.70 7 27 1
339 33.50 78.34 3.13 304.66 20 41 2
340 45.38 59.76 4.63 124.35 5 40 1
341 77.99 96.20 37.65 254.52 6 9 2
342 17.29 13.95 0.93 116.46 12 21 2
343 62.33 47.17 29.42 338.49 9 10 2
344 9.85 78.10 30.16 298.65 6 41 2
345 86.82 29.51 15.32 68.38 2 5 1
346 92.88 87.43 41.44 425.15 2 16 1
347 94.46 98.38 25.17 89.69 16 28 2
348 3.27 80.28 10.74 441.65 16 38 2
349 27.08 70.65 0.94 402.47 10 40 1
350 88.63 73.53 35.42 157.88 11 32 2
351 59.77 83.84 1.27 192.02 17 17 2
352 90.38 6.12 18.83 345.32 14 20 1
353 1.50 14.41 2.08 231.16 6 30 2
354 91.23 92.04 9.74 113.27 14 15 1
355 80.00 2.30 19.70 196.46 11 44 2
356 15.30 61.74 16.13 422.82 22 32 2
357 28.41 62.49 34.63 77.04 16 41 2
358 91.01 63.29 43.18 187.63 9 46 2
359 84.15 36.62 34.58 380.20 10 31 2
360 49.82 72.80 29.11 91.17 20 25 1
361 15.46 79.32 46.08 111.56 2 4 1
362 57.49 73.21 29.71 308.91 14 33 1
363 65.71 5.38 17.35 442.05 15 28 2
364 23.37 30.93 44.43 226.89 13 44 2
365 71.54 68.72 21.18 485.58 0 19 1
366 51.67 77.16 26.19 138.88 0 28 2
367 68.13 94.23 1.80 133.08 2 26 1
368 90.80 86.53 48.80 327.15 9 39 2
369 57.66 54.38 16.72 479.63 19 34 2
370 7.85 94.17 35.73 349.00 23 25 2
371 33.71 8.55 4.86 454.97 24 35 1
372 11.45 14.42 18.95 302.16 2 34 2
373 6.33 32.72 3.41 116.95 5 40 1
374 76.16 50.36 26.41 421.92 12 32 2
375 42.65 8.53 39.16 90.26 24 34 2
376 96.49 28.65 8.52 473.12 5 15 2
377 99.07 33.27 1.93 270.32 9 38 1
378 44.85 20.04 34.90 254.81 17 35 1
379 29.53 55.22 7.07 186.08 20 47 2
380 92.67 22.74 4.17 235.26 2 6 1
381 72.59 93.92 40.95 292.33 24 36 1
382 41.54 91.58 23.82 413.05 20 26 2
383 99.69 94.76 30.34 189.36 15 15 1
384 37.22 98.53 32.94 348.46 19 38 2
385 95.68 11.62 35.60 424.25 18 20 2
386 24.14 0.60 28.31 276.45 12 40 2
387 82.30 25.52 6.98 388.45 18 30 1
388 22.99 58.15 41.29 254.44 13 25 1
389 88.04 75.20 46.99 371.59 21 41 1
390 52.28 90.93 2.57 322.61 5 11 1
391 96.62 9.00 29.51 182.13 10 26 2
392 84.14 8.43 31.05 172.57 2 14 2
393 63.24 16.88 6.34 228.14 7 10 2
394 57.14 79.37 42.61 358.19 3 12 1
395 18.76 44.44 13.95 341.94 20 45 2
396 28.23 64.22 41.64 261.55 24 25 2
397 0.15 51.62 26.98 360.29 15 41 1
398 94.65 25.68 15.10 303.91 21 47 2
399 78.72 68.63 34.88 55.72 11 35 1
400 84.61 56.79 32.67 197.42 8 29 2
401 31.78 23.18 43.87 357.09 15 36 1
402 36.71 21.58 14.51 151.73 5 15 1
403 35.02 45.78 11.40 367.40 5 11 1
404 53.68 16.08 43.57 314.76 3 7 2
405 7.12 65.51 15.48 188.42 2 37 2
406 75.04 33.37 46.02 187.59 8 34 2
407 87.17 71.94 9.70 287.39 15 27 1
408 6.87 20.69 8.16 66.53 18 22 2
409 90.56 97.98 43.96 362.59 3 15 1
410 44.52 20.57 4.64 190.88 20 38 2
411 87.24 20.40 10.48 422.38 4 39 1
412 82.77 16.64 28.74 132.45 5 24 1
413 88.04 97.32 9.18 431.11 0 15 2
414 86.14 80.23 18.30 115.09 14 14 1
415 28.59 25.92 47.04 276.86 4 15 2
416 27.35 96.61 28.32 482.97 19 36 2
417 78.27 74.91 24.28 430.15 12 26 1
418 53.01 42.40 9.25 373.07 0 18 2
419 61.09 71.38 26.84 279.94 13 42 2
420 54.46 58.20 15.28 244.54 22 24 2
421 93.20 41.44 22.54 81.43 18 20 1
422 71.73 46.57 17.57 367.28 11 20 2
423 1.83 83.45 27.42 194.76 10 31 1
424 97.89 86.27 42.49 462.71 10 13 2
425 81.91 36.67 36.47 103.27 15 22 2
426 52.36 28.54 35.48 453.17 5 9 1
427 96.86 72.65 32.75 122.62 19 46 1
428 20.79 7.29 32.29 213.72 11 18 2
429 14.18 57.41 36.11 318.71 12 18 2
430 57.27 40.88 45.19 242.57 8 27 1
431 96.45 70.95 31.13 66.26 24 47 1
432 28.92 57.37 32.56 137.87 20 20 2
433 12.15 58.61 9.07 328.07 19 48 1
434 83.25 65.61 10.76 283.06 21 43 2
435 15.79 67.77 16.58 354.49 23 44 2
436 23.27 30.85 31.02 153.63 11 22 2
437 8.37 30.47 31.34 278.91 22 46 1
438 75.31 30.53 22.15 140.29 12 13 2
439 77.83 83.73 5.28 349.45 8 40 1
440 95.42 14.86 43.03 495.13 1 33 1
441 9.09 13.28 28.29 162.05 21 46 1
442 88.96 10.70 39.39 294.34 13 25 2
443 33.70 46.11 3.26 312.30 15 25 2
444 61.14 68.05 37.36 259.39 19 40 1
445 95.15 88.81 4.30 369.03 16 43 2
446 72.69 42.27 33.10 116.08 23 45 1
447 93.02 78.04 29.95 316.54 20 20 2
448 13.50 14.82 32.09 260.30 17 25 2
449 10.43 32.35 9.69 242.64 16 47 2
450 76.36 20.08 8.27 330.20 11 48 1
451 95.84 91.64 24.74 402.29 16 47 2
452 9.70 85.38 10.25 193.98 9 21 1
453 34.54 33.03 32.13 207.16 20 20 1
454 69.89 73.40 24.51 496.01 3 22 2
455 84.78 69.80 25.19 310.40 17 32 2
456 85.73 58.43 34.95 231.66 12 45 1
457 38.36 41.71 23.62 211.44 14 36 2
458 85.11 15.10 49.15 157.40 0 2 2
459 49.79 26.48 18.19 114.34 18 44 1
460 64.66 57.17 6.38 299.05 1 23 2
461 16.01 31.25 36.52 72.33 17 22 1
462 17.65 7.93 13.54 377.27 7 14 2
463 38.92 5.24 36.50 469.53 6 47 2
464 1.86 70.55 17.54 396.12 17 27 1
465 67.86 98.51 38.23 447.83 23 24 2
466 41.54 0.35 10.38 256.61 17 39 1
467 82.55 71.85 44.65 460.34 17 21 1
468 16.28 78.76 12.64 209.26 7 9 1
469 18.09 29.42 14.27 144.63 13 45 2
470 6.19 57.15 46.51 431.99 21 34 1
471 47.04 70.01 29.12 444.68 5 43 2
472 38.09 1.56 26.52 367.15 12 15 2
473 2.79 22.05 7.17 342.49 5 48 2
474 19.16 29.59 6.26 446.81 12 48 2
475 99.30 82.60 30.68 434.67 5 46 1
476 15.55 16.20 0.40 242.93 18 41 2
477 1.98 71.94 9.27 383.98 3 36 1
478 94.86 62.18 46.38 329.77 23 23 2
479 48.87 66.88 23.06 136.36 2 20 1
480 39.88 35.27 27.99 193.65 21 40 2
481 27.22 82.55 44.83 278.08 21 39 2
482 43.17 0.40 34.22 489.64 3 36 2
483 64.89 71.23 1.22 466.01 0 16 1
484 32.60 58.63 29.29 203.26 4 38 2
485 25.19 71.05 21.68 71.80 22 47 1
486 28.62 31.63 46.00 57.59 22 38 2
487 38.29 38.66 23.79 252.31 6 30 2
488 30.02 87.56 10.61 94.84 14 18 1
489 16.76 1.16 42.49 278.29 23 25 2
490 18.46 16.73 48.74 349.08 6 37 1
491 46.03 26.39 2.13 225.75 22 32 1
492 41.63 59.30 38.36 406.73 13 34 2
493 18.50 38.51 38.09 299.25 14 20 1
494 86.73 90.51 8.92 356.08 6 25 1
495 75.67 60.29 4.91 463.41 19 25 2
496 33.09 12.40 4.31 229.89 3 23 1
497 47.81 51.63 4.72 246.03 24 32 1
498 69.47 63.27 32.35 111.66 20 43 1
499 82.35 65.18 40.12 462.12 3 3 2
500 19.88 0.66 42.29 187.27 15 17 1
1 190.75 4795.60 1
2 184.78 2933.77 2
3 181.76 4462.59 1
4 178.32 3476.64 2
5 199.56 3942.56 2
1 1.13 33.82 1
2 1.31 49.76 4
3 1.27 36.42 1
4 1.74 26.17 3
5 1.27 37.70 1
