Data for Vehicle routing problem with drones - Author: Huyen Do Thi Ngoc
Number of depots: 5
Number of cities: 200
Number of trucks: 5
Number of drones: 5
Area: 100 100 50
Customer maximum demand: 500
Max capacity of truck: 200
Max energy of truck: 5000
Max capacity of drone: 2
Max energy of drone: 50
1 98.37 97.00 43.95
2 2.44 61.79 17.26
3 77.07 9.47 19.73
4 3.75 36.27 7.06
5 53.22 84.77 44.13
1 4.20 42.57 23.67 365.37 15 15 2
2 37.11 7.94 21.94 158.59 13 21 2
3 64.13 97.28 29.16 296.53 2 47 1
4 82.39 22.58 20.41 75.53 11 23 2
5 40.71 88.73 11.65 69.90 0 1 4
6 62.26 42.22 15.89 487.46 7 14 4
7 24.75 2.36 6.73 403.60 5 24 4
8 43.36 77.66 42.42 382.34 6 25 5
9 33.15 96.22 4.04 235.27 9 27 2
10 72.87 90.66 1.42 418.95 2 10 1
11 64.89 81.57 7.12 50.37 1 37 4
12 80.84 78.98 24.22 338.76 15 40 1
13 97.95 31.95 13.20 328.54 1 36 4
14 13.20 97.12 8.29 235.94 5 35 1
15 33.73 35.38 3.15 381.91 4 13 5
16 31.33 90.44 45.57 181.94 15 32 5
17 27.93 56.10 35.75 458.37 5 42 2
18 28.59 36.15 48.24 111.61 17 45 3
19 92.14 83.18 9.56 106.18 21 38 5
20 48.80 12.01 0.10 161.19 9 16 5
21 35.74 62.98 5.02 230.56 21 44 4
22 70.89 14.13 44.57 291.14 0 16 1
23 36.84 76.27 29.71 492.12 3 29 5
24 38.32 6.53 21.46 274.72 19 35 1
25 15.45 59.72 43.64 467.35 19 47 5
26 74.03 38.04 13.67 120.43 20 36 2
27 16.55 4.02 31.07 55.48 12 30 2
28 91.57 68.44 2.47 420.19 1 46 5
29 11.90 99.13 16.19 219.01 5 48 3
30 76.63 6.34 5.38 319.16 13 14 2
31 33.02 22.07 37.36 410.76 23 45 4
32 65.91 4.18 46.19 363.92 18 18 5
33 33.39 89.11 19.39 354.93 9 28 4
34 12.23 95.62 41.91 74.40 24 25 2
35 29.49 74.68 40.23 375.91 8 31 2
36 65.19 24.38 4.63 381.72 21 27 5
37 70.75 79.09 5.58 249.17 0 8 4
38 22.88 97.39 27.69 412.45 10 31 4
39 76.09 39.06 8.01 74.34 0 44 1
40 28.21 95.92 5.37 243.20 3 18 3
41 42.28 39.72 19.32 429.30 1 13 4
42 40.97 36.62 21.31 165.99 11 30 5
43 57.89 97.60 14.02 117.71 3 31 3
44 1.32 70.25 40.59 308.85 17 44 3
45 53.24 61.52 6.47 370.85 0 42 3
46 86.77 6.52 37.43 459.13 17 25 3
47 5.71 91.13 40.85 218.98 0 13 1
48 37.24 69.87 29.82 264.80 8 47 2
49 47.11 19.95 34.45 336.36 2 44 3
50 12.30 51.05 49.33 490.62 24 31 1
51 60.95 47.82 47.70 393.33 2 19 5
52 81.32 9.57 43.20 159.76 8 30 2
53 66.16 43.99 6.51 416.82 3 38 5
54 89.59 20.11 31.64 184.40 22 32 2
55 38.50 72.30 11.07 380.27 19 34 5
56 11.80 40.72 19.14 306.46 22 24 2
57 54.33 59.48 15.80 424.61 3 19 1
58 93.86 94.00 32.31 136.42 18 28 1
59 56.70 74.03 20.71 245.38 1 13 2
60 94.46 78.26 8.87 210.89 22 46 5
61 67.46 30.91 22.32 279.38 1 11 5
62 23.17 91.56 22.97 402.63 4 26 2
63 71.12 2.41 39.18 169.46 23 36 5
64 27.87 74.29 7.60 95.71 22 35 5
65 82.92 56.78 43.14 282.45 22 40 1
66 83.70 98.35 8.06 131.67 11 32 1
67 92.98 85.02 1.35 246.52 23 40 2
68 24.49 8.90 19.18 421.16 7 44 2
69 38.91 70.24 9.36 421.57 23 43 4
70 88.67 92.63 4.19 489.75 14 32 3
71 6.12 9.55 10.69 349.56 9 31 3
72 80.21 96.30 18.20 468.69 9 26 5
73 38.34 48.05 34.42 414.93 13 45 5
74 21.48 34.78 41.60 170.77 9 24 3
75 11.51 1.50 3.83 103.86 17 36 1
76 63.08 4.19 17.69 216.71 2 9 5
77 26.65 28.86 19.07 378.76 18 21 3
78 65.18 18.79 19.28 373.98 6 44 1
79 61.86 46.68 1.54 483.98 16 22 1
80 94.27 75.29 8.91 458.36 18 42 2
81 26.77 33.98 14.52 117.40 1 25 3
82 19.91 59.94 25.61 54.01 12 47 2
83 82.19 33.57 19.15 444.30 15 35 3
84 35.89 2.95 30.51 89.79 12 28 4
85 71.38 69.30 38.83 450.94 9 47 4
86 0.57 39.78 19.69 255.55 16 16 2
87 46.48 22.37 33.51 370.19 3 45 4
88 52.44 51.30 48.78 415.51 23 47 5
89 52.88 63.36 17.24 343.74 15 17 2
90 96.34 76.17 27.18 191.81 3 18 5
91 68.91 95.76 13.47 283.52 23 42 5
92 56.54 5.94 14.71 241.49 6 38 3
93 44.67 70.85 19.47 408.26 20 25 5
94 99.89 3.68 44.43 150.67 14 17 4
95 38.64 80.04 40.45 172.23 24 33 4
96 54.53 1.50 37.71 202.61 16 29 1
97 23.26 29.97 19.34 416.39 22 38 3
98 17.69 29.46 13.88 67.45 24 42 1
99 69.15 47.50 27.44 386.25 11 14 3
100 23.29 89.05 0.05 346.79 9 36 5
101 30.63 16.60 38.90 64.99 23 23 1
102 71.73 39.41 2.85 250.91 21 36 5
103 51.76 10.04 47.59 179.92 16 23 3
104 94.94 81.46 14.39 296.05 16 39 4
105 66.35 31.15 37.03 441.24 10 31 3
106 77.10 38.41 39.55 67.12 9 46 2
107 80.30 76.37 14.43 117.30 19 31 1
108 65.95 82.15 41.80 466.58 8 18 2
109 76.16 23.94 6.05 381.36 22 34 1
110 64.74 63.50 42.61 59.29 18 32 5
111 29.10 22.43 6.92 139.09 4 17 1
112 10.07 56.94 22.94 438.83 9 9 3
113 88.89 89.84 48.96 474.32 11 15 5
114 6.39 12.79 43.11 336.72 8 36 3
115 63.13 51.75 19.27 199.84 13 28 4
116 96.67 32.92 40.74 160.61 16 20 3
117 9.11 92.89 7.95 113.95 16 20 3
118 29.05 63.42 12.12 351.79 5 32 3
119 88.13 41.50 3.29 58.86 10 44 4
120 15.23 88.10 1.76 95.74 13 45 1
121 60.55 62.31 28.58 441.43 9 21 1
122 78.70 96.97 18.92 400.19 23 40 3
123 81.10 34.83 6.15 467.14 5 30 2
124 96.42 82.01 40.49 180.21 9 19 1
125 42.61 36.87 33.95 443.94 11 35 2
126 6.35 84.67 3.08 206.98 22 38 5
127 77.49 79.32 37.50 196.28 20 23 1
128 2.87 99.00 34.54 211.90 18 44 5
129 45.57 90.79 12.36 200.26 13 36 1
130 46.36 91.09 22.20 296.11 3 12 4
131 61.65 59.32 12.21 52.65 12 12 2
132 33.72 97.07 13.76 141.96 15 34 5
133 74.74 37.30 43.53 91.94 16 41 3
134 18.21 38.70 22.33 392.65 10 43 5
135 92.18 88.16 47.23 414.99 15 38 5
136 93.61 6.56 32.22 411.41 9 36 4
137 46.99 70.00 4.03 68.51 2 10 2
138 57.94 47.56 24.47 315.13 8 27 5
139 73.70 27.65 45.56 148.63 1 44 1
140 13.55 73.28 31.69 161.08 13 31 3
141 22.21 72.29 46.74 411.30 18 43 2
142 98.91 29.03 21.55 381.08 10 42 3
143 91.44 70.60 19.16 122.95 11 38 5
144 32.60 5.20 9.87 114.84 17 37 3
145 68.72 2.67 40.97 141.08 16 28 2
146 81.31 99.39 0.25 328.31 9 11 2
147 49.05 48.53 38.71 328.15 1 32 4
148 96.90 82.23 3.09 345.62 1 39 3
149 34.62 95.98 21.82 458.49 19 30 4
150 32.30 35.14 31.30 357.30 11 40 5
151 72.34 71.30 49.41 265.80 22 37 5
152 94.11 2.04 42.68 119.01 7 24 4
153 33.40 9.45 10.20 375.32 1 34 3
154 22.42 54.72 20.35 279.58 2 19 1
155 14.22 43.32 5.83 219.90 19 45 1
156 31.57 2.44 25.03 302.15 22 30 1
157 26.31 87.45 21.17 53.80 14 29 4
158 95.25 22.84 25.24 176.20 6 20 2
159 73.09 8.46 42.45 123.34 1 2 1
160 24.42 16.18 20.80 136.16 4 19 5
161 66.59 40.23 47.35 278.78 23 39 5
162 3.56 49.64 11.21 337.73 8 19 4
163 29.62 86.05 8.83 375.45 20 33 4
164 81.97 24.96 10.28 350.70 5 11 2
165 43.22 2.08 10.78 342.42 6 34 1
166 95.22 64.91 39.03 99.42 21 27 2
167 91.01 92.89 12.13 442.06 14 39 4
168 3.83 84.06 3.56 241.88 9 21 3
169 53.55 26.56 24.34 417.40 3 12 4
170 49.71 82.17 33.08 60.57 15 46 1
171 97.02 61.53 47.64 442.84 13 41 5
172 33.72 55.17 37.09 73.15 12 42 1
173 33.41 24.06 8.74 90.08 5 38 4
174 60.11 59.16 26.20 252.47 17 40 1
175 4.80 21.12 19.55 272.87 1 43 2
176 73.82 94.42 5.39 418.14 7 15 5
177 66.83 82.34 29.12 176.11 23 37 4
178 76.00 17.68 48.05 170.66 13 44 1
179 10.98 97.32 42.18 455.52 20 35 2
180 97.92 52.24 30.20 378.33 21 22 5
181 55.74 73.35 18.02 237.53 16 48 1
182 34.33 66.55 42.41 496.20 7 46 2
183 61.37 25.96 6.53 399.93 7 22 3
184 0.27 55.34 24.88 213.32 19 39 3
185 10.37 95.23 40.98 269.83 5 41 1
186 97.20 12.87 32.13 285.88 2 36 4
187 59.11 43.49 5.13 460.08 14 29 1
188 45.38 52.41 14.40 240.16 15 26 2
189 13.73 99.00 48.33 446.10 9 33 5
190 45.30 75.54 25.88 161.74 11 18 5
191 24.42 91.58 8.64 294.75 17 44 1
192 71.84 81.13 31.86 193.25 22 48 5
193 4.69 30.29 23.83 429.41 1 9 5
194 80.91 11.28 42.22 61.90 5 5 2
195 92.45 73.09 7.04 174.48 10 25 1
196 60.46 83.07 12.54 161.39 13 44 4
197 2.94 58.76 47.53 259.65 15 21 1
198 34.38 2.07 5.48 334.10 8 37 5
199 89.42 41.92 28.63 253.55 16 41 3
200 52.47 50.50 24.15 78.06 21 30 4
1 143.00 2883.54 1
2 199.86 3691.32 2
3 160.73 3769.66 3
4 131.83 3281.54 4
5 167.37 4595.44 5
1 1.48 27.54 5
2 1.40 35.37 2
3 1.55 40.51 3
4 1.47 44.84 3
5 1.56 33.93 2
