Data for Vehicle routing problem with drones - Author: Huyen Do Thi Ngoc
Number of depots: 1
Number of cities: 200
Number of trucks: 1
Number of drones: 7
Area: 100 100 50
Customer maximum demand: 500
Max capacity of truck: 200
Max energy of truck: 5000
Max capacity of drone: 2
Max energy of drone: 50
1 22.30 82.81 8.82
1 24.50 94.52 33.30 262.09 3 14 1
2 38.32 62.58 17.59 259.84 9 21 1
3 68.13 53.54 6.48 63.84 1 28 1
4 22.29 92.49 33.06 214.79 9 41 1
5 71.34 38.01 20.83 79.83 22 46 1
6 44.03 65.59 3.16 447.28 8 11 1
7 31.70 64.85 6.95 416.03 16 31 1
8 51.11 13.46 15.56 71.50 12 40 1
9 54.79 63.13 19.88 204.41 3 44 1
10 60.38 8.73 17.97 125.35 24 33 1
11 34.11 49.21 15.12 398.29 8 24 1
12 3.44 97.51 43.80 125.47 5 26 1
13 31.73 80.87 2.88 228.65 6 16 1
14 84.04 28.28 20.40 416.02 16 22 1
15 78.99 57.64 33.29 80.01 15 17 1
16 57.91 63.09 31.72 195.18 14 25 1
17 21.70 16.27 46.15 235.93 0 45 1
18 24.26 77.29 15.48 136.02 23 33 1
19 16.87 58.56 29.57 478.23 18 48 1
20 15.70 37.13 21.91 253.30 17 41 1
21 24.43 19.46 45.38 330.10 1 25 1
22 30.39 90.41 18.89 143.34 17 37 1
23 92.61 99.27 4.69 210.38 0 0 1
24 70.60 2.21 47.36 360.37 11 28 1
25 48.49 19.86 12.46 123.65 20 33 1
26 26.41 50.54 35.66 173.04 14 42 1
27 16.72 80.38 39.06 317.84 24 42 1
28 97.40 16.77 7.71 491.71 13 48 1
29 42.04 25.56 24.63 126.80 10 47 1
30 24.98 14.49 1.76 106.54 14 43 1
31 41.75 13.70 24.14 173.16 23 41 1
32 61.42 32.52 41.70 325.56 10 48 1
33 49.05 93.46 25.09 374.19 20 20 1
34 85.05 85.22 29.14 238.52 10 45 1
35 78.27 56.15 8.20 273.86 1 13 1
36 46.09 55.71 42.18 314.47 11 29 1
37 53.04 92.27 41.04 117.08 8 15 1
38 4.71 83.54 32.28 51.64 23 43 1
39 49.57 30.57 19.76 228.82 15 33 1
40 6.59 92.47 42.53 222.31 10 44 1
41 11.18 71.66 38.94 249.36 3 25 1
42 48.89 91.03 39.78 340.57 5 44 1
43 45.29 0.16 5.48 330.52 8 36 1
44 6.37 78.33 23.25 91.56 9 43 1
45 68.25 7.46 38.24 233.17 11 38 1
46 35.99 13.40 29.36 283.05 16 47 1
47 25.93 87.47 17.87 120.20 15 36 1
48 88.17 42.48 40.49 256.35 5 46 1
49 51.61 85.11 28.44 378.96 4 14 1
50 76.70 89.78 12.92 208.14 14 16 1
51 81.48 63.18 11.16 468.02 20 39 1
52 28.86 53.28 12.65 314.99 11 33 1
53 12.35 95.83 25.54 227.86 24 34 1
54 96.91 63.27 8.43 337.56 21 23 1
55 39.21 5.55 26.30 246.47 7 35 1
56 67.92 71.17 48.63 132.71 18 26 1
57 61.74 84.08 17.80 183.60 1 22 1
58 59.20 94.47 46.97 82.99 22 24 1
59 29.60 97.79 30.86 490.59 7 29 1
60 2.19 94.67 36.76 314.89 3 8 1
61 31.07 68.67 20.75 358.19 17 40 1
62 59.67 74.11 1.36 113.82 7 23 1
63 28.69 12.64 38.55 398.05 15 42 1
64 71.80 30.34 3.17 175.51 6 15 1
65 48.15 6.60 48.61 207.49 24 47 1
66 26.61 9.21 20.36 399.55 4 47 1
67 40.83 66.93 20.38 55.62 24 26 1
68 72.05 85.37 7.76 90.94 7 33 1
69 86.89 14.82 3.06 87.85 14 18 1
70 1.31 15.96 6.73 330.83 18 48 1
71 23.76 73.50 33.51 436.44 14 43 1
72 11.21 0.75 49.92 378.02 16 16 1
73 69.72 19.24 19.95 308.02 20 40 1
74 65.04 33.15 13.61 161.67 15 29 1
75 12.60 8.84 14.40 151.54 8 11 1
76 41.12 57.19 29.25 73.99 4 11 1
77 66.21 68.21 0.68 302.22 16 19 1
78 21.88 70.31 35.04 116.64 0 25 1
79 66.95 38.92 42.88 219.85 14 41 1
80 28.81 76.13 6.69 57.18 18 45 1
81 7.94 33.33 39.39 86.05 20 21 1
82 72.78 82.14 48.55 203.08 13 40 1
83 18.75 39.31 48.78 100.00 10 26 1
84 17.70 1.86 47.58 260.25 3 44 1
85 75.98 36.31 35.84 141.86 7 10 1
86 55.60 98.39 12.94 120.81 21 43 1
87 10.40 51.89 22.63 252.74 12 14 1
88 46.48 98.85 10.60 179.21 12 32 1
89 37.55 97.07 43.67 382.35 17 44 1
90 16.79 89.16 37.29 349.45 20 46 1
91 38.11 13.17 12.78 268.57 18 21 1
92 52.94 86.81 32.46 442.25 6 17 1
93 91.60 89.96 13.99 59.20 10 31 1
94 57.83 65.51 16.75 189.50 6 38 1
95 20.43 58.69 1.18 496.90 22 33 1
96 17.23 50.03 7.21 110.27 4 20 1
97 9.00 73.73 12.98 275.12 5 9 1
98 67.47 2.73 11.62 144.59 13 39 1
99 62.44 48.83 12.72 431.18 9 31 1
100 17.19 28.54 33.94 115.26 21 43 1
101 46.02 88.93 8.39 303.56 5 30 1
102 77.64 45.66 4.08 359.61 12 25 1
103 57.72 1.40 40.94 149.04 3 19 1
104 32.50 39.94 13.08 384.70 3 18 1
105 43.19 75.42 40.70 194.58 21 24 1
106 29.38 46.96 29.39 319.00 4 4 1
107 59.75 33.96 4.64 124.40 6 48 1
108 90.09 88.19 43.86 202.97 5 8 1
109 51.29 12.27 10.70 209.26 10 32 1
110 11.46 16.47 18.96 349.93 21 36 1
111 97.95 78.08 34.65 269.57 7 14 1
112 44.43 58.43 32.64 128.68 18 47 1
113 99.75 61.66 46.03 354.23 3 41 1
114 78.46 58.01 38.84 275.51 19 25 1
115 75.90 51.06 28.35 472.02 23 23 1
116 77.18 22.35 20.29 83.68 18 42 1
117 94.08 46.69 2.58 297.15 11 18 1
118 16.61 90.89 47.62 402.50 2 4 1
119 56.95 87.46 15.42 204.47 16 24 1
120 33.29 40.21 22.71 429.87 20 37 1
121 89.05 25.81 15.28 162.50 6 14 1
122 34.86 2.58 19.88 349.95 12 28 1
123 2.56 0.37 47.92 369.19 5 16 1
124 77.31 55.95 34.84 72.00 16 31 1
125 7.40 4.58 17.98 95.28 19 22 1
126 18.30 68.81 22.39 282.57 23 39 1
127 96.84 86.88 16.87 323.17 9 19 1
128 37.44 36.37 18.10 196.80 16 41 1
129 74.96 80.60 33.89 276.53 7 34 1
130 45.69 44.55 22.02 78.51 14 29 1
131 32.77 30.86 19.83 445.37 9 30 1
132 66.18 23.18 0.25 207.51 5 33 1
133 26.76 74.84 49.39 248.08 5 19 1
134 47.40 64.77 39.25 381.43 3 13 1
135 87.26 58.29 23.59 247.66 0 2 1
136 69.02 36.19 1.42 449.76 2 11 1
137 77.62 58.46 37.17 364.26 15 46 1
138 71.11 98.52 19.65 232.26 7 19 1
139 26.88 1.39 39.13 468.48 9 36 1
140 61.25 16.32 3.65 340.95 22 26 1
141 21.20 42.92 38.29 197.20 20 36 1
142 93.75 58.94 32.04 140.96 11 43 1
143 92.05 21.59 5.69 112.85 19 22 1
144 60.66 6.42 1.36 315.19 16 17 1
145 50.79 53.74 22.10 302.49 19 45 1
146 31.34 6.83 4.30 150.50 19 20 1
147 10.10 53.06 14.02 84.91 15 29 1
148 81.12 96.16 20.09 128.99 15 39 1
149 43.61 28.07 15.08 80.69 18 26 1
150 26.19 52.81 20.03 56.74 8 38 1
151 15.00 25.34 25.04 353.46 13 44 1
152 31.14 59.69 39.52 193.72 24 43 1
153 48.43 63.76 1.50 376.70 9 15 1
154 91.26 36.68 30.33 194.06 21 36 1
155 18.62 16.86 10.85 254.64 11 23 1
156 15.00 84.07 6.38 198.48 24 35 1
157 58.61 29.67 4.30 360.44 3 9 1
158 12.55 81.85 30.39 403.66 22 33 1
159 14.10 65.33 0.63 122.06 5 10 1
160 75.67 56.95 37.54 376.27 12 41 1
161 11.13 85.56 1.89 356.20 19 25 1
162 18.92 21.08 31.89 53.01 16 27 1
163 47.04 52.53 48.72 261.76 22 24 1
164 23.53 10.28 4.77 140.92 5 11 1
165 96.43 16.37 15.60 357.58 7 22 1
166 18.25 58.33 45.75 266.64 6 47 1
167 59.94 42.74 0.99 467.74 16 32 1
168 92.91 38.53 37.87 280.01 4 45 1
169 36.46 73.02 1.76 163.77 18 28 1
170 63.62 21.76 19.38 473.39 5 29 1
171 19.23 52.36 21.87 401.22 6 26 1
172 65.10 24.93 48.17 337.49 7 12 1
173 93.74 34.12 19.12 323.45 14 28 1
174 32.99 53.64 7.94 120.59 14 23 1
175 59.14 92.41 19.78 400.76 9 46 1
176 48.76 24.89 18.93 198.78 3 37 1
177 43.83 95.36 6.11 383.42 4 10 1
178 5.78 96.79 42.60 196.46 13 32 1
179 47.26 55.11 44.17 366.53 7 25 1
180 2.65 86.60 12.62 399.94 23 46 1
181 21.75 79.85 45.30 187.47 14 40 1
182 22.48 26.57 25.17 146.14 10 16 1
183 36.94 80.39 39.39 332.32 20 36 1
184 85.70 95.83 24.11 460.24 7 44 1
185 66.04 42.11 45.77 133.65 8 41 1
186 11.62 58.88 19.20 341.17 3 23 1
187 35.71 34.35 34.88 135.13 14 20 1
188 53.28 80.93 31.78 423.18 24 25 1
189 18.78 46.89 18.14 304.09 13 38 1
190 79.11 77.99 41.26 210.56 15 16 1
191 62.18 15.39 16.22 132.76 8 47 1
192 91.54 10.44 29.26 412.71 13 38 1
193 94.49 60.46 18.67 138.99 20 30 1
194 65.74 65.13 15.52 462.33 13 19 1
195 80.28 73.11 12.46 382.59 21 35 1
196 22.46 67.55 33.55 252.43 10 34 1
197 94.83 16.61 0.78 127.23 9 35 1
198 92.31 30.29 31.30 119.26 5 38 1
199 2.56 53.43 15.28 280.85 19 48 1
200 38.56 54.74 13.36 412.91 5 30 1
1 196.12 2755.68 1
1 1.08 32.55 1
2 1.92 29.46 1
3 1.37 31.30 1
4 1.17 49.19 1
5 1.58 29.34 1
6 1.89 33.24 1
7 1.35 45.47 1
