Data for Vehicle routing problem with drones - Author: Huyen Do Thi Ngoc
Number of depots: 1
Number of cities: 400
Number of trucks: 4
Number of drones: 6
Area: 100 100 50
Customer maximum demand: 500
Max capacity of truck: 200
Max energy of truck: 5000
Max capacity of drone: 2
Max energy of drone: 50
1 44.77 91.12 49.23
1 34.84 12.48 29.40 409.28 5 24 1
2 25.29 62.58 23.16 335.99 11 33 1
3 31.08 95.16 41.20 451.44 17 34 1
4 86.04 59.92 7.90 373.09 5 45 1
5 93.98 97.60 28.63 330.59 0 30 1
6 53.63 80.46 15.72 67.33 16 23 1
7 68.71 46.19 20.72 146.83 4 42 1
8 34.85 42.07 37.45 256.59 3 32 1
9 57.84 32.65 13.40 323.31 22 27 1
10 4.07 95.21 41.17 112.06 15 16 1
11 25.11 89.53 37.56 472.18 5 14 1
12 20.83 62.10 21.27 338.15 11 20 1
13 17.34 77.92 33.64 176.20 19 23 1
14 62.36 40.67 3.46 330.67 17 19 1
15 97.18 61.10 7.80 130.24 7 40 1
16 76.40 18.67 48.28 308.03 19 41 1
17 26.87 58.35 5.11 308.74 13 40 1
18 13.44 85.52 25.85 288.60 1 9 1
19 37.58 17.84 19.73 145.34 5 43 1
20 97.51 88.27 2.39 358.00 14 19 1
21 17.35 47.67 3.03 417.12 4 44 1
22 48.51 61.04 21.92 229.09 12 39 1
23 9.14 15.18 10.68 460.84 8 37 1
24 9.37 68.71 40.12 199.45 13 46 1
25 87.11 15.62 3.46 371.40 4 46 1
26 8.77 8.88 0.66 388.20 10 33 1
27 73.86 36.12 42.45 427.10 16 33 1
28 75.94 25.81 30.23 244.22 8 10 1
29 51.71 94.83 30.50 465.66 3 25 1
30 52.35 63.96 12.54 379.92 16 33 1
31 39.13 93.25 33.01 437.15 17 38 1
32 65.88 40.68 38.19 254.30 7 17 1
33 76.02 38.68 44.40 285.67 10 37 1
34 77.73 29.20 11.90 223.24 10 43 1
35 44.15 52.36 19.77 112.30 13 46 1
36 83.23 40.38 34.97 399.62 13 26 1
37 6.69 74.79 11.21 176.66 7 43 1
38 16.41 39.49 30.58 61.77 3 8 1
39 45.62 83.13 15.55 145.55 21 27 1
40 8.61 88.61 8.07 205.29 20 43 1
41 60.12 72.47 14.28 403.22 2 21 1
42 38.14 74.25 47.78 397.89 19 19 1
43 43.77 63.57 42.31 243.39 5 24 1
44 63.09 73.37 4.02 239.69 20 28 1
45 87.16 40.00 30.31 476.25 11 31 1
46 79.70 1.05 47.10 407.74 14 34 1
47 13.10 90.20 10.81 413.86 18 39 1
48 95.63 31.37 19.52 420.73 0 11 1
49 83.85 62.74 28.88 57.76 1 38 1
50 66.14 72.23 16.06 450.52 12 48 1
51 85.04 21.86 11.17 340.74 11 20 1
52 23.53 89.77 36.65 251.76 1 40 1
53 62.25 98.18 10.94 352.15 8 39 1
54 61.20 28.52 11.23 137.90 6 18 1
55 96.65 55.05 28.43 426.27 3 44 1
56 91.90 43.70 19.29 289.23 8 47 1
57 41.66 51.62 9.59 149.93 2 36 1
58 65.54 79.40 38.61 57.38 1 33 1
59 56.92 2.43 2.76 225.43 16 45 1
60 58.57 38.19 2.74 428.35 9 33 1
61 32.83 93.23 25.75 65.71 8 14 1
62 62.41 94.32 39.15 474.13 15 37 1
63 83.76 42.24 0.83 452.36 22 33 1
64 52.98 49.96 1.45 223.49 15 21 1
65 39.80 39.23 30.50 287.02 14 44 1
66 97.09 91.78 45.53 350.83 3 32 1
67 16.67 12.38 19.59 178.00 0 6 1
68 44.04 34.09 25.09 499.00 3 45 1
69 98.95 55.04 43.01 317.99 7 14 1
70 50.80 15.70 18.85 418.99 5 10 1
71 3.88 98.74 15.43 82.31 21 28 1
72 17.77 13.42 30.51 430.01 17 23 1
73 75.65 71.52 38.89 146.28 12 12 1
74 77.06 92.93 8.87 348.95 23 42 1
75 25.07 49.72 10.42 345.66 18 20 1
76 25.33 29.68 39.80 88.48 0 41 1
77 44.42 43.71 44.30 110.95 19 29 1
78 33.79 48.89 20.76 470.72 12 22 1
79 29.66 13.47 5.68 286.89 1 17 1
80 93.96 39.45 37.87 261.47 21 27 1
81 28.82 68.06 8.09 207.26 23 23 1
82 64.84 68.11 26.61 110.47 2 47 1
83 92.23 73.56 10.28 144.33 15 20 1
84 3.65 29.54 2.90 492.26 5 33 1
85 12.11 86.77 0.86 72.75 23 41 1
86 39.94 20.74 8.01 306.79 14 17 1
87 95.02 35.90 11.93 483.11 8 33 1
88 47.50 29.42 46.95 244.05 11 41 1
89 96.55 25.58 38.95 259.92 7 36 1
90 38.64 78.13 14.00 227.83 0 45 1
91 7.68 95.06 15.46 95.24 12 29 1
92 85.95 62.50 27.48 392.13 15 33 1
93 80.60 12.87 19.54 251.60 19 37 1
94 86.28 75.46 18.44 159.92 15 46 1
95 22.77 98.27 38.83 237.21 3 32 1
96 6.17 1.27 14.38 383.25 24 40 1
97 38.83 64.47 27.77 443.20 9 23 1
98 15.00 50.80 17.53 258.03 0 29 1
99 31.04 33.18 13.19 144.76 18 31 1
100 99.11 65.86 15.30 493.43 16 35 1
101 97.81 34.61 33.26 319.84 17 29 1
102 57.76 37.41 9.25 245.30 13 42 1
103 45.51 92.17 17.88 88.03 10 30 1
104 9.46 13.99 11.91 493.22 5 32 1
105 78.81 87.50 27.46 205.37 15 33 1
106 95.42 33.45 21.37 368.56 1 29 1
107 71.04 36.08 6.50 95.76 20 30 1
108 20.55 10.88 3.31 230.15 20 32 1
109 50.10 97.95 16.58 348.63 21 25 1
110 24.67 31.01 18.82 476.68 16 24 1
111 7.73 55.78 12.64 382.54 17 36 1
112 97.52 88.47 27.77 243.45 14 40 1
113 42.09 32.63 23.98 216.57 11 35 1
114 5.02 24.36 45.96 428.31 3 4 1
115 71.10 36.64 0.13 214.60 22 48 1
116 32.82 70.70 4.98 223.72 11 18 1
117 27.52 18.08 27.05 421.96 21 26 1
118 66.54 91.40 21.20 63.73 5 12 1
119 32.80 96.58 12.47 169.70 2 15 1
120 73.44 71.41 0.21 158.26 23 28 1
121 91.19 75.10 16.55 250.44 16 47 1
122 27.07 12.99 30.55 417.21 18 31 1
123 58.92 32.69 40.07 74.52 11 46 1
124 97.50 0.84 14.11 311.36 6 28 1
125 12.77 0.37 23.86 60.88 19 29 1
126 8.13 97.35 44.40 427.68 13 34 1
127 75.52 31.10 17.05 236.86 0 18 1
128 53.60 60.62 19.96 292.55 18 29 1
129 34.87 68.83 28.40 88.36 15 38 1
130 83.61 51.25 42.85 347.27 22 26 1
131 13.21 85.79 38.99 58.92 14 48 1
132 22.52 91.51 0.24 72.31 13 23 1
133 16.54 41.40 46.26 234.02 10 11 1
134 44.50 83.46 48.03 100.17 6 46 1
135 57.84 16.67 30.30 152.24 8 42 1
136 45.54 76.42 25.43 202.20 11 11 1
137 2.09 60.15 31.19 329.81 8 31 1
138 3.99 13.10 20.70 453.27 3 42 1
139 81.24 24.63 27.49 206.59 18 25 1
140 27.05 68.79 15.33 306.13 8 10 1
141 80.27 30.40 38.50 442.80 18 39 1
142 68.75 23.46 9.72 262.02 10 20 1
143 62.78 2.42 49.81 210.82 21 31 1
144 56.27 45.84 24.11 412.89 5 6 1
145 37.16 84.94 39.60 417.31 2 16 1
146 85.87 63.07 39.88 53.29 1 48 1
147 28.27 97.99 24.54 282.60 22 32 1
148 79.94 42.06 31.24 378.17 18 24 1
149 72.06 50.12 21.19 149.07 4 23 1
150 72.60 69.07 49.62 154.40 5 8 1
151 99.46 79.58 47.61 418.74 24 40 1
152 9.05 91.05 23.00 422.50 4 45 1
153 31.56 25.17 13.21 431.79 20 46 1
154 18.30 21.78 20.22 297.15 1 45 1
155 22.72 83.36 49.34 195.12 18 29 1
156 62.10 60.81 6.02 466.83 8 43 1
157 23.07 76.71 29.49 306.80 9 15 1
158 59.06 66.87 6.61 166.07 15 34 1
159 33.42 9.72 8.58 223.89 6 35 1
160 52.14 40.91 44.48 163.00 6 19 1
161 16.83 76.07 47.44 334.10 10 40 1
162 22.40 83.75 43.41 349.29 1 36 1
163 0.53 58.60 22.38 148.77 2 29 1
164 94.49 56.71 36.15 244.88 22 47 1
165 10.65 46.93 32.01 340.76 1 20 1
166 6.29 75.18 0.53 272.36 21 31 1
167 97.84 37.20 8.06 213.78 23 30 1
168 93.88 61.30 23.18 399.63 8 10 1
169 41.68 70.76 41.32 277.02 2 7 1
170 18.02 21.16 41.86 165.42 15 39 1
171 2.55 63.82 17.77 124.15 2 36 1
172 81.80 13.53 38.68 137.59 9 22 1
173 30.33 34.73 27.65 297.37 17 46 1
174 77.48 85.67 36.40 230.12 15 15 1
175 50.67 48.61 6.11 55.51 1 17 1
176 40.30 54.54 32.05 337.64 23 38 1
177 77.24 27.42 14.34 257.15 19 22 1
178 82.94 52.42 35.72 372.26 7 22 1
179 9.36 27.82 4.33 281.72 4 16 1
180 51.61 8.62 19.61 121.27 16 34 1
181 85.90 57.56 26.49 212.81 0 15 1
182 13.88 67.78 48.42 208.76 6 36 1
183 29.00 18.30 3.32 449.09 6 48 1
184 76.58 59.78 18.49 314.59 11 16 1
185 75.40 88.41 23.55 132.34 10 18 1
186 83.76 78.66 1.88 93.27 5 23 1
187 57.40 11.74 20.38 252.10 10 20 1
188 85.46 58.70 19.07 412.06 22 46 1
189 38.61 99.44 41.88 191.21 24 42 1
190 35.35 37.45 14.14 459.44 1 39 1
191 53.83 98.04 25.03 378.71 14 36 1
192 58.52 13.27 27.15 101.90 18 48 1
193 38.49 90.09 16.88 451.75 2 27 1
194 76.78 64.73 14.04 270.04 16 36 1
195 36.26 63.30 31.80 266.00 22 38 1
196 41.10 20.41 43.52 60.42 16 26 1
197 18.93 26.63 39.24 118.35 16 17 1
198 2.85 33.25 43.47 483.36 2 34 1
199 8.95 97.84 1.43 225.78 4 47 1
200 3.83 99.72 15.49 245.11 24 28 1
201 80.49 88.52 25.89 112.28 4 12 1
202 24.96 12.29 37.68 423.48 10 36 1
203 51.22 28.47 21.87 329.30 8 18 1
204 83.83 66.10 43.34 319.09 17 20 1
205 32.74 39.28 35.63 411.09 14 31 1
206 35.51 62.21 42.90 465.87 21 44 1
207 79.13 30.99 45.76 380.65 21 22 1
208 67.40 47.29 11.64 470.42 13 37 1
209 53.93 17.75 7.92 123.03 20 41 1
210 4.94 19.28 11.77 77.16 15 32 1
211 46.53 16.69 22.68 109.03 17 37 1
212 47.30 61.05 17.23 138.26 21 23 1
213 5.53 73.85 18.36 52.78 4 43 1
214 25.78 39.84 42.33 277.93 22 42 1
215 95.73 11.14 17.48 433.83 22 44 1
216 91.66 40.47 15.50 482.35 16 46 1
217 59.28 50.09 12.10 279.74 21 40 1
218 53.76 72.07 14.45 480.03 22 42 1
219 48.54 44.06 46.79 201.01 0 20 1
220 40.12 97.40 9.83 404.05 23 24 1
221 90.48 43.34 27.17 327.31 12 33 1
222 98.73 37.48 47.27 223.68 9 27 1
223 99.74 74.28 40.92 397.83 19 20 1
224 37.75 37.24 27.46 221.23 18 21 1
225 15.47 66.79 26.75 454.48 13 47 1
226 20.01 80.61 14.32 188.39 14 21 1
227 4.52 8.56 16.75 123.86 10 37 1
228 27.54 3.95 6.73 375.97 21 39 1
229 43.45 68.82 8.06 170.60 23 48 1
230 69.23 95.15 40.09 318.28 21 42 1
231 74.12 96.62 5.97 386.65 5 14 1
232 41.59 75.96 6.47 448.65 22 23 1
233 76.80 42.11 20.61 171.89 19 22 1
234 87.66 88.53 46.03 320.44 5 40 1
235 91.87 60.26 35.37 448.54 16 38 1
236 59.06 70.28 25.89 330.01 21 43 1
237 99.16 47.50 49.74 121.42 0 28 1
238 72.68 48.48 8.27 302.09 17 47 1
239 46.75 31.10 3.67 474.05 20 22 1
240 11.56 17.84 31.62 253.29 15 44 1
241 77.94 81.35 44.74 460.46 0 5 1
242 0.35 95.44 9.12 321.26 14 40 1
243 3.40 69.38 45.51 414.93 8 13 1
244 47.31 88.48 44.89 103.20 12 37 1
245 93.39 50.05 11.88 288.64 10 15 1
246 11.74 17.95 33.93 406.78 11 35 1
247 5.52 45.59 20.81 190.52 13 29 1
248 33.65 66.19 31.42 322.50 10 28 1
249 80.20 34.40 20.50 287.98 0 11 1
250 98.43 34.92 7.82 111.77 15 21 1
251 49.50 33.86 2.54 424.00 8 25 1
252 8.16 29.24 49.72 493.51 12 15 1
253 33.20 88.08 33.85 374.36 15 18 1
254 8.79 75.88 37.48 305.48 24 26 1
255 73.62 43.41 7.63 106.18 13 30 1
256 20.69 19.15 20.46 123.52 1 20 1
257 74.97 15.57 22.71 203.11 18 40 1
258 87.96 83.23 25.48 216.06 15 44 1
259 2.11 92.33 35.52 454.60 14 44 1
260 43.08 68.87 4.71 324.41 2 3 1
261 5.17 29.69 34.41 87.77 20 30 1
262 18.12 48.68 33.66 467.34 19 30 1
263 16.85 65.91 4.40 487.71 23 27 1
264 39.26 18.46 48.80 82.48 18 36 1
265 65.92 93.08 19.02 101.86 23 42 1
266 44.71 57.73 12.96 235.15 12 15 1
267 33.57 53.09 0.32 163.10 20 36 1
268 9.72 27.69 48.30 113.88 18 22 1
269 41.22 63.70 35.99 122.29 9 48 1
270 98.41 68.21 42.62 139.36 7 43 1
271 63.50 52.26 26.96 295.85 20 41 1
272 65.83 99.88 39.45 373.52 18 31 1
273 21.52 83.28 12.56 405.33 1 41 1
274 41.15 11.74 27.80 241.30 16 24 1
275 81.99 57.84 27.63 141.45 15 45 1
276 87.54 70.81 23.07 374.28 10 18 1
277 97.97 29.58 30.81 246.35 23 34 1
278 48.50 22.67 49.74 416.69 11 43 1
279 20.54 35.93 26.87 300.29 15 35 1
280 17.67 32.91 10.95 493.87 19 46 1
281 59.73 82.36 8.16 427.02 9 25 1
282 98.67 9.77 22.98 427.82 19 36 1
283 59.66 92.05 0.47 458.46 12 38 1
284 92.83 28.89 34.08 419.37 4 43 1
285 84.52 15.21 37.92 145.97 2 18 1
286 25.43 32.03 3.72 315.47 1 7 1
287 31.76 7.28 16.75 345.30 10 32 1
288 13.39 37.06 43.67 309.60 1 43 1
289 52.10 52.45 24.85 127.77 16 20 1
290 53.15 19.89 19.26 289.09 24 29 1
291 28.76 30.88 11.52 335.59 16 19 1
292 85.95 14.66 39.59 339.38 22 48 1
293 27.40 18.88 2.54 415.09 21 37 1
294 83.18 98.02 27.36 204.62 24 38 1
295 9.06 83.64 44.29 56.69 5 16 1
296 95.76 24.64 14.01 455.39 10 31 1
297 56.53 9.52 0.30 389.88 12 39 1
298 44.08 85.87 24.01 238.43 15 27 1
299 1.38 86.30 46.75 172.56 17 25 1
300 45.27 48.09 30.51 323.61 24 31 1
301 82.27 31.71 14.76 421.86 15 22 1
302 64.22 94.85 33.44 426.56 13 20 1
303 29.36 20.99 34.94 324.57 0 16 1
304 82.33 97.31 37.71 157.97 21 37 1
305 24.30 95.46 24.17 223.35 10 16 1
306 81.56 38.49 24.32 244.25 19 36 1
307 84.71 64.12 18.82 274.03 7 23 1
308 4.70 76.41 13.88 437.79 15 23 1
309 54.51 70.44 5.13 399.33 6 44 1
310 30.35 55.42 21.90 481.03 14 22 1
311 87.41 90.47 19.72 142.02 0 1 1
312 3.20 35.54 26.16 324.86 4 34 1
313 89.10 32.58 13.37 372.21 11 29 1
314 2.89 16.62 35.84 159.05 3 28 1
315 27.66 48.76 13.01 212.99 18 33 1
316 97.57 21.74 45.75 349.10 20 33 1
317 92.88 37.91 12.76 165.79 18 32 1
318 6.36 69.71 37.75 316.01 1 34 1
319 70.14 23.33 21.12 297.15 13 27 1
320 97.70 59.92 37.12 355.28 17 17 1
321 43.62 65.19 15.21 179.71 22 34 1
322 25.15 89.11 16.85 486.34 8 22 1
323 82.71 32.48 11.53 448.88 5 21 1
324 55.49 52.51 3.91 316.81 10 24 1
325 26.98 79.62 18.80 428.66 3 6 1
326 66.69 63.67 22.34 100.02 15 32 1
327 24.33 30.89 13.58 394.20 19 35 1
328 5.72 3.90 7.44 283.70 12 16 1
329 33.08 87.77 30.24 481.20 17 24 1
330 67.40 60.66 8.25 369.67 14 24 1
331 43.79 88.19 25.43 272.61 16 36 1
332 2.10 43.99 30.36 325.58 4 20 1
333 62.10 72.46 23.18 351.33 17 28 1
334 60.44 66.92 9.95 457.87 7 37 1
335 32.09 51.50 20.73 227.28 23 32 1
336 11.80 60.75 39.30 463.14 4 38 1
337 34.08 47.62 9.18 154.45 15 31 1
338 8.32 97.40 40.77 467.54 23 46 1
339 81.90 91.01 35.79 208.20 0 45 1
340 66.87 47.10 14.07 137.85 22 46 1
341 64.29 40.28 26.60 224.40 20 37 1
342 77.15 22.60 21.60 455.33 24 28 1
343 44.52 28.83 44.59 297.65 24 48 1
344 77.18 85.48 6.11 183.11 12 31 1
345 80.05 30.43 38.67 461.83 18 34 1
346 18.56 34.26 43.00 348.04 10 19 1
347 27.33 79.35 4.71 350.07 3 25 1
348 37.24 94.19 22.28 131.47 2 24 1
349 86.84 33.22 14.39 214.07 10 43 1
350 14.73 10.93 17.70 97.95 22 22 1
351 76.57 35.60 27.37 458.34 12 27 1
352 70.37 29.13 46.36 256.92 16 18 1
353 87.39 27.74 46.46 362.95 11 15 1
354 68.12 41.64 1.72 442.94 6 14 1
355 8.42 31.70 35.21 230.96 9 40 1
356 40.14 32.25 15.50 264.68 3 26 1
357 35.38 10.56 8.37 314.20 5 24 1
358 18.80 97.85 5.56 400.65 24 26 1
359 17.65 67.22 33.84 485.68 5 8 1
360 64.83 66.49 1.15 312.32 14 44 1
361 83.23 33.19 25.93 134.54 1 28 1
362 41.74 94.63 25.32 338.32 5 16 1
363 60.12 4.88 38.24 243.38 12 38 1
364 10.47 68.14 39.96 138.53 7 24 1
365 63.95 50.81 46.68 478.39 13 48 1
366 24.62 52.90 6.69 92.74 1 4 1
367 64.22 67.76 32.34 266.76 2 4 1
368 49.25 6.59 41.62 411.51 10 15 1
369 77.51 98.24 46.65 78.54 21 35 1
370 99.93 77.69 2.59 315.63 1 6 1
371 65.35 66.66 2.68 311.54 23 46 1
372 33.33 13.44 34.60 418.27 15 15 1
373 95.00 75.37 5.68 170.92 18 32 1
374 80.40 42.65 31.27 354.78 2 27 1
375 65.15 29.86 41.23 121.22 5 30 1
376 74.86 68.18 26.48 112.68 2 40 1
377 75.97 19.97 44.09 430.58 4 7 1
378 87.44 67.28 40.84 393.42 6 13 1
379 84.72 36.42 28.19 239.95 16 32 1
380 20.49 77.58 19.04 50.84 23 25 1
381 3.14 71.63 18.29 250.26 22 24 1
382 66.76 28.98 36.67 320.60 16 27 1
383 35.72 2.07 20.86 125.84 0 42 1
384 96.05 31.45 3.24 438.06 22 28 1
385 38.11 53.80 20.02 229.30 5 9 1
386 47.77 99.15 34.20 460.64 18 32 1
387 31.14 71.14 12.09 452.36 7 28 1
388 47.26 56.57 26.27 198.88 20 40 1
389 72.63 99.68 18.49 123.53 23 40 1
390 12.20 82.33 37.56 343.40 19 35 1
391 7.52 64.94 18.98 416.98 4 21 1
392 13.01 93.38 13.92 233.02 10 43 1
393 9.15 89.45 0.79 283.11 11 13 1
394 53.24 85.70 6.81 84.64 24 31 1
395 12.09 96.86 38.11 304.52 8 25 1
396 11.10 78.96 14.62 464.79 1 22 1
397 74.73 94.83 35.22 234.84 24 31 1
398 83.24 17.94 24.45 337.48 7 28 1
399 26.64 92.09 15.60 435.76 20 24 1
400 98.51 59.58 43.81 54.82 9 28 1
1 162.04 3847.73 1
2 115.49 3709.49 1
3 166.19 4794.08 1
4 160.01 4284.24 1
1 1.41 31.03 1
2 1.73 33.74 2
3 1.95 48.15 2
4 1.12 29.67 2
5 1.48 42.17 1
6 1.20 38.76 1
