Data for Vehicle routing problem with drones - Author: Huyen Do Thi Ngoc
Number of depots: 3
Number of cities: 400
Number of trucks: 8
Number of drones: 17
Area: 100 100 50
Customer maximum demand: 500
Max capacity of truck: 200
Max energy of truck: 5000
Max capacity of drone: 2
Max energy of drone: 50
1 42.29 75.66 30.79
2 40.60 51.41 35.87
3 65.94 36.75 48.18
1 24.68 84.77 45.37 211.64 17 31 3
2 92.66 9.26 26.72 73.80 0 17 1
3 62.21 28.56 25.98 369.96 8 23 3
4 59.03 9.33 30.81 317.25 11 38 1
5 42.37 1.08 42.77 102.75 18 40 3
6 72.37 81.87 41.70 347.37 23 34 1
7 82.42 10.98 32.95 430.29 22 26 1
8 40.48 86.25 3.12 381.02 23 32 1
9 15.51 61.53 31.74 250.91 18 47 1
10 53.35 75.29 32.15 461.28 11 35 2
11 50.25 17.41 36.58 318.87 8 33 2
12 71.41 50.80 25.21 390.05 22 47 3
13 48.64 29.09 40.54 340.09 6 36 2
14 74.56 56.01 44.79 281.48 23 27 3
15 56.56 77.76 40.95 364.23 23 46 1
16 74.87 64.46 29.17 130.06 12 31 2
17 0.90 92.85 1.02 135.77 19 29 2
18 47.57 19.86 6.83 322.00 0 1 1
19 63.79 40.81 25.68 363.57 7 27 3
20 41.67 47.52 21.82 427.66 15 43 3
21 54.09 96.14 41.50 321.82 18 28 1
22 10.01 88.06 38.67 154.19 20 38 3
23 62.57 79.49 16.68 56.47 13 29 3
24 85.72 73.03 21.66 425.69 2 16 3
25 48.55 43.71 8.03 413.25 4 24 2
26 52.99 69.79 19.01 159.05 1 16 2
27 64.41 11.99 41.92 243.43 14 22 2
28 15.29 18.41 2.52 82.58 4 7 3
29 39.10 91.34 13.00 251.84 23 48 1
30 62.05 65.12 14.42 374.45 23 40 2
31 69.46 60.17 39.77 167.73 10 36 2
32 41.88 39.21 45.83 179.26 9 36 2
33 65.73 31.28 5.35 288.25 19 25 2
34 33.37 43.99 32.11 346.98 17 30 3
35 71.77 34.33 46.73 328.05 17 24 3
36 12.61 97.37 19.77 246.39 1 13 3
37 2.96 10.44 39.68 166.06 14 45 2
38 88.02 94.55 27.55 261.62 1 3 3
39 1.09 98.43 14.07 58.26 10 14 1
40 13.69 27.04 23.36 238.00 18 48 2
41 30.44 27.73 47.35 129.78 3 18 1
42 5.02 19.15 12.97 449.42 12 39 1
43 15.51 99.30 22.60 140.85 10 20 3
44 56.84 31.64 24.59 89.48 0 33 1
45 21.09 53.03 34.49 184.16 14 33 3
46 6.26 82.23 18.87 220.32 1 11 1
47 6.23 91.54 29.41 319.31 21 44 1
48 93.63 76.70 9.84 386.86 13 32 2
49 61.24 53.23 33.49 311.63 3 42 1
50 46.77 43.67 25.24 427.09 7 41 2
51 64.16 65.38 27.28 302.13 11 32 2
52 74.15 5.95 30.62 110.03 15 18 3
53 54.08 64.56 1.55 66.71 22 22 2
54 37.21 25.23 8.15 420.09 11 33 1
55 30.01 19.15 13.64 435.95 15 43 2
56 78.29 98.65 34.67 142.31 20 23 2
57 85.32 61.28 25.48 173.24 23 40 1
58 43.02 64.96 14.28 477.41 16 19 2
59 29.26 75.75 9.58 205.41 13 45 3
60 44.28 12.27 10.59 78.62 1 40 2
61 63.28 44.28 24.84 288.71 18 48 1
62 3.06 14.65 25.33 308.97 24 27 3
63 45.60 23.85 21.00 217.54 13 36 3
64 64.23 32.75 21.98 162.89 11 17 3
65 24.04 69.39 28.25 53.75 3 9 1
66 63.29 34.43 8.28 265.40 13 42 3
67 63.15 18.39 21.15 323.60 17 28 2
68 24.06 87.63 37.26 461.73 6 34 3
69 55.51 32.75 41.85 323.68 3 23 1
70 82.30 87.51 15.62 348.36 23 24 3
71 73.20 91.51 0.65 368.35 10 21 3
72 18.24 31.42 1.46 491.82 8 29 3
73 52.11 21.58 34.70 307.13 8 33 1
74 77.70 29.05 41.58 197.81 1 19 1
75 60.45 86.58 12.71 144.59 14 14 3
76 23.86 91.93 42.13 59.32 0 12 1
77 11.49 74.64 0.44 260.58 10 16 3
78 16.95 45.53 17.57 53.84 12 39 2
79 43.90 11.05 47.67 155.16 4 12 3
80 62.93 93.61 27.77 277.95 21 48 3
81 39.26 47.47 37.94 93.03 2 13 2
82 11.15 16.19 2.01 328.35 20 30 3
83 61.95 80.36 30.23 253.21 6 46 1
84 87.99 85.46 28.52 274.59 21 23 3
85 85.48 19.34 39.07 250.20 0 15 2
86 7.28 62.77 25.24 122.39 8 34 1
87 45.14 9.15 40.12 337.74 13 16 3
88 45.50 65.55 44.27 177.60 1 28 3
89 95.08 89.58 31.08 356.46 16 27 3
90 95.36 59.12 41.80 167.41 5 29 2
91 68.94 44.57 34.50 428.72 4 18 3
92 56.45 11.44 23.27 446.59 4 33 2
93 15.86 93.50 48.17 228.77 11 39 3
94 58.16 6.93 24.53 142.48 12 21 2
95 66.68 74.59 18.79 436.98 18 47 2
96 87.44 58.73 13.94 476.70 6 46 1
97 38.84 4.80 10.56 85.16 0 3 2
98 34.12 82.02 2.86 160.68 20 33 1
99 47.03 41.18 41.52 141.87 20 43 2
100 35.01 39.76 4.10 158.16 12 46 3
101 83.05 18.91 12.50 373.82 8 22 3
102 12.57 45.68 32.37 70.98 3 36 1
103 76.33 10.62 48.53 350.55 8 35 1
104 3.17 41.14 22.03 384.76 9 22 2
105 43.80 33.51 34.83 411.15 8 39 2
106 44.62 32.10 15.71 458.54 11 27 2
107 74.81 93.71 33.18 360.01 8 39 3
108 12.80 93.86 32.70 263.45 18 23 1
109 4.50 18.17 19.59 398.82 11 22 2
110 25.60 6.49 2.42 80.14 24 32 1
111 74.99 34.79 21.91 249.27 22 28 2
112 65.95 70.36 40.97 288.28 24 40 3
113 25.19 36.49 6.76 77.84 17 48 3
114 73.44 55.86 12.49 117.46 8 13 2
115 49.85 60.30 0.77 410.81 15 32 3
116 70.78 59.35 33.57 253.46 10 36 3
117 64.86 93.22 45.34 282.61 21 28 1
118 74.90 57.21 20.11 229.99 2 31 3
119 76.96 92.95 23.60 411.36 7 30 2
120 15.38 61.32 43.10 110.91 22 48 1
121 7.58 20.77 47.89 466.03 18 35 3
122 0.66 78.42 33.12 170.31 9 27 1
123 67.18 70.97 45.80 329.86 9 27 1
124 14.39 43.02 27.24 135.66 24 48 3
125 48.76 90.41 6.40 291.20 1 32 1
126 41.82 85.80 27.32 69.63 16 22 2
127 46.66 16.47 13.50 415.96 3 28 1
128 60.77 67.46 17.88 322.51 7 33 1
129 25.91 10.20 42.74 64.62 9 45 3
130 5.07 30.60 27.16 54.83 10 10 3
131 70.84 87.76 35.17 161.51 14 27 3
132 48.50 98.01 31.39 166.66 21 23 1
133 23.05 57.28 29.70 404.09 15 24 1
134 92.67 48.75 9.20 120.50 3 29 2
135 15.86 92.12 20.29 413.29 24 46 1
136 29.62 95.52 43.87 290.63 8 25 3
137 44.60 4.20 16.04 347.76 22 45 3
138 53.83 38.94 17.65 154.88 14 47 2
139 94.83 96.44 32.20 140.56 6 31 3
140 23.83 46.75 20.57 311.75 6 39 2
141 12.52 25.06 5.65 330.24 5 27 2
142 23.53 23.92 2.16 155.30 16 36 2
143 12.27 50.78 14.51 228.41 14 21 1
144 55.12 30.91 46.33 119.76 14 23 1
145 66.50 32.46 45.09 128.01 23 42 1
146 12.18 0.14 4.49 243.01 13 13 1
147 44.82 48.53 45.67 59.73 12 40 3
148 76.50 27.45 4.42 339.23 6 35 3
149 81.39 84.36 0.27 104.24 16 44 2
150 6.93 51.80 30.97 199.02 10 28 2
151 51.14 65.82 23.91 409.48 20 34 2
152 33.82 46.14 33.63 452.95 19 21 3
153 12.78 26.28 1.19 105.76 15 16 2
154 45.76 15.34 10.19 318.79 1 34 3
155 3.29 93.86 41.62 453.17 14 16 2
156 72.07 94.30 2.44 286.82 18 31 3
157 73.56 68.17 29.56 249.13 17 21 1
158 12.18 40.91 28.28 151.33 0 22 1
159 34.28 14.13 36.05 374.26 16 40 1
160 27.88 4.13 16.94 381.84 19 46 2
161 14.39 63.65 3.08 213.93 7 7 1
162 75.23 41.80 33.43 126.64 9 10 1
163 85.74 81.60 27.41 426.85 2 26 1
164 80.53 32.35 16.23 259.83 19 46 3
165 1.48 66.11 2.48 271.71 17 24 2
166 90.33 51.48 42.66 446.83 17 18 2
167 26.61 56.28 40.04 432.33 12 19 3
168 86.83 53.07 12.64 92.88 10 48 2
169 26.45 37.89 36.40 83.09 11 19 3
170 77.45 7.99 19.56 371.64 16 43 1
171 39.53 61.36 44.64 439.10 23 40 3
172 84.26 96.16 35.49 202.09 22 40 3
173 41.27 72.77 2.69 268.59 21 37 1
174 41.64 19.31 14.84 329.28 13 46 2
175 55.62 21.70 49.87 189.11 22 44 1
176 87.25 96.99 16.45 320.62 22 47 1
177 46.18 57.02 33.49 83.00 5 8 2
178 14.48 24.49 28.24 310.26 4 27 2
179 66.83 10.63 48.40 72.87 16 37 2
180 14.30 85.23 20.72 377.25 18 38 3
181 55.54 35.94 23.20 381.56 23 42 2
182 69.38 81.61 21.62 62.44 18 37 2
183 91.93 34.74 22.03 340.88 10 33 3
184 41.60 20.17 2.57 468.91 9 36 3
185 49.43 5.45 22.98 64.65 24 30 2
186 45.11 96.65 5.04 102.87 20 33 1
187 84.82 99.52 30.83 449.83 18 34 3
188 1.63 29.35 32.05 399.31 2 47 2
189 24.29 21.82 36.21 338.77 18 27 2
190 31.62 83.04 12.70 435.13 6 31 2
191 98.41 81.79 47.09 134.97 15 36 1
192 25.02 68.13 34.88 136.98 20 37 1
193 25.17 49.25 41.39 497.58 15 38 3
194 65.15 89.97 19.56 244.39 6 41 2
195 76.08 51.46 1.11 292.25 0 31 2
196 61.09 0.43 25.75 223.53 7 36 2
197 72.55 95.15 4.36 166.04 15 46 1
198 37.34 63.82 46.48 308.04 2 21 1
199 43.35 17.37 8.55 221.25 9 20 1
200 49.52 70.54 38.16 70.06 16 34 2
201 31.03 21.77 6.16 485.44 19 20 3
202 43.19 89.44 41.79 396.74 16 40 3
203 34.11 12.37 9.86 140.30 23 38 1
204 36.77 94.18 42.93 391.48 15 42 3
205 8.29 84.03 26.35 184.47 21 48 2
206 10.35 14.05 15.73 409.01 23 42 1
207 81.96 17.44 3.93 458.79 2 21 1
208 97.84 66.31 11.44 287.64 11 32 3
209 94.55 68.74 22.32 72.08 16 38 2
210 74.12 51.38 1.36 363.79 6 41 1
211 41.26 11.53 10.78 57.63 10 47 1
212 20.81 85.86 49.51 419.77 11 36 2
213 30.85 72.77 24.39 372.08 21 31 2
214 82.16 46.13 29.34 79.60 19 19 2
215 27.37 23.71 10.33 96.03 2 29 3
216 32.35 63.40 38.85 359.95 10 25 3
217 47.11 8.71 1.03 169.04 8 12 2
218 63.02 80.60 49.85 122.87 19 26 1
219 79.16 16.91 25.86 98.60 10 15 3
220 36.49 81.53 39.51 88.79 19 30 1
221 60.07 46.26 32.90 279.37 17 34 1
222 53.66 32.32 46.63 286.29 5 22 2
223 51.62 90.57 14.85 376.36 8 31 2
224 19.89 27.93 31.38 408.37 14 23 1
225 82.76 96.13 13.50 197.90 19 22 1
226 54.09 14.08 37.32 92.59 0 42 3
227 99.53 0.11 40.62 311.37 23 36 2
228 54.64 58.93 34.93 370.53 6 40 1
229 92.43 53.27 42.61 194.23 18 25 1
230 90.40 19.62 30.63 308.58 17 47 2
231 23.03 35.04 43.73 330.89 23 39 1
232 55.38 17.65 24.27 382.87 14 21 2
233 83.32 9.57 5.56 123.52 21 32 2
234 97.62 71.77 29.56 199.25 16 40 2
235 67.50 17.23 35.14 378.87 10 34 1
236 35.78 31.08 8.46 360.46 19 21 2
237 66.42 35.14 21.61 95.27 24 28 2
238 32.31 40.40 28.67 188.14 14 16 1
239 53.11 64.18 44.39 325.29 11 16 2
240 2.21 58.20 47.45 153.19 20 38 2
241 53.10 62.99 31.89 402.76 9 19 3
242 11.62 11.67 9.06 115.91 10 20 1
243 99.64 26.21 0.84 189.16 22 40 1
244 33.89 69.93 20.25 99.69 5 25 3
245 60.49 60.67 38.97 131.29 15 19 2
246 4.47 78.53 11.93 320.48 17 34 3
247 11.75 10.43 34.78 491.87 18 27 2
248 9.99 99.32 37.42 459.78 16 34 1
249 46.29 37.56 20.33 371.32 15 43 3
250 80.85 41.77 33.56 172.63 19 27 2
251 9.75 55.76 45.11 59.89 5 36 3
252 21.75 85.78 30.10 436.06 8 18 3
253 28.04 66.09 48.98 241.70 22 42 3
254 12.49 56.55 23.09 289.71 10 38 2
255 93.36 76.19 43.89 157.52 24 43 3
256 29.94 38.10 29.34 325.37 1 7 2
257 20.72 94.63 48.01 162.41 11 33 2
258 65.26 17.82 32.02 483.35 3 46 2
259 32.38 93.65 4.12 210.80 12 24 2
260 17.29 16.93 26.22 189.04 20 23 1
261 36.91 83.16 9.08 109.54 6 39 3
262 29.81 69.51 19.02 356.57 0 14 3
263 51.13 69.25 14.93 50.50 7 9 3
264 77.83 31.77 13.61 371.07 13 44 1
265 7.37 21.20 32.81 463.09 16 44 2
266 8.90 55.37 21.16 199.46 2 48 1
267 28.04 97.52 24.53 277.56 11 46 2
268 55.56 84.55 45.55 126.08 20 20 3
269 46.21 52.48 2.21 314.92 19 43 2
270 18.83 9.09 5.79 223.65 12 18 1
271 40.54 80.57 21.57 140.26 17 45 3
272 4.12 43.69 11.73 256.68 24 38 2
273 96.76 69.82 35.87 286.95 10 15 2
274 57.49 86.33 13.63 297.94 15 21 2
275 94.85 53.06 6.34 408.08 14 25 3
276 17.30 29.94 40.48 284.79 16 39 1
277 0.38 92.56 33.78 399.89 13 39 1
278 83.77 92.19 16.43 112.59 9 25 3
279 13.37 48.08 12.85 276.36 1 27 2
280 45.05 11.99 10.84 67.69 16 16 3
281 75.76 86.16 31.46 205.08 0 3 3
282 88.25 85.98 44.70 293.95 7 47 1
283 32.58 1.41 18.80 54.23 8 9 3
284 44.42 44.35 48.52 123.44 3 19 2
285 47.15 49.12 2.61 290.69 3 48 1
286 37.06 44.64 0.14 111.89 3 7 1
287 90.75 36.52 23.89 223.22 19 23 2
288 58.98 13.94 14.74 296.38 15 32 2
289 39.45 24.51 45.04 298.76 22 34 1
290 81.23 20.76 39.61 80.82 2 32 1
291 62.76 54.60 23.94 223.03 3 24 3
292 82.60 26.10 35.86 195.28 24 29 1
293 32.39 96.71 5.49 125.11 23 31 2
294 9.15 91.10 31.34 359.99 6 39 3
295 6.65 49.71 30.49 305.47 6 24 3
296 99.72 64.44 32.46 97.66 24 32 3
297 73.08 57.46 5.69 480.22 17 36 2
298 21.25 39.10 44.14 179.79 16 37 2
299 61.25 74.80 3.61 350.29 5 28 3
300 23.57 92.58 31.09 164.80 1 25 1
301 48.68 54.78 29.83 262.53 20 26 2
302 89.87 26.50 0.95 145.23 5 23 2
303 75.65 37.48 16.61 218.17 20 31 3
304 46.92 76.06 43.54 483.21 14 36 2
305 85.70 93.54 42.72 468.07 5 19 3
306 16.23 75.19 23.80 374.96 11 22 1
307 14.76 55.07 28.14 194.38 21 48 2
308 96.47 87.68 19.32 241.10 8 43 1
309 50.52 82.15 0.41 419.20 10 41 2
310 94.62 54.95 37.70 386.67 16 38 3
311 1.79 67.42 16.33 365.74 16 28 1
312 65.71 56.15 23.15 311.85 12 40 3
313 20.12 17.35 49.59 216.70 9 41 3
314 11.85 20.84 28.52 449.18 9 48 1
315 60.31 7.85 8.67 145.96 20 29 3
316 2.88 75.68 43.88 301.41 13 27 2
317 80.09 38.36 0.82 424.53 18 38 1
318 23.09 42.65 8.23 314.14 6 6 1
319 91.19 29.37 27.53 371.46 5 45 3
320 18.15 89.65 18.91 373.93 9 40 3
321 72.52 26.73 39.68 171.01 10 24 1
322 71.78 44.88 45.20 205.52 6 20 2
323 95.13 24.74 16.52 308.61 9 40 3
324 1.91 54.61 15.02 136.50 7 8 1
325 18.86 76.42 21.47 168.65 21 27 2
326 36.56 19.31 39.47 191.20 5 27 3
327 47.56 26.14 41.63 436.87 10 43 2
328 63.26 86.13 23.80 154.01 21 43 1
329 69.85 48.17 0.85 174.57 23 46 2
330 38.13 36.02 40.92 388.41 21 24 1
331 13.27 69.72 41.51 99.41 10 35 3
332 60.98 11.45 45.77 106.40 8 21 2
333 68.62 78.87 45.89 379.09 14 35 3
334 85.30 47.32 17.24 145.45 23 45 2
335 63.20 7.99 6.60 432.43 12 13 3
336 9.37 71.50 27.74 128.64 19 20 1
337 16.65 21.08 27.75 54.36 21 44 2
338 76.47 31.63 13.77 141.74 11 31 3
339 71.87 20.70 46.80 416.48 16 32 2
340 8.26 49.78 32.41 432.56 20 42 1
341 63.76 82.39 10.81 223.26 12 18 1
342 67.39 75.17 33.61 150.45 8 35 3
343 28.16 39.43 33.48 396.69 0 25 1
344 79.43 80.89 42.63 405.50 20 34 3
345 4.68 6.71 21.29 105.86 22 38 1
346 45.95 34.03 16.48 340.31 20 37 2
347 15.38 75.05 3.91 487.06 8 47 1
348 38.19 21.94 15.50 140.76 15 46 3
349 0.65 26.33 23.27 135.06 14 18 1
350 54.08 95.51 21.22 429.06 2 25 3
351 47.89 59.90 15.83 410.09 2 14 3
352 23.59 48.21 47.83 199.17 6 6 1
353 6.36 32.03 36.20 230.06 15 35 3
354 94.22 1.97 1.46 182.28 9 35 2
355 67.11 22.32 36.61 72.37 8 24 2
356 51.18 53.22 14.96 95.65 21 36 2
357 20.81 68.12 40.94 239.48 11 40 2
358 35.13 50.47 42.67 343.31 2 34 3
359 36.38 66.81 33.52 222.76 7 35 2
360 10.09 35.72 10.85 370.81 13 39 2
361 5.53 47.12 9.43 451.80 5 23 1
362 5.74 12.32 37.20 315.62 6 48 2
363 40.20 93.12 22.56 318.59 0 31 1
364 14.16 40.02 16.57 378.92 17 32 1
365 23.66 37.11 2.65 456.41 18 36 3
366 0.48 71.67 29.00 83.98 9 23 3
367 95.12 62.14 31.11 189.96 15 18 2
368 19.33 53.63 44.26 323.83 5 36 3
369 91.32 75.99 22.95 449.94 6 41 2
370 6.69 42.91 33.96 371.03 11 44 3
371 7.55 1.86 4.12 129.51 8 11 2
372 61.07 16.48 42.88 252.31 9 24 3
373 91.25 64.48 15.81 212.61 4 10 2
374 67.23 55.72 13.79 218.40 23 38 3
375 51.20 47.64 31.03 406.38 3 9 1
376 56.98 63.08 16.76 330.50 10 30 3
377 79.96 41.66 7.63 373.29 17 48 1
378 75.22 66.47 26.99 385.55 2 44 2
379 87.96 36.19 31.14 336.66 10 19 2
380 31.01 69.67 17.24 219.53 4 24 3
381 47.23 36.42 21.09 71.22 15 17 2
382 44.56 81.82 41.51 139.99 12 29 1
383 58.42 63.33 45.72 241.31 0 19 2
384 61.09 2.82 21.70 175.75 16 43 1
385 29.79 49.45 3.29 450.28 5 26 1
386 12.12 69.20 23.80 355.91 9 29 3
387 66.39 27.52 11.60 160.86 2 6 3
388 7.54 8.83 32.82 233.55 15 39 1
389 34.17 87.48 44.00 99.35 5 31 3
390 94.28 95.93 42.58 101.10 8 24 1
391 90.38 96.03 32.16 143.57 5 46 1
392 80.49 74.59 15.48 253.65 11 44 3
393 4.34 81.12 10.08 292.30 12 33 1
394 90.79 34.71 7.54 135.33 3 26 1
395 74.44 45.47 34.51 87.30 10 40 3
396 64.37 91.84 5.61 433.24 21 33 3
397 48.44 89.37 17.54 298.12 5 22 1
398 45.08 3.01 2.82 109.73 3 33 3
399 95.86 36.16 46.33 122.74 20 47 2
400 81.88 34.99 35.03 345.98 11 16 2
1 194.23 2799.24 1
2 158.89 3852.05 2
3 119.17 2993.31 3
4 156.64 3156.70 3
5 111.22 4713.51 3
6 107.77 2809.29 2
7 102.81 2585.29 1
8 105.46 3115.64 3
1 1.58 33.82 7
2 1.09 35.79 5
3 1.06 31.93 2
4 1.62 30.33 8
5 1.05 41.06 6
6 1.69 35.10 8
7 1.71 37.78 2
8 1.52 32.77 6
9 1.16 30.80 7
10 1.04 39.12 1
11 1.02 41.14 4
12 1.19 27.27 7
13 1.96 27.64 6
14 1.08 36.83 6
15 1.92 45.61 4
16 1.36 36.42 3
17 1.98 37.50 8
