Data for Vehicle routing problem with drones - Author: Huyen Do Thi Ngoc
Number of depots: 5
Number of cities: 500
Number of trucks: 7
Number of drones: 15
Area: 100 100 50
Customer maximum demand: 500
Max capacity of truck: 200
Max energy of truck: 5000
Max capacity of drone: 2
Max energy of drone: 50
1 18.99 0.92 38.86
2 4.47 0.38 11.26
3 17.26 70.72 45.58
4 15.06 63.15 14.32
5 51.33 66.13 18.14
1 85.70 88.43 9.29 443.22 6 45 5
2 62.70 96.23 23.93 164.23 7 10 2
3 41.64 90.12 39.28 152.26 23 37 1
4 90.80 73.78 30.12 248.97 8 8 3
5 95.59 47.51 41.56 443.83 9 30 4
6 44.86 76.83 46.77 481.93 10 21 1
7 53.99 31.91 39.22 301.48 11 34 1
8 56.66 63.76 49.49 336.06 20 23 4
9 33.53 14.37 14.31 311.25 19 29 5
10 24.57 26.43 22.24 438.49 14 31 4
11 99.71 22.36 6.18 489.57 19 25 3
12 41.44 57.87 4.55 136.52 4 20 2
13 35.85 22.81 12.98 140.32 20 44 2
14 42.61 90.95 3.00 497.08 10 48 3
15 24.69 8.42 19.21 270.53 10 23 5
16 0.12 83.94 9.86 70.93 3 7 1
17 42.25 3.84 34.18 208.43 21 38 3
18 26.91 27.63 16.16 126.47 17 36 2
19 19.55 43.40 49.54 215.16 18 26 4
20 93.31 3.89 44.34 202.05 14 31 3
21 4.14 73.92 2.26 164.25 15 44 2
22 9.22 13.41 34.40 243.36 0 3 5
23 94.61 41.15 45.07 472.74 5 31 2
24 88.79 3.90 27.25 490.48 8 13 2
25 27.65 46.98 3.75 377.96 12 45 5
26 92.33 83.87 11.67 192.33 6 24 5
27 89.84 87.42 25.41 78.61 10 40 5
28 13.64 35.78 21.87 286.76 16 27 3
29 66.43 32.22 22.08 466.56 13 45 5
30 76.13 52.78 34.60 140.63 2 23 2
31 59.98 41.93 44.86 265.76 2 37 5
32 91.76 82.35 44.38 420.58 24 38 1
33 28.61 52.26 33.65 82.15 18 48 3
34 98.25 20.12 27.37 343.15 18 30 1
35 71.41 46.95 16.28 364.51 20 47 5
36 1.62 77.53 28.38 95.95 14 41 1
37 99.59 23.60 34.72 57.92 19 21 2
38 1.07 59.27 12.18 279.63 20 43 3
39 11.77 3.61 32.14 83.19 14 15 3
40 49.50 51.31 49.31 256.08 7 13 1
41 58.87 30.99 13.94 371.28 5 14 4
42 22.64 1.65 6.29 276.79 6 42 1
43 82.62 14.31 15.39 150.71 7 39 4
44 67.48 48.77 35.94 167.87 0 27 5
45 75.47 33.63 22.43 229.75 24 29 3
46 22.19 6.80 39.93 437.53 22 36 5
47 15.04 49.47 7.80 116.36 19 21 5
48 77.01 23.28 32.93 170.27 19 45 3
49 0.71 38.26 4.16 480.77 23 23 3
50 13.42 32.26 14.78 264.72 15 44 1
51 8.34 27.32 33.87 143.19 21 42 2
52 56.82 3.61 38.05 97.14 11 11 2
53 73.68 52.57 13.36 201.15 19 23 5
54 89.00 77.42 25.00 65.72 9 38 2
55 44.52 36.61 27.81 230.44 3 22 1
56 58.07 58.65 47.26 390.69 24 24 5
57 79.84 60.37 31.99 174.88 1 22 4
58 54.58 28.07 39.67 396.36 2 29 1
59 53.60 92.12 37.21 149.98 8 27 5
60 86.74 0.93 28.25 125.97 3 20 5
61 64.13 25.27 31.27 98.71 7 48 3
62 14.55 48.04 46.22 196.60 15 24 2
63 99.02 26.50 15.58 417.24 14 38 1
64 82.87 85.55 9.20 293.25 24 32 1
65 55.39 68.12 23.06 460.01 21 28 4
66 91.09 63.37 28.52 208.79 23 29 5
67 4.23 26.16 0.76 69.77 1 21 1
68 65.95 93.20 48.96 384.96 10 31 5
69 85.81 70.78 6.56 224.08 4 38 2
70 1.42 21.14 47.91 290.36 23 46 5
71 94.41 39.17 29.12 394.78 7 40 4
72 27.69 87.62 28.58 402.63 1 16 5
73 12.20 55.91 29.55 232.44 0 30 3
74 32.44 95.99 5.04 275.36 12 27 3
75 47.14 53.53 35.25 327.54 0 33 5
76 37.99 30.06 23.25 151.77 4 37 3
77 40.32 41.56 18.55 139.42 10 37 2
78 80.17 94.60 8.53 80.13 2 21 5
79 14.50 36.96 25.57 309.20 21 41 2
80 15.43 65.86 42.48 252.83 5 46 5
81 16.91 77.72 46.92 241.21 1 2 5
82 20.13 65.82 4.54 251.52 17 30 3
83 24.00 36.02 4.69 427.94 23 44 4
84 45.73 32.37 0.13 144.57 12 20 2
85 50.35 92.99 44.59 462.29 16 16 2
86 4.74 80.55 42.18 270.60 7 18 4
87 48.70 80.39 28.83 474.82 20 44 5
88 89.42 63.56 19.85 269.85 24 44 1
89 63.69 26.75 39.81 87.86 11 27 2
90 89.89 50.57 25.08 123.24 19 28 2
91 53.44 74.78 40.42 489.28 1 13 2
92 45.39 55.29 33.25 147.81 4 19 4
93 37.71 98.89 17.63 376.51 15 37 3
94 62.58 1.85 4.85 235.70 14 15 3
95 92.93 49.42 27.92 340.04 19 38 2
96 70.71 62.33 15.80 212.47 18 30 3
97 63.62 85.36 48.03 409.70 14 48 4
98 8.68 82.59 10.99 466.07 13 30 2
99 23.48 4.55 1.08 439.95 10 40 4
100 88.15 77.19 42.18 492.17 21 34 5
101 14.36 40.56 26.00 385.41 7 25 5
102 48.76 35.76 45.55 493.62 6 26 3
103 29.03 11.56 7.22 149.93 22 27 3
104 99.31 33.91 31.21 70.99 17 26 3
105 21.48 88.15 22.51 379.38 1 37 5
106 53.13 1.97 37.07 435.30 19 20 2
107 25.41 37.01 3.61 278.44 9 40 4
108 38.04 44.67 31.36 118.21 15 37 5
109 71.50 28.13 0.64 298.90 7 22 3
110 78.12 95.28 28.50 370.83 1 47 4
111 1.69 87.95 8.39 385.85 2 13 2
112 65.79 37.06 3.14 345.41 3 3 2
113 51.90 52.64 47.17 236.90 18 43 1
114 57.14 27.37 1.67 154.66 19 48 3
115 83.80 6.59 40.31 233.75 5 46 5
116 77.27 96.46 41.30 114.16 14 48 1
117 74.76 65.46 40.77 105.51 23 33 3
118 57.32 50.66 41.39 481.15 7 29 4
119 30.83 1.09 46.61 461.26 21 42 1
120 67.38 80.33 40.94 117.87 13 16 1
121 89.12 90.11 26.77 252.75 14 27 1
122 51.58 32.96 9.20 410.40 10 12 1
123 47.86 85.35 11.67 74.06 5 33 1
124 20.66 17.27 49.18 366.87 12 48 1
125 0.23 41.85 9.31 175.24 1 41 5
126 51.12 49.86 37.01 428.33 5 29 5
127 16.79 2.43 48.86 325.39 0 17 3
128 90.56 81.04 47.37 130.38 14 42 2
129 95.41 60.98 34.42 499.30 14 25 1
130 57.26 94.96 27.72 55.12 4 8 1
131 41.91 59.98 6.18 128.03 8 38 5
132 20.77 92.10 37.06 60.11 14 26 2
133 81.65 75.41 44.00 183.59 7 29 4
134 7.93 3.06 1.19 297.37 20 44 2
135 85.26 16.38 36.25 211.37 9 29 5
136 86.58 48.66 23.57 454.90 22 41 4
137 91.61 20.46 10.15 443.21 7 18 5
138 13.51 66.78 15.81 485.05 3 21 4
139 2.50 91.41 8.84 422.27 14 41 2
140 83.84 22.77 30.99 230.75 17 24 3
141 63.14 11.62 31.53 174.23 6 17 1
142 43.39 6.34 38.72 127.32 0 39 5
143 18.97 63.40 36.66 67.03 1 8 5
144 13.43 37.19 24.92 423.08 5 29 2
145 5.18 59.24 12.03 482.01 3 6 5
146 54.43 10.21 40.12 449.45 21 40 5
147 37.81 58.09 45.99 198.78 22 44 3
148 38.53 15.05 42.22 404.58 14 26 2
149 26.20 12.92 13.21 222.15 12 17 4
150 95.22 6.27 9.22 487.60 5 29 5
151 56.46 67.13 36.96 51.97 16 42 1
152 22.96 42.14 32.53 412.53 24 35 2
153 49.93 68.17 29.88 100.11 9 16 1
154 32.09 48.67 33.23 355.98 4 31 3
155 99.14 41.20 41.03 371.71 1 30 1
156 81.60 56.48 32.65 268.32 16 43 2
157 86.42 90.63 8.90 361.24 0 4 4
158 13.77 95.48 22.94 276.69 2 38 5
159 43.25 80.45 37.48 76.28 14 31 3
160 91.77 53.48 42.79 472.70 15 21 1
161 83.54 68.78 20.13 247.86 23 40 5
162 98.80 13.21 38.03 296.97 19 34 3
163 3.67 78.67 49.76 86.94 1 37 5
164 4.35 96.53 42.54 159.70 8 22 2
165 80.78 51.20 28.86 199.33 23 46 4
166 50.80 23.77 4.73 341.33 10 18 3
167 81.24 3.62 35.91 140.48 18 43 2
168 53.44 39.59 3.12 104.03 11 37 4
169 97.51 32.04 2.18 163.72 18 37 4
170 64.99 54.46 10.89 146.08 9 10 1
171 58.17 83.32 27.60 232.49 19 25 1
172 54.80 32.60 0.79 401.43 21 47 1
173 87.57 93.57 19.25 363.10 15 18 1
174 3.04 76.51 28.96 439.03 2 17 5
175 18.69 67.62 19.13 291.41 16 33 1
176 74.50 54.84 20.16 459.78 23 27 2
177 42.32 34.74 4.31 337.49 9 46 5
178 27.37 78.62 13.30 65.74 13 27 2
179 48.47 72.31 41.17 136.29 9 25 3
180 63.84 42.40 2.71 204.61 0 27 2
181 71.55 12.26 40.58 350.23 6 14 4
182 43.56 59.32 20.20 326.59 9 14 4
183 35.15 58.23 43.77 325.53 8 23 1
184 74.92 23.45 43.64 198.74 3 18 3
185 40.02 89.05 33.65 364.80 19 40 5
186 44.40 43.35 0.75 348.72 12 33 1
187 30.09 19.18 3.82 368.36 17 47 4
188 50.58 39.89 30.85 204.91 17 45 1
189 48.18 21.24 27.80 269.38 12 32 5
190 15.89 73.26 7.66 183.88 5 36 2
191 56.02 70.00 43.55 97.51 12 14 3
192 36.61 98.91 9.11 141.17 19 24 4
193 49.74 45.49 41.80 389.24 12 30 4
194 17.81 92.69 32.03 272.75 20 31 4
195 22.75 8.48 5.10 138.03 22 29 2
196 92.41 98.94 11.96 402.01 8 27 1
197 18.72 76.20 44.44 482.83 12 29 1
198 90.64 74.06 3.03 361.33 1 7 5
199 47.43 56.15 31.26 328.26 2 19 3
200 89.93 57.77 21.58 122.33 17 17 5
201 38.57 22.53 5.07 206.28 21 31 5
202 76.08 56.76 15.95 160.41 3 3 1
203 35.23 61.91 13.89 110.13 11 39 3
204 3.62 18.57 42.43 295.16 14 16 2
205 60.39 84.72 6.01 457.82 0 33 3
206 11.74 92.83 25.18 285.54 8 40 4
207 68.42 54.18 21.00 262.53 22 47 3
208 35.88 21.80 17.26 430.63 9 46 3
209 36.10 83.07 42.52 326.55 6 31 3
210 22.87 89.98 26.79 343.77 17 36 1
211 30.63 22.51 39.93 146.23 4 46 5
212 52.75 10.55 24.23 231.95 10 13 4
213 38.03 74.73 1.50 479.25 14 43 4
214 55.59 74.60 28.81 356.75 6 21 4
215 98.96 70.81 43.89 104.39 16 40 3
216 22.01 11.31 8.59 212.76 4 20 4
217 19.01 13.49 14.22 460.87 3 17 1
218 13.18 79.49 16.20 364.26 23 28 2
219 27.08 78.98 36.95 467.25 5 5 1
220 9.57 12.91 22.94 383.59 13 38 4
221 36.28 99.39 32.49 193.24 21 23 3
222 2.21 44.46 17.17 479.31 22 35 5
223 7.13 3.53 16.11 171.76 23 32 4
224 20.26 94.60 46.66 362.71 10 22 1
225 90.30 76.08 38.22 225.80 6 45 1
226 47.69 29.43 12.36 236.61 12 18 3
227 24.52 55.55 5.58 175.75 13 13 2
228 12.42 76.29 43.66 298.77 6 26 3
229 19.17 22.98 34.33 275.07 3 41 5
230 83.28 23.88 3.95 303.89 16 22 1
231 71.82 52.52 28.02 447.47 20 33 4
232 63.58 75.42 9.23 256.71 13 43 1
233 74.79 92.97 2.90 298.15 18 40 2
234 68.75 12.29 2.47 354.29 24 26 3
235 74.24 70.60 7.13 97.70 14 34 3
236 94.10 96.24 25.73 352.17 2 46 2
237 6.32 68.62 35.58 195.39 7 29 1
238 39.10 97.16 21.84 133.40 19 22 4
239 67.51 25.35 37.87 229.89 4 17 5
240 16.20 29.92 29.19 162.80 4 34 2
241 70.63 89.52 41.89 223.78 15 35 3
242 96.90 61.69 30.76 327.67 24 44 2
243 43.33 44.21 45.44 70.67 14 24 4
244 62.37 97.95 48.53 231.49 24 30 2
245 94.35 25.86 30.67 203.82 0 18 5
246 82.18 89.55 27.71 247.79 10 28 2
247 15.70 24.57 32.49 102.56 1 46 3
248 2.78 20.10 28.44 334.72 16 41 2
249 43.32 13.76 11.12 368.04 9 11 4
250 12.19 4.42 17.45 322.60 21 21 1
251 14.42 51.79 8.94 197.82 23 47 5
252 33.92 43.99 32.05 439.70 16 39 4
253 79.51 38.33 8.27 495.38 2 21 2
254 53.34 93.47 3.71 80.66 5 39 4
255 90.53 50.76 3.03 274.53 1 13 3
256 71.02 47.01 17.54 51.40 22 41 3
257 97.43 83.30 3.32 341.09 21 30 1
258 87.53 76.74 35.03 138.03 11 11 1
259 39.26 32.40 16.65 381.91 23 33 3
260 66.41 38.08 32.53 302.29 12 16 1
261 55.51 22.24 4.56 339.16 20 38 5
262 78.42 46.90 24.69 312.88 14 48 1
263 43.80 98.24 7.55 170.68 15 17 4
264 46.84 30.82 35.63 128.90 22 43 1
265 41.81 49.33 31.96 327.57 8 33 4
266 47.39 80.36 20.10 440.89 10 11 3
267 18.40 69.72 7.02 207.25 16 28 5
268 2.81 83.50 14.18 82.65 3 43 5
269 96.91 45.38 34.36 378.40 21 31 5
270 97.58 58.24 37.86 201.41 1 37 2
271 37.52 99.71 21.81 289.40 22 31 2
272 70.84 66.00 22.72 92.44 10 22 3
273 55.68 35.05 16.63 141.61 15 37 2
274 53.79 61.19 34.67 106.42 16 43 4
275 68.65 65.24 4.49 402.64 12 32 1
276 33.26 62.27 24.16 176.25 15 41 5
277 95.47 97.63 17.37 476.69 4 30 4
278 9.40 62.34 20.17 317.51 9 38 3
279 38.77 52.96 28.29 146.97 14 17 1
280 82.07 34.59 19.86 423.86 15 29 2
281 35.15 69.02 2.68 61.96 2 46 4
282 70.37 71.18 9.81 354.24 9 37 4
283 61.84 53.44 48.89 178.56 4 30 1
284 29.99 59.83 26.20 308.63 16 43 5
285 80.59 3.00 45.63 499.80 6 42 5
286 18.12 91.43 42.07 257.97 20 33 2
287 97.74 36.82 35.78 146.11 2 29 1
288 87.47 23.69 13.34 228.70 0 15 4
289 2.18 64.00 44.23 116.57 1 30 1
290 25.50 77.85 27.64 354.86 23 37 2
291 44.46 22.80 45.89 191.48 17 42 3
292 79.97 42.13 37.74 333.35 20 38 3
293 73.95 27.20 19.97 198.10 5 46 2
294 77.52 20.59 32.23 368.32 0 0 2
295 95.92 6.45 36.90 260.59 5 6 4
296 59.53 16.59 31.06 175.60 19 32 3
297 29.75 26.71 33.17 214.58 16 33 4
298 80.39 67.67 11.42 88.68 4 35 2
299 49.62 30.42 12.17 128.63 4 46 1
300 85.07 57.58 15.14 228.92 2 41 5
301 71.78 98.34 33.39 224.27 6 15 2
302 93.18 37.14 20.86 84.69 16 26 1
303 76.89 21.32 33.96 182.23 17 46 2
304 26.76 34.64 34.30 454.58 0 3 4
305 65.24 1.67 15.49 285.49 8 20 4
306 16.11 47.02 5.53 309.52 22 28 2
307 20.06 61.35 33.66 207.56 1 36 2
308 25.24 94.92 3.12 137.88 7 22 5
309 18.82 62.54 45.32 225.00 24 24 1
310 56.95 92.62 49.44 271.68 17 32 2
311 55.44 67.69 6.28 72.88 2 26 5
312 11.83 36.88 16.12 159.77 18 43 4
313 79.23 38.03 1.60 114.61 8 42 5
314 70.80 31.53 20.02 488.28 1 35 4
315 84.05 32.92 28.66 181.12 23 42 1
316 9.07 91.75 10.25 405.83 12 34 2
317 3.42 66.37 18.38 298.03 16 24 2
318 67.01 30.99 10.72 346.19 3 39 3
319 62.45 12.33 28.76 488.85 14 14 3
320 65.47 21.43 3.11 138.99 24 37 4
321 99.20 27.03 8.08 397.62 6 38 5
322 75.71 77.24 30.82 402.16 23 48 2
323 1.65 60.05 14.32 111.45 9 33 4
324 57.12 91.41 37.11 208.47 18 41 1
325 81.54 24.85 45.98 227.32 13 30 2
326 8.56 33.30 13.12 256.33 17 43 3
327 29.27 42.15 49.77 423.54 13 27 1
328 96.04 59.74 1.03 431.17 7 44 3
329 22.47 75.06 31.05 141.56 5 20 4
330 51.81 10.35 47.66 452.64 12 31 5
331 10.17 37.71 47.30 436.68 8 27 5
332 55.22 35.59 13.56 372.92 14 20 4
333 47.87 40.49 8.72 464.55 7 24 5
334 30.69 86.70 24.40 404.78 23 47 2
335 93.23 93.77 44.94 183.24 10 33 3
336 19.50 26.66 30.60 333.35 23 29 2
337 77.01 31.24 21.69 318.52 8 10 4
338 86.40 91.00 37.55 487.41 10 41 1
339 65.28 85.26 26.74 406.49 15 44 3
340 21.85 50.39 15.51 313.05 0 0 1
341 28.37 26.33 44.33 54.63 5 10 5
342 97.07 59.45 17.27 327.15 22 33 3
343 30.53 16.63 32.56 164.53 6 20 5
344 16.80 40.93 2.18 115.75 19 30 2
345 1.47 46.41 12.30 235.78 15 29 3
346 67.86 56.44 30.82 364.30 19 32 2
347 50.28 18.56 40.77 326.33 6 21 1
348 64.90 1.12 33.82 446.45 2 42 4
349 65.79 29.32 31.81 185.24 7 17 5
350 24.88 42.14 20.76 129.61 9 19 3
351 52.91 97.25 49.78 452.60 6 35 4
352 31.96 35.25 48.30 352.88 10 15 2
353 36.73 43.37 18.88 293.04 0 21 4
354 87.80 9.02 22.42 491.44 23 25 3
355 72.83 9.58 25.98 344.15 16 48 1
356 58.98 38.74 13.44 307.01 19 43 4
357 86.47 54.79 40.85 87.30 10 33 4
358 17.53 12.11 20.26 212.63 11 17 5
359 97.48 34.60 5.63 462.34 24 48 3
360 87.58 37.55 15.70 469.31 3 34 3
361 1.69 39.59 39.06 355.91 17 20 2
362 39.90 7.36 10.32 154.02 12 48 3
363 3.73 0.93 9.26 255.18 6 33 4
364 97.01 42.93 13.81 326.08 19 40 3
365 38.51 33.07 25.28 104.68 16 28 3
366 18.75 43.88 12.84 161.81 10 43 1
367 5.06 27.55 41.01 231.57 15 20 4
368 41.92 60.67 17.88 108.52 11 30 5
369 79.76 8.19 39.11 332.29 11 36 2
370 98.10 67.65 8.50 265.45 15 45 3
371 66.23 15.33 4.01 189.15 2 25 2
372 55.96 29.51 36.26 168.41 12 38 4
373 15.22 29.49 3.53 196.25 5 24 2
374 60.74 90.09 14.08 295.21 22 44 3
375 5.59 39.35 42.06 270.60 8 34 5
376 63.81 91.91 17.42 248.11 22 23 5
377 52.77 59.20 19.33 118.81 24 41 3
378 21.41 38.61 39.85 339.09 4 17 1
379 79.64 10.51 12.94 484.19 7 19 4
380 50.93 45.51 23.92 453.84 18 44 1
381 75.87 59.28 12.03 161.00 14 46 2
382 23.86 79.19 9.95 163.67 7 16 3
383 45.08 87.89 39.68 176.10 13 43 4
384 22.15 1.70 15.62 60.54 4 18 1
385 89.37 2.57 7.20 340.21 19 44 2
386 28.59 95.06 2.71 435.71 23 43 1
387 56.92 96.12 11.81 202.96 24 33 3
388 13.46 96.45 48.20 162.68 16 32 5
389 71.21 66.28 32.41 304.80 5 37 5
390 33.19 59.68 43.34 343.52 19 45 3
391 63.97 46.66 16.42 326.02 24 45 3
392 55.37 71.37 27.76 175.99 5 47 4
393 45.90 26.88 4.76 258.53 11 15 3
394 95.63 15.36 37.84 188.17 0 21 1
395 32.95 1.12 46.17 138.93 21 46 2
396 63.16 21.68 3.89 142.80 23 24 3
397 22.77 19.58 10.48 360.66 18 48 2
398 34.11 23.58 12.44 318.47 3 13 2
399 45.93 66.96 25.40 193.05 18 40 3
400 57.29 66.01 32.45 450.12 24 43 4
401 92.72 58.51 1.73 55.32 8 19 5
402 86.60 12.59 38.14 296.74 9 32 3
403 72.36 22.92 40.56 70.86 0 32 5
404 1.91 95.24 36.59 166.00 15 47 2
405 86.39 39.51 20.01 120.20 5 24 5
406 21.46 52.41 43.91 188.68 24 38 3
407 7.14 37.40 19.80 56.00 13 46 3
408 62.84 63.07 34.48 465.03 19 48 1
409 61.14 40.78 21.15 83.04 13 38 4
410 17.10 84.50 0.52 60.52 16 38 3
411 16.47 28.73 14.71 298.54 23 32 3
412 37.00 97.70 44.98 320.99 2 31 1
413 53.75 97.34 10.35 58.21 15 34 1
414 48.52 8.75 0.31 337.53 19 33 3
415 70.03 46.50 19.73 150.42 2 47 2
416 71.26 81.82 20.87 437.17 12 38 3
417 38.68 61.81 30.11 393.14 6 36 2
418 0.06 34.00 16.52 314.52 15 43 2
419 60.69 8.47 0.21 121.18 2 44 1
420 45.06 7.09 48.11 51.92 6 16 4
421 78.62 80.82 18.50 92.51 19 43 1
422 36.29 91.37 11.69 86.40 3 44 4
423 85.84 26.14 30.42 59.27 10 28 5
424 10.37 35.41 47.78 339.96 19 36 1
425 56.41 57.48 9.00 207.62 22 37 3
426 18.67 42.23 6.16 333.95 16 25 3
427 87.16 70.44 8.36 282.73 3 43 1
428 42.32 42.62 37.27 367.10 5 26 3
429 71.98 77.48 15.47 412.58 23 35 1
430 59.60 20.12 14.02 473.39 6 20 4
431 83.59 6.38 6.93 392.05 0 35 5
432 40.53 21.77 34.96 338.85 13 28 4
433 7.08 11.51 33.42 188.81 24 41 5
434 45.72 8.42 2.42 275.67 14 29 1
435 58.11 79.92 21.21 167.41 7 19 2
436 46.59 92.25 11.05 160.03 22 33 3
437 4.19 39.34 5.64 162.03 21 23 3
438 63.75 91.64 17.99 393.50 11 34 4
439 36.74 19.81 30.77 121.25 24 44 4
440 20.81 99.01 13.45 146.81 19 32 4
441 24.36 55.07 38.79 88.19 13 13 4
442 69.14 10.30 47.75 303.12 2 23 5
443 80.19 15.31 43.08 473.50 12 30 1
444 76.85 45.83 32.67 95.44 10 15 2
445 33.31 63.90 19.32 458.35 0 35 1
446 85.48 74.97 45.34 459.84 6 7 1
447 41.99 18.54 11.30 389.86 24 35 2
448 48.63 6.41 23.16 419.13 20 21 1
449 87.21 0.88 21.63 363.41 15 44 2
450 3.52 28.45 0.36 287.08 6 42 1
451 91.03 5.87 29.48 316.61 18 33 1
452 83.70 5.15 47.57 128.85 12 41 3
453 46.43 74.79 29.52 243.72 13 18 1
454 99.18 95.96 2.82 309.02 9 36 1
455 62.79 34.61 24.89 165.58 23 45 2
456 67.62 80.66 14.05 199.66 8 44 5
457 33.58 32.78 39.81 446.61 10 44 1
458 32.77 75.20 15.73 289.18 14 36 1
459 94.78 92.14 42.87 439.48 17 43 5
460 29.39 85.43 30.14 451.69 23 46 1
461 31.19 39.67 15.45 107.11 2 9 4
462 16.41 65.37 16.25 343.32 17 32 3
463 25.60 53.51 21.60 351.13 13 23 4
464 38.07 15.05 2.00 221.00 23 37 3
465 34.70 53.04 18.09 84.85 5 45 1
466 52.49 33.76 3.60 113.37 14 38 2
467 35.34 87.10 4.82 195.62 12 39 4
468 59.29 74.75 37.90 453.22 11 22 5
469 60.14 17.62 47.33 458.47 20 42 5
470 29.20 27.60 48.38 133.28 4 41 3
471 3.81 65.23 18.91 328.18 14 38 1
472 59.15 82.73 32.57 492.46 13 27 1
473 75.69 81.74 21.68 394.95 7 43 4
474 10.49 3.28 39.37 148.67 7 45 1
475 56.60 55.46 48.62 431.81 18 20 5
476 18.28 21.79 5.17 217.16 9 14 1
477 21.74 28.08 33.82 301.95 24 38 3
478 78.81 28.60 20.56 247.76 1 47 2
479 28.95 21.27 16.28 469.52 20 34 5
480 4.55 47.66 35.37 103.25 17 28 1
481 20.63 15.22 23.86 428.67 18 30 2
482 74.69 55.83 44.80 53.75 19 35 1
483 7.81 44.07 44.23 311.30 11 25 1
484 88.81 50.65 5.74 195.95 7 26 2
485 94.16 34.31 45.61 238.76 23 25 4
486 49.68 7.48 28.78 363.78 13 38 2
487 94.70 7.32 34.94 85.69 23 48 3
488 77.20 65.85 0.65 150.00 6 30 3
489 68.60 36.38 35.77 456.35 21 30 5
490 35.44 27.46 8.72 167.53 23 39 1
491 68.08 48.20 36.10 285.07 21 42 3
492 29.10 51.70 34.89 367.55 10 19 1
493 8.05 86.32 2.30 450.27 12 33 1
494 66.31 19.97 1.78 220.19 24 27 4
495 93.43 59.81 1.84 204.09 11 30 1
496 9.01 70.57 7.06 392.21 6 37 5
497 67.61 52.06 42.54 465.74 14 37 2
498 5.41 65.68 49.27 262.00 17 40 4
499 90.15 94.69 35.06 342.46 22 33 3
500 37.07 15.50 48.71 299.68 15 44 4
1 183.96 3857.17 1
2 132.82 3926.34 2
3 193.16 4799.59 3
4 125.09 3733.62 4
5 159.10 3770.47 5
6 195.90 2616.59 1
7 116.43 3602.97 3
1 1.48 27.15 3
2 1.54 42.62 5
3 1.30 40.95 3
4 1.03 33.57 5
5 1.51 35.61 7
6 1.48 48.84 3
7 1.52 41.01 7
8 1.08 38.25 6
9 1.54 47.35 6
10 1.27 27.17 3
11 1.07 49.27 6
12 1.16 39.07 4
13 1.10 26.93 4
14 1.12 31.95 3
15 1.23 43.97 6
