Data for Vehicle routing problem with drones - Author: Huyen Do Thi Ngoc
Number of depots: 4
Number of cities: 400
Number of trucks: 7
Number of drones: 10
Area: 100 100 50
Customer maximum demand: 500
Max capacity of truck: 200
Max energy of truck: 5000
Max capacity of drone: 2
Max energy of drone: 50
1 50.41 79.02 19.40
2 3.93 52.71 27.51
3 93.28 59.52 15.73
4 49.64 84.73 29.15
1 23.82 47.91 48.77 228.11 10 42 3
2 59.77 84.63 30.17 153.46 18 39 1
3 71.57 39.70 28.59 393.76 12 29 2
4 95.43 93.85 5.63 396.03 13 38 1
5 23.37 28.46 1.38 191.69 18 34 2
6 82.14 73.56 10.75 342.67 2 16 4
7 22.70 13.98 26.66 191.74 18 40 1
8 26.41 59.44 29.07 435.50 9 20 1
9 77.91 38.32 11.82 499.70 15 43 1
10 50.85 24.88 30.24 461.60 6 29 1
11 85.67 14.93 45.66 130.51 11 28 4
12 62.32 64.81 5.04 497.46 18 35 2
13 8.96 65.85 42.47 100.92 22 23 4
14 89.97 84.41 38.86 393.81 8 35 1
15 58.67 38.16 29.58 343.25 5 11 4
16 92.53 94.70 29.58 214.36 12 17 1
17 29.26 99.70 13.45 191.21 17 30 4
18 90.60 95.21 2.41 318.74 1 13 2
19 9.04 83.33 11.75 388.00 14 19 4
20 80.09 93.23 23.25 131.20 8 9 4
21 16.88 39.03 40.88 79.53 24 39 2
22 46.06 25.03 43.96 219.37 5 8 1
23 61.48 82.57 1.94 311.63 11 46 3
24 29.22 4.49 20.20 212.05 19 41 3
25 59.68 19.78 2.21 118.83 11 31 2
26 56.25 17.68 32.63 279.47 17 23 1
27 4.20 25.61 12.76 50.94 10 19 2
28 44.98 91.89 34.70 214.30 12 20 1
29 92.74 87.07 42.85 157.96 20 44 2
30 50.16 36.93 0.53 372.47 20 48 3
31 77.35 10.15 8.25 303.05 2 40 2
32 71.85 68.60 6.64 477.98 14 41 1
33 59.84 4.39 18.48 344.23 13 19 3
34 28.46 99.23 39.13 214.60 2 25 1
35 37.90 25.81 48.83 243.14 15 15 2
36 83.29 67.38 19.73 383.28 20 27 3
37 3.45 91.17 20.27 156.98 5 36 4
38 7.08 38.60 9.92 89.11 6 7 2
39 94.55 82.01 9.91 122.33 10 17 1
40 69.97 10.35 2.84 285.61 13 37 1
41 32.71 24.55 12.75 367.00 2 3 2
42 74.96 67.68 24.62 177.31 22 26 4
43 8.16 60.66 29.25 371.22 6 18 3
44 81.77 90.10 18.68 161.73 22 42 1
45 26.15 99.31 44.91 78.26 9 15 3
46 2.68 34.16 4.70 419.86 0 43 2
47 88.37 95.04 33.12 446.91 22 37 1
48 69.82 44.08 23.37 234.71 17 36 1
49 64.73 44.27 13.63 170.08 9 26 3
50 92.40 1.24 2.34 313.62 0 4 2
51 36.10 61.15 25.51 369.47 21 41 2
52 25.17 25.72 19.38 280.50 17 46 3
53 14.79 48.29 46.64 494.59 4 44 3
54 83.38 61.28 5.55 198.86 0 25 4
55 91.09 74.72 15.44 308.33 12 47 2
56 28.02 91.80 22.83 475.78 13 38 3
57 89.70 93.10 44.84 386.37 24 44 2
58 80.29 28.34 3.58 463.23 0 15 1
59 18.55 19.09 22.42 165.40 20 38 2
60 44.55 66.97 38.08 488.06 0 34 3
61 22.84 24.02 48.02 191.50 16 24 4
62 69.47 88.70 5.53 115.22 22 34 3
63 77.39 39.62 27.18 304.33 7 36 3
64 78.56 13.29 19.58 351.14 16 17 4
65 52.22 91.45 16.10 499.35 9 11 4
66 85.03 78.14 26.56 331.28 11 33 4
67 95.59 97.24 14.47 146.21 12 41 2
68 69.80 54.04 10.15 449.18 21 22 4
69 96.26 84.40 6.96 461.01 3 5 1
70 50.35 99.45 21.28 346.20 8 30 4
71 78.39 25.59 33.07 238.71 20 44 3
72 75.64 31.11 46.04 270.57 24 32 3
73 66.86 34.51 38.85 319.39 1 9 3
74 3.36 6.98 24.89 191.17 11 37 3
75 87.75 44.18 37.36 166.03 20 28 3
76 86.87 51.90 11.11 354.25 18 45 3
77 4.83 47.95 16.66 449.05 16 46 1
78 7.60 98.14 10.11 112.85 16 25 3
79 47.66 67.75 4.83 177.31 20 35 3
80 58.68 94.48 15.67 295.93 24 28 4
81 78.48 38.35 49.50 362.76 19 19 2
82 16.56 5.31 2.67 440.54 24 41 3
83 77.66 71.85 25.18 346.54 7 9 3
84 25.68 53.70 3.63 167.53 14 48 1
85 30.14 43.88 44.08 85.16 16 26 4
86 99.96 85.93 3.70 443.61 15 30 4
87 14.04 57.97 22.89 324.52 2 35 1
88 67.71 35.36 5.14 446.83 5 31 4
89 15.02 85.95 45.78 89.91 24 33 2
90 75.94 69.26 8.03 450.94 12 34 3
91 47.68 31.55 10.38 309.80 13 14 2
92 86.49 16.88 22.04 361.26 12 20 2
93 81.70 62.94 44.26 306.63 19 31 3
94 92.88 17.12 31.94 104.99 18 35 3
95 4.68 46.85 14.43 321.81 18 44 1
96 33.29 52.65 40.73 296.64 13 20 2
97 18.42 79.56 5.44 337.46 21 41 3
98 83.03 58.64 3.52 118.30 14 20 3
99 73.26 87.12 38.46 193.35 6 46 1
100 91.60 76.29 40.66 473.65 18 41 4
101 26.01 32.90 12.55 389.03 20 43 2
102 73.54 88.21 42.66 90.08 0 10 3
103 37.16 65.66 21.88 469.33 17 42 1
104 78.90 62.82 24.13 336.65 4 7 2
105 82.27 15.35 4.02 132.93 11 18 2
106 35.36 65.88 35.08 273.94 18 36 2
107 41.75 96.05 3.86 338.00 11 34 3
108 95.68 86.48 16.64 94.05 21 40 2
109 88.07 80.91 32.61 331.25 5 14 2
110 21.79 50.84 38.54 394.00 23 29 4
111 51.91 2.30 18.75 80.68 20 36 4
112 52.93 97.25 48.74 153.58 17 43 2
113 1.07 0.01 33.05 58.90 15 33 2
114 11.47 58.40 15.39 76.47 21 48 2
115 4.77 28.47 6.70 323.62 8 15 1
116 40.04 29.26 23.25 428.24 4 17 4
117 99.87 32.89 47.41 295.39 21 47 1
118 21.18 66.05 17.81 132.08 11 28 4
119 57.29 22.05 44.78 140.99 5 44 4
120 79.54 86.74 5.37 480.34 24 38 1
121 86.36 3.49 29.38 327.80 11 17 4
122 74.23 0.22 27.50 86.23 22 30 3
123 17.00 92.01 0.93 300.80 7 48 3
124 99.90 22.86 15.06 390.54 13 21 1
125 60.72 10.26 32.50 227.03 5 20 4
126 19.84 15.81 32.19 170.60 0 18 3
127 55.40 8.25 31.25 399.31 5 6 1
128 1.00 30.93 46.19 214.43 3 7 4
129 77.35 11.01 4.57 206.09 17 29 3
130 38.47 92.85 48.67 282.73 2 35 2
131 65.56 21.83 4.98 267.25 4 35 3
132 49.73 92.29 6.31 148.01 19 39 2
133 21.74 7.75 6.89 343.83 19 30 2
134 89.13 63.49 22.54 413.27 9 28 2
135 37.02 68.39 24.36 71.76 0 18 4
136 78.52 8.39 42.14 471.79 20 31 3
137 74.53 66.04 18.87 323.93 1 27 1
138 99.25 9.46 14.29 402.95 16 35 2
139 0.67 15.38 0.72 421.75 15 36 3
140 58.69 37.74 13.20 195.39 16 44 4
141 5.89 96.88 27.67 456.40 6 33 3
142 39.34 73.81 27.83 275.17 22 44 4
143 36.62 83.86 40.12 172.18 10 11 1
144 67.50 46.77 4.05 403.58 0 39 3
145 22.34 43.19 13.29 283.26 1 29 4
146 92.13 27.92 40.39 308.58 7 30 3
147 13.02 99.72 43.71 354.24 15 28 3
148 91.82 80.13 19.46 280.89 9 15 3
149 23.23 6.77 17.59 473.80 24 36 4
150 2.22 33.63 27.99 141.40 14 42 2
151 0.17 70.21 44.28 65.71 8 23 2
152 53.58 92.27 32.29 425.74 14 37 4
153 98.39 20.21 46.69 428.03 8 37 3
154 62.37 27.28 2.31 237.74 22 36 4
155 89.39 35.90 40.43 122.61 12 42 4
156 49.61 93.04 37.63 147.94 9 28 3
157 35.63 69.84 6.67 352.28 10 45 4
158 70.08 17.47 10.17 262.70 2 21 2
159 70.95 75.67 39.81 77.25 20 33 1
160 3.52 80.34 40.10 454.66 19 38 3
161 39.35 76.90 12.67 348.02 0 8 2
162 8.02 43.39 27.76 325.84 14 18 3
163 4.84 48.03 9.46 383.95 6 13 1
164 75.76 92.21 48.74 287.57 8 28 4
165 55.49 61.54 49.72 82.94 11 23 3
166 99.32 42.12 34.76 410.93 1 11 4
167 29.52 76.67 11.15 346.91 18 23 2
168 15.07 60.92 27.47 338.21 21 43 2
169 77.41 14.12 6.82 405.57 24 30 1
170 39.35 10.03 49.26 447.95 9 39 1
171 59.24 36.33 25.39 222.23 4 32 3
172 16.06 42.99 18.40 200.86 24 25 4
173 75.92 46.37 5.51 271.46 12 12 4
174 38.48 4.93 48.37 330.65 4 48 3
175 24.22 16.99 28.95 168.74 12 34 4
176 30.15 90.93 10.41 262.47 0 21 3
177 72.13 64.62 22.87 447.60 6 17 4
178 88.48 83.53 21.61 367.29 1 3 4
179 24.10 16.36 5.84 276.16 22 35 4
180 32.25 54.05 3.85 103.32 5 46 1
181 84.97 61.92 48.16 161.52 11 22 3
182 89.97 82.77 24.64 407.96 11 45 4
183 14.11 56.52 17.67 406.67 19 40 4
184 12.44 42.38 43.50 360.72 23 31 2
185 37.81 24.56 0.99 80.20 3 45 2
186 47.56 64.31 10.39 86.11 12 26 2
187 9.39 33.26 11.47 136.67 3 26 2
188 83.17 43.21 18.24 151.44 7 10 4
189 74.37 13.61 21.22 342.70 6 32 4
190 8.70 27.85 19.55 169.64 21 32 3
191 74.76 34.91 48.08 123.03 15 30 2
192 10.25 0.48 44.44 74.30 3 11 4
193 14.34 0.85 26.78 210.31 16 27 4
194 10.97 52.17 38.75 444.26 8 44 1
195 52.74 66.40 32.19 366.51 14 41 3
196 32.92 28.38 5.62 176.46 13 19 3
197 83.57 70.73 8.14 402.94 4 42 2
198 26.37 30.83 8.63 401.70 23 26 4
199 87.92 34.70 29.55 90.76 5 31 1
200 70.32 51.10 3.83 401.75 14 21 1
201 76.38 62.49 29.83 209.53 22 28 1
202 42.48 55.77 44.19 118.65 21 33 1
203 63.55 70.16 47.04 378.25 3 16 1
204 66.43 87.22 11.64 241.12 15 47 3
205 85.57 65.24 6.40 412.54 9 22 3
206 87.31 69.49 23.03 235.24 24 47 3
207 90.07 35.86 7.52 331.49 2 35 4
208 73.05 65.38 35.84 260.40 11 18 3
209 7.09 30.27 10.64 289.93 22 25 4
210 24.12 71.98 16.88 131.82 1 8 2
211 8.75 63.16 33.33 265.42 5 47 4
212 90.05 54.04 2.88 183.54 3 33 2
213 20.84 17.54 11.41 246.83 23 41 4
214 2.90 31.05 14.58 421.52 16 26 4
215 75.03 28.14 25.73 86.98 21 36 3
216 51.10 70.41 44.98 344.22 14 20 2
217 7.32 68.38 0.21 428.72 17 46 4
218 47.92 29.13 27.76 75.49 16 26 4
219 53.80 24.29 11.81 233.85 20 26 2
220 56.38 38.34 36.88 376.40 15 36 1
221 55.11 27.55 24.04 338.19 9 23 1
222 65.40 49.87 48.66 195.43 23 36 2
223 48.14 50.79 38.82 103.97 24 25 2
224 33.82 42.96 22.13 123.18 22 31 4
225 24.10 5.50 36.97 125.20 20 21 1
226 0.58 34.01 29.61 278.38 24 48 4
227 81.44 19.99 7.19 438.32 8 36 3
228 61.87 69.28 27.77 295.01 18 48 4
229 87.60 99.32 31.64 375.60 15 41 1
230 48.03 84.37 46.61 151.01 1 11 2
231 58.06 9.65 34.67 77.87 13 46 3
232 25.83 40.90 46.44 172.82 15 29 3
233 10.35 80.61 1.17 82.37 13 30 2
234 82.07 82.95 7.64 112.52 17 28 1
235 29.15 23.37 13.64 76.18 20 45 2
236 77.44 16.21 28.91 303.89 22 29 2
237 86.88 61.02 20.06 354.74 4 48 3
238 31.51 19.57 23.91 379.04 22 34 1
239 44.58 32.43 29.72 208.37 1 27 1
240 87.56 75.79 33.60 304.07 10 39 4
241 16.74 98.21 29.66 324.70 9 37 1
242 55.86 43.47 45.87 201.95 17 43 3
243 25.19 36.36 33.77 238.73 5 9 2
244 31.55 76.90 41.65 401.22 1 16 4
245 32.03 10.32 7.78 420.29 22 27 3
246 64.53 35.80 49.11 126.52 11 30 4
247 4.33 19.58 35.48 413.35 14 24 3
248 0.17 99.12 41.37 496.04 0 6 4
249 63.82 43.73 14.60 59.18 0 11 2
250 73.94 15.63 39.44 377.38 11 43 1
251 31.61 70.52 2.58 58.99 22 39 1
252 8.99 89.60 12.06 492.12 7 18 3
253 78.85 81.51 0.35 380.56 22 34 4
254 62.38 64.03 6.24 144.42 19 38 2
255 88.22 89.13 26.90 137.81 17 23 4
256 53.70 20.31 27.18 475.99 18 34 4
257 9.28 21.79 34.68 398.24 15 25 4
258 33.60 78.39 44.68 108.26 17 36 4
259 74.52 66.59 19.11 324.90 7 41 4
260 6.04 12.02 10.70 155.15 3 16 1
261 88.14 96.51 31.71 127.40 6 42 3
262 7.46 66.50 1.04 90.37 3 41 4
263 14.32 98.32 17.00 466.12 10 43 4
264 9.54 69.72 12.06 152.29 16 26 3
265 12.57 16.28 29.51 246.24 9 13 2
266 14.34 76.53 9.77 433.77 3 31 3
267 18.26 89.00 19.30 151.06 11 34 2
268 96.29 85.35 43.63 337.50 8 47 3
269 38.80 63.43 12.32 171.54 24 47 1
270 57.88 42.47 35.59 406.28 3 16 2
271 95.46 93.38 32.46 401.05 3 15 4
272 56.84 14.20 25.17 336.92 21 27 4
273 45.14 74.15 34.07 400.53 10 26 1
274 83.06 28.97 13.19 483.75 13 26 3
275 12.45 30.99 10.96 423.66 18 25 3
276 43.43 72.73 30.33 446.34 11 11 4
277 77.57 57.68 33.96 292.89 5 39 4
278 17.79 88.87 43.50 358.72 19 40 2
279 23.67 80.40 40.53 299.04 0 24 4
280 53.41 20.01 49.68 392.39 14 48 3
281 80.68 19.91 26.05 140.20 4 22 3
282 87.74 50.15 22.07 364.89 21 37 4
283 14.69 3.59 2.67 368.54 9 14 4
284 92.55 3.40 15.70 470.28 0 32 1
285 14.42 58.01 41.99 458.35 10 28 3
286 26.92 99.93 2.28 452.77 6 17 4
287 35.88 60.84 20.41 293.35 13 43 3
288 86.00 96.76 47.38 412.76 14 35 1
289 90.46 6.58 13.25 279.47 4 37 2
290 10.09 59.30 42.33 417.97 4 28 1
291 77.49 71.07 36.67 160.80 2 23 2
292 20.47 23.33 22.43 337.38 9 25 2
293 88.44 19.08 0.99 122.92 2 40 4
294 5.21 67.89 9.88 357.28 4 38 2
295 86.14 29.08 5.95 327.84 17 28 4
296 23.76 4.44 49.17 157.10 7 37 2
297 78.34 31.08 5.84 146.49 0 45 4
298 87.41 0.42 32.06 80.25 2 26 1
299 23.27 43.71 12.65 243.42 1 9 1
300 46.52 34.15 26.26 134.07 14 23 4
301 80.32 34.50 18.11 394.08 23 29 4
302 16.90 67.51 14.06 214.65 12 23 4
303 30.58 2.90 27.88 310.10 19 42 1
304 3.03 16.37 19.74 412.23 13 27 2
305 84.38 91.86 5.61 205.67 8 10 2
306 37.08 98.33 36.59 141.66 6 11 3
307 65.20 96.37 45.40 350.22 6 47 4
308 85.04 8.06 10.05 411.30 22 39 1
309 93.23 71.74 15.21 367.59 13 41 1
310 7.71 88.09 12.53 89.16 22 40 1
311 61.03 62.69 40.04 193.80 21 45 3
312 78.11 31.53 17.26 72.53 0 9 4
313 15.70 21.61 25.27 71.56 0 39 4
314 2.11 52.87 25.05 488.48 24 43 2
315 45.88 33.76 11.19 315.78 10 22 4
316 25.02 46.62 35.88 393.09 6 14 1
317 27.32 64.01 45.76 386.51 11 37 3
318 43.84 86.97 32.78 374.97 20 36 3
319 94.66 34.38 28.75 297.29 20 23 3
320 73.62 25.30 47.67 85.72 15 43 3
321 74.97 59.79 29.92 81.16 11 15 4
322 3.85 36.77 46.47 360.41 18 42 2
323 54.18 55.70 23.43 140.42 17 24 2
324 80.92 2.87 14.58 492.35 20 38 2
325 65.23 47.92 34.53 340.12 18 22 1
326 95.34 56.51 23.02 123.53 24 31 3
327 77.55 96.10 35.06 407.70 8 13 4
328 95.32 88.27 23.18 62.85 14 46 3
329 1.64 35.83 44.18 429.52 22 32 1
330 0.73 38.95 0.01 110.14 22 34 2
331 87.03 45.26 44.94 101.62 15 35 3
332 54.63 33.81 23.74 346.56 18 38 1
333 53.53 31.89 37.01 137.62 6 39 1
334 92.21 31.41 36.84 176.40 0 12 1
335 27.45 73.32 16.10 188.22 9 38 4
336 79.18 7.38 4.90 242.98 12 43 1
337 37.38 57.80 5.29 489.48 13 23 2
338 83.50 82.49 1.90 476.67 2 42 3
339 81.47 31.27 5.62 230.15 13 35 1
340 17.51 54.65 4.21 409.98 7 10 2
341 38.31 0.01 16.93 221.73 6 19 4
342 15.68 23.16 21.88 69.72 11 41 1
343 60.18 66.78 25.08 198.45 18 18 3
344 48.78 53.78 35.46 444.56 15 35 1
345 1.92 97.35 22.87 346.07 1 9 1
346 81.61 88.42 14.31 397.10 3 3 2
347 99.76 86.50 18.91 220.94 5 6 3
348 50.58 33.45 29.93 150.31 16 24 3
349 85.95 87.67 46.48 451.87 11 33 4
350 2.11 88.69 13.13 289.09 7 45 3
351 26.04 96.58 25.27 76.85 18 22 3
352 27.50 66.70 13.37 345.91 11 43 3
353 52.28 47.92 2.18 134.55 4 38 2
354 36.65 21.63 31.42 340.77 24 40 1
355 24.89 98.44 18.24 63.77 17 42 4
356 95.30 94.63 45.52 252.56 11 26 4
357 26.69 51.60 1.17 338.74 13 27 4
358 43.71 19.98 23.93 107.57 20 41 3
359 58.84 83.74 23.14 110.34 5 46 1
360 98.68 10.94 21.16 113.52 24 24 4
361 51.07 15.11 45.19 483.10 1 4 2
362 2.97 72.34 41.51 475.81 15 30 4
363 58.14 77.89 6.47 122.82 13 17 4
364 42.46 12.57 14.67 476.73 0 16 3
365 76.86 36.75 23.00 355.99 13 48 3
366 78.48 14.52 0.32 121.65 13 16 4
367 73.73 22.13 15.30 321.50 2 6 1
368 2.76 27.52 37.36 481.88 15 28 2
369 42.70 57.20 35.00 110.70 7 46 4
370 37.89 31.25 48.67 363.80 15 29 2
371 94.25 7.97 43.51 262.88 21 33 4
372 4.65 66.41 37.93 418.72 14 24 1
373 51.11 76.63 13.06 83.39 16 39 3
374 55.95 52.90 15.93 427.32 23 34 1
375 67.42 15.93 9.58 206.28 7 21 2
376 22.89 76.89 44.22 137.30 6 40 2
377 52.96 96.07 42.65 89.05 14 38 2
378 66.79 10.22 19.03 220.55 16 40 1
379 24.74 79.19 19.79 336.22 11 39 1
380 80.64 77.01 47.38 144.21 10 22 3
381 17.65 30.94 46.47 174.14 14 22 4
382 65.68 80.84 25.18 438.19 3 45 1
383 87.43 70.77 12.65 431.40 13 17 1
384 14.94 15.13 33.06 192.49 7 42 3
385 17.36 3.03 40.28 199.56 21 41 4
386 97.61 64.68 45.17 290.11 4 39 2
387 7.06 30.26 4.61 79.10 8 39 1
388 15.80 88.32 15.16 256.27 12 14 2
389 98.05 48.51 22.43 322.37 17 31 4
390 15.64 73.98 20.14 489.41 1 22 2
391 12.45 58.52 17.19 92.35 24 26 3
392 45.35 23.50 5.14 144.11 7 19 1
393 19.19 16.31 27.14 224.12 0 24 4
394 80.35 90.15 2.69 300.18 0 25 4
395 48.96 95.42 36.93 137.36 20 43 1
396 66.86 51.11 38.60 411.41 21 40 1
397 15.98 32.60 17.78 188.92 5 29 3
398 31.63 98.23 16.49 95.32 4 12 2
399 3.05 20.93 32.93 261.01 14 15 3
400 5.76 5.15 0.82 477.84 3 46 4
1 100.28 4214.53 1
2 160.04 2934.41 2
3 189.40 2588.84 3
4 143.30 4711.96 4
5 179.88 4475.29 3
6 106.52 4158.67 4
7 133.86 4461.11 4
1 1.40 46.28 1
2 1.52 40.48 5
3 1.44 27.20 7
4 1.80 46.92 5
5 1.61 29.54 6
6 1.16 35.01 2
7 1.27 29.74 3
8 1.66 47.77 1
9 1.67 29.22 3
10 1.57 38.38 6
