Data for Vehicle routing problem with drones - Author: Huyen Do Thi Ngoc
Number of depots: 5
Number of cities: 500
Number of trucks: 9
Number of drones: 9
Area: 100 100 50
Customer maximum demand: 500
Max capacity of truck: 200
Max energy of truck: 5000
Max capacity of drone: 2
Max energy of drone: 50
1 77.20 71.44 9.27
2 21.81 76.23 8.08
3 36.08 7.64 24.65
4 15.59 13.59 33.15
5 56.08 46.23 27.42
1 39.17 0.87 2.41 417.97 21 35 3
2 85.55 35.79 32.50 207.77 19 32 5
3 74.61 55.03 34.53 467.53 6 6 5
4 49.23 60.09 35.57 287.36 21 27 1
5 45.73 38.46 3.26 179.04 23 23 4
6 97.27 28.14 45.30 276.82 3 32 2
7 90.09 54.07 12.40 362.61 11 36 1
8 72.88 73.52 23.42 109.76 19 20 1
9 82.95 48.68 29.48 231.45 22 31 1
10 40.28 74.36 17.49 162.67 7 34 1
11 65.18 65.36 13.23 359.59 14 23 3
12 23.71 99.59 9.26 202.64 2 31 3
13 55.29 29.02 5.42 392.74 14 19 5
14 7.15 37.75 33.60 171.89 6 17 1
15 61.43 99.13 8.52 149.13 4 30 4
16 16.12 60.19 49.35 392.53 11 16 2
17 38.64 0.47 44.88 108.21 15 42 5
18 62.35 48.73 22.39 366.88 24 48 5
19 89.27 59.22 48.43 303.60 4 10 2
20 32.14 86.67 35.37 309.04 12 24 3
21 7.07 40.90 33.69 74.05 15 18 3
22 45.37 13.69 49.99 288.50 0 2 2
23 48.18 38.28 4.86 317.84 15 36 4
24 94.70 76.90 4.47 310.59 23 23 1
25 12.45 62.20 15.62 339.25 14 27 3
26 45.61 68.99 30.23 346.21 10 39 4
27 87.24 24.97 12.39 145.54 24 28 5
28 31.43 92.08 18.75 181.88 12 46 4
29 70.83 60.25 1.88 140.01 5 30 2
30 68.76 29.07 32.14 465.73 21 46 3
31 72.13 37.48 40.87 383.99 18 19 5
32 57.90 92.88 20.47 56.03 19 30 2
33 0.66 44.29 45.51 179.46 2 36 1
34 63.42 60.82 7.98 113.65 5 9 3
35 90.54 61.52 8.92 316.90 14 30 2
36 4.20 28.36 48.16 51.04 15 23 5
37 95.14 37.93 32.35 337.90 4 43 2
38 73.93 64.57 31.55 159.13 20 23 5
39 78.95 20.07 23.24 181.88 12 24 2
40 98.57 33.62 23.10 136.11 21 24 3
41 77.56 41.34 45.56 222.54 12 48 5
42 12.34 97.37 1.92 263.53 7 8 1
43 89.30 88.28 11.27 453.32 12 25 5
44 23.99 4.32 45.56 75.24 13 19 2
45 57.02 34.09 27.32 397.17 17 24 1
46 73.53 75.57 37.38 67.36 22 47 1
47 20.36 32.46 35.77 210.03 14 25 2
48 21.83 88.35 17.56 433.59 22 27 1
49 98.37 37.05 14.77 95.50 2 8 3
50 23.95 63.97 28.74 194.87 23 46 2
51 35.30 79.41 35.23 489.42 21 32 3
52 16.37 2.54 48.03 496.77 0 3 1
53 66.04 49.22 25.18 156.68 22 36 2
54 41.43 10.76 48.21 463.52 15 15 5
55 34.18 74.64 39.26 273.74 24 37 5
56 2.82 51.32 39.28 67.77 8 28 1
57 36.68 68.16 42.26 116.23 20 47 5
58 25.07 75.21 18.84 113.76 7 45 5
59 67.78 1.62 28.08 333.85 0 33 2
60 67.74 61.86 21.33 477.38 8 29 3
61 61.90 87.32 7.91 392.70 2 31 2
62 42.80 18.87 33.45 398.90 15 33 2
63 70.44 54.30 9.40 390.59 16 45 2
64 24.57 99.36 32.70 184.88 8 36 3
65 76.78 68.13 28.68 241.34 5 14 2
66 53.53 7.55 31.45 154.74 12 32 2
67 49.36 58.46 20.34 177.47 23 35 4
68 44.23 58.79 49.21 359.05 4 45 5
69 71.63 17.39 27.00 93.40 9 20 1
70 79.65 63.03 6.60 186.76 13 36 3
71 22.55 23.82 15.10 481.98 17 33 4
72 96.53 4.44 3.76 185.84 10 31 3
73 67.05 85.55 43.26 211.47 23 47 4
74 43.58 32.17 45.56 419.88 21 35 3
75 47.07 65.83 1.91 395.77 1 37 3
76 8.77 83.34 3.06 116.48 8 47 5
77 83.39 74.58 41.42 485.79 16 34 5
78 26.06 50.31 0.92 53.12 7 33 4
79 82.46 87.10 14.10 249.29 4 46 1
80 14.91 36.33 12.03 119.30 11 18 5
81 86.50 49.76 8.18 477.78 1 7 3
82 10.90 23.22 9.11 74.97 23 37 1
83 36.61 35.66 11.22 77.42 16 27 4
84 28.99 36.89 12.86 441.10 5 13 2
85 95.06 78.26 13.30 307.21 5 34 1
86 34.65 95.27 22.66 155.51 0 43 5
87 12.60 98.96 45.88 197.26 6 35 4
88 49.53 54.16 26.92 308.69 21 32 2
89 7.73 14.51 44.77 279.52 4 41 5
90 25.81 99.88 29.76 99.30 18 37 5
91 65.58 65.52 39.78 430.70 8 35 1
92 39.90 65.18 24.43 487.73 10 44 1
93 47.05 94.73 5.61 426.27 3 23 5
94 44.91 82.78 46.63 452.36 17 44 3
95 15.86 31.43 47.32 105.51 9 25 5
96 91.89 24.71 37.42 137.40 12 19 5
97 16.74 67.98 39.02 262.54 15 19 4
98 32.21 56.21 26.99 261.68 22 39 2
99 25.02 30.01 36.59 234.72 12 39 2
100 33.55 54.05 21.20 204.40 23 36 4
101 23.72 88.80 8.54 182.28 20 33 5
102 61.26 79.75 48.28 371.20 11 15 2
103 59.66 3.41 30.60 53.27 2 45 4
104 66.41 75.26 42.95 161.08 12 27 1
105 81.35 12.93 19.23 396.33 4 35 3
106 56.38 60.71 5.34 95.36 15 31 1
107 8.21 10.81 17.75 234.55 7 8 2
108 57.53 64.50 43.64 167.28 24 37 4
109 5.17 34.63 6.54 498.08 3 42 5
110 33.67 66.98 8.12 306.65 5 12 5
111 5.03 99.31 38.23 151.73 21 37 4
112 72.50 85.43 35.40 461.03 20 25 1
113 9.71 98.84 43.63 315.86 2 24 3
114 44.72 10.89 16.72 311.88 18 23 3
115 47.30 46.90 26.44 463.31 12 13 3
116 45.45 0.46 27.48 138.96 5 29 1
117 5.67 11.30 26.53 383.96 18 35 3
118 71.85 18.27 2.13 121.42 11 37 1
119 66.86 75.46 8.42 205.74 11 43 5
120 65.03 60.73 47.91 221.29 4 33 4
121 64.65 76.18 24.49 321.32 12 37 1
122 56.89 53.32 42.60 362.81 8 48 1
123 69.92 19.01 36.44 202.25 19 40 1
124 7.71 29.46 49.20 419.06 7 23 3
125 49.28 74.74 32.40 294.81 9 39 3
126 21.13 79.60 31.07 284.76 5 7 4
127 62.66 73.37 37.62 432.85 10 24 5
128 73.78 15.69 42.68 230.82 2 19 1
129 86.49 94.95 0.50 292.82 15 23 4
130 53.18 37.35 44.42 174.49 10 18 4
131 54.60 91.66 35.89 147.77 2 18 1
132 38.30 36.25 6.95 208.09 4 16 2
133 57.19 86.41 24.58 94.26 17 41 2
134 77.92 14.74 27.49 73.63 17 28 1
135 77.51 75.46 5.56 379.19 5 42 3
136 19.82 72.14 20.64 185.03 0 7 5
137 10.89 63.08 47.89 55.88 14 47 4
138 19.56 64.14 25.29 322.93 14 41 4
139 28.71 29.73 39.87 425.68 5 18 1
140 27.74 68.45 29.88 316.55 17 27 2
141 29.98 97.64 5.24 332.67 8 38 4
142 92.73 47.56 31.07 195.36 4 9 2
143 75.50 96.39 2.55 473.54 16 45 4
144 58.38 28.81 34.99 396.55 12 15 4
145 6.35 92.05 33.17 350.23 11 22 5
146 70.64 84.68 35.57 369.95 19 39 1
147 57.84 9.10 0.26 139.85 24 44 2
148 64.14 24.08 25.33 284.77 5 32 4
149 44.57 95.48 11.50 142.17 23 30 2
150 17.43 77.24 23.93 287.13 22 47 4
151 92.99 53.45 12.21 166.09 8 17 1
152 50.98 62.94 21.76 478.81 12 13 2
153 82.48 41.04 20.64 152.09 11 37 2
154 99.96 27.34 23.50 85.15 6 19 1
155 54.54 62.97 23.66 170.70 11 28 1
156 49.83 49.30 41.97 178.66 16 17 5
157 94.71 79.54 14.88 334.37 13 14 5
158 19.03 77.22 21.48 334.98 2 4 2
159 78.64 31.49 10.96 394.80 21 24 3
160 14.94 46.70 48.07 131.92 8 34 3
161 82.69 3.49 7.69 163.39 3 11 1
162 58.73 8.63 24.21 471.09 3 7 5
163 62.94 45.25 22.29 334.28 7 8 5
164 28.01 85.64 7.15 74.21 23 30 1
165 20.14 47.20 4.80 249.17 14 29 5
166 24.68 72.67 4.25 374.33 7 37 1
167 6.85 8.56 18.38 381.72 21 24 5
168 31.90 16.40 38.10 478.06 9 30 5
169 12.70 80.29 19.92 289.14 14 22 4
170 5.60 90.73 23.85 349.79 14 34 1
171 81.19 95.53 38.66 107.61 7 8 3
172 1.92 3.33 38.35 200.43 5 33 4
173 18.22 68.75 9.77 182.70 10 26 1
174 47.64 87.69 6.08 245.98 21 45 3
175 27.51 74.16 2.37 430.61 16 25 3
176 84.04 15.57 21.73 494.20 17 38 2
177 76.15 75.96 13.32 176.89 10 37 3
178 31.31 37.17 19.11 245.63 18 40 2
179 0.55 33.64 20.96 124.47 3 19 5
180 12.38 25.94 12.25 259.13 23 32 3
181 45.85 32.92 42.66 96.09 21 46 3
182 81.39 63.03 49.94 398.46 8 29 3
183 66.71 29.57 25.97 439.14 11 21 3
184 45.40 57.15 44.45 76.11 5 40 3
185 14.13 8.46 34.91 436.14 6 33 4
186 53.16 42.13 11.27 306.87 8 17 3
187 70.69 98.16 35.85 363.87 19 19 4
188 5.36 6.94 31.52 404.20 4 5 1
189 39.62 3.67 33.25 409.03 1 24 5
190 83.79 39.18 41.21 80.60 4 47 3
191 50.45 26.89 35.83 127.37 5 6 2
192 66.38 3.26 19.80 371.91 9 16 3
193 59.93 67.23 19.39 292.98 9 28 1
194 6.09 81.84 40.30 203.83 17 28 1
195 17.71 22.05 37.06 329.26 12 32 1
196 63.98 81.36 49.40 186.97 22 45 3
197 74.92 8.57 5.44 153.87 5 46 4
198 52.02 35.39 46.75 368.12 0 24 1
199 2.78 28.02 3.96 209.28 16 16 3
200 82.10 5.25 45.61 466.72 19 23 2
201 69.10 13.34 47.01 259.15 9 23 5
202 5.71 52.75 34.44 363.46 18 21 1
203 9.51 61.62 45.14 320.26 24 44 4
204 5.87 81.56 48.47 115.18 22 28 1
205 80.58 23.57 34.14 257.55 5 40 3
206 24.91 24.18 18.77 387.36 23 25 4
207 15.49 44.02 22.54 461.19 13 21 4
208 94.83 34.01 25.34 399.62 6 28 2
209 41.52 92.16 27.26 316.43 12 18 4
210 91.31 66.41 48.36 410.69 17 36 5
211 26.97 96.28 30.85 464.78 14 34 1
212 18.92 36.13 13.96 276.61 1 38 3
213 86.98 66.71 48.21 222.25 11 47 2
214 89.19 21.83 24.90 402.78 11 42 5
215 1.04 97.18 26.68 135.05 6 46 2
216 30.30 47.36 23.09 471.74 9 40 3
217 13.74 68.51 34.77 134.42 8 11 1
218 19.80 83.58 35.05 86.23 15 27 5
219 34.07 74.28 40.08 279.70 5 15 4
220 11.15 99.87 43.22 442.06 11 40 4
221 80.84 94.74 27.52 66.94 0 1 1
222 63.51 12.26 39.69 467.87 11 30 5
223 35.02 52.62 41.58 129.20 12 44 5
224 83.91 28.63 41.47 285.33 11 25 4
225 15.39 26.38 38.93 225.07 17 21 4
226 11.46 35.04 34.65 344.07 15 46 3
227 8.85 78.16 5.93 361.55 9 38 1
228 18.82 33.33 48.11 100.63 13 35 1
229 68.68 63.04 18.62 71.49 15 25 1
230 36.55 84.43 46.06 69.11 10 23 1
231 87.59 53.42 27.47 182.64 6 40 5
232 61.11 84.30 34.11 278.84 17 47 5
233 52.06 10.41 3.32 497.76 21 24 5
234 61.71 39.67 39.93 304.93 4 28 4
235 61.39 71.07 21.90 401.42 4 30 5
236 41.17 95.51 23.65 328.56 0 37 1
237 51.51 27.88 20.88 143.15 16 44 3
238 23.47 3.44 12.26 182.88 8 27 1
239 12.12 93.27 49.46 409.22 19 31 5
240 27.99 42.04 38.67 267.04 16 23 5
241 52.37 12.59 31.21 244.31 6 24 3
242 27.44 50.73 29.94 330.25 20 40 3
243 14.25 81.10 31.40 303.33 12 41 2
244 36.02 3.22 27.95 407.72 18 22 5
245 15.08 32.89 24.97 288.98 0 5 2
246 37.91 70.36 49.37 82.56 23 46 3
247 10.18 90.07 26.84 332.31 24 47 1
248 85.54 19.40 43.56 388.22 15 38 4
249 18.37 75.36 4.02 148.49 9 46 1
250 76.78 92.72 38.03 263.64 21 26 2
251 30.27 89.57 32.66 90.15 20 40 5
252 55.29 40.84 5.96 206.92 23 36 1
253 58.46 32.25 21.03 497.14 22 40 3
254 90.39 80.01 11.63 405.57 9 39 4
255 79.58 41.13 19.21 337.32 9 32 2
256 70.50 75.41 45.29 74.61 16 20 1
257 80.06 42.96 15.65 329.14 0 32 3
258 45.30 28.25 5.62 179.03 12 48 1
259 20.44 30.26 8.59 82.39 7 42 3
260 52.04 19.14 44.88 364.85 1 20 3
261 67.21 97.56 46.80 60.30 15 32 3
262 89.25 92.79 27.94 348.07 3 34 5
263 96.54 93.89 45.77 265.09 11 11 2
264 76.95 83.92 14.65 415.47 6 33 1
265 2.62 20.93 39.46 464.96 17 45 4
266 80.63 97.75 20.54 113.59 10 33 4
267 73.05 24.54 16.70 483.04 13 28 1
268 15.14 47.60 7.79 422.27 5 43 4
269 35.82 46.12 0.76 129.21 24 46 5
270 67.97 1.75 21.38 86.39 22 26 3
271 35.75 92.32 37.02 140.25 18 27 5
272 3.93 17.15 39.30 111.44 15 25 5
273 67.89 20.31 40.14 282.09 14 36 4
274 16.41 14.55 43.43 112.83 13 38 2
275 18.80 92.61 20.90 421.31 8 35 1
276 2.63 47.58 13.77 101.09 13 13 2
277 43.56 3.02 0.90 232.17 3 22 2
278 93.93 51.28 39.12 406.70 12 44 4
279 64.65 87.62 12.91 381.63 2 6 1
280 3.77 88.05 22.03 89.59 17 19 2
281 9.08 69.18 22.40 302.65 21 36 5
282 82.22 39.16 39.65 99.41 0 20 3
283 26.96 94.23 7.38 271.22 16 39 4
284 46.99 75.93 42.27 156.62 22 39 5
285 86.13 11.80 29.20 113.22 14 14 1
286 99.87 94.81 4.03 85.93 1 26 3
287 24.16 37.74 32.62 359.23 1 34 3
288 87.50 31.27 9.95 390.93 2 38 4
289 7.07 17.68 15.82 430.66 22 32 2
290 19.21 61.88 20.10 145.34 9 25 2
291 37.84 49.21 12.44 238.01 19 30 1
292 17.73 96.51 40.81 315.51 15 26 4
293 61.88 35.98 25.43 135.24 18 24 3
294 6.56 19.03 42.61 346.09 10 31 3
295 47.40 86.31 7.08 148.92 2 44 3
296 82.04 49.97 0.14 141.84 5 22 2
297 24.36 93.53 1.13 225.83 10 47 2
298 96.12 26.93 3.95 75.17 20 30 3
299 37.55 92.22 34.11 197.69 18 23 1
300 75.99 84.31 32.67 413.82 4 29 2
301 7.76 36.67 34.15 271.84 12 24 3
302 31.86 21.12 19.91 449.40 2 40 4
303 97.39 2.78 41.45 129.36 24 42 4
304 96.73 98.76 44.33 118.77 20 21 5
305 39.64 77.66 32.57 400.14 16 34 1
306 14.03 96.00 15.66 481.57 11 15 2
307 74.94 31.58 12.03 315.08 23 30 5
308 69.12 64.53 13.69 399.52 17 39 5
309 35.59 13.70 49.22 205.95 3 24 1
310 33.75 84.26 0.40 56.98 21 29 2
311 94.12 99.58 6.52 328.86 10 33 3
312 23.88 14.11 46.45 224.54 9 11 2
313 77.73 78.95 11.97 111.74 0 3 3
314 38.98 52.69 42.55 332.00 2 29 5
315 10.58 34.05 34.73 66.68 16 44 2
316 39.13 27.87 15.28 438.39 24 29 5
317 93.80 82.17 33.44 52.12 10 11 4
318 68.64 47.64 15.04 287.49 15 32 4
319 78.40 71.23 36.36 273.61 17 42 4
320 44.55 27.70 7.87 178.65 19 24 4
321 34.50 7.72 35.35 247.76 14 34 5
322 84.23 26.26 0.86 329.23 20 43 4
323 81.05 84.14 12.13 406.41 17 43 5
324 83.15 99.93 23.02 462.86 0 28 4
325 52.27 84.40 0.26 351.96 21 21 3
326 20.24 4.02 15.39 462.86 2 2 2
327 41.00 80.94 36.34 372.76 20 37 5
328 14.49 24.85 32.10 64.92 3 27 2
329 9.80 42.42 2.93 383.16 17 26 5
330 90.73 0.84 34.21 300.17 23 42 3
331 35.64 59.86 39.03 72.94 10 23 3
332 42.74 45.10 47.07 227.40 18 47 1
333 57.50 72.51 37.05 398.77 7 20 2
334 16.34 58.94 8.49 340.31 1 42 1
335 95.73 23.97 45.64 430.99 7 48 4
336 68.09 33.10 28.79 177.23 10 34 4
337 62.08 59.03 13.51 152.04 15 38 4
338 80.32 59.72 6.34 416.52 0 10 4
339 60.45 36.34 41.06 119.48 13 27 1
340 54.35 46.30 10.37 468.30 11 34 2
341 24.18 49.10 10.66 421.98 14 16 2
342 52.34 50.28 28.00 310.74 7 34 5
343 37.64 44.60 41.49 362.28 7 10 3
344 61.33 34.87 4.64 436.76 11 17 5
345 58.82 81.13 27.59 303.05 3 23 2
346 25.45 69.79 28.26 210.98 12 40 1
347 75.71 13.89 44.41 366.40 4 35 1
348 29.10 75.25 34.22 221.32 24 26 2
349 42.83 64.76 1.72 294.61 1 2 1
350 48.20 16.86 35.18 464.43 5 12 4
351 30.35 83.31 49.62 306.16 22 27 2
352 96.34 39.93 42.50 191.78 4 34 1
353 29.98 34.60 17.97 462.31 22 22 4
354 26.01 89.14 43.24 180.32 19 42 5
355 28.47 68.99 29.69 264.46 17 18 2
356 58.73 22.00 11.80 360.64 18 31 4
357 4.60 27.42 29.92 64.17 18 29 5
358 39.37 61.36 25.29 263.95 22 48 5
359 95.37 13.04 24.83 421.66 24 28 5
360 61.13 73.09 43.96 172.32 13 45 1
361 47.13 66.87 37.89 251.86 20 47 5
362 13.30 42.73 27.28 431.36 9 43 1
363 71.09 47.98 32.40 302.38 1 16 3
364 27.52 8.26 46.47 353.10 18 35 4
365 0.46 61.08 36.40 342.74 0 8 3
366 54.48 56.27 20.44 187.74 14 22 4
367 39.27 98.99 46.55 238.22 0 28 3
368 90.79 38.40 18.91 337.06 14 45 3
369 7.88 11.90 6.34 243.39 2 4 1
370 69.33 28.85 49.68 274.01 19 29 3
371 93.82 10.82 11.10 203.63 19 46 3
372 25.97 72.67 38.97 374.53 13 23 4
373 3.76 66.73 24.39 491.46 1 3 1
374 92.17 88.84 16.55 466.92 11 46 1
375 83.20 83.79 34.13 353.36 11 28 4
376 28.06 82.89 45.34 435.39 16 39 4
377 92.30 73.04 8.39 295.18 21 38 2
378 97.83 46.29 17.11 399.01 22 27 1
379 60.56 76.42 25.21 200.89 13 45 2
380 68.80 32.53 47.48 484.62 4 39 5
381 69.38 38.35 32.39 257.38 3 8 1
382 12.63 53.92 27.23 497.28 10 34 5
383 28.29 24.13 24.56 283.70 4 25 1
384 32.67 73.63 31.78 83.17 6 29 1
385 55.40 10.92 7.23 122.88 4 38 2
386 8.01 80.66 8.03 207.22 18 45 2
387 1.01 99.46 40.28 333.87 14 26 1
388 51.59 85.42 43.04 115.39 9 23 3
389 13.18 95.35 43.77 494.63 19 39 3
390 2.36 0.42 29.79 349.87 21 22 2
391 80.73 40.48 21.35 245.13 12 44 4
392 95.43 9.79 13.31 460.41 1 4 4
393 92.22 91.69 20.29 240.42 23 45 2
394 40.57 90.35 12.73 172.88 6 30 2
395 29.15 48.39 19.11 441.54 16 44 1
396 58.40 10.22 1.46 425.75 13 32 5
397 13.18 52.28 28.40 398.08 2 21 5
398 6.80 34.76 0.22 333.35 15 47 2
399 83.45 63.40 5.84 426.96 10 29 2
400 66.28 37.89 1.59 376.00 20 38 3
401 82.31 63.94 23.05 279.54 6 12 2
402 48.81 81.02 30.81 324.87 8 12 5
403 3.67 3.48 23.94 411.63 23 41 3
404 96.06 6.47 0.37 318.91 7 10 1
405 31.84 37.45 8.02 280.55 0 43 1
406 81.45 31.95 38.58 433.22 14 29 2
407 97.42 5.08 29.79 250.21 14 19 5
408 73.95 57.96 5.21 336.84 12 38 5
409 25.63 63.69 26.35 141.82 4 14 5
410 43.54 38.62 0.98 498.79 9 9 1
411 27.33 24.54 49.37 481.28 12 48 3
412 4.39 7.32 29.43 387.27 17 22 2
413 56.56 41.57 37.14 259.20 23 37 3
414 64.46 28.19 48.63 365.33 12 26 4
415 20.11 14.12 33.79 142.45 8 41 4
416 40.89 1.61 5.53 69.76 17 18 4
417 57.34 47.39 33.99 179.26 24 26 1
418 76.30 67.30 21.22 324.71 15 32 5
419 63.68 65.90 2.38 189.45 20 22 3
420 87.66 87.66 9.95 188.47 2 28 4
421 96.72 53.89 41.64 267.78 13 36 5
422 44.74 48.20 3.68 157.32 7 7 1
423 39.02 60.03 43.30 361.40 5 48 5
424 17.95 43.85 41.40 97.12 8 24 5
425 29.00 12.21 17.82 193.28 1 42 4
426 74.47 28.82 29.93 188.04 12 38 3
427 46.04 23.61 16.81 291.85 0 16 5
428 37.21 46.24 9.92 202.11 19 24 5
429 57.82 37.75 49.13 343.16 17 25 5
430 60.55 56.38 32.06 499.19 21 38 1
431 46.15 58.79 47.69 321.80 8 48 3
432 17.56 35.24 4.01 56.03 24 35 5
433 63.49 87.59 0.01 103.67 23 26 4
434 99.83 67.13 41.81 499.93 2 6 4
435 93.99 27.21 1.22 88.20 15 15 4
436 81.79 67.78 19.82 64.33 10 12 2
437 76.25 80.48 12.80 321.03 11 29 4
438 36.74 90.77 19.43 134.65 24 34 2
439 39.01 81.27 12.45 92.79 0 48 2
440 5.39 14.59 5.13 216.77 5 42 1
441 97.77 18.63 42.20 230.11 8 31 2
442 88.11 73.66 11.35 462.06 23 43 2
443 56.93 25.49 34.38 100.52 4 12 2
444 19.54 97.62 44.12 169.23 9 48 5
445 38.42 45.00 2.63 477.67 19 47 3
446 53.50 38.85 30.48 422.04 18 26 1
447 37.64 38.90 10.83 338.38 11 15 5
448 7.05 26.81 23.52 307.95 9 18 1
449 84.04 71.59 10.94 191.64 18 38 2
450 66.07 4.68 14.54 333.15 9 48 5
451 55.07 68.26 43.62 317.71 5 38 4
452 55.78 71.07 5.79 163.52 20 46 5
453 98.15 18.45 29.01 338.17 18 22 4
454 63.57 98.62 19.16 210.06 4 14 4
455 86.78 87.61 41.57 245.29 22 23 1
456 25.31 19.47 19.46 427.97 23 26 1
457 10.16 34.56 18.20 76.57 8 13 1
458 28.94 3.26 28.96 151.89 23 34 5
459 23.04 20.72 13.58 235.32 17 37 1
460 88.90 2.45 23.42 466.30 11 12 4
461 50.47 66.94 13.33 153.06 16 25 1
462 82.73 10.47 38.49 119.36 21 39 4
463 11.36 1.21 41.16 214.89 22 46 2
464 37.72 42.05 47.12 227.63 15 21 4
465 18.27 11.81 19.06 84.55 0 43 2
466 15.74 66.28 18.88 231.76 16 26 1
467 72.09 2.52 47.95 95.07 0 20 3
468 0.01 94.32 3.28 55.04 21 43 5
469 68.37 60.08 6.94 388.61 5 45 5
470 19.22 11.25 40.82 481.28 7 34 4
471 46.74 35.68 6.89 360.14 7 10 3
472 13.63 96.04 8.09 335.63 11 45 3
473 36.88 70.63 26.15 229.12 20 26 5
474 87.46 2.50 17.08 389.18 18 39 5
475 81.16 5.79 48.35 349.44 5 9 4
476 83.31 60.52 48.23 444.14 8 14 1
477 46.59 53.82 9.60 474.04 19 39 4
478 91.06 14.74 12.07 216.21 12 15 1
479 52.66 62.34 29.83 108.61 17 39 3
480 13.40 49.48 13.75 161.81 24 34 1
481 47.00 9.85 11.27 169.56 11 14 1
482 4.19 6.02 22.83 488.53 17 42 4
483 61.06 73.68 7.87 211.38 18 40 5
484 27.88 57.94 18.00 306.83 16 41 1
485 7.11 7.68 35.20 320.02 11 27 3
486 25.06 17.46 38.48 294.07 0 9 3
487 52.03 93.95 5.04 157.16 21 37 2
488 87.42 37.54 29.22 322.54 1 35 4
489 95.67 89.21 15.90 229.01 20 24 5
490 61.98 18.12 22.27 384.21 3 19 3
491 58.08 97.51 30.27 300.07 20 30 3
492 14.67 80.02 8.25 316.99 19 30 3
493 37.25 61.35 24.52 402.02 0 6 5
494 39.75 25.26 5.37 132.38 15 26 1
495 96.09 40.92 42.70 497.09 7 26 4
496 84.58 55.96 46.56 409.05 12 22 2
497 77.11 38.76 49.42 400.82 15 24 5
498 93.82 96.89 6.65 163.70 0 39 1
499 31.27 5.28 22.81 300.06 10 48 2
500 83.45 42.54 42.02 348.20 8 48 4
1 158.71 4364.72 1
2 102.10 3991.66 2
3 177.41 4793.12 3
4 162.09 3625.83 4
5 193.07 3037.05 5
6 117.19 2684.12 2
7 194.57 4059.98 4
8 161.58 2703.18 3
9 115.69 4206.14 3
1 1.95 46.84 7
2 1.54 46.53 9
3 1.31 25.42 3
4 1.14 25.14 4
5 1.76 42.97 1
6 1.09 41.47 9
7 1.20 32.86 1
8 1.16 35.57 8
9 1.36 45.35 2
