Data for Vehicle routing problem with drones - Author: Huyen Do Thi Ngoc
Number of depots: 5
Number of cities: 400
Number of trucks: 7
Number of drones: 15
Area: 100 100 50
Customer maximum demand: 500
Max capacity of truck: 200
Max energy of truck: 5000
Max capacity of drone: 2
Max energy of drone: 50
1 41.46 11.11 28.24
2 49.30 1.14 10.56
3 98.74 42.72 22.24
4 45.62 82.89 12.21
5 16.59 51.13 32.49
1 67.08 50.11 28.15 171.58 2 41 4
2 88.59 79.94 29.02 368.60 8 42 2
3 86.38 0.91 15.47 486.87 9 11 4
4 75.03 82.74 43.22 75.22 5 17 4
5 3.82 50.99 0.05 294.40 0 15 1
6 44.90 33.26 44.67 322.60 4 13 2
7 69.66 8.29 32.12 311.39 4 12 3
8 5.36 21.26 29.84 495.57 17 35 2
9 68.27 21.68 43.05 399.06 0 9 3
10 20.78 6.65 10.11 343.04 6 7 5
11 60.64 16.80 31.62 402.85 15 34 4
12 85.17 2.54 21.76 267.21 8 16 2
13 88.57 79.09 6.92 419.80 0 8 1
14 66.65 34.53 12.65 436.45 21 47 1
15 15.44 60.11 14.91 302.15 19 35 5
16 56.68 27.08 7.60 240.10 19 29 3
17 26.18 11.16 21.26 459.71 14 41 3
18 7.29 98.68 49.45 297.92 17 29 3
19 76.06 47.57 30.06 269.86 15 33 3
20 78.02 87.82 10.74 493.91 2 23 4
21 28.16 82.80 21.02 219.87 24 39 2
22 25.94 9.23 13.96 126.21 11 39 5
23 65.96 92.75 15.17 368.43 4 16 5
24 30.46 76.95 32.65 118.17 3 37 2
25 76.35 80.30 26.91 61.25 13 30 3
26 77.09 53.07 3.26 275.44 20 45 5
27 71.05 51.94 8.26 343.06 23 44 5
28 97.97 66.04 5.03 269.02 2 41 1
29 84.38 15.86 37.97 134.63 3 25 1
30 81.12 40.25 28.95 458.71 1 17 3
31 59.48 24.29 30.36 373.95 22 22 5
32 95.38 18.80 14.70 374.18 17 43 2
33 67.05 44.20 16.78 62.56 1 20 1
34 80.83 81.48 45.90 192.17 5 13 1
35 77.50 73.54 14.91 286.47 2 11 1
36 58.75 6.09 38.27 467.00 0 25 3
37 98.26 9.82 48.52 170.66 24 35 2
38 83.09 28.58 25.97 397.94 1 14 1
39 80.27 32.53 6.09 196.94 16 38 2
40 47.46 57.51 8.42 265.41 14 14 1
41 17.23 65.57 37.13 361.89 9 32 4
42 91.62 68.45 40.23 388.79 8 47 4
43 94.07 25.47 14.26 148.10 20 20 5
44 92.10 70.89 0.45 347.22 23 34 4
45 27.36 52.36 43.85 422.23 3 43 3
46 41.17 77.13 42.37 206.21 15 32 2
47 72.48 20.03 40.01 95.70 4 17 2
48 47.19 88.58 23.73 213.91 5 14 3
49 98.14 99.55 8.11 318.57 18 25 5
50 70.56 41.84 44.41 252.92 1 42 3
51 35.41 29.43 19.61 433.25 11 36 3
52 4.79 9.09 12.68 462.90 4 22 5
53 83.36 55.90 7.94 489.70 7 9 3
54 37.38 36.28 24.43 487.80 0 2 4
55 55.82 71.90 9.40 54.65 13 47 1
56 23.70 83.27 33.30 134.10 9 41 1
57 61.52 59.99 29.14 261.03 7 27 3
58 29.26 46.27 17.81 173.32 2 25 3
59 59.20 11.22 25.07 95.53 14 47 3
60 26.59 62.91 37.83 175.71 12 15 3
61 81.05 86.89 6.00 326.61 1 28 5
62 51.77 4.77 31.23 288.53 10 38 1
63 44.27 26.86 18.71 221.88 18 30 3
64 70.03 20.17 22.52 69.85 17 40 2
65 80.09 56.32 11.51 99.72 13 36 4
66 68.61 50.69 3.98 458.89 7 17 1
67 89.05 14.75 0.81 358.41 15 34 3
68 85.14 42.60 16.56 88.46 12 14 2
69 12.64 60.16 44.64 221.21 14 15 3
70 88.65 87.25 33.92 389.07 2 31 3
71 22.31 15.95 12.76 112.38 22 29 3
72 30.36 79.24 17.72 77.62 20 24 5
73 87.97 35.18 16.72 203.96 9 16 3
74 6.10 69.42 14.59 208.79 9 22 2
75 16.47 0.90 42.71 234.85 5 39 3
76 4.02 36.85 38.28 287.64 11 21 4
77 23.59 79.07 28.43 360.52 9 14 3
78 48.32 57.31 43.33 207.04 24 32 3
79 77.21 4.80 2.44 199.11 23 27 1
80 92.35 9.32 47.12 248.30 4 22 5
81 15.66 62.57 40.81 256.97 14 38 3
82 72.08 26.34 5.17 251.95 10 10 2
83 7.59 69.53 14.16 298.59 17 41 2
84 15.08 1.53 47.61 70.06 21 24 2
85 71.20 16.65 8.73 289.12 20 45 4
86 4.25 36.02 18.11 368.28 5 42 4
87 18.66 21.10 48.66 167.17 2 47 1
88 55.72 63.55 27.96 398.37 3 27 5
89 19.84 91.32 16.24 442.02 22 34 5
90 39.46 70.29 5.77 52.08 10 18 5
91 37.96 11.50 3.41 140.38 21 41 2
92 44.34 98.93 40.93 95.08 12 36 3
93 89.84 14.63 36.74 147.46 3 44 5
94 5.95 99.57 39.96 347.85 9 11 4
95 52.21 36.98 38.79 310.56 10 31 5
96 80.11 11.30 10.23 419.83 11 29 1
97 22.55 40.93 43.92 236.92 9 31 2
98 16.48 19.02 24.72 86.35 13 46 4
99 32.86 5.73 8.24 345.91 13 38 3
100 16.58 37.25 17.04 493.73 17 42 2
101 2.33 51.63 29.47 395.06 18 37 3
102 67.38 27.70 28.40 376.06 6 48 4
103 11.65 18.25 10.09 409.04 2 11 5
104 26.96 49.72 32.57 343.57 21 28 5
105 73.37 78.77 13.22 152.35 20 42 3
106 67.62 31.74 16.94 401.92 2 41 1
107 1.40 61.33 20.81 166.62 7 39 4
108 15.85 28.42 15.23 497.55 12 43 2
109 98.13 80.29 40.18 349.51 22 41 5
110 58.78 32.98 37.80 482.72 22 48 4
111 17.33 82.04 14.63 81.98 23 38 3
112 41.05 91.43 38.19 92.46 12 16 3
113 68.05 35.29 31.59 105.42 11 12 4
114 57.42 35.05 42.48 214.80 13 28 4
115 70.25 32.40 25.78 163.52 9 11 4
116 19.42 8.03 0.53 463.54 24 26 1
117 43.22 98.15 34.26 420.18 1 43 3
118 12.62 82.20 3.01 111.03 4 28 3
119 54.27 43.22 25.16 88.45 18 24 2
120 93.82 60.25 23.57 244.86 14 22 1
121 33.21 4.74 35.24 204.77 13 13 2
122 93.08 25.77 40.65 435.41 22 29 2
123 39.09 70.58 37.21 324.14 4 6 1
124 18.23 98.84 19.22 347.98 14 46 3
125 54.28 77.93 3.12 128.23 12 28 1
126 43.91 32.95 26.47 196.68 0 40 5
127 23.72 82.92 43.84 195.86 14 28 2
128 61.22 79.31 42.09 314.06 17 27 3
129 81.83 10.81 27.86 353.96 15 43 2
130 95.56 56.13 46.27 170.27 7 23 1
131 83.85 58.18 26.39 424.28 22 30 4
132 70.92 98.50 16.59 183.50 11 27 5
133 48.50 84.05 32.97 443.43 10 28 5
134 10.48 49.14 30.30 120.95 2 14 3
135 85.00 2.76 18.36 265.61 23 32 5
136 64.32 86.51 23.07 417.82 16 17 1
137 93.89 89.43 35.30 272.06 18 26 1
138 5.28 58.35 6.54 172.89 13 38 3
139 25.63 9.13 0.71 60.11 7 22 2
140 56.34 54.96 7.70 258.76 15 16 2
141 62.74 51.30 40.72 432.43 16 24 5
142 79.29 18.36 31.87 474.10 17 31 3
143 53.87 58.77 28.31 105.23 14 28 5
144 64.38 77.59 32.86 213.87 2 30 1
145 19.85 38.54 2.60 134.33 11 26 2
146 98.44 5.93 48.78 375.99 10 16 4
147 48.78 18.20 6.05 337.10 4 44 2
148 48.25 36.17 19.07 480.63 11 38 4
149 7.98 44.12 34.06 265.35 16 16 1
150 76.64 82.04 21.56 101.41 3 33 5
151 45.45 54.88 45.53 337.64 4 40 5
152 92.03 81.73 30.34 190.47 17 48 4
153 73.80 96.03 41.48 217.16 22 38 2
154 71.11 9.95 43.68 245.46 3 3 4
155 22.91 22.86 32.24 455.01 0 10 3
156 69.81 45.19 26.83 216.71 5 11 3
157 73.58 63.40 38.97 396.68 18 41 3
158 47.58 35.07 16.29 361.10 8 30 3
159 96.83 62.13 18.91 140.62 0 45 3
160 1.54 97.65 36.18 236.86 8 8 1
161 78.92 81.40 16.29 93.13 5 44 5
162 86.90 30.03 18.56 117.13 0 6 4
163 13.37 39.64 25.98 374.22 6 31 1
164 80.84 64.17 24.85 211.80 8 48 4
165 57.36 69.44 36.09 253.34 22 48 5
166 80.55 32.96 43.40 280.02 19 24 2
167 71.09 3.22 47.69 492.17 17 43 3
168 88.22 11.29 17.81 443.31 14 29 4
169 48.81 84.15 26.16 370.22 11 35 1
170 58.62 67.67 38.57 491.00 10 14 2
171 95.69 65.66 3.27 78.43 1 4 1
172 3.67 94.66 2.54 342.30 11 36 4
173 61.27 24.23 32.21 174.41 16 37 5
174 20.63 76.00 2.57 50.62 7 31 1
175 40.64 81.69 43.30 380.80 7 43 2
176 88.72 71.59 6.39 169.39 16 39 1
177 98.30 61.87 33.19 431.11 18 42 2
178 8.30 80.28 42.53 53.82 1 32 5
179 62.24 39.61 42.60 337.48 20 32 2
180 56.56 81.50 4.30 120.41 11 13 3
181 75.75 63.37 6.58 179.33 24 48 5
182 85.34 89.60 18.72 302.33 15 16 4
183 28.26 31.32 40.62 88.71 3 28 2
184 69.72 13.65 19.48 168.02 16 30 5
185 88.15 71.35 10.88 107.59 21 37 4
186 17.94 23.12 14.55 372.15 22 46 4
187 63.44 16.87 10.72 438.27 20 39 2
188 84.41 31.14 29.22 117.47 2 25 4
189 8.18 72.25 13.39 286.35 22 43 2
190 2.74 38.81 37.77 484.37 18 22 1
191 10.02 93.80 45.20 93.65 11 34 4
192 57.26 61.35 47.78 342.68 3 37 5
193 64.04 28.34 34.31 151.95 22 41 3
194 49.30 8.06 49.49 133.73 1 36 3
195 18.29 86.53 13.90 306.22 10 47 5
196 74.52 94.62 19.44 394.73 16 36 4
197 78.66 13.25 42.36 326.26 22 33 4
198 38.29 19.71 36.07 265.67 0 19 3
199 78.02 88.82 18.23 230.15 9 48 4
200 41.49 67.19 31.84 394.26 15 30 4
201 42.74 34.56 2.12 422.35 14 25 2
202 72.07 4.88 33.20 259.85 3 34 5
203 16.13 48.89 31.15 100.24 11 30 4
204 70.36 22.30 12.82 332.26 8 15 3
205 29.43 52.81 46.22 178.14 21 26 3
206 7.30 28.64 0.99 398.73 0 47 1
207 13.39 16.88 16.22 77.87 21 26 2
208 68.68 9.15 0.43 422.42 17 28 3
209 82.00 30.95 29.57 478.43 14 40 1
210 9.98 83.03 38.54 322.18 19 41 3
211 79.03 50.49 36.62 269.78 17 30 3
212 49.98 28.80 18.11 416.23 12 48 3
213 35.37 65.47 11.50 408.36 8 25 2
214 29.93 50.38 12.44 322.51 21 25 4
215 42.01 2.54 35.45 161.20 22 39 3
216 7.49 95.61 14.30 161.28 22 23 4
217 16.08 75.16 5.75 284.56 15 17 5
218 78.85 63.35 4.50 98.99 20 24 1
219 72.26 49.06 28.50 374.78 4 28 3
220 87.07 55.91 38.81 339.43 13 22 3
221 59.39 72.26 26.09 51.43 22 25 5
222 5.71 22.78 8.91 293.74 7 9 3
223 67.44 68.07 29.13 234.90 2 2 1
224 7.83 76.86 16.51 437.46 10 27 4
225 64.74 14.95 2.18 152.41 17 47 4
226 52.72 89.75 37.14 311.41 21 36 5
227 32.10 27.69 36.49 152.22 20 30 3
228 44.42 45.30 31.42 353.92 9 22 5
229 44.09 86.79 26.52 275.76 21 23 1
230 42.43 60.19 49.63 316.41 3 33 5
231 15.59 28.04 1.03 110.06 5 17 3
232 88.42 77.11 15.54 55.54 23 33 1
233 64.38 23.89 39.71 293.89 3 22 1
234 72.42 56.64 8.00 97.10 8 8 1
235 27.45 19.09 31.26 129.09 21 26 1
236 9.49 54.69 2.82 132.76 15 19 4
237 38.99 63.60 1.83 156.53 13 44 2
238 60.39 60.13 23.39 409.02 0 11 5
239 12.54 22.05 24.24 253.04 7 24 2
240 77.46 87.04 36.71 195.34 24 27 5
241 33.65 59.08 4.66 413.99 20 34 4
242 26.39 73.77 28.20 174.08 19 43 1
243 80.87 1.33 0.87 141.24 13 37 4
244 96.01 43.54 42.62 474.23 19 22 5
245 52.03 15.37 29.97 399.96 4 21 4
246 90.27 11.30 31.70 171.15 7 27 2
247 3.79 42.56 1.63 489.03 23 46 5
248 90.04 74.86 31.02 137.43 20 26 2
249 84.58 21.02 14.81 494.47 9 10 5
250 58.61 69.36 37.16 244.16 9 39 1
251 69.94 63.16 49.82 490.96 8 43 2
252 42.22 7.89 48.99 346.01 19 31 5
253 59.81 40.52 28.79 413.49 19 31 3
254 81.17 38.14 40.81 94.32 23 34 2
255 38.24 23.93 21.36 209.19 5 36 1
256 67.73 58.79 19.80 158.09 11 35 4
257 11.51 58.10 40.62 268.34 10 34 3
258 31.23 70.23 36.35 224.08 14 18 1
259 46.10 14.69 37.48 429.70 10 36 4
260 15.50 56.78 22.30 486.85 15 43 2
261 22.52 3.95 44.44 417.61 11 47 5
262 63.31 1.81 4.02 387.67 20 26 5
263 27.58 21.00 49.98 467.12 3 10 2
264 28.73 91.91 48.92 228.06 11 22 4
265 2.59 35.64 2.52 259.22 4 41 2
266 98.96 19.20 44.47 403.38 6 47 3
267 32.43 99.24 3.28 169.44 11 22 4
268 84.91 24.36 14.17 325.52 24 43 3
269 66.39 95.68 13.61 240.22 12 42 5
270 65.47 34.66 33.28 202.22 20 25 5
271 65.00 26.95 37.01 453.69 15 27 4
272 22.37 79.72 17.59 245.57 20 32 2
273 51.12 63.03 37.24 463.75 2 34 5
274 49.99 33.22 26.85 379.87 11 15 4
275 54.73 9.28 4.86 62.29 19 27 2
276 66.34 97.59 37.28 434.25 2 32 1
277 30.73 65.08 29.49 409.94 24 41 5
278 90.46 86.54 44.90 349.22 22 44 5
279 12.58 92.55 15.12 72.12 20 33 3
280 30.41 57.79 41.73 290.52 24 35 5
281 83.43 77.87 22.86 341.09 17 32 2
282 64.41 87.08 22.71 139.25 15 31 1
283 93.85 16.23 30.53 76.01 1 15 5
284 53.31 2.39 45.95 373.91 21 30 5
285 62.74 44.29 1.63 79.39 12 42 2
286 80.57 36.83 0.73 195.63 1 16 2
287 42.27 20.47 39.24 172.04 4 6 5
288 33.73 44.99 1.85 138.27 10 32 3
289 10.89 91.57 2.72 74.06 24 29 3
290 60.28 80.24 1.48 493.78 0 36 5
291 20.07 65.36 28.75 246.51 0 10 1
292 0.49 1.27 48.72 453.22 19 33 5
293 99.28 62.33 4.43 326.27 4 14 1
294 62.36 56.85 0.67 96.45 4 32 1
295 99.37 42.38 12.55 158.44 15 41 3
296 47.53 85.69 9.70 166.60 3 29 3
297 3.58 64.91 18.28 135.11 4 24 3
298 72.15 13.51 24.25 479.78 4 6 5
299 64.35 10.35 11.79 402.70 21 28 3
300 81.70 56.19 49.09 268.92 21 47 5
301 43.49 99.42 32.63 447.22 6 14 3
302 33.84 93.19 36.62 197.37 15 43 2
303 11.40 35.60 2.00 82.85 15 33 5
304 46.25 50.77 36.42 472.45 14 30 4
305 20.66 64.95 21.68 173.00 11 32 1
306 26.80 30.52 35.77 50.35 0 18 1
307 87.18 73.28 9.98 466.57 13 36 5
308 19.05 25.40 10.21 88.12 4 31 3
309 73.00 84.60 13.62 426.51 22 25 3
310 20.60 62.27 19.99 151.73 19 26 3
311 24.28 59.34 13.55 429.17 8 34 5
312 53.02 65.02 24.23 77.73 3 15 1
313 46.45 91.57 49.11 52.30 20 34 5
314 87.51 11.30 30.41 446.71 2 25 2
315 63.96 98.49 15.98 279.39 14 40 3
316 67.67 58.56 34.23 340.42 8 24 4
317 44.60 52.40 38.84 393.56 5 12 2
318 98.61 1.99 18.36 228.89 19 45 2
319 14.10 81.63 12.39 480.82 11 16 1
320 28.33 74.74 36.09 169.33 6 7 4
321 70.33 97.64 24.16 408.95 20 33 5
322 31.50 87.73 30.33 98.77 5 5 5
323 97.17 5.99 3.31 346.92 2 30 3
324 0.20 69.39 13.04 296.09 24 43 5
325 99.42 19.81 12.54 138.66 11 26 1
326 87.90 88.67 46.54 185.43 0 35 3
327 68.56 90.14 38.76 322.93 14 32 3
328 51.25 29.07 44.00 107.88 12 34 3
329 52.42 67.36 0.38 449.46 10 19 4
330 47.87 69.99 49.45 111.95 17 40 2
331 66.20 72.66 23.43 165.04 8 14 3
332 72.74 67.57 38.68 150.36 9 43 3
333 25.16 69.76 0.20 227.82 1 37 1
334 53.35 58.94 45.38 338.39 19 33 3
335 99.58 14.78 23.64 406.76 4 31 5
336 70.66 58.73 41.86 364.69 19 30 3
337 78.55 46.10 49.39 219.46 24 37 2
338 50.84 81.20 17.19 268.91 23 41 1
339 75.33 78.18 23.67 323.26 3 22 3
340 87.90 67.93 16.88 180.69 9 45 2
341 23.79 18.76 31.07 315.23 1 6 2
342 65.48 18.36 10.42 203.19 20 37 5
343 85.72 92.33 14.25 419.40 13 40 3
344 78.01 91.50 35.45 218.53 6 27 5
345 29.91 21.80 29.79 268.21 7 9 5
346 58.12 62.77 28.19 333.10 6 15 3
347 42.06 42.66 0.55 107.82 5 17 1
348 19.11 91.01 37.37 402.59 7 33 1
349 5.57 21.25 36.19 489.47 3 34 2
350 62.55 12.49 2.57 242.50 21 27 5
351 85.51 68.01 26.21 176.10 8 27 5
352 31.68 74.87 3.29 409.97 20 36 1
353 56.76 60.47 35.94 312.85 22 25 5
354 98.18 38.21 1.08 252.98 11 30 3
355 46.73 51.69 32.02 211.48 7 32 1
356 83.20 4.63 38.32 115.29 16 23 5
357 1.10 60.43 7.57 475.38 0 6 3
358 32.85 74.37 35.01 418.59 4 29 1
359 7.98 59.58 2.88 267.24 12 35 1
360 50.10 91.58 9.73 380.19 5 8 5
361 22.27 83.21 16.58 315.09 15 31 4
362 71.12 16.65 32.92 367.83 2 29 1
363 83.42 17.10 36.81 439.35 13 26 3
364 92.05 34.11 6.12 318.61 4 12 4
365 29.64 47.44 24.65 383.23 5 15 2
366 91.46 63.61 39.27 224.43 1 12 1
367 50.88 77.63 48.10 120.59 3 6 5
368 20.86 12.24 6.95 380.92 9 11 1
369 22.52 90.94 18.60 330.02 2 42 1
370 94.14 76.51 27.77 403.63 22 34 2
371 18.68 72.13 23.61 489.38 10 21 3
372 11.46 59.74 34.95 123.62 13 46 4
373 34.35 87.13 13.26 437.91 2 11 3
374 52.88 5.27 28.11 217.59 16 24 5
375 52.79 52.05 48.08 401.82 24 29 5
376 40.33 18.42 8.82 320.13 13 42 4
377 54.56 96.31 7.85 415.07 17 41 1
378 75.69 36.21 49.62 440.96 9 22 4
379 68.33 25.00 31.66 144.82 21 33 4
380 83.04 99.02 35.95 296.72 24 29 1
381 10.19 76.55 24.34 168.57 8 44 1
382 95.80 9.86 17.68 93.82 7 34 5
383 89.93 36.32 13.00 68.14 15 38 4
384 23.83 89.50 42.42 298.55 4 13 1
385 4.01 83.39 39.79 153.49 4 44 1
386 30.95 67.43 10.22 460.33 7 18 2
387 62.29 72.58 30.81 159.72 10 34 3
388 16.88 48.91 0.41 343.62 20 21 5
389 76.59 7.45 47.48 309.42 23 31 5
390 1.12 58.28 41.42 361.72 15 33 2
391 3.85 68.70 33.16 355.99 15 37 5
392 59.99 62.22 40.60 166.84 7 27 5
393 59.55 48.67 41.67 233.16 14 18 3
394 90.27 39.37 29.63 279.78 2 28 2
395 18.67 87.10 29.25 342.45 6 12 3
396 62.25 61.10 31.54 414.59 24 36 1
397 91.97 46.95 41.24 88.43 2 10 2
398 68.43 38.44 1.72 385.04 17 33 1
399 18.91 9.29 38.60 343.84 14 18 2
400 20.95 48.46 49.56 295.72 18 19 4
1 161.34 2615.08 1
2 140.23 4833.76 2
3 106.20 2981.06 3
4 199.61 4920.43 4
5 157.12 4013.92 5
6 142.20 3710.76 2
7 130.56 3921.52 4
1 1.31 25.91 6
2 1.16 25.91 4
3 1.31 44.55 6
4 1.85 49.48 1
5 1.32 43.78 7
6 1.30 28.44 3
7 1.08 30.61 1
8 1.37 31.44 5
9 1.30 29.76 3
10 1.65 32.42 7
11 1.89 28.29 4
12 1.87 42.30 6
13 1.61 32.01 4
14 1.76 30.58 1
15 1.30 47.38 3
