Data for Vehicle routing problem with drones - Author: Huyen Do Thi Ngoc
Number of depots: 5
Number of cities: 200
Number of trucks: 5
Number of drones: 9
Area: 100 100 50
Customer maximum demand: 500
Max capacity of truck: 200
Max energy of truck: 5000
Max capacity of drone: 2
Max energy of drone: 50
1 88.39 41.71 32.89
2 16.01 75.33 8.21
3 34.21 61.10 47.75
4 92.01 33.24 34.23
5 49.67 99.80 18.19
1 55.84 82.65 40.08 230.00 4 12 3
2 12.71 20.82 16.62 362.38 6 30 5
3 23.22 65.55 8.12 491.42 20 46 4
4 90.60 95.75 12.61 235.29 24 40 3
5 39.09 66.70 15.94 84.20 17 39 3
6 5.15 35.72 41.04 459.24 6 44 2
7 24.12 5.82 49.29 152.51 9 34 1
8 3.82 71.10 1.63 390.91 2 6 4
9 0.64 54.52 29.27 157.72 7 14 2
10 74.01 77.83 36.06 228.29 2 15 1
11 81.30 45.68 31.70 396.33 2 7 4
12 28.20 67.33 41.78 167.78 13 44 3
13 82.15 71.17 47.17 428.11 2 28 2
14 72.42 61.44 49.75 156.55 16 37 3
15 56.29 90.02 39.08 379.44 5 15 1
16 21.28 25.40 21.33 196.93 14 48 2
17 25.70 63.99 14.34 133.80 14 41 2
18 5.93 70.40 37.61 244.60 2 3 4
19 42.58 3.26 31.51 305.65 0 5 4
20 88.21 62.99 39.76 455.38 8 19 3
21 22.12 31.26 13.32 98.99 10 46 1
22 38.18 57.66 11.85 73.14 19 45 5
23 1.07 62.71 28.01 65.14 19 38 4
24 25.41 96.24 35.34 254.72 2 13 3
25 95.31 66.77 49.79 129.20 21 43 1
26 98.75 79.01 23.96 269.78 9 37 4
27 77.72 2.71 25.18 267.56 17 26 1
28 65.15 78.59 27.90 291.76 24 33 3
29 15.07 52.66 18.99 194.23 16 25 4
30 58.29 67.60 7.22 58.29 16 47 4
31 11.59 88.07 35.64 205.40 12 45 5
32 96.63 59.85 7.73 234.11 16 34 4
33 45.30 60.98 15.93 426.18 9 27 4
34 54.82 23.30 20.18 461.87 15 33 2
35 85.38 4.59 10.76 81.50 14 15 5
36 45.32 20.48 36.01 74.18 20 41 2
37 13.64 75.13 18.20 66.78 8 33 2
38 24.62 11.45 39.99 375.88 7 34 3
39 33.76 5.57 5.22 379.42 3 40 3
40 62.00 16.88 48.36 66.77 7 19 5
41 55.06 49.86 12.32 418.55 9 29 1
42 95.70 25.96 30.23 67.89 4 27 1
43 55.64 54.47 36.01 390.73 12 24 3
44 91.44 32.86 30.93 384.32 1 8 4
45 20.23 27.38 20.18 450.03 3 10 1
46 48.24 1.18 37.72 83.94 9 36 2
47 38.37 11.38 30.78 388.56 16 45 5
48 13.35 96.91 41.77 361.69 0 5 2
49 59.63 64.77 49.16 358.71 20 33 3
50 34.84 82.42 16.61 347.88 15 45 2
51 29.29 48.55 23.29 278.23 19 39 5
52 71.92 42.69 0.27 224.46 21 48 5
53 7.98 91.47 3.52 318.33 16 16 3
54 24.55 89.13 6.53 167.85 8 10 3
55 70.71 4.88 49.83 321.65 24 29 2
56 31.03 91.27 21.52 171.21 16 38 3
57 66.68 76.82 32.68 166.25 21 39 5
58 76.51 68.17 26.82 70.88 23 34 2
59 44.26 44.99 48.15 458.75 3 41 4
60 55.28 33.82 32.90 354.84 12 48 1
61 42.80 91.33 17.51 255.10 4 30 3
62 79.62 3.57 32.64 304.97 23 39 5
63 16.28 16.31 26.69 457.05 10 14 5
64 62.93 29.72 16.48 486.26 22 33 5
65 93.38 97.64 30.61 124.86 15 43 1
66 89.25 67.84 37.81 392.11 9 31 3
67 72.26 0.15 5.52 96.76 4 18 2
68 63.67 52.00 19.81 462.21 18 43 2
69 20.12 84.54 16.11 465.09 21 26 2
70 94.46 89.97 13.70 238.68 7 44 4
71 9.18 17.03 9.73 344.46 9 22 3
72 30.12 10.10 35.91 187.48 15 30 5
73 93.45 40.13 22.12 368.84 6 12 2
74 76.33 61.00 30.66 494.45 11 46 5
75 18.32 95.39 38.28 442.35 0 15 1
76 35.52 56.95 4.66 471.74 9 27 1
77 86.86 75.71 40.28 291.74 16 47 3
78 54.04 52.02 28.14 448.99 9 44 2
79 54.17 53.32 24.53 461.69 18 41 5
80 80.74 27.49 5.67 412.81 20 24 2
81 28.70 43.38 33.18 371.46 19 41 4
82 23.34 78.79 30.67 412.61 0 19 1
83 87.39 53.75 44.95 430.59 11 23 2
84 13.16 79.30 33.59 297.46 19 44 1
85 97.33 35.92 3.66 375.13 18 34 4
86 57.04 6.24 1.92 348.87 13 40 3
87 9.03 2.12 22.90 196.59 22 42 2
88 3.82 51.87 49.64 79.88 10 38 4
89 55.97 93.38 4.43 242.21 3 35 3
90 5.81 65.00 30.65 190.86 21 38 4
91 80.62 70.91 43.05 87.67 21 24 4
92 95.10 71.46 5.97 248.61 21 30 1
93 56.85 39.95 30.36 193.55 20 35 2
94 66.44 9.92 41.04 322.35 15 23 1
95 63.62 22.45 22.76 396.75 2 40 3
96 36.56 10.18 27.40 80.91 12 24 1
97 29.89 57.56 35.85 212.62 24 41 3
98 15.22 8.32 18.32 277.94 19 46 2
99 73.05 5.55 25.58 405.20 1 11 4
100 36.58 58.23 47.51 85.46 21 39 5
101 56.22 10.28 26.02 488.98 23 24 2
102 16.93 49.78 11.41 111.82 8 15 1
103 42.43 55.67 27.07 314.37 17 36 4
104 75.22 32.20 5.47 189.41 14 15 4
105 32.76 14.12 36.21 240.85 9 13 2
106 8.12 83.39 30.58 190.08 8 15 1
107 53.80 98.47 49.82 414.19 18 44 1
108 21.93 91.47 11.24 150.48 7 44 2
109 16.75 30.71 20.94 198.71 9 32 3
110 14.95 44.31 41.45 188.29 18 36 5
111 72.17 44.89 26.69 257.19 7 34 4
112 53.18 30.16 24.65 347.43 17 27 4
113 11.81 13.43 43.73 157.63 0 35 5
114 50.70 3.40 37.07 89.44 15 19 3
115 6.51 93.40 25.57 137.54 22 31 4
116 85.56 50.39 20.33 413.14 12 12 5
117 4.32 38.75 38.00 493.14 5 10 3
118 47.31 26.12 20.78 307.23 24 34 2
119 63.54 19.36 6.09 266.92 15 20 3
120 75.69 59.39 43.29 148.97 6 11 3
121 88.70 18.97 49.01 333.55 11 22 5
122 85.82 85.07 6.56 313.08 8 25 2
123 20.14 33.98 0.07 61.35 20 26 4
124 56.63 25.82 48.60 104.43 8 35 2
125 34.42 42.83 45.30 483.33 12 20 4
126 57.37 4.84 42.92 383.10 0 26 4
127 61.55 76.68 43.69 338.50 20 28 2
128 5.31 42.31 25.93 416.90 0 3 5
129 73.08 8.36 31.50 261.28 19 21 3
130 85.76 56.09 9.31 375.32 7 37 2
131 24.56 46.37 23.15 112.62 3 34 5
132 52.05 49.64 28.29 492.21 23 46 3
133 93.47 68.74 5.43 321.19 6 32 4
134 42.74 87.59 49.04 251.04 15 30 3
135 1.68 40.37 23.29 402.93 17 25 4
136 99.03 81.62 19.37 280.65 6 11 2
137 0.38 47.54 31.12 247.78 0 38 1
138 28.93 14.62 37.61 319.78 7 15 1
139 32.49 62.84 38.85 96.49 16 24 3
140 46.49 44.73 3.82 461.67 24 25 3
141 19.05 38.66 20.06 156.64 8 15 2
142 12.16 63.08 9.89 378.90 2 7 1
143 43.61 65.31 1.77 372.39 21 31 4
144 17.78 13.94 44.26 317.99 7 17 2
145 38.23 78.92 34.96 210.80 10 47 5
146 59.03 6.78 3.34 334.29 10 13 2
147 56.77 46.86 12.83 61.91 21 38 5
148 29.92 95.90 29.07 449.54 14 43 4
149 20.90 58.71 39.97 64.56 11 32 5
150 11.04 94.25 32.95 188.74 24 44 1
151 50.86 95.54 20.70 329.60 10 17 4
152 43.09 10.94 4.36 222.97 1 46 3
153 32.41 40.91 10.79 184.02 4 28 5
154 7.21 98.36 35.85 193.75 14 44 3
155 45.63 14.37 17.33 499.83 6 32 1
156 52.42 5.83 2.88 168.55 11 43 4
157 88.26 84.27 7.09 352.58 7 42 5
158 43.35 0.71 32.76 489.58 20 41 3
159 37.73 92.97 20.81 111.96 8 13 4
160 0.58 98.67 25.70 268.20 23 44 2
161 68.52 8.85 43.19 291.96 3 40 4
162 72.20 84.08 22.46 271.96 15 38 1
163 31.69 12.64 31.28 361.17 21 41 2
164 72.81 62.33 22.49 298.14 14 17 4
165 9.80 69.78 18.38 107.74 1 16 4
166 18.95 60.12 0.40 278.88 3 30 4
167 19.34 83.47 10.02 481.88 0 26 2
168 46.09 40.77 26.95 425.84 4 8 2
169 0.67 74.02 2.64 432.59 3 35 2
170 83.03 31.73 40.26 473.67 12 31 3
171 33.07 47.46 10.87 354.99 4 42 2
172 90.88 45.68 19.68 393.86 4 7 4
173 59.36 50.32 23.75 241.43 2 48 3
174 37.01 41.32 49.73 159.37 15 33 1
175 69.51 37.61 22.44 411.98 16 22 5
176 6.02 9.68 21.38 481.48 18 41 2
177 17.13 22.50 19.17 215.92 7 33 3
178 89.82 94.83 35.88 359.95 20 39 4
179 37.93 44.19 45.82 97.52 5 6 5
180 23.17 18.09 47.22 487.09 0 30 3
181 5.41 12.15 21.43 305.73 23 23 3
182 89.83 87.25 47.87 237.97 13 33 2
183 28.37 31.44 22.06 434.24 16 30 2
184 90.77 12.26 0.95 134.17 16 35 4
185 52.92 48.88 19.64 258.33 2 6 5
186 60.01 82.94 49.17 131.15 1 38 5
187 83.15 24.95 42.65 371.23 9 34 1
188 35.13 41.24 22.28 188.96 7 26 2
189 28.12 95.57 0.29 145.46 12 39 2
190 7.00 58.57 11.36 325.34 0 39 5
191 80.77 34.10 25.78 334.79 6 29 5
192 1.28 24.66 3.08 256.12 23 23 3
193 35.09 63.35 22.02 471.95 12 17 4
194 74.63 35.57 25.14 284.03 7 20 5
195 79.01 94.07 25.32 425.60 0 46 3
196 49.11 98.45 30.03 317.27 8 9 1
197 23.33 33.97 41.75 95.65 12 46 1
198 65.77 86.36 19.43 142.56 11 13 3
199 73.55 86.84 37.22 400.82 15 44 4
200 84.07 57.55 33.33 250.85 3 36 2
1 106.87 4088.66 1
2 114.18 4944.78 2
3 114.25 2548.21 3
4 116.94 4825.21 4
5 195.71 3819.62 5
1 1.45 28.76 5
2 1.80 25.07 5
3 1.20 39.35 2
4 1.10 27.63 1
5 1.55 38.87 5
6 1.70 31.94 1
7 1.34 26.58 4
8 1.30 33.49 5
9 1.52 28.87 5
