Data for Vehicle routing problem with drones - Author: Huyen Do Thi Ngoc
Number of depots: 2
Number of cities: 300
Number of trucks: 5
Number of drones: 7
Area: 100 100 50
Customer maximum demand: 500
Max capacity of truck: 200
Max energy of truck: 5000
Max capacity of drone: 2
Max energy of drone: 50
1 21.58 16.23 31.13
2 11.55 44.94 10.66
1 9.86 6.89 13.86 59.89 14 41 1
2 32.46 53.07 11.54 259.28 21 36 2
3 18.61 92.16 1.36 361.08 1 1 2
4 54.25 52.95 11.84 133.95 8 34 2
5 80.16 0.96 2.31 404.32 18 43 1
6 87.21 48.19 23.16 329.03 7 14 2
7 25.79 68.63 6.89 424.55 13 46 1
8 37.53 21.88 11.12 203.05 12 41 2
9 7.39 35.66 23.17 111.71 6 15 1
10 65.82 81.36 45.48 376.53 21 37 2
11 68.07 25.56 36.08 223.85 24 44 1
12 32.24 56.72 31.83 393.42 7 47 2
13 50.91 57.51 49.36 62.42 13 47 2
14 61.22 87.34 48.97 446.96 7 19 2
15 8.07 48.10 34.83 93.53 12 44 2
16 85.62 41.20 15.71 171.08 3 36 1
17 45.88 23.54 32.98 261.08 21 48 1
18 58.97 15.83 25.22 178.95 6 21 2
19 84.42 10.46 21.97 230.89 2 2 2
20 91.22 37.81 41.64 241.98 8 18 2
21 45.03 56.24 13.93 302.22 9 12 2
22 43.62 67.63 3.55 219.53 7 45 1
23 31.29 9.28 30.06 205.83 24 43 1
24 21.20 43.66 23.08 474.86 9 22 2
25 9.17 58.54 45.39 406.99 16 38 2
26 90.56 49.82 21.68 306.02 17 26 1
27 16.49 65.28 35.68 228.05 21 40 2
28 82.45 43.93 9.96 116.60 12 12 1
29 89.78 49.43 17.25 364.32 22 46 2
30 97.69 76.81 13.94 456.07 6 45 2
31 34.94 99.18 2.27 460.46 23 42 2
32 48.21 59.63 43.97 376.43 6 21 1
33 59.89 27.67 35.44 364.07 18 28 2
34 11.88 10.05 19.41 142.22 15 39 2
35 75.64 66.43 31.04 271.91 2 48 2
36 10.72 8.12 24.19 201.08 13 31 2
37 28.10 67.91 25.58 248.68 8 40 2
38 40.15 59.75 17.10 339.47 0 46 1
39 87.97 88.01 13.20 417.72 24 36 1
40 0.13 51.89 39.99 229.59 10 40 1
41 54.14 33.53 17.02 298.55 2 29 1
42 61.91 42.38 9.21 130.23 10 32 2
43 59.67 24.33 31.17 497.15 3 35 2
44 11.10 62.98 37.00 60.74 24 29 2
45 83.11 76.04 22.58 322.04 22 48 2
46 49.30 70.66 39.63 343.86 13 14 1
47 10.90 72.87 20.30 400.53 6 22 1
48 57.62 22.46 22.27 102.11 24 41 1
49 33.80 41.29 12.45 301.53 18 36 1
50 81.96 10.29 14.97 498.65 20 22 1
51 58.50 53.92 49.89 443.68 16 26 1
52 79.66 64.81 4.66 50.91 22 43 1
53 39.02 85.96 49.51 374.12 4 24 1
54 48.29 32.19 8.69 67.99 18 36 1
55 17.94 77.51 32.48 167.81 8 14 2
56 96.83 37.10 3.06 126.94 10 11 2
57 27.70 59.86 44.10 80.33 7 22 2
58 16.01 95.23 8.90 300.16 2 26 1
59 75.00 79.47 1.47 149.54 17 30 2
60 87.36 26.80 16.95 473.74 14 30 2
61 51.64 12.25 1.39 389.31 21 30 1
62 41.89 36.84 31.72 276.30 23 40 2
63 49.88 71.99 0.77 141.41 7 7 2
64 92.18 60.19 32.11 380.13 21 44 2
65 44.45 75.40 24.59 270.21 13 15 1
66 84.39 41.77 24.13 196.31 16 21 2
67 72.85 4.35 41.27 404.83 12 37 1
68 43.05 9.00 29.94 378.23 23 36 1
69 10.78 98.65 10.14 109.26 23 42 2
70 67.03 48.10 16.04 65.66 14 33 1
71 48.40 34.10 43.59 218.43 10 22 1
72 93.52 6.34 24.78 454.38 1 7 2
73 7.93 48.19 16.90 61.16 7 48 2
74 16.74 7.86 6.57 451.50 17 36 1
75 61.09 72.94 32.85 175.86 2 30 2
76 10.86 53.52 10.20 432.68 8 33 1
77 50.88 20.94 3.13 463.00 20 24 2
78 36.54 52.21 19.07 230.93 1 31 2
79 22.04 91.10 27.98 483.49 0 33 2
80 84.32 13.27 3.53 385.90 15 19 2
81 6.02 3.34 47.97 94.74 21 44 1
82 20.57 25.48 36.82 414.21 11 27 1
83 17.27 70.01 27.37 352.06 16 45 2
84 79.21 36.21 6.63 245.79 11 47 1
85 99.07 92.80 11.83 492.59 4 18 1
86 57.67 67.21 32.38 341.52 15 26 2
87 43.51 38.04 3.22 85.08 9 45 2
88 63.30 90.54 39.58 426.90 10 12 1
89 16.88 78.67 11.23 62.97 17 38 2
90 48.41 92.94 2.19 204.79 17 21 1
91 98.52 21.05 9.50 328.63 1 31 2
92 1.55 80.97 48.26 65.86 2 40 2
93 48.47 71.85 34.08 117.81 5 27 2
94 19.97 21.08 36.52 75.15 10 39 1
95 66.20 51.46 4.14 244.50 12 36 2
96 96.31 86.67 26.64 252.35 19 29 1
97 51.62 0.22 8.29 264.39 24 46 1
98 45.65 96.19 38.15 318.18 7 36 1
99 34.11 89.47 26.91 352.56 2 7 1
100 85.46 76.88 33.58 463.03 1 34 2
101 25.61 8.09 10.49 197.37 9 11 2
102 24.64 20.94 15.76 498.01 23 39 1
103 17.04 23.84 13.93 379.52 7 34 2
104 19.35 5.61 17.01 198.16 14 43 1
105 70.23 29.01 11.80 464.36 15 32 2
106 52.33 98.00 20.37 373.02 12 44 2
107 31.47 0.67 8.13 213.56 14 29 1
108 90.64 60.39 34.22 290.40 5 8 2
109 54.50 11.42 8.22 348.47 23 42 1
110 40.05 48.54 22.99 459.05 5 36 2
111 47.94 7.10 15.44 245.13 18 24 1
112 77.36 94.09 43.38 120.75 17 33 1
113 79.17 13.62 20.66 383.85 2 27 1
114 20.18 99.76 34.09 297.15 21 27 1
115 73.26 80.67 41.25 50.81 18 37 1
116 52.58 17.71 8.27 385.78 7 23 2
117 59.31 30.03 34.99 464.38 22 25 2
118 30.00 88.22 15.87 161.53 8 34 1
119 69.85 40.41 33.37 489.09 14 43 1
120 45.01 70.35 40.52 400.59 5 42 1
121 79.95 86.13 7.37 214.04 5 40 1
122 99.02 91.15 22.78 197.83 6 31 2
123 80.20 43.63 41.70 260.11 23 42 1
124 14.79 4.76 41.36 284.05 3 5 1
125 67.06 21.57 35.19 376.57 9 30 2
126 31.77 1.44 46.37 245.88 9 34 2
127 50.92 80.40 14.80 66.57 0 20 1
128 74.92 10.02 18.29 473.30 20 48 2
129 70.89 27.01 47.45 386.67 7 22 2
130 3.45 15.54 17.94 56.50 1 23 1
131 85.24 77.85 39.64 145.52 16 39 2
132 51.67 34.39 47.15 457.07 19 38 1
133 79.69 52.20 8.71 428.59 18 29 1
134 96.34 14.21 32.46 99.76 11 31 1
135 70.97 2.43 26.97 249.70 23 47 2
136 50.30 85.36 48.54 364.20 19 34 1
137 4.54 65.78 10.27 241.34 9 22 2
138 17.34 46.72 44.34 297.80 18 34 1
139 53.19 60.40 8.70 454.79 23 46 2
140 55.63 18.59 8.29 279.33 1 42 1
141 71.27 86.47 2.96 496.23 8 24 2
142 1.28 95.88 20.23 129.55 2 3 2
143 34.16 3.08 3.52 326.76 13 26 1
144 82.53 77.84 33.17 247.69 17 32 1
145 71.29 10.57 7.64 94.22 21 48 2
146 59.01 45.50 41.42 468.80 7 27 2
147 91.30 20.69 25.21 200.55 18 22 1
148 48.52 93.47 21.97 164.27 6 13 1
149 32.61 12.84 10.37 325.46 10 37 1
150 58.78 31.62 45.26 184.92 12 37 2
151 83.65 99.83 22.36 470.07 16 20 1
152 44.77 71.57 3.71 456.41 15 42 2
153 40.35 15.81 9.37 375.30 21 36 1
154 79.64 27.88 34.14 116.24 7 9 2
155 26.08 49.53 13.08 192.65 6 15 2
156 37.31 27.03 3.80 341.22 2 48 2
157 42.00 23.55 27.16 494.63 19 32 2
158 92.29 1.69 29.25 378.25 16 44 1
159 74.42 81.95 47.90 253.92 15 47 1
160 77.02 88.68 4.45 283.86 14 19 2
161 42.33 69.11 46.67 252.64 17 27 2
162 19.49 19.08 6.12 402.83 1 14 1
163 77.35 51.21 21.93 438.47 16 48 1
164 65.35 34.24 6.58 482.24 9 10 2
165 14.11 68.24 9.80 142.93 0 44 2
166 55.11 44.57 49.71 257.45 8 41 1
167 13.84 67.60 46.66 87.26 3 22 2
168 31.85 0.12 23.35 193.56 14 20 2
169 64.01 90.76 4.55 467.60 9 20 2
170 82.76 51.24 49.29 119.12 2 41 2
171 46.09 98.76 29.59 482.67 4 24 1
172 17.36 20.29 23.99 322.75 9 35 1
173 29.04 72.07 46.61 109.84 7 15 2
174 38.25 63.93 45.17 484.28 22 24 1
175 59.78 0.01 47.23 203.71 5 15 2
176 42.29 61.69 32.99 416.09 15 42 2
177 32.40 55.67 34.40 218.04 16 26 2
178 29.07 54.72 17.05 418.53 22 25 1
179 43.05 15.84 0.98 219.16 22 29 2
180 39.95 57.45 41.36 112.71 10 39 2
181 4.30 89.07 28.82 239.90 10 33 1
182 35.44 96.76 40.35 238.64 15 36 2
183 10.57 98.26 33.33 237.03 0 36 1
184 72.98 32.31 37.58 339.88 19 40 2
185 32.15 66.67 22.24 490.67 0 32 1
186 10.21 2.33 37.62 227.57 23 32 1
187 44.17 26.00 8.18 173.62 8 34 2
188 18.62 15.82 35.18 134.60 7 22 1
189 40.66 21.27 38.00 336.96 0 1 2
190 11.41 19.06 47.17 228.81 6 45 2
191 34.43 77.00 45.24 224.56 0 10 2
192 99.99 12.85 15.46 251.32 14 43 2
193 61.65 42.76 35.98 127.03 15 19 2
194 91.58 38.57 21.89 278.52 2 37 2
195 39.16 99.25 29.80 307.45 4 28 1
196 7.68 61.88 36.23 213.71 0 44 2
197 91.67 99.16 47.86 401.35 3 10 2
198 2.17 49.56 42.90 454.11 24 44 2
199 17.66 50.48 46.81 195.04 10 33 1
200 44.26 70.36 11.56 351.60 8 19 1
201 28.77 49.59 26.36 469.28 16 27 2
202 44.16 82.86 22.72 482.54 5 15 2
203 48.83 74.32 8.46 158.94 23 43 2
204 62.75 58.47 32.71 361.49 8 8 1
205 24.60 92.22 33.29 240.31 11 30 2
206 8.39 47.74 49.64 318.33 22 24 2
207 46.88 11.62 17.25 488.93 17 18 1
208 72.67 31.56 6.45 449.55 6 28 2
209 39.48 35.59 38.81 50.89 17 39 2
210 4.28 81.30 43.70 480.50 14 30 2
211 73.62 42.27 35.32 364.29 15 41 2
212 43.26 31.76 0.01 245.93 17 33 2
213 80.20 29.47 26.59 327.80 17 39 2
214 30.29 15.85 20.58 72.79 11 44 1
215 57.06 70.52 49.42 368.34 7 46 2
216 78.31 50.69 41.55 286.22 20 41 2
217 53.48 56.85 3.55 386.87 16 33 2
218 36.92 11.17 38.89 490.58 8 45 2
219 55.73 63.01 40.94 450.57 21 45 2
220 57.06 77.04 26.21 77.22 14 43 1
221 22.57 86.74 32.61 390.47 16 16 2
222 62.93 38.68 13.07 432.98 5 19 1
223 51.77 9.72 13.06 409.92 10 23 1
224 4.98 22.11 0.85 141.59 9 21 2
225 0.81 48.40 44.46 205.40 13 33 1
226 39.48 16.98 25.43 478.71 21 47 1
227 20.83 33.18 24.51 383.27 12 43 1
228 15.32 48.86 21.93 203.88 10 46 2
229 69.33 8.36 44.79 176.18 17 25 1
230 11.87 44.42 49.39 79.79 23 24 1
231 17.00 94.46 17.44 477.26 24 43 2
232 8.97 77.98 43.42 404.61 24 36 2
233 54.44 72.01 21.61 108.23 17 18 2
234 22.14 6.15 31.50 158.20 8 33 1
235 62.12 80.20 38.58 71.79 8 47 2
236 24.92 32.39 12.04 267.30 1 4 1
237 59.06 78.28 29.82 475.46 3 44 2
238 29.99 85.06 7.33 343.16 20 22 1
239 89.62 20.12 27.08 133.50 21 39 1
240 2.59 9.18 27.40 82.85 12 43 2
241 32.90 51.25 39.97 90.00 6 38 2
242 55.36 13.11 48.81 434.52 10 39 2
243 56.62 7.16 28.12 344.01 2 8 2
244 8.35 9.43 36.74 387.30 8 21 2
245 24.03 40.34 41.65 108.56 13 45 1
246 78.31 34.39 37.99 490.20 14 32 1
247 99.76 73.46 29.33 69.81 18 24 2
248 65.67 63.32 22.73 220.57 5 5 2
249 51.24 6.16 19.07 234.15 17 37 1
250 61.74 86.05 34.84 225.73 3 16 2
251 49.75 93.57 19.69 198.34 21 23 1
252 99.14 45.00 8.55 212.00 23 41 2
253 5.01 88.20 6.85 61.83 3 13 1
254 36.98 40.36 23.63 84.96 18 45 1
255 70.31 49.95 11.83 439.32 6 42 2
256 29.27 20.79 25.86 158.93 8 47 1
257 44.24 22.90 39.31 62.04 7 14 1
258 17.05 10.28 3.76 311.73 10 12 1
259 8.14 5.68 23.87 118.91 3 40 1
260 61.40 27.08 36.09 62.61 7 7 1
261 42.18 72.67 32.92 385.82 20 35 2
262 58.34 83.08 13.42 403.67 0 12 1
263 86.16 83.78 9.50 391.75 6 18 1
264 38.70 38.30 7.17 294.40 8 48 1
265 58.04 56.83 20.39 490.52 6 21 2
266 41.76 79.12 23.19 223.32 10 26 1
267 52.49 57.59 17.76 438.09 16 19 2
268 84.05 15.57 29.06 108.82 20 30 1
269 29.30 3.35 15.24 387.93 3 35 2
270 85.04 88.50 39.46 83.17 15 33 1
271 34.03 4.95 31.81 101.55 1 24 2
272 98.85 36.85 4.13 406.40 8 30 1
273 52.11 70.65 17.80 441.47 8 27 1
274 37.54 35.78 39.88 483.14 4 6 1
275 10.06 86.70 44.96 268.91 20 34 1
276 25.61 25.52 21.14 142.47 18 26 2
277 79.91 72.57 38.10 426.85 4 20 1
278 26.58 86.42 25.00 461.85 13 24 2
279 0.25 8.42 34.06 84.57 14 15 1
280 46.62 2.29 19.22 235.19 2 6 1
281 96.92 66.64 15.45 167.09 17 45 2
282 84.80 51.70 44.38 143.45 22 25 1
283 72.44 81.23 19.36 97.43 6 19 1
284 55.90 28.25 24.63 277.81 23 26 2
285 88.22 5.03 34.11 443.97 5 11 2
286 99.55 80.28 2.02 168.53 22 44 1
287 23.84 6.78 23.20 158.02 8 38 1
288 52.77 85.75 28.67 411.88 20 42 1
289 29.22 6.02 20.01 54.29 22 36 1
290 56.32 38.42 38.83 274.41 11 43 2
291 48.78 7.87 9.91 496.25 7 47 1
292 95.09 25.60 43.55 443.98 4 33 2
293 51.37 8.82 46.29 224.87 19 30 1
294 11.22 43.90 10.67 284.27 5 47 2
295 52.16 92.49 49.40 179.70 8 15 2
296 22.01 63.35 17.35 261.67 18 26 2
297 74.72 46.56 5.75 57.25 24 38 1
298 76.08 2.90 49.55 166.91 10 28 1
299 62.83 38.17 21.88 273.72 17 30 2
300 57.73 44.62 7.98 382.66 11 25 1
1 145.93 3471.59 1
2 159.57 4534.15 2
3 175.43 4007.16 2
4 159.29 3553.20 2
5 106.02 3030.90 1
1 1.90 48.93 1
2 1.39 49.90 1
3 1.27 49.83 5
4 1.51 28.82 5
5 1.47 33.11 1
6 1.80 36.91 4
7 1.52 46.29 3
