Data for Vehicle routing problem with drones - Author: Huyen Do Thi Ngoc
Number of depots: 5
Number of cities: 400
Number of trucks: 6
Number of drones: 16
Area: 100 100 50
Customer maximum demand: 500
Max capacity of truck: 200
Max energy of truck: 5000
Max capacity of drone: 2
Max energy of drone: 50
1 26.86 14.64 17.36
2 24.65 35.83 20.83
3 76.95 2.29 35.20
4 18.85 23.68 48.84
5 42.40 63.10 34.78
1 44.45 5.09 7.58 174.15 0 11 5
2 76.13 34.14 21.74 366.95 4 48 2
3 50.68 11.27 11.00 378.56 17 38 3
4 19.76 33.84 11.23 340.52 24 29 2
5 53.77 13.26 1.55 405.86 21 28 4
6 98.72 35.34 33.93 266.70 12 38 1
7 36.20 1.80 14.89 173.58 20 30 3
8 70.92 96.72 23.73 306.70 8 24 4
9 34.53 91.77 5.72 429.73 23 38 5
10 77.40 94.09 41.14 320.90 4 9 4
11 61.49 49.82 15.66 237.67 17 36 5
12 54.10 84.69 41.58 496.62 2 2 4
13 0.11 43.18 6.06 267.71 20 21 3
14 52.47 83.38 49.46 92.03 11 23 3
15 48.82 83.02 15.72 281.56 14 34 3
16 12.12 82.95 18.40 388.93 5 34 1
17 70.32 41.14 31.44 116.00 3 8 2
18 70.47 92.70 46.52 61.06 17 32 3
19 28.09 58.21 12.44 58.59 4 43 2
20 56.10 73.81 15.01 352.16 0 33 2
21 79.11 63.76 28.50 422.64 23 40 3
22 15.96 48.28 44.93 410.04 7 47 3
23 9.13 73.73 10.47 283.24 7 47 3
24 73.39 10.09 12.45 326.18 8 17 2
25 13.34 13.98 12.59 132.89 23 48 4
26 32.67 86.17 38.96 62.50 17 34 5
27 65.65 98.70 28.99 105.66 8 45 5
28 8.07 14.12 38.45 322.80 21 48 3
29 80.04 81.84 25.16 222.42 9 9 4
30 80.85 57.34 25.53 254.07 1 31 1
31 68.84 2.69 10.05 286.19 1 6 5
32 65.95 90.15 7.02 172.43 12 39 1
33 67.58 61.27 0.59 467.29 13 33 3
34 81.23 50.73 4.98 394.44 8 32 5
35 5.36 93.87 33.98 478.74 5 13 1
36 17.62 38.21 46.64 436.13 16 16 5
37 33.19 39.24 39.19 364.45 7 46 1
38 90.09 52.16 35.48 275.61 15 47 4
39 33.72 14.65 40.68 80.31 6 45 4
40 32.48 72.03 42.73 223.16 13 25 1
41 19.33 73.02 16.04 180.31 22 24 3
42 4.27 60.38 9.80 74.02 23 34 2
43 40.48 14.03 22.69 71.04 7 38 3
44 65.74 69.02 20.74 200.74 16 23 4
45 56.66 27.33 43.10 245.66 15 33 2
46 74.42 71.58 23.68 118.70 2 15 1
47 73.33 1.62 47.03 219.27 22 22 3
48 52.65 39.03 47.32 494.65 22 45 5
49 31.10 7.87 20.93 132.45 11 27 2
50 1.37 63.71 38.93 283.49 12 33 4
51 38.33 57.95 4.18 89.38 0 35 3
52 68.93 3.85 26.54 193.62 5 10 4
53 47.63 25.81 31.72 410.09 9 39 2
54 97.56 24.69 19.70 395.21 16 31 3
55 25.05 77.48 21.75 227.55 9 29 4
56 6.88 9.31 45.17 211.02 8 33 3
57 58.87 68.37 44.83 333.97 3 33 1
58 9.43 89.66 14.25 486.50 18 29 5
59 41.25 52.95 47.07 235.53 8 48 2
60 26.66 66.10 41.60 303.38 16 28 4
61 88.99 69.97 49.46 416.06 0 21 1
62 15.69 79.60 23.49 191.51 3 26 2
63 43.33 25.08 15.09 357.11 1 14 2
64 21.54 93.49 40.58 385.14 11 39 2
65 63.33 68.29 49.02 131.39 1 22 5
66 97.43 59.64 20.30 374.04 11 16 3
67 50.01 96.61 28.42 475.53 10 16 2
68 36.42 24.56 43.38 371.08 13 26 1
69 41.20 76.80 3.30 300.19 19 26 4
70 55.91 19.14 25.61 297.21 22 35 3
71 32.50 6.40 33.75 105.55 22 38 2
72 9.57 51.10 33.24 134.45 19 25 4
73 25.94 96.14 18.38 101.02 13 33 4
74 52.52 89.52 14.49 453.64 8 41 1
75 25.39 87.17 22.70 418.54 7 47 3
76 86.05 59.94 25.31 215.92 4 19 1
77 71.96 37.58 10.10 395.17 7 20 2
78 48.43 23.16 21.21 66.69 9 16 1
79 77.86 85.11 38.03 328.75 11 15 2
80 82.18 84.72 33.79 496.64 4 31 2
81 73.10 43.28 40.41 471.61 21 41 1
82 72.03 74.33 23.55 348.51 8 12 1
83 95.23 16.11 2.22 120.28 21 29 2
84 70.12 99.73 37.30 468.84 12 24 5
85 56.43 94.75 3.95 82.13 1 8 1
86 42.44 11.81 39.31 327.02 17 35 2
87 71.95 67.34 46.34 92.13 5 20 1
88 21.76 84.48 22.75 253.47 12 43 5
89 96.69 62.31 29.32 401.91 6 14 2
90 40.55 54.76 23.42 156.91 18 35 1
91 26.51 41.83 37.55 320.21 10 35 1
92 39.26 89.49 18.75 366.93 2 30 4
93 38.69 76.92 30.31 484.52 16 28 4
94 99.14 92.78 33.30 435.21 11 36 4
95 67.49 26.36 36.03 349.01 18 26 3
96 38.18 29.24 42.45 226.25 10 29 2
97 2.00 64.23 0.91 256.30 2 10 1
98 74.53 37.43 20.71 104.46 15 22 4
99 11.70 10.72 33.14 475.98 9 15 2
100 35.19 47.68 0.50 356.85 9 47 5
101 95.67 66.51 18.95 168.65 10 43 5
102 47.08 18.56 32.66 498.21 24 34 4
103 2.75 83.94 9.93 310.56 16 43 1
104 48.84 55.73 35.49 145.67 13 16 4
105 93.16 60.35 3.56 136.52 7 38 5
106 95.81 22.09 3.70 82.90 20 47 1
107 55.64 37.11 23.50 491.04 10 11 5
108 3.43 28.70 26.92 261.33 14 42 3
109 63.17 55.44 31.77 129.15 22 44 1
110 68.28 74.91 30.40 339.90 11 32 2
111 16.23 2.54 34.56 489.98 18 44 1
112 96.20 54.21 15.75 165.05 4 25 1
113 73.31 15.59 18.49 449.75 5 16 1
114 45.19 88.87 22.68 75.02 19 34 5
115 2.05 56.85 48.20 247.36 6 13 1
116 16.57 5.05 1.20 488.55 1 27 2
117 67.38 51.14 23.19 75.41 1 5 5
118 69.05 57.35 37.06 170.51 6 40 1
119 24.11 41.05 46.03 347.90 1 10 3
120 16.04 75.92 2.62 189.51 8 18 2
121 6.68 96.45 33.62 437.91 15 32 3
122 9.65 52.22 20.75 176.59 19 45 2
123 40.71 49.13 26.16 217.59 17 29 2
124 32.68 91.13 45.65 256.45 13 15 5
125 32.17 5.16 7.56 324.25 0 16 3
126 41.02 69.06 40.72 316.89 3 28 2
127 13.02 76.06 32.36 355.04 13 29 2
128 22.19 59.79 14.35 472.48 8 43 4
129 92.51 23.41 9.35 64.64 5 8 2
130 53.15 66.79 28.99 463.41 23 42 1
131 85.71 22.45 34.42 149.48 20 44 2
132 26.49 99.03 49.53 337.43 15 18 3
133 93.27 47.97 34.59 237.65 2 24 2
134 74.37 57.62 49.38 331.40 15 29 3
135 17.76 74.21 45.31 418.23 7 19 2
136 30.54 44.50 37.03 267.80 17 44 5
137 81.84 79.41 11.02 140.94 3 38 2
138 53.20 69.70 26.65 361.77 8 28 1
139 28.82 93.98 28.64 394.49 7 43 1
140 22.47 78.59 15.34 139.73 15 24 3
141 23.66 57.82 16.35 342.50 16 38 2
142 11.87 15.80 1.29 486.53 9 23 5
143 95.18 64.28 37.37 333.90 19 24 3
144 25.49 46.81 32.05 236.98 0 31 4
145 50.36 98.93 44.82 487.76 22 36 5
146 62.32 32.30 39.89 469.54 0 23 2
147 59.67 33.16 46.37 354.40 11 37 5
148 13.92 89.68 45.35 284.27 1 1 3
149 13.49 4.50 10.42 269.13 17 42 5
150 49.33 11.91 40.34 326.50 0 30 3
151 99.83 90.21 42.06 125.57 9 39 4
152 75.46 38.53 2.89 486.99 13 15 5
153 56.91 27.40 34.11 437.86 13 31 4
154 0.49 50.74 26.82 389.24 20 27 2
155 24.13 36.53 30.90 173.86 14 42 5
156 68.98 61.38 29.68 232.07 1 5 3
157 54.95 67.12 17.87 470.19 9 24 4
158 66.24 89.74 43.46 164.04 14 34 1
159 35.56 21.37 43.01 299.85 6 25 1
160 88.40 14.16 14.76 399.74 18 18 1
161 36.25 17.96 44.10 226.08 10 48 2
162 64.46 75.31 47.44 126.17 8 41 3
163 37.92 85.37 48.14 62.42 9 9 3
164 26.47 63.21 23.74 263.11 3 14 5
165 87.89 32.08 5.48 145.86 15 31 4
166 25.28 76.09 40.21 443.97 9 45 1
167 0.10 47.47 24.00 322.46 15 40 4
168 59.45 70.52 33.95 183.04 24 34 4
169 98.46 68.19 18.89 363.20 3 31 2
170 50.80 36.69 11.80 469.85 23 38 5
171 86.59 45.31 13.25 57.06 11 36 5
172 86.72 30.84 9.99 359.51 23 29 2
173 18.26 40.41 3.80 227.15 8 41 2
174 28.39 49.27 43.55 261.02 24 28 3
175 14.69 35.23 25.99 223.70 2 7 3
176 64.97 88.47 17.81 367.67 23 27 3
177 53.92 52.23 24.24 389.95 3 7 1
178 44.78 71.49 4.60 495.01 0 27 4
179 73.92 15.31 14.64 206.71 0 25 4
180 65.77 71.28 19.21 80.88 7 16 1
181 16.71 24.35 35.28 192.25 18 39 4
182 60.34 33.00 3.97 434.28 6 32 1
183 55.84 7.07 32.07 429.59 18 47 1
184 80.38 92.85 18.06 496.14 15 32 3
185 98.80 44.99 6.84 468.59 8 27 1
186 68.46 55.09 36.33 75.34 23 26 4
187 18.84 14.14 49.33 222.21 11 30 5
188 30.69 20.65 23.44 164.73 4 11 1
189 35.28 23.67 43.61 121.13 5 39 3
190 92.25 77.04 36.56 204.60 23 26 1
191 5.29 1.27 8.79 53.38 14 20 4
192 27.89 77.70 42.05 414.88 12 23 3
193 8.43 76.47 5.86 261.44 7 19 2
194 14.43 78.39 34.14 267.74 7 45 3
195 73.36 61.15 36.85 200.25 2 31 5
196 93.32 94.69 49.13 203.20 18 29 1
197 36.44 22.36 11.05 143.52 16 17 2
198 33.17 46.37 46.64 268.53 24 29 5
199 22.54 17.14 3.56 326.34 1 7 5
200 40.89 94.22 26.53 375.95 14 46 4
201 9.23 93.32 20.90 326.62 2 25 2
202 64.32 11.10 4.79 118.61 0 44 3
203 71.39 86.84 17.89 457.30 7 13 1
204 27.22 97.69 31.97 172.84 23 25 1
205 38.80 77.45 13.36 476.59 21 35 1
206 39.99 96.92 48.77 305.54 15 29 1
207 9.58 96.66 8.18 413.42 5 17 2
208 9.81 67.98 2.48 78.21 10 13 2
209 30.41 15.00 24.21 248.77 19 20 2
210 54.67 30.82 22.79 188.96 15 41 5
211 98.21 93.79 31.58 310.47 13 26 1
212 60.96 13.74 5.04 297.73 23 35 2
213 52.86 45.89 20.40 245.87 1 28 4
214 62.66 34.77 1.18 151.93 4 20 1
215 88.80 73.11 43.43 482.76 0 29 4
216 51.31 96.89 27.36 261.58 23 48 2
217 7.83 65.56 36.40 347.65 16 45 2
218 23.77 83.87 38.12 241.48 4 35 5
219 77.30 24.23 19.95 277.60 17 32 4
220 95.16 4.64 33.77 69.99 22 35 1
221 10.51 11.26 22.19 390.07 10 39 4
222 28.27 4.22 41.50 317.53 9 27 3
223 13.57 45.94 42.40 401.71 20 46 1
224 98.33 9.51 31.43 136.10 3 21 4
225 16.53 82.76 4.25 479.65 11 14 3
226 17.74 45.54 11.05 263.76 13 13 3
227 23.22 52.65 10.67 498.23 22 42 2
228 53.12 28.86 27.26 339.64 15 22 2
229 18.88 64.03 9.55 498.65 5 44 1
230 37.75 1.24 3.61 383.90 4 30 2
231 86.33 48.76 0.84 59.23 2 34 2
232 99.71 82.67 11.24 374.19 1 31 4
233 15.59 3.62 34.07 52.35 20 22 5
234 97.96 33.87 8.15 395.33 0 14 5
235 44.98 34.91 23.93 477.67 15 32 5
236 97.76 42.80 3.60 222.44 23 48 1
237 72.43 31.09 14.80 197.82 19 30 4
238 6.56 83.27 25.94 324.11 9 20 4
239 47.76 20.62 18.15 114.18 16 46 1
240 98.78 3.15 9.24 299.94 17 28 1
241 8.52 10.28 4.14 367.87 21 29 3
242 47.08 38.79 4.11 143.77 22 32 3
243 17.63 17.27 28.72 164.51 5 16 2
244 12.20 55.77 14.67 466.22 17 34 3
245 30.03 36.19 22.45 256.79 18 27 4
246 66.46 10.01 27.63 498.81 8 33 3
247 10.65 11.64 0.23 62.92 20 24 4
248 83.04 33.03 34.58 342.83 13 29 4
249 89.72 91.80 16.13 318.91 22 30 3
250 99.40 74.39 19.12 151.59 6 15 5
251 80.52 29.02 40.99 181.50 21 21 5
252 79.80 9.11 6.45 410.85 6 30 4
253 54.27 93.68 18.82 279.21 18 43 5
254 59.29 79.43 11.53 453.66 16 48 3
255 75.48 93.79 6.50 359.83 5 40 5
256 14.28 53.28 16.27 76.51 19 44 2
257 45.56 99.19 45.99 297.53 3 35 5
258 29.03 24.12 31.80 297.29 4 23 1
259 77.93 70.77 43.56 270.18 1 18 4
260 72.14 55.23 0.77 84.42 6 31 2
261 89.50 10.75 15.02 271.73 3 38 5
262 81.43 7.10 37.61 417.92 11 36 4
263 94.04 3.14 48.34 232.23 19 26 5
264 57.05 69.41 36.86 421.36 4 10 3
265 69.49 80.86 18.85 231.08 12 20 5
266 67.44 43.89 2.23 142.81 19 40 2
267 16.96 93.57 36.86 282.47 3 25 3
268 21.41 91.72 18.40 59.28 16 43 2
269 63.39 72.36 24.20 87.07 16 43 5
270 52.91 85.77 4.00 197.94 21 27 5
271 18.59 97.65 40.78 87.64 17 25 5
272 30.74 27.80 8.48 342.77 13 44 1
273 96.27 63.33 34.48 295.79 13 40 1
274 72.43 41.85 11.26 164.46 10 48 2
275 80.71 90.08 13.66 426.61 23 45 3
276 65.93 23.36 46.23 112.22 22 37 4
277 95.69 60.40 9.81 288.12 20 35 2
278 24.36 41.18 18.55 217.79 17 31 2
279 53.11 49.96 17.68 182.72 7 27 2
280 44.10 47.32 16.54 495.86 2 24 2
281 98.00 63.43 18.75 430.84 21 23 2
282 45.72 67.32 21.78 279.32 2 37 2
283 85.29 50.29 30.83 82.86 3 13 5
284 42.46 35.05 26.54 50.38 16 25 5
285 8.45 4.25 25.82 106.07 9 11 2
286 53.90 26.21 15.94 205.63 3 24 2
287 71.41 38.07 39.64 284.45 19 25 1
288 5.30 83.75 32.55 437.47 11 15 3
289 69.40 23.38 35.71 406.20 24 34 3
290 27.08 18.05 31.15 330.02 9 22 4
291 32.41 26.36 34.11 102.58 7 48 1
292 44.24 30.38 22.02 54.05 7 12 5
293 42.08 69.06 40.59 496.59 1 43 5
294 46.94 46.54 31.30 199.05 13 42 4
295 20.74 72.81 27.70 494.93 9 42 2
296 77.38 5.40 5.53 78.49 18 38 1
297 87.32 0.93 40.64 221.34 14 42 1
298 53.10 51.27 4.56 236.42 11 41 3
299 87.31 74.32 21.55 151.17 0 44 3
300 31.34 61.74 36.51 452.52 11 14 5
301 54.42 82.59 44.09 285.15 0 14 4
302 95.06 83.86 49.26 388.81 13 25 3
303 71.78 55.01 36.10 55.09 24 37 4
304 9.10 5.37 30.96 439.16 19 32 3
305 46.23 69.33 29.23 470.99 16 44 1
306 22.48 63.46 29.07 366.77 21 34 3
307 91.82 96.27 35.56 282.07 19 27 1
308 25.48 36.63 37.27 205.78 0 43 4
309 54.96 43.51 12.39 200.77 0 19 3
310 65.73 2.39 45.59 222.07 16 29 5
311 46.78 74.86 45.70 358.69 5 20 5
312 4.53 77.57 39.42 316.29 22 46 5
313 34.00 60.01 42.47 442.66 5 6 4
314 40.48 35.82 20.22 287.38 15 36 4
315 55.35 68.99 30.28 459.22 11 24 3
316 34.72 3.31 46.15 141.20 7 32 1
317 0.11 80.53 28.97 447.39 9 15 5
318 3.79 90.20 27.44 142.02 20 47 4
319 36.68 97.97 4.09 309.96 6 6 5
320 98.89 69.09 3.04 61.90 21 43 3
321 74.98 21.64 29.25 150.33 1 1 3
322 47.06 25.68 25.39 297.09 5 22 1
323 1.52 41.89 43.98 187.64 5 26 1
324 25.57 28.56 14.63 117.50 21 22 4
325 49.22 41.53 47.27 133.62 7 13 1
326 72.70 37.73 33.07 393.42 11 14 1
327 79.65 37.70 44.13 442.12 5 28 1
328 57.76 80.77 17.52 419.23 19 38 3
329 60.10 2.55 26.72 460.65 17 23 5
330 42.52 10.73 28.08 285.55 17 40 3
331 74.68 62.90 1.54 395.04 9 38 1
332 16.56 19.51 24.39 188.08 23 26 5
333 9.05 79.67 20.33 65.27 21 35 2
334 98.37 9.97 17.47 337.28 20 21 2
335 92.62 50.64 30.92 86.23 12 21 1
336 52.47 2.95 22.77 283.10 15 21 2
337 3.11 42.10 47.81 319.24 8 10 1
338 17.75 53.72 16.87 479.38 0 39 2
339 94.24 65.88 11.55 101.98 0 23 5
340 8.94 24.65 47.26 284.75 11 28 2
341 74.73 37.33 5.86 76.29 17 44 4
342 25.04 90.53 28.93 187.75 5 37 5
343 85.59 89.19 9.61 401.58 21 23 4
344 67.67 15.29 19.35 420.41 20 34 5
345 5.20 29.82 48.73 61.53 13 43 4
346 64.88 75.75 21.80 256.39 18 39 4
347 29.95 85.21 41.74 393.25 16 44 1
348 52.36 0.97 37.83 236.07 22 39 5
349 95.93 59.24 17.87 59.27 6 7 5
350 60.31 60.70 7.71 127.51 0 37 5
351 83.05 54.19 9.45 173.82 2 6 2
352 29.10 86.88 35.98 60.94 22 47 3
353 38.49 45.48 27.70 120.45 2 30 2
354 96.87 77.08 31.20 447.37 14 17 5
355 0.97 27.44 29.83 452.59 10 17 2
356 55.25 72.70 12.21 429.08 6 44 4
357 32.49 59.61 28.55 445.95 21 37 5
358 92.05 88.29 26.16 191.45 6 30 5
359 95.03 37.80 46.07 274.55 10 25 3
360 24.00 41.97 48.63 454.87 9 37 4
361 93.26 42.86 24.24 116.10 7 32 4
362 98.03 72.37 44.33 75.99 8 43 2
363 89.02 3.90 24.43 243.88 3 43 4
364 82.81 42.13 16.22 277.07 14 41 3
365 65.70 83.14 12.78 415.44 3 47 3
366 90.22 17.00 32.80 316.92 24 30 5
367 4.52 45.86 46.44 354.11 15 30 4
368 85.75 13.02 27.73 53.79 0 12 1
369 34.39 99.02 47.75 63.84 15 16 4
370 77.41 58.97 34.27 160.30 1 38 1
371 84.05 8.78 21.96 392.68 14 31 2
372 46.43 52.45 26.83 301.13 24 38 1
373 18.49 86.91 21.82 159.03 0 3 4
374 48.51 50.80 12.61 396.63 2 6 1
375 60.97 58.96 19.44 311.12 0 47 1
376 94.95 13.35 35.77 157.32 13 31 3
377 25.18 45.00 26.35 359.13 4 9 3
378 96.53 40.47 40.16 297.79 10 29 5
379 64.44 29.36 28.92 456.54 1 28 1
380 53.07 22.38 1.10 250.74 6 6 3
381 46.54 76.40 14.54 476.51 6 8 1
382 35.91 85.93 1.53 272.60 18 23 4
383 92.97 19.55 6.45 353.98 10 27 4
384 61.15 52.62 7.05 373.05 21 43 1
385 26.36 70.00 18.73 382.37 23 39 3
386 1.09 95.23 23.50 151.61 6 11 4
387 9.06 86.16 22.86 52.62 15 15 4
388 7.83 83.30 41.00 368.03 15 38 4
389 76.31 83.79 17.31 122.17 14 28 4
390 14.82 72.63 37.56 86.98 1 48 5
391 59.00 91.82 29.74 253.21 11 39 3
392 13.81 34.40 5.58 176.27 9 26 3
393 98.85 52.51 21.87 142.34 11 22 5
394 76.24 63.14 25.69 165.16 22 26 3
395 80.18 83.14 27.62 200.04 7 21 5
396 34.83 22.00 45.21 160.40 13 18 5
397 40.94 78.56 44.42 327.13 14 34 2
398 87.96 17.84 40.83 52.97 24 45 1
399 30.99 3.93 9.56 144.77 19 38 1
400 11.37 31.46 43.29 456.80 21 37 5
1 149.39 3384.56 1
2 166.85 4554.75 2
3 149.06 4729.02 3
4 197.09 2594.63 4
5 127.57 3813.54 5
6 194.95 2641.29 5
1 1.59 29.24 6
2 1.73 44.53 3
3 1.17 37.84 4
4 1.38 35.25 1
5 1.19 44.46 6
6 1.54 36.20 3
7 1.76 49.60 5
8 1.88 38.44 4
9 1.59 49.04 3
10 1.39 37.66 2
11 1.98 48.25 2
12 1.26 35.49 1
13 1.10 30.62 1
14 1.05 26.27 4
15 1.23 43.50 6
16 1.31 42.56 4
