Data for Vehicle routing problem with drones - Author: Huyen Do Thi Ngoc
Number of depots: 4
Number of cities: 500
Number of trucks: 7
Number of drones: 16
Area: 100 100 50
Customer maximum demand: 500
Max capacity of truck: 200
Max energy of truck: 5000
Max capacity of drone: 2
Max energy of drone: 50
1 3.15 55.18 10.70
2 13.82 54.89 15.40
3 9.02 36.00 25.06
4 32.39 20.36 23.05
1 52.89 41.78 13.00 488.45 15 25 1
2 36.17 74.71 4.87 433.44 14 30 4
3 86.47 29.16 31.57 354.35 1 16 2
4 40.15 65.03 36.08 291.63 2 16 1
5 82.04 75.69 10.33 418.20 9 19 2
6 1.91 7.02 13.78 442.36 6 8 4
7 14.55 30.65 9.63 251.45 19 33 2
8 48.11 21.91 12.75 115.73 23 29 2
9 74.76 79.68 38.02 252.14 4 4 3
10 11.23 10.75 43.64 393.56 21 28 3
11 81.68 83.50 43.90 298.98 8 43 4
12 30.89 2.43 30.29 404.84 4 23 2
13 2.66 33.96 30.76 228.22 11 32 2
14 65.92 72.52 45.44 186.56 24 35 2
15 94.22 27.63 25.75 157.44 19 21 4
16 20.52 16.29 3.77 97.92 5 47 4
17 56.81 54.98 37.39 107.61 5 16 1
18 38.16 17.29 33.97 414.12 3 3 3
19 12.21 64.78 35.44 248.92 2 43 1
20 82.07 76.40 36.66 441.13 12 18 1
21 71.50 98.26 40.47 167.54 21 34 4
22 84.26 17.73 45.11 50.95 18 42 2
23 21.66 13.23 41.83 411.42 19 21 2
24 90.86 28.82 10.35 254.48 22 31 1
25 43.19 59.18 28.43 226.47 17 34 4
26 55.28 97.78 34.51 88.22 6 48 4
27 36.94 84.88 48.67 143.35 6 41 3
28 11.45 53.41 45.68 481.86 17 17 1
29 87.62 45.36 30.62 172.42 12 12 3
30 57.75 79.53 32.47 150.30 14 30 2
31 37.66 94.24 6.91 340.15 11 35 4
32 86.12 98.67 7.23 491.56 5 14 2
33 56.73 93.55 45.86 404.06 1 25 2
34 47.99 18.85 32.97 338.61 9 45 3
35 14.01 82.08 6.63 63.64 1 6 2
36 66.06 16.84 24.83 107.07 2 15 3
37 91.77 55.23 13.08 188.65 16 45 2
38 82.43 16.27 14.71 422.84 14 24 2
39 59.34 71.51 18.53 323.54 22 40 4
40 18.87 48.86 7.54 401.79 11 19 3
41 17.65 53.22 17.47 189.08 17 31 4
42 82.08 51.31 8.36 228.56 18 23 3
43 75.62 78.29 8.69 263.73 20 41 2
44 27.16 70.76 22.96 118.73 20 40 1
45 21.86 90.88 26.74 224.64 11 25 3
46 63.51 12.93 45.99 490.54 22 30 3
47 22.40 73.52 31.22 315.29 4 5 1
48 72.29 64.81 20.00 113.57 7 47 3
49 1.85 78.82 2.91 454.53 19 40 3
50 67.88 97.55 6.08 475.50 17 23 1
51 47.57 63.16 33.02 364.63 5 15 4
52 1.07 4.35 24.33 404.16 4 29 1
53 88.07 14.99 41.23 367.31 21 38 1
54 26.48 98.95 30.36 290.29 9 40 1
55 97.84 74.56 5.99 169.21 8 8 1
56 2.90 19.51 0.62 100.52 17 38 4
57 45.04 91.71 5.11 463.79 2 5 1
58 73.98 90.91 34.72 69.62 17 30 1
59 97.22 85.23 38.52 371.51 2 22 2
60 24.38 31.30 11.44 286.51 16 48 2
61 41.64 36.84 41.04 334.53 18 19 2
62 44.76 29.23 40.89 70.42 22 31 1
63 39.18 7.31 3.20 275.17 8 23 1
64 81.57 31.08 32.29 475.34 14 29 3
65 1.94 52.92 30.51 326.39 13 40 1
66 97.72 61.37 42.63 91.85 9 16 3
67 44.71 80.94 12.51 302.55 12 21 4
68 62.82 6.94 40.87 341.61 9 37 3
69 6.41 40.80 25.65 456.15 8 45 1
70 16.10 93.22 45.13 352.75 14 36 3
71 72.61 59.74 2.71 235.80 11 45 4
72 43.81 78.91 45.30 413.62 24 42 1
73 74.87 73.75 33.25 241.21 0 45 2
74 64.83 62.88 29.56 351.27 10 12 4
75 98.10 69.08 22.80 345.02 10 46 3
76 52.56 96.81 1.11 221.65 16 35 3
77 57.13 93.92 23.21 93.20 24 29 3
78 68.94 75.32 44.75 104.88 17 44 1
79 91.28 88.26 18.41 421.36 0 24 1
80 67.28 9.99 36.03 255.43 22 26 4
81 55.14 7.57 42.67 107.01 13 25 4
82 15.47 85.83 13.07 174.11 15 27 3
83 91.38 11.93 47.66 181.79 5 23 3
84 51.83 68.23 42.94 50.88 1 39 3
85 58.11 5.61 6.75 345.04 9 17 3
86 10.26 12.77 20.89 381.88 1 24 1
87 16.78 8.25 44.97 131.34 24 28 4
88 92.84 10.12 31.03 116.19 6 36 1
89 2.78 54.59 0.25 164.15 22 36 2
90 28.36 24.63 18.09 280.75 22 31 1
91 54.38 2.12 17.37 155.26 12 12 2
92 84.90 0.74 48.49 103.54 22 30 1
93 69.43 66.98 30.35 200.30 12 38 3
94 4.09 79.49 40.75 491.68 21 34 3
95 73.05 75.07 31.25 469.54 22 35 2
96 88.45 91.58 43.62 264.18 23 25 4
97 64.88 50.84 14.47 99.20 7 25 4
98 37.22 75.53 0.59 438.83 23 34 1
99 3.40 20.90 1.32 326.58 6 11 1
100 89.83 11.70 39.17 428.55 9 19 1
101 50.47 18.05 47.86 102.81 11 30 2
102 43.10 1.56 10.86 383.19 12 17 4
103 56.31 78.43 8.02 322.09 5 20 2
104 72.41 22.30 1.30 326.31 24 38 4
105 33.75 39.46 14.37 205.06 21 35 1
106 9.81 58.72 0.96 469.21 3 12 3
107 30.00 52.00 46.83 170.78 12 15 1
108 4.33 46.23 49.89 390.95 10 20 3
109 73.95 95.73 18.81 349.56 19 45 1
110 42.77 83.38 21.23 472.63 16 37 3
111 54.84 46.46 3.19 277.65 13 21 4
112 73.19 46.21 16.85 213.81 4 21 1
113 87.61 84.86 21.30 304.33 20 27 1
114 15.26 10.96 44.46 425.80 9 18 1
115 53.35 14.20 16.58 312.28 9 29 3
116 61.20 7.37 14.60 471.30 17 29 4
117 29.55 51.59 22.49 73.66 13 15 1
118 50.40 50.18 47.33 121.55 13 21 2
119 41.85 18.76 5.58 419.84 12 23 1
120 69.88 30.34 36.34 176.82 12 42 4
121 79.23 32.53 10.61 286.22 24 37 3
122 71.79 91.49 42.30 466.50 13 28 2
123 16.16 29.69 12.56 377.55 10 48 4
124 97.35 21.72 5.62 448.88 18 28 4
125 49.97 78.22 10.42 103.57 8 11 2
126 66.00 36.58 39.67 196.94 6 27 1
127 42.04 74.89 27.89 200.09 8 21 1
128 48.00 26.80 45.10 498.21 19 46 3
129 80.18 75.85 38.92 143.09 20 24 1
130 19.39 56.37 41.03 397.46 17 21 4
131 35.25 9.87 44.53 136.72 12 26 1
132 4.24 93.95 49.44 179.54 23 41 2
133 7.09 54.18 1.37 309.38 14 22 4
134 82.67 84.41 17.68 312.40 0 31 1
135 2.69 95.09 48.08 324.28 0 36 2
136 92.92 37.89 0.19 355.97 10 28 4
137 19.38 57.74 6.23 427.38 9 34 4
138 32.23 39.09 2.35 464.70 6 26 1
139 19.21 23.65 19.50 313.49 24 28 1
140 22.46 28.06 49.60 218.14 19 21 3
141 32.93 69.79 19.36 74.36 17 26 4
142 2.99 66.00 23.80 149.74 16 44 3
143 35.17 17.88 27.43 132.87 17 44 2
144 44.44 66.58 13.97 352.39 1 36 3
145 53.01 26.45 23.72 110.27 11 38 4
146 72.97 21.62 40.94 162.55 6 38 1
147 50.67 1.39 11.42 167.29 8 16 3
148 77.24 78.62 36.67 499.55 14 47 2
149 33.59 35.29 10.85 293.82 15 36 4
150 62.11 63.20 35.40 150.04 3 7 2
151 27.76 20.39 28.82 416.47 11 19 1
152 91.28 38.31 31.80 469.26 7 45 3
153 69.87 59.52 5.16 438.78 23 32 4
154 36.10 9.89 41.65 169.15 21 41 4
155 42.76 22.65 8.15 479.10 17 35 3
156 10.84 89.31 40.42 134.84 10 45 1
157 47.77 68.31 14.90 130.17 21 45 2
158 20.19 48.11 20.30 404.26 13 43 3
159 49.42 26.79 47.28 318.48 20 31 3
160 67.20 19.91 43.32 218.22 15 16 1
161 65.16 13.25 24.94 161.65 23 39 3
162 51.16 67.13 49.59 330.20 12 33 1
163 98.15 3.41 45.10 100.77 16 42 2
164 3.40 44.20 31.11 185.98 16 34 4
165 73.29 59.45 41.09 288.77 4 8 1
166 61.50 21.55 13.40 207.53 18 37 4
167 92.35 73.59 38.19 64.11 22 47 3
168 39.96 18.29 27.90 419.19 17 47 1
169 23.39 92.72 31.64 251.31 24 30 3
170 80.96 22.53 38.10 427.16 0 25 3
171 50.46 69.44 19.96 262.56 22 34 4
172 23.79 32.83 45.13 50.66 12 39 2
173 60.03 1.25 3.36 346.13 21 27 1
174 61.63 79.01 2.68 453.36 15 32 2
175 54.91 71.61 9.11 341.33 7 41 4
176 3.03 1.32 28.40 109.69 2 26 1
177 96.52 90.02 34.42 166.67 19 25 1
178 48.44 91.39 16.89 362.82 5 12 2
179 65.88 59.57 44.43 195.37 2 37 4
180 35.00 71.06 37.50 206.54 11 30 1
181 64.55 84.92 16.80 419.74 6 18 1
182 90.09 35.12 26.59 372.25 12 17 1
183 36.05 65.87 32.27 136.48 15 19 4
184 50.74 89.11 47.84 353.96 14 38 4
185 51.75 54.63 31.55 106.32 17 39 4
186 40.24 4.71 7.31 281.69 16 21 4
187 61.30 36.31 44.92 321.84 9 43 2
188 33.80 66.87 30.91 55.22 9 12 4
189 5.33 55.04 12.87 393.91 11 45 2
190 77.53 49.36 25.70 419.58 8 34 4
191 38.61 34.96 12.96 335.18 1 6 3
192 76.31 68.76 3.80 453.69 10 19 2
193 48.82 63.53 35.96 116.75 22 48 2
194 74.56 48.08 17.26 137.18 9 38 3
195 59.61 69.83 32.94 182.65 13 16 4
196 66.12 41.78 45.17 300.07 18 44 3
197 93.72 41.49 15.64 455.73 6 35 1
198 88.31 50.32 29.69 102.12 5 11 4
199 24.13 47.52 45.68 307.55 8 48 2
200 40.41 74.28 24.30 378.41 6 38 1
201 55.63 50.22 43.53 218.59 18 32 2
202 9.91 7.82 16.14 290.58 9 46 1
203 86.51 42.36 3.94 90.50 23 28 4
204 6.40 44.23 26.51 274.32 12 39 2
205 39.36 32.24 44.78 483.26 9 26 4
206 3.32 12.93 41.28 375.09 15 23 1
207 2.97 74.30 25.10 252.32 2 24 3
208 19.62 37.33 41.14 198.35 23 35 1
209 39.81 54.34 38.36 194.62 16 21 2
210 69.78 2.08 1.49 480.93 2 18 1
211 20.98 5.10 41.12 170.61 23 44 2
212 82.11 75.31 34.86 143.75 22 24 3
213 98.17 11.23 14.63 166.99 21 47 1
214 69.73 65.10 31.02 285.51 18 45 1
215 42.69 38.33 45.72 233.66 24 48 1
216 59.48 25.26 11.30 473.64 16 26 1
217 32.25 56.75 42.17 279.41 3 24 3
218 53.90 86.51 46.91 227.72 7 24 1
219 65.88 37.27 39.79 362.93 22 25 4
220 90.64 87.97 17.77 310.75 19 45 2
221 61.96 92.53 8.43 454.96 14 16 2
222 44.28 22.73 19.06 286.14 20 45 4
223 79.05 73.61 20.92 83.40 15 17 1
224 2.25 94.53 30.00 247.93 5 19 1
225 1.00 58.76 0.58 196.08 18 24 4
226 41.19 62.11 43.48 304.82 17 33 1
227 57.53 31.09 49.95 247.47 23 25 4
228 27.33 91.36 23.31 387.41 6 42 4
229 51.63 25.41 11.19 417.73 9 44 1
230 20.50 97.88 14.45 470.70 24 29 4
231 34.95 60.53 5.38 237.54 24 43 4
232 20.33 36.13 9.55 322.18 13 24 3
233 57.26 97.01 25.30 124.16 24 37 3
234 77.01 75.26 23.81 229.06 23 41 1
235 44.47 11.71 1.35 217.53 11 32 2
236 61.08 43.19 1.82 484.19 12 47 3
237 12.42 8.12 43.36 365.51 7 14 1
238 83.47 50.82 31.37 396.46 9 9 2
239 86.32 43.10 19.21 173.83 14 39 4
240 39.86 34.53 40.42 191.42 20 24 1
241 13.07 92.68 17.45 104.64 16 46 3
242 16.06 0.05 44.34 88.45 14 39 3
243 54.05 70.90 1.63 139.52 15 28 1
244 89.95 70.06 48.61 214.70 10 20 1
245 40.97 21.74 6.23 281.70 3 18 4
246 70.07 6.40 27.82 54.92 12 14 2
247 58.26 65.96 9.22 407.36 0 6 2
248 58.38 63.04 7.36 326.09 19 26 2
249 69.09 32.49 12.96 474.15 6 39 1
250 96.65 88.37 7.71 371.74 22 31 4
251 15.94 77.86 29.75 69.79 14 39 3
252 63.15 89.79 10.65 224.45 1 19 1
253 15.91 61.03 24.01 187.65 8 30 2
254 36.76 84.19 21.11 140.93 18 44 2
255 39.20 27.52 43.16 168.44 22 35 1
256 99.03 30.06 43.93 256.58 19 33 3
257 31.74 53.50 26.25 459.78 17 40 1
258 73.79 24.34 8.51 435.07 3 9 2
259 85.40 8.01 44.82 142.61 19 23 4
260 59.18 56.21 11.38 212.57 7 47 3
261 51.84 89.91 8.19 394.21 11 18 3
262 64.08 45.95 41.68 323.66 1 8 2
263 80.57 0.99 24.63 369.44 17 45 2
264 16.71 80.81 42.69 493.68 16 16 2
265 63.73 57.42 33.19 445.01 16 38 4
266 53.42 9.51 11.97 383.13 3 28 1
267 11.12 2.30 36.94 201.01 4 45 4
268 40.90 89.88 10.92 279.78 15 19 1
269 66.37 42.12 6.38 247.84 13 34 3
270 48.90 54.25 48.62 258.12 17 34 2
271 52.49 89.69 15.97 93.43 17 45 1
272 77.82 15.00 43.68 392.75 21 27 3
273 51.88 87.34 31.08 211.59 23 37 2
274 52.89 50.90 37.36 163.24 14 31 4
275 10.68 35.09 16.77 355.89 5 18 4
276 99.64 22.49 24.90 297.08 11 22 1
277 12.81 42.16 19.48 393.67 8 24 1
278 49.67 53.02 23.41 400.03 1 20 1
279 83.09 66.87 23.51 140.74 15 45 4
280 93.97 40.07 16.61 435.54 1 2 2
281 40.22 64.65 4.66 109.46 20 32 3
282 19.74 20.34 5.50 253.73 15 38 3
283 51.47 41.47 33.33 499.04 18 25 4
284 6.14 6.78 12.67 328.23 10 41 4
285 74.97 27.53 27.04 115.84 18 30 4
286 56.49 1.16 41.95 93.15 7 28 3
287 89.57 75.28 7.45 108.66 23 29 4
288 23.08 33.37 27.94 230.26 7 41 1
289 45.57 53.09 28.61 171.70 19 43 4
290 99.50 41.14 47.29 489.23 13 26 4
291 94.31 10.53 22.52 377.00 9 11 1
292 28.48 80.18 7.73 63.07 18 33 4
293 41.82 3.07 17.94 188.84 7 43 2
294 92.14 4.20 23.75 217.81 15 41 2
295 52.43 24.11 20.98 187.53 5 34 1
296 69.30 74.07 18.28 65.29 22 39 4
297 72.13 5.33 47.41 234.76 11 16 4
298 30.49 36.79 14.01 176.90 14 30 4
299 35.00 46.06 47.37 142.72 15 43 2
300 59.02 41.07 38.96 341.74 17 40 2
301 56.67 6.69 20.97 214.33 24 41 4
302 21.13 20.02 10.81 145.97 18 36 4
303 24.20 94.69 14.90 430.54 23 35 3
304 43.93 80.96 3.31 253.45 0 22 3
305 79.29 18.51 40.12 57.13 11 37 3
306 57.23 0.29 2.27 94.47 18 29 3
307 7.58 83.29 27.10 363.33 13 38 4
308 59.39 65.73 30.99 74.56 23 25 2
309 69.27 46.09 43.24 178.60 3 14 1
310 90.55 42.29 1.93 215.92 0 2 4
311 59.76 79.04 43.44 458.91 22 32 1
312 42.20 4.51 1.08 160.46 15 32 4
313 10.18 98.06 49.79 469.83 6 38 1
314 8.15 89.42 8.84 344.12 16 42 2
315 43.97 93.76 37.86 380.50 17 33 3
316 49.98 42.09 43.93 141.75 3 27 3
317 15.15 76.11 11.48 61.09 5 38 3
318 32.72 47.04 34.49 72.69 23 47 1
319 77.46 90.03 11.67 137.72 11 25 2
320 2.59 8.51 8.06 470.31 10 16 1
321 62.83 51.95 46.91 202.35 7 30 1
322 13.42 96.06 37.75 167.91 17 24 2
323 33.08 47.31 47.58 254.82 8 32 2
324 8.73 16.66 30.84 376.02 2 39 4
325 25.68 57.50 12.62 352.67 17 25 1
326 88.54 91.50 37.69 382.12 10 42 2
327 53.22 40.29 36.04 462.16 11 16 2
328 5.99 14.63 38.56 131.20 16 33 2
329 16.76 20.67 22.77 77.09 23 43 2
330 60.42 21.53 17.62 464.51 24 37 2
331 83.44 66.79 17.14 466.99 19 42 3
332 40.00 37.98 31.05 201.29 18 18 4
333 34.31 84.36 16.07 411.66 9 25 1
334 51.08 94.37 28.56 76.59 0 48 3
335 93.53 12.59 41.86 171.86 16 44 2
336 32.01 43.85 44.94 98.44 17 29 4
337 41.36 66.50 7.04 428.33 1 41 2
338 45.80 12.69 27.09 57.10 13 30 1
339 8.62 43.81 31.80 332.25 14 19 4
340 33.66 24.68 37.52 161.29 11 17 1
341 91.81 8.59 20.06 425.17 22 39 3
342 24.00 53.81 37.02 371.94 7 24 4
343 75.60 58.73 46.20 227.11 23 31 4
344 50.56 77.99 41.16 292.79 6 43 4
345 73.18 14.06 12.52 317.46 7 18 2
346 19.49 62.07 5.44 382.36 16 24 4
347 67.73 61.94 12.70 458.17 17 22 2
348 46.08 97.17 48.27 396.80 4 40 4
349 71.36 31.65 1.84 156.54 6 17 4
350 22.60 63.24 37.66 477.35 2 27 3
351 76.73 64.93 18.18 284.22 11 35 3
352 15.47 74.71 3.43 125.59 17 45 4
353 13.54 22.27 19.88 393.44 3 10 2
354 10.02 3.32 49.27 260.63 19 20 3
355 24.05 44.69 11.63 326.90 22 43 2
356 53.19 34.57 37.25 455.79 24 43 4
357 62.70 8.53 31.85 269.01 22 42 4
358 73.04 13.30 18.12 497.91 19 29 4
359 56.21 88.83 45.36 431.36 8 18 1
360 76.66 70.26 25.12 177.73 20 32 1
361 36.93 23.03 26.29 133.86 22 45 3
362 81.57 18.84 29.95 259.30 11 13 1
363 89.01 72.24 41.47 427.16 4 37 4
364 54.56 24.26 31.51 315.37 4 4 3
365 88.32 71.38 21.08 254.94 16 18 4
366 19.48 94.84 7.11 441.02 1 46 3
367 7.45 53.47 46.75 194.67 14 27 4
368 65.68 10.27 31.34 216.57 12 48 4
369 71.49 45.46 2.63 206.93 8 45 1
370 41.19 31.11 25.88 95.44 17 39 2
371 26.95 28.79 16.09 115.23 17 48 3
372 76.08 43.14 19.03 422.05 3 16 1
373 62.55 79.00 26.10 264.55 1 8 2
374 51.11 54.52 39.81 459.55 12 25 1
375 88.58 10.45 13.43 417.25 5 16 1
376 76.36 92.35 44.80 318.37 13 46 4
377 11.08 57.10 49.91 80.60 18 30 3
378 9.43 26.48 30.91 159.50 15 37 1
379 90.51 56.57 0.32 335.36 22 45 2
380 81.44 81.49 18.60 279.29 1 26 4
381 2.61 96.25 47.65 254.23 17 37 2
382 64.62 4.15 26.52 218.99 0 17 1
383 8.67 33.89 4.94 482.86 15 29 3
384 81.81 26.33 38.75 259.69 1 32 1
385 88.24 58.31 7.29 97.00 24 40 3
386 70.05 5.58 4.00 481.87 5 38 3
387 50.58 23.34 29.13 269.34 10 30 2
388 58.08 12.30 38.08 320.83 13 48 3
389 59.08 53.29 21.85 60.53 19 39 1
390 92.73 68.69 40.31 168.18 13 27 2
391 46.69 58.25 48.07 193.75 10 47 3
392 32.35 72.13 12.95 198.09 10 15 1
393 74.18 17.94 21.66 215.33 0 48 4
394 53.19 20.95 27.92 214.77 10 48 4
395 68.39 39.03 1.12 287.87 9 15 4
396 92.98 66.98 9.54 154.38 13 19 2
397 53.44 24.32 3.81 241.24 16 25 4
398 44.52 17.71 7.32 266.45 17 17 2
399 41.99 79.21 37.53 343.21 8 41 1
400 69.05 64.52 3.33 261.14 13 14 1
401 75.56 24.52 14.92 450.11 23 28 4
402 45.06 92.90 21.06 187.68 6 28 3
403 4.51 51.93 48.90 444.02 12 12 2
404 75.81 72.10 37.76 451.91 6 12 4
405 37.17 44.01 24.88 66.71 19 20 4
406 73.28 71.65 30.40 142.15 6 17 3
407 82.85 63.14 36.72 451.89 12 30 3
408 31.62 87.80 31.99 390.97 16 19 4
409 54.35 55.83 40.76 295.42 5 47 3
410 25.81 30.91 40.31 139.58 18 24 1
411 70.45 64.29 29.55 93.06 23 23 1
412 16.01 81.76 3.86 238.83 5 9 3
413 89.51 1.32 27.27 401.22 6 44 4
414 6.15 16.94 47.22 374.82 8 48 4
415 29.59 91.34 23.09 128.88 6 34 2
416 86.11 9.75 9.82 346.26 8 27 2
417 91.75 6.60 11.05 353.41 3 29 4
418 67.20 64.18 13.91 101.54 5 36 1
419 48.12 93.97 23.77 130.40 7 43 4
420 83.77 33.59 21.62 327.83 17 26 4
421 95.20 56.64 49.30 340.11 20 24 2
422 25.11 62.03 48.72 447.18 19 20 1
423 44.13 76.63 25.42 267.82 20 21 3
424 98.79 99.47 10.41 354.65 1 33 2
425 67.60 70.90 0.64 176.12 14 20 3
426 82.17 19.49 9.31 479.59 8 25 2
427 13.14 40.41 38.95 190.78 23 28 2
428 89.85 81.86 41.17 89.86 8 35 3
429 41.73 5.37 11.87 121.92 24 26 3
430 69.50 86.53 41.57 71.42 6 7 2
431 91.44 53.83 46.11 232.22 7 9 3
432 18.55 7.79 2.41 164.64 19 23 3
433 37.56 81.38 47.05 417.11 15 28 2
434 1.64 33.13 5.61 161.64 6 43 3
435 22.46 86.88 3.22 326.22 17 26 2
436 83.44 81.12 36.97 55.98 1 27 2
437 89.10 72.17 42.62 137.30 20 30 4
438 54.83 9.99 47.73 95.72 17 33 3
439 63.00 89.22 40.99 436.38 6 43 4
440 51.34 20.67 3.00 217.09 4 15 1
441 13.07 13.89 17.95 485.09 11 17 1
442 87.28 22.71 43.50 301.03 11 48 3
443 92.26 3.54 42.60 201.96 12 27 2
444 45.64 96.96 39.38 282.33 1 41 2
445 78.98 49.49 3.10 235.33 7 14 1
446 11.40 46.47 18.40 239.37 6 40 2
447 82.86 45.65 1.55 85.66 6 13 2
448 29.45 33.90 29.80 428.30 7 38 3
449 13.52 98.16 44.05 181.61 18 36 2
450 34.32 73.09 14.44 140.65 3 9 3
451 19.19 66.53 49.53 451.47 0 2 2
452 66.24 11.82 41.67 153.93 18 28 3
453 29.62 68.11 28.18 350.76 22 46 1
454 1.50 67.44 16.93 218.15 17 45 1
455 48.95 10.53 3.81 87.43 16 26 1
456 98.43 67.92 35.11 240.60 2 9 3
457 11.18 5.86 14.56 376.27 6 18 3
458 68.76 96.16 37.56 289.06 15 41 4
459 49.66 8.86 31.07 213.42 23 26 1
460 96.60 19.15 37.77 373.92 10 23 3
461 32.37 32.62 41.08 338.14 19 21 4
462 91.17 48.97 47.71 324.36 21 38 3
463 34.37 99.46 0.38 294.46 7 20 4
464 34.64 73.42 22.72 106.79 15 30 4
465 23.20 92.61 40.00 62.22 19 42 2
466 36.68 29.53 47.99 333.56 17 18 3
467 46.06 69.13 0.26 254.80 11 43 3
468 47.93 25.68 37.84 90.35 23 32 2
469 14.40 73.52 40.04 126.85 0 19 3
470 81.11 15.54 42.98 178.98 12 22 2
471 61.77 30.23 18.72 442.68 17 18 1
472 79.21 25.25 24.31 206.25 18 19 4
473 95.71 66.76 0.19 56.02 10 21 1
474 71.42 69.16 39.15 52.74 17 38 3
475 27.14 57.19 41.94 272.08 22 48 1
476 73.50 66.92 1.02 80.61 7 10 4
477 35.79 40.70 40.37 418.47 12 47 4
478 21.89 90.57 7.77 155.90 1 23 1
479 95.33 10.09 1.36 160.62 23 34 4
480 77.39 74.13 47.18 123.52 16 33 4
481 38.54 49.05 15.99 56.68 12 20 4
482 66.55 92.67 14.62 116.48 20 47 3
483 7.44 0.81 26.02 99.42 0 15 4
484 17.56 96.48 25.61 108.07 11 13 3
485 23.85 22.40 18.64 142.66 18 22 4
486 64.47 49.00 43.53 199.05 24 32 4
487 49.01 36.51 36.96 75.04 7 45 4
488 6.68 91.30 44.43 215.35 15 26 1
489 14.14 37.32 8.27 303.05 11 26 4
490 27.49 54.05 30.15 348.65 16 43 1
491 83.08 48.07 37.39 208.93 12 12 3
492 96.02 48.47 34.85 245.96 18 44 4
493 71.19 88.98 32.03 363.69 3 21 1
494 27.72 56.60 38.23 282.10 11 14 3
495 89.63 56.49 17.65 372.00 14 21 2
496 39.75 56.43 38.12 461.90 23 30 4
497 2.84 23.15 35.03 422.44 20 45 3
498 36.44 47.32 4.57 430.97 1 7 3
499 43.64 51.48 19.91 63.53 5 14 1
500 92.79 78.00 26.61 130.09 19 27 3
1 111.47 4037.38 1
2 149.36 4965.05 2
3 188.55 3641.19 3
4 143.38 4483.76 4
5 170.30 3258.87 1
6 125.78 3557.96 4
7 157.70 3797.88 1
1 1.79 28.50 6
2 1.94 35.10 7
3 1.48 33.78 5
4 1.13 35.35 1
5 1.45 38.37 5
6 1.57 31.46 3
7 1.64 29.09 4
8 1.90 28.51 2
9 1.90 32.56 5
10 1.61 26.29 6
11 1.17 33.45 1
12 1.51 31.92 3
13 1.49 47.86 1
14 1.69 45.81 7
15 1.85 33.57 5
16 1.98 46.03 5
