Data for Vehicle routing problem with drones - Author: Huyen Do Thi Ngoc
Number of depots: 5
Number of cities: 400
Number of trucks: 8
Number of drones: 13
Area: 100 100 50
Customer maximum demand: 500
Max capacity of truck: 200
Max energy of truck: 5000
Max capacity of drone: 2
Max energy of drone: 50
1 44.53 72.28 44.94
2 33.84 38.24 19.26
3 28.56 12.51 45.49
4 83.28 58.13 7.72
5 30.98 80.24 12.91
1 89.14 19.76 48.55 469.65 3 43 4
2 12.89 62.77 2.08 257.22 12 33 1
3 55.21 12.91 28.00 253.38 22 23 3
4 96.87 76.85 8.02 378.97 5 46 2
5 70.02 57.15 27.57 411.56 12 44 1
6 19.21 93.82 40.91 358.24 13 37 5
7 15.82 0.67 22.03 459.49 19 22 3
8 15.38 7.24 28.91 201.60 2 11 3
9 99.01 52.02 34.62 90.61 24 27 4
10 42.26 74.07 22.07 113.28 6 8 4
11 41.34 59.12 19.33 291.64 1 1 4
12 84.76 33.11 41.20 438.64 10 30 2
13 21.60 74.36 8.17 188.68 8 16 4
14 36.78 99.96 42.57 317.02 4 39 3
15 97.68 84.30 46.95 310.06 0 18 4
16 28.75 11.39 25.41 138.58 16 24 2
17 24.81 16.54 18.45 189.23 2 3 2
18 7.79 24.61 43.02 404.84 14 27 2
19 3.57 36.03 9.93 490.37 22 34 3
20 54.62 80.35 30.63 215.42 18 29 5
21 41.86 24.30 37.57 354.35 17 39 4
22 35.57 47.37 2.05 429.49 5 37 4
23 72.71 85.42 20.08 476.18 19 20 3
24 13.07 26.47 6.11 202.81 11 45 4
25 43.75 54.22 5.39 333.28 19 29 2
26 75.69 0.08 7.29 307.50 22 35 5
27 14.84 23.11 45.01 150.47 17 17 2
28 56.13 21.22 29.40 418.56 2 41 3
29 20.21 37.00 45.33 53.40 18 34 1
30 3.70 5.10 2.93 218.91 22 44 1
31 10.56 78.87 31.61 167.00 22 39 2
32 45.98 61.34 37.26 231.04 5 31 1
33 40.42 92.63 36.18 66.97 1 21 4
34 9.26 33.61 41.58 434.20 15 22 1
35 96.84 15.33 18.23 235.29 1 29 1
36 59.14 82.25 31.56 281.09 7 12 4
37 42.67 61.91 20.69 424.77 9 19 5
38 33.25 92.14 11.82 449.19 1 34 1
39 22.73 1.24 10.15 98.97 21 26 2
40 9.05 93.90 36.03 445.69 13 24 3
41 97.43 14.51 28.90 414.24 12 32 1
42 7.85 20.12 26.67 122.75 14 42 5
43 78.24 28.58 21.09 120.25 16 31 3
44 83.29 9.61 43.30 65.33 2 6 1
45 22.88 92.83 16.03 216.95 14 35 5
46 31.27 59.84 2.97 61.20 2 5 4
47 79.43 53.28 47.50 254.21 10 46 4
48 58.46 94.86 3.75 58.52 22 23 5
49 95.25 77.65 3.11 116.88 18 38 5
50 29.72 28.99 0.64 277.85 15 45 2
51 6.79 82.54 33.28 63.17 16 18 5
52 9.50 69.54 13.34 237.90 6 42 4
53 24.38 1.41 46.02 83.50 19 32 5
54 22.25 6.07 2.66 99.95 2 22 4
55 90.95 99.16 25.90 287.48 22 46 5
56 88.56 76.04 33.24 96.17 5 13 3
57 98.11 70.68 43.02 271.69 4 10 3
58 32.83 30.08 39.08 353.41 4 23 2
59 50.79 94.65 43.11 414.49 4 15 2
60 74.25 66.36 48.58 174.31 17 45 3
61 26.92 60.93 49.67 147.83 19 20 5
62 83.06 90.55 43.97 52.10 15 27 1
63 43.81 3.78 48.56 189.69 22 35 4
64 92.20 41.81 43.14 86.48 10 15 5
65 5.11 57.81 19.47 297.85 14 36 5
66 63.61 36.88 23.36 467.88 12 38 2
67 74.49 88.00 0.06 361.60 18 36 4
68 76.98 30.86 13.02 349.17 9 41 2
69 22.23 60.32 48.59 421.43 11 47 5
70 76.38 89.84 2.14 375.61 3 31 5
71 22.32 87.91 49.78 167.19 20 48 2
72 83.33 39.48 34.60 282.81 12 42 3
73 60.78 18.66 20.19 202.32 11 21 5
74 41.53 41.49 46.81 87.30 6 38 1
75 5.07 0.56 2.30 324.61 3 22 5
76 94.27 32.07 34.60 194.60 6 43 2
77 56.67 16.83 14.33 242.25 8 27 2
78 2.41 36.28 29.70 287.81 18 26 5
79 9.20 9.57 45.98 302.41 4 7 3
80 31.23 91.24 13.03 473.20 13 14 1
81 31.75 52.49 20.71 157.03 9 42 4
82 22.75 44.81 42.60 491.22 16 35 5
83 4.55 44.88 0.67 333.76 2 15 2
84 2.40 77.04 3.81 182.65 1 46 4
85 65.92 95.02 35.63 170.40 20 43 1
86 24.28 33.51 44.53 91.49 6 39 1
87 89.07 67.38 43.60 244.16 3 31 2
88 88.68 17.71 5.60 431.26 12 36 3
89 26.63 91.74 7.35 293.90 11 27 1
90 18.95 80.37 17.42 420.43 18 46 2
91 74.93 97.14 46.28 59.98 4 44 5
92 21.61 96.37 38.41 476.74 13 39 1
93 73.59 51.98 22.76 128.83 7 40 5
94 51.60 75.18 36.18 286.31 15 17 2
95 26.91 74.83 30.50 367.70 3 43 1
96 5.03 71.24 38.90 218.91 1 9 3
97 29.50 30.68 48.43 50.02 0 26 3
98 53.94 54.87 5.88 223.16 9 42 5
99 70.46 80.27 14.60 322.41 1 31 1
100 5.43 75.70 37.64 273.79 22 30 2
101 52.47 2.08 18.29 149.07 9 15 3
102 40.56 82.60 23.18 358.56 5 44 2
103 40.55 65.74 42.15 489.08 13 43 5
104 9.29 29.88 34.32 333.65 9 20 4
105 9.53 34.05 16.50 105.79 12 36 2
106 72.80 13.71 49.46 495.62 3 8 1
107 3.31 8.70 44.14 66.83 0 19 3
108 24.35 45.96 34.13 130.19 5 39 3
109 74.94 84.21 47.33 139.63 2 42 3
110 93.85 13.54 6.56 395.10 16 48 1
111 76.96 66.93 4.08 443.93 0 14 2
112 28.19 44.63 33.52 65.94 16 19 5
113 37.39 91.51 31.98 125.81 12 13 2
114 53.70 8.04 4.80 106.68 17 34 5
115 12.27 16.97 24.67 235.20 0 35 1
116 77.98 12.84 31.16 411.53 16 40 2
117 68.33 36.06 11.31 82.69 8 39 5
118 57.84 42.13 18.26 266.90 13 41 4
119 3.11 0.83 27.51 72.40 12 15 1
120 24.89 43.83 48.70 304.52 24 31 2
121 66.37 30.12 34.07 171.48 10 45 4
122 28.18 73.53 46.40 192.65 16 40 1
123 6.91 85.74 20.05 287.01 17 47 4
124 84.77 38.69 0.66 363.52 18 41 2
125 70.54 51.47 43.12 166.48 20 42 5
126 38.84 76.02 41.54 305.89 13 42 4
127 78.61 6.15 2.31 395.52 6 25 2
128 93.60 79.02 13.01 327.20 10 40 4
129 35.51 81.27 32.42 444.72 7 44 1
130 31.83 54.58 16.31 223.35 21 45 4
131 89.02 43.31 32.31 376.87 3 10 1
132 57.42 56.69 26.44 466.55 21 27 4
133 58.21 75.75 23.39 497.60 0 38 1
134 36.26 60.74 1.84 217.17 17 40 4
135 43.61 47.67 4.41 278.69 15 19 4
136 99.46 23.88 45.03 127.19 0 17 3
137 55.68 39.89 48.23 252.38 22 43 2
138 57.03 25.94 13.08 224.07 18 35 3
139 17.90 65.73 27.40 224.22 16 19 2
140 87.19 17.37 28.61 130.71 16 19 4
141 44.67 46.35 17.51 113.99 5 28 3
142 18.92 45.18 6.29 255.87 13 44 1
143 35.31 68.58 23.47 92.57 0 46 2
144 64.21 63.29 39.16 370.97 5 6 1
145 15.68 45.39 14.20 170.52 14 16 5
146 43.67 24.35 48.41 102.21 20 44 4
147 60.90 30.69 38.35 365.55 22 45 4
148 3.64 82.10 37.63 286.31 5 31 1
149 8.44 8.62 7.69 275.12 10 46 3
150 95.86 37.11 30.95 493.99 18 44 4
151 32.28 2.13 43.64 54.22 12 20 5
152 80.31 95.67 36.50 153.22 17 19 2
153 70.04 93.40 36.21 187.96 22 35 2
154 6.02 52.57 4.21 181.83 2 43 1
155 57.26 16.44 2.44 246.28 12 44 2
156 80.63 32.35 36.01 354.98 22 35 5
157 74.99 55.49 21.95 85.01 24 25 2
158 45.58 64.67 12.80 169.60 16 20 4
159 83.19 17.73 19.09 340.14 2 27 2
160 88.24 37.28 35.20 261.36 18 21 1
161 12.97 65.20 45.73 335.09 3 6 4
162 76.80 3.57 5.30 330.32 3 27 3
163 56.71 3.99 28.68 396.21 1 37 4
164 80.78 1.49 22.77 121.85 23 24 4
165 80.72 21.23 35.24 107.11 12 22 1
166 28.13 19.00 7.04 108.66 24 29 5
167 71.32 44.03 45.13 450.26 24 31 3
168 12.73 92.03 7.52 240.97 3 12 2
169 75.16 69.44 7.25 92.70 24 37 3
170 51.97 84.22 11.52 371.90 3 3 4
171 79.48 57.57 14.64 462.49 3 36 4
172 20.66 2.00 28.36 103.27 8 45 3
173 92.50 53.10 31.49 108.85 21 39 5
174 84.85 40.54 16.08 329.89 1 18 4
175 47.75 20.57 9.29 106.85 7 34 1
176 91.58 81.90 2.13 449.17 18 26 2
177 0.61 75.81 9.45 143.56 21 26 5
178 57.73 96.90 27.23 243.36 4 46 5
179 11.28 0.24 40.10 221.36 14 30 5
180 37.27 7.27 17.14 430.44 17 24 3
181 28.99 6.66 1.56 167.80 19 40 4
182 73.45 35.48 44.57 213.09 20 41 3
183 85.06 58.95 36.10 396.13 21 25 1
184 56.18 9.70 36.76 402.92 17 19 1
185 72.48 17.95 38.71 70.19 4 31 3
186 65.16 58.46 33.41 343.34 5 42 1
187 13.70 86.36 34.95 424.78 18 35 3
188 47.72 81.37 44.88 469.97 20 47 2
189 76.37 0.44 3.54 293.08 7 35 5
190 35.27 69.74 11.01 271.60 8 24 3
191 97.97 81.67 31.33 439.10 3 3 1
192 0.50 54.54 21.25 171.78 23 38 4
193 55.33 75.61 43.39 484.61 24 41 2
194 66.77 22.63 49.53 386.98 11 42 2
195 48.27 45.40 13.48 232.00 8 22 5
196 92.28 43.34 36.69 498.77 9 17 4
197 85.05 16.99 46.69 445.68 16 16 1
198 71.63 24.52 37.00 428.35 8 29 1
199 50.39 92.57 37.00 334.00 0 3 1
200 29.16 66.24 37.12 314.88 22 31 1
201 88.78 99.66 41.25 343.40 7 9 2
202 24.72 60.09 3.48 429.41 19 28 2
203 43.98 31.10 34.31 285.95 22 38 1
204 78.12 77.87 49.84 312.74 7 7 3
205 45.71 77.88 27.20 407.75 5 41 3
206 16.69 59.53 45.56 222.99 0 3 5
207 14.54 24.58 14.29 131.07 10 37 4
208 78.09 34.46 35.24 408.71 20 21 3
209 76.19 62.94 39.43 280.33 7 11 2
210 88.00 43.06 14.38 156.68 5 18 5
211 21.29 13.38 44.20 177.53 3 29 4
212 63.18 26.26 1.66 83.73 3 10 4
213 51.95 95.22 3.98 417.85 2 33 2
214 34.57 75.46 36.16 263.35 1 48 3
215 61.92 87.49 41.91 462.98 13 47 2
216 8.89 68.76 11.02 74.03 12 19 2
217 22.84 11.66 9.10 362.23 7 43 4
218 80.56 53.17 42.91 289.73 24 27 4
219 8.03 84.49 6.11 156.19 22 30 2
220 88.09 75.83 40.77 330.75 2 36 3
221 1.80 49.62 9.26 349.58 18 22 4
222 69.66 93.76 25.65 354.27 21 47 2
223 32.28 37.08 10.78 456.40 21 32 3
224 1.47 66.43 4.69 283.28 2 10 4
225 61.41 37.73 32.87 109.14 15 25 2
226 30.84 54.83 31.04 288.03 8 24 5
227 12.69 95.94 30.90 238.47 11 22 5
228 62.28 80.49 24.92 219.10 11 46 5
229 14.46 14.41 43.59 138.66 9 18 1
230 74.12 5.37 42.91 231.22 19 44 5
231 26.11 70.09 20.04 132.23 12 46 4
232 51.01 88.82 28.88 188.11 20 34 1
233 82.63 1.64 45.94 124.92 18 35 3
234 71.11 65.91 29.92 61.80 15 27 4
235 42.98 98.20 35.39 76.52 15 39 4
236 46.08 62.97 37.37 403.01 22 42 3
237 97.50 29.42 29.62 249.86 17 17 3
238 90.19 5.82 23.06 120.63 10 13 4
239 42.89 19.25 35.03 162.48 8 9 1
240 16.09 5.66 1.98 250.04 10 11 3
241 92.62 27.67 11.25 137.16 17 47 2
242 44.79 11.13 7.69 250.36 19 32 1
243 97.97 64.23 17.97 182.60 6 48 2
244 70.41 70.04 33.56 456.73 7 47 5
245 17.09 40.57 16.55 256.57 2 10 2
246 12.24 6.33 41.22 416.19 4 22 4
247 34.89 27.54 45.16 405.13 23 39 5
248 90.86 0.05 40.24 317.14 4 15 3
249 54.76 87.14 40.95 173.56 7 34 3
250 26.46 29.00 27.24 392.85 2 33 3
251 3.64 2.84 42.31 165.03 22 41 1
252 28.47 81.45 26.07 51.12 19 40 2
253 39.06 36.40 38.08 356.12 3 11 1
254 98.30 89.45 25.74 261.00 4 26 1
255 5.96 29.31 17.54 454.82 20 30 3
256 37.03 5.09 34.76 463.66 5 23 4
257 56.90 21.38 4.55 407.99 17 44 1
258 6.51 17.32 48.26 422.76 4 29 2
259 86.96 92.72 22.86 222.70 23 31 1
260 10.86 39.65 39.94 465.66 5 8 3
261 8.95 45.33 36.12 349.96 10 21 4
262 9.99 88.12 37.63 78.52 19 33 5
263 38.31 17.37 45.86 283.89 3 22 3
264 40.10 36.13 36.64 385.93 14 19 2
265 19.76 99.71 32.15 187.37 19 20 2
266 71.30 72.53 20.54 151.06 10 31 5
267 49.91 49.75 19.70 222.15 7 33 2
268 26.65 81.21 13.36 419.31 7 20 5
269 46.45 77.95 46.90 459.59 17 19 4
270 36.48 55.82 47.21 78.19 22 31 5
271 15.82 96.57 8.79 182.62 20 32 2
272 55.28 92.04 6.73 198.01 23 40 2
273 25.13 90.76 41.54 132.69 18 31 3
274 77.52 68.06 4.93 119.67 24 28 1
275 53.73 80.05 45.08 432.57 13 29 3
276 96.38 8.48 35.13 166.60 14 30 3
277 11.52 96.61 40.40 132.42 2 44 3
278 92.55 80.93 3.98 451.50 17 20 5
279 79.66 49.75 3.39 442.37 4 44 4
280 50.81 52.94 36.57 427.49 7 18 2
281 32.41 42.95 22.55 93.06 23 33 2
282 31.32 74.27 23.01 324.24 21 29 4
283 33.75 62.61 12.59 455.57 13 16 4
284 13.46 5.12 46.68 316.33 16 47 1
285 60.51 10.78 29.44 166.08 6 40 1
286 32.24 10.50 24.53 314.49 23 46 1
287 38.84 52.48 12.96 407.74 20 39 5
288 62.18 14.83 8.60 458.36 9 9 3
289 51.92 29.72 46.07 63.47 17 48 3
290 69.49 17.32 28.07 257.44 22 40 2
291 73.92 17.80 43.20 325.93 18 24 5
292 66.76 67.65 30.96 254.54 22 30 1
293 50.55 72.27 37.41 240.14 4 9 1
294 17.04 68.16 49.57 322.98 2 22 3
295 66.93 21.41 5.51 286.79 5 42 4
296 59.23 4.40 2.66 392.98 17 26 2
297 90.66 98.03 33.31 489.18 16 47 4
298 82.21 40.57 26.70 209.66 17 22 5
299 29.54 19.54 32.27 222.37 3 13 1
300 44.07 80.71 2.00 246.31 23 36 3
301 61.95 59.18 39.75 325.72 13 48 5
302 93.72 37.54 16.86 467.73 10 20 4
303 71.69 99.83 34.37 414.99 3 38 3
304 77.56 46.00 23.26 468.05 15 48 1
305 73.20 84.99 49.31 122.66 23 39 2
306 16.71 85.99 11.14 259.11 14 35 5
307 92.97 40.65 0.03 167.92 15 20 4
308 40.52 75.39 35.38 256.39 0 10 2
309 60.08 59.75 18.39 72.59 18 29 3
310 82.86 40.54 26.27 355.14 15 28 3
311 25.78 89.99 35.15 87.09 16 44 3
312 9.77 81.80 22.65 351.49 2 2 2
313 99.95 44.14 25.19 128.28 19 19 3
314 32.88 40.60 40.18 78.86 16 35 1
315 40.45 76.41 22.39 466.17 11 42 1
316 92.69 47.53 43.09 352.53 24 43 3
317 89.02 23.54 0.43 119.72 17 35 1
318 53.81 3.66 23.67 403.11 3 18 4
319 23.51 41.13 8.32 171.06 4 46 1
320 0.18 33.77 47.76 442.68 7 29 3
321 60.45 64.98 7.04 221.07 9 15 4
322 45.02 42.52 46.47 316.64 7 27 5
323 60.74 32.48 16.25 320.72 8 29 4
324 41.50 95.80 49.73 165.07 1 15 4
325 77.24 50.95 12.91 89.61 3 26 3
326 30.56 65.90 2.00 105.33 11 41 4
327 95.89 80.79 5.36 251.93 8 42 5
328 85.37 59.89 42.41 208.77 17 32 3
329 3.34 92.88 46.17 267.34 7 24 1
330 91.13 18.44 10.65 91.21 13 36 3
331 75.33 85.99 4.51 473.22 10 24 4
332 25.42 40.41 28.39 279.83 4 22 3
333 81.79 55.24 8.86 479.48 13 35 1
334 91.30 84.68 44.05 366.96 23 28 4
335 63.83 51.43 28.46 168.56 6 10 3
336 44.75 55.89 36.26 146.99 12 27 4
337 58.79 58.49 21.28 205.60 18 18 5
338 22.67 50.77 8.55 166.92 19 35 4
339 61.37 9.04 2.38 280.48 5 11 5
340 99.21 32.42 15.30 435.40 12 23 5
341 69.51 8.01 43.18 147.33 11 29 4
342 85.64 97.34 34.18 310.29 0 11 1
343 75.83 20.82 44.14 169.91 4 21 3
344 7.66 50.57 37.58 202.99 12 41 3
345 43.91 81.45 38.11 150.82 5 33 1
346 61.48 25.64 21.98 404.76 12 28 3
347 98.53 53.31 48.08 145.99 23 36 2
348 96.69 47.61 22.21 459.78 19 44 3
349 34.66 28.56 19.93 364.14 0 47 1
350 34.38 17.89 49.45 436.76 7 42 3
351 11.79 61.97 11.58 377.58 17 43 1
352 34.78 96.52 1.74 320.47 11 37 5
353 7.02 73.77 13.89 236.34 23 41 4
354 24.17 28.96 22.11 439.53 13 34 3
355 41.04 81.39 14.77 460.40 18 19 5
356 24.20 25.90 1.90 86.39 14 20 1
357 14.72 80.10 3.60 67.66 6 24 2
358 10.72 55.66 2.58 410.43 22 26 4
359 98.90 56.45 20.71 463.62 12 48 2
360 62.75 2.46 9.37 440.42 4 39 3
361 81.71 25.49 0.74 311.87 24 40 4
362 89.75 20.02 26.75 349.20 15 19 5
363 60.75 98.92 6.88 148.72 2 26 5
364 97.20 43.42 33.81 417.06 8 22 4
365 97.70 62.65 5.59 89.84 23 44 5
366 20.35 16.00 37.56 276.55 10 23 2
367 82.06 78.22 1.87 128.01 20 27 2
368 68.12 17.26 14.05 463.08 6 41 2
369 40.50 89.02 28.83 99.00 1 1 5
370 4.36 42.76 1.29 97.67 3 12 5
371 39.52 7.41 35.58 345.03 16 28 4
372 39.21 48.12 44.17 429.24 0 39 3
373 96.08 98.21 39.30 331.92 6 24 5
374 43.59 11.05 6.51 173.74 21 43 2
375 15.15 47.70 46.17 113.33 12 47 5
376 12.54 80.30 28.92 350.87 8 44 4
377 32.72 42.82 1.37 67.40 12 37 5
378 9.14 10.29 35.95 433.47 12 42 3
379 46.41 35.23 11.33 138.13 21 47 5
380 0.62 21.24 6.93 172.26 4 15 2
381 31.09 49.22 43.35 434.91 11 37 3
382 57.30 69.81 8.51 236.00 4 13 1
383 32.44 32.32 41.42 83.24 15 34 2
384 2.97 22.35 39.16 194.77 11 26 3
385 22.01 92.16 44.40 442.90 3 28 4
386 31.13 68.17 37.90 68.00 19 31 4
387 52.50 88.72 48.22 264.28 17 17 4
388 86.83 2.98 30.77 134.47 11 46 3
389 16.01 47.51 29.37 454.65 15 19 2
390 95.96 65.69 46.65 435.80 18 18 1
391 51.95 43.78 37.00 175.48 8 36 4
392 69.77 61.00 8.92 196.92 20 24 3
393 27.37 14.56 45.76 397.87 21 22 5
394 29.73 61.29 31.96 68.21 19 20 3
395 79.91 4.47 31.85 63.68 13 42 3
396 91.13 1.84 46.43 167.07 7 29 5
397 7.45 28.94 25.65 269.88 17 32 2
398 10.56 77.03 29.53 361.92 17 46 3
399 71.44 63.71 22.97 246.00 4 46 1
400 21.67 80.44 6.32 418.25 1 43 3
1 182.97 2987.25 1
2 100.45 4671.63 2
3 186.44 2732.04 3
4 127.81 3343.80 4
5 192.15 2825.73 5
6 151.71 3082.32 1
7 103.12 4126.74 2
8 153.47 2876.69 5
1 1.62 44.72 5
2 1.88 33.78 8
3 1.33 27.69 7
4 1.40 28.66 3
5 1.14 33.41 2
6 1.36 40.90 6
7 1.27 36.50 1
8 1.15 37.67 8
9 1.63 41.46 1
10 1.89 41.61 7
11 1.52 36.55 3
12 1.25 31.24 2
13 1.48 40.88 7
