Data for Vehicle routing problem with drones - Author: Huyen Do Thi Ngoc
Number of depots: 2
Number of cities: 400
Number of trucks: 6
Number of drones: 12
Area: 100 100 50
Customer maximum demand: 500
Max capacity of truck: 200
Max energy of truck: 5000
Max capacity of drone: 2
Max energy of drone: 50
1 47.32 71.29 3.17
2 26.33 47.47 3.38
1 83.19 27.80 39.27 87.09 2 5 1
2 0.32 18.13 35.18 396.58 13 34 2
3 71.56 27.23 16.91 442.91 24 24 1
4 52.73 27.26 5.10 306.86 24 43 1
5 52.20 96.58 26.29 105.30 20 20 2
6 13.85 81.44 14.07 342.51 13 13 1
7 53.65 31.49 26.92 418.87 6 11 1
8 92.01 57.67 33.12 401.53 1 47 2
9 95.57 73.44 48.67 413.74 14 41 1
10 51.11 72.16 30.03 326.82 11 29 2
11 46.20 35.42 23.53 474.41 9 20 2
12 46.06 83.11 40.92 183.98 12 37 2
13 38.08 30.37 11.85 492.11 18 21 1
14 97.88 64.57 5.89 252.95 2 9 1
15 91.85 88.52 32.32 60.74 4 13 1
16 9.73 82.01 31.36 427.20 15 20 1
17 20.15 56.76 38.68 386.27 19 19 1
18 86.79 99.31 27.43 66.74 8 28 1
19 75.06 59.18 25.89 468.33 18 38 2
20 95.95 2.20 22.67 210.28 9 43 2
21 65.60 35.96 36.23 306.49 6 17 1
22 15.80 99.11 29.08 178.20 21 47 2
23 42.15 68.01 39.07 442.16 4 21 1
24 27.17 40.56 49.81 255.74 7 18 2
25 57.35 68.14 20.12 272.62 13 23 2
26 43.82 95.27 1.91 382.69 24 26 1
27 16.49 46.30 34.66 474.65 4 39 2
28 84.78 86.49 15.31 190.28 19 35 1
29 12.45 59.19 31.74 426.32 18 27 1
30 6.78 8.03 12.26 310.52 23 39 1
31 29.71 32.32 34.54 409.91 13 33 1
32 42.33 64.58 4.93 150.94 3 20 1
33 86.96 97.43 5.23 62.50 12 16 2
34 7.42 7.29 12.87 76.08 7 13 1
35 37.53 80.48 11.73 260.28 9 34 2
36 37.89 29.01 21.00 176.03 18 46 1
37 18.45 28.96 9.02 415.09 2 8 2
38 6.78 13.08 42.73 247.97 0 6 2
39 15.83 34.05 48.60 325.95 5 24 2
40 36.10 74.69 34.04 136.60 0 11 1
41 37.16 57.76 45.95 323.41 17 17 1
42 96.44 40.83 15.75 108.74 9 45 2
43 58.80 85.01 4.33 53.15 21 31 2
44 54.48 94.38 31.94 227.12 18 26 1
45 83.43 21.65 26.19 285.73 10 31 2
46 98.79 24.27 9.40 204.08 12 36 2
47 45.43 51.63 8.58 189.70 6 30 1
48 26.76 24.98 12.12 66.49 9 47 1
49 24.34 76.25 37.85 94.91 8 26 1
50 68.53 76.80 42.85 481.00 8 29 1
51 35.93 96.01 0.35 431.08 4 45 2
52 77.90 56.01 2.02 109.01 3 28 1
53 63.31 97.74 30.09 87.48 11 47 1
54 74.35 63.70 10.36 206.35 19 29 2
55 6.83 53.08 0.64 150.88 15 28 2
56 3.16 47.59 8.46 197.74 7 42 2
57 15.75 56.36 24.66 497.52 4 35 1
58 16.63 96.58 5.43 444.70 1 30 2
59 76.41 84.06 35.02 497.18 11 28 1
60 90.06 14.20 20.97 430.03 1 7 2
61 54.35 44.23 30.67 494.18 0 14 1
62 37.87 11.78 2.08 273.16 22 26 2
63 28.87 72.95 49.06 396.31 2 37 2
64 29.25 21.84 11.73 155.45 23 40 2
65 57.27 82.79 49.66 139.25 2 41 2
66 54.72 68.98 17.68 292.64 24 32 2
67 38.84 39.12 0.55 286.26 6 32 1
68 15.22 63.38 29.95 197.46 1 3 2
69 13.57 75.62 41.90 201.83 13 20 2
70 70.91 61.88 6.77 65.96 12 33 1
71 16.36 18.79 5.72 134.54 2 47 2
72 83.57 13.90 29.79 87.00 22 47 1
73 69.74 96.72 28.66 265.96 12 28 1
74 7.79 49.36 5.37 65.84 7 17 2
75 21.87 77.33 34.06 381.64 21 35 1
76 74.75 92.69 13.87 413.46 3 4 2
77 88.03 17.50 29.27 77.63 15 39 1
78 37.43 33.76 30.07 372.06 1 36 2
79 56.07 75.37 30.68 105.22 20 21 1
80 52.87 68.57 2.29 467.25 20 33 1
81 72.65 25.31 25.96 190.76 19 23 2
82 7.92 44.42 37.92 209.08 0 2 2
83 54.74 90.64 46.10 270.56 6 13 1
84 80.73 15.95 35.58 134.31 6 41 1
85 11.42 83.07 14.49 327.46 14 15 2
86 71.86 50.45 37.98 200.25 10 47 1
87 91.18 92.49 28.90 420.56 0 29 2
88 30.43 77.02 13.64 195.69 4 30 2
89 5.23 31.90 9.22 252.70 7 36 2
90 87.58 12.47 33.40 283.25 7 26 2
91 34.82 38.71 22.40 462.96 4 22 2
92 51.10 95.99 17.81 240.98 9 31 2
93 25.38 24.52 2.14 462.69 1 47 1
94 23.39 56.83 15.17 119.38 22 27 2
95 38.63 73.02 14.93 244.69 23 27 2
96 43.72 13.71 37.91 487.51 9 27 1
97 80.28 79.77 15.63 54.58 16 23 2
98 18.90 97.23 21.33 495.07 2 2 2
99 97.42 27.56 29.08 109.94 18 40 1
100 60.57 92.11 38.63 310.54 24 40 1
101 66.25 72.50 43.11 187.14 13 43 1
102 0.20 54.87 47.37 225.19 4 35 1
103 78.66 71.01 38.33 106.35 22 37 1
104 94.04 41.83 22.36 162.91 14 31 1
105 22.74 81.34 13.27 345.10 4 8 1
106 16.88 12.21 33.83 175.74 22 24 1
107 81.42 4.48 25.41 199.59 12 36 1
108 7.09 62.72 47.03 57.15 22 32 2
109 1.35 56.28 4.40 160.75 9 31 1
110 1.63 20.00 46.11 67.12 13 44 1
111 85.13 51.68 14.18 246.08 15 28 2
112 53.70 8.25 3.98 483.25 13 14 1
113 34.14 76.00 33.05 141.37 11 17 1
114 26.72 92.45 25.75 273.39 18 41 2
115 1.33 8.32 36.48 279.99 10 43 2
116 30.05 63.73 31.36 238.38 21 34 2
117 74.36 98.21 33.12 110.33 17 38 2
118 63.17 12.29 28.00 362.07 0 31 1
119 15.55 61.13 15.77 471.82 7 9 1
120 7.44 13.52 32.54 396.00 20 47 1
121 38.02 66.90 14.40 369.84 10 27 2
122 29.41 55.13 0.15 122.14 8 41 1
123 2.08 38.14 46.95 104.23 11 38 2
124 55.71 38.73 43.71 108.24 22 27 1
125 35.54 28.39 42.56 108.49 17 44 2
126 81.64 50.99 8.15 318.64 1 18 1
127 34.74 24.79 45.98 371.54 2 35 1
128 28.22 33.84 13.26 236.48 13 30 1
129 36.80 71.94 13.79 282.81 18 25 1
130 50.73 69.28 21.94 496.05 15 31 1
131 73.58 46.27 1.52 363.76 9 44 1
132 37.60 79.44 27.44 371.05 17 17 1
133 32.07 33.01 24.52 273.05 21 48 1
134 28.52 2.37 12.03 449.26 19 46 2
135 42.84 90.16 25.00 467.59 8 40 2
136 12.22 31.54 21.49 262.53 17 48 1
137 75.39 5.02 49.85 401.61 14 14 2
138 67.12 28.51 23.83 326.64 21 31 1
139 23.63 5.69 32.36 372.00 2 17 2
140 84.29 18.07 21.96 214.15 14 20 2
141 87.28 71.95 43.24 162.72 2 41 2
142 85.39 50.24 48.92 372.08 1 27 2
143 25.74 32.20 37.86 254.33 11 44 2
144 50.61 30.64 14.05 433.73 4 44 1
145 10.07 8.41 44.24 337.20 19 42 1
146 32.99 24.27 21.72 394.82 10 13 2
147 49.04 59.20 4.97 458.25 13 37 2
148 71.11 27.97 15.14 66.68 20 34 1
149 8.09 29.89 12.81 144.26 0 46 1
150 90.03 22.24 44.24 294.52 1 37 2
151 34.87 15.65 46.72 414.15 12 20 2
152 77.99 50.59 45.81 389.84 18 22 2
153 38.57 34.37 23.16 94.05 1 5 1
154 50.76 72.59 20.13 156.52 15 29 2
155 44.41 84.20 23.54 499.51 20 24 2
156 28.74 16.95 37.42 250.82 20 27 2
157 30.14 47.46 27.54 244.07 18 22 1
158 40.38 43.16 38.74 427.73 6 15 2
159 85.84 64.10 41.06 227.34 14 26 1
160 44.61 31.95 43.36 299.37 24 48 2
161 15.58 89.79 39.20 66.02 18 28 2
162 70.13 84.05 46.75 370.62 23 30 1
163 79.62 48.33 14.46 476.03 18 42 1
164 16.79 86.59 41.73 105.73 0 3 2
165 83.05 1.80 9.22 149.22 24 48 2
166 13.42 20.09 24.29 201.36 14 14 1
167 68.06 86.77 22.40 78.40 6 22 1
168 18.63 77.90 16.51 388.78 1 8 2
169 11.02 76.27 6.34 126.63 8 45 2
170 88.75 92.18 25.62 158.21 9 44 2
171 11.71 53.38 9.98 399.31 7 21 2
172 52.84 69.23 25.29 483.93 8 32 1
173 86.88 84.20 15.58 446.79 7 44 1
174 16.33 63.55 13.01 181.16 24 37 2
175 67.07 12.84 24.25 491.90 5 46 1
176 15.03 79.11 2.29 253.52 7 40 2
177 94.15 82.42 35.46 186.96 10 26 1
178 69.33 11.59 11.80 55.21 21 47 1
179 64.02 17.14 26.81 324.05 15 35 1
180 30.85 36.30 8.08 59.58 20 31 2
181 76.46 94.38 17.92 137.15 20 28 2
182 11.09 90.20 48.72 110.12 21 35 2
183 7.45 30.81 49.02 494.59 3 32 2
184 62.30 27.37 5.55 226.57 2 24 1
185 21.38 4.04 14.58 468.98 9 37 1
186 50.41 39.05 49.65 314.64 12 28 1
187 54.91 62.99 5.27 100.36 8 30 1
188 54.44 39.93 38.15 60.82 0 35 2
189 67.07 30.12 27.39 476.07 4 16 2
190 77.20 87.35 29.39 241.31 7 20 2
191 52.48 89.68 45.74 286.41 17 26 1
192 92.71 38.53 0.67 288.02 10 33 2
193 3.32 93.14 33.07 88.95 24 43 2
194 19.19 64.30 20.98 421.57 11 28 2
195 42.32 27.98 25.23 292.28 11 31 2
196 63.37 31.26 7.73 478.78 5 13 1
197 36.77 57.99 33.16 224.41 11 42 1
198 46.76 59.10 26.22 396.53 23 29 2
199 67.02 62.00 15.03 347.67 9 25 1
200 84.36 4.89 40.79 120.17 17 32 2
201 13.68 47.78 21.81 168.99 10 37 2
202 88.88 11.72 44.14 302.85 23 23 1
203 87.52 87.63 0.20 148.79 21 24 2
204 62.19 36.18 0.05 94.21 1 3 1
205 92.23 87.13 47.44 385.26 1 30 1
206 55.80 83.03 19.57 244.93 19 21 2
207 32.74 80.68 27.39 437.99 11 43 2
208 77.89 8.28 35.62 448.20 22 44 1
209 3.24 65.83 35.19 407.42 5 35 1
210 97.27 35.95 49.53 200.31 17 28 2
211 72.62 85.77 25.04 298.43 21 22 1
212 89.02 66.68 44.90 278.64 13 26 1
213 94.70 12.03 44.94 428.42 7 8 1
214 33.33 58.89 22.74 147.74 8 32 2
215 28.83 38.52 39.51 220.90 13 39 2
216 86.49 4.10 43.19 287.17 18 37 2
217 40.67 92.67 22.84 286.82 23 41 2
218 64.80 30.89 3.30 329.16 22 41 1
219 39.93 62.91 3.73 451.04 16 27 1
220 32.74 22.81 41.79 493.90 7 18 1
221 59.93 83.88 39.89 162.81 15 28 2
222 91.27 42.59 0.81 470.27 4 46 1
223 89.26 8.39 9.46 208.80 9 48 1
224 83.32 29.23 25.18 210.39 7 30 1
225 96.10 12.82 44.78 415.17 0 6 1
226 65.13 62.27 22.66 367.84 10 31 2
227 56.88 5.83 33.79 459.65 15 29 2
228 93.24 7.90 3.85 475.12 20 33 1
229 12.78 18.74 28.17 409.35 20 34 2
230 89.39 31.18 24.18 422.44 10 38 1
231 52.24 4.83 19.25 483.08 20 20 2
232 8.67 38.67 39.48 406.79 5 45 2
233 7.95 33.33 2.91 224.78 2 23 2
234 98.84 31.57 26.86 296.30 11 29 2
235 99.85 35.39 15.80 263.56 5 43 1
236 6.85 25.17 3.83 355.42 18 19 2
237 12.85 13.60 39.68 260.98 10 17 2
238 31.24 40.67 38.01 76.30 8 27 1
239 7.33 35.86 11.71 155.37 24 47 2
240 33.90 28.76 20.74 100.06 18 41 2
241 38.81 89.54 24.97 375.87 15 36 1
242 18.03 5.02 3.26 244.06 7 12 2
243 28.08 28.42 40.01 437.65 19 24 2
244 60.69 66.16 17.82 176.98 2 35 1
245 79.27 61.35 7.14 170.80 18 20 2
246 2.06 19.31 10.68 167.00 5 13 2
247 20.73 60.10 18.87 98.19 10 25 2
248 35.86 28.90 33.90 198.00 1 28 1
249 36.69 49.44 7.01 491.46 6 18 1
250 98.81 31.75 48.57 411.97 8 18 1
251 11.33 42.01 43.23 180.55 5 45 1
252 52.48 50.79 13.56 193.41 20 41 1
253 45.62 64.57 46.98 170.68 13 37 2
254 95.89 93.07 10.72 176.95 15 36 2
255 97.75 86.32 31.83 78.62 0 43 1
256 1.74 36.37 19.16 128.18 18 33 1
257 99.78 38.42 7.15 115.34 4 38 1
258 90.01 31.34 33.03 358.02 18 20 2
259 63.46 40.37 15.55 357.00 14 48 1
260 85.40 96.22 48.84 405.74 1 11 1
261 64.17 7.15 5.44 290.11 13 36 2
262 58.39 7.90 42.85 287.14 24 28 2
263 96.05 98.64 46.34 374.86 3 40 1
264 52.03 3.80 46.74 72.22 2 14 2
265 98.13 70.20 11.78 223.31 7 32 1
266 53.76 1.12 29.13 314.05 13 32 1
267 48.10 39.75 32.32 129.65 20 43 2
268 85.01 42.95 14.67 109.65 1 6 1
269 44.20 75.57 31.90 486.70 23 40 1
270 75.92 27.96 10.63 131.89 21 37 1
271 19.97 29.63 35.57 372.17 21 21 1
272 11.19 45.82 31.77 222.81 2 21 1
273 10.23 57.20 46.33 411.00 2 22 1
274 41.45 65.36 17.23 125.57 19 45 1
275 7.07 19.32 0.95 471.04 18 37 2
276 13.60 8.97 26.75 204.50 8 21 2
277 5.09 23.62 37.33 282.89 11 48 2
278 46.77 75.11 37.25 177.31 6 39 1
279 52.67 96.04 41.02 261.79 1 28 2
280 5.60 35.66 9.24 389.21 12 26 1
281 20.66 29.02 5.07 194.22 9 35 1
282 57.80 14.73 45.69 427.37 5 15 1
283 97.52 51.22 28.77 349.98 21 46 1
284 85.02 45.00 16.68 159.52 12 45 1
285 30.58 19.52 8.38 369.22 17 18 2
286 34.54 66.86 28.81 261.42 19 26 2
287 46.76 65.86 4.85 434.94 14 22 2
288 76.15 55.89 4.37 460.43 10 39 2
289 58.60 52.75 34.88 360.79 24 42 2
290 15.65 74.14 35.85 356.33 21 39 2
291 86.98 47.28 23.67 459.22 10 34 1
292 27.70 15.23 41.90 104.90 13 13 2
293 9.23 6.41 10.01 148.24 20 26 1
294 25.23 80.22 30.44 496.87 21 24 1
295 53.44 59.41 1.91 142.24 16 44 1
296 57.63 23.98 4.00 356.95 0 8 2
297 95.85 39.91 7.41 259.56 24 30 1
298 56.69 60.42 30.75 168.51 10 44 1
299 53.41 95.36 11.59 73.79 1 42 2
300 61.94 43.47 0.44 310.99 12 12 2
301 74.89 61.87 3.40 74.99 1 39 2
302 9.26 88.88 41.87 307.37 4 36 2
303 25.18 93.78 0.10 371.24 5 36 2
304 87.83 89.79 34.51 468.74 17 40 2
305 67.06 84.33 27.54 339.42 24 28 2
306 52.73 48.25 33.97 120.23 9 22 2
307 46.43 72.42 16.48 103.72 24 32 1
308 15.18 58.16 10.21 189.52 8 46 1
309 5.45 59.61 1.67 381.46 15 16 2
310 72.06 96.19 46.27 409.33 13 21 1
311 5.83 67.44 33.15 86.54 16 39 1
312 45.81 80.84 9.02 410.27 10 16 1
313 14.04 37.40 22.34 339.81 1 40 2
314 49.72 43.55 5.25 319.50 1 36 1
315 98.61 25.78 47.30 421.55 22 40 2
316 44.05 58.79 23.05 298.24 9 36 1
317 31.42 62.78 44.64 229.86 1 31 1
318 96.34 9.53 26.76 253.33 22 48 1
319 83.12 83.03 13.71 282.02 7 24 2
320 54.80 74.63 33.99 172.64 1 32 2
321 41.33 51.55 26.65 265.25 2 24 1
322 7.97 64.96 1.73 299.36 20 32 1
323 30.98 51.28 31.54 149.09 1 17 2
324 25.99 23.09 18.55 82.63 8 12 1
325 77.78 8.86 28.56 244.03 24 28 2
326 84.21 40.26 29.39 63.93 7 38 1
327 27.16 82.38 42.64 472.32 17 47 1
328 73.73 64.86 17.39 187.04 0 3 2
329 94.60 9.39 1.69 321.89 13 22 2
330 84.32 41.92 39.76 282.30 3 17 1
331 78.56 42.90 12.65 418.25 1 10 2
332 56.15 43.20 28.29 136.65 10 43 1
333 65.72 56.36 26.37 255.84 18 39 1
334 2.50 49.24 20.64 449.78 5 41 1
335 96.11 48.29 4.55 262.37 17 41 2
336 70.60 89.51 40.80 242.52 15 34 2
337 90.16 19.33 17.35 348.11 13 27 2
338 12.53 63.56 16.13 159.75 3 6 2
339 52.76 36.04 21.49 396.77 17 20 2
340 89.87 31.41 27.73 428.89 22 48 1
341 51.92 91.92 30.03 197.26 16 42 2
342 13.08 2.63 28.02 64.91 7 29 2
343 1.55 19.96 12.73 130.32 8 37 2
344 18.26 87.58 20.52 113.13 2 27 1
345 62.99 39.31 44.87 496.53 12 46 1
346 6.30 37.60 8.36 443.71 3 21 2
347 96.42 88.47 47.07 286.41 18 36 1
348 3.96 5.47 9.28 465.70 12 28 1
349 52.74 28.95 4.85 439.77 13 37 1
350 91.72 64.51 37.11 245.75 10 33 1
351 55.82 92.86 7.39 399.06 11 22 1
352 37.21 26.51 26.57 439.22 17 46 2
353 66.92 7.97 35.35 155.60 12 45 2
354 92.49 86.53 23.76 180.87 5 33 2
355 16.52 35.79 11.43 60.20 2 43 2
356 74.96 86.17 21.31 488.92 8 20 1
357 82.00 18.69 28.52 190.79 24 39 1
358 27.66 67.89 24.75 233.05 14 17 1
359 75.77 89.79 20.39 364.06 6 13 1
360 56.32 27.63 48.22 402.37 11 32 2
361 76.86 87.90 48.79 479.51 14 17 2
362 46.06 81.22 45.31 127.29 10 10 1
363 68.38 25.73 49.50 327.24 2 12 1
364 52.05 35.76 20.33 424.52 23 30 1
365 81.56 63.34 41.25 482.96 21 40 1
366 37.00 58.97 38.90 212.92 18 31 2
367 39.60 5.93 37.08 92.92 16 46 1
368 73.83 2.66 20.12 409.69 4 11 2
369 34.02 29.91 32.36 142.48 6 28 1
370 35.51 63.61 22.69 461.76 16 18 1
371 23.61 54.08 1.68 419.25 7 19 2
372 33.12 18.82 40.28 299.31 22 30 2
373 19.20 15.28 40.37 473.93 18 42 1
374 50.89 96.59 23.45 319.17 15 45 2
375 59.71 35.06 21.76 93.51 4 4 1
376 25.54 47.14 13.71 197.49 2 6 2
377 47.90 12.08 37.10 257.92 7 46 2
378 40.63 76.10 30.20 54.30 15 17 2
379 88.61 46.46 12.44 417.02 16 44 2
380 26.06 26.48 30.59 250.62 3 23 2
381 12.52 77.61 26.04 54.50 0 31 1
382 60.09 8.68 16.69 243.14 3 10 1
383 20.65 17.01 3.74 303.92 24 43 2
384 0.37 85.09 45.46 177.28 10 44 2
385 92.71 55.65 26.14 370.22 10 25 1
386 37.64 96.10 30.43 101.76 4 44 2
387 94.29 70.98 28.77 185.19 10 45 2
388 46.69 15.69 20.33 264.44 20 36 2
389 61.48 37.79 34.13 293.52 11 32 2
390 50.40 48.12 7.83 381.23 20 47 2
391 35.04 16.85 30.92 366.89 9 48 1
392 35.20 97.98 0.70 79.51 14 46 1
393 57.26 90.21 10.92 480.05 23 35 1
394 21.91 26.88 22.45 366.85 22 30 2
395 82.97 7.64 31.64 71.39 0 7 2
396 0.74 29.91 13.36 479.22 21 40 1
397 94.69 36.61 30.88 158.51 1 37 1
398 8.61 12.93 6.15 142.73 21 21 2
399 13.44 80.53 26.21 303.16 3 44 1
400 63.76 54.14 16.05 218.28 2 2 1
1 192.43 4892.67 1
2 168.22 3129.22 2
3 122.82 2587.03 1
4 106.58 2838.62 1
5 158.75 2608.49 2
6 130.23 3599.29 2
1 1.89 48.07 4
2 1.49 25.47 2
3 1.73 33.07 5
4 1.40 35.12 4
5 1.39 31.47 4
6 1.04 25.19 3
7 1.39 35.46 5
8 1.67 41.16 2
9 1.85 48.02 3
10 1.24 46.85 6
11 1.83 33.30 5
12 1.62 28.41 1
