Data for Vehicle routing problem with drones - Author: Huyen Do Thi Ngoc
Number of depots: 2
Number of cities: 400
Number of trucks: 2
Number of drones: 5
Area: 100 100 50
Customer maximum demand: 500
Max capacity of truck: 200
Max energy of truck: 5000
Max capacity of drone: 2
Max energy of drone: 50
1 4.22 70.49 20.01
2 53.50 3.59 3.37
1 4.86 93.53 15.06 257.85 6 32 2
2 26.41 96.40 32.61 222.78 20 43 1
3 6.64 2.95 40.36 123.48 2 24 2
4 77.29 54.85 24.36 277.14 17 42 1
5 13.10 92.85 14.82 149.29 9 27 2
6 17.60 79.46 34.18 207.58 12 13 1
7 0.69 72.75 11.51 293.12 11 13 1
8 75.67 94.79 33.32 339.99 3 36 2
9 7.92 77.72 3.77 127.14 3 45 2
10 94.33 67.12 12.38 380.48 24 33 1
11 67.86 10.87 25.28 436.83 12 12 2
12 62.55 56.30 41.69 458.41 1 21 2
13 39.79 70.64 20.17 397.19 13 39 1
14 61.74 35.80 40.54 396.77 0 46 2
15 29.36 19.32 8.90 360.62 9 37 2
16 70.38 98.36 10.06 217.26 11 29 1
17 51.36 31.27 30.88 229.28 23 29 1
18 18.17 79.30 2.72 349.64 0 33 2
19 4.27 67.79 17.53 299.63 21 36 2
20 41.51 27.82 14.06 203.02 8 25 1
21 78.48 81.61 7.94 142.24 3 27 2
22 32.32 43.58 46.35 85.40 12 38 2
23 98.46 1.82 30.08 174.47 8 43 1
24 38.54 50.79 34.71 409.62 8 43 2
25 29.71 43.29 0.59 126.69 12 35 1
26 94.16 16.51 3.22 259.71 20 31 1
27 5.02 73.43 24.41 163.71 14 34 1
28 47.89 23.93 27.07 204.38 1 33 1
29 81.33 87.29 35.82 204.99 6 23 2
30 58.91 98.55 40.59 202.88 9 44 1
31 9.76 73.66 47.33 414.30 23 36 1
32 98.73 65.86 38.64 455.69 16 46 2
33 82.61 34.86 3.37 467.26 20 38 2
34 56.74 95.98 17.15 193.07 6 17 2
35 45.81 30.78 2.82 153.15 24 28 1
36 15.39 89.41 22.40 151.78 3 27 1
37 17.74 4.23 29.12 417.21 17 18 1
38 38.02 33.94 13.25 374.55 0 4 2
39 22.74 34.75 24.02 495.75 20 25 2
40 23.13 36.95 18.27 414.77 11 11 1
41 61.20 61.96 47.08 397.35 24 47 1
42 9.99 99.63 40.91 119.55 14 21 2
43 19.80 47.70 39.79 340.12 11 36 1
44 93.13 17.40 2.57 432.41 8 47 1
45 58.97 97.75 10.09 208.96 2 7 1
46 74.36 49.25 0.31 88.13 15 25 2
47 90.65 6.67 23.82 356.33 24 48 2
48 75.08 12.55 3.74 455.73 6 12 2
49 79.41 45.63 10.90 324.54 24 24 2
50 39.44 82.66 1.28 220.12 0 30 2
51 8.61 33.77 9.28 220.79 19 40 1
52 45.56 99.73 12.15 290.32 18 35 1
53 80.60 8.78 22.32 323.45 11 38 1
54 82.82 41.42 10.81 124.23 21 24 1
55 66.76 22.99 3.83 393.81 18 43 2
56 88.93 45.37 42.57 184.95 19 38 2
57 99.64 97.64 15.54 122.69 10 11 1
58 38.80 86.36 46.67 133.52 3 35 2
59 98.31 18.53 23.38 302.55 8 14 1
60 27.57 70.15 32.26 110.61 8 48 1
61 44.11 62.88 31.78 455.17 3 20 2
62 21.59 33.17 7.95 454.27 14 41 1
63 2.33 2.72 22.23 55.88 9 25 1
64 23.56 18.69 42.13 279.73 1 29 1
65 50.97 64.01 11.94 89.18 2 28 2
66 36.61 86.55 2.49 198.62 16 19 2
67 25.42 83.05 2.80 104.67 3 18 2
68 48.62 39.52 44.46 151.92 21 38 1
69 42.29 14.60 28.74 365.08 19 19 2
70 17.08 88.08 3.40 180.29 17 24 2
71 29.27 93.89 45.21 478.50 5 23 1
72 13.78 93.69 26.44 477.42 18 23 2
73 25.00 59.07 4.94 55.52 24 46 2
74 70.99 54.38 49.90 420.34 18 45 2
75 3.82 43.02 6.25 225.77 20 35 2
76 0.57 55.70 3.23 61.27 8 48 1
77 25.95 80.16 29.76 168.14 20 45 1
78 32.73 46.03 28.67 197.81 21 47 2
79 20.43 73.37 7.45 427.39 4 26 2
80 22.81 59.19 8.34 174.69 11 38 2
81 77.44 50.54 41.47 104.95 0 4 1
82 92.80 86.29 12.14 371.81 1 10 2
83 77.54 40.92 46.65 282.69 9 47 2
84 59.95 50.53 24.66 147.12 22 47 2
85 9.26 0.14 24.81 199.64 8 13 2
86 31.88 59.88 46.63 132.27 14 28 2
87 51.10 39.97 4.86 125.32 9 20 2
88 45.23 82.70 44.66 245.38 11 31 2
89 86.39 80.26 6.21 160.96 12 31 2
90 45.56 88.04 18.03 404.54 4 16 1
91 55.29 5.46 8.39 242.00 2 14 2
92 67.50 31.49 39.25 408.07 1 20 1
93 83.22 30.38 15.09 337.13 10 37 2
94 16.29 72.73 36.34 74.47 1 38 1
95 32.94 56.66 22.36 70.49 3 34 2
96 81.34 71.21 20.92 88.09 1 42 1
97 42.42 5.91 25.03 135.18 10 40 2
98 22.94 27.60 1.30 82.67 2 5 1
99 18.69 23.91 22.85 51.33 14 25 2
100 50.58 16.53 21.53 487.65 0 21 2
101 52.37 95.86 25.60 270.63 21 25 1
102 74.30 9.54 39.15 330.18 24 28 1
103 28.07 33.86 38.06 316.16 16 47 2
104 91.46 9.35 28.99 103.82 4 39 2
105 21.33 80.70 26.59 355.72 8 11 2
106 33.86 80.85 32.88 455.50 13 27 1
107 14.15 43.76 43.95 256.51 2 37 1
108 38.58 88.30 43.54 165.37 17 46 2
109 13.92 99.48 7.92 328.90 5 19 1
110 84.92 38.62 43.12 158.34 1 22 2
111 56.63 41.73 49.69 167.58 6 15 2
112 75.94 44.61 35.53 261.40 17 47 2
113 56.75 24.32 4.32 425.05 4 28 1
114 96.40 87.67 4.13 93.37 7 21 1
115 16.21 58.62 2.03 218.51 18 27 2
116 38.26 58.32 3.13 414.36 14 43 1
117 45.19 37.14 23.34 424.24 10 31 2
118 72.48 97.09 13.65 393.87 5 28 2
119 99.37 29.73 5.35 259.33 5 22 2
120 88.11 98.86 22.72 176.02 22 33 2
121 63.82 81.62 33.83 477.27 5 42 1
122 93.05 54.77 23.71 434.12 18 28 1
123 58.81 63.25 44.53 413.93 20 41 1
124 28.04 23.25 36.03 125.10 9 27 1
125 11.12 24.31 39.19 340.55 16 29 2
126 60.94 47.13 28.22 186.83 2 26 2
127 57.62 26.77 44.34 408.65 15 47 2
128 43.51 79.26 28.01 86.85 20 20 2
129 64.70 77.79 6.28 420.49 5 5 1
130 99.85 22.29 11.34 50.59 18 37 2
131 57.28 29.96 45.69 287.52 18 38 1
132 3.65 20.78 3.21 88.67 19 19 1
133 94.51 92.78 4.20 283.34 17 41 2
134 40.47 7.22 31.00 191.99 15 48 2
135 57.09 47.02 4.63 210.21 0 21 1
136 93.82 91.56 19.47 176.71 10 38 2
137 91.69 97.70 30.29 294.91 17 37 1
138 21.03 21.79 36.53 264.32 21 39 2
139 1.11 68.54 43.54 491.45 12 33 2
140 64.94 10.32 2.05 235.17 7 16 2
141 54.28 77.64 26.19 221.48 7 28 2
142 14.73 50.80 45.39 474.36 22 29 1
143 24.76 0.10 41.16 319.93 11 46 2
144 64.99 56.75 14.60 390.53 19 33 1
145 3.95 63.39 9.50 334.85 19 33 2
146 82.30 29.45 21.00 323.79 1 46 1
147 52.99 28.30 27.12 203.69 4 22 1
148 99.01 55.76 24.49 347.83 12 26 1
149 56.71 98.31 38.69 81.80 6 36 2
150 48.42 61.05 22.53 323.25 8 16 2
151 79.34 79.37 37.91 308.71 13 38 2
152 65.26 69.91 45.83 438.29 0 30 1
153 98.74 50.67 13.53 329.49 15 30 2
154 64.41 87.38 23.15 444.11 5 48 2
155 13.04 54.62 27.07 345.73 2 2 1
156 89.10 78.31 34.26 466.50 24 48 1
157 1.26 74.47 12.17 271.03 12 28 2
158 91.90 51.82 16.63 120.15 15 17 2
159 66.06 55.45 23.67 151.00 23 23 1
160 99.60 44.67 45.31 215.53 1 41 2
161 21.03 12.19 31.16 422.69 0 8 1
162 32.87 53.31 16.83 312.37 11 32 2
163 31.25 30.75 20.61 75.50 22 35 2
164 44.08 52.41 45.32 94.48 8 38 1
165 36.58 45.30 7.09 267.79 10 19 2
166 45.25 27.87 35.30 224.02 15 47 2
167 37.72 79.94 2.73 459.04 20 26 1
168 96.03 71.18 42.80 344.74 13 19 1
169 3.60 1.25 41.79 212.03 20 32 2
170 35.77 32.05 34.05 472.21 14 41 1
171 87.69 48.08 23.16 377.73 4 25 2
172 16.28 14.97 42.37 228.01 18 26 1
173 88.65 42.01 22.56 343.28 23 29 1
174 19.62 1.00 11.87 218.53 15 24 1
175 87.59 44.31 40.06 336.57 7 11 1
176 80.87 93.85 26.41 415.34 18 25 2
177 85.11 95.83 13.01 237.19 18 30 2
178 51.57 71.56 17.17 62.58 22 38 2
179 18.91 25.32 49.59 261.83 2 23 2
180 86.67 29.03 3.92 288.72 3 47 1
181 22.13 54.90 22.83 480.22 18 36 2
182 15.60 29.35 30.23 417.72 1 36 1
183 40.71 53.63 23.53 272.78 3 16 2
184 12.61 84.09 3.62 179.03 3 44 1
185 60.83 99.49 47.67 397.03 7 46 1
186 4.57 81.69 27.14 441.15 14 48 1
187 12.58 73.88 16.94 54.88 2 16 2
188 40.25 62.76 15.21 454.11 24 47 2
189 60.78 18.34 5.38 444.89 7 45 1
190 99.62 94.39 38.61 197.47 2 44 1
191 24.71 74.88 24.10 217.89 15 28 2
192 87.72 36.26 40.54 352.94 22 27 1
193 36.76 48.48 6.52 327.26 16 44 2
194 52.74 69.98 44.49 290.46 1 39 1
195 67.89 72.99 11.95 307.65 8 8 1
196 2.94 46.58 42.84 460.88 15 18 2
197 30.77 29.51 48.84 299.13 23 42 2
198 23.83 58.06 33.18 404.19 20 47 1
199 56.16 63.00 33.68 63.92 5 11 1
200 71.13 49.03 37.52 55.00 13 17 1
201 76.43 97.12 14.33 429.50 21 36 2
202 25.95 4.21 3.35 81.77 10 46 2
203 46.37 84.19 43.89 428.32 20 40 1
204 62.56 67.29 9.90 330.59 14 48 2
205 21.04 27.03 41.05 361.67 7 29 1
206 77.31 30.99 27.22 161.76 19 19 1
207 40.00 16.57 45.77 346.39 7 19 2
208 18.73 2.11 17.81 293.35 7 18 1
209 96.46 28.32 34.75 186.38 7 24 1
210 56.54 96.81 49.08 73.99 0 40 2
211 5.52 43.38 8.11 354.75 4 47 2
212 80.31 87.91 20.76 396.92 1 10 2
213 81.22 82.98 47.73 194.14 3 31 2
214 49.93 32.66 19.76 482.54 23 33 2
215 19.46 15.36 3.19 224.11 15 24 1
216 26.08 1.19 5.20 366.38 19 20 1
217 92.65 38.88 3.55 445.51 11 32 1
218 54.47 23.53 19.92 391.72 6 42 1
219 95.78 69.21 8.80 369.58 24 31 1
220 32.79 51.02 12.54 172.46 4 14 2
221 38.22 23.70 29.86 84.47 3 19 2
222 46.51 44.48 11.86 93.74 17 36 1
223 0.88 43.47 17.55 93.79 1 29 1
224 33.42 26.01 45.18 337.48 3 10 1
225 73.97 42.72 25.32 235.61 9 16 2
226 3.84 26.20 43.14 382.88 5 15 2
227 69.30 19.04 22.06 158.85 1 18 1
228 42.92 70.81 40.05 117.47 11 27 2
229 78.14 72.82 12.96 187.12 21 34 1
230 18.22 35.22 7.41 386.35 20 27 1
231 77.68 17.78 38.65 374.25 18 44 1
232 25.57 35.37 14.07 106.73 24 47 1
233 27.31 58.22 4.63 455.45 0 32 1
234 45.40 78.78 37.50 320.87 20 26 1
235 87.04 91.66 49.01 116.83 7 10 2
236 19.88 35.38 7.34 476.90 5 41 2
237 87.45 10.19 26.82 398.83 13 29 2
238 66.76 17.06 22.17 304.27 4 7 1
239 85.68 89.49 23.28 477.51 7 38 2
240 34.47 91.75 10.09 271.14 6 28 1
241 61.17 36.80 22.55 408.43 6 28 1
242 27.65 20.75 1.62 160.42 11 44 2
243 39.27 64.14 43.83 167.63 14 22 1
244 64.82 43.01 2.18 458.70 14 34 2
245 39.07 33.43 31.62 444.49 5 29 2
246 7.72 43.27 35.82 430.28 20 44 1
247 33.64 24.03 36.49 283.04 10 15 1
248 92.20 42.47 30.68 283.40 22 45 1
249 55.82 77.25 18.54 435.48 8 18 2
250 22.66 58.93 32.56 318.85 22 41 2
251 88.84 94.74 0.73 263.71 22 25 2
252 87.39 27.17 36.17 152.75 21 34 1
253 49.52 22.60 35.51 352.73 9 44 2
254 7.79 92.17 2.06 350.43 3 25 1
255 52.52 55.10 46.54 158.40 10 37 1
256 11.80 16.31 34.09 402.71 8 24 1
257 27.82 3.74 10.86 299.79 19 44 1
258 66.06 45.25 18.86 432.13 23 43 2
259 3.48 0.75 38.19 60.03 1 22 2
260 30.27 21.50 12.27 232.45 3 28 2
261 54.70 94.96 6.80 74.56 22 40 1
262 85.66 50.69 20.22 58.13 16 47 1
263 7.82 66.62 46.69 278.71 21 22 1
264 96.62 65.76 42.22 70.80 12 43 1
265 3.27 30.57 46.39 179.66 20 32 2
266 96.45 72.95 40.06 429.41 1 32 2
267 36.50 78.67 29.75 464.65 10 42 2
268 39.28 8.79 29.26 364.13 18 45 1
269 75.55 81.18 20.56 244.98 23 36 1
270 33.78 57.12 29.34 325.48 2 23 2
271 79.62 81.87 41.91 460.58 18 45 2
272 4.02 91.89 17.12 193.94 15 17 2
273 37.10 71.63 2.84 209.60 24 39 1
274 31.30 79.86 15.39 228.80 21 31 2
275 93.77 38.71 31.77 78.37 12 37 2
276 75.79 49.81 30.31 60.52 11 11 2
277 0.33 44.47 7.00 217.37 24 47 1
278 50.74 81.61 6.64 493.59 16 44 1
279 19.57 4.69 25.54 470.89 4 40 1
280 10.13 91.51 20.00 376.88 14 45 1
281 27.87 44.09 16.97 299.38 2 23 2
282 37.99 29.40 39.99 355.40 5 39 1
283 99.37 3.69 37.61 347.22 16 24 1
284 41.39 46.75 4.79 299.73 19 34 1
285 31.59 98.31 15.96 273.40 0 16 1
286 67.18 51.55 44.47 499.23 0 23 2
287 31.30 25.82 27.55 127.93 11 47 1
288 52.13 44.78 9.91 183.34 15 18 1
289 60.21 32.90 11.38 208.23 12 25 2
290 19.25 4.31 6.49 486.97 10 22 1
291 42.40 36.95 17.63 333.09 6 30 1
292 41.46 41.21 18.47 225.29 2 38 1
293 22.25 74.81 31.86 398.37 7 29 2
294 90.14 3.95 5.78 221.42 24 26 2
295 73.33 24.73 37.26 85.68 23 40 1
296 98.75 53.27 28.71 190.37 23 30 1
297 11.81 40.60 23.09 132.76 22 37 1
298 22.81 27.85 33.62 395.57 0 47 2
299 53.88 21.34 47.02 474.60 11 36 2
300 18.07 46.98 10.01 125.70 10 13 1
301 23.58 47.07 39.36 145.50 10 26 1
302 3.60 32.86 45.69 64.66 17 44 1
303 92.26 48.36 15.81 438.23 20 30 2
304 53.01 62.16 24.34 430.36 10 39 1
305 63.37 35.34 23.01 441.21 8 47 1
306 73.29 22.64 49.18 393.06 20 29 2
307 59.78 2.98 25.24 326.99 7 15 2
308 92.70 24.13 38.21 303.18 5 26 2
309 33.64 93.53 22.65 62.23 19 31 2
310 31.63 86.40 29.46 130.89 1 25 1
311 70.37 81.18 49.58 87.69 8 40 2
312 65.11 90.27 22.07 451.46 3 36 1
313 88.99 11.88 28.15 408.76 8 48 1
314 84.10 56.09 33.85 80.02 2 7 2
315 4.75 67.66 46.64 196.92 24 40 1
316 4.82 13.85 26.26 395.59 16 19 2
317 63.74 94.72 29.09 260.15 22 32 1
318 53.82 50.50 35.36 218.82 5 47 2
319 68.02 19.02 48.59 477.00 14 37 2
320 27.31 4.39 17.18 376.75 19 31 2
321 92.21 45.46 23.56 120.63 20 47 1
322 14.98 52.43 24.49 103.00 10 25 1
323 44.62 24.68 26.38 85.51 7 28 2
324 11.49 94.42 21.14 86.15 11 32 1
325 80.36 7.27 26.27 303.23 20 46 2
326 13.38 66.32 40.08 440.45 21 41 1
327 27.14 67.30 38.37 441.65 7 24 1
328 93.45 96.37 19.43 467.98 22 36 1
329 51.94 71.85 36.50 313.77 23 30 1
330 23.16 39.20 40.34 475.68 9 16 2
331 84.49 35.53 16.14 297.69 14 14 1
332 37.51 43.40 23.63 449.63 17 26 1
333 58.93 57.06 45.30 214.74 24 41 2
334 81.54 15.52 5.47 342.41 7 7 2
335 50.17 63.23 20.01 215.54 21 28 2
336 56.20 66.12 36.51 268.90 12 46 2
337 30.61 89.99 10.05 252.88 19 29 1
338 73.40 47.00 46.83 425.11 18 28 1
339 84.71 10.22 14.17 182.80 5 30 2
340 84.72 61.83 10.07 493.68 0 35 1
341 14.88 73.78 32.68 199.69 19 28 1
342 33.87 90.57 11.93 436.54 22 29 1
343 20.14 86.58 34.15 219.57 12 47 1
344 94.06 24.14 13.71 93.38 24 40 2
345 39.36 10.48 18.80 213.02 19 25 2
346 85.08 35.07 48.30 450.24 23 24 2
347 39.72 57.76 47.67 432.72 15 36 1
348 28.67 64.55 12.97 288.24 1 44 1
349 55.86 25.25 18.72 72.82 21 29 2
350 83.78 92.99 20.88 221.72 0 14 1
351 53.38 46.30 3.03 411.11 17 27 2
352 55.55 43.23 4.26 299.67 7 37 1
353 0.09 50.10 19.83 139.38 24 25 1
354 82.73 40.93 5.62 140.57 1 27 1
355 48.40 5.82 18.64 217.73 2 21 2
356 44.15 3.44 28.16 389.44 5 22 2
357 28.75 86.28 41.74 295.38 17 31 2
358 13.41 10.27 46.74 493.28 8 17 2
359 30.13 77.44 28.63 264.32 17 33 2
360 87.93 64.39 48.26 426.24 3 34 1
361 74.36 91.22 35.41 336.59 19 35 1
362 4.80 60.30 19.31 114.77 20 25 1
363 17.01 70.09 32.16 274.94 11 13 2
364 84.01 72.13 43.33 451.36 1 39 2
365 73.67 70.79 46.81 276.71 21 27 2
366 4.71 34.18 9.04 146.64 3 24 1
367 40.82 48.94 11.79 289.18 1 46 1
368 43.51 41.23 48.23 132.36 19 29 1
369 14.54 38.00 33.39 112.88 13 38 1
370 64.15 85.81 12.20 193.54 10 13 2
371 74.98 63.65 14.18 472.28 8 44 2
372 22.82 35.87 29.50 62.96 3 6 1
373 34.08 28.01 10.98 455.98 5 20 1
374 8.77 17.80 33.62 84.15 11 37 2
375 5.09 83.06 10.24 477.94 2 11 1
376 95.90 48.24 42.06 330.09 19 24 1
377 96.28 72.04 41.14 287.03 18 27 1
378 48.76 6.72 24.18 425.33 6 33 1
379 95.86 10.61 40.45 283.92 13 14 2
380 89.87 60.53 11.94 97.01 13 38 1
381 95.47 33.53 10.54 486.99 4 31 1
382 92.42 43.73 49.42 77.32 15 44 2
383 41.15 16.87 39.16 245.58 15 37 2
384 40.39 69.86 46.53 232.34 21 41 1
385 87.71 85.17 36.49 288.55 8 12 2
386 72.03 96.25 34.28 145.84 8 17 2
387 34.24 34.80 34.97 348.87 16 39 1
388 46.07 16.76 33.80 263.66 22 44 2
389 94.96 47.60 3.18 166.35 10 16 2
390 89.38 73.25 7.23 406.07 10 28 1
391 77.45 68.35 13.46 88.85 14 24 2
392 31.84 43.90 12.66 222.16 21 47 1
393 88.42 62.90 30.18 279.65 19 31 1
394 55.91 0.85 2.09 402.79 12 40 1
395 19.70 29.44 41.81 445.00 21 28 2
396 85.06 3.53 34.38 368.59 9 19 2
397 76.86 74.29 49.07 108.89 3 27 2
398 92.39 9.72 39.89 265.61 1 45 2
399 25.81 66.40 33.20 298.02 6 8 1
400 27.37 49.22 46.63 409.28 17 46 2
1 110.82 4641.31 1
2 131.14 2876.65 2
1 1.66 37.12 2
2 1.09 40.41 2
3 1.82 43.99 1
4 1.17 29.78 1
5 1.35 31.09 2
