Data for Vehicle routing problem with drones - Author: Huyen Do Thi Ngoc
Number of depots: 5
Number of cities: 400
Number of trucks: 6
Number of drones: 14
Area: 100 100 50
Customer maximum demand: 500
Max capacity of truck: 200
Max energy of truck: 5000
Max capacity of drone: 2
Max energy of drone: 50
1 51.39 31.75 43.79
2 24.38 25.95 33.71
3 33.47 60.92 20.43
4 98.17 0.82 18.20
5 67.58 27.62 39.58
1 7.47 37.85 17.48 297.68 23 37 3
2 67.95 36.53 13.18 278.06 4 12 2
3 25.93 18.63 48.01 230.59 13 35 4
4 96.12 71.20 18.14 297.77 20 21 2
5 72.62 74.26 34.71 388.21 8 9 3
6 79.22 78.13 40.66 172.62 22 24 4
7 87.65 12.71 30.33 188.44 5 27 4
8 93.57 50.39 45.77 450.15 13 43 3
9 77.62 30.10 10.97 122.75 17 48 2
10 34.40 16.66 16.95 259.82 17 27 4
11 72.68 1.90 33.15 234.27 8 46 5
12 78.52 22.40 41.47 474.01 8 31 2
13 10.67 39.48 35.08 237.27 18 24 3
14 55.17 86.75 24.66 172.54 6 42 1
15 48.85 71.81 6.93 478.15 9 29 5
16 91.38 43.10 34.78 447.99 7 20 5
17 37.38 84.22 12.49 421.67 6 30 4
18 48.27 9.10 36.01 102.82 9 29 3
19 19.75 66.30 0.39 93.07 24 31 4
20 54.60 82.78 30.29 287.87 17 17 3
21 41.99 6.40 24.71 173.37 3 23 3
22 83.15 25.58 35.64 436.87 12 29 1
23 94.92 26.93 33.60 193.11 20 47 3
24 45.25 6.82 11.52 277.27 12 29 2
25 32.03 21.20 7.60 258.41 0 29 3
26 34.76 65.98 20.23 68.55 18 27 1
27 81.87 48.87 40.68 375.68 17 22 3
28 2.66 10.12 49.56 125.40 17 43 5
29 41.92 82.82 4.16 101.81 9 43 3
30 66.62 37.09 16.96 188.60 11 48 3
31 62.23 99.67 37.64 149.80 14 26 5
32 65.60 59.59 38.28 450.88 4 12 5
33 51.13 13.42 17.40 450.06 12 34 1
34 56.34 45.73 12.00 403.23 13 25 1
35 40.12 16.04 49.49 190.39 15 44 3
36 16.10 65.39 38.84 261.39 17 45 3
37 6.97 38.00 41.10 183.97 12 41 4
38 86.96 35.11 43.48 415.11 18 27 4
39 83.75 81.01 8.81 367.67 15 30 1
40 11.28 78.85 38.51 386.57 11 37 1
41 19.67 77.30 3.04 322.00 2 12 2
42 24.30 29.59 22.70 446.56 13 33 4
43 38.19 26.55 8.51 214.35 1 12 3
44 39.08 43.88 40.36 177.90 20 22 3
45 72.38 62.17 43.53 165.02 4 41 2
46 77.56 33.69 17.12 454.01 24 46 5
47 89.77 95.34 23.00 448.07 11 15 2
48 92.08 70.24 10.31 335.10 23 23 1
49 97.31 4.41 5.64 184.57 2 9 3
50 21.60 36.34 34.55 474.04 2 45 2
51 4.55 43.86 13.79 153.54 2 38 5
52 92.92 40.42 43.12 316.75 22 43 4
53 18.22 58.86 19.00 152.98 18 22 5
54 34.75 87.24 42.48 304.53 23 28 2
55 84.97 68.93 2.97 203.75 16 29 2
56 42.47 37.91 33.79 335.67 19 45 4
57 40.07 52.55 46.88 170.42 7 29 4
58 84.83 56.68 32.51 381.39 17 25 3
59 94.99 50.90 22.36 325.52 13 13 2
60 1.52 40.00 41.21 147.30 15 33 2
61 16.00 42.74 13.32 174.46 13 34 2
62 4.33 76.31 27.70 71.94 21 30 3
63 44.39 36.30 32.62 252.60 6 8 4
64 72.22 34.57 11.20 410.96 10 16 3
65 21.91 92.69 44.83 107.84 12 37 1
66 22.72 60.68 15.42 298.24 22 42 5
67 47.76 37.95 23.11 96.19 14 40 2
68 83.48 46.37 24.55 201.84 19 47 1
69 97.37 29.86 26.88 436.59 23 38 1
70 35.30 0.35 47.86 421.45 9 38 5
71 50.60 60.71 44.35 320.01 8 29 4
72 75.48 60.39 31.86 379.18 21 31 4
73 66.14 99.40 20.29 69.39 13 44 5
74 69.28 67.92 0.49 198.41 12 13 3
75 87.57 98.96 32.63 219.98 12 48 1
76 41.90 69.22 43.01 376.62 15 47 5
77 17.74 61.72 2.74 266.98 23 37 1
78 53.74 50.01 17.94 189.14 3 10 4
79 40.19 68.51 35.68 484.28 11 25 3
80 8.12 22.32 13.46 287.50 23 30 4
81 86.71 32.24 21.72 227.14 11 45 2
82 96.80 36.26 3.84 424.26 2 32 2
83 45.05 95.16 11.52 50.09 11 15 5
84 88.84 57.89 26.27 145.50 3 15 2
85 63.13 14.96 3.04 407.62 21 29 1
86 62.16 9.89 18.31 303.49 9 28 3
87 98.77 30.42 8.21 157.91 0 3 3
88 57.53 77.63 33.00 374.98 6 27 4
89 96.13 46.54 3.30 327.75 3 42 2
90 20.51 29.18 30.52 91.10 2 16 4
91 30.38 47.55 34.05 225.05 11 41 2
92 32.83 59.97 42.69 362.87 0 21 4
93 73.84 9.19 24.30 320.51 9 19 3
94 31.98 89.44 18.00 236.34 2 5 3
95 30.95 84.97 31.12 162.31 6 26 5
96 92.23 7.40 13.33 497.89 13 34 5
97 44.99 32.79 34.56 493.62 14 18 1
98 65.01 27.08 1.26 162.99 5 43 3
99 3.33 57.57 18.09 499.67 1 5 1
100 50.27 68.97 22.93 388.87 5 41 2
101 86.91 2.44 44.46 320.34 9 38 4
102 53.46 50.56 18.67 496.46 16 32 4
103 48.13 39.61 45.31 97.42 15 48 1
104 80.88 81.65 6.01 81.12 11 31 4
105 7.10 57.75 47.14 142.13 9 17 5
106 74.71 95.50 10.15 353.35 21 32 3
107 15.96 62.66 16.71 327.74 2 9 3
108 80.38 56.32 10.75 399.15 0 11 5
109 95.20 42.72 42.17 461.43 10 18 4
110 30.47 35.62 18.22 84.40 11 24 3
111 79.97 50.68 9.83 373.25 23 42 3
112 39.54 68.23 29.05 225.35 23 41 1
113 22.19 59.87 5.08 104.78 17 43 4
114 96.27 13.01 21.53 238.93 4 33 5
115 25.69 17.47 30.33 98.28 20 24 4
116 83.76 65.94 33.19 407.93 14 26 4
117 32.78 26.91 17.52 367.88 24 31 5
118 33.23 68.58 47.84 156.22 18 25 4
119 72.40 20.39 33.23 331.80 21 37 3
120 35.57 79.54 17.58 106.81 1 26 3
121 92.91 17.38 36.25 105.03 4 41 2
122 64.53 77.57 34.26 234.16 2 15 3
123 11.22 44.58 45.56 283.01 10 19 4
124 98.96 9.58 20.60 403.81 15 25 4
125 67.68 55.34 28.85 381.95 9 40 3
126 6.25 65.75 24.03 471.54 24 47 5
127 34.07 76.74 36.90 382.39 11 21 1
128 30.55 5.05 0.51 154.01 24 33 4
129 84.04 56.94 26.48 204.60 3 24 5
130 59.77 6.60 22.82 441.40 10 21 2
131 49.48 85.71 38.26 388.89 7 38 5
132 47.99 9.42 24.56 437.38 15 38 4
133 8.49 68.90 20.35 269.53 7 29 3
134 96.49 71.48 40.04 155.74 21 46 5
135 88.49 19.64 24.58 477.99 18 18 2
136 25.98 49.36 39.23 93.25 2 2 2
137 22.24 67.03 45.67 228.86 12 46 1
138 20.05 5.73 47.23 412.25 14 42 4
139 43.03 20.14 24.31 415.09 12 43 4
140 84.57 72.33 14.85 438.66 5 34 3
141 63.59 5.03 13.03 384.00 16 30 2
142 89.75 16.73 22.65 161.60 20 22 4
143 28.66 88.04 41.52 341.43 7 47 4
144 18.35 60.93 44.13 380.34 6 37 5
145 70.80 84.11 29.25 423.26 15 16 1
146 96.80 66.93 37.85 392.85 14 34 4
147 30.95 81.99 10.37 481.89 0 17 4
148 0.54 8.12 21.72 341.13 13 37 5
149 87.99 51.79 13.20 83.01 20 41 4
150 61.68 91.34 16.76 399.94 20 25 3
151 52.22 11.13 2.21 66.76 24 46 5
152 61.81 15.93 8.61 118.05 10 18 4
153 60.11 61.57 12.95 121.06 2 9 3
154 20.91 31.46 37.09 382.26 10 24 4
155 98.21 53.55 19.05 243.32 9 24 4
156 32.03 12.95 3.24 323.12 16 20 4
157 77.65 57.68 7.54 463.34 15 17 3
158 80.59 4.77 17.43 386.28 24 29 3
159 69.04 99.39 3.10 309.02 14 25 4
160 28.52 31.85 36.60 433.47 5 22 1
161 30.11 88.11 45.90 437.38 7 35 1
162 76.90 35.97 31.39 472.00 3 38 3
163 49.38 37.74 8.93 202.91 15 48 2
164 50.03 90.71 1.16 162.61 20 24 2
165 20.94 2.06 46.94 272.61 6 9 1
166 68.19 7.54 33.22 394.33 21 22 4
167 78.88 32.75 0.56 161.33 23 45 4
168 88.24 27.92 27.24 489.00 0 13 3
169 8.30 11.07 3.91 463.85 3 7 2
170 89.67 17.22 24.46 190.90 15 34 1
171 55.43 20.36 3.08 189.90 14 21 5
172 64.06 23.29 1.75 355.98 13 33 1
173 40.74 62.94 27.55 333.32 9 33 4
174 42.62 59.53 22.44 454.31 15 35 5
175 76.46 84.99 19.06 397.90 17 26 3
176 17.51 28.50 13.65 183.71 4 33 3
177 94.99 46.34 30.19 490.10 17 28 4
178 14.12 75.35 4.44 351.17 21 46 5
179 83.41 78.95 17.21 443.42 19 41 5
180 49.12 93.35 24.66 437.10 19 21 1
181 93.04 55.94 3.22 107.10 19 25 1
182 25.37 38.28 41.58 337.88 6 34 1
183 43.74 56.53 30.57 432.74 15 48 2
184 75.11 17.18 49.76 347.44 12 36 3
185 45.60 95.98 24.67 68.07 7 26 4
186 53.67 24.96 24.60 347.62 0 9 4
187 61.73 73.61 16.68 439.35 1 19 5
188 8.24 9.09 40.75 143.25 0 35 4
189 34.29 59.12 45.78 399.86 3 42 5
190 48.20 35.70 37.48 117.84 10 10 2
191 5.23 3.89 33.13 105.00 9 23 4
192 43.98 33.67 24.24 269.62 22 31 2
193 23.15 68.27 22.51 324.94 21 35 1
194 53.01 65.14 11.39 389.98 20 46 5
195 53.19 5.96 49.29 226.18 24 24 1
196 75.74 81.48 18.33 419.09 9 32 1
197 62.16 70.58 45.06 462.66 22 37 5
198 37.55 26.89 15.16 477.72 3 17 1
199 11.48 62.93 36.67 434.59 4 8 2
200 45.15 61.42 33.88 195.52 21 30 3
201 20.96 40.94 7.13 307.97 10 48 3
202 20.67 91.96 31.61 389.52 21 22 4
203 3.83 95.35 49.33 217.91 1 11 4
204 90.30 14.51 26.72 104.07 7 23 3
205 20.84 42.39 0.15 334.11 16 36 4
206 89.10 70.48 31.65 364.01 16 30 3
207 57.84 86.27 26.62 277.79 22 38 1
208 68.97 90.65 29.71 378.74 17 43 5
209 32.88 55.37 41.25 113.16 3 46 4
210 8.87 0.94 45.93 449.00 1 19 4
211 56.18 84.86 47.00 249.63 6 6 3
212 14.66 60.43 11.74 278.41 5 37 2
213 28.30 22.22 7.30 266.23 17 35 5
214 91.19 17.50 6.53 155.53 13 36 3
215 89.73 7.10 37.60 94.44 20 47 1
216 93.25 48.07 44.00 315.12 8 13 5
217 4.19 35.20 22.28 122.54 8 23 5
218 10.98 18.52 23.80 469.39 0 20 3
219 82.36 33.30 33.45 99.47 21 25 5
220 74.02 39.78 33.90 184.63 5 29 5
221 1.44 46.39 14.32 108.82 3 14 3
222 82.97 47.63 29.30 170.61 13 18 3
223 68.64 83.98 15.09 302.92 8 48 4
224 99.80 41.14 4.67 110.05 22 35 5
225 70.05 2.61 6.94 190.07 11 40 3
226 25.39 26.99 45.79 446.82 12 20 1
227 28.30 57.57 2.61 282.72 16 29 4
228 8.80 78.76 39.75 425.79 14 36 1
229 94.24 94.65 48.20 262.88 21 38 2
230 25.78 52.86 12.87 223.71 11 40 3
231 64.99 14.32 28.45 415.90 24 34 2
232 17.05 39.93 48.09 284.32 20 25 3
233 37.85 85.37 12.69 346.58 2 27 3
234 63.23 24.84 47.54 229.31 23 41 4
235 31.74 52.85 31.82 499.13 0 13 2
236 97.05 6.71 41.85 389.81 15 28 5
237 94.16 57.89 38.25 371.05 21 46 4
238 48.05 98.56 25.07 108.15 24 33 4
239 61.23 16.65 43.12 187.14 17 45 1
240 44.83 17.82 49.55 273.66 2 6 4
241 21.31 64.43 0.69 446.92 22 35 1
242 80.35 25.26 32.79 408.85 12 14 3
243 43.67 71.54 3.41 103.81 1 29 3
244 56.57 80.30 28.90 91.56 2 13 2
245 36.84 16.67 48.19 314.67 16 38 3
246 91.42 45.74 41.33 294.77 24 26 4
247 46.78 25.80 38.21 71.19 12 42 3
248 14.50 6.40 35.14 374.94 4 26 3
249 18.90 23.68 22.90 469.35 23 34 2
250 11.88 62.05 46.27 420.29 22 43 4
251 15.83 64.69 48.48 55.65 6 39 5
252 19.78 80.90 21.91 84.42 7 23 1
253 3.51 79.91 42.57 79.89 9 38 3
254 62.57 96.09 37.08 142.94 2 41 1
255 92.51 92.56 12.98 131.31 15 21 3
256 72.96 18.25 41.08 79.20 16 42 1
257 8.82 75.33 15.49 353.71 5 43 3
258 6.83 81.18 43.60 363.40 4 46 4
259 59.18 16.92 39.44 366.95 6 9 3
260 55.15 35.71 37.16 442.23 18 26 1
261 16.47 85.27 6.69 140.62 6 41 5
262 84.63 99.91 29.12 255.11 17 30 3
263 88.40 84.24 33.76 421.12 0 40 4
264 76.26 16.55 19.39 343.00 18 21 1
265 59.10 49.69 29.94 485.69 13 47 4
266 35.67 45.91 0.47 404.63 10 11 1
267 78.77 55.18 14.92 464.16 13 32 1
268 37.35 75.21 14.96 123.30 17 18 1
269 58.07 41.70 28.60 220.00 20 48 2
270 78.36 13.26 14.63 428.48 22 24 4
271 57.65 89.71 24.39 83.13 10 30 5
272 99.37 67.22 17.93 469.83 10 18 5
273 6.87 76.55 27.84 344.73 1 10 5
274 73.10 47.82 9.95 58.70 19 33 1
275 46.22 9.04 32.41 355.12 4 32 3
276 62.20 99.05 12.30 479.87 20 33 5
277 89.90 26.35 33.51 494.72 3 23 2
278 96.89 35.78 13.43 389.35 9 37 1
279 10.46 23.24 38.94 200.07 13 21 5
280 98.45 41.19 46.78 493.46 5 30 1
281 27.88 37.60 9.17 111.12 16 26 1
282 46.39 78.72 45.75 333.53 9 35 2
283 12.40 80.69 26.67 122.91 24 30 5
284 3.76 66.21 31.78 318.79 22 23 1
285 97.64 84.37 1.73 237.20 11 48 5
286 39.38 16.44 47.02 461.04 22 23 5
287 43.24 36.94 46.70 381.73 1 32 3
288 20.36 9.90 45.46 300.38 6 31 3
289 95.21 73.05 1.42 182.93 15 21 3
290 49.44 85.01 14.82 416.22 24 47 4
291 35.88 47.86 24.85 201.57 9 32 5
292 67.86 28.04 12.68 267.38 24 31 4
293 47.15 44.09 45.76 102.88 5 36 2
294 71.88 65.33 41.64 157.84 24 37 2
295 11.98 55.45 17.19 364.73 6 41 2
296 10.49 70.09 38.99 144.68 16 48 3
297 22.91 20.17 45.85 165.61 11 38 4
298 25.73 61.60 24.97 300.75 13 28 5
299 49.87 79.91 30.87 264.40 14 21 4
300 1.55 64.79 38.71 466.40 19 45 2
301 23.02 16.72 42.92 381.95 17 42 1
302 79.57 24.43 25.69 363.64 0 33 3
303 0.14 48.20 26.73 246.53 4 29 1
304 44.42 15.40 4.07 473.93 12 25 1
305 12.21 89.81 21.78 364.07 10 40 3
306 45.15 3.52 31.62 121.39 3 17 4
307 85.13 22.06 20.65 96.10 9 46 2
308 36.68 61.15 6.11 295.91 13 14 5
309 30.41 32.29 9.20 364.40 18 31 1
310 23.66 79.60 31.31 240.89 18 28 1
311 77.33 85.26 15.33 214.99 16 40 3
312 4.69 63.94 40.51 481.45 16 36 2
313 34.58 44.80 15.79 210.82 19 30 1
314 70.20 57.96 20.73 485.11 10 47 4
315 5.70 43.63 23.45 205.89 8 26 4
316 58.11 55.57 38.79 180.36 8 9 4
317 18.59 93.65 38.61 202.26 16 30 3
318 7.58 82.40 21.97 64.98 17 24 2
319 74.75 46.25 45.84 140.61 1 48 2
320 50.36 37.05 28.20 82.38 0 2 2
321 70.14 42.61 3.50 381.00 0 45 3
322 33.31 54.58 23.95 258.96 12 19 5
323 37.66 3.51 35.87 248.20 5 44 5
324 93.60 84.59 4.32 154.05 0 1 2
325 82.84 12.24 45.21 165.17 13 23 4
326 63.02 77.97 31.65 434.72 13 17 1
327 37.36 22.91 26.08 108.06 22 36 4
328 84.98 80.88 29.06 361.21 3 41 1
329 66.36 47.96 35.26 86.75 20 26 1
330 35.63 87.50 26.32 457.79 10 23 4
331 43.40 59.63 24.25 204.67 6 46 4
332 32.80 98.64 21.89 142.22 9 24 2
333 65.61 67.31 6.74 244.68 5 28 2
334 34.01 81.82 38.15 489.63 15 44 2
335 54.37 80.77 32.28 367.33 7 25 3
336 1.71 32.03 33.58 428.40 10 27 4
337 44.83 49.84 6.74 174.88 12 31 4
338 73.15 54.74 20.36 375.02 13 29 2
339 73.84 98.06 48.40 344.64 1 5 4
340 36.69 53.12 25.61 97.24 3 33 4
341 61.93 40.62 25.23 358.05 18 27 3
342 35.10 54.41 25.71 376.88 17 40 4
343 61.62 33.69 44.69 251.58 16 39 1
344 15.20 81.76 23.60 66.98 0 36 2
345 20.92 33.10 22.75 190.70 13 33 1
346 46.83 3.89 38.19 484.29 5 29 4
347 12.87 96.23 8.73 283.26 3 26 5
348 67.87 65.60 37.32 355.61 20 42 3
349 28.39 36.04 10.21 404.46 8 30 3
350 76.27 28.52 23.76 172.29 9 20 5
351 8.14 30.58 20.97 153.93 12 15 2
352 80.53 77.89 32.05 457.99 11 18 2
353 37.96 25.41 33.95 371.87 19 20 4
354 81.23 79.15 36.72 338.44 24 30 1
355 50.73 60.55 38.16 309.29 14 23 1
356 69.26 68.76 17.94 179.55 5 25 3
357 69.22 71.41 6.44 352.69 23 48 5
358 48.21 47.00 28.29 341.53 13 18 5
359 62.80 83.37 43.36 459.89 0 37 3
360 83.64 69.10 19.00 185.23 16 36 1
361 44.37 73.39 43.91 261.76 1 38 1
362 1.34 98.52 34.33 478.40 22 38 4
363 53.89 37.07 39.95 326.39 17 32 2
364 59.40 24.27 35.80 199.94 2 28 5
365 13.06 56.16 34.35 389.39 9 9 3
366 28.45 93.65 25.42 52.61 23 36 2
367 61.33 60.64 18.07 442.05 13 29 4
368 12.49 10.70 36.79 476.00 12 35 3
369 73.10 61.37 44.97 254.01 13 18 5
370 46.23 14.35 45.49 82.49 11 35 2
371 63.67 12.41 24.75 194.86 20 20 3
372 81.53 66.55 27.06 94.13 12 17 3
373 63.16 63.28 31.20 203.25 12 39 5
374 18.51 57.12 34.98 415.01 0 15 2
375 9.86 62.93 4.96 195.13 4 12 1
376 46.94 49.40 20.30 278.41 19 34 1
377 37.89 82.81 14.73 389.57 14 14 2
378 35.27 87.42 41.59 292.44 14 14 4
379 78.08 35.75 15.73 88.18 0 10 3
380 6.74 92.66 14.34 282.20 24 25 5
381 54.46 75.32 49.21 289.06 10 27 4
382 59.56 92.10 13.83 207.14 8 32 5
383 74.87 36.63 27.65 321.69 7 31 3
384 48.99 75.71 20.86 249.36 6 22 3
385 46.71 92.75 25.76 245.91 11 47 4
386 56.78 61.63 10.62 419.57 15 47 3
387 15.32 58.58 43.68 486.49 8 41 5
388 11.11 47.53 42.45 146.36 3 15 3
389 28.43 30.13 10.29 272.99 2 18 4
390 16.32 26.43 27.69 451.00 16 20 1
391 32.18 94.02 7.85 76.06 9 10 5
392 12.07 80.66 3.94 58.40 2 7 3
393 67.11 39.20 38.22 387.84 6 24 1
394 91.72 47.33 37.93 171.58 22 28 5
395 58.22 90.81 30.99 495.89 4 21 1
396 57.69 43.70 8.02 295.77 8 9 4
397 86.62 76.71 25.60 112.39 23 24 1
398 43.77 99.94 11.06 81.09 19 38 3
399 46.49 78.84 5.56 213.13 11 44 1
400 91.53 94.71 32.81 61.86 5 6 2
1 176.42 4208.73 1
2 179.79 3008.53 2
3 116.57 4199.18 3
4 176.89 3029.62 4
5 106.54 4118.76 5
6 110.60 2778.69 2
1 1.50 45.02 3
2 1.14 37.23 6
3 1.67 29.83 1
4 1.66 38.73 1
5 1.22 40.80 5
6 1.74 30.98 4
7 1.22 37.28 4
8 1.90 38.05 2
9 1.05 25.32 1
10 1.54 45.32 4
11 1.87 42.59 4
12 1.85 40.76 6
13 1.69 28.75 1
14 1.75 47.38 3
