Data for Vehicle routing problem with drones - Author: Huyen Do Thi Ngoc
Number of depots: 2
Number of cities: 100
Number of trucks: 7
Number of drones: 8
Area: 100 100 50
Customer maximum demand: 500
Max capacity of truck: 200
Max energy of truck: 5000
Max capacity of drone: 2
Max energy of drone: 50
1 16.19 39.13 35.80
2 24.51 81.37 5.83
1 60.12 57.60 23.72 339.62 9 45 2
2 91.94 8.58 26.30 172.34 15 26 2
3 53.90 50.91 19.18 108.39 17 45 1
4 8.63 36.95 16.23 294.81 6 10 2
5 24.86 19.28 44.52 349.79 18 29 1
6 74.59 55.05 28.21 425.91 22 33 2
7 10.95 52.80 34.55 198.03 14 45 1
8 60.83 2.42 29.88 296.80 1 32 1
9 94.02 8.25 8.49 52.33 9 37 1
10 24.50 36.06 11.55 296.41 23 32 1
11 82.24 97.49 0.58 193.58 21 42 1
12 28.57 59.27 11.96 102.87 1 27 2
13 32.01 26.31 43.75 470.60 14 32 1
14 3.90 27.32 39.54 330.47 11 31 1
15 31.67 97.27 34.40 88.79 18 31 2
16 24.57 14.67 27.24 412.42 5 33 1
17 16.15 34.01 31.59 468.78 20 44 2
18 1.32 82.84 44.21 332.81 18 38 1
19 81.21 83.76 12.35 237.51 0 35 1
20 36.25 92.70 24.80 313.33 14 37 1
21 77.36 77.64 39.38 453.03 2 23 2
22 82.84 24.34 41.97 324.42 6 38 2
23 59.84 95.45 35.38 213.57 24 46 1
24 68.34 11.64 26.15 120.95 1 45 1
25 68.30 35.68 3.74 422.95 13 29 1
26 7.27 42.86 38.75 326.44 14 24 2
27 9.33 26.30 44.95 472.67 9 34 1
28 89.94 57.40 21.33 204.95 14 46 2
29 16.01 15.31 1.36 200.19 8 17 1
30 93.54 8.00 3.95 253.04 19 23 2
31 72.32 76.92 23.14 68.04 2 48 2
32 26.35 72.20 31.93 155.85 18 32 1
33 78.09 26.94 17.10 464.79 7 18 1
34 18.90 47.30 18.80 415.51 4 17 2
35 19.22 63.82 17.91 356.72 18 24 2
36 87.85 8.87 45.84 278.69 17 24 2
37 92.39 79.30 39.36 390.91 20 44 2
38 50.98 32.42 19.32 239.91 8 17 1
39 49.85 41.02 27.00 342.94 18 32 1
40 7.40 93.56 16.93 169.00 4 19 2
41 48.94 74.89 29.18 393.66 4 4 1
42 82.11 3.92 18.25 144.31 0 22 2
43 78.40 99.95 49.16 200.55 13 40 2
44 39.53 1.91 22.49 334.31 7 33 2
45 53.25 28.59 7.62 82.09 9 34 2
46 24.21 29.94 12.93 218.01 12 16 1
47 61.52 66.79 37.97 162.38 23 28 2
48 71.61 70.81 15.52 315.75 10 47 2
49 8.73 41.21 28.29 217.15 22 25 1
50 84.33 16.47 47.98 457.47 15 18 1
51 58.31 68.70 48.66 339.72 15 22 2
52 1.40 60.16 1.99 124.98 3 13 2
53 71.78 87.03 0.45 483.06 2 3 2
54 1.67 6.58 4.37 153.21 21 42 1
55 85.65 70.10 17.97 494.58 4 19 1
56 62.42 77.59 22.80 55.50 24 28 1
57 6.23 85.34 30.73 415.95 9 27 1
58 41.16 92.25 12.13 288.26 21 29 2
59 33.71 50.92 43.13 340.17 1 1 1
60 53.46 1.06 21.89 274.23 14 33 2
61 86.62 46.38 30.53 460.83 6 40 2
62 58.79 10.09 3.97 154.23 12 47 2
63 25.21 10.62 24.72 304.82 14 23 2
64 79.81 28.01 4.96 497.25 18 24 1
65 79.71 27.16 46.36 415.00 8 30 2
66 16.40 81.15 47.17 188.60 14 19 1
67 97.88 39.71 16.80 186.96 12 34 2
68 28.71 78.27 1.66 314.88 21 39 2
69 9.16 23.29 46.27 275.58 17 44 2
70 39.58 32.48 19.24 474.58 19 29 1
71 98.62 68.23 8.00 395.46 5 29 2
72 27.03 54.87 18.77 138.37 8 13 1
73 9.95 90.83 24.68 270.30 10 44 1
74 30.14 29.28 10.45 324.65 13 22 2
75 44.48 17.34 44.28 157.91 9 44 2
76 84.25 13.44 16.31 159.83 11 35 2
77 93.81 40.85 34.83 486.67 6 44 2
78 44.97 68.76 19.93 348.29 12 47 2
79 82.91 39.71 34.43 202.04 6 21 2
80 33.97 78.43 7.11 474.64 5 5 2
81 42.07 11.23 18.42 286.39 0 45 1
82 66.34 68.48 38.73 78.40 20 33 2
83 54.37 29.65 17.13 370.07 23 45 2
84 37.32 69.98 32.46 163.79 14 16 2
85 74.32 63.25 20.57 498.25 6 40 2
86 52.66 11.61 35.30 397.87 10 18 1
87 74.43 17.63 36.47 352.64 3 37 2
88 12.05 45.84 17.64 329.17 13 20 2
89 54.68 88.13 24.38 432.91 9 38 2
90 74.48 88.17 40.06 241.29 11 44 2
91 23.58 86.83 13.51 91.57 22 34 2
92 43.25 48.44 47.82 104.82 24 35 2
93 63.10 36.86 39.06 402.66 18 40 2
94 15.16 39.80 31.21 378.65 7 47 2
95 50.75 7.31 37.55 338.83 7 18 1
96 61.23 56.50 20.59 180.95 23 29 2
97 16.70 91.37 35.56 378.72 14 24 1
98 14.38 79.43 15.65 180.70 12 16 1
99 11.93 85.45 39.48 165.87 10 27 2
100 56.37 71.48 32.76 100.87 13 35 1
1 112.56 3144.33 1
2 172.41 4396.47 2
3 119.78 4077.41 1
4 101.95 4424.14 2
5 174.24 3335.18 1
6 131.65 3771.92 2
7 139.58 2681.75 2
1 1.81 41.68 3
2 1.81 41.10 4
3 1.43 39.04 4
4 1.92 44.15 2
5 1.51 30.59 4
6 1.39 45.14 2
7 2.00 46.11 3
8 1.06 42.03 6
