Data for Vehicle routing problem with drones - Author: Huyen Do Thi Ngoc
Number of depots: 1
Number of cities: 100
Number of trucks: 5
Number of drones: 7
Area: 100 100 50
Customer maximum demand: 500
Max capacity of truck: 200
Max energy of truck: 5000
Max capacity of drone: 2
Max energy of drone: 50
1 48.20 32.03 21.21
1 78.14 59.27 21.07 388.08 21 44 1
2 1.58 1.34 5.64 265.57 12 34 1
3 56.44 39.25 14.22 136.13 18 40 1
4 61.34 52.63 5.96 52.02 21 24 1
5 74.99 87.63 43.81 137.81 17 30 1
6 40.40 6.40 28.53 192.67 9 16 1
7 93.36 78.10 18.14 83.87 20 24 1
8 67.91 57.14 29.76 69.45 9 20 1
9 11.16 3.98 23.59 310.01 23 42 1
10 24.21 13.46 11.60 151.58 22 34 1
11 50.79 47.24 43.35 409.35 5 11 1
12 70.78 49.88 46.01 257.49 24 27 1
13 81.60 63.83 9.62 131.23 7 31 1
14 32.15 26.01 40.30 385.49 6 22 1
15 56.61 89.67 7.53 337.74 20 44 1
16 47.87 31.72 46.90 352.97 11 21 1
17 3.36 84.41 4.03 478.09 4 32 1
18 56.41 71.82 32.72 89.88 15 24 1
19 8.27 73.91 9.74 74.96 1 23 1
20 54.70 14.56 20.90 361.05 19 24 1
21 40.91 78.75 45.49 99.58 4 12 1
22 97.89 53.42 36.24 73.60 3 42 1
23 42.08 5.17 0.09 159.20 7 44 1
24 57.55 16.06 12.90 321.78 12 15 1
25 36.65 80.17 5.94 153.55 23 30 1
26 73.48 56.39 31.31 303.07 22 22 1
27 89.63 85.06 44.87 75.13 22 42 1
28 62.50 19.78 16.04 202.91 12 42 1
29 14.17 35.69 22.64 472.58 24 25 1
30 14.99 86.70 47.94 425.51 14 28 1
31 4.40 93.34 23.05 490.35 1 16 1
32 47.69 55.81 6.05 171.80 8 22 1
33 73.22 26.05 16.14 108.78 13 44 1
34 39.44 74.38 35.41 143.20 23 29 1
35 48.99 75.84 37.55 53.18 16 44 1
36 94.70 4.37 27.68 66.13 12 36 1
37 60.46 51.18 39.27 233.16 1 18 1
38 82.39 53.14 28.58 278.99 16 33 1
39 9.99 31.30 44.10 364.51 16 25 1
40 61.43 2.10 11.57 477.12 13 40 1
41 32.03 86.20 39.65 474.75 11 37 1
42 77.06 66.21 14.71 440.48 22 46 1
43 53.21 25.42 46.61 370.38 21 23 1
44 36.64 99.46 31.53 242.56 10 20 1
45 42.44 82.93 34.59 489.55 1 7 1
46 78.91 41.85 21.63 474.89 15 46 1
47 76.95 83.28 35.48 310.90 3 40 1
48 18.18 4.34 13.88 198.04 11 26 1
49 11.28 53.90 7.97 405.16 8 34 1
50 99.05 30.70 9.72 499.81 0 31 1
51 57.49 67.22 12.75 144.46 24 37 1
52 42.14 72.47 7.54 83.27 4 23 1
53 29.16 53.49 41.57 441.77 1 37 1
54 2.76 12.90 15.69 357.28 11 40 1
55 1.38 47.97 6.85 434.92 17 34 1
56 76.41 8.50 21.87 122.63 3 30 1
57 99.39 68.39 47.33 355.51 9 37 1
58 45.58 46.85 4.13 267.43 12 16 1
59 50.61 1.38 44.42 164.63 0 34 1
60 18.86 81.38 28.45 290.24 20 25 1
61 89.05 15.52 27.15 491.83 8 39 1
62 84.10 6.55 36.00 197.56 18 28 1
63 5.85 13.12 39.57 284.58 18 28 1
64 82.68 96.85 2.60 94.54 5 34 1
65 66.65 95.35 35.89 452.23 1 37 1
66 28.43 8.07 25.50 65.29 4 13 1
67 96.60 37.39 43.52 302.65 6 7 1
68 39.11 9.71 13.38 259.26 8 26 1
69 30.36 26.19 38.70 195.09 2 31 1
70 74.55 21.37 9.08 94.33 10 31 1
71 37.43 54.99 48.05 386.76 18 38 1
72 3.48 11.54 20.58 335.19 24 42 1
73 85.85 49.76 10.86 82.39 15 30 1
74 19.24 21.44 44.53 195.56 21 32 1
75 9.21 12.82 21.17 59.12 0 7 1
76 2.26 36.63 6.73 181.80 4 40 1
77 82.28 25.37 29.50 87.68 3 34 1
78 82.05 98.74 15.33 417.92 2 3 1
79 46.63 20.19 34.14 193.87 10 48 1
80 22.32 28.74 33.35 170.36 2 20 1
81 61.30 53.45 30.51 291.85 1 18 1
82 98.17 61.78 39.37 380.79 10 30 1
83 54.04 64.55 13.19 155.30 18 36 1
84 97.79 40.97 19.75 384.72 3 41 1
85 74.83 30.58 19.15 478.14 6 41 1
86 83.87 31.21 33.70 176.75 7 12 1
87 34.32 14.94 20.13 301.77 14 17 1
88 70.73 15.16 47.26 437.20 8 9 1
89 87.21 28.40 11.56 235.41 13 27 1
90 84.42 38.89 34.46 139.25 12 30 1
91 71.96 10.14 40.20 278.21 0 16 1
92 56.99 32.89 35.31 404.83 3 18 1
93 17.71 52.74 49.00 432.13 20 41 1
94 30.97 86.76 47.22 320.43 4 34 1
95 59.70 43.61 37.21 342.86 4 13 1
96 33.42 17.34 23.47 363.52 5 6 1
97 69.50 21.24 39.62 99.32 18 21 1
98 4.16 7.23 47.83 164.06 19 24 1
99 17.35 32.53 47.25 85.73 23 33 1
100 76.04 65.25 38.06 278.38 14 23 1
1 186.75 3813.91 1
2 140.58 2708.50 1
3 193.65 3943.60 1
4 178.54 3799.84 1
5 154.10 4500.98 1
1 1.36 36.27 4
2 1.80 38.80 1
3 1.20 30.18 2
4 1.51 45.93 4
5 1.55 42.01 5
6 1.70 28.89 5
7 1.84 39.01 2
